     Sno,DISTRICT,DT_CEN_CD,ST_CEN_CD,ST_NM,date,mean
0,Lakshadweep,1,31,Lakshadweep,01-01-2010,15078.53794
1,Chandigarh,1,4,Chandigarh,01-01-2010,14616.60032
2,Dadra & Nagar Haveli,1,26,Dadara & Nagar Havelli,01-01-2010,15230.82283
3,Data Not Available,99,99,Jammu and Kashmir,01-01-2010,13181.65623
4,Srinagar,3,1,Jammu and Kashmir,01-01-2010,13584.6259
5,Udhampur,10,1,Jammu and Kashmir,01-01-2010,14318.10296
6,Anantnag,6,1,Jammu and Kashmir,01-01-2010,13623.17042
7,Badgam,4,1,Jammu and Kashmir,01-01-2010,13816.86559
8,Baramula,2,1,Jammu and Kashmir,01-01-2010,13634.85675
9,Doda,9,1,Jammu and Kashmir,01-01-2010,13528.16155
10,Jammu,13,1,Jammu and Kashmir,01-01-2010,14532.93286
11,Kargil,8,1,Jammu and Kashmir,01-01-2010,12904.04252
12,Kathua,14,1,Jammu and Kashmir,01-01-2010,14485.60755
13,Leh (Ladakh),7,1,Jammu and Kashmir,01-01-2010,13156.32807
14,Kupwara,1,1,Jammu and Kashmir,01-01-2010,13808.83711
15,Punch,11,1,Jammu and Kashmir,01-01-2010,14258.00918
16,Pulwama,5,1,Jammu and Kashmir,01-01-2010,14006.98389
17,Rajauri,12,1,Jammu and Kashmir,01-01-2010,14461.01653
18,Shimla,11,2,Himachal Pradesh,01-01-2010,14211.00413
19,Sirmaur,10,2,Himachal Pradesh,01-01-2010,14511.91201
20,Solan,9,2,Himachal Pradesh,01-01-2010,14511.33844
21,Una,7,2,Himachal Pradesh,01-01-2010,14530.31869
22,Bilaspur,8,2,Himachal Pradesh,01-01-2010,14453.17206
23,Chamba,1,2,Himachal Pradesh,01-01-2010,13780.10995
24,Hamirpur,6,2,Himachal Pradesh,01-01-2010,14488.08347
25,Kangra,2,2,Himachal Pradesh,01-01-2010,14235.37188
26,Kinnaur,12,2,Himachal Pradesh,01-01-2010,13235.68428
27,Lahul & Spiti,3,2,Himachal Pradesh,01-01-2010,12911.8478
28,Kullu,4,2,Himachal Pradesh,01-01-2010,13722.18592
29,Mandi,5,2,Himachal Pradesh,01-01-2010,14406.93253
30,Rupnagar,7,3,Punjab,01-01-2010,14533.42853
31,Amritsar,2,3,Punjab,01-01-2010,14496.7167
32,Firozpur,11,3,Punjab,01-01-2010,14547.54208
33,Bathinda,14,3,Punjab,01-01-2010,14561.34946
34,Gurdaspur,1,3,Punjab,01-01-2010,14476.94929
35,Faridkot,13,3,Punjab,01-01-2010,14523.77015
36,Fatehgarh Sahib,8,3,Punjab,01-01-2010,14520.83823
37,Hoshiarpur,5,3,Punjab,01-01-2010,14486.16621
38,Jalandhar,4,3,Punjab,01-01-2010,14500.47253
39,Kapurthala,3,3,Punjab,01-01-2010,14486.86019
40,Ludhiana,9,3,Punjab,01-01-2010,14526.82989
41,Mansa,15,3,Punjab,01-01-2010,14547.69423
42,Moga,10,3,Punjab,01-01-2010,14521.6876
43,Muktsar,12,3,Punjab,01-01-2010,14558.58183
44,Nawanshahr,6,3,Punjab,01-01-2010,14482.17072
45,Patiala,17,3,Punjab,01-01-2010,14521.40626
46,Sangrur,16,3,Punjab,01-01-2010,14529.83323
47,Rudraprayag,3,5,Uttarakhand,01-01-2010,14110.71299
48,Tehri Garhwal,4,5,Uttarakhand,01-01-2010,14309.35683
49,Udham Singh Nagar,12,5,Uttarakhand,01-01-2010,14591.0851
50,Uttarkashi,1,5,Uttarakhand,01-01-2010,13666.58845
51,Bageshwar,8,5,Uttarakhand,01-01-2010,14199.40621
52,Almora,9,5,Uttarakhand,01-01-2010,14480.36236
53,Chamoli,2,5,Uttarakhand,01-01-2010,13679.7688
54,Champawat,10,5,Uttarakhand,01-01-2010,14461.83216
55,Dehradun,5,5,Uttarakhand,01-01-2010,14499.17763
56,Garhwal,6,5,Uttarakhand,01-01-2010,14468.65394
57,Hardwar,13,5,Uttarakhand,01-01-2010,14566.06297
58,Nainital,11,5,Uttarakhand,01-01-2010,14525.81406
59,Pithoragarh,7,5,Uttarakhand,01-01-2010,13793.363
60,Rohtak,14,6,Haryana,01-01-2010,14429.77589
61,Sirsa,11,6,Haryana,01-01-2010,14601.51987
62,Sonipat,8,6,Haryana,01-01-2010,14406.35821
63,Yamunanagar,3,6,Haryana,01-01-2010,14547.24039
64,Jhajjar,15,6,Haryana,01-01-2010,14551.19792
65,Mahendragarh,16,6,Haryana,01-01-2010,14678.23579
66,Rewari,17,6,Haryana,01-01-2010,14583.22985
67,Bhiwani,13,6,Haryana,01-01-2010,14596.81164
68,Ambala,2,6,Haryana,01-01-2010,14552.84369
69,Gurgaon,18,6,Haryana,01-01-2010,14628.08708
70,Faridabad,19,6,Haryana,01-01-2010,14622.3384
71,Fatehabad,10,6,Haryana,01-01-2010,14497.51051
72,Hisar,12,6,Haryana,01-01-2010,14546.50106
73,Jind,9,6,Haryana,01-01-2010,14481.52005
74,Kaithal,5,6,Haryana,01-01-2010,14451.8816
75,Karnal,6,6,Haryana,01-01-2010,14468.2694
76,Kurukshetra,4,6,Haryana,01-01-2010,14469.45204
77,Panchkula,1,6,Haryana,01-01-2010,14591.79846
78,Panipat,7,6,Haryana,01-01-2010,14500.23319
79,Central,6,7,Delhi  & NCR,01-01-2010,14629.49734
80,East,4,7,Delhi  & NCR,01-01-2010,14599.58017
81,New Delhi,5,7,Delhi  & NCR,01-01-2010,14642.48977
82,North,2,7,Delhi  & NCR,01-01-2010,14613.38097
83,North East,3,7,Delhi  & NCR,01-01-2010,14616.31589
84,North West,1,7,Delhi  & NCR,01-01-2010,14475.39272
85,South,9,7,Delhi  & NCR,01-01-2010,14659.28299
86,South West,8,7,Delhi  & NCR,01-01-2010,14658.40445
87,West,7,7,Delhi  & NCR,01-01-2010,14651.29628
88,Sirohi,19,8,Rajasthan,01-01-2010,15118.37005
89,Tonk,22,8,Rajasthan,01-01-2010,14960.78145
90,Sikar,13,8,Rajasthan,01-01-2010,14908.97656
91,Alwar,6,8,Rajasthan,01-01-2010,14683.99069
92,Udaipur,26,8,Rajasthan,01-01-2010,15062.90614
93,Ganganagar,1,8,Rajasthan,01-01-2010,14800.96285
94,Hanumangarh,2,8,Rajasthan,01-01-2010,14800.76383
95,Baran,31,8,Rajasthan,01-01-2010,14888.30378
96,Ajmer,21,8,Rajasthan,01-01-2010,15064.32341
97,Banswara,28,8,Rajasthan,01-01-2010,15098.21174
98,Barmer,17,8,Rajasthan,01-01-2010,15212.1197
99,Bhilwara,24,8,Rajasthan,01-01-2010,15070.42547
100,Bikaner,3,8,Rajasthan,01-01-2010,15074.69729
101,Bharatpur,7,8,Rajasthan,01-01-2010,14628.585
102,Bundi,23,8,Rajasthan,01-01-2010,14903.56528
103,Chittaurgarh,29,8,Rajasthan,01-01-2010,15042.68739
104,Churu,4,8,Rajasthan,01-01-2010,14963.62856
105,Dausa,11,8,Rajasthan,01-01-2010,14768.89173
106,Dhaulpur,8,8,Rajasthan,01-01-2010,14733.07829
107,Dungarpur,27,8,Rajasthan,01-01-2010,15078.28987
108,Karauli,9,8,Rajasthan,01-01-2010,14806.37005
109,Jaipur,12,8,Rajasthan,01-01-2010,14912.6665
110,Jaisalmer,16,8,Rajasthan,01-01-2010,15176.79859
111,Jalor,18,8,Rajasthan,01-01-2010,15160.02259
112,Jhalawar,32,8,Rajasthan,01-01-2010,14960.96808
113,Jhunjhunun,5,8,Rajasthan,01-01-2010,14856.36641
114,Jodhpur,15,8,Rajasthan,01-01-2010,15124.53588
115,Kota,30,8,Rajasthan,01-01-2010,14860.22122
116,Nagaur,14,8,Rajasthan,01-01-2010,15058.83468
117,Pali,20,8,Rajasthan,01-01-2010,15198.46993
118,Rajsamand,25,8,Rajasthan,01-01-2010,15010.42964
119,Sawai Madhopur,10,8,Rajasthan,01-01-2010,14780.80927
120,Shrawasti,51,9,Uttar Pradesh,01-01-2010,14651.09156
121,Saharanpur,1,9,Uttar Pradesh,01-01-2010,14554.97972
122,Sitapur,24,9,Uttar Pradesh,01-01-2010,14682.1337
123,Sultanpur,49,9,Uttar Pradesh,01-01-2010,14777.05627
124,Sonbhadra,70,9,Uttar Pradesh,01-01-2010,14783.95108
125,Siddharthnagar,54,9,Uttar Pradesh,01-01-2010,14634.45842
126,Unnao,26,9,Uttar Pradesh,01-01-2010,14714.68694
127,Varanasi,67,9,Uttar Pradesh,01-01-2010,14790.82197
128,Bulandshahr,11,9,Uttar Pradesh,01-01-2010,14656.13088
129,Gautam Buddha Nagar,10,9,Uttar Pradesh,01-01-2010,14664.18692
130,Ghaziabad,9,9,Uttar Pradesh,01-01-2010,14573.75744
131,Auraiya,32,9,Uttar Pradesh,01-01-2010,14696.19901
132,Azamgarh,61,9,Uttar Pradesh,01-01-2010,14753.92221
133,Budaun,19,9,Uttar Pradesh,01-01-2010,14633.41238
134,Agra,15,9,Uttar Pradesh,01-01-2010,14629.56323
135,Aligarh,12,9,Uttar Pradesh,01-01-2010,14630.42857
136,Allahabad,45,9,Uttar Pradesh,01-01-2010,14789.02994
137,Ambedkar Nagar,48,9,Uttar Pradesh,01-01-2010,14716.53407
138,Bareilly,20,9,Uttar Pradesh,01-01-2010,14609.62415
139,Bijnor,3,9,Uttar Pradesh,01-01-2010,14628.19919
140,Basti,55,9,Uttar Pradesh,01-01-2010,14701.35339
141,Baghpat,8,9,Uttar Pradesh,01-01-2010,14423.31226
142,Bahraich,50,9,Uttar Pradesh,01-01-2010,14644.87759
143,Ballia,63,9,Uttar Pradesh,01-01-2010,14733.60787
144,Balrampur,52,9,Uttar Pradesh,01-01-2010,14666.0055
145,Banda,40,9,Uttar Pradesh,01-01-2010,14737.38353
146,Barabanki,46,9,Uttar Pradesh,01-01-2010,14699.28617
147,Chitrakoot,41,9,Uttar Pradesh,01-01-2010,14801.80949
148,Chandauli,66,9,Uttar Pradesh,01-01-2010,14796.93315
149,Deoria,60,9,Uttar Pradesh,01-01-2010,14674.59169
150,Etah,17,9,Uttar Pradesh,01-01-2010,14650.72197
151,Kanpur Dehat,33,9,Uttar Pradesh,01-01-2010,14725.52306
152,Etawah,31,9,Uttar Pradesh,01-01-2010,14685.81905
153,Faizabad,47,9,Uttar Pradesh,01-01-2010,14722.29344
154,Ghazipur,65,9,Uttar Pradesh,01-01-2010,14778.76501
155,Gonda,53,9,Uttar Pradesh,01-01-2010,14687.43934
156,Gorakhpur,58,9,Uttar Pradesh,01-01-2010,14662.69697
157,Farrukhabad,29,9,Uttar Pradesh,01-01-2010,14725.57746
158,Fatehpur,42,9,Uttar Pradesh,01-01-2010,14703.97859
159,Firozabad,16,9,Uttar Pradesh,01-01-2010,14675.88135
160,Hamirpur,38,9,Uttar Pradesh,01-01-2010,14727.42783
161,Hardoi,25,9,Uttar Pradesh,01-01-2010,14673.7565
162,Hathras,13,9,Uttar Pradesh,01-01-2010,14607.95284
163,Jalaun,35,9,Uttar Pradesh,01-01-2010,14722.09061
164,Jaunpur,64,9,Uttar Pradesh,01-01-2010,14784.22688
165,Jhansi,36,9,Uttar Pradesh,01-01-2010,14743.36801
166,Jyotiba Phule Nagar,6,9,Uttar Pradesh,01-01-2010,14613.62275
167,Kannauj,30,9,Uttar Pradesh,01-01-2010,14703.62469
168,Kanpur Nagar,34,9,Uttar Pradesh,01-01-2010,14768.94487
169,Kaushambi,44,9,Uttar Pradesh,01-01-2010,14754.45606
170,Kheri,23,9,Uttar Pradesh,01-01-2010,14640.2159
171,Mirzapur,69,9,Uttar Pradesh,01-01-2010,14830.08221
172,Moradabad,4,9,Uttar Pradesh,01-01-2010,14611.48641
173,Muzaffarnagar,2,9,Uttar Pradesh,01-01-2010,14548.19965
174,Rae Bareli,28,9,Uttar Pradesh,01-01-2010,14740.13816
175,Kushinagar,59,9,Uttar Pradesh,01-01-2010,14618.84874
176,Lucknow,27,9,Uttar Pradesh,01-01-2010,14744.55745
177,Lalitpur,37,9,Uttar Pradesh,01-01-2010,14753.70413
178,Mahrajganj,57,9,Uttar Pradesh,01-01-2010,14595.86387
179,Mahoba,39,9,Uttar Pradesh,01-01-2010,14744.61753
180,Mainpuri,18,9,Uttar Pradesh,01-01-2010,14707.96676
181,Mathura,14,9,Uttar Pradesh,01-01-2010,14596.07252
182,Mau,62,9,Uttar Pradesh,01-01-2010,14724.165
183,Meerut,7,9,Uttar Pradesh,01-01-2010,14590.47878
184,Pilibhit,21,9,Uttar Pradesh,01-01-2010,14599.46794
185,Pratapgarh,43,9,Uttar Pradesh,01-01-2010,14775.12413
186,Rampur,5,9,Uttar Pradesh,01-01-2010,14577.45938
187,Sant Ravidas Nagar Bhadohi,68,9,Uttar Pradesh,01-01-2010,14790.15722
188,Sant Kabir Nagar,56,9,Uttar Pradesh,01-01-2010,14670.58961
189,Shahjahanpur,22,9,Uttar Pradesh,01-01-2010,14632.69959
190,Sheikhpura,26,10,Bihar,01-01-2010,14818.29658
191,Sheohar,3,10,Bihar,01-01-2010,14686.44826
192,Saharsa,12,10,Bihar,01-01-2010,14697.15909
193,Sitamarhi,4,10,Bihar,01-01-2010,14677.61228
194,Siwan,16,10,Bihar,01-01-2010,14715.50627
195,Supaul,6,10,Bihar,01-01-2010,14670.11872
196,Vaishali,18,10,Bihar,01-01-2010,14688.89181
197,Kaimur (Bhabua),31,10,Bihar,01-01-2010,14816.48557
198,Gaya,35,10,Bihar,01-01-2010,14839.87696
199,Bhojpur,29,10,Bihar,01-01-2010,14814.89814
200,Buxar,30,10,Bihar,01-01-2010,14799.49861
201,Jehanabad,33,10,Bihar,01-01-2010,14816.15732
202,Rohtas,32,10,Bihar,01-01-2010,14793.53274
203,Araria,7,10,Bihar,01-01-2010,14731.1934
204,Aurangabad,34,10,Bihar,01-01-2010,14848.83436
205,Banka,23,10,Bihar,01-01-2010,14864.54526
206,Bhagalpur,22,10,Bihar,01-01-2010,14749.7486
207,Begusarai,20,10,Bihar,01-01-2010,14690.16695
208,Saran,17,10,Bihar,01-01-2010,14718.68937
209,Katihar,10,10,Bihar,01-01-2010,14700.53617
210,Darbhanga,13,10,Bihar,01-01-2010,14708.40605
211,Gopalganj,15,10,Bihar,01-01-2010,14693.61918
212,Jamui,37,10,Bihar,01-01-2010,14859.22738
213,Kishanganj,8,10,Bihar,01-01-2010,14817.20897
214,Muzaffarpur,14,10,Bihar,01-01-2010,14719.35151
215,Purnia,9,10,Bihar,01-01-2010,14709.96385
216,Khagaria,21,10,Bihar,01-01-2010,14710.45973
217,Madhubani,5,10,Bihar,01-01-2010,14660.63067
218,Lakhisarai,25,10,Bihar,01-01-2010,14790.42483
219,Madhepura,11,10,Bihar,01-01-2010,14689.68777
220,Purba Champaran,2,10,Bihar,01-01-2010,14682.40179
221,Munger,24,10,Bihar,01-01-2010,14751.91849
222,Nalanda,27,10,Bihar,01-01-2010,14793.10605
223,Nawada,36,10,Bihar,01-01-2010,14789.41341
224,Pashchim Champaran,1,10,Bihar,01-01-2010,14662.84373
225,Patna,28,10,Bihar,01-01-2010,14775.27272
226,Samastipur,19,10,Bihar,01-01-2010,14714.8112
227,South,3,11,Sikkim,01-01-2010,14386.44668
228,West,2,11,Sikkim,01-01-2010,14211.99585
229,East,4,11,Sikkim,01-01-2010,14306.4802
230,North,1,11,Sikkim,01-01-2010,13837.58616
231,Tawang,1,12,Arunanchal Pradesh,01-01-2010,14082.48561
232,Tirap,13,12,Arunanchal Pradesh,01-01-2010,14563.77124
233,West Kameng,2,12,Arunanchal Pradesh,01-01-2010,14254.87574
234,West Siang,7,12,Arunanchal Pradesh,01-01-2010,14231.42488
235,Upper Siang,9,12,Arunanchal Pradesh,01-01-2010,14075.57126
236,Upper Subansiri,6,12,Arunanchal Pradesh,01-01-2010,14080.90683
237,Changlang,12,12,Arunanchal Pradesh,01-01-2010,14481.93502
238,Dibang Valley,10,12,Arunanchal Pradesh,01-01-2010,14014.51955
239,East Kameng,3,12,Arunanchal Pradesh,01-01-2010,14272.92482
240,East Siang,8,12,Arunanchal Pradesh,01-01-2010,14530.0966
241,Lohit,11,12,Arunanchal Pradesh,01-01-2010,14202.27399
242,Lower Subansiri,5,12,Arunanchal Pradesh,01-01-2010,14170.41318
243,Papum Pare,4,12,Arunanchal Pradesh,01-01-2010,14432.19784
244,Tuensang,2,13,Nagaland,01-01-2010,14482.18413
245,Wokha,5,13,Nagaland,01-01-2010,14621.29477
246,Zunheboto,4,13,Nagaland,01-01-2010,14520.77506
247,Dimapur,6,13,Nagaland,01-01-2010,14751.8683
248,Kohima,7,13,Nagaland,01-01-2010,14585.21246
249,Mokokchung,3,13,Nagaland,01-01-2010,14608.9178
250,Mon,1,13,Nagaland,01-01-2010,14628.68577
251,Phek,8,13,Nagaland,01-01-2010,14444.65111
252,Tamenglong,2,14,Manipur,01-01-2010,14580.47124
253,Thoubal,5,14,Manipur,01-01-2010,14719.33183
254,Ukhrul,8,14,Manipur,01-01-2010,14555.02782
255,Bishnupur,4,14,Manipur,01-01-2010,14671.2363
256,Chandel,9,14,Manipur,01-01-2010,14620.94358
257,Churachandpur,3,14,Manipur,01-01-2010,14606.69441
258,Imphal East,7,14,Manipur,01-01-2010,14756.64564
259,Imphal West,6,14,Manipur,01-01-2010,14714.95713
260,Senapati (Excl. 3 sub-divisions),1,14,Manipur,01-01-2010,14562.98054
261,Aizawl,3,15,Mizoram,01-01-2010,14673.27098
262,Champhai,4,15,Mizoram,01-01-2010,14613.89409
263,Kolasib,2,15,Mizoram,01-01-2010,14703.62726
264,Mamit,1,15,Mizoram,01-01-2010,14723.69408
265,Lunglei,6,15,Mizoram,01-01-2010,14692.0509
266,Lawngtlai,7,15,Mizoram,01-01-2010,14763.8495
267,Saiha,8,15,Mizoram,01-01-2010,14694.0164
268,Serchhip,5,15,Mizoram,01-01-2010,14646.88324
269,South Tripura,2,16,Tripura,01-01-2010,14862.13275
270,West Tripura,1,16,Tripura,01-01-2010,14868.26889
271,Dhalai,3,16,Tripura,01-01-2010,14804.25124
272,North Tripura,4,16,Tripura,01-01-2010,14800.80443
273,Ri Bhoi,5,17,Meghalaya,01-01-2010,14677.76384
274,South Garo Hills,3,17,Meghalaya,01-01-2010,14748.84172
275,West Garo Hills,1,17,Meghalaya,01-01-2010,14785.29369
276,West Khasi Hills,4,17,Meghalaya,01-01-2010,14682.2651
277,East Garo Hills,2,17,Meghalaya,01-01-2010,14729.12125
278,East Khasi Hills,6,17,Meghalaya,01-01-2010,14696.5488
279,Jaintia Hills,7,17,Meghalaya,01-01-2010,14714.7911
280,Sonitpur,11,18,Assam,01-01-2010,14822.81567
281,Sibsagar,16,18,Assam,01-01-2010,14783.99416
282,Tinsukia,14,18,Assam,01-01-2010,14744.38711
283,Barpeta,5,18,Assam,01-01-2010,14819.06872
284,Bongaigaon,4,18,Assam,01-01-2010,14801.71293
285,Cachar,21,18,Assam,01-01-2010,14798.49134
286,Darrang,8,18,Assam,01-01-2010,14832.04958
287,Dhemaji,13,18,Assam,01-01-2010,14862.98088
288,Dhubri,2,18,Assam,01-01-2010,14822.43725
289,Dibrugarh,15,18,Assam,01-01-2010,14804.50766
290,Kamrup,6,18,Assam,01-01-2010,14779.98119
291,Karbi Anglong,19,18,Assam,01-01-2010,14701.05723
292,Goalpara,3,18,Assam,01-01-2010,14830.43922
293,Golaghat,18,18,Assam,01-01-2010,14825.47944
294,Hailakandi,23,18,Assam,01-01-2010,14807.55273
295,Jorhat,17,18,Assam,01-01-2010,14809.08055
296,Karimganj,22,18,Assam,01-01-2010,14823.3699
297,Kokrajhar,1,18,Assam,01-01-2010,14817.96604
298,Lakhimpur,12,18,Assam,01-01-2010,14849.4061
299,Nagaon,10,18,Assam,01-01-2010,14814.85983
300,Marigaon,9,18,Assam,01-01-2010,14840.53107
301,Nalbari,7,18,Assam,01-01-2010,14846.58829
302,North Cachar Hills,20,18,Assam,01-01-2010,14674.97918
303,South  Twenty Four Parganas,18,19,West Bengal,01-01-2010,14843.39173
304,Uttar Dinajpur,4,19,West Bengal,01-01-2010,14765.83782
305,Barddhaman,9,19,West Bengal,01-01-2010,14868.93396
306,Birbhum,8,19,West Bengal,01-01-2010,14906.06181
307,Bankura,13,19,West Bengal,01-01-2010,14912.08526
308,Dakshin Dinajpur,5,19,West Bengal,01-01-2010,14779.82999
309,Darjiling,1,19,West Bengal,01-01-2010,14600.08524
310,Haora,16,19,West Bengal,01-01-2010,14808.01971
311,Hugli,12,19,West Bengal,01-01-2010,14813.71153
312,Jalpaiguri,2,19,West Bengal,01-01-2010,14811.40499
313,Koch Bihar,3,19,West Bengal,01-01-2010,14795.28353
314,Murshidabad,7,19,West Bengal,01-01-2010,14805.81576
315,Puruliya,14,19,West Bengal,01-01-2010,14967.56481
316,Kolkata,17,19,West Bengal,01-01-2010,14910.29236
317,Maldah,6,19,West Bengal,01-01-2010,14722.40164
318,Nadia,10,19,West Bengal,01-01-2010,14815.0083
319,North Twenty Four Parganas,11,19,West Bengal,01-01-2010,14798.67645
320,Medinipur,15,19,West Bengal,01-01-2010,14895.77089
321,Ranchi,14,20,Jharkhand,01-01-2010,14903.50824
322,Sahibganj,9,20,Jharkhand,01-01-2010,14768.17576
323,Garhwa,1,20,Jharkhand,01-01-2010,14814.54006
324,Palamu,2,20,Jharkhand,01-01-2010,14801.6068
325,Chatra,3,20,Jharkhand,01-01-2010,14815.58213
326,Hazaribagh,4,20,Jharkhand,01-01-2010,14839.45349
327,Kodarma,5,20,Jharkhand,01-01-2010,14807.33102
328,Bokaro,13,20,Jharkhand,01-01-2010,14908.10421
329,Deoghar,7,20,Jharkhand,01-01-2010,14930.31496
330,Dhanbad,12,20,Jharkhand,01-01-2010,14923.90536
331,Dumka,11,20,Jharkhand,01-01-2010,14917.15113
332,Giridih,6,20,Jharkhand,01-01-2010,14890.28228
333,Godda,8,20,Jharkhand,01-01-2010,14835.25709
334,Gumla,16,20,Jharkhand,01-01-2010,14915.53275
335,Purbi Singhbhum,18,20,Jharkhand,01-01-2010,14938.9722
336,Lohardaga,15,20,Jharkhand,01-01-2010,14849.19871
337,Pakaur,10,20,Jharkhand,01-01-2010,14929.70273
338,Pashchimi Singhbhum,17,20,Jharkhand,01-01-2010,14901.45349
339,Rayagada,27,21,Orissa,01-01-2010,14932.7549
340,Sundargarh,5,21,Orissa,01-01-2010,14908.6498
341,Sonapur,23,21,Orissa,01-01-2010,14999.98161
342,Anugul,15,21,Orissa,01-01-2010,14936.99539
343,Bhadrak,9,21,Orissa,01-01-2010,15004.37632
344,Baudh,22,21,Orissa,01-01-2010,14945.56215
345,Balangir,24,21,Orissa,01-01-2010,15026.33074
346,Baleshwar,8,21,Orissa,01-01-2010,14952.36077
347,Bargarh,1,21,Orissa,01-01-2010,14992.71428
348,Kendrapara,10,21,Orissa,01-01-2010,14986.97631
349,Kendujhar,6,21,Orissa,01-01-2010,14958.29441
350,Debagarh,4,21,Orissa,01-01-2010,14909.91078
351,Cuttack,12,21,Orissa,01-01-2010,14996.7922
352,Dhenkanal,14,21,Orissa,01-01-2010,14989.64549
353,Kalahandi,26,21,Orissa,01-01-2010,15008.20533
354,Ganjam,19,21,Orissa,01-01-2010,14989.12559
355,Gajapati,20,21,Orissa,01-01-2010,14906.53952
356,Jajapur,13,21,Orissa,01-01-2010,15037.63131
357,Jagatsinghapur,11,21,Orissa,01-01-2010,15031.28282
358,Jharsuguda,2,21,Orissa,01-01-2010,14968.50059
359,Khordha,17,21,Orissa,01-01-2010,15037.29041
360,Mayurbhanj,7,21,Orissa,01-01-2010,14914.7464
361,Puri,18,21,Orissa,01-01-2010,15002.65983
362,Koraput,29,21,Orissa,01-01-2010,15040.25628
363,Malkangiri,30,21,Orissa,01-01-2010,15041.10024
364,Nabarangapur,28,21,Orissa,01-01-2010,15131.93622
365,Nayagarh,16,21,Orissa,01-01-2010,14945.6358
366,Nuapada,25,21,Orissa,01-01-2010,15030.68662
367,Kandhamal,21,21,Orissa,01-01-2010,14835.27893
368,Sambalpur,3,21,Orissa,01-01-2010,14914.39412
369,Surguja,2,22,Chhattisgarh,01-01-2010,14815.4741
370,Bilaspur,7,22,Chhattisgarh,01-01-2010,14963.03156
371,Janjgir - Champa,6,22,Chhattisgarh,01-01-2010,14995.91335
372,Korba,5,22,Chhattisgarh,01-01-2010,14861.53544
373,Kawardha,8,22,Chhattisgarh,01-01-2010,14985.82568
374,Bastar,15,22,Chhattisgarh,01-01-2010,14988.98768
375,Dantewada,16,22,Chhattisgarh,01-01-2010,14994.98202
376,Dhamtari,13,22,Chhattisgarh,01-01-2010,14949.76129
377,Durg,10,22,Chhattisgarh,01-01-2010,14995.9063
378,Kanker,14,22,Chhattisgarh,01-01-2010,14957.03559
379,Jashpur,3,22,Chhattisgarh,01-01-2010,14901.40162
380,Koriya,1,22,Chhattisgarh,01-01-2010,14792.17626
381,Mahasamund,12,22,Chhattisgarh,01-01-2010,15025.67424
382,Raigarh,4,22,Chhattisgarh,01-01-2010,14942.76397
383,Raipur,11,22,Chhattisgarh,01-01-2010,14997.62012
384,Rajnandgaon,9,22,Chhattisgarh,01-01-2010,14954.67889
385,Shajapur,22,23,Madhya Pradesh,01-01-2010,14951.66168
386,Shivpuri,6,23,Madhya Pradesh,01-01-2010,14890.0012
387,Ratlam,20,23,Madhya Pradesh,01-01-2010,15097.68027
388,Rewa,14,23,Madhya Pradesh,01-01-2010,14792.56574
389,Sagar,11,23,Madhya Pradesh,01-01-2010,14840.54532
390,Sidhi,17,23,Madhya Pradesh,01-01-2010,14767.28398
391,Ujjain,21,23,Madhya Pradesh,01-01-2010,14958.68816
392,Vidisha,31,23,Madhya Pradesh,01-01-2010,14815.24156
393,West Nimar,27,23,Madhya Pradesh,01-01-2010,15123.20014
394,Morena,2,23,Madhya Pradesh,01-01-2010,14730.78763
395,Sheopur,1,23,Madhya Pradesh,01-01-2010,14871.92006
396,Dindori,41,23,Madhya Pradesh,01-01-2010,14948.95501
397,Mandla,42,23,Madhya Pradesh,01-01-2010,14920.97043
398,Shahdol,16,23,Madhya Pradesh,01-01-2010,14878.65094
399,Umaria,15,23,Madhya Pradesh,01-01-2010,14815.21834
400,Bhind,3,23,Madhya Pradesh,01-01-2010,14681.34471
401,Bhopal,32,23,Madhya Pradesh,01-01-2010,14841.39826
402,Barwani,28,23,Madhya Pradesh,01-01-2010,15222.38813
403,Betul,35,23,Madhya Pradesh,01-01-2010,14983.59847
404,Balaghat,45,23,Madhya Pradesh,01-01-2010,14865.57077
405,Chhatarpur,9,23,Madhya Pradesh,01-01-2010,14805.8971
406,Chhindwara,43,23,Madhya Pradesh,01-01-2010,14957.35234
407,Dewas,23,23,Madhya Pradesh,01-01-2010,14928.60522
408,Katni,38,23,Madhya Pradesh,01-01-2010,14818.71899
409,Datia,5,23,Madhya Pradesh,01-01-2010,14752.82183
410,Damoh,12,23,Madhya Pradesh,01-01-2010,14823.37397
411,Dhar,25,23,Madhya Pradesh,01-01-2010,15089.38881
412,East Nimar,29,23,Madhya Pradesh,01-01-2010,15082.56876
413,Guna,7,23,Madhya Pradesh,01-01-2010,14920.04563
414,Gwalior,4,23,Madhya Pradesh,01-01-2010,14773.10146
415,Harda,36,23,Madhya Pradesh,01-01-2010,14847.06395
416,Hoshangabad,37,23,Madhya Pradesh,01-01-2010,14774.30214
417,Indore,26,23,Madhya Pradesh,01-01-2010,14926.00808
418,Jabalpur,39,23,Madhya Pradesh,01-01-2010,14853.94305
419,Jhabua,24,23,Madhya Pradesh,01-01-2010,15220.19419
420,Mandsaur,19,23,Madhya Pradesh,01-01-2010,14985.55038
421,Tikamgarh,8,23,Madhya Pradesh,01-01-2010,14801.15401
422,Narsimhapur,40,23,Madhya Pradesh,01-01-2010,14878.90372
423,Neemuch,18,23,Madhya Pradesh,01-01-2010,15052.75733
424,Panna,10,23,Madhya Pradesh,01-01-2010,14808.45548
425,Raisen,34,23,Madhya Pradesh,01-01-2010,14829.64454
426,Rajgarh,30,23,Madhya Pradesh,01-01-2010,14974.15469
427,Satna,13,23,Madhya Pradesh,01-01-2010,14769.4578
428,Sehore,33,23,Madhya Pradesh,01-01-2010,14856.34497
429,Seoni,44,23,Madhya Pradesh,01-01-2010,14937.68449
430,Sabar Kantha,5,24,Gujarat,01-01-2010,15086.71898
431,Surendranagar,8,24,Gujarat,01-01-2010,15294.55001
432,The Dangs,23,24,Gujarat,01-01-2010,15141.21475
433,Vadodara,19,24,Gujarat,01-01-2010,15178.43989
434,Valsad,25,24,Gujarat,01-01-2010,15197.14631
435,Bharuch,21,24,Gujarat,01-01-2010,15236.07445
436,Surat,22,24,Gujarat,01-01-2010,15163.07701
437,Anand,15,24,Gujarat,01-01-2010,15022.00343
438,Ahmadabad,7,24,Gujarat,01-01-2010,15224.86793
439,Amreli,13,24,Gujarat,01-01-2010,15388.05926
440,Bhavnagar,14,24,Gujarat,01-01-2010,15376.49851
441,Banas Kantha,2,24,Gujarat,01-01-2010,15070.74977
442,Dohad,18,24,Gujarat,01-01-2010,15168.6407
443,Junagadh,12,24,Gujarat,01-01-2010,15259.24418
444,Kachchh,1,24,Gujarat,01-01-2010,15197.27034
445,Gandhinagar,6,24,Gujarat,01-01-2010,15067.75548
446,Jamnagar,10,24,Gujarat,01-01-2010,15241.70912
447,Kheda,16,24,Gujarat,01-01-2010,15087.51125
448,Mahesana,4,24,Gujarat,01-01-2010,15068.3953
449,Narmada,20,24,Gujarat,01-01-2010,15196.32477
450,Navsari,24,24,Gujarat,01-01-2010,15177.61249
451,Panch Mahals,17,24,Gujarat,01-01-2010,15168.29833
452,Patan,3,24,Gujarat,01-01-2010,15186.14761
453,Porbandar,11,24,Gujarat,01-01-2010,15230.16396
454,Rajkot,9,24,Gujarat,01-01-2010,15304.9738
455,Daman,2,25,Daman & Diu,01-01-2010,15114.08308
456,Diu,1,25,Daman & Diu,01-01-2010,15074.99509
457,Ratnagiri,32,27,Maharashtra,01-01-2010,15234.65589
458,Raigarh,24,27,Maharashtra,01-01-2010,15231.34125
459,Thane,21,27,Maharashtra,01-01-2010,15245.43439
460,Solapur,30,27,Maharashtra,01-01-2010,15239.61297
461,Sindhudurg,33,27,Maharashtra,01-01-2010,15215.23685
462,Wardha,8,27,Maharashtra,01-01-2010,15198.97829
463,Washim,6,27,Maharashtra,01-01-2010,15256.60793
464,Yavatmal,14,27,Maharashtra,01-01-2010,15282.38677
465,Aurangabad,19,27,Maharashtra,01-01-2010,15167.66334
466,Ahmadnagar,26,27,Maharashtra,01-01-2010,15198.97377
467,Akola,5,27,Maharashtra,01-01-2010,15224.65783
468,Amravati,7,27,Maharashtra,01-01-2010,15137.89561
469,Bid,27,27,Maharashtra,01-01-2010,15189.13337
470,Bhandara,10,27,Maharashtra,01-01-2010,14978.08683
471,Buldana,4,27,Maharashtra,01-01-2010,15177.48354
472,Chandrapur,13,27,Maharashtra,01-01-2010,15154.35219
473,Dhule,2,27,Maharashtra,01-01-2010,15239.7487
474,Gadchiroli,12,27,Maharashtra,01-01-2010,14989.33284
475,Gondiya,11,27,Maharashtra,01-01-2010,14932.00455
476,Hingoli,16,27,Maharashtra,01-01-2010,15267.37766
477,Jalgaon,3,27,Maharashtra,01-01-2010,15136.30794
478,Jalna,18,27,Maharashtra,01-01-2010,15219.0919
479,Kolhapur,34,27,Maharashtra,01-01-2010,15133.18583
480,Latur,28,27,Maharashtra,01-01-2010,15316.65369
481,Pune,25,27,Maharashtra,01-01-2010,15152.18651
482,Nagpur,9,27,Maharashtra,01-01-2010,15044.1965
483,Mumbai,23,27,Maharashtra,01-01-2010,15196.30819
484,Mumbai (Suburban),22,27,Maharashtra,01-01-2010,15199.75572
485,Nanded,15,27,Maharashtra,01-01-2010,15308.59582
486,Nandurbar,1,27,Maharashtra,01-01-2010,15210.05387
487,Nashik,20,27,Maharashtra,01-01-2010,15185.90224
488,Osmanabad,29,27,Maharashtra,01-01-2010,15248.73522
489,Parbhani,17,27,Maharashtra,01-01-2010,15262.8242
490,Sangli,35,27,Maharashtra,01-01-2010,15262.65963
491,Satara,31,27,Maharashtra,01-01-2010,15180.91467
492,Rangareddi,6,28,Andhra Pradesh,01-01-2010,15236.70521
493,Srikakulam,11,28,Andhra Pradesh,01-01-2010,15096.64606
494,West Godavari,15,28,Andhra Pradesh,01-01-2010,15079.16047
495,Visakhapatnam,13,28,Andhra Pradesh,01-01-2010,15007.35443
496,Vizianagaram,12,28,Andhra Pradesh,01-01-2010,15066.5994
497,Warangal,9,28,Andhra Pradesh,01-01-2010,15215.83745
498,Anantapur,22,28,Andhra Pradesh,01-01-2010,15319.9215
499,Adilabad,1,28,Andhra Pradesh,01-01-2010,15227.12633
500,Chittoor,23,28,Andhra Pradesh,01-01-2010,15148.6054
501,Cuddapah,20,28,Andhra Pradesh,01-01-2010,15211.95424
502,East Godavari,14,28,Andhra Pradesh,01-01-2010,15047.24813
503,Karimnagar,3,28,Andhra Pradesh,01-01-2010,15199.59103
504,Guntur,17,28,Andhra Pradesh,01-01-2010,15144.68764
505,Hyderabad,5,28,Andhra Pradesh,01-01-2010,15127.11432
506,Khammam,10,28,Andhra Pradesh,01-01-2010,15126.08503
507,Medak,4,28,Andhra Pradesh,01-01-2010,15218.19668
508,Krishna,16,28,Andhra Pradesh,01-01-2010,15105.45663
509,Kurnool,21,28,Andhra Pradesh,01-01-2010,15275.84707
510,Mahbubnagar,7,28,Andhra Pradesh,01-01-2010,15240.2545
511,Nalgonda,8,28,Andhra Pradesh,01-01-2010,15192.7143
512,Nellore,19,28,Andhra Pradesh,01-01-2010,15099.83884
513,Nizamabad,2,28,Andhra Pradesh,01-01-2010,15206.95482
514,Prakasam,18,28,Andhra Pradesh,01-01-2010,15159.98376
515,Shimoga,15,29,Karnataka,01-01-2010,15077.09342
516,Tumkur,18,29,Karnataka,01-01-2010,15238.44116
517,Udupi,16,29,Karnataka,01-01-2010,15146.2121
518,Uttara Kannada,10,29,Karnataka,01-01-2010,15021.20621
519,Bagalkot,2,29,Karnataka,01-01-2010,15197.47333
520,Bangalore,20,29,Karnataka,01-01-2010,15128.72509
521,Bidar,5,29,Karnataka,01-01-2010,15323.15447
522,Bijapur,3,29,Karnataka,01-01-2010,15299.95317
523,Belgaum,1,29,Karnataka,01-01-2010,15186.51005
524,Bellary,12,29,Karnataka,01-01-2010,15220.45455
525,Bangalore Rural,21,29,Karnataka,01-01-2010,15186.52212
526,Chamarajanagar,27,29,Karnataka,01-01-2010,15174.04377
527,Chikmagalur,17,29,Karnataka,01-01-2010,15009.82321
528,Chitradurga,13,29,Karnataka,01-01-2010,15292.58236
529,Dakshina Kannada,24,29,Karnataka,01-01-2010,15103.21547
530,Davanagere,14,29,Karnataka,01-01-2010,15227.658
531,Dharwad,9,29,Karnataka,01-01-2010,15198.36883
532,Gulbarga,4,29,Karnataka,01-01-2010,15332.36701
533,Gadag,8,29,Karnataka,01-01-2010,15263.66922
534,Hassan,23,29,Karnataka,01-01-2010,15086.01679
535,Haveri,11,29,Karnataka,01-01-2010,15248.11986
536,Kodagu,25,29,Karnataka,01-01-2010,14893.41339
537,Kolar,19,29,Karnataka,01-01-2010,15192.63903
538,Mandya,22,29,Karnataka,01-01-2010,15139.23966
539,Koppal,7,29,Karnataka,01-01-2010,15222.62915
540,Mysore,26,29,Karnataka,01-01-2010,15195.22706
541,Raichur,6,29,Karnataka,01-01-2010,15245.10501
542,South Goa,2,30,Goa,01-01-2010,15141.6002
543,North Goa,1,30,Goa,01-01-2010,15184.14196
544,Thrissur,7,32,Kerala,01-01-2010,15109.76367
545,Thiruvananthapuram,14,32,Kerala,01-01-2010,15114.87321
546,Wayanad,3,32,Kerala,01-01-2010,14905.04633
547,Alappuzha,11,32,Kerala,01-01-2010,15112.88139
548,Kasaragod,1,32,Kerala,01-01-2010,15165.64435
549,Kannur,2,32,Kerala,01-01-2010,15121.58164
550,Ernakulam,8,32,Kerala,01-01-2010,15159.64151
551,Idukki,9,32,Kerala,01-01-2010,14925.4174
552,Kollam,13,32,Kerala,01-01-2010,15111.71035
553,Kottayam,10,32,Kerala,01-01-2010,15134.91266
554,Kozhikode,4,32,Kerala,01-01-2010,15077.26894
555,Malappuram,5,32,Kerala,01-01-2010,15095.83754
556,Palakkad,6,32,Kerala,01-01-2010,15056.17878
557,Pathanamthitta,12,32,Kerala,01-01-2010,15043.09025
558,Sivaganga,23,33,Tamil Nadu,01-01-2010,15159.17779
559,Tiruchirappalli,15,33,Tamil Nadu,01-01-2010,15184.54509
560,Tirunelveli,29,33,Tamil Nadu,01-01-2010,15086.18262
561,Tiruvannamalai,6,33,Tamil Nadu,01-01-2010,15125.93282
562,Thoothukkudi,28,33,Tamil Nadu,01-01-2010,15217.10177
563,Theni,25,33,Tamil Nadu,01-01-2010,15094.05443
564,Vellore,4,33,Tamil Nadu,01-01-2010,15118.61513
565,Viluppuram,7,33,Tamil Nadu,01-01-2010,15118.48298
566,Virudhunagar,26,33,Tamil Nadu,01-01-2010,15259.48726
567,Chennai,2,33,Tamil Nadu,01-01-2010,15184.1655
568,Kancheepuram,3,33,Tamil Nadu,01-01-2010,15110.08873
569,Thiruvallur,1,33,Tamil Nadu,01-01-2010,15160.69346
570,Thanjavur,21,33,Tamil Nadu,01-01-2010,15075.05032
571,Thiruvarur,20,33,Tamil Nadu,01-01-2010,15053.82262
572,Nagapattinam,19,33,Tamil Nadu,01-01-2010,15047.38805
573,Ariyalur,17,33,Tamil Nadu,01-01-2010,15122.73622
574,Coimbatore,12,33,Tamil Nadu,01-01-2010,15165.05635
575,Cuddalore,18,33,Tamil Nadu,01-01-2010,15115.27591
576,Dharmapuri,5,33,Tamil Nadu,01-01-2010,15142.51123
577,Dindigul,13,33,Tamil Nadu,01-01-2010,15078.63698
578,Erode,10,33,Tamil Nadu,01-01-2010,15194.94389
579,Kanniyakumari,30,33,Tamil Nadu,01-01-2010,15105.44952
580,Karur,14,33,Tamil Nadu,01-01-2010,15293.6892
581,Madurai,24,33,Tamil Nadu,01-01-2010,15199.69765
582,Namakkal,9,33,Tamil Nadu,01-01-2010,15292.54796
583,The Nilgiris,11,33,Tamil Nadu,01-01-2010,14839.70883
584,Perambalur,16,33,Tamil Nadu,01-01-2010,15159.55492
585,Pudukkottai,22,33,Tamil Nadu,01-01-2010,15132.34972
586,Ramanathapuram,27,33,Tamil Nadu,01-01-2010,15128.41143
587,Salem,8,33,Tamil Nadu,01-01-2010,15192.09381
588,Yanam,1,34,Puducherry,01-01-2010,15056.88883
589,Karaikal,4,34,Puducherry,01-01-2010,15058.55836
590,Mahe,3,34,Puducherry,01-01-2010,15114.57629
591,Pondicherry,2,34,Puducherry,01-01-2010,15117.01892
592,Nicobars,2,35,Andaman & Nicobar Island,01-01-2010,14951.64179
593,Andamans,1,35,Andaman & Nicobar Island,01-01-2010,14979.3203
594,Chandigarh,1,4,Chandigarh,02-01-2010,14862.05759
595,Dadra & Nagar Haveli,1,26,Dadara & Nagar Havelli,02-01-2010,15380.46445
596,Lakshadweep,1,31,Lakshadweep,02-01-2010,15070.86902
597,Data Not Available,99,99,Jammu and Kashmir,02-01-2010,13217.20399
598,Anantnag,6,1,Jammu and Kashmir,02-01-2010,13594.83759
599,Badgam,4,1,Jammu and Kashmir,02-01-2010,13769.47049
600,Baramula,2,1,Jammu and Kashmir,02-01-2010,13592.80465
601,Doda,9,1,Jammu and Kashmir,02-01-2010,13493.17835
602,Srinagar,3,1,Jammu and Kashmir,02-01-2010,13538.152
603,Udhampur,10,1,Jammu and Kashmir,02-01-2010,14317.50163
604,Jammu,13,1,Jammu and Kashmir,02-01-2010,14722.3117
605,Kargil,8,1,Jammu and Kashmir,02-01-2010,12967.4877
606,Kathua,14,1,Jammu and Kashmir,02-01-2010,14577.84823
607,Leh (Ladakh),7,1,Jammu and Kashmir,02-01-2010,13378.72957
608,Kupwara,1,1,Jammu and Kashmir,02-01-2010,13612.45737
609,Punch,11,1,Jammu and Kashmir,02-01-2010,14124.31972
610,Pulwama,5,1,Jammu and Kashmir,02-01-2010,14025.53389
611,Rajauri,12,1,Jammu and Kashmir,02-01-2010,14451.49086
612,Bilaspur,8,2,Himachal Pradesh,02-01-2010,14651.40586
613,Chamba,1,2,Himachal Pradesh,02-01-2010,13728.49226
614,Hamirpur,6,2,Himachal Pradesh,02-01-2010,14664.33303
615,Shimla,11,2,Himachal Pradesh,02-01-2010,14237.62928
616,Sirmaur,10,2,Himachal Pradesh,02-01-2010,14616.72166
617,Solan,9,2,Himachal Pradesh,02-01-2010,14639.25573
618,Una,7,2,Himachal Pradesh,02-01-2010,14740.32356
619,Kangra,2,2,Himachal Pradesh,02-01-2010,14336.82645
620,Kinnaur,12,2,Himachal Pradesh,02-01-2010,13359.34929
621,Lahul & Spiti,3,2,Himachal Pradesh,02-01-2010,13044.71139
622,Kullu,4,2,Himachal Pradesh,02-01-2010,13706.44056
623,Mandi,5,2,Himachal Pradesh,02-01-2010,14455.35915
624,Hoshiarpur,5,3,Punjab,02-01-2010,14689.55935
625,Amritsar,2,3,Punjab,02-01-2010,14609.33602
626,Firozpur,11,3,Punjab,02-01-2010,14618.09786
627,Bathinda,14,3,Punjab,02-01-2010,14632.22488
628,Gurdaspur,1,3,Punjab,02-01-2010,14613.12548
629,Faridkot,13,3,Punjab,02-01-2010,14610.03061
630,Fatehgarh Sahib,8,3,Punjab,02-01-2010,14667.41486
631,Rupnagar,7,3,Punjab,02-01-2010,14729.41122
632,Jalandhar,4,3,Punjab,02-01-2010,14661.87857
633,Kapurthala,3,3,Punjab,02-01-2010,14635.37184
634,Ludhiana,9,3,Punjab,02-01-2010,14658.90842
635,Mansa,15,3,Punjab,02-01-2010,14638.22986
636,Moga,10,3,Punjab,02-01-2010,14600.64175
637,Muktsar,12,3,Punjab,02-01-2010,14614.52079
638,Nawanshahr,6,3,Punjab,02-01-2010,14700.78268
639,Patiala,17,3,Punjab,02-01-2010,14664.07482
640,Sangrur,16,3,Punjab,02-01-2010,14610.88259
641,Hardwar,13,5,Uttarakhand,02-01-2010,14752.73874
642,Bageshwar,8,5,Uttarakhand,02-01-2010,14248.5962
643,Almora,9,5,Uttarakhand,02-01-2010,14545.33138
644,Chamoli,2,5,Uttarakhand,02-01-2010,13746.32575
645,Champawat,10,5,Uttarakhand,02-01-2010,14557.90721
646,Dehradun,5,5,Uttarakhand,02-01-2010,14602.07612
647,Garhwal,6,5,Uttarakhand,02-01-2010,14574.32041
648,Rudraprayag,3,5,Uttarakhand,02-01-2010,14122.8739
649,Tehri Garhwal,4,5,Uttarakhand,02-01-2010,14366.59421
650,Udham Singh Nagar,12,5,Uttarakhand,02-01-2010,14726.24287
651,Uttarkashi,1,5,Uttarakhand,02-01-2010,13727.63699
652,Nainital,11,5,Uttarakhand,02-01-2010,14654.50688
653,Pithoragarh,7,5,Uttarakhand,02-01-2010,13862.25449
654,Hisar,12,6,Haryana,02-01-2010,14734.13099
655,Ambala,2,6,Haryana,02-01-2010,14702.95235
656,Gurgaon,18,6,Haryana,02-01-2010,14793.10941
657,Faridabad,19,6,Haryana,02-01-2010,14764.81936
658,Fatehabad,10,6,Haryana,02-01-2010,14658.17782
659,Rohtak,14,6,Haryana,02-01-2010,14694.11246
660,Sirsa,11,6,Haryana,02-01-2010,14692.08383
661,Sonipat,8,6,Haryana,02-01-2010,14699.44898
662,Yamunanagar,3,6,Haryana,02-01-2010,14708.97936
663,Jhajjar,15,6,Haryana,02-01-2010,14717.77111
664,Mahendragarh,16,6,Haryana,02-01-2010,14845.88944
665,Rewari,17,6,Haryana,02-01-2010,14738.62454
666,Bhiwani,13,6,Haryana,02-01-2010,14789.82529
667,Jind,9,6,Haryana,02-01-2010,14651.59436
668,Kaithal,5,6,Haryana,02-01-2010,14620.14695
669,Karnal,6,6,Haryana,02-01-2010,14642.08731
670,Kurukshetra,4,6,Haryana,02-01-2010,14648.37027
671,Panchkula,1,6,Haryana,02-01-2010,14811.07358
672,Panipat,7,6,Haryana,02-01-2010,14692.9847
673,Central,6,7,Delhi  & NCR,02-01-2010,14872.6985
674,East,4,7,Delhi  & NCR,02-01-2010,14867.65141
675,New Delhi,5,7,Delhi  & NCR,02-01-2010,14829.00022
676,North,2,7,Delhi  & NCR,02-01-2010,14842.1322
677,North East,3,7,Delhi  & NCR,02-01-2010,14856.14094
678,North West,1,7,Delhi  & NCR,02-01-2010,14826.9212
679,South,9,7,Delhi  & NCR,02-01-2010,14865.78342
680,South West,8,7,Delhi  & NCR,02-01-2010,14835.64911
681,West,7,7,Delhi  & NCR,02-01-2010,14890.06381
682,Ajmer,21,8,Rajasthan,02-01-2010,15348.8669
683,Banswara,28,8,Rajasthan,02-01-2010,15338.51911
684,Barmer,17,8,Rajasthan,02-01-2010,15453.04688
685,Bhilwara,24,8,Rajasthan,02-01-2010,15332.2304
686,Bikaner,3,8,Rajasthan,02-01-2010,15293.59968
687,Bharatpur,7,8,Rajasthan,02-01-2010,14907.13696
688,Bundi,23,8,Rajasthan,02-01-2010,15172.22542
689,Chittaurgarh,29,8,Rajasthan,02-01-2010,15298.77053
690,Churu,4,8,Rajasthan,02-01-2010,15242.42123
691,Dausa,11,8,Rajasthan,02-01-2010,15043.22307
692,Dhaulpur,8,8,Rajasthan,02-01-2010,15042.91123
693,Dungarpur,27,8,Rajasthan,02-01-2010,15302.70309
694,Karauli,9,8,Rajasthan,02-01-2010,15111.78152
695,Sirohi,19,8,Rajasthan,02-01-2010,15370.59885
696,Tonk,22,8,Rajasthan,02-01-2010,15283.22613
697,Sikar,13,8,Rajasthan,02-01-2010,15083.63738
698,Alwar,6,8,Rajasthan,02-01-2010,14879.03653
699,Udaipur,26,8,Rajasthan,02-01-2010,15295.93205
700,Ganganagar,1,8,Rajasthan,02-01-2010,14954.64303
701,Hanumangarh,2,8,Rajasthan,02-01-2010,14976.19538
702,Baran,31,8,Rajasthan,02-01-2010,15204.68253
703,Jaipur,12,8,Rajasthan,02-01-2010,15137.78001
704,Jaisalmer,16,8,Rajasthan,02-01-2010,15395.67253
705,Jalor,18,8,Rajasthan,02-01-2010,15411.13112
706,Jhalawar,32,8,Rajasthan,02-01-2010,15296.48114
707,Jhunjhunun,5,8,Rajasthan,02-01-2010,15035.96455
708,Jodhpur,15,8,Rajasthan,02-01-2010,15368.37196
709,Kota,30,8,Rajasthan,02-01-2010,15150.00958
710,Nagaur,14,8,Rajasthan,02-01-2010,15275.57967
711,Pali,20,8,Rajasthan,02-01-2010,15438.39931
712,Rajsamand,25,8,Rajasthan,02-01-2010,15262.37587
713,Sawai Madhopur,10,8,Rajasthan,02-01-2010,15109.81483
714,Hathras,13,9,Uttar Pradesh,02-01-2010,14843.29702
715,Auraiya,32,9,Uttar Pradesh,02-01-2010,14861.96477
716,Azamgarh,61,9,Uttar Pradesh,02-01-2010,14849.01957
717,Budaun,19,9,Uttar Pradesh,02-01-2010,14757.70922
718,Agra,15,9,Uttar Pradesh,02-01-2010,14904.30465
719,Aligarh,12,9,Uttar Pradesh,02-01-2010,14773.3696
720,Allahabad,45,9,Uttar Pradesh,02-01-2010,14919.30171
721,Ambedkar Nagar,48,9,Uttar Pradesh,02-01-2010,14806.49449
722,Bareilly,20,9,Uttar Pradesh,02-01-2010,14738.51737
723,Bijnor,3,9,Uttar Pradesh,02-01-2010,14757.42002
724,Basti,55,9,Uttar Pradesh,02-01-2010,14824.24689
725,Baghpat,8,9,Uttar Pradesh,02-01-2010,14753.4346
726,Bahraich,50,9,Uttar Pradesh,02-01-2010,14786.8228
727,Ballia,63,9,Uttar Pradesh,02-01-2010,14861.90422
728,Balrampur,52,9,Uttar Pradesh,02-01-2010,14842.57623
729,Banda,40,9,Uttar Pradesh,02-01-2010,14949.95351
730,Barabanki,46,9,Uttar Pradesh,02-01-2010,14818.67214
731,Chitrakoot,41,9,Uttar Pradesh,02-01-2010,15020.17567
732,Chandauli,66,9,Uttar Pradesh,02-01-2010,14969.53766
733,Deoria,60,9,Uttar Pradesh,02-01-2010,14835.62734
734,Etah,17,9,Uttar Pradesh,02-01-2010,14799.08444
735,Kanpur Dehat,33,9,Uttar Pradesh,02-01-2010,14877.96644
736,Etawah,31,9,Uttar Pradesh,02-01-2010,14869.92242
737,Faizabad,47,9,Uttar Pradesh,02-01-2010,14825.1141
738,Ghazipur,65,9,Uttar Pradesh,02-01-2010,14878.62768
739,Gonda,53,9,Uttar Pradesh,02-01-2010,14820.83168
740,Gorakhpur,58,9,Uttar Pradesh,02-01-2010,14809.58463
741,Farrukhabad,29,9,Uttar Pradesh,02-01-2010,14858.53698
742,Fatehpur,42,9,Uttar Pradesh,02-01-2010,14878.76961
743,Firozabad,16,9,Uttar Pradesh,02-01-2010,14864.05227
744,Hamirpur,38,9,Uttar Pradesh,02-01-2010,14962.27821
745,Hardoi,25,9,Uttar Pradesh,02-01-2010,14802.89875
746,Shrawasti,51,9,Uttar Pradesh,02-01-2010,14798.29303
747,Saharanpur,1,9,Uttar Pradesh,02-01-2010,14711.03247
748,Sitapur,24,9,Uttar Pradesh,02-01-2010,14813.16153
749,Sultanpur,49,9,Uttar Pradesh,02-01-2010,14849.67751
750,Sonbhadra,70,9,Uttar Pradesh,02-01-2010,15083.35555
751,Siddharthnagar,54,9,Uttar Pradesh,02-01-2010,14779.39221
752,Unnao,26,9,Uttar Pradesh,02-01-2010,14843.85482
753,Varanasi,67,9,Uttar Pradesh,02-01-2010,14896.96026
754,Bulandshahr,11,9,Uttar Pradesh,02-01-2010,14730.56805
755,Gautam Buddha Nagar,10,9,Uttar Pradesh,02-01-2010,14779.48989
756,Ghaziabad,9,9,Uttar Pradesh,02-01-2010,14762.42126
757,Jalaun,35,9,Uttar Pradesh,02-01-2010,14952.589
758,Jaunpur,64,9,Uttar Pradesh,02-01-2010,14860.13909
759,Jhansi,36,9,Uttar Pradesh,02-01-2010,15006.83171
760,Jyotiba Phule Nagar,6,9,Uttar Pradesh,02-01-2010,14752.49495
761,Kannauj,30,9,Uttar Pradesh,02-01-2010,14864.00869
762,Kanpur Nagar,34,9,Uttar Pradesh,02-01-2010,14900.37296
763,Kaushambi,44,9,Uttar Pradesh,02-01-2010,14888.51281
764,Kheri,23,9,Uttar Pradesh,02-01-2010,14789.00054
765,Mirzapur,69,9,Uttar Pradesh,02-01-2010,15032.88561
766,Moradabad,4,9,Uttar Pradesh,02-01-2010,14734.61184
767,Muzaffarnagar,2,9,Uttar Pradesh,02-01-2010,14725.707
768,Rae Bareli,28,9,Uttar Pradesh,02-01-2010,14850.51744
769,Kushinagar,59,9,Uttar Pradesh,02-01-2010,14847.43743
770,Lucknow,27,9,Uttar Pradesh,02-01-2010,14868.16693
771,Lalitpur,37,9,Uttar Pradesh,02-01-2010,15018.8341
772,Mahrajganj,57,9,Uttar Pradesh,02-01-2010,14785.01231
773,Mahoba,39,9,Uttar Pradesh,02-01-2010,15007.23499
774,Mainpuri,18,9,Uttar Pradesh,02-01-2010,14832.3721
775,Mathura,14,9,Uttar Pradesh,02-01-2010,14802.49895
776,Mau,62,9,Uttar Pradesh,02-01-2010,14836.75698
777,Meerut,7,9,Uttar Pradesh,02-01-2010,14754.02349
778,Pilibhit,21,9,Uttar Pradesh,02-01-2010,14732.59539
779,Pratapgarh,43,9,Uttar Pradesh,02-01-2010,14868.99435
780,Rampur,5,9,Uttar Pradesh,02-01-2010,14720.08628
781,Sant Ravidas Nagar Bhadohi,68,9,Uttar Pradesh,02-01-2010,14878.55334
782,Sant Kabir Nagar,56,9,Uttar Pradesh,02-01-2010,14802.26784
783,Shahjahanpur,22,9,Uttar Pradesh,02-01-2010,14757.08386
784,Araria,7,10,Bihar,02-01-2010,14876.50931
785,Aurangabad,34,10,Bihar,02-01-2010,15078.30428
786,Banka,23,10,Bihar,02-01-2010,15126.65166
787,Bhagalpur,22,10,Bihar,02-01-2010,14956.05658
788,Begusarai,20,10,Bihar,02-01-2010,14859.28183
789,Saran,17,10,Bihar,02-01-2010,14868.7617
790,Katihar,10,10,Bihar,02-01-2010,14915.00895
791,Darbhanga,13,10,Bihar,02-01-2010,14857.5089
792,Gopalganj,15,10,Bihar,02-01-2010,14864.65426
793,Sheikhpura,26,10,Bihar,02-01-2010,14977.8849
794,Sheohar,3,10,Bihar,02-01-2010,14813.30524
795,Saharsa,12,10,Bihar,02-01-2010,14889.32683
796,Sitamarhi,4,10,Bihar,02-01-2010,14833.57849
797,Siwan,16,10,Bihar,02-01-2010,14877.83881
798,Supaul,6,10,Bihar,02-01-2010,14879.77125
799,Vaishali,18,10,Bihar,02-01-2010,14851.1656
800,Kaimur (Bhabua),31,10,Bihar,02-01-2010,15021.35228
801,Gaya,35,10,Bihar,02-01-2010,15095.90572
802,Bhojpur,29,10,Bihar,02-01-2010,14915.1971
803,Buxar,30,10,Bihar,02-01-2010,14883.32888
804,Jehanabad,33,10,Bihar,02-01-2010,14983.2838
805,Rohtas,32,10,Bihar,02-01-2010,14951.71113
806,Jamui,37,10,Bihar,02-01-2010,15108.91867
807,Kishanganj,8,10,Bihar,02-01-2010,14973.21972
808,Muzaffarpur,14,10,Bihar,02-01-2010,14864.16904
809,Purnia,9,10,Bihar,02-01-2010,14939.96777
810,Khagaria,21,10,Bihar,02-01-2010,14867.61189
811,Madhubani,5,10,Bihar,02-01-2010,14881.27707
812,Lakhisarai,25,10,Bihar,02-01-2010,14957.62328
813,Madhepura,11,10,Bihar,02-01-2010,14920.131
814,Purba Champaran,2,10,Bihar,02-01-2010,14833.09897
815,Munger,24,10,Bihar,02-01-2010,14974.06548
816,Nalanda,27,10,Bihar,02-01-2010,14964.34425
817,Nawada,36,10,Bihar,02-01-2010,15001.9923
818,Pashchim Champaran,1,10,Bihar,02-01-2010,14878.59224
819,Patna,28,10,Bihar,02-01-2010,14910.24372
820,Samastipur,19,10,Bihar,02-01-2010,14857.81798
821,East,4,11,Sikkim,02-01-2010,14356.40274
822,South,3,11,Sikkim,02-01-2010,14451.23935
823,West,2,11,Sikkim,02-01-2010,14267.2672
824,North,1,11,Sikkim,02-01-2010,13791.83291
825,Changlang,12,12,Arunanchal Pradesh,02-01-2010,14524.44132
826,Dibang Valley,10,12,Arunanchal Pradesh,02-01-2010,14022.73974
827,East Kameng,3,12,Arunanchal Pradesh,02-01-2010,14293.15624
828,East Siang,8,12,Arunanchal Pradesh,02-01-2010,14595.40885
829,Tawang,1,12,Arunanchal Pradesh,02-01-2010,14079.15047
830,Tirap,13,12,Arunanchal Pradesh,02-01-2010,14617.81408
831,West Kameng,2,12,Arunanchal Pradesh,02-01-2010,14293.7827
832,West Siang,7,12,Arunanchal Pradesh,02-01-2010,14279.41126
833,Upper Siang,9,12,Arunanchal Pradesh,02-01-2010,14103.0309
834,Upper Subansiri,6,12,Arunanchal Pradesh,02-01-2010,14090.0848
835,Lohit,11,12,Arunanchal Pradesh,02-01-2010,14235.80711
836,Lower Subansiri,5,12,Arunanchal Pradesh,02-01-2010,14179.91815
837,Papum Pare,4,12,Arunanchal Pradesh,02-01-2010,14456.96658
838,Tuensang,2,13,Nagaland,02-01-2010,14579.1437
839,Wokha,5,13,Nagaland,02-01-2010,14718.25351
840,Zunheboto,4,13,Nagaland,02-01-2010,14604.42456
841,Dimapur,6,13,Nagaland,02-01-2010,14872.50974
842,Kohima,7,13,Nagaland,02-01-2010,14675.49601
843,Mokokchung,3,13,Nagaland,02-01-2010,14685.99134
844,Mon,1,13,Nagaland,02-01-2010,14718.17723
845,Phek,8,13,Nagaland,02-01-2010,14561.97129
846,Bishnupur,4,14,Manipur,02-01-2010,14787.92346
847,Chandel,9,14,Manipur,02-01-2010,14753.11485
848,Churachandpur,3,14,Manipur,02-01-2010,14695.87433
849,Tamenglong,2,14,Manipur,02-01-2010,14622.90476
850,Thoubal,5,14,Manipur,02-01-2010,14863.3991
851,Ukhrul,8,14,Manipur,02-01-2010,14660.8577
852,Imphal East,7,14,Manipur,02-01-2010,14867.2289
853,Imphal West,6,14,Manipur,02-01-2010,14754.76284
854,Senapati (Excl. 3 sub-divisions),1,14,Manipur,02-01-2010,14646.61062
855,Aizawl,3,15,Mizoram,02-01-2010,14761.96359
856,Champhai,4,15,Mizoram,02-01-2010,14694.94887
857,Kolasib,2,15,Mizoram,02-01-2010,14785.89959
858,Mamit,1,15,Mizoram,02-01-2010,14815.92331
859,Lunglei,6,15,Mizoram,02-01-2010,14761.63284
860,Lawngtlai,7,15,Mizoram,02-01-2010,14822.53809
861,Saiha,8,15,Mizoram,02-01-2010,14737.13989
862,Serchhip,5,15,Mizoram,02-01-2010,14724.17655
863,Dhalai,3,16,Tripura,02-01-2010,14921.70886
864,South Tripura,2,16,Tripura,02-01-2010,14962.45568
865,West Tripura,1,16,Tripura,02-01-2010,14983.36493
866,North Tripura,4,16,Tripura,02-01-2010,14919.74642
867,East Garo Hills,2,17,Meghalaya,02-01-2010,14865.58501
868,East Khasi Hills,6,17,Meghalaya,02-01-2010,14726.49802
869,Ri Bhoi,5,17,Meghalaya,02-01-2010,14796.21573
870,South Garo Hills,3,17,Meghalaya,02-01-2010,14825.7795
871,West Garo Hills,1,17,Meghalaya,02-01-2010,14903.39674
872,West Khasi Hills,4,17,Meghalaya,02-01-2010,14745.68046
873,Jaintia Hills,7,17,Meghalaya,02-01-2010,14772.12627
874,Barpeta,5,18,Assam,02-01-2010,14932.74464
875,Bongaigaon,4,18,Assam,02-01-2010,14908.55664
876,Cachar,21,18,Assam,02-01-2010,14861.93067
877,Darrang,8,18,Assam,02-01-2010,14943.04091
878,Dhemaji,13,18,Assam,02-01-2010,14951.87677
879,Dhubri,2,18,Assam,02-01-2010,14937.88103
880,Dibrugarh,15,18,Assam,02-01-2010,14898.70165
881,Kamrup,6,18,Assam,02-01-2010,14900.22916
882,Karbi Anglong,19,18,Assam,02-01-2010,14798.518
883,Goalpara,3,18,Assam,02-01-2010,14952.25222
884,Golaghat,18,18,Assam,02-01-2010,14944.60344
885,Hailakandi,23,18,Assam,02-01-2010,14916.49267
886,Sonitpur,11,18,Assam,02-01-2010,14938.36007
887,Sibsagar,16,18,Assam,02-01-2010,14883.74663
888,Tinsukia,14,18,Assam,02-01-2010,14830.31995
889,Jorhat,17,18,Assam,02-01-2010,14915.89797
890,Karimganj,22,18,Assam,02-01-2010,14936.21227
891,Kokrajhar,1,18,Assam,02-01-2010,14931.67166
892,Lakhimpur,12,18,Assam,02-01-2010,14944.42981
893,Nagaon,10,18,Assam,02-01-2010,14937.86008
894,Marigaon,9,18,Assam,02-01-2010,14934.88341
895,Nalbari,7,18,Assam,02-01-2010,14940.17369
896,North Cachar Hills,20,18,Assam,02-01-2010,14776.91326
897,Hugli,12,19,West Bengal,02-01-2010,14993.8646
898,Barddhaman,9,19,West Bengal,02-01-2010,15034.07002
899,Birbhum,8,19,West Bengal,02-01-2010,15105.17938
900,Bankura,13,19,West Bengal,02-01-2010,15127.29446
901,Dakshin Dinajpur,5,19,West Bengal,02-01-2010,14999.53073
902,Darjiling,1,19,West Bengal,02-01-2010,14708.31699
903,Haora,16,19,West Bengal,02-01-2010,14984.7382
904,South  Twenty Four Parganas,18,19,West Bengal,02-01-2010,15049.27158
905,Uttar Dinajpur,4,19,West Bengal,02-01-2010,14940.19583
906,Jalpaiguri,2,19,West Bengal,02-01-2010,14920.71365
907,Koch Bihar,3,19,West Bengal,02-01-2010,14883.28986
908,Murshidabad,7,19,West Bengal,02-01-2010,14991.02792
909,Puruliya,14,19,West Bengal,02-01-2010,15174.53056
910,Kolkata,17,19,West Bengal,02-01-2010,15103.37422
911,Maldah,6,19,West Bengal,02-01-2010,14962.78888
912,Nadia,10,19,West Bengal,02-01-2010,14988.70754
913,North Twenty Four Parganas,11,19,West Bengal,02-01-2010,14955.22756
914,Medinipur,15,19,West Bengal,02-01-2010,15116.99032
915,Bokaro,13,20,Jharkhand,02-01-2010,15146.6092
916,Deoghar,7,20,Jharkhand,02-01-2010,15224.22567
917,Dhanbad,12,20,Jharkhand,02-01-2010,15175.54756
918,Dumka,11,20,Jharkhand,02-01-2010,15206.79326
919,Giridih,6,20,Jharkhand,02-01-2010,15185.96863
920,Godda,8,20,Jharkhand,02-01-2010,15112.82305
921,Gumla,16,20,Jharkhand,02-01-2010,15149.132
922,Ranchi,14,20,Jharkhand,02-01-2010,15132.9813
923,Sahibganj,9,20,Jharkhand,02-01-2010,15065.46653
924,Garhwa,1,20,Jharkhand,02-01-2010,15143.69212
925,Palamu,2,20,Jharkhand,02-01-2010,15112.09786
926,Chatra,3,20,Jharkhand,02-01-2010,15123.32061
927,Hazaribagh,4,20,Jharkhand,02-01-2010,15116.92765
928,Kodarma,5,20,Jharkhand,02-01-2010,15094.98933
929,Purbi Singhbhum,18,20,Jharkhand,02-01-2010,15190.05099
930,Lohardaga,15,20,Jharkhand,02-01-2010,15076.8865
931,Pakaur,10,20,Jharkhand,02-01-2010,15204.13281
932,Pashchimi Singhbhum,17,20,Jharkhand,02-01-2010,15136.7891
933,Anugul,15,21,Orissa,02-01-2010,15206.62039
934,Bhadrak,9,21,Orissa,02-01-2010,15265.45474
935,Baudh,22,21,Orissa,02-01-2010,15195.98467
936,Balangir,24,21,Orissa,02-01-2010,15292.39744
937,Baleshwar,8,21,Orissa,02-01-2010,15199.5481
938,Bargarh,1,21,Orissa,02-01-2010,15216.68348
939,Kendrapara,10,21,Orissa,02-01-2010,15222.87799
940,Kendujhar,6,21,Orissa,02-01-2010,15238.51056
941,Debagarh,4,21,Orissa,02-01-2010,15173.97096
942,Cuttack,12,21,Orissa,02-01-2010,15265.28699
943,Dhenkanal,14,21,Orissa,02-01-2010,15258.78779
944,Kalahandi,26,21,Orissa,02-01-2010,15240.45921
945,Ganjam,19,21,Orissa,02-01-2010,15220.39665
946,Gajapati,20,21,Orissa,02-01-2010,15139.02653
947,Rayagada,27,21,Orissa,02-01-2010,15162.67847
948,Sundargarh,5,21,Orissa,02-01-2010,15170.66594
949,Sonapur,23,21,Orissa,02-01-2010,15229.83797
950,Jajapur,13,21,Orissa,02-01-2010,15295.68445
951,Jagatsinghapur,11,21,Orissa,02-01-2010,15292.31368
952,Jharsuguda,2,21,Orissa,02-01-2010,15194.11381
953,Khordha,17,21,Orissa,02-01-2010,15290.19125
954,Mayurbhanj,7,21,Orissa,02-01-2010,15175.06298
955,Puri,18,21,Orissa,02-01-2010,15215.60149
956,Koraput,29,21,Orissa,02-01-2010,15253.9526
957,Malkangiri,30,21,Orissa,02-01-2010,15237.24702
958,Nabarangapur,28,21,Orissa,02-01-2010,15359.43694
959,Nayagarh,16,21,Orissa,02-01-2010,15200.63819
960,Nuapada,25,21,Orissa,02-01-2010,15308.86377
961,Kandhamal,21,21,Orissa,02-01-2010,15078.62276
962,Sambalpur,3,21,Orissa,02-01-2010,15165.54582
963,Bastar,15,22,Chhattisgarh,02-01-2010,15213.29506
964,Dantewada,16,22,Chhattisgarh,02-01-2010,15189.37551
965,Dhamtari,13,22,Chhattisgarh,02-01-2010,15195.85561
966,Durg,10,22,Chhattisgarh,02-01-2010,15192.69154
967,Kanker,14,22,Chhattisgarh,02-01-2010,15199.84286
968,Surguja,2,22,Chhattisgarh,02-01-2010,15087.78423
969,Bilaspur,7,22,Chhattisgarh,02-01-2010,15210.62101
970,Janjgir - Champa,6,22,Chhattisgarh,02-01-2010,15243.78984
971,Korba,5,22,Chhattisgarh,02-01-2010,15141.55806
972,Kawardha,8,22,Chhattisgarh,02-01-2010,15182.41271
973,Jashpur,3,22,Chhattisgarh,02-01-2010,15125.27768
974,Koriya,1,22,Chhattisgarh,02-01-2010,15051.37865
975,Mahasamund,12,22,Chhattisgarh,02-01-2010,15265.26454
976,Raigarh,4,22,Chhattisgarh,02-01-2010,15176.04433
977,Raipur,11,22,Chhattisgarh,02-01-2010,15241.2791
978,Rajnandgaon,9,22,Chhattisgarh,02-01-2010,15163.97572
979,Hoshangabad,37,23,Madhya Pradesh,02-01-2010,14986.43288
980,Indore,26,23,Madhya Pradesh,02-01-2010,15215.11825
981,Bhind,3,23,Madhya Pradesh,02-01-2010,14948.44742
982,Bhopal,32,23,Madhya Pradesh,02-01-2010,15098.96535
983,Barwani,28,23,Madhya Pradesh,02-01-2010,15441.56527
984,Betul,35,23,Madhya Pradesh,02-01-2010,15210.75439
985,Balaghat,45,23,Madhya Pradesh,02-01-2010,15037.1502
986,Chhatarpur,9,23,Madhya Pradesh,02-01-2010,15068.36528
987,Chhindwara,43,23,Madhya Pradesh,02-01-2010,15172.69983
988,Dewas,23,23,Madhya Pradesh,02-01-2010,15224.19664
989,Katni,38,23,Madhya Pradesh,02-01-2010,15127.12171
990,Datia,5,23,Madhya Pradesh,02-01-2010,14961.85654
991,Damoh,12,23,Madhya Pradesh,02-01-2010,15156.46649
992,Dhar,25,23,Madhya Pradesh,02-01-2010,15402.83255
993,East Nimar,29,23,Madhya Pradesh,02-01-2010,15324.74991
994,Guna,7,23,Madhya Pradesh,02-01-2010,15190.49834
995,Gwalior,4,23,Madhya Pradesh,02-01-2010,15056.85663
996,Harda,36,23,Madhya Pradesh,02-01-2010,15087.29393
997,Shajapur,22,23,Madhya Pradesh,02-01-2010,15271.49297
998,Shivpuri,6,23,Madhya Pradesh,02-01-2010,15168.08988
999,Ratlam,20,23,Madhya Pradesh,02-01-2010,15430.89732
1000,Rewa,14,23,Madhya Pradesh,02-01-2010,15060.60921
1001,Sagar,11,23,Madhya Pradesh,02-01-2010,15115.01899
1002,Sidhi,17,23,Madhya Pradesh,02-01-2010,15083.52556
1003,Ujjain,21,23,Madhya Pradesh,02-01-2010,15325.28158
1004,Vidisha,31,23,Madhya Pradesh,02-01-2010,15074.04343
1005,West Nimar,27,23,Madhya Pradesh,02-01-2010,15387.61089
1006,Morena,2,23,Madhya Pradesh,02-01-2010,15026.11986
1007,Sheopur,1,23,Madhya Pradesh,02-01-2010,15181.51066
1008,Dindori,41,23,Madhya Pradesh,02-01-2010,15197.12272
1009,Mandla,42,23,Madhya Pradesh,02-01-2010,15171.38591
1010,Shahdol,16,23,Madhya Pradesh,02-01-2010,15142.27909
1011,Umaria,15,23,Madhya Pradesh,02-01-2010,15104.67203
1012,Jabalpur,39,23,Madhya Pradesh,02-01-2010,15122.84832
1013,Jhabua,24,23,Madhya Pradesh,02-01-2010,15486.96196
1014,Mandsaur,19,23,Madhya Pradesh,02-01-2010,15330.90828
1015,Tikamgarh,8,23,Madhya Pradesh,02-01-2010,15056.99465
1016,Narsimhapur,40,23,Madhya Pradesh,02-01-2010,15181.78518
1017,Neemuch,18,23,Madhya Pradesh,02-01-2010,15342.55621
1018,Panna,10,23,Madhya Pradesh,02-01-2010,15113.37329
1019,Raisen,34,23,Madhya Pradesh,02-01-2010,15074.442
1020,Rajgarh,30,23,Madhya Pradesh,02-01-2010,15297.064
1021,Satna,13,23,Madhya Pradesh,02-01-2010,15037.42116
1022,Sehore,33,23,Madhya Pradesh,02-01-2010,15120.28094
1023,Seoni,44,23,Madhya Pradesh,02-01-2010,15147.24536
1024,Anand,15,24,Gujarat,02-01-2010,15165.11776
1025,Ahmadabad,7,24,Gujarat,02-01-2010,15441.5537
1026,Amreli,13,24,Gujarat,02-01-2010,15592.16911
1027,Bhavnagar,14,24,Gujarat,02-01-2010,15585.15745
1028,Banas Kantha,2,24,Gujarat,02-01-2010,15317.95787
1029,Dohad,18,24,Gujarat,02-01-2010,15423.38726
1030,Junagadh,12,24,Gujarat,02-01-2010,15472.75773
1031,Kachchh,1,24,Gujarat,02-01-2010,15385.1092
1032,Gandhinagar,6,24,Gujarat,02-01-2010,15272.92522
1033,Sabar Kantha,5,24,Gujarat,02-01-2010,15305.67335
1034,Surendranagar,8,24,Gujarat,02-01-2010,15514.74006
1035,The Dangs,23,24,Gujarat,02-01-2010,15320.22446
1036,Vadodara,19,24,Gujarat,02-01-2010,15342.43127
1037,Valsad,25,24,Gujarat,02-01-2010,15329.61901
1038,Bharuch,21,24,Gujarat,02-01-2010,15392.07862
1039,Surat,22,24,Gujarat,02-01-2010,15296.58292
1040,Jamnagar,10,24,Gujarat,02-01-2010,15454.19787
1041,Kheda,16,24,Gujarat,02-01-2010,15273.10078
1042,Mahesana,4,24,Gujarat,02-01-2010,15288.53777
1043,Narmada,20,24,Gujarat,02-01-2010,15382.73337
1044,Navsari,24,24,Gujarat,02-01-2010,15267.65473
1045,Panch Mahals,17,24,Gujarat,02-01-2010,15390.85695
1046,Patan,3,24,Gujarat,02-01-2010,15424.53681
1047,Porbandar,11,24,Gujarat,02-01-2010,15431.91666
1048,Rajkot,9,24,Gujarat,02-01-2010,15534.06409
1049,Daman,2,25,Daman & Diu,02-01-2010,15165.60325
1050,Diu,1,25,Daman & Diu,02-01-2010,15183.2316
1051,Hingoli,16,27,Maharashtra,02-01-2010,15543.47792
1052,Aurangabad,19,27,Maharashtra,02-01-2010,15382.7067
1053,Ahmadnagar,26,27,Maharashtra,02-01-2010,15439.4693
1054,Akola,5,27,Maharashtra,02-01-2010,15491.42563
1055,Amravati,7,27,Maharashtra,02-01-2010,15398.19655
1056,Bid,27,27,Maharashtra,02-01-2010,15452.26946
1057,Bhandara,10,27,Maharashtra,02-01-2010,15180.709
1058,Buldana,4,27,Maharashtra,02-01-2010,15439.9413
1059,Chandrapur,13,27,Maharashtra,02-01-2010,15381.78712
1060,Dhule,2,27,Maharashtra,02-01-2010,15473.34651
1061,Gadchiroli,12,27,Maharashtra,02-01-2010,15210.97464
1062,Gondiya,11,27,Maharashtra,02-01-2010,15124.72285
1063,Ratnagiri,32,27,Maharashtra,02-01-2010,15347.08509
1064,Raigarh,24,27,Maharashtra,02-01-2010,15348.17193
1065,Thane,21,27,Maharashtra,02-01-2010,15393.74182
1066,Solapur,30,27,Maharashtra,02-01-2010,15494.87697
1067,Sindhudurg,33,27,Maharashtra,02-01-2010,15313.15169
1068,Wardha,8,27,Maharashtra,02-01-2010,15424.08821
1069,Washim,6,27,Maharashtra,02-01-2010,15538.12962
1070,Yavatmal,14,27,Maharashtra,02-01-2010,15531.7265
1071,Jalgaon,3,27,Maharashtra,02-01-2010,15365.40892
1072,Jalna,18,27,Maharashtra,02-01-2010,15462.01118
1073,Kolhapur,34,27,Maharashtra,02-01-2010,15331.04439
1074,Latur,28,27,Maharashtra,02-01-2010,15567.58441
1075,Pune,25,27,Maharashtra,02-01-2010,15376.22034
1076,Nagpur,9,27,Maharashtra,02-01-2010,15268.37179
1077,Mumbai,23,27,Maharashtra,02-01-2010,15187.92536
1078,Mumbai (Suburban),22,27,Maharashtra,02-01-2010,15235.42373
1079,Nanded,15,27,Maharashtra,02-01-2010,15526.21147
1080,Nandurbar,1,27,Maharashtra,02-01-2010,15415.0203
1081,Nashik,20,27,Maharashtra,02-01-2010,15387.08577
1082,Osmanabad,29,27,Maharashtra,02-01-2010,15494.07094
1083,Parbhani,17,27,Maharashtra,02-01-2010,15528.4371
1084,Sangli,35,27,Maharashtra,02-01-2010,15513.90028
1085,Satara,31,27,Maharashtra,02-01-2010,15389.20265
1086,Hyderabad,5,28,Andhra Pradesh,02-01-2010,15303.92143
1087,Anantapur,22,28,Andhra Pradesh,02-01-2010,15584.62928
1088,Adilabad,1,28,Andhra Pradesh,02-01-2010,15436.69491
1089,Chittoor,23,28,Andhra Pradesh,02-01-2010,15388.53722
1090,Cuddapah,20,28,Andhra Pradesh,02-01-2010,15425.01313
1091,East Godavari,14,28,Andhra Pradesh,02-01-2010,15193.36782
1092,Karimnagar,3,28,Andhra Pradesh,02-01-2010,15362.40349
1093,Guntur,17,28,Andhra Pradesh,02-01-2010,15263.18761
1094,Rangareddi,6,28,Andhra Pradesh,02-01-2010,15466.93161
1095,Srikakulam,11,28,Andhra Pradesh,02-01-2010,15269.48467
1096,West Godavari,15,28,Andhra Pradesh,02-01-2010,15191.90486
1097,Visakhapatnam,13,28,Andhra Pradesh,02-01-2010,15216.81971
1098,Vizianagaram,12,28,Andhra Pradesh,02-01-2010,15249.19434
1099,Warangal,9,28,Andhra Pradesh,02-01-2010,15382.59416
1100,Khammam,10,28,Andhra Pradesh,02-01-2010,15309.02403
1101,Medak,4,28,Andhra Pradesh,02-01-2010,15406.73926
1102,Krishna,16,28,Andhra Pradesh,02-01-2010,15216.51057
1103,Kurnool,21,28,Andhra Pradesh,02-01-2010,15479.49791
1104,Mahbubnagar,7,28,Andhra Pradesh,02-01-2010,15453.31717
1105,Nalgonda,8,28,Andhra Pradesh,02-01-2010,15330.71801
1106,Nellore,19,28,Andhra Pradesh,02-01-2010,15269.9204
1107,Nizamabad,2,28,Andhra Pradesh,02-01-2010,15364.89255
1108,Prakasam,18,28,Andhra Pradesh,02-01-2010,15329.04434
1109,Hassan,23,29,Karnataka,02-01-2010,15365.22528
1110,Haveri,11,29,Karnataka,02-01-2010,15512.77229
1111,Bagalkot,2,29,Karnataka,02-01-2010,15477.16951
1112,Bangalore,20,29,Karnataka,02-01-2010,15415.79126
1113,Bidar,5,29,Karnataka,02-01-2010,15549.86166
1114,Bijapur,3,29,Karnataka,02-01-2010,15598.60937
1115,Belgaum,1,29,Karnataka,02-01-2010,15436.57764
1116,Bellary,12,29,Karnataka,02-01-2010,15459.47177
1117,Bangalore Rural,21,29,Karnataka,02-01-2010,15475.55733
1118,Chamarajanagar,27,29,Karnataka,02-01-2010,15469.30145
1119,Chikmagalur,17,29,Karnataka,02-01-2010,15221.20458
1120,Chitradurga,13,29,Karnataka,02-01-2010,15566.9487
1121,Dakshina Kannada,24,29,Karnataka,02-01-2010,15186.29525
1122,Davanagere,14,29,Karnataka,02-01-2010,15470.49613
1123,Dharwad,9,29,Karnataka,02-01-2010,15513.78761
1124,Gulbarga,4,29,Karnataka,02-01-2010,15584.01779
1125,Gadag,8,29,Karnataka,02-01-2010,15579.51994
1126,Shimoga,15,29,Karnataka,02-01-2010,15269.15943
1127,Tumkur,18,29,Karnataka,02-01-2010,15509.54487
1128,Udupi,16,29,Karnataka,02-01-2010,15234.01833
1129,Uttara Kannada,10,29,Karnataka,02-01-2010,15161.48216
1130,Kodagu,25,29,Karnataka,02-01-2010,15057.38881
1131,Kolar,19,29,Karnataka,02-01-2010,15483.27952
1132,Mandya,22,29,Karnataka,02-01-2010,15384.18403
1133,Koppal,7,29,Karnataka,02-01-2010,15508.90685
1134,Mysore,26,29,Karnataka,02-01-2010,15468.60819
1135,Raichur,6,29,Karnataka,02-01-2010,15454.34276
1136,South Goa,2,30,Goa,02-01-2010,15213.07294
1137,North Goa,1,30,Goa,02-01-2010,15254.7112
1138,Idukki,9,32,Kerala,02-01-2010,15095.22075
1139,Alappuzha,11,32,Kerala,02-01-2010,15203.03675
1140,Kasaragod,1,32,Kerala,02-01-2010,15243.88594
1141,Kannur,2,32,Kerala,02-01-2010,15203.70863
1142,Ernakulam,8,32,Kerala,02-01-2010,15247.48006
1143,Thrissur,7,32,Kerala,02-01-2010,15218.19185
1144,Thiruvananthapuram,14,32,Kerala,02-01-2010,15252.60041
1145,Wayanad,3,32,Kerala,02-01-2010,15057.22466
1146,Kollam,13,32,Kerala,02-01-2010,15251.60219
1147,Kottayam,10,32,Kerala,02-01-2010,15244.57916
1148,Kozhikode,4,32,Kerala,02-01-2010,15164.64463
1149,Malappuram,5,32,Kerala,02-01-2010,15197.38754
1150,Palakkad,6,32,Kerala,02-01-2010,15199.49669
1151,Pathanamthitta,12,32,Kerala,02-01-2010,15181.19918
1152,Ariyalur,17,33,Tamil Nadu,02-01-2010,15326.64311
1153,Coimbatore,12,33,Tamil Nadu,02-01-2010,15359.66443
1154,Cuddalore,18,33,Tamil Nadu,02-01-2010,15310.85469
1155,Dharmapuri,5,33,Tamil Nadu,02-01-2010,15425.33728
1156,Dindigul,13,33,Tamil Nadu,02-01-2010,15340.96285
1157,Erode,10,33,Tamil Nadu,02-01-2010,15407.33846
1158,Sivaganga,23,33,Tamil Nadu,02-01-2010,15402.09643
1159,Tiruchirappalli,15,33,Tamil Nadu,02-01-2010,15414.15924
1160,Tirunelveli,29,33,Tamil Nadu,02-01-2010,15344.54418
1161,Tiruvannamalai,6,33,Tamil Nadu,02-01-2010,15316.99221
1162,Thoothukkudi,28,33,Tamil Nadu,02-01-2010,15488.35331
1163,Theni,25,33,Tamil Nadu,02-01-2010,15324.42292
1164,Vellore,4,33,Tamil Nadu,02-01-2010,15346.15851
1165,Viluppuram,7,33,Tamil Nadu,02-01-2010,15299.35219
1166,Virudhunagar,26,33,Tamil Nadu,02-01-2010,15548.87533
1167,Chennai,2,33,Tamil Nadu,02-01-2010,15326.72325
1168,Kancheepuram,3,33,Tamil Nadu,02-01-2010,15266.48929
1169,Thiruvallur,1,33,Tamil Nadu,02-01-2010,15338.90611
1170,Thanjavur,21,33,Tamil Nadu,02-01-2010,15297.39878
1171,Thiruvarur,20,33,Tamil Nadu,02-01-2010,15290.67193
1172,Nagapattinam,19,33,Tamil Nadu,02-01-2010,15253.72721
1173,Kanniyakumari,30,33,Tamil Nadu,02-01-2010,15248.71809
1174,Karur,14,33,Tamil Nadu,02-01-2010,15530.35852
1175,Madurai,24,33,Tamil Nadu,02-01-2010,15443.27374
1176,Namakkal,9,33,Tamil Nadu,02-01-2010,15505.82388
1177,The Nilgiris,11,33,Tamil Nadu,02-01-2010,15043.03452
1178,Perambalur,16,33,Tamil Nadu,02-01-2010,15372.20995
1179,Pudukkottai,22,33,Tamil Nadu,02-01-2010,15350.60823
1180,Ramanathapuram,27,33,Tamil Nadu,02-01-2010,15371.86668
1181,Salem,8,33,Tamil Nadu,02-01-2010,15424.71107
1182,Yanam,1,34,Puducherry,02-01-2010,15176.79804
1183,Karaikal,4,34,Puducherry,02-01-2010,15253.28685
1184,Mahe,3,34,Puducherry,02-01-2010,15186.38582
1185,Pondicherry,2,34,Puducherry,02-01-2010,15268.23098
1186,Nicobars,2,35,Andaman & Nicobar Island,02-01-2010,14998.35255
1187,Andamans,1,35,Andaman & Nicobar Island,02-01-2010,15087.75482
1188,Lakshadweep,1,31,Lakshadweep,03-01-2010,15121.37824
1189,Chandigarh,1,4,Chandigarh,03-01-2010,15294.50162
1190,Dadra & Nagar Haveli,1,26,Dadara & Nagar Havelli,03-01-2010,15701.81158
1191,North Goa,1,30,Goa,03-01-2010,15352.6518
1192,South Goa,2,30,Goa,03-01-2010,15309.87486
1193,Jorhat,17,18,Assam,03-01-2010,15071.46339
1194,Karimganj,22,18,Assam,03-01-2010,15207.69168
1195,Kokrajhar,1,18,Assam,03-01-2010,15128.43796
1196,Lakhimpur,12,18,Assam,03-01-2010,15116.05404
1197,Nagaon,10,18,Assam,03-01-2010,15168.1196
1198,Marigaon,9,18,Assam,03-01-2010,15126.69987
1199,Nalbari,7,18,Assam,03-01-2010,15123.04526
1200,North Cachar Hills,20,18,Assam,03-01-2010,15093.74396
1201,Sonitpur,11,18,Assam,03-01-2010,15108.48232
1202,Sibsagar,16,18,Assam,03-01-2010,15084.06174
1203,Tinsukia,14,18,Assam,03-01-2010,15005.99942
1204,Barpeta,5,18,Assam,03-01-2010,15127.65904
1205,Bongaigaon,4,18,Assam,03-01-2010,15122.52387
1206,Cachar,21,18,Assam,03-01-2010,15061.15319
1207,Darrang,8,18,Assam,03-01-2010,15110.50782
1208,Dhemaji,13,18,Assam,03-01-2010,15080.9495
1209,Dhubri,2,18,Assam,03-01-2010,15172.45708
1210,Dibrugarh,15,18,Assam,03-01-2010,15039.89722
1211,Kamrup,6,18,Assam,03-01-2010,15151.117
1212,Karbi Anglong,19,18,Assam,03-01-2010,15076.81261
1213,Goalpara,3,18,Assam,03-01-2010,15232.63433
1214,Golaghat,18,18,Assam,03-01-2010,15135.10662
1215,Hailakandi,23,18,Assam,03-01-2010,15181.50926
1216,Jamui,37,10,Bihar,03-01-2010,15538.20949
1217,Kishanganj,8,10,Bihar,03-01-2010,15251.84221
1218,Muzaffarpur,14,10,Bihar,03-01-2010,15231.75135
1219,Purnia,9,10,Bihar,03-01-2010,15182.16615
1220,Khagaria,21,10,Bihar,03-01-2010,15148.07391
1221,Madhubani,5,10,Bihar,03-01-2010,15220.92324
1222,Lakhisarai,25,10,Bihar,03-01-2010,15415.60127
1223,Madhepura,11,10,Bihar,03-01-2010,15193.73144
1224,Purba Champaran,2,10,Bihar,03-01-2010,15200.52472
1225,Munger,24,10,Bihar,03-01-2010,15373.89929
1226,Nalanda,27,10,Bihar,03-01-2010,15458.67872
1227,Nawada,36,10,Bihar,03-01-2010,15460.78686
1228,Pashchim Champaran,1,10,Bihar,03-01-2010,15218.91421
1229,Patna,28,10,Bihar,03-01-2010,15391.08669
1230,Samastipur,19,10,Bihar,03-01-2010,15218.39076
1231,Sheikhpura,26,10,Bihar,03-01-2010,15443.45322
1232,Sheohar,3,10,Bihar,03-01-2010,15153.7724
1233,Saharsa,12,10,Bihar,03-01-2010,15186.73373
1234,Sitamarhi,4,10,Bihar,03-01-2010,15184.6947
1235,Siwan,16,10,Bihar,03-01-2010,15285.81115
1236,Supaul,6,10,Bihar,03-01-2010,15178.90142
1237,Vaishali,18,10,Bihar,03-01-2010,15286.92355
1238,Kaimur (Bhabua),31,10,Bihar,03-01-2010,15487.78079
1239,Gaya,35,10,Bihar,03-01-2010,15543.98319
1240,Bhojpur,29,10,Bihar,03-01-2010,15367.80203
1241,Buxar,30,10,Bihar,03-01-2010,15317.80282
1242,Jehanabad,33,10,Bihar,03-01-2010,15436.02782
1243,Rohtas,32,10,Bihar,03-01-2010,15369.67355
1244,Araria,7,10,Bihar,03-01-2010,15157.39982
1245,Aurangabad,34,10,Bihar,03-01-2010,15490.45695
1246,Banka,23,10,Bihar,03-01-2010,15488.30752
1247,Bhagalpur,22,10,Bihar,03-01-2010,15292.49262
1248,Begusarai,20,10,Bihar,03-01-2010,15263.32243
1249,Saran,17,10,Bihar,03-01-2010,15277.14794
1250,Katihar,10,10,Bihar,03-01-2010,15189.46502
1251,Darbhanga,13,10,Bihar,03-01-2010,15214.85247
1252,Gopalganj,15,10,Bihar,03-01-2010,15249.65274
1253,Kollam,13,32,Kerala,03-01-2010,15284.58535
1254,Kottayam,10,32,Kerala,03-01-2010,15276.08191
1255,Kozhikode,4,32,Kerala,03-01-2010,15235.23415
1256,Malappuram,5,32,Kerala,03-01-2010,15269.78518
1257,Palakkad,6,32,Kerala,03-01-2010,15324.20804
1258,Pathanamthitta,12,32,Kerala,03-01-2010,15209.74614
1259,Idukki,9,32,Kerala,03-01-2010,15157.38479
1260,Thrissur,7,32,Kerala,03-01-2010,15272.45003
1261,Thiruvananthapuram,14,32,Kerala,03-01-2010,15283.22393
1262,Wayanad,3,32,Kerala,03-01-2010,15177.24394
1263,Alappuzha,11,32,Kerala,03-01-2010,15238.08828
1264,Kasaragod,1,32,Kerala,03-01-2010,15322.5012
1265,Kannur,2,32,Kerala,03-01-2010,15278.74078
1266,Ernakulam,8,32,Kerala,03-01-2010,15274.30929
1267,Jajapur,13,21,Orissa,03-01-2010,15453.65983
1268,Jagatsinghapur,11,21,Orissa,03-01-2010,15411.53528
1269,Jharsuguda,2,21,Orissa,03-01-2010,15507.88977
1270,Khordha,17,21,Orissa,03-01-2010,15464.29292
1271,Mayurbhanj,7,21,Orissa,03-01-2010,15502.72852
1272,Puri,18,21,Orissa,03-01-2010,15347.43404
1273,Koraput,29,21,Orissa,03-01-2010,15493.30109
1274,Malkangiri,30,21,Orissa,03-01-2010,15488.56405
1275,Nabarangapur,28,21,Orissa,03-01-2010,15579.53148
1276,Nayagarh,16,21,Orissa,03-01-2010,15435.47783
1277,Nuapada,25,21,Orissa,03-01-2010,15613.56124
1278,Kandhamal,21,21,Orissa,03-01-2010,15400.577
1279,Sambalpur,3,21,Orissa,03-01-2010,15485.0744
1280,Rayagada,27,21,Orissa,03-01-2010,15439.10068
1281,Sundargarh,5,21,Orissa,03-01-2010,15564.8539
1282,Sonapur,23,21,Orissa,03-01-2010,15471.21627
1283,Anugul,15,21,Orissa,03-01-2010,15456.10214
1284,Bhadrak,9,21,Orissa,03-01-2010,15435.90756
1285,Baudh,22,21,Orissa,03-01-2010,15495.12794
1286,Balangir,24,21,Orissa,03-01-2010,15594.70368
1287,Baleshwar,8,21,Orissa,03-01-2010,15410.39164
1288,Bargarh,1,21,Orissa,03-01-2010,15510.58931
1289,Kendrapara,10,21,Orissa,03-01-2010,15366.83452
1290,Kendujhar,6,21,Orissa,03-01-2010,15524.29241
1291,Debagarh,4,21,Orissa,03-01-2010,15474.28312
1292,Cuttack,12,21,Orissa,03-01-2010,15440.01679
1293,Dhenkanal,14,21,Orissa,03-01-2010,15455.85487
1294,Kalahandi,26,21,Orissa,03-01-2010,15499.64101
1295,Ganjam,19,21,Orissa,03-01-2010,15441.29105
1296,Gajapati,20,21,Orissa,03-01-2010,15409.61955
1297,Jalandhar,4,3,Punjab,03-01-2010,15072.43026
1298,Kapurthala,3,3,Punjab,03-01-2010,15043.63776
1299,Ludhiana,9,3,Punjab,03-01-2010,15031.78659
1300,Mansa,15,3,Punjab,03-01-2010,15012.44871
1301,Moga,10,3,Punjab,03-01-2010,14981.22809
1302,Muktsar,12,3,Punjab,03-01-2010,15004.81738
1303,Nawanshahr,6,3,Punjab,03-01-2010,15087.41993
1304,Patiala,17,3,Punjab,03-01-2010,15032.47113
1305,Sangrur,16,3,Punjab,03-01-2010,14974.49347
1306,Hoshiarpur,5,3,Punjab,03-01-2010,15105.02946
1307,Rupnagar,7,3,Punjab,03-01-2010,15119.27413
1308,Amritsar,2,3,Punjab,03-01-2010,14986.68261
1309,Firozpur,11,3,Punjab,03-01-2010,15012.28304
1310,Bathinda,14,3,Punjab,03-01-2010,15017.96081
1311,Gurdaspur,1,3,Punjab,03-01-2010,15013.38189
1312,Faridkot,13,3,Punjab,03-01-2010,15007.8119
1313,Fatehgarh Sahib,8,3,Punjab,03-01-2010,15010.07674
1314,North,1,11,Sikkim,03-01-2010,14046.95219
1315,South,3,11,Sikkim,03-01-2010,14689.06762
1316,West,2,11,Sikkim,03-01-2010,14460.6543
1317,East,4,11,Sikkim,03-01-2010,14558.00251
1318,Jamnagar,10,24,Gujarat,03-01-2010,15820.17862
1319,Kheda,16,24,Gujarat,03-01-2010,15671.66199
1320,Mahesana,4,24,Gujarat,03-01-2010,15730.42025
1321,Narmada,20,24,Gujarat,03-01-2010,15773.00043
1322,Navsari,24,24,Gujarat,03-01-2010,15568.61577
1323,Panch Mahals,17,24,Gujarat,03-01-2010,15760.01298
1324,Patan,3,24,Gujarat,03-01-2010,15895.21034
1325,Porbandar,11,24,Gujarat,03-01-2010,15787.25151
1326,Rajkot,9,24,Gujarat,03-01-2010,15937.51062
1327,Sabar Kantha,5,24,Gujarat,03-01-2010,15754.2408
1328,Surendranagar,8,24,Gujarat,03-01-2010,15930.73734
1329,The Dangs,23,24,Gujarat,03-01-2010,15750.87973
1330,Vadodara,19,24,Gujarat,03-01-2010,15699.93371
1331,Valsad,25,24,Gujarat,03-01-2010,15636.25818
1332,Bharuch,21,24,Gujarat,03-01-2010,15728.37866
1333,Surat,22,24,Gujarat,03-01-2010,15622.04448
1334,Anand,15,24,Gujarat,03-01-2010,15554.8176
1335,Ahmadabad,7,24,Gujarat,03-01-2010,15856.43517
1336,Amreli,13,24,Gujarat,03-01-2010,15970.7415
1337,Bhavnagar,14,24,Gujarat,03-01-2010,15962.79121
1338,Banas Kantha,2,24,Gujarat,03-01-2010,15795.70281
1339,Dohad,18,24,Gujarat,03-01-2010,15843.59821
1340,Junagadh,12,24,Gujarat,03-01-2010,15841.1356
1341,Kachchh,1,24,Gujarat,03-01-2010,15778.18694
1342,Gandhinagar,6,24,Gujarat,03-01-2010,15673.58098
1343,Jind,9,6,Haryana,03-01-2010,15029.0612
1344,Kaithal,5,6,Haryana,03-01-2010,15025.3275
1345,Karnal,6,6,Haryana,03-01-2010,15041.38481
1346,Kurukshetra,4,6,Haryana,03-01-2010,15040.30466
1347,Panchkula,1,6,Haryana,03-01-2010,15249.20929
1348,Panipat,7,6,Haryana,03-01-2010,15072.56398
1349,Hisar,12,6,Haryana,03-01-2010,15181.72922
1350,Rohtak,14,6,Haryana,03-01-2010,15157.39527
1351,Sirsa,11,6,Haryana,03-01-2010,15115.12505
1352,Sonipat,8,6,Haryana,03-01-2010,15107.5854
1353,Yamunanagar,3,6,Haryana,03-01-2010,15095.42779
1354,Jhajjar,15,6,Haryana,03-01-2010,15279.83525
1355,Mahendragarh,16,6,Haryana,03-01-2010,15465.86982
1356,Rewari,17,6,Haryana,03-01-2010,15374.6079
1357,Bhiwani,13,6,Haryana,03-01-2010,15358.09095
1358,Ambala,2,6,Haryana,03-01-2010,15094.2591
1359,Gurgaon,18,6,Haryana,03-01-2010,15354.4172
1360,Faridabad,19,6,Haryana,03-01-2010,15234.12009
1361,Fatehabad,10,6,Haryana,03-01-2010,15037.43536
1362,Imphal East,7,14,Manipur,03-01-2010,15180.3984
1363,Imphal West,6,14,Manipur,03-01-2010,15009.37687
1364,Senapati (Excl. 3 sub-divisions),1,14,Manipur,03-01-2010,14961.34889
1365,Tamenglong,2,14,Manipur,03-01-2010,14912.50517
1366,Thoubal,5,14,Manipur,03-01-2010,15178.51679
1367,Ukhrul,8,14,Manipur,03-01-2010,14985.00185
1368,Bishnupur,4,14,Manipur,03-01-2010,15086.06586
1369,Chandel,9,14,Manipur,03-01-2010,15080.5119
1370,Churachandpur,3,14,Manipur,03-01-2010,15041.91609
1371,Kolasib,2,15,Mizoram,03-01-2010,15103.17732
1372,Mamit,1,15,Mizoram,03-01-2010,15118.59941
1373,Lunglei,6,15,Mizoram,03-01-2010,15092.31337
1374,Lawngtlai,7,15,Mizoram,03-01-2010,15136.91219
1375,Saiha,8,15,Mizoram,03-01-2010,15078.05017
1376,Serchhip,5,15,Mizoram,03-01-2010,15065.9117
1377,Aizawl,3,15,Mizoram,03-01-2010,15081.17742
1378,Champhai,4,15,Mizoram,03-01-2010,15034.74361
1379,North Tripura,4,16,Tripura,03-01-2010,15214.0728
1380,South Tripura,2,16,Tripura,03-01-2010,15195.22146
1381,West Tripura,1,16,Tripura,03-01-2010,15228.42365
1382,Dhalai,3,16,Tripura,03-01-2010,15191.24759
1383,Mokokchung,3,13,Nagaland,03-01-2010,14949.90494
1384,Mon,1,13,Nagaland,03-01-2010,14954.73849
1385,Phek,8,13,Nagaland,03-01-2010,14899.20564
1386,Tuensang,2,13,Nagaland,03-01-2010,14882.93192
1387,Wokha,5,13,Nagaland,03-01-2010,14993.28666
1388,Zunheboto,4,13,Nagaland,03-01-2010,14917.33877
1389,Dimapur,6,13,Nagaland,03-01-2010,15167.1581
1390,Kohima,7,13,Nagaland,03-01-2010,14995.35575
1391,Purbi Singhbhum,18,20,Jharkhand,03-01-2010,15565.69985
1392,Lohardaga,15,20,Jharkhand,03-01-2010,15515.57178
1393,Pakaur,10,20,Jharkhand,03-01-2010,15569.61552
1394,Pashchimi Singhbhum,17,20,Jharkhand,03-01-2010,15559.18465
1395,Ranchi,14,20,Jharkhand,03-01-2010,15579.49967
1396,Sahibganj,9,20,Jharkhand,03-01-2010,15457.27504
1397,Garhwa,1,20,Jharkhand,03-01-2010,15630.16836
1398,Palamu,2,20,Jharkhand,03-01-2010,15596.53008
1399,Chatra,3,20,Jharkhand,03-01-2010,15598.0934
1400,Hazaribagh,4,20,Jharkhand,03-01-2010,15563.07051
1401,Kodarma,5,20,Jharkhand,03-01-2010,15566.93741
1402,Bokaro,13,20,Jharkhand,03-01-2010,15588.9566
1403,Deoghar,7,20,Jharkhand,03-01-2010,15610.61937
1404,Dhanbad,12,20,Jharkhand,03-01-2010,15565.56356
1405,Dumka,11,20,Jharkhand,03-01-2010,15591.27719
1406,Giridih,6,20,Jharkhand,03-01-2010,15604.68069
1407,Godda,8,20,Jharkhand,03-01-2010,15473.04697
1408,Gumla,16,20,Jharkhand,03-01-2010,15591.59747
1409,Kodagu,25,29,Karnataka,03-01-2010,15164.96118
1410,Kolar,19,29,Karnataka,03-01-2010,15689.65414
1411,Mandya,22,29,Karnataka,03-01-2010,15525.45123
1412,Koppal,7,29,Karnataka,03-01-2010,15745.81189
1413,Mysore,26,29,Karnataka,03-01-2010,15633.94466
1414,Raichur,6,29,Karnataka,03-01-2010,15695.74497
1415,Hassan,23,29,Karnataka,03-01-2010,15516.01923
1416,Haveri,11,29,Karnataka,03-01-2010,15691.10675
1417,Shimoga,15,29,Karnataka,03-01-2010,15372.03058
1418,Tumkur,18,29,Karnataka,03-01-2010,15682.03913
1419,Udupi,16,29,Karnataka,03-01-2010,15324.88992
1420,Uttara Kannada,10,29,Karnataka,03-01-2010,15275.91981
1421,Bagalkot,2,29,Karnataka,03-01-2010,15705.55157
1422,Bangalore,20,29,Karnataka,03-01-2010,15596.33703
1423,Bidar,5,29,Karnataka,03-01-2010,15919.16452
1424,Bijapur,3,29,Karnataka,03-01-2010,15850.80881
1425,Belgaum,1,29,Karnataka,03-01-2010,15679.69578
1426,Bellary,12,29,Karnataka,03-01-2010,15674.23021
1427,Bangalore Rural,21,29,Karnataka,03-01-2010,15650.80476
1428,Chamarajanagar,27,29,Karnataka,03-01-2010,15638.60137
1429,Chikmagalur,17,29,Karnataka,03-01-2010,15345.19178
1430,Chitradurga,13,29,Karnataka,03-01-2010,15737.56862
1431,Dakshina Kannada,24,29,Karnataka,03-01-2010,15264.29698
1432,Davanagere,14,29,Karnataka,03-01-2010,15579.29645
1433,Dharwad,9,29,Karnataka,03-01-2010,15765.35886
1434,Gulbarga,4,29,Karnataka,03-01-2010,15855.51698
1435,Gadag,8,29,Karnataka,03-01-2010,15822.86689
1436,Jaintia Hills,7,17,Meghalaya,03-01-2010,15024.33391
1437,Ri Bhoi,5,17,Meghalaya,03-01-2010,15128.25793
1438,South Garo Hills,3,17,Meghalaya,03-01-2010,15150.28259
1439,West Garo Hills,1,17,Meghalaya,03-01-2010,15218.11641
1440,West Khasi Hills,4,17,Meghalaya,03-01-2010,15071.27927
1441,East Garo Hills,2,17,Meghalaya,03-01-2010,15201.69066
1442,East Khasi Hills,6,17,Meghalaya,03-01-2010,15010.56171
1443,Jaipur,12,8,Rajasthan,03-01-2010,15676.68293
1444,Jaisalmer,16,8,Rajasthan,03-01-2010,15978.21971
1445,Jalor,18,8,Rajasthan,03-01-2010,15903.6829
1446,Jhalawar,32,8,Rajasthan,03-01-2010,15872.70928
1447,Jhunjhunun,5,8,Rajasthan,03-01-2010,15598.57375
1448,Jodhpur,15,8,Rajasthan,03-01-2010,15892.61297
1449,Kota,30,8,Rajasthan,03-01-2010,15725.39771
1450,Nagaur,14,8,Rajasthan,03-01-2010,15775.85927
1451,Pali,20,8,Rajasthan,03-01-2010,15891.07673
1452,Rajsamand,25,8,Rajasthan,03-01-2010,15763.86592
1453,Sawai Madhopur,10,8,Rajasthan,03-01-2010,15716.23159
1454,Sirohi,19,8,Rajasthan,03-01-2010,15841.61497
1455,Tonk,22,8,Rajasthan,03-01-2010,15837.14835
1456,Sikar,13,8,Rajasthan,03-01-2010,15630.90801
1457,Alwar,6,8,Rajasthan,03-01-2010,15472.39596
1458,Udaipur,26,8,Rajasthan,03-01-2010,15783.17765
1459,Ganganagar,1,8,Rajasthan,03-01-2010,15504.33543
1460,Hanumangarh,2,8,Rajasthan,03-01-2010,15489.65947
1461,Baran,31,8,Rajasthan,03-01-2010,15788.36586
1462,Ajmer,21,8,Rajasthan,03-01-2010,15829.09873
1463,Banswara,28,8,Rajasthan,03-01-2010,15813.93974
1464,Barmer,17,8,Rajasthan,03-01-2010,15940.83304
1465,Bhilwara,24,8,Rajasthan,03-01-2010,15847.95988
1466,Bikaner,3,8,Rajasthan,03-01-2010,15863.99525
1467,Bharatpur,7,8,Rajasthan,03-01-2010,15528.74159
1468,Bundi,23,8,Rajasthan,03-01-2010,15716.68185
1469,Chittaurgarh,29,8,Rajasthan,03-01-2010,15803.92383
1470,Churu,4,8,Rajasthan,03-01-2010,15793.78665
1471,Dausa,11,8,Rajasthan,03-01-2010,15618.79446
1472,Dhaulpur,8,8,Rajasthan,03-01-2010,15609.2559
1473,Dungarpur,27,8,Rajasthan,03-01-2010,15799.40673
1474,Karauli,9,8,Rajasthan,03-01-2010,15666.07591
1475,Pondicherry,2,34,Puducherry,03-01-2010,15356.81899
1476,Yanam,1,34,Puducherry,03-01-2010,15296.1339
1477,Karaikal,4,34,Puducherry,03-01-2010,15402.84834
1478,Mahe,3,34,Puducherry,03-01-2010,15225.79011
1479,Kanniyakumari,30,33,Tamil Nadu,03-01-2010,15314.87912
1480,Karur,14,33,Tamil Nadu,03-01-2010,15744.95263
1481,Madurai,24,33,Tamil Nadu,03-01-2010,15682.82702
1482,Namakkal,9,33,Tamil Nadu,03-01-2010,15691.54954
1483,The Nilgiris,11,33,Tamil Nadu,03-01-2010,15160.80593
1484,Perambalur,16,33,Tamil Nadu,03-01-2010,15612.93742
1485,Pudukkottai,22,33,Tamil Nadu,03-01-2010,15537.38483
1486,Ramanathapuram,27,33,Tamil Nadu,03-01-2010,15586.20355
1487,Salem,8,33,Tamil Nadu,03-01-2010,15629.50073
1488,Sivaganga,23,33,Tamil Nadu,03-01-2010,15618.40114
1489,Tiruchirappalli,15,33,Tamil Nadu,03-01-2010,15611.5111
1490,Tirunelveli,29,33,Tamil Nadu,03-01-2010,15557.45943
1491,Tiruvannamalai,6,33,Tamil Nadu,03-01-2010,15521.01566
1492,Thoothukkudi,28,33,Tamil Nadu,03-01-2010,15706.534
1493,Theni,25,33,Tamil Nadu,03-01-2010,15492.64297
1494,Vellore,4,33,Tamil Nadu,03-01-2010,15578.62687
1495,Viluppuram,7,33,Tamil Nadu,03-01-2010,15470.63518
1496,Virudhunagar,26,33,Tamil Nadu,03-01-2010,15776.77475
1497,Chennai,2,33,Tamil Nadu,03-01-2010,15450.0065
1498,Kancheepuram,3,33,Tamil Nadu,03-01-2010,15446.26186
1499,Thiruvallur,1,33,Tamil Nadu,03-01-2010,15479.58664
1500,Thanjavur,21,33,Tamil Nadu,03-01-2010,15428.08447
1501,Thiruvarur,20,33,Tamil Nadu,03-01-2010,15420.76862
1502,Nagapattinam,19,33,Tamil Nadu,03-01-2010,15406.17495
1503,Ariyalur,17,33,Tamil Nadu,03-01-2010,15515.97894
1504,Coimbatore,12,33,Tamil Nadu,03-01-2010,15539.12695
1505,Cuddalore,18,33,Tamil Nadu,03-01-2010,15472.12654
1506,Dharmapuri,5,33,Tamil Nadu,03-01-2010,15640.89406
1507,Dindigul,13,33,Tamil Nadu,03-01-2010,15538.36353
1508,Erode,10,33,Tamil Nadu,03-01-2010,15609.77846
1509,Daman,2,25,Daman & Diu,03-01-2010,15425.87561
1510,Diu,1,25,Daman & Diu,03-01-2010,15413.84962
1511,Jalgaon,3,27,Maharashtra,03-01-2010,15787.95382
1512,Jalna,18,27,Maharashtra,03-01-2010,15903.36087
1513,Kolhapur,34,27,Maharashtra,03-01-2010,15565.01766
1514,Latur,28,27,Maharashtra,03-01-2010,15947.20482
1515,Pune,25,27,Maharashtra,03-01-2010,15678.79346
1516,Nagpur,9,27,Maharashtra,03-01-2010,15703.39005
1517,Mumbai,23,27,Maharashtra,03-01-2010,15390.06851
1518,Mumbai (Suburban),22,27,Maharashtra,03-01-2010,15440.79428
1519,Nanded,15,27,Maharashtra,03-01-2010,15886.98325
1520,Nandurbar,1,27,Maharashtra,03-01-2010,15852.26587
1521,Nashik,20,27,Maharashtra,03-01-2010,15799.04324
1522,Osmanabad,29,27,Maharashtra,03-01-2010,15876.2926
1523,Parbhani,17,27,Maharashtra,03-01-2010,15903.72545
1524,Sangli,35,27,Maharashtra,03-01-2010,15815.30501
1525,Satara,31,27,Maharashtra,03-01-2010,15715.99936
1526,Hingoli,16,27,Maharashtra,03-01-2010,15906.92452
1527,Ratnagiri,32,27,Maharashtra,03-01-2010,15539.31577
1528,Raigarh,24,27,Maharashtra,03-01-2010,15603.41683
1529,Thane,21,27,Maharashtra,03-01-2010,15695.99879
1530,Solapur,30,27,Maharashtra,03-01-2010,15807.29381
1531,Sindhudurg,33,27,Maharashtra,03-01-2010,15450.99005
1532,Wardha,8,27,Maharashtra,03-01-2010,15873.55705
1533,Washim,6,27,Maharashtra,03-01-2010,15936.83691
1534,Yavatmal,14,27,Maharashtra,03-01-2010,15936.44789
1535,Aurangabad,19,27,Maharashtra,03-01-2010,15812.89561
1536,Ahmadnagar,26,27,Maharashtra,03-01-2010,15787.05794
1537,Akola,5,27,Maharashtra,03-01-2010,15926.76288
1538,Amravati,7,27,Maharashtra,03-01-2010,15846.25611
1539,Bid,27,27,Maharashtra,03-01-2010,15824.08478
1540,Bhandara,10,27,Maharashtra,03-01-2010,15585.83841
1541,Buldana,4,27,Maharashtra,03-01-2010,15875.99276
1542,Chandrapur,13,27,Maharashtra,03-01-2010,15752.3747
1543,Dhule,2,27,Maharashtra,03-01-2010,15892.47051
1544,Gadchiroli,12,27,Maharashtra,03-01-2010,15558.7367
1545,Gondiya,11,27,Maharashtra,03-01-2010,15561.02082
1546,Nainital,11,5,Uttarakhand,03-01-2010,15024.52387
1547,Pithoragarh,7,5,Uttarakhand,03-01-2010,14266.54365
1548,Hardwar,13,5,Uttarakhand,03-01-2010,15162.80416
1549,Rudraprayag,3,5,Uttarakhand,03-01-2010,14512.30571
1550,Tehri Garhwal,4,5,Uttarakhand,03-01-2010,14783.55527
1551,Udham Singh Nagar,12,5,Uttarakhand,03-01-2010,15083.24955
1552,Uttarkashi,1,5,Uttarakhand,03-01-2010,14160.82719
1553,Bageshwar,8,5,Uttarakhand,03-01-2010,14637.84233
1554,Almora,9,5,Uttarakhand,03-01-2010,15000.55329
1555,Chamoli,2,5,Uttarakhand,03-01-2010,14140.39812
1556,Champawat,10,5,Uttarakhand,03-01-2010,14951.34829
1557,Dehradun,5,5,Uttarakhand,03-01-2010,15042.50331
1558,Garhwal,6,5,Uttarakhand,03-01-2010,15015.63721
1559,Jalpaiguri,2,19,West Bengal,03-01-2010,15133.14834
1560,Koch Bihar,3,19,West Bengal,03-01-2010,15156.46716
1561,Murshidabad,7,19,West Bengal,03-01-2010,15327.18289
1562,Puruliya,14,19,West Bengal,03-01-2010,15609.39245
1563,Kolkata,17,19,West Bengal,03-01-2010,15382.86961
1564,Maldah,6,19,West Bengal,03-01-2010,15277.48387
1565,Nadia,10,19,West Bengal,03-01-2010,15323.49313
1566,North Twenty Four Parganas,11,19,West Bengal,03-01-2010,15225.90723
1567,Medinipur,15,19,West Bengal,03-01-2010,15384.24096
1568,Hugli,12,19,West Bengal,03-01-2010,15312.59053
1569,South  Twenty Four Parganas,18,19,West Bengal,03-01-2010,15279.79827
1570,Uttar Dinajpur,4,19,West Bengal,03-01-2010,15198.15908
1571,Barddhaman,9,19,West Bengal,03-01-2010,15346.70922
1572,Birbhum,8,19,West Bengal,03-01-2010,15428.59861
1573,Bankura,13,19,West Bengal,03-01-2010,15503.72883
1574,Dakshin Dinajpur,5,19,West Bengal,03-01-2010,15279.35284
1575,Darjiling,1,19,West Bengal,03-01-2010,14942.60376
1576,Haora,16,19,West Bengal,03-01-2010,15223.14914
1577,Jashpur,3,22,Chhattisgarh,03-01-2010,15566.37003
1578,Koriya,1,22,Chhattisgarh,03-01-2010,15557.51413
1579,Mahasamund,12,22,Chhattisgarh,03-01-2010,15601.41158
1580,Raigarh,4,22,Chhattisgarh,03-01-2010,15581.53637
1581,Raipur,11,22,Chhattisgarh,03-01-2010,15601.81749
1582,Rajnandgaon,9,22,Chhattisgarh,03-01-2010,15640.43623
1583,Surguja,2,22,Chhattisgarh,03-01-2010,15542.66212
1584,Bilaspur,7,22,Chhattisgarh,03-01-2010,15648.94308
1585,Janjgir - Champa,6,22,Chhattisgarh,03-01-2010,15607.54677
1586,Korba,5,22,Chhattisgarh,03-01-2010,15575.89917
1587,Kawardha,8,22,Chhattisgarh,03-01-2010,15719.18474
1588,Bastar,15,22,Chhattisgarh,03-01-2010,15487.3886
1589,Dantewada,16,22,Chhattisgarh,03-01-2010,15500.32526
1590,Dhamtari,13,22,Chhattisgarh,03-01-2010,15532.43423
1591,Durg,10,22,Chhattisgarh,03-01-2010,15636.16097
1592,Kanker,14,22,Chhattisgarh,03-01-2010,15539.74863
1593,Central,6,7,Delhi  & NCR,03-01-2010,15342.36829
1594,East,4,7,Delhi  & NCR,03-01-2010,15324.90065
1595,New Delhi,5,7,Delhi  & NCR,03-01-2010,15302.54411
1596,North,2,7,Delhi  & NCR,03-01-2010,15297.12791
1597,North East,3,7,Delhi  & NCR,03-01-2010,15303.83253
1598,North West,1,7,Delhi  & NCR,03-01-2010,15272.49813
1599,South,9,7,Delhi  & NCR,03-01-2010,15353.41011
1600,South West,8,7,Delhi  & NCR,03-01-2010,15358.96703
1601,West,7,7,Delhi  & NCR,03-01-2010,15347.62219
1602,Jalaun,35,9,Uttar Pradesh,03-01-2010,15528.23148
1603,Jaunpur,64,9,Uttar Pradesh,03-01-2010,15295.88826
1604,Jhansi,36,9,Uttar Pradesh,03-01-2010,15610.68957
1605,Jyotiba Phule Nagar,6,9,Uttar Pradesh,03-01-2010,15136.86382
1606,Kannauj,30,9,Uttar Pradesh,03-01-2010,15325.04004
1607,Kanpur Nagar,34,9,Uttar Pradesh,03-01-2010,15312.77011
1608,Kaushambi,44,9,Uttar Pradesh,03-01-2010,15381.06592
1609,Kheri,23,9,Uttar Pradesh,03-01-2010,15191.16092
1610,Mirzapur,69,9,Uttar Pradesh,03-01-2010,15551.54768
1611,Moradabad,4,9,Uttar Pradesh,03-01-2010,15115.18572
1612,Muzaffarnagar,2,9,Uttar Pradesh,03-01-2010,15123.65909
1613,Rae Bareli,28,9,Uttar Pradesh,03-01-2010,15270.29039
1614,Kushinagar,59,9,Uttar Pradesh,03-01-2010,15205.09897
1615,Lucknow,27,9,Uttar Pradesh,03-01-2010,15277.73574
1616,Lalitpur,37,9,Uttar Pradesh,03-01-2010,15603.46408
1617,Mahrajganj,57,9,Uttar Pradesh,03-01-2010,15150.15056
1618,Mahoba,39,9,Uttar Pradesh,03-01-2010,15625.72978
1619,Mainpuri,18,9,Uttar Pradesh,03-01-2010,15270.12255
1620,Mathura,14,9,Uttar Pradesh,03-01-2010,15306.20549
1621,Mau,62,9,Uttar Pradesh,03-01-2010,15254.16375
1622,Meerut,7,9,Uttar Pradesh,03-01-2010,15144.46467
1623,Pilibhit,21,9,Uttar Pradesh,03-01-2010,15122.16455
1624,Pratapgarh,43,9,Uttar Pradesh,03-01-2010,15330.37133
1625,Rampur,5,9,Uttar Pradesh,03-01-2010,15082.27838
1626,Sant Ravidas Nagar Bhadohi,68,9,Uttar Pradesh,03-01-2010,15317.7424
1627,Sant Kabir Nagar,56,9,Uttar Pradesh,03-01-2010,15220.49949
1628,Shahjahanpur,22,9,Uttar Pradesh,03-01-2010,15171.82097
1629,Hathras,13,9,Uttar Pradesh,03-01-2010,15305.63343
1630,Shrawasti,51,9,Uttar Pradesh,03-01-2010,15190.25372
1631,Saharanpur,1,9,Uttar Pradesh,03-01-2010,15107.49641
1632,Sitapur,24,9,Uttar Pradesh,03-01-2010,15226.95092
1633,Sultanpur,49,9,Uttar Pradesh,03-01-2010,15293.79754
1634,Sonbhadra,70,9,Uttar Pradesh,03-01-2010,15558.6874
1635,Siddharthnagar,54,9,Uttar Pradesh,03-01-2010,15174.98155
1636,Unnao,26,9,Uttar Pradesh,03-01-2010,15270.59249
1637,Varanasi,67,9,Uttar Pradesh,03-01-2010,15320.84937
1638,Bulandshahr,11,9,Uttar Pradesh,03-01-2010,15120.01998
1639,Gautam Buddha Nagar,10,9,Uttar Pradesh,03-01-2010,15207.23702
1640,Ghaziabad,9,9,Uttar Pradesh,03-01-2010,15146.71251
1641,Auraiya,32,9,Uttar Pradesh,03-01-2010,15301.24522
1642,Azamgarh,61,9,Uttar Pradesh,03-01-2010,15257.00941
1643,Budaun,19,9,Uttar Pradesh,03-01-2010,15170.82304
1644,Agra,15,9,Uttar Pradesh,03-01-2010,15425.29535
1645,Aligarh,12,9,Uttar Pradesh,03-01-2010,15208.72748
1646,Allahabad,45,9,Uttar Pradesh,03-01-2010,15424.02364
1647,Ambedkar Nagar,48,9,Uttar Pradesh,03-01-2010,15227.27278
1648,Bareilly,20,9,Uttar Pradesh,03-01-2010,15147.35065
1649,Bijnor,3,9,Uttar Pradesh,03-01-2010,15181.83879
1650,Basti,55,9,Uttar Pradesh,03-01-2010,15225.92244
1651,Baghpat,8,9,Uttar Pradesh,03-01-2010,15123.0845
1652,Bahraich,50,9,Uttar Pradesh,03-01-2010,15171.61601
1653,Ballia,63,9,Uttar Pradesh,03-01-2010,15293.71049
1654,Balrampur,52,9,Uttar Pradesh,03-01-2010,15245.36271
1655,Banda,40,9,Uttar Pradesh,03-01-2010,15515.54526
1656,Barabanki,46,9,Uttar Pradesh,03-01-2010,15220.598
1657,Chitrakoot,41,9,Uttar Pradesh,03-01-2010,15566.85341
1658,Chandauli,66,9,Uttar Pradesh,03-01-2010,15402.02801
1659,Deoria,60,9,Uttar Pradesh,03-01-2010,15239.80429
1660,Etah,17,9,Uttar Pradesh,03-01-2010,15233.97422
1661,Kanpur Dehat,33,9,Uttar Pradesh,03-01-2010,15339.31039
1662,Etawah,31,9,Uttar Pradesh,03-01-2010,15352.35948
1663,Faizabad,47,9,Uttar Pradesh,03-01-2010,15241.28498
1664,Ghazipur,65,9,Uttar Pradesh,03-01-2010,15275.23049
1665,Gonda,53,9,Uttar Pradesh,03-01-2010,15208.83468
1666,Gorakhpur,58,9,Uttar Pradesh,03-01-2010,15213.88198
1667,Farrukhabad,29,9,Uttar Pradesh,03-01-2010,15298.88408
1668,Fatehpur,42,9,Uttar Pradesh,03-01-2010,15351.73358
1669,Firozabad,16,9,Uttar Pradesh,03-01-2010,15331.83328
1670,Hamirpur,38,9,Uttar Pradesh,03-01-2010,15571.21029
1671,Hardoi,25,9,Uttar Pradesh,03-01-2010,15230.37704
1672,Khammam,10,28,Andhra Pradesh,03-01-2010,15508.61535
1673,Medak,4,28,Andhra Pradesh,03-01-2010,15709.99351
1674,Krishna,16,28,Andhra Pradesh,03-01-2010,15348.54313
1675,Kurnool,21,28,Andhra Pradesh,03-01-2010,15753.34626
1676,Mahbubnagar,7,28,Andhra Pradesh,03-01-2010,15701.65189
1677,Nalgonda,8,28,Andhra Pradesh,03-01-2010,15549.88111
1678,Nellore,19,28,Andhra Pradesh,03-01-2010,15520.15496
1679,Nizamabad,2,28,Andhra Pradesh,03-01-2010,15639.01286
1680,Prakasam,18,28,Andhra Pradesh,03-01-2010,15584.17182
1681,Hyderabad,5,28,Andhra Pradesh,03-01-2010,15572.32653
1682,Rangareddi,6,28,Andhra Pradesh,03-01-2010,15737.50738
1683,Srikakulam,11,28,Andhra Pradesh,03-01-2010,15436.84728
1684,West Godavari,15,28,Andhra Pradesh,03-01-2010,15296.84568
1685,Visakhapatnam,13,28,Andhra Pradesh,03-01-2010,15409.78311
1686,Vizianagaram,12,28,Andhra Pradesh,03-01-2010,15429.90461
1687,Warangal,9,28,Andhra Pradesh,03-01-2010,15632.15898
1688,Anantapur,22,28,Andhra Pradesh,03-01-2010,15810.75416
1689,Adilabad,1,28,Andhra Pradesh,03-01-2010,15765.23979
1690,Chittoor,23,28,Andhra Pradesh,03-01-2010,15620.5164
1691,Cuddapah,20,28,Andhra Pradesh,03-01-2010,15699.58608
1692,East Godavari,14,28,Andhra Pradesh,03-01-2010,15328.82464
1693,Karimnagar,3,28,Andhra Pradesh,03-01-2010,15629.39412
1694,Guntur,17,28,Andhra Pradesh,03-01-2010,15438.50582
1695,Jabalpur,39,23,Madhya Pradesh,03-01-2010,15618.57737
1696,Jhabua,24,23,Madhya Pradesh,03-01-2010,15925.78314
1697,Mandsaur,19,23,Madhya Pradesh,03-01-2010,15884.57025
1698,Tikamgarh,8,23,Madhya Pradesh,03-01-2010,15627.71941
1699,Narsimhapur,40,23,Madhya Pradesh,03-01-2010,15669.15442
1700,Neemuch,18,23,Madhya Pradesh,03-01-2010,15841.46348
1701,Panna,10,23,Madhya Pradesh,03-01-2010,15681.71095
1702,Raisen,34,23,Madhya Pradesh,03-01-2010,15637.74755
1703,Rajgarh,30,23,Madhya Pradesh,03-01-2010,15890.68309
1704,Satna,13,23,Madhya Pradesh,03-01-2010,15578.82201
1705,Sehore,33,23,Madhya Pradesh,03-01-2010,15711.19494
1706,Seoni,44,23,Madhya Pradesh,03-01-2010,15698.13637
1707,Hoshangabad,37,23,Madhya Pradesh,03-01-2010,15475.54809
1708,Indore,26,23,Madhya Pradesh,03-01-2010,15743.16756
1709,Shajapur,22,23,Madhya Pradesh,03-01-2010,15851.8058
1710,Shivpuri,6,23,Madhya Pradesh,03-01-2010,15723.4544
1711,Ratlam,20,23,Madhya Pradesh,03-01-2010,15918.9858
1712,Rewa,14,23,Madhya Pradesh,03-01-2010,15609.70094
1713,Sagar,11,23,Madhya Pradesh,03-01-2010,15689.94979
1714,Sidhi,17,23,Madhya Pradesh,03-01-2010,15596.84569
1715,Ujjain,21,23,Madhya Pradesh,03-01-2010,15856.65816
1716,Vidisha,31,23,Madhya Pradesh,03-01-2010,15693.2003
1717,West Nimar,27,23,Madhya Pradesh,03-01-2010,15869.35249
1718,Morena,2,23,Madhya Pradesh,03-01-2010,15579.875
1719,Sheopur,1,23,Madhya Pradesh,03-01-2010,15736.10113
1720,Dindori,41,23,Madhya Pradesh,03-01-2010,15696.74203
1721,Mandla,42,23,Madhya Pradesh,03-01-2010,15685.91795
1722,Shahdol,16,23,Madhya Pradesh,03-01-2010,15648.34965
1723,Umaria,15,23,Madhya Pradesh,03-01-2010,15634.90066
1724,Bhind,3,23,Madhya Pradesh,03-01-2010,15559.1189
1725,Bhopal,32,23,Madhya Pradesh,03-01-2010,15656.74889
1726,Barwani,28,23,Madhya Pradesh,03-01-2010,15934.79635
1727,Betul,35,23,Madhya Pradesh,03-01-2010,15699.28144
1728,Balaghat,45,23,Madhya Pradesh,03-01-2010,15512.46653
1729,Chhatarpur,9,23,Madhya Pradesh,03-01-2010,15636.27499
1730,Chhindwara,43,23,Madhya Pradesh,03-01-2010,15708.67615
1731,Dewas,23,23,Madhya Pradesh,03-01-2010,15786.95252
1732,Katni,38,23,Madhya Pradesh,03-01-2010,15654.90773
1733,Datia,5,23,Madhya Pradesh,03-01-2010,15509.23392
1734,Damoh,12,23,Madhya Pradesh,03-01-2010,15726.2556
1735,Dhar,25,23,Madhya Pradesh,03-01-2010,15897.59301
1736,East Nimar,29,23,Madhya Pradesh,03-01-2010,15815.40401
1737,Guna,7,23,Madhya Pradesh,03-01-2010,15780.82727
1738,Gwalior,4,23,Madhya Pradesh,03-01-2010,15637.51559
1739,Harda,36,23,Madhya Pradesh,03-01-2010,15637.62125
1740,Kangra,2,2,Himachal Pradesh,03-01-2010,14774.94357
1741,Kinnaur,12,2,Himachal Pradesh,03-01-2010,13788.35344
1742,Lahul & Spiti,3,2,Himachal Pradesh,03-01-2010,13442.69983
1743,Kullu,4,2,Himachal Pradesh,03-01-2010,14095.64175
1744,Mandi,5,2,Himachal Pradesh,03-01-2010,14882.61446
1745,Shimla,11,2,Himachal Pradesh,03-01-2010,14670.9814
1746,Sirmaur,10,2,Himachal Pradesh,03-01-2010,15075.31163
1747,Solan,9,2,Himachal Pradesh,03-01-2010,15100.65929
1748,Una,7,2,Himachal Pradesh,03-01-2010,15165.02528
1749,Bilaspur,8,2,Himachal Pradesh,03-01-2010,15135.31215
1750,Chamba,1,2,Himachal Pradesh,03-01-2010,14164.88776
1751,Hamirpur,6,2,Himachal Pradesh,03-01-2010,15096.31124
1752,Jammu,13,1,Jammu and Kashmir,03-01-2010,15181.19851
1753,Kargil,8,1,Jammu and Kashmir,03-01-2010,13432.07054
1754,Kathua,14,1,Jammu and Kashmir,03-01-2010,15017.69754
1755,Leh (Ladakh),7,1,Jammu and Kashmir,03-01-2010,13893.38193
1756,Kupwara,1,1,Jammu and Kashmir,03-01-2010,14179.26709
1757,Punch,11,1,Jammu and Kashmir,03-01-2010,14638.66784
1758,Pulwama,5,1,Jammu and Kashmir,03-01-2010,14611.3687
1759,Rajauri,12,1,Jammu and Kashmir,03-01-2010,14901.87781
1760,Srinagar,3,1,Jammu and Kashmir,03-01-2010,14042.36228
1761,Udhampur,10,1,Jammu and Kashmir,03-01-2010,14772.34254
1762,Anantnag,6,1,Jammu and Kashmir,03-01-2010,14098.88982
1763,Badgam,4,1,Jammu and Kashmir,03-01-2010,14353.53685
1764,Baramula,2,1,Jammu and Kashmir,03-01-2010,14096.56977
1765,Data Not Available,99,99,Jammu and Kashmir,03-01-2010,13681.17332
1766,Doda,9,1,Jammu and Kashmir,03-01-2010,13913.74437
1767,Lohit,11,12,Arunanchal Pradesh,03-01-2010,14432.90833
1768,Lower Subansiri,5,12,Arunanchal Pradesh,03-01-2010,14485.56711
1769,Papum Pare,4,12,Arunanchal Pradesh,03-01-2010,14730.70841
1770,Tawang,1,12,Arunanchal Pradesh,03-01-2010,14148.29785
1771,Tirap,13,12,Arunanchal Pradesh,03-01-2010,14864.41294
1772,West Kameng,2,12,Arunanchal Pradesh,03-01-2010,14537.97875
1773,West Siang,7,12,Arunanchal Pradesh,03-01-2010,14520.25068
1774,Upper Siang,9,12,Arunanchal Pradesh,03-01-2010,14321.26746
1775,Upper Subansiri,6,12,Arunanchal Pradesh,03-01-2010,14370.59742
1776,Changlang,12,12,Arunanchal Pradesh,03-01-2010,14765.70544
1777,Dibang Valley,10,12,Arunanchal Pradesh,03-01-2010,14235.17055
1778,East Kameng,3,12,Arunanchal Pradesh,03-01-2010,14572.24484
1779,East Siang,8,12,Arunanchal Pradesh,03-01-2010,14808.52991
1780,Nicobars,2,35,Andaman & Nicobar Island,03-01-2010,15058.45269
1781,Andamans,1,35,Andaman & Nicobar Island,03-01-2010,15171.35476
1782,Lakshadweep,1,31,Lakshadweep,04-01-2010,15108.80466
1783,Chandigarh,1,4,Chandigarh,04-01-2010,15643.47104
1784,Dadra & Nagar Haveli,1,26,Dadara & Nagar Havelli,04-01-2010,15925.59043
1785,Data Not Available,99,99,Jammu and Kashmir,04-01-2010,13904.04929
1786,Srinagar,3,1,Jammu and Kashmir,04-01-2010,14140.36648
1787,Udhampur,10,1,Jammu and Kashmir,04-01-2010,15055.20916
1788,Anantnag,6,1,Jammu and Kashmir,04-01-2010,14235.42082
1789,Badgam,4,1,Jammu and Kashmir,04-01-2010,14429.92451
1790,Baramula,2,1,Jammu and Kashmir,04-01-2010,14240.94422
1791,Doda,9,1,Jammu and Kashmir,04-01-2010,14149.27145
1792,Jammu,13,1,Jammu and Kashmir,04-01-2010,15632.81365
1793,Kargil,8,1,Jammu and Kashmir,04-01-2010,13770.43166
1794,Kathua,14,1,Jammu and Kashmir,04-01-2010,15390.19331
1795,Leh (Ladakh),7,1,Jammu and Kashmir,04-01-2010,14168.64158
1796,Kupwara,1,1,Jammu and Kashmir,04-01-2010,14383.80328
1797,Punch,11,1,Jammu and Kashmir,04-01-2010,14861.35281
1798,Pulwama,5,1,Jammu and Kashmir,04-01-2010,14595.14231
1799,Rajauri,12,1,Jammu and Kashmir,04-01-2010,15232.61792
1800,Shimla,11,2,Himachal Pradesh,04-01-2010,14963.04652
1801,Sirmaur,10,2,Himachal Pradesh,04-01-2010,15431.22411
1802,Solan,9,2,Himachal Pradesh,04-01-2010,15477.11183
1803,Una,7,2,Himachal Pradesh,04-01-2010,15564.5545
1804,Bilaspur,8,2,Himachal Pradesh,04-01-2010,15512.64531
1805,Chamba,1,2,Himachal Pradesh,04-01-2010,14492.46279
1806,Hamirpur,6,2,Himachal Pradesh,04-01-2010,15493.18449
1807,Kangra,2,2,Himachal Pradesh,04-01-2010,15142.01902
1808,Kinnaur,12,2,Himachal Pradesh,04-01-2010,14073.89267
1809,Lahul & Spiti,3,2,Himachal Pradesh,04-01-2010,13749.10784
1810,Kullu,4,2,Himachal Pradesh,04-01-2010,14376.13888
1811,Mandi,5,2,Himachal Pradesh,04-01-2010,15205.76266
1812,Rupnagar,7,3,Punjab,04-01-2010,15584.01417
1813,Amritsar,2,3,Punjab,04-01-2010,15490.20437
1814,Firozpur,11,3,Punjab,04-01-2010,15593.92443
1815,Bathinda,14,3,Punjab,04-01-2010,15626.94371
1816,Gurdaspur,1,3,Punjab,04-01-2010,15498.62383
1817,Faridkot,13,3,Punjab,04-01-2010,15640.84278
1818,Fatehgarh Sahib,8,3,Punjab,04-01-2010,15553.20683
1819,Hoshiarpur,5,3,Punjab,04-01-2010,15526.37151
1820,Jalandhar,4,3,Punjab,04-01-2010,15537.36833
1821,Kapurthala,3,3,Punjab,04-01-2010,15526.71276
1822,Ludhiana,9,3,Punjab,04-01-2010,15581.70587
1823,Mansa,15,3,Punjab,04-01-2010,15631.26328
1824,Moga,10,3,Punjab,04-01-2010,15606.46655
1825,Muktsar,12,3,Punjab,04-01-2010,15592.94543
1826,Nawanshahr,6,3,Punjab,04-01-2010,15530.67844
1827,Patiala,17,3,Punjab,04-01-2010,15615.72339
1828,Sangrur,16,3,Punjab,04-01-2010,15630.89685
1829,Rudraprayag,3,5,Uttarakhand,04-01-2010,14819.30805
1830,Tehri Garhwal,4,5,Uttarakhand,04-01-2010,15119.42398
1831,Udham Singh Nagar,12,5,Uttarakhand,04-01-2010,15480.87727
1832,Uttarkashi,1,5,Uttarakhand,04-01-2010,14418.4668
1833,Bageshwar,8,5,Uttarakhand,04-01-2010,14908.95722
1834,Almora,9,5,Uttarakhand,04-01-2010,15350.00526
1835,Chamoli,2,5,Uttarakhand,04-01-2010,14403.44805
1836,Champawat,10,5,Uttarakhand,04-01-2010,15244.62143
1837,Dehradun,5,5,Uttarakhand,04-01-2010,15390.54345
1838,Garhwal,6,5,Uttarakhand,04-01-2010,15411.81832
1839,Hardwar,13,5,Uttarakhand,04-01-2010,15571.99415
1840,Nainital,11,5,Uttarakhand,04-01-2010,15398.56482
1841,Pithoragarh,7,5,Uttarakhand,04-01-2010,14500.88936
1842,Rohtak,14,6,Haryana,04-01-2010,15650.3743
1843,Sirsa,11,6,Haryana,04-01-2010,15700.8387
1844,Sonipat,8,6,Haryana,04-01-2010,15611.29953
1845,Yamunanagar,3,6,Haryana,04-01-2010,15555.5652
1846,Jhajjar,15,6,Haryana,04-01-2010,15756.75668
1847,Mahendragarh,16,6,Haryana,04-01-2010,15909.65935
1848,Rewari,17,6,Haryana,04-01-2010,15870.90278
1849,Bhiwani,13,6,Haryana,04-01-2010,15840.87788
1850,Ambala,2,6,Haryana,04-01-2010,15587.88595
1851,Gurgaon,18,6,Haryana,04-01-2010,15776.18379
1852,Faridabad,19,6,Haryana,04-01-2010,15700.59706
1853,Fatehabad,10,6,Haryana,04-01-2010,15623.91481
1854,Hisar,12,6,Haryana,04-01-2010,15692.09334
1855,Jind,9,6,Haryana,04-01-2010,15628.25161
1856,Kaithal,5,6,Haryana,04-01-2010,15603.63058
1857,Karnal,6,6,Haryana,04-01-2010,15591.62105
1858,Kurukshetra,4,6,Haryana,04-01-2010,15546.07528
1859,Panchkula,1,6,Haryana,04-01-2010,15628.90079
1860,Panipat,7,6,Haryana,04-01-2010,15591.68009
1861,Central,6,7,Delhi  & NCR,04-01-2010,15547.89361
1862,East,4,7,Delhi  & NCR,04-01-2010,15565.05186
1863,New Delhi,5,7,Delhi  & NCR,04-01-2010,15502.88604
1864,North,2,7,Delhi  & NCR,04-01-2010,15547.61324
1865,North East,3,7,Delhi  & NCR,04-01-2010,15586.4287
1866,North West,1,7,Delhi  & NCR,04-01-2010,15638.97055
1867,South,9,7,Delhi  & NCR,04-01-2010,15589.60904
1868,South West,8,7,Delhi  & NCR,04-01-2010,15668.72852
1869,West,7,7,Delhi  & NCR,04-01-2010,15597.00789
1870,Sirohi,19,8,Rajasthan,04-01-2010,15982.43537
1871,Tonk,22,8,Rajasthan,04-01-2010,16037.14665
1872,Sikar,13,8,Rajasthan,04-01-2010,15872.53228
1873,Alwar,6,8,Rajasthan,04-01-2010,15886.24792
1874,Udaipur,26,8,Rajasthan,04-01-2010,15979.03159
1875,Ganganagar,1,8,Rajasthan,04-01-2010,15898.74676
1876,Hanumangarh,2,8,Rajasthan,04-01-2010,15876.80586
1877,Baran,31,8,Rajasthan,04-01-2010,16078.57068
1878,Ajmer,21,8,Rajasthan,04-01-2010,15988.14444
1879,Banswara,28,8,Rajasthan,04-01-2010,16031.81553
1880,Barmer,17,8,Rajasthan,04-01-2010,16029.47004
1881,Bhilwara,24,8,Rajasthan,04-01-2010,16038.22045
1882,Bikaner,3,8,Rajasthan,04-01-2010,16084.47643
1883,Bharatpur,7,8,Rajasthan,04-01-2010,15896.80953
1884,Bundi,23,8,Rajasthan,04-01-2010,15983.72108
1885,Chittaurgarh,29,8,Rajasthan,04-01-2010,16012.37891
1886,Churu,4,8,Rajasthan,04-01-2010,15995.21548
1887,Dausa,11,8,Rajasthan,04-01-2010,15949.63407
1888,Dhaulpur,8,8,Rajasthan,04-01-2010,15922.21308
1889,Dungarpur,27,8,Rajasthan,04-01-2010,15991.44219
1890,Karauli,9,8,Rajasthan,04-01-2010,15946.64725
1891,Jaipur,12,8,Rajasthan,04-01-2010,15930.94093
1892,Jaisalmer,16,8,Rajasthan,04-01-2010,16121.0352
1893,Jalor,18,8,Rajasthan,04-01-2010,16008.29413
1894,Jhalawar,32,8,Rajasthan,04-01-2010,16128.35439
1895,Jhunjhunun,5,8,Rajasthan,04-01-2010,15877.46675
1896,Jodhpur,15,8,Rajasthan,04-01-2010,16030.35708
1897,Kota,30,8,Rajasthan,04-01-2010,16028.35533
1898,Nagaur,14,8,Rajasthan,04-01-2010,15959.67824
1899,Pali,20,8,Rajasthan,04-01-2010,16040.08386
1900,Rajsamand,25,8,Rajasthan,04-01-2010,15958.2696
1901,Sawai Madhopur,10,8,Rajasthan,04-01-2010,15980.80646
1902,Shrawasti,51,9,Uttar Pradesh,04-01-2010,15598.82018
1903,Saharanpur,1,9,Uttar Pradesh,04-01-2010,15502.87313
1904,Sitapur,24,9,Uttar Pradesh,04-01-2010,15633.79823
1905,Sultanpur,49,9,Uttar Pradesh,04-01-2010,15670.26309
1906,Sonbhadra,70,9,Uttar Pradesh,04-01-2010,15880.21902
1907,Siddharthnagar,54,9,Uttar Pradesh,04-01-2010,15578.90499
1908,Unnao,26,9,Uttar Pradesh,04-01-2010,15726.62533
1909,Varanasi,67,9,Uttar Pradesh,04-01-2010,15727.01478
1910,Bulandshahr,11,9,Uttar Pradesh,04-01-2010,15599.77862
1911,Gautam Buddha Nagar,10,9,Uttar Pradesh,04-01-2010,15652.64585
1912,Ghaziabad,9,9,Uttar Pradesh,04-01-2010,15572.12785
1913,Auraiya,32,9,Uttar Pradesh,04-01-2010,15756.33117
1914,Azamgarh,61,9,Uttar Pradesh,04-01-2010,15653.90019
1915,Budaun,19,9,Uttar Pradesh,04-01-2010,15651.74019
1916,Agra,15,9,Uttar Pradesh,04-01-2010,15826.24028
1917,Aligarh,12,9,Uttar Pradesh,04-01-2010,15678.95586
1918,Allahabad,45,9,Uttar Pradesh,04-01-2010,15820.8398
1919,Ambedkar Nagar,48,9,Uttar Pradesh,04-01-2010,15619.38465
1920,Bareilly,20,9,Uttar Pradesh,04-01-2010,15604.25591
1921,Bijnor,3,9,Uttar Pradesh,04-01-2010,15623.6724
1922,Basti,55,9,Uttar Pradesh,04-01-2010,15601.54376
1923,Baghpat,8,9,Uttar Pradesh,04-01-2010,15494.55265
1924,Bahraich,50,9,Uttar Pradesh,04-01-2010,15545.70065
1925,Ballia,63,9,Uttar Pradesh,04-01-2010,15685.49167
1926,Balrampur,52,9,Uttar Pradesh,04-01-2010,15581.51691
1927,Banda,40,9,Uttar Pradesh,04-01-2010,15955.7468
1928,Barabanki,46,9,Uttar Pradesh,04-01-2010,15541.71713
1929,Chitrakoot,41,9,Uttar Pradesh,04-01-2010,15935.00425
1930,Chandauli,66,9,Uttar Pradesh,04-01-2010,15788.34069
1931,Deoria,60,9,Uttar Pradesh,04-01-2010,15645.60667
1932,Etah,17,9,Uttar Pradesh,04-01-2010,15714.44889
1933,Kanpur Dehat,33,9,Uttar Pradesh,04-01-2010,15780.12346
1934,Etawah,31,9,Uttar Pradesh,04-01-2010,15752.96764
1935,Faizabad,47,9,Uttar Pradesh,04-01-2010,15601.14528
1936,Ghazipur,65,9,Uttar Pradesh,04-01-2010,15713.73953
1937,Gonda,53,9,Uttar Pradesh,04-01-2010,15570.11544
1938,Gorakhpur,58,9,Uttar Pradesh,04-01-2010,15606.05267
1939,Farrukhabad,29,9,Uttar Pradesh,04-01-2010,15689.38528
1940,Fatehpur,42,9,Uttar Pradesh,04-01-2010,15775.68425
1941,Firozabad,16,9,Uttar Pradesh,04-01-2010,15767.61904
1942,Hamirpur,38,9,Uttar Pradesh,04-01-2010,15959.62636
1943,Hardoi,25,9,Uttar Pradesh,04-01-2010,15704.27846
1944,Hathras,13,9,Uttar Pradesh,04-01-2010,15755.00014
1945,Jalaun,35,9,Uttar Pradesh,04-01-2010,15904.90824
1946,Jaunpur,64,9,Uttar Pradesh,04-01-2010,15694.54645
1947,Jhansi,36,9,Uttar Pradesh,04-01-2010,15972.01461
1948,Jyotiba Phule Nagar,6,9,Uttar Pradesh,04-01-2010,15567.11365
1949,Kannauj,30,9,Uttar Pradesh,04-01-2010,15750.9488
1950,Kanpur Nagar,34,9,Uttar Pradesh,04-01-2010,15731.84286
1951,Kaushambi,44,9,Uttar Pradesh,04-01-2010,15790.54182
1952,Kheri,23,9,Uttar Pradesh,04-01-2010,15557.56543
1953,Mirzapur,69,9,Uttar Pradesh,04-01-2010,15876.13993
1954,Moradabad,4,9,Uttar Pradesh,04-01-2010,15568.89531
1955,Muzaffarnagar,2,9,Uttar Pradesh,04-01-2010,15499.24782
1956,Rae Bareli,28,9,Uttar Pradesh,04-01-2010,15684.12538
1957,Kushinagar,59,9,Uttar Pradesh,04-01-2010,15530.83599
1958,Lucknow,27,9,Uttar Pradesh,04-01-2010,15639.67042
1959,Lalitpur,37,9,Uttar Pradesh,04-01-2010,15983.37203
1960,Mahrajganj,57,9,Uttar Pradesh,04-01-2010,15531.35913
1961,Mahoba,39,9,Uttar Pradesh,04-01-2010,16027.279
1962,Mainpuri,18,9,Uttar Pradesh,04-01-2010,15710.66213
1963,Mathura,14,9,Uttar Pradesh,04-01-2010,15762.09971
1964,Mau,62,9,Uttar Pradesh,04-01-2010,15668.02964
1965,Meerut,7,9,Uttar Pradesh,04-01-2010,15537.57684
1966,Pilibhit,21,9,Uttar Pradesh,04-01-2010,15531.40179
1967,Pratapgarh,43,9,Uttar Pradesh,04-01-2010,15710.07527
1968,Rampur,5,9,Uttar Pradesh,04-01-2010,15506.98621
1969,Sant Ravidas Nagar Bhadohi,68,9,Uttar Pradesh,04-01-2010,15745.64026
1970,Sant Kabir Nagar,56,9,Uttar Pradesh,04-01-2010,15614.99902
1971,Shahjahanpur,22,9,Uttar Pradesh,04-01-2010,15631.42757
1972,Sheikhpura,26,10,Bihar,04-01-2010,15702.53725
1973,Sheohar,3,10,Bihar,04-01-2010,15471.30042
1974,Saharsa,12,10,Bihar,04-01-2010,15343.25661
1975,Sitamarhi,4,10,Bihar,04-01-2010,15434.98829
1976,Siwan,16,10,Bihar,04-01-2010,15621.24847
1977,Supaul,6,10,Bihar,04-01-2010,15365.13386
1978,Vaishali,18,10,Bihar,04-01-2010,15540.60764
1979,Kaimur (Bhabua),31,10,Bihar,04-01-2010,15828.75763
1980,Gaya,35,10,Bihar,04-01-2010,15821.12772
1981,Bhojpur,29,10,Bihar,04-01-2010,15723.41186
1982,Buxar,30,10,Bihar,04-01-2010,15719.67667
1983,Jehanabad,33,10,Bihar,04-01-2010,15733.93386
1984,Rohtas,32,10,Bihar,04-01-2010,15737.93284
1985,Araria,7,10,Bihar,04-01-2010,15349.53514
1986,Aurangabad,34,10,Bihar,04-01-2010,15762.82482
1987,Banka,23,10,Bihar,04-01-2010,15685.82179
1988,Bhagalpur,22,10,Bihar,04-01-2010,15517.18039
1989,Begusarai,20,10,Bihar,04-01-2010,15505.87368
1990,Saran,17,10,Bihar,04-01-2010,15586.39984
1991,Katihar,10,10,Bihar,04-01-2010,15304.3121
1992,Darbhanga,13,10,Bihar,04-01-2010,15434.82653
1993,Gopalganj,15,10,Bihar,04-01-2010,15558.9224
1994,Jamui,37,10,Bihar,04-01-2010,15714.44242
1995,Kishanganj,8,10,Bihar,04-01-2010,15376.08212
1996,Muzaffarpur,14,10,Bihar,04-01-2010,15481.5998
1997,Purnia,9,10,Bihar,04-01-2010,15287.14011
1998,Khagaria,21,10,Bihar,04-01-2010,15317.95531
1999,Madhubani,5,10,Bihar,04-01-2010,15403.25051
2000,Lakhisarai,25,10,Bihar,04-01-2010,15652.17908
2001,Madhepura,11,10,Bihar,04-01-2010,15349.78996
2002,Purba Champaran,2,10,Bihar,04-01-2010,15489.59944
2003,Munger,24,10,Bihar,04-01-2010,15565.76388
2004,Nalanda,27,10,Bihar,04-01-2010,15714.7758
2005,Nawada,36,10,Bihar,04-01-2010,15758.86901
2006,Pashchim Champaran,1,10,Bihar,04-01-2010,15483.18753
2007,Patna,28,10,Bihar,04-01-2010,15648.96575
2008,Samastipur,19,10,Bihar,04-01-2010,15417.5524
2009,South,3,11,Sikkim,04-01-2010,14760.23629
2010,West,2,11,Sikkim,04-01-2010,14531.95295
2011,East,4,11,Sikkim,04-01-2010,14566.6206
2012,North,1,11,Sikkim,04-01-2010,14299.28402
2013,Tawang,1,12,Arunanchal Pradesh,04-01-2010,14169.24646
2014,Tirap,13,12,Arunanchal Pradesh,04-01-2010,14779.29597
2015,West Kameng,2,12,Arunanchal Pradesh,04-01-2010,14620.7436
2016,West Siang,7,12,Arunanchal Pradesh,04-01-2010,14582.45972
2017,Upper Siang,9,12,Arunanchal Pradesh,04-01-2010,14438.08703
2018,Upper Subansiri,6,12,Arunanchal Pradesh,04-01-2010,14438.22767
2019,Changlang,12,12,Arunanchal Pradesh,04-01-2010,14697.78593
2020,Dibang Valley,10,12,Arunanchal Pradesh,04-01-2010,14268.65595
2021,East Kameng,3,12,Arunanchal Pradesh,04-01-2010,14643.806
2022,East Siang,8,12,Arunanchal Pradesh,04-01-2010,14786.78435
2023,Lohit,11,12,Arunanchal Pradesh,04-01-2010,14356.88568
2024,Lower Subansiri,5,12,Arunanchal Pradesh,04-01-2010,14542.23136
2025,Papum Pare,4,12,Arunanchal Pradesh,04-01-2010,14750.97129
2026,Tuensang,2,13,Nagaland,04-01-2010,14850.43722
2027,Wokha,5,13,Nagaland,04-01-2010,14949.89032
2028,Zunheboto,4,13,Nagaland,04-01-2010,14904.30668
2029,Dimapur,6,13,Nagaland,04-01-2010,15195.49054
2030,Kohima,7,13,Nagaland,04-01-2010,15008.89747
2031,Mokokchung,3,13,Nagaland,04-01-2010,14893.45353
2032,Mon,1,13,Nagaland,04-01-2010,14844.7544
2033,Phek,8,13,Nagaland,04-01-2010,14958.38175
2034,Tamenglong,2,14,Manipur,04-01-2010,14862.54368
2035,Thoubal,5,14,Manipur,04-01-2010,15035.79258
2036,Ukhrul,8,14,Manipur,04-01-2010,14956.10639
2037,Bishnupur,4,14,Manipur,04-01-2010,14950.933
2038,Chandel,9,14,Manipur,04-01-2010,15032.58212
2039,Churachandpur,3,14,Manipur,04-01-2010,14976.49433
2040,Imphal East,7,14,Manipur,04-01-2010,15025.73878
2041,Imphal West,6,14,Manipur,04-01-2010,14938.01016
2042,Senapati (Excl. 3 sub-divisions),1,14,Manipur,04-01-2010,14897.54932
2043,Aizawl,3,15,Mizoram,04-01-2010,15026.60584
2044,Champhai,4,15,Mizoram,04-01-2010,15005.67043
2045,Kolasib,2,15,Mizoram,04-01-2010,15013.97652
2046,Mamit,1,15,Mizoram,04-01-2010,15042.24731
2047,Lunglei,6,15,Mizoram,04-01-2010,15125.76157
2048,Lawngtlai,7,15,Mizoram,04-01-2010,15166.30985
2049,Saiha,8,15,Mizoram,04-01-2010,15084.09114
2050,Serchhip,5,15,Mizoram,04-01-2010,15065.59827
2051,South Tripura,2,16,Tripura,04-01-2010,15126.27952
2052,West Tripura,1,16,Tripura,04-01-2010,15120.69772
2053,Dhalai,3,16,Tripura,04-01-2010,15069.40848
2054,North Tripura,4,16,Tripura,04-01-2010,15056.27413
2055,Ri Bhoi,5,17,Meghalaya,04-01-2010,15059.92374
2056,South Garo Hills,3,17,Meghalaya,04-01-2010,15077.16762
2057,West Garo Hills,1,17,Meghalaya,04-01-2010,15146.5979
2058,West Khasi Hills,4,17,Meghalaya,04-01-2010,14975.7885
2059,East Garo Hills,2,17,Meghalaya,04-01-2010,15076.52361
2060,East Khasi Hills,6,17,Meghalaya,04-01-2010,14976.91584
2061,Jaintia Hills,7,17,Meghalaya,04-01-2010,14978.29906
2062,Sonitpur,11,18,Assam,04-01-2010,15005.3241
2063,Sibsagar,16,18,Assam,04-01-2010,14930.48923
2064,Tinsukia,14,18,Assam,04-01-2010,14898.41778
2065,Barpeta,5,18,Assam,04-01-2010,14978.68195
2066,Bongaigaon,4,18,Assam,04-01-2010,15009.17892
2067,Cachar,21,18,Assam,04-01-2010,14998.56884
2068,Darrang,8,18,Assam,04-01-2010,14977.87489
2069,Dhemaji,13,18,Assam,04-01-2010,14949.15667
2070,Dhubri,2,18,Assam,04-01-2010,15008.10523
2071,Dibrugarh,15,18,Assam,04-01-2010,14862.57743
2072,Kamrup,6,18,Assam,04-01-2010,15002.12367
2073,Karbi Anglong,19,18,Assam,04-01-2010,15065.77048
2074,Goalpara,3,18,Assam,04-01-2010,15035.77201
2075,Golaghat,18,18,Assam,04-01-2010,15032.93667
2076,Hailakandi,23,18,Assam,04-01-2010,15024.2363
2077,Jorhat,17,18,Assam,04-01-2010,14942.42918
2078,Karimganj,22,18,Assam,04-01-2010,15025.59649
2079,Kokrajhar,1,18,Assam,04-01-2010,15047.21928
2080,Lakhimpur,12,18,Assam,04-01-2010,14999.17319
2081,Nagaon,10,18,Assam,04-01-2010,15111.01993
2082,Marigaon,9,18,Assam,04-01-2010,14987.53301
2083,Nalbari,7,18,Assam,04-01-2010,14998.72365
2084,North Cachar Hills,20,18,Assam,04-01-2010,15081.43868
2085,South  Twenty Four Parganas,18,19,West Bengal,04-01-2010,15277.63311
2086,Uttar Dinajpur,4,19,West Bengal,04-01-2010,15311.69973
2087,Barddhaman,9,19,West Bengal,04-01-2010,15424.39447
2088,Birbhum,8,19,West Bengal,04-01-2010,15541.1502
2089,Bankura,13,19,West Bengal,04-01-2010,15627.46761
2090,Dakshin Dinajpur,5,19,West Bengal,04-01-2010,15301.10955
2091,Darjiling,1,19,West Bengal,04-01-2010,15018.09536
2092,Haora,16,19,West Bengal,04-01-2010,15274.70524
2093,Hugli,12,19,West Bengal,04-01-2010,15343.73619
2094,Jalpaiguri,2,19,West Bengal,04-01-2010,15105.97639
2095,Koch Bihar,3,19,West Bengal,04-01-2010,15114.0338
2096,Murshidabad,7,19,West Bengal,04-01-2010,15385.12109
2097,Puruliya,14,19,West Bengal,04-01-2010,15803.21035
2098,Kolkata,17,19,West Bengal,04-01-2010,15374.35159
2099,Maldah,6,19,West Bengal,04-01-2010,15339.06722
2100,Nadia,10,19,West Bengal,04-01-2010,15330.70747
2101,North Twenty Four Parganas,11,19,West Bengal,04-01-2010,15220.35778
2102,Medinipur,15,19,West Bengal,04-01-2010,15509.96516
2103,Ranchi,14,20,Jharkhand,04-01-2010,15830.5079
2104,Sahibganj,9,20,Jharkhand,04-01-2010,15610.02664
2105,Garhwa,1,20,Jharkhand,04-01-2010,15943.2971
2106,Palamu,2,20,Jharkhand,04-01-2010,15865.47371
2107,Chatra,3,20,Jharkhand,04-01-2010,15855.13529
2108,Hazaribagh,4,20,Jharkhand,04-01-2010,15810.0381
2109,Kodarma,5,20,Jharkhand,04-01-2010,15801.45016
2110,Bokaro,13,20,Jharkhand,04-01-2010,15830.59814
2111,Deoghar,7,20,Jharkhand,04-01-2010,15777.18417
2112,Dhanbad,12,20,Jharkhand,04-01-2010,15782.39591
2113,Dumka,11,20,Jharkhand,04-01-2010,15745.81862
2114,Giridih,6,20,Jharkhand,04-01-2010,15802.62852
2115,Godda,8,20,Jharkhand,04-01-2010,15696.5205
2116,Gumla,16,20,Jharkhand,04-01-2010,15850.14411
2117,Purbi Singhbhum,18,20,Jharkhand,04-01-2010,15774.42991
2118,Lohardaga,15,20,Jharkhand,04-01-2010,15774.00715
2119,Pakaur,10,20,Jharkhand,04-01-2010,15700.89288
2120,Pashchimi Singhbhum,17,20,Jharkhand,04-01-2010,15777.26109
2121,Rayagada,27,21,Orissa,04-01-2010,15622.65171
2122,Sundargarh,5,21,Orissa,04-01-2010,15828.05698
2123,Sonapur,23,21,Orissa,04-01-2010,15713.87098
2124,Anugul,15,21,Orissa,04-01-2010,15690.56299
2125,Bhadrak,9,21,Orissa,04-01-2010,15570.55834
2126,Baudh,22,21,Orissa,04-01-2010,15770.52809
2127,Balangir,24,21,Orissa,04-01-2010,15894.56065
2128,Baleshwar,8,21,Orissa,04-01-2010,15520.37948
2129,Bargarh,1,21,Orissa,04-01-2010,15778.7002
2130,Kendrapara,10,21,Orissa,04-01-2010,15452.58749
2131,Kendujhar,6,21,Orissa,04-01-2010,15724.99665
2132,Debagarh,4,21,Orissa,04-01-2010,15710.63412
2133,Cuttack,12,21,Orissa,04-01-2010,15592.28404
2134,Dhenkanal,14,21,Orissa,04-01-2010,15651.97967
2135,Kalahandi,26,21,Orissa,04-01-2010,15730.04567
2136,Ganjam,19,21,Orissa,04-01-2010,15647.7873
2137,Gajapati,20,21,Orissa,04-01-2010,15565.98728
2138,Jajapur,13,21,Orissa,04-01-2010,15624.03337
2139,Jagatsinghapur,11,21,Orissa,04-01-2010,15441.99229
2140,Jharsuguda,2,21,Orissa,04-01-2010,15782.72445
2141,Khordha,17,21,Orissa,04-01-2010,15573.71454
2142,Mayurbhanj,7,21,Orissa,04-01-2010,15669.16808
2143,Puri,18,21,Orissa,04-01-2010,15369.79281
2144,Koraput,29,21,Orissa,04-01-2010,15623.14231
2145,Malkangiri,30,21,Orissa,04-01-2010,15582.10983
2146,Nabarangapur,28,21,Orissa,04-01-2010,15747.94338
2147,Nayagarh,16,21,Orissa,04-01-2010,15672.38666
2148,Nuapada,25,21,Orissa,04-01-2010,15901.57391
2149,Kandhamal,21,21,Orissa,04-01-2010,15646.98626
2150,Sambalpur,3,21,Orissa,04-01-2010,15733.22368
2151,Surguja,2,22,Chhattisgarh,04-01-2010,15840.24467
2152,Bilaspur,7,22,Chhattisgarh,04-01-2010,15938.49546
2153,Janjgir - Champa,6,22,Chhattisgarh,04-01-2010,15909.16834
2154,Korba,5,22,Chhattisgarh,04-01-2010,15858.83865
2155,Kawardha,8,22,Chhattisgarh,04-01-2010,16036.42021
2156,Bastar,15,22,Chhattisgarh,04-01-2010,15663.92584
2157,Dantewada,16,22,Chhattisgarh,04-01-2010,15594.72783
2158,Dhamtari,13,22,Chhattisgarh,04-01-2010,15784.3464
2159,Durg,10,22,Chhattisgarh,04-01-2010,15956.90408
2160,Kanker,14,22,Chhattisgarh,04-01-2010,15809.92591
2161,Jashpur,3,22,Chhattisgarh,04-01-2010,15828.93674
2162,Koriya,1,22,Chhattisgarh,04-01-2010,15841.5562
2163,Mahasamund,12,22,Chhattisgarh,04-01-2010,15883.59645
2164,Raigarh,4,22,Chhattisgarh,04-01-2010,15878.36523
2165,Raipur,11,22,Chhattisgarh,04-01-2010,15891.08704
2166,Rajnandgaon,9,22,Chhattisgarh,04-01-2010,15953.56758
2167,Shajapur,22,23,Madhya Pradesh,04-01-2010,16120.0015
2168,Shivpuri,6,23,Madhya Pradesh,04-01-2010,16014.35349
2169,Ratlam,20,23,Madhya Pradesh,04-01-2010,16098.42317
2170,Rewa,14,23,Madhya Pradesh,04-01-2010,15960.07789
2171,Sagar,11,23,Madhya Pradesh,04-01-2010,16078.53396
2172,Sidhi,17,23,Madhya Pradesh,04-01-2010,15923.37906
2173,Ujjain,21,23,Madhya Pradesh,04-01-2010,16073.42941
2174,Vidisha,31,23,Madhya Pradesh,04-01-2010,16089.59437
2175,West Nimar,27,23,Madhya Pradesh,04-01-2010,16189.09604
2176,Morena,2,23,Madhya Pradesh,04-01-2010,15930.23505
2177,Sheopur,1,23,Madhya Pradesh,04-01-2010,16000.55124
2178,Dindori,41,23,Madhya Pradesh,04-01-2010,15984.5361
2179,Mandla,42,23,Madhya Pradesh,04-01-2010,16005.53697
2180,Shahdol,16,23,Madhya Pradesh,04-01-2010,15938.24141
2181,Umaria,15,23,Madhya Pradesh,04-01-2010,15939.43445
2182,Bhind,3,23,Madhya Pradesh,04-01-2010,15938.66093
2183,Bhopal,32,23,Madhya Pradesh,04-01-2010,16018.21161
2184,Barwani,28,23,Madhya Pradesh,04-01-2010,16194.79113
2185,Betul,35,23,Madhya Pradesh,04-01-2010,16022.15729
2186,Balaghat,45,23,Madhya Pradesh,04-01-2010,15864.80575
2187,Chhatarpur,9,23,Madhya Pradesh,04-01-2010,16013.73098
2188,Chhindwara,43,23,Madhya Pradesh,04-01-2010,16037.91179
2189,Dewas,23,23,Madhya Pradesh,04-01-2010,16097.93003
2190,Katni,38,23,Madhya Pradesh,04-01-2010,15973.76599
2191,Datia,5,23,Madhya Pradesh,04-01-2010,15920.94987
2192,Damoh,12,23,Madhya Pradesh,04-01-2010,16053.73399
2193,Dhar,25,23,Madhya Pradesh,04-01-2010,16140.87485
2194,East Nimar,29,23,Madhya Pradesh,04-01-2010,16124.81337
2195,Guna,7,23,Madhya Pradesh,04-01-2010,16099.1852
2196,Gwalior,4,23,Madhya Pradesh,04-01-2010,15970.37604
2197,Harda,36,23,Madhya Pradesh,04-01-2010,16088.69137
2198,Hoshangabad,37,23,Madhya Pradesh,04-01-2010,15931.59929
2199,Indore,26,23,Madhya Pradesh,04-01-2010,16040.92423
2200,Jabalpur,39,23,Madhya Pradesh,04-01-2010,15985.18941
2201,Jhabua,24,23,Madhya Pradesh,04-01-2010,16127.87998
2202,Mandsaur,19,23,Madhya Pradesh,04-01-2010,16085.2549
2203,Tikamgarh,8,23,Madhya Pradesh,04-01-2010,15999.03148
2204,Narsimhapur,40,23,Madhya Pradesh,04-01-2010,16014.85364
2205,Neemuch,18,23,Madhya Pradesh,04-01-2010,16041.04872
2206,Panna,10,23,Madhya Pradesh,04-01-2010,16027.32595
2207,Raisen,34,23,Madhya Pradesh,04-01-2010,16049.6527
2208,Rajgarh,30,23,Madhya Pradesh,04-01-2010,16145.77135
2209,Satna,13,23,Madhya Pradesh,04-01-2010,15956.26699
2210,Sehore,33,23,Madhya Pradesh,04-01-2010,16081.82715
2211,Seoni,44,23,Madhya Pradesh,04-01-2010,16056.80229
2212,Sabar Kantha,5,24,Gujarat,04-01-2010,15934.31204
2213,Surendranagar,8,24,Gujarat,04-01-2010,16070.65132
2214,The Dangs,23,24,Gujarat,04-01-2010,16022.92625
2215,Vadodara,19,24,Gujarat,04-01-2010,15969.38314
2216,Valsad,25,24,Gujarat,04-01-2010,15855.05582
2217,Bharuch,21,24,Gujarat,04-01-2010,15950.13316
2218,Surat,22,24,Gujarat,04-01-2010,15842.10948
2219,Anand,15,24,Gujarat,04-01-2010,15807.9394
2220,Ahmadabad,7,24,Gujarat,04-01-2010,16033.3456
2221,Amreli,13,24,Gujarat,04-01-2010,16107.0014
2222,Bhavnagar,14,24,Gujarat,04-01-2010,16134.26727
2223,Banas Kantha,2,24,Gujarat,04-01-2010,15899.90321
2224,Dohad,18,24,Gujarat,04-01-2010,16041.73507
2225,Junagadh,12,24,Gujarat,04-01-2010,15962.211
2226,Kachchh,1,24,Gujarat,04-01-2010,15925.80229
2227,Gandhinagar,6,24,Gujarat,04-01-2010,15825.50928
2228,Jamnagar,10,24,Gujarat,04-01-2010,15943.86985
2229,Kheda,16,24,Gujarat,04-01-2010,15870.49551
2230,Mahesana,4,24,Gujarat,04-01-2010,15890.86434
2231,Narmada,20,24,Gujarat,04-01-2010,16028.92142
2232,Navsari,24,24,Gujarat,04-01-2010,15768.54226
2233,Panch Mahals,17,24,Gujarat,04-01-2010,15976.1156
2234,Patan,3,24,Gujarat,04-01-2010,16008.25583
2235,Porbandar,11,24,Gujarat,04-01-2010,15870.29514
2236,Rajkot,9,24,Gujarat,04-01-2010,16084.90175
2237,Daman,2,25,Daman & Diu,04-01-2010,15633.97133
2238,Diu,1,25,Daman & Diu,04-01-2010,15525.21371
2239,Ratnagiri,32,27,Maharashtra,04-01-2010,15657.06276
2240,Raigarh,24,27,Maharashtra,04-01-2010,15778.97635
2241,Thane,21,27,Maharashtra,04-01-2010,15907.32001
2242,Solapur,30,27,Maharashtra,04-01-2010,16029.10975
2243,Sindhudurg,33,27,Maharashtra,04-01-2010,15525.50461
2244,Wardha,8,27,Maharashtra,04-01-2010,16186.34388
2245,Washim,6,27,Maharashtra,04-01-2010,16202.75961
2246,Yavatmal,14,27,Maharashtra,04-01-2010,16227.71201
2247,Aurangabad,19,27,Maharashtra,04-01-2010,16105.13551
2248,Ahmadnagar,26,27,Maharashtra,04-01-2010,16025.40592
2249,Akola,5,27,Maharashtra,04-01-2010,16213.68121
2250,Amravati,7,27,Maharashtra,04-01-2010,16130.99035
2251,Bid,27,27,Maharashtra,04-01-2010,16078.26587
2252,Bhandara,10,27,Maharashtra,04-01-2010,15930.75279
2253,Buldana,4,27,Maharashtra,04-01-2010,16185.54105
2254,Chandrapur,13,27,Maharashtra,04-01-2010,16029.27493
2255,Dhule,2,27,Maharashtra,04-01-2010,16171.62064
2256,Gadchiroli,12,27,Maharashtra,04-01-2010,15813.90675
2257,Gondiya,11,27,Maharashtra,04-01-2010,15876.50947
2258,Hingoli,16,27,Maharashtra,04-01-2010,16190.5946
2259,Jalgaon,3,27,Maharashtra,04-01-2010,16105.90015
2260,Jalna,18,27,Maharashtra,04-01-2010,16202.48686
2261,Kolhapur,34,27,Maharashtra,04-01-2010,15684.80797
2262,Latur,28,27,Maharashtra,04-01-2010,16184.08701
2263,Pune,25,27,Maharashtra,04-01-2010,15886.66215
2264,Nagpur,9,27,Maharashtra,04-01-2010,16060.84616
2265,Mumbai,23,27,Maharashtra,04-01-2010,15516.87299
2266,Mumbai (Suburban),22,27,Maharashtra,04-01-2010,15567.54128
2267,Nanded,15,27,Maharashtra,04-01-2010,16183.69264
2268,Nandurbar,1,27,Maharashtra,04-01-2010,16128.98335
2269,Nashik,20,27,Maharashtra,04-01-2010,16048.08231
2270,Osmanabad,29,27,Maharashtra,04-01-2010,16120.56508
2271,Parbhani,17,27,Maharashtra,04-01-2010,16191.97878
2272,Sangli,35,27,Maharashtra,04-01-2010,16007.83363
2273,Satara,31,27,Maharashtra,04-01-2010,15902.84096
2274,Rangareddi,6,28,Andhra Pradesh,04-01-2010,15919.53966
2275,Srikakulam,11,28,Andhra Pradesh,04-01-2010,15585.03141
2276,West Godavari,15,28,Andhra Pradesh,04-01-2010,15398.46657
2277,Visakhapatnam,13,28,Andhra Pradesh,04-01-2010,15498.83825
2278,Vizianagaram,12,28,Andhra Pradesh,04-01-2010,15598.46227
2279,Warangal,9,28,Andhra Pradesh,04-01-2010,15815.43987
2280,Anantapur,22,28,Andhra Pradesh,04-01-2010,15803.869
2281,Adilabad,1,28,Andhra Pradesh,04-01-2010,16023.4982
2282,Chittoor,23,28,Andhra Pradesh,04-01-2010,15650.29064
2283,Cuddapah,20,28,Andhra Pradesh,04-01-2010,15745.53334
2284,East Godavari,14,28,Andhra Pradesh,04-01-2010,15411.36375
2285,Karimnagar,3,28,Andhra Pradesh,04-01-2010,15885.66376
2286,Guntur,17,28,Andhra Pradesh,04-01-2010,15591.01175
2287,Hyderabad,5,28,Andhra Pradesh,04-01-2010,15736.28079
2288,Khammam,10,28,Andhra Pradesh,04-01-2010,15628.97936
2289,Medak,4,28,Andhra Pradesh,04-01-2010,15952.84632
2290,Krishna,16,28,Andhra Pradesh,04-01-2010,15458.37268
2291,Kurnool,21,28,Andhra Pradesh,04-01-2010,15824.17654
2292,Mahbubnagar,7,28,Andhra Pradesh,04-01-2010,15836.93474
2293,Nalgonda,8,28,Andhra Pradesh,04-01-2010,15758.98778
2294,Nellore,19,28,Andhra Pradesh,04-01-2010,15635.77943
2295,Nizamabad,2,28,Andhra Pradesh,04-01-2010,15942.1838
2296,Prakasam,18,28,Andhra Pradesh,04-01-2010,15701.52512
2297,Shimoga,15,29,Karnataka,04-01-2010,15398.02092
2298,Tumkur,18,29,Karnataka,04-01-2010,15597.29381
2299,Udupi,16,29,Karnataka,04-01-2010,15342.24997
2300,Uttara Kannada,10,29,Karnataka,04-01-2010,15319.8993
2301,Bagalkot,2,29,Karnataka,04-01-2010,15879.27074
2302,Bangalore,20,29,Karnataka,04-01-2010,15505.99514
2303,Bidar,5,29,Karnataka,04-01-2010,16166.93307
2304,Bijapur,3,29,Karnataka,04-01-2010,16057.8784
2305,Belgaum,1,29,Karnataka,04-01-2010,15821.82532
2306,Bellary,12,29,Karnataka,04-01-2010,15732.56794
2307,Bangalore Rural,21,29,Karnataka,04-01-2010,15543.30797
2308,Chamarajanagar,27,29,Karnataka,04-01-2010,15552.77426
2309,Chikmagalur,17,29,Karnataka,04-01-2010,15350.87027
2310,Chitradurga,13,29,Karnataka,04-01-2010,15695.99153
2311,Dakshina Kannada,24,29,Karnataka,04-01-2010,15269.95697
2312,Davanagere,14,29,Karnataka,04-01-2010,15574.17788
2313,Dharwad,9,29,Karnataka,04-01-2010,15870.75931
2314,Gulbarga,4,29,Karnataka,04-01-2010,16062.79988
2315,Gadag,8,29,Karnataka,04-01-2010,15936.74851
2316,Hassan,23,29,Karnataka,04-01-2010,15474.15445
2317,Haveri,11,29,Karnataka,04-01-2010,15735.45197
2318,Kodagu,25,29,Karnataka,04-01-2010,15191.7265
2319,Kolar,19,29,Karnataka,04-01-2010,15657.67319
2320,Mandya,22,29,Karnataka,04-01-2010,15436.5504
2321,Koppal,7,29,Karnataka,04-01-2010,15870.1829
2322,Mysore,26,29,Karnataka,04-01-2010,15535.1682
2323,Raichur,6,29,Karnataka,04-01-2010,15852.01114
2324,South Goa,2,30,Goa,04-01-2010,15348.71369
2325,North Goa,1,30,Goa,04-01-2010,15428.75288
2326,Thrissur,7,32,Kerala,04-01-2010,15272.75209
2327,Thiruvananthapuram,14,32,Kerala,04-01-2010,15218.89764
2328,Wayanad,3,32,Kerala,04-01-2010,15160.91718
2329,Alappuzha,11,32,Kerala,04-01-2010,15248.20115
2330,Kasaragod,1,32,Kerala,04-01-2010,15343.63065
2331,Kannur,2,32,Kerala,04-01-2010,15311.78703
2332,Ernakulam,8,32,Kerala,04-01-2010,15240.80664
2333,Idukki,9,32,Kerala,04-01-2010,15119.61311
2334,Kollam,13,32,Kerala,04-01-2010,15210.52341
2335,Kottayam,10,32,Kerala,04-01-2010,15243.86419
2336,Kozhikode,4,32,Kerala,04-01-2010,15262.97662
2337,Malappuram,5,32,Kerala,04-01-2010,15296.31551
2338,Palakkad,6,32,Kerala,04-01-2010,15316.65542
2339,Pathanamthitta,12,32,Kerala,04-01-2010,15168.67323
2340,Sivaganga,23,33,Tamil Nadu,04-01-2010,15708.64368
2341,Tiruchirappalli,15,33,Tamil Nadu,04-01-2010,15695.9157
2342,Tirunelveli,29,33,Tamil Nadu,04-01-2010,15624.91534
2343,Tiruvannamalai,6,33,Tamil Nadu,04-01-2010,15661.7097
2344,Thoothukkudi,28,33,Tamil Nadu,04-01-2010,15796.00954
2345,Theni,25,33,Tamil Nadu,04-01-2010,15504.6154
2346,Vellore,4,33,Tamil Nadu,04-01-2010,15672.09238
2347,Viluppuram,7,33,Tamil Nadu,04-01-2010,15577.9107
2348,Virudhunagar,26,33,Tamil Nadu,04-01-2010,15803.60094
2349,Chennai,2,33,Tamil Nadu,04-01-2010,15490.59126
2350,Kancheepuram,3,33,Tamil Nadu,04-01-2010,15555.41574
2351,Thiruvallur,1,33,Tamil Nadu,04-01-2010,15583.86887
2352,Thanjavur,21,33,Tamil Nadu,04-01-2010,15518.20336
2353,Thiruvarur,20,33,Tamil Nadu,04-01-2010,15509.91747
2354,Nagapattinam,19,33,Tamil Nadu,04-01-2010,15501.75354
2355,Ariyalur,17,33,Tamil Nadu,04-01-2010,15615.80991
2356,Coimbatore,12,33,Tamil Nadu,04-01-2010,15603.05008
2357,Cuddalore,18,33,Tamil Nadu,04-01-2010,15532.79339
2358,Dharmapuri,5,33,Tamil Nadu,04-01-2010,15660.38815
2359,Dindigul,13,33,Tamil Nadu,04-01-2010,15596.18351
2360,Erode,10,33,Tamil Nadu,04-01-2010,15679.73864
2361,Kanniyakumari,30,33,Tamil Nadu,04-01-2010,15319.97017
2362,Karur,14,33,Tamil Nadu,04-01-2010,15830.76449
2363,Madurai,24,33,Tamil Nadu,04-01-2010,15729.02847
2364,Namakkal,9,33,Tamil Nadu,04-01-2010,15715.84002
2365,The Nilgiris,11,33,Tamil Nadu,04-01-2010,15153.31991
2366,Perambalur,16,33,Tamil Nadu,04-01-2010,15731.60221
2367,Pudukkottai,22,33,Tamil Nadu,04-01-2010,15650.28823
2368,Ramanathapuram,27,33,Tamil Nadu,04-01-2010,15699.31161
2369,Salem,8,33,Tamil Nadu,04-01-2010,15686.32384
2370,Yanam,1,34,Puducherry,04-01-2010,15356.27801
2371,Karaikal,4,34,Puducherry,04-01-2010,15515.65576
2372,Mahe,3,34,Puducherry,04-01-2010,15272.39882
2373,Pondicherry,2,34,Puducherry,04-01-2010,15352.92345
2374,Nicobars,2,35,Andaman & Nicobar Island,04-01-2010,15074.25745
2375,Andamans,1,35,Andaman & Nicobar Island,04-01-2010,15177.95547
2376,Lakshadweep,1,31,Lakshadweep,05-01-2010,15172.02077
2377,Chandigarh,1,4,Chandigarh,05-01-2010,15783.49882
2378,Dadra & Nagar Haveli,1,26,Dadara & Nagar Havelli,05-01-2010,15866.1966
2379,North Goa,1,30,Goa,05-01-2010,15439.97004
2380,South Goa,2,30,Goa,05-01-2010,15373.44735
2381,Jorhat,17,18,Assam,05-01-2010,15088.2343
2382,Karimganj,22,18,Assam,05-01-2010,14995.33203
2383,Kokrajhar,1,18,Assam,05-01-2010,15040.28023
2384,Lakhimpur,12,18,Assam,05-01-2010,15165.307
2385,Nagaon,10,18,Assam,05-01-2010,15075.90108
2386,Marigaon,9,18,Assam,05-01-2010,14974.45004
2387,Nalbari,7,18,Assam,05-01-2010,15034.91223
2388,North Cachar Hills,20,18,Assam,05-01-2010,14992.88957
2389,Sonitpur,11,18,Assam,05-01-2010,15034.98802
2390,Sibsagar,16,18,Assam,05-01-2010,15192.32454
2391,Tinsukia,14,18,Assam,05-01-2010,15158.93413
2392,Barpeta,5,18,Assam,05-01-2010,14986.03584
2393,Bongaigaon,4,18,Assam,05-01-2010,15023.27626
2394,Cachar,21,18,Assam,05-01-2010,14989.44479
2395,Darrang,8,18,Assam,05-01-2010,15028.5866
2396,Dhemaji,13,18,Assam,05-01-2010,15152.37459
2397,Dhubri,2,18,Assam,05-01-2010,14988.1935
2398,Dibrugarh,15,18,Assam,05-01-2010,15068.45604
2399,Kamrup,6,18,Assam,05-01-2010,15024.51834
2400,Karbi Anglong,19,18,Assam,05-01-2010,15010.0612
2401,Goalpara,3,18,Assam,05-01-2010,15017.24467
2402,Golaghat,18,18,Assam,05-01-2010,15087.074
2403,Hailakandi,23,18,Assam,05-01-2010,15024.63533
2404,Jamui,37,10,Bihar,05-01-2010,15602.80696
2405,Kishanganj,8,10,Bihar,05-01-2010,15187.68467
2406,Muzaffarpur,14,10,Bihar,05-01-2010,15453.62413
2407,Purnia,9,10,Bihar,05-01-2010,15309.40958
2408,Khagaria,21,10,Bihar,05-01-2010,15399.11188
2409,Madhubani,5,10,Bihar,05-01-2010,15394.52431
2410,Lakhisarai,25,10,Bihar,05-01-2010,15631.18638
2411,Madhepura,11,10,Bihar,05-01-2010,15369.40148
2412,Purba Champaran,2,10,Bihar,05-01-2010,15456.23558
2413,Munger,24,10,Bihar,05-01-2010,15532.24909
2414,Nalanda,27,10,Bihar,05-01-2010,15671.08363
2415,Nawada,36,10,Bihar,05-01-2010,15635.33046
2416,Pashchim Champaran,1,10,Bihar,05-01-2010,15412.02236
2417,Patna,28,10,Bihar,05-01-2010,15584.56184
2418,Samastipur,19,10,Bihar,05-01-2010,15434.05088
2419,Sheikhpura,26,10,Bihar,05-01-2010,15699.39442
2420,Sheohar,3,10,Bihar,05-01-2010,15450.56236
2421,Saharsa,12,10,Bihar,05-01-2010,15312.5387
2422,Sitamarhi,4,10,Bihar,05-01-2010,15354.14907
2423,Siwan,16,10,Bihar,05-01-2010,15627.62525
2424,Supaul,6,10,Bihar,05-01-2010,15329.20552
2425,Vaishali,18,10,Bihar,05-01-2010,15486.42656
2426,Kaimur (Bhabua),31,10,Bihar,05-01-2010,15712.38793
2427,Gaya,35,10,Bihar,05-01-2010,15739.70173
2428,Bhojpur,29,10,Bihar,05-01-2010,15699.86385
2429,Buxar,30,10,Bihar,05-01-2010,15730.98326
2430,Jehanabad,33,10,Bihar,05-01-2010,15721.85772
2431,Rohtas,32,10,Bihar,05-01-2010,15730.06937
2432,Araria,7,10,Bihar,05-01-2010,15330.67792
2433,Aurangabad,34,10,Bihar,05-01-2010,15767.52389
2434,Banka,23,10,Bihar,05-01-2010,15638.09507
2435,Bhagalpur,22,10,Bihar,05-01-2010,15559.1712
2436,Begusarai,20,10,Bihar,05-01-2010,15490.25834
2437,Saran,17,10,Bihar,05-01-2010,15525.3017
2438,Katihar,10,10,Bihar,05-01-2010,15323.73437
2439,Darbhanga,13,10,Bihar,05-01-2010,15390.45727
2440,Gopalganj,15,10,Bihar,05-01-2010,15505.95446
2441,Kollam,13,32,Kerala,05-01-2010,15153.32194
2442,Kottayam,10,32,Kerala,05-01-2010,15126.34333
2443,Kozhikode,4,32,Kerala,05-01-2010,15177.21265
2444,Malappuram,5,32,Kerala,05-01-2010,15185.25416
2445,Palakkad,6,32,Kerala,05-01-2010,15163.29403
2446,Pathanamthitta,12,32,Kerala,05-01-2010,15094.22989
2447,Idukki,9,32,Kerala,05-01-2010,14989.72762
2448,Thrissur,7,32,Kerala,05-01-2010,15166.58698
2449,Thiruvananthapuram,14,32,Kerala,05-01-2010,15187.27078
2450,Wayanad,3,32,Kerala,05-01-2010,15034.38754
2451,Alappuzha,11,32,Kerala,05-01-2010,15145.9719
2452,Kasaragod,1,32,Kerala,05-01-2010,15272.91611
2453,Kannur,2,32,Kerala,05-01-2010,15233.17755
2454,Ernakulam,8,32,Kerala,05-01-2010,15170.50318
2455,Jajapur,13,21,Orissa,05-01-2010,15432.33214
2456,Jagatsinghapur,11,21,Orissa,05-01-2010,15418.32768
2457,Jharsuguda,2,21,Orissa,05-01-2010,15626.45147
2458,Khordha,17,21,Orissa,05-01-2010,15429.10454
2459,Mayurbhanj,7,21,Orissa,05-01-2010,15360.89863
2460,Puri,18,21,Orissa,05-01-2010,15292.50722
2461,Koraput,29,21,Orissa,05-01-2010,15466.85199
2462,Malkangiri,30,21,Orissa,05-01-2010,15517.86285
2463,Nabarangapur,28,21,Orissa,05-01-2010,15513.56572
2464,Nayagarh,16,21,Orissa,05-01-2010,15482.93997
2465,Nuapada,25,21,Orissa,05-01-2010,15676.44642
2466,Kandhamal,21,21,Orissa,05-01-2010,15439.6653
2467,Sambalpur,3,21,Orissa,05-01-2010,15552.9917
2468,Rayagada,27,21,Orissa,05-01-2010,15475.81405
2469,Sundargarh,5,21,Orissa,05-01-2010,15600.31133
2470,Sonapur,23,21,Orissa,05-01-2010,15613.86951
2471,Anugul,15,21,Orissa,05-01-2010,15538.54231
2472,Bhadrak,9,21,Orissa,05-01-2010,15450.62407
2473,Baudh,22,21,Orissa,05-01-2010,15613.00926
2474,Balangir,24,21,Orissa,05-01-2010,15689.53989
2475,Baleshwar,8,21,Orissa,05-01-2010,15327.14611
2476,Bargarh,1,21,Orissa,05-01-2010,15636.44628
2477,Kendrapara,10,21,Orissa,05-01-2010,15396.02626
2478,Kendujhar,6,21,Orissa,05-01-2010,15493.27077
2479,Debagarh,4,21,Orissa,05-01-2010,15505.01141
2480,Cuttack,12,21,Orissa,05-01-2010,15444.87137
2481,Dhenkanal,14,21,Orissa,05-01-2010,15469.09074
2482,Kalahandi,26,21,Orissa,05-01-2010,15583.5794
2483,Ganjam,19,21,Orissa,05-01-2010,15501.60808
2484,Gajapati,20,21,Orissa,05-01-2010,15423.05862
2485,Jalandhar,4,3,Punjab,05-01-2010,15825.86907
2486,Kapurthala,3,3,Punjab,05-01-2010,15814.09353
2487,Ludhiana,9,3,Punjab,05-01-2010,15842.40412
2488,Mansa,15,3,Punjab,05-01-2010,15909.77998
2489,Moga,10,3,Punjab,05-01-2010,15869.94402
2490,Muktsar,12,3,Punjab,05-01-2010,15904.86016
2491,Nawanshahr,6,3,Punjab,05-01-2010,15773.29909
2492,Patiala,17,3,Punjab,05-01-2010,15864.17
2493,Sangrur,16,3,Punjab,05-01-2010,15905.11994
2494,Hoshiarpur,5,3,Punjab,05-01-2010,15739.76049
2495,Rupnagar,7,3,Punjab,05-01-2010,15778.49951
2496,Amritsar,2,3,Punjab,05-01-2010,15817.3776
2497,Firozpur,11,3,Punjab,05-01-2010,15907.91929
2498,Bathinda,14,3,Punjab,05-01-2010,15904.26303
2499,Gurdaspur,1,3,Punjab,05-01-2010,15836.42885
2500,Faridkot,13,3,Punjab,05-01-2010,15897.62767
2501,Fatehgarh Sahib,8,3,Punjab,05-01-2010,15840.5984
2502,North,1,11,Sikkim,05-01-2010,14291.87701
2503,South,3,11,Sikkim,05-01-2010,14783.3522
2504,West,2,11,Sikkim,05-01-2010,14533.87175
2505,East,4,11,Sikkim,05-01-2010,14680.34622
2506,Jamnagar,10,24,Gujarat,05-01-2010,15927.03665
2507,Kheda,16,24,Gujarat,05-01-2010,15891.8537
2508,Mahesana,4,24,Gujarat,05-01-2010,15939.99322
2509,Narmada,20,24,Gujarat,05-01-2010,15933.32228
2510,Navsari,24,24,Gujarat,05-01-2010,15678.59652
2511,Panch Mahals,17,24,Gujarat,05-01-2010,15968.47826
2512,Patan,3,24,Gujarat,05-01-2010,16026.89575
2513,Porbandar,11,24,Gujarat,05-01-2010,15818.06304
2514,Rajkot,9,24,Gujarat,05-01-2010,16062.20558
2515,Sabar Kantha,5,24,Gujarat,05-01-2010,15983.15558
2516,Surendranagar,8,24,Gujarat,05-01-2010,16062.73587
2517,The Dangs,23,24,Gujarat,05-01-2010,15928.71815
2518,Vadodara,19,24,Gujarat,05-01-2010,15931.4994
2519,Valsad,25,24,Gujarat,05-01-2010,15768.84682
2520,Bharuch,21,24,Gujarat,05-01-2010,15892.17445
2521,Surat,22,24,Gujarat,05-01-2010,15749.01244
2522,Anand,15,24,Gujarat,05-01-2010,15827.61678
2523,Ahmadabad,7,24,Gujarat,05-01-2010,16053.2996
2524,Amreli,13,24,Gujarat,05-01-2010,16063.90105
2525,Bhavnagar,14,24,Gujarat,05-01-2010,16107.85071
2526,Banas Kantha,2,24,Gujarat,05-01-2010,15938.64668
2527,Dohad,18,24,Gujarat,05-01-2010,15985.82755
2528,Junagadh,12,24,Gujarat,05-01-2010,15912.78944
2529,Kachchh,1,24,Gujarat,05-01-2010,15970.26456
2530,Gandhinagar,6,24,Gujarat,05-01-2010,15868.81683
2531,Jind,9,6,Haryana,05-01-2010,15919.34782
2532,Kaithal,5,6,Haryana,05-01-2010,15861.24756
2533,Karnal,6,6,Haryana,05-01-2010,15765.03986
2534,Kurukshetra,4,6,Haryana,05-01-2010,15705.1654
2535,Panchkula,1,6,Haryana,05-01-2010,15733.40848
2536,Panipat,7,6,Haryana,05-01-2010,15763.72959
2537,Hisar,12,6,Haryana,05-01-2010,15980.00204
2538,Rohtak,14,6,Haryana,05-01-2010,15909.17346
2539,Sirsa,11,6,Haryana,05-01-2010,15968.95893
2540,Sonipat,8,6,Haryana,05-01-2010,15840.35518
2541,Yamunanagar,3,6,Haryana,05-01-2010,15678.86542
2542,Jhajjar,15,6,Haryana,05-01-2010,15941.50834
2543,Mahendragarh,16,6,Haryana,05-01-2010,15981.29336
2544,Rewari,17,6,Haryana,05-01-2010,15961.52317
2545,Bhiwani,13,6,Haryana,05-01-2010,16026.06013
2546,Ambala,2,6,Haryana,05-01-2010,15771.61616
2547,Gurgaon,18,6,Haryana,05-01-2010,15900.9652
2548,Faridabad,19,6,Haryana,05-01-2010,15817.18515
2549,Fatehabad,10,6,Haryana,05-01-2010,15918.86951
2550,Imphal East,7,14,Manipur,05-01-2010,14979.02848
2551,Imphal West,6,14,Manipur,05-01-2010,14958.60906
2552,Senapati (Excl. 3 sub-divisions),1,14,Manipur,05-01-2010,14869.35567
2553,Tamenglong,2,14,Manipur,05-01-2010,14878.60816
2554,Thoubal,5,14,Manipur,05-01-2010,14973.66191
2555,Ukhrul,8,14,Manipur,05-01-2010,14943.00176
2556,Bishnupur,4,14,Manipur,05-01-2010,14913.08391
2557,Chandel,9,14,Manipur,05-01-2010,14977.81038
2558,Churachandpur,3,14,Manipur,05-01-2010,14894.42845
2559,Kolasib,2,15,Mizoram,05-01-2010,14970.2573
2560,Mamit,1,15,Mizoram,05-01-2010,14939.72738
2561,Lunglei,6,15,Mizoram,05-01-2010,15012.77297
2562,Lawngtlai,7,15,Mizoram,05-01-2010,15166.69345
2563,Saiha,8,15,Mizoram,05-01-2010,15052.34694
2564,Serchhip,5,15,Mizoram,05-01-2010,14910.93491
2565,Aizawl,3,15,Mizoram,05-01-2010,14928.2465
2566,Champhai,4,15,Mizoram,05-01-2010,14878.75061
2567,North Tripura,4,16,Tripura,05-01-2010,14982.58709
2568,South Tripura,2,16,Tripura,05-01-2010,15048.29221
2569,West Tripura,1,16,Tripura,05-01-2010,15061.24468
2570,Dhalai,3,16,Tripura,05-01-2010,15023.42113
2571,Mokokchung,3,13,Nagaland,05-01-2010,14969.87074
2572,Mon,1,13,Nagaland,05-01-2010,15056.99117
2573,Phek,8,13,Nagaland,05-01-2010,14972.60543
2574,Tuensang,2,13,Nagaland,05-01-2010,14866.71776
2575,Wokha,5,13,Nagaland,05-01-2010,14986.30192
2576,Zunheboto,4,13,Nagaland,05-01-2010,14880.65706
2577,Dimapur,6,13,Nagaland,05-01-2010,15122.42153
2578,Kohima,7,13,Nagaland,05-01-2010,14950.16186
2579,Purbi Singhbhum,18,20,Jharkhand,05-01-2010,15446.3591
2580,Lohardaga,15,20,Jharkhand,05-01-2010,15540.12852
2581,Pakaur,10,20,Jharkhand,05-01-2010,15554.88331
2582,Pashchimi Singhbhum,17,20,Jharkhand,05-01-2010,15569.85216
2583,Ranchi,14,20,Jharkhand,05-01-2010,15555.2958
2584,Sahibganj,9,20,Jharkhand,05-01-2010,15473.52331
2585,Garhwa,1,20,Jharkhand,05-01-2010,15803.3736
2586,Palamu,2,20,Jharkhand,05-01-2010,15731.42912
2587,Chatra,3,20,Jharkhand,05-01-2010,15675.66586
2588,Hazaribagh,4,20,Jharkhand,05-01-2010,15607.2284
2589,Kodarma,5,20,Jharkhand,05-01-2010,15591.7506
2590,Bokaro,13,20,Jharkhand,05-01-2010,15494.73092
2591,Deoghar,7,20,Jharkhand,05-01-2010,15556.7191
2592,Dhanbad,12,20,Jharkhand,05-01-2010,15453.88816
2593,Dumka,11,20,Jharkhand,05-01-2010,15524.69859
2594,Giridih,6,20,Jharkhand,05-01-2010,15522.55928
2595,Godda,8,20,Jharkhand,05-01-2010,15586.42723
2596,Gumla,16,20,Jharkhand,05-01-2010,15544.38532
2597,Kodagu,25,29,Karnataka,05-01-2010,15043.94423
2598,Kolar,19,29,Karnataka,05-01-2010,15430.16964
2599,Mandya,22,29,Karnataka,05-01-2010,15291.17344
2600,Koppal,7,29,Karnataka,05-01-2010,15747.10351
2601,Mysore,26,29,Karnataka,05-01-2010,15338.0909
2602,Raichur,6,29,Karnataka,05-01-2010,15845.92214
2603,Hassan,23,29,Karnataka,05-01-2010,15251.20214
2604,Haveri,11,29,Karnataka,05-01-2010,15555.31696
2605,Shimoga,15,29,Karnataka,05-01-2010,15268.51064
2606,Tumkur,18,29,Karnataka,05-01-2010,15409.45918
2607,Udupi,16,29,Karnataka,05-01-2010,15271.32839
2608,Uttara Kannada,10,29,Karnataka,05-01-2010,15235.98773
2609,Bagalkot,2,29,Karnataka,05-01-2010,15736.85506
2610,Bangalore,20,29,Karnataka,05-01-2010,15316.08176
2611,Bidar,5,29,Karnataka,05-01-2010,16073.52556
2612,Bijapur,3,29,Karnataka,05-01-2010,15899.34078
2613,Belgaum,1,29,Karnataka,05-01-2010,15691.47594
2614,Bellary,12,29,Karnataka,05-01-2010,15650.30288
2615,Bangalore Rural,21,29,Karnataka,05-01-2010,15345.67983
2616,Chamarajanagar,27,29,Karnataka,05-01-2010,15321.19144
2617,Chikmagalur,17,29,Karnataka,05-01-2010,15217.15172
2618,Chitradurga,13,29,Karnataka,05-01-2010,15506.82549
2619,Dakshina Kannada,24,29,Karnataka,05-01-2010,15209.58211
2620,Davanagere,14,29,Karnataka,05-01-2010,15477.20596
2621,Dharwad,9,29,Karnataka,05-01-2010,15656.14761
2622,Gulbarga,4,29,Karnataka,05-01-2010,15973.17962
2623,Gadag,8,29,Karnataka,05-01-2010,15762.57489
2624,Jaintia Hills,7,17,Meghalaya,05-01-2010,14909.66462
2625,Ri Bhoi,5,17,Meghalaya,05-01-2010,15009.25557
2626,South Garo Hills,3,17,Meghalaya,05-01-2010,14982.29877
2627,West Garo Hills,1,17,Meghalaya,05-01-2010,15012.03361
2628,West Khasi Hills,4,17,Meghalaya,05-01-2010,14908.48257
2629,East Garo Hills,2,17,Meghalaya,05-01-2010,14989.07005
2630,East Khasi Hills,6,17,Meghalaya,05-01-2010,14817.64436
2631,Jaipur,12,8,Rajasthan,05-01-2010,15917.68105
2632,Jaisalmer,16,8,Rajasthan,05-01-2010,16182.28652
2633,Jalor,18,8,Rajasthan,05-01-2010,16079.62274
2634,Jhalawar,32,8,Rajasthan,05-01-2010,16107.27475
2635,Jhunjhunun,5,8,Rajasthan,05-01-2010,15960.79302
2636,Jodhpur,15,8,Rajasthan,05-01-2010,16121.3758
2637,Kota,30,8,Rajasthan,05-01-2010,16059.60901
2638,Nagaur,14,8,Rajasthan,05-01-2010,16007.67217
2639,Pali,20,8,Rajasthan,05-01-2010,16119.50117
2640,Rajsamand,25,8,Rajasthan,05-01-2010,16022.11582
2641,Sawai Madhopur,10,8,Rajasthan,05-01-2010,15982.18761
2642,Sirohi,19,8,Rajasthan,05-01-2010,16049.31518
2643,Tonk,22,8,Rajasthan,05-01-2010,16034.22477
2644,Sikar,13,8,Rajasthan,05-01-2010,15929.38749
2645,Alwar,6,8,Rajasthan,05-01-2010,15920.17778
2646,Udaipur,26,8,Rajasthan,05-01-2010,16040.90175
2647,Ganganagar,1,8,Rajasthan,05-01-2010,16014.87007
2648,Hanumangarh,2,8,Rajasthan,05-01-2010,16010.2034
2649,Baran,31,8,Rajasthan,05-01-2010,16062.69516
2650,Ajmer,21,8,Rajasthan,05-01-2010,16006.02616
2651,Banswara,28,8,Rajasthan,05-01-2010,16033.52072
2652,Barmer,17,8,Rajasthan,05-01-2010,16111.79364
2653,Bhilwara,24,8,Rajasthan,05-01-2010,16094.54755
2654,Bikaner,3,8,Rajasthan,05-01-2010,16125.57313
2655,Bharatpur,7,8,Rajasthan,05-01-2010,15905.65162
2656,Bundi,23,8,Rajasthan,05-01-2010,16020.40542
2657,Chittaurgarh,29,8,Rajasthan,05-01-2010,16071.8951
2658,Churu,4,8,Rajasthan,05-01-2010,16046.76374
2659,Dausa,11,8,Rajasthan,05-01-2010,15950.29175
2660,Dhaulpur,8,8,Rajasthan,05-01-2010,15904.46432
2661,Dungarpur,27,8,Rajasthan,05-01-2010,16029.98439
2662,Karauli,9,8,Rajasthan,05-01-2010,15934.37359
2663,Pondicherry,2,34,Puducherry,05-01-2010,15373.37922
2664,Yanam,1,34,Puducherry,05-01-2010,15306.09791
2665,Karaikal,4,34,Puducherry,05-01-2010,15433.06315
2666,Mahe,3,34,Puducherry,05-01-2010,15167.84658
2667,Kanniyakumari,30,33,Tamil Nadu,05-01-2010,15228.23476
2668,Karur,14,33,Tamil Nadu,05-01-2010,15560.52804
2669,Madurai,24,33,Tamil Nadu,05-01-2010,15603.52347
2670,Namakkal,9,33,Tamil Nadu,05-01-2010,15511.59137
2671,The Nilgiris,11,33,Tamil Nadu,05-01-2010,14994.25182
2672,Perambalur,16,33,Tamil Nadu,05-01-2010,15599.91106
2673,Pudukkottai,22,33,Tamil Nadu,05-01-2010,15553.09978
2674,Ramanathapuram,27,33,Tamil Nadu,05-01-2010,15618.06223
2675,Salem,8,33,Tamil Nadu,05-01-2010,15431.12827
2676,Sivaganga,23,33,Tamil Nadu,05-01-2010,15636.05175
2677,Tiruchirappalli,15,33,Tamil Nadu,05-01-2010,15493.00702
2678,Tirunelveli,29,33,Tamil Nadu,05-01-2010,15591.90416
2679,Tiruvannamalai,6,33,Tamil Nadu,05-01-2010,15496.0255
2680,Thoothukkudi,28,33,Tamil Nadu,05-01-2010,15707.22314
2681,Theni,25,33,Tamil Nadu,05-01-2010,15341.74322
2682,Vellore,4,33,Tamil Nadu,05-01-2010,15480.48282
2683,Viluppuram,7,33,Tamil Nadu,05-01-2010,15475.97885
2684,Virudhunagar,26,33,Tamil Nadu,05-01-2010,15726.1339
2685,Chennai,2,33,Tamil Nadu,05-01-2010,15469.06057
2686,Kancheepuram,3,33,Tamil Nadu,05-01-2010,15543.27756
2687,Thiruvallur,1,33,Tamil Nadu,05-01-2010,15582.45557
2688,Thanjavur,21,33,Tamil Nadu,05-01-2010,15436.21842
2689,Thiruvarur,20,33,Tamil Nadu,05-01-2010,15471.67699
2690,Nagapattinam,19,33,Tamil Nadu,05-01-2010,15442.11899
2691,Ariyalur,17,33,Tamil Nadu,05-01-2010,15597.33295
2692,Coimbatore,12,33,Tamil Nadu,05-01-2010,15429.93198
2693,Cuddalore,18,33,Tamil Nadu,05-01-2010,15519.47401
2694,Dharmapuri,5,33,Tamil Nadu,05-01-2010,15384.34047
2695,Dindigul,13,33,Tamil Nadu,05-01-2010,15416.42828
2696,Erode,10,33,Tamil Nadu,05-01-2010,15432.58403
2697,Daman,2,25,Daman & Diu,05-01-2010,15561.61491
2698,Diu,1,25,Daman & Diu,05-01-2010,15448.92888
2699,Jalgaon,3,27,Maharashtra,05-01-2010,16068.70388
2700,Jalna,18,27,Maharashtra,05-01-2010,16123.61145
2701,Kolhapur,34,27,Maharashtra,05-01-2010,15570.60128
2702,Latur,28,27,Maharashtra,05-01-2010,16094.42399
2703,Pune,25,27,Maharashtra,05-01-2010,15800.61576
2704,Nagpur,9,27,Maharashtra,05-01-2010,16059.99997
2705,Mumbai,23,27,Maharashtra,05-01-2010,15423.21364
2706,Mumbai (Suburban),22,27,Maharashtra,05-01-2010,15455.12318
2707,Nanded,15,27,Maharashtra,05-01-2010,16153.57509
2708,Nandurbar,1,27,Maharashtra,05-01-2010,16020.88995
2709,Nashik,20,27,Maharashtra,05-01-2010,15990.30394
2710,Osmanabad,29,27,Maharashtra,05-01-2010,16029.43652
2711,Parbhani,17,27,Maharashtra,05-01-2010,16135.12859
2712,Sangli,35,27,Maharashtra,05-01-2010,15849.52043
2713,Satara,31,27,Maharashtra,05-01-2010,15812.98014
2714,Hingoli,16,27,Maharashtra,05-01-2010,16129.63907
2715,Ratnagiri,32,27,Maharashtra,05-01-2010,15589.82346
2716,Raigarh,24,27,Maharashtra,05-01-2010,15693.5874
2717,Thane,21,27,Maharashtra,05-01-2010,15825.19699
2718,Solapur,30,27,Maharashtra,05-01-2010,15919.30327
2719,Sindhudurg,33,27,Maharashtra,05-01-2010,15528.2472
2720,Wardha,8,27,Maharashtra,05-01-2010,16154.29158
2721,Washim,6,27,Maharashtra,05-01-2010,16119.29732
2722,Yavatmal,14,27,Maharashtra,05-01-2010,16178.2659
2723,Aurangabad,19,27,Maharashtra,05-01-2010,16050.20349
2724,Ahmadnagar,26,27,Maharashtra,05-01-2010,15971.73773
2725,Akola,5,27,Maharashtra,05-01-2010,16139.25074
2726,Amravati,7,27,Maharashtra,05-01-2010,16097.96227
2727,Bid,27,27,Maharashtra,05-01-2010,16029.94957
2728,Bhandara,10,27,Maharashtra,05-01-2010,15948.9045
2729,Buldana,4,27,Maharashtra,05-01-2010,16100.34063
2730,Chandrapur,13,27,Maharashtra,05-01-2010,16024.25255
2731,Dhule,2,27,Maharashtra,05-01-2010,16072.98885
2732,Gadchiroli,12,27,Maharashtra,05-01-2010,15731.66469
2733,Gondiya,11,27,Maharashtra,05-01-2010,15867.46231
2734,Nainital,11,5,Uttarakhand,05-01-2010,15417.28867
2735,Pithoragarh,7,5,Uttarakhand,05-01-2010,14653.55655
2736,Hardwar,13,5,Uttarakhand,05-01-2010,15585.07049
2737,Rudraprayag,3,5,Uttarakhand,05-01-2010,14875.00252
2738,Tehri Garhwal,4,5,Uttarakhand,05-01-2010,15183.63161
2739,Udham Singh Nagar,12,5,Uttarakhand,05-01-2010,15513.63697
2740,Uttarkashi,1,5,Uttarakhand,05-01-2010,14575.94565
2741,Bageshwar,8,5,Uttarakhand,05-01-2010,14988.10325
2742,Almora,9,5,Uttarakhand,05-01-2010,15379.19633
2743,Chamoli,2,5,Uttarakhand,05-01-2010,14537.24336
2744,Champawat,10,5,Uttarakhand,05-01-2010,15279.22679
2745,Dehradun,5,5,Uttarakhand,05-01-2010,15464.07772
2746,Garhwal,6,5,Uttarakhand,05-01-2010,15443.77471
2747,Jalpaiguri,2,19,West Bengal,05-01-2010,15081.76905
2748,Koch Bihar,3,19,West Bengal,05-01-2010,15042.74494
2749,Murshidabad,7,19,West Bengal,05-01-2010,15292.57792
2750,Puruliya,14,19,West Bengal,05-01-2010,15488.76583
2751,Kolkata,17,19,West Bengal,05-01-2010,15373.69214
2752,Maldah,6,19,West Bengal,05-01-2010,15289.00177
2753,Nadia,10,19,West Bengal,05-01-2010,15223.42433
2754,North Twenty Four Parganas,11,19,West Bengal,05-01-2010,15162.37847
2755,Medinipur,15,19,West Bengal,05-01-2010,15326.51976
2756,Hugli,12,19,West Bengal,05-01-2010,15210.85298
2757,South  Twenty Four Parganas,18,19,West Bengal,05-01-2010,15314.13474
2758,Uttar Dinajpur,4,19,West Bengal,05-01-2010,15185.44815
2759,Barddhaman,9,19,West Bengal,05-01-2010,15308.10251
2760,Birbhum,8,19,West Bengal,05-01-2010,15412.0049
2761,Bankura,13,19,West Bengal,05-01-2010,15342.53701
2762,Dakshin Dinajpur,5,19,West Bengal,05-01-2010,15222.80358
2763,Darjiling,1,19,West Bengal,05-01-2010,14982.5721
2764,Haora,16,19,West Bengal,05-01-2010,15232.52656
2765,Jashpur,3,22,Chhattisgarh,05-01-2010,15579.65336
2766,Koriya,1,22,Chhattisgarh,05-01-2010,15652.80743
2767,Mahasamund,12,22,Chhattisgarh,05-01-2010,15765.04671
2768,Raigarh,4,22,Chhattisgarh,05-01-2010,15708.3119
2769,Raipur,11,22,Chhattisgarh,05-01-2010,15783.16513
2770,Rajnandgaon,9,22,Chhattisgarh,05-01-2010,15897.9726
2771,Surguja,2,22,Chhattisgarh,05-01-2010,15655.04025
2772,Bilaspur,7,22,Chhattisgarh,05-01-2010,15806.36659
2773,Janjgir - Champa,6,22,Chhattisgarh,05-01-2010,15827.98074
2774,Korba,5,22,Chhattisgarh,05-01-2010,15695.32419
2775,Kawardha,8,22,Chhattisgarh,05-01-2010,15902.5005
2776,Bastar,15,22,Chhattisgarh,05-01-2010,15521.79285
2777,Dantewada,16,22,Chhattisgarh,05-01-2010,15502.77651
2778,Dhamtari,13,22,Chhattisgarh,05-01-2010,15722.67446
2779,Durg,10,22,Chhattisgarh,05-01-2010,15927.88165
2780,Kanker,14,22,Chhattisgarh,05-01-2010,15711.66462
2781,Central,6,7,Delhi  & NCR,05-01-2010,15617.63847
2782,East,4,7,Delhi  & NCR,05-01-2010,15620.51928
2783,New Delhi,5,7,Delhi  & NCR,05-01-2010,15563.67595
2784,North,2,7,Delhi  & NCR,05-01-2010,15634.27288
2785,North East,3,7,Delhi  & NCR,05-01-2010,15651.62675
2786,North West,1,7,Delhi  & NCR,05-01-2010,15754.20587
2787,South,9,7,Delhi  & NCR,05-01-2010,15680.39473
2788,South West,8,7,Delhi  & NCR,05-01-2010,15792.89175
2789,West,7,7,Delhi  & NCR,05-01-2010,15698.0927
2790,Jalaun,35,9,Uttar Pradesh,05-01-2010,15824.59551
2791,Jaunpur,64,9,Uttar Pradesh,05-01-2010,15648.47701
2792,Jhansi,36,9,Uttar Pradesh,05-01-2010,15928.07516
2793,Jyotiba Phule Nagar,6,9,Uttar Pradesh,05-01-2010,15673.79862
2794,Kannauj,30,9,Uttar Pradesh,05-01-2010,15685.0877
2795,Kanpur Nagar,34,9,Uttar Pradesh,05-01-2010,15674.86037
2796,Kaushambi,44,9,Uttar Pradesh,05-01-2010,15753.83585
2797,Kheri,23,9,Uttar Pradesh,05-01-2010,15546.27467
2798,Mirzapur,69,9,Uttar Pradesh,05-01-2010,15832.68188
2799,Moradabad,4,9,Uttar Pradesh,05-01-2010,15643.63313
2800,Muzaffarnagar,2,9,Uttar Pradesh,05-01-2010,15593.63082
2801,Rae Bareli,28,9,Uttar Pradesh,05-01-2010,15609.89087
2802,Kushinagar,59,9,Uttar Pradesh,05-01-2010,15499.31537
2803,Lucknow,27,9,Uttar Pradesh,05-01-2010,15571.92338
2804,Lalitpur,37,9,Uttar Pradesh,05-01-2010,15942.11497
2805,Mahrajganj,57,9,Uttar Pradesh,05-01-2010,15597.8722
2806,Mahoba,39,9,Uttar Pradesh,05-01-2010,15998.00649
2807,Mainpuri,18,9,Uttar Pradesh,05-01-2010,15672.07076
2808,Mathura,14,9,Uttar Pradesh,05-01-2010,15803.96786
2809,Mau,62,9,Uttar Pradesh,05-01-2010,15636.99306
2810,Meerut,7,9,Uttar Pradesh,05-01-2010,15692.14135
2811,Pilibhit,21,9,Uttar Pradesh,05-01-2010,15578.51482
2812,Pratapgarh,43,9,Uttar Pradesh,05-01-2010,15661.98902
2813,Rampur,5,9,Uttar Pradesh,05-01-2010,15551.93798
2814,Sant Ravidas Nagar Bhadohi,68,9,Uttar Pradesh,05-01-2010,15731.70282
2815,Sant Kabir Nagar,56,9,Uttar Pradesh,05-01-2010,15682.30323
2816,Shahjahanpur,22,9,Uttar Pradesh,05-01-2010,15634.73393
2817,Hathras,13,9,Uttar Pradesh,05-01-2010,15736.03565
2818,Shrawasti,51,9,Uttar Pradesh,05-01-2010,15636.56441
2819,Saharanpur,1,9,Uttar Pradesh,05-01-2010,15575.43717
2820,Sitapur,24,9,Uttar Pradesh,05-01-2010,15566.65485
2821,Sultanpur,49,9,Uttar Pradesh,05-01-2010,15592.72053
2822,Sonbhadra,70,9,Uttar Pradesh,05-01-2010,15786.35061
2823,Siddharthnagar,54,9,Uttar Pradesh,05-01-2010,15693.82933
2824,Unnao,26,9,Uttar Pradesh,05-01-2010,15670.06525
2825,Varanasi,67,9,Uttar Pradesh,05-01-2010,15639.08567
2826,Bulandshahr,11,9,Uttar Pradesh,05-01-2010,15758.42811
2827,Gautam Buddha Nagar,10,9,Uttar Pradesh,05-01-2010,15835.67748
2828,Ghaziabad,9,9,Uttar Pradesh,05-01-2010,15708.99491
2829,Auraiya,32,9,Uttar Pradesh,05-01-2010,15718.71879
2830,Azamgarh,61,9,Uttar Pradesh,05-01-2010,15666.91832
2831,Budaun,19,9,Uttar Pradesh,05-01-2010,15759.41694
2832,Agra,15,9,Uttar Pradesh,05-01-2010,15833.88164
2833,Aligarh,12,9,Uttar Pradesh,05-01-2010,15808.36523
2834,Allahabad,45,9,Uttar Pradesh,05-01-2010,15794.75543
2835,Ambedkar Nagar,48,9,Uttar Pradesh,05-01-2010,15567.74356
2836,Bareilly,20,9,Uttar Pradesh,05-01-2010,15665.07659
2837,Bijnor,3,9,Uttar Pradesh,05-01-2010,15629.23588
2838,Basti,55,9,Uttar Pradesh,05-01-2010,15639.76278
2839,Baghpat,8,9,Uttar Pradesh,05-01-2010,15656.24549
2840,Bahraich,50,9,Uttar Pradesh,05-01-2010,15576.93105
2841,Ballia,63,9,Uttar Pradesh,05-01-2010,15567.16078
2842,Balrampur,52,9,Uttar Pradesh,05-01-2010,15602.24364
2843,Banda,40,9,Uttar Pradesh,05-01-2010,15896.43576
2844,Barabanki,46,9,Uttar Pradesh,05-01-2010,15508.7747
2845,Chitrakoot,41,9,Uttar Pradesh,05-01-2010,15868.81963
2846,Chandauli,66,9,Uttar Pradesh,05-01-2010,15701.89968
2847,Deoria,60,9,Uttar Pradesh,05-01-2010,15651.40085
2848,Etah,17,9,Uttar Pradesh,05-01-2010,15745.88884
2849,Kanpur Dehat,33,9,Uttar Pradesh,05-01-2010,15695.08263
2850,Etawah,31,9,Uttar Pradesh,05-01-2010,15729.06627
2851,Faizabad,47,9,Uttar Pradesh,05-01-2010,15548.64092
2852,Ghazipur,65,9,Uttar Pradesh,05-01-2010,15677.76539
2853,Gonda,53,9,Uttar Pradesh,05-01-2010,15603.20952
2854,Gorakhpur,58,9,Uttar Pradesh,05-01-2010,15683.69578
2855,Farrukhabad,29,9,Uttar Pradesh,05-01-2010,15677.6485
2856,Fatehpur,42,9,Uttar Pradesh,05-01-2010,15733.68871
2857,Firozabad,16,9,Uttar Pradesh,05-01-2010,15733.59417
2858,Hamirpur,38,9,Uttar Pradesh,05-01-2010,15916.44371
2859,Hardoi,25,9,Uttar Pradesh,05-01-2010,15671.3549
2860,Khammam,10,28,Andhra Pradesh,05-01-2010,15582.16476
2861,Medak,4,28,Andhra Pradesh,05-01-2010,15917.02919
2862,Krishna,16,28,Andhra Pradesh,05-01-2010,15521.39002
2863,Kurnool,21,28,Andhra Pradesh,05-01-2010,15745.89152
2864,Mahbubnagar,7,28,Andhra Pradesh,05-01-2010,15727.25246
2865,Nalgonda,8,28,Andhra Pradesh,05-01-2010,15720.59523
2866,Nellore,19,28,Andhra Pradesh,05-01-2010,15591.94311
2867,Nizamabad,2,28,Andhra Pradesh,05-01-2010,15964.33743
2868,Prakasam,18,28,Andhra Pradesh,05-01-2010,15670.71383
2869,Hyderabad,5,28,Andhra Pradesh,05-01-2010,15616.83501
2870,Rangareddi,6,28,Andhra Pradesh,05-01-2010,15783.63098
2871,Srikakulam,11,28,Andhra Pradesh,05-01-2010,15575.82723
2872,West Godavari,15,28,Andhra Pradesh,05-01-2010,15445.30486
2873,Visakhapatnam,13,28,Andhra Pradesh,05-01-2010,15405.88442
2874,Vizianagaram,12,28,Andhra Pradesh,05-01-2010,15581.147
2875,Warangal,9,28,Andhra Pradesh,05-01-2010,15792.10226
2876,Anantapur,22,28,Andhra Pradesh,05-01-2010,15612.31995
2877,Adilabad,1,28,Andhra Pradesh,05-01-2010,16006.49636
2878,Chittoor,23,28,Andhra Pradesh,05-01-2010,15532.17452
2879,Cuddapah,20,28,Andhra Pradesh,05-01-2010,15660.69374
2880,East Godavari,14,28,Andhra Pradesh,05-01-2010,15385.1522
2881,Karimnagar,3,28,Andhra Pradesh,05-01-2010,15901.36167
2882,Guntur,17,28,Andhra Pradesh,05-01-2010,15662.3818
2883,Jabalpur,39,23,Madhya Pradesh,05-01-2010,15954.71797
2884,Jhabua,24,23,Madhya Pradesh,05-01-2010,16038.17239
2885,Mandsaur,19,23,Madhya Pradesh,05-01-2010,16102.83417
2886,Tikamgarh,8,23,Madhya Pradesh,05-01-2010,15950.44122
2887,Narsimhapur,40,23,Madhya Pradesh,05-01-2010,15949.39156
2888,Neemuch,18,23,Madhya Pradesh,05-01-2010,16092.94104
2889,Panna,10,23,Madhya Pradesh,05-01-2010,15943.30656
2890,Raisen,34,23,Madhya Pradesh,05-01-2010,16031.90293
2891,Rajgarh,30,23,Madhya Pradesh,05-01-2010,16104.63512
2892,Satna,13,23,Madhya Pradesh,05-01-2010,15873.81659
2893,Sehore,33,23,Madhya Pradesh,05-01-2010,16085.92163
2894,Seoni,44,23,Madhya Pradesh,05-01-2010,16019.39553
2895,Hoshangabad,37,23,Madhya Pradesh,05-01-2010,15949.15998
2896,Indore,26,23,Madhya Pradesh,05-01-2010,16020.74144
2897,Shajapur,22,23,Madhya Pradesh,05-01-2010,16110.63655
2898,Shivpuri,6,23,Madhya Pradesh,05-01-2010,15989.13785
2899,Ratlam,20,23,Madhya Pradesh,05-01-2010,16077.98351
2900,Rewa,14,23,Madhya Pradesh,05-01-2010,15887.36327
2901,Sagar,11,23,Madhya Pradesh,05-01-2010,16015.39618
2902,Sidhi,17,23,Madhya Pradesh,05-01-2010,15824.15138
2903,Ujjain,21,23,Madhya Pradesh,05-01-2010,16062.62267
2904,Vidisha,31,23,Madhya Pradesh,05-01-2010,16057.73391
2905,West Nimar,27,23,Madhya Pradesh,05-01-2010,16097.21222
2906,Morena,2,23,Madhya Pradesh,05-01-2010,15911.85845
2907,Sheopur,1,23,Madhya Pradesh,05-01-2010,15989.44779
2908,Dindori,41,23,Madhya Pradesh,05-01-2010,15853.53051
2909,Mandla,42,23,Madhya Pradesh,05-01-2010,15909.34338
2910,Shahdol,16,23,Madhya Pradesh,05-01-2010,15798.34773
2911,Umaria,15,23,Madhya Pradesh,05-01-2010,15837.09107
2912,Bhind,3,23,Madhya Pradesh,05-01-2010,15931.19477
2913,Bhopal,32,23,Madhya Pradesh,05-01-2010,16021.09743
2914,Barwani,28,23,Madhya Pradesh,05-01-2010,16101.66229
2915,Betul,35,23,Madhya Pradesh,05-01-2010,15999.75635
2916,Balaghat,45,23,Madhya Pradesh,05-01-2010,15797.90833
2917,Chhatarpur,9,23,Madhya Pradesh,05-01-2010,15938.36794
2918,Chhindwara,43,23,Madhya Pradesh,05-01-2010,16014.2932
2919,Dewas,23,23,Madhya Pradesh,05-01-2010,16085.07133
2920,Katni,38,23,Madhya Pradesh,05-01-2010,15898.09978
2921,Datia,5,23,Madhya Pradesh,05-01-2010,15928.30182
2922,Damoh,12,23,Madhya Pradesh,05-01-2010,15997.25164
2923,Dhar,25,23,Madhya Pradesh,05-01-2010,16047.91828
2924,East Nimar,29,23,Madhya Pradesh,05-01-2010,16073.07055
2925,Guna,7,23,Madhya Pradesh,05-01-2010,16046.91132
2926,Gwalior,4,23,Madhya Pradesh,05-01-2010,15934.10761
2927,Harda,36,23,Madhya Pradesh,05-01-2010,16057.96196
2928,Kangra,2,2,Himachal Pradesh,05-01-2010,15303.45983
2929,Kinnaur,12,2,Himachal Pradesh,05-01-2010,14301.61473
2930,Lahul & Spiti,3,2,Himachal Pradesh,05-01-2010,14003.39705
2931,Kullu,4,2,Himachal Pradesh,05-01-2010,14488.96502
2932,Mandi,5,2,Himachal Pradesh,05-01-2010,15332.49025
2933,Shimla,11,2,Himachal Pradesh,05-01-2010,15019.1519
2934,Sirmaur,10,2,Himachal Pradesh,05-01-2010,15516.67623
2935,Solan,9,2,Himachal Pradesh,05-01-2010,15583.49647
2936,Una,7,2,Himachal Pradesh,05-01-2010,15676.5565
2937,Bilaspur,8,2,Himachal Pradesh,05-01-2010,15599.3242
2938,Chamba,1,2,Himachal Pradesh,05-01-2010,14613.23382
2939,Hamirpur,6,2,Himachal Pradesh,05-01-2010,15667.42525
2940,Jammu,13,1,Jammu and Kashmir,05-01-2010,15883.82832
2941,Kargil,8,1,Jammu and Kashmir,05-01-2010,14054.32763
2942,Kathua,14,1,Jammu and Kashmir,05-01-2010,15595.09521
2943,Leh (Ladakh),7,1,Jammu and Kashmir,05-01-2010,14463.65525
2944,Kupwara,1,1,Jammu and Kashmir,05-01-2010,14630.42647
2945,Punch,11,1,Jammu and Kashmir,05-01-2010,15098.75406
2946,Pulwama,5,1,Jammu and Kashmir,05-01-2010,14747.02959
2947,Rajauri,12,1,Jammu and Kashmir,05-01-2010,15444.68712
2948,Srinagar,3,1,Jammu and Kashmir,05-01-2010,14347.3816
2949,Udhampur,10,1,Jammu and Kashmir,05-01-2010,15260.6097
2950,Anantnag,6,1,Jammu and Kashmir,05-01-2010,14405.61747
2951,Badgam,4,1,Jammu and Kashmir,05-01-2010,14608.31102
2952,Baramula,2,1,Jammu and Kashmir,05-01-2010,14445.92777
2953,Data Not Available,99,99,Jammu and Kashmir,05-01-2010,14167.44772
2954,Doda,9,1,Jammu and Kashmir,05-01-2010,14289.77055
2955,Lohit,11,12,Arunanchal Pradesh,05-01-2010,14537.56861
2956,Lower Subansiri,5,12,Arunanchal Pradesh,05-01-2010,14674.29143
2957,Papum Pare,4,12,Arunanchal Pradesh,05-01-2010,14860.05865
2958,Tawang,1,12,Arunanchal Pradesh,05-01-2010,14317.79386
2959,Tirap,13,12,Arunanchal Pradesh,05-01-2010,15031.02723
2960,West Kameng,2,12,Arunanchal Pradesh,05-01-2010,14681.13554
2961,West Siang,7,12,Arunanchal Pradesh,05-01-2010,14765.31859
2962,Upper Siang,9,12,Arunanchal Pradesh,05-01-2010,14598.70482
2963,Upper Subansiri,6,12,Arunanchal Pradesh,05-01-2010,14615.61865
2964,Changlang,12,12,Arunanchal Pradesh,05-01-2010,14910.48385
2965,Dibang Valley,10,12,Arunanchal Pradesh,05-01-2010,14470.69115
2966,East Kameng,3,12,Arunanchal Pradesh,05-01-2010,14697.37309
2967,East Siang,8,12,Arunanchal Pradesh,05-01-2010,14958.40701
2968,Nicobars,2,35,Andaman & Nicobar Island,05-01-2010,15037.29381
2969,Andamans,1,35,Andaman & Nicobar Island,05-01-2010,15141.0923
2970,Lakshadweep,1,31,Lakshadweep,06-01-2010,14999.47477
2971,Chandigarh,1,4,Chandigarh,06-01-2010,15528.40056
2972,Dadra & Nagar Haveli,1,26,Dadara & Nagar Havelli,06-01-2010,15774.77946
2973,North Goa,1,30,Goa,06-01-2010,15343.96764
2974,South Goa,2,30,Goa,06-01-2010,15233.86437
2975,Jorhat,17,18,Assam,06-01-2010,14994.68651
2976,Karimganj,22,18,Assam,06-01-2010,15002.20217
2977,Kokrajhar,1,18,Assam,06-01-2010,15112.85937
2978,Lakhimpur,12,18,Assam,06-01-2010,14906.01518
2979,Nagaon,10,18,Assam,06-01-2010,15040.45476
2980,Marigaon,9,18,Assam,06-01-2010,14996.38673
2981,Nalbari,7,18,Assam,06-01-2010,15157.86841
2982,North Cachar Hills,20,18,Assam,06-01-2010,15033.51376
2983,Sonitpur,11,18,Assam,06-01-2010,14965.07809
2984,Sibsagar,16,18,Assam,06-01-2010,15167.87228
2985,Tinsukia,14,18,Assam,06-01-2010,15122.49317
2986,Barpeta,5,18,Assam,06-01-2010,15062.63587
2987,Bongaigaon,4,18,Assam,06-01-2010,15115.03294
2988,Cachar,21,18,Assam,06-01-2010,14927.79153
2989,Darrang,8,18,Assam,06-01-2010,15146.18951
2990,Dhemaji,13,18,Assam,06-01-2010,14926.70235
2991,Dhubri,2,18,Assam,06-01-2010,14990.78611
2992,Dibrugarh,15,18,Assam,06-01-2010,15033.8357
2993,Kamrup,6,18,Assam,06-01-2010,15127.80715
2994,Karbi Anglong,19,18,Assam,06-01-2010,15032.09697
2995,Goalpara,3,18,Assam,06-01-2010,15053.22919
2996,Golaghat,18,18,Assam,06-01-2010,15044.97257
2997,Hailakandi,23,18,Assam,06-01-2010,14793.88889
2998,Jamui,37,10,Bihar,06-01-2010,15608.50663
2999,Kishanganj,8,10,Bihar,06-01-2010,15143.74572
3000,Muzaffarpur,14,10,Bihar,06-01-2010,15495.61373
3001,Purnia,9,10,Bihar,06-01-2010,15233.44392
3002,Khagaria,21,10,Bihar,06-01-2010,15455.30293
3003,Madhubani,5,10,Bihar,06-01-2010,15389.42433
3004,Lakhisarai,25,10,Bihar,06-01-2010,15663.65239
3005,Madhepura,11,10,Bihar,06-01-2010,15258.84204
3006,Purba Champaran,2,10,Bihar,06-01-2010,15498.19171
3007,Munger,24,10,Bihar,06-01-2010,15577.25645
3008,Nalanda,27,10,Bihar,06-01-2010,15769.84661
3009,Nawada,36,10,Bihar,06-01-2010,15656.75211
3010,Pashchim Champaran,1,10,Bihar,06-01-2010,15423.43288
3011,Patna,28,10,Bihar,06-01-2010,15695.76184
3012,Samastipur,19,10,Bihar,06-01-2010,15466.16501
3013,Sheikhpura,26,10,Bihar,06-01-2010,15713.20097
3014,Sheohar,3,10,Bihar,06-01-2010,15470.68942
3015,Saharsa,12,10,Bihar,06-01-2010,15319.19502
3016,Sitamarhi,4,10,Bihar,06-01-2010,15428.20302
3017,Siwan,16,10,Bihar,06-01-2010,15634.60585
3018,Supaul,6,10,Bihar,06-01-2010,15246.00926
3019,Vaishali,18,10,Bihar,06-01-2010,15550.704
3020,Kaimur (Bhabua),31,10,Bihar,06-01-2010,15786.60745
3021,Gaya,35,10,Bihar,06-01-2010,15899.68607
3022,Bhojpur,29,10,Bihar,06-01-2010,15848.32097
3023,Buxar,30,10,Bihar,06-01-2010,15915.11431
3024,Jehanabad,33,10,Bihar,06-01-2010,15878.37929
3025,Rohtas,32,10,Bihar,06-01-2010,15890.8122
3026,Araria,7,10,Bihar,06-01-2010,15249.63354
3027,Aurangabad,34,10,Bihar,06-01-2010,15931.46142
3028,Banka,23,10,Bihar,06-01-2010,15702.24366
3029,Bhagalpur,22,10,Bihar,06-01-2010,15518.63866
3030,Begusarai,20,10,Bihar,06-01-2010,15550.14756
3031,Saran,17,10,Bihar,06-01-2010,15580.29434
3032,Katihar,10,10,Bihar,06-01-2010,15224.39879
3033,Darbhanga,13,10,Bihar,06-01-2010,15382.65932
3034,Gopalganj,15,10,Bihar,06-01-2010,15628.68484
3035,Kollam,13,32,Kerala,06-01-2010,15020.1296
3036,Kottayam,10,32,Kerala,06-01-2010,15062.50595
3037,Kozhikode,4,32,Kerala,06-01-2010,15060.76273
3038,Malappuram,5,32,Kerala,06-01-2010,15107.43143
3039,Palakkad,6,32,Kerala,06-01-2010,15101.7939
3040,Pathanamthitta,12,32,Kerala,06-01-2010,15040.18003
3041,Idukki,9,32,Kerala,06-01-2010,14910.16056
3042,Thrissur,7,32,Kerala,06-01-2010,15026.98075
3043,Thiruvananthapuram,14,32,Kerala,06-01-2010,14993.46968
3044,Wayanad,3,32,Kerala,06-01-2010,14980.10606
3045,Alappuzha,11,32,Kerala,06-01-2010,15040.41126
3046,Kasaragod,1,32,Kerala,06-01-2010,15120.44606
3047,Kannur,2,32,Kerala,06-01-2010,15142.47661
3048,Ernakulam,8,32,Kerala,06-01-2010,15084.11373
3049,Jajapur,13,21,Orissa,06-01-2010,15467.75879
3050,Jagatsinghapur,11,21,Orissa,06-01-2010,15510.66815
3051,Jharsuguda,2,21,Orissa,06-01-2010,15756.92481
3052,Khordha,17,21,Orissa,06-01-2010,15457.50352
3053,Mayurbhanj,7,21,Orissa,06-01-2010,15326.38739
3054,Puri,18,21,Orissa,06-01-2010,15455.12155
3055,Koraput,29,21,Orissa,06-01-2010,15455.53142
3056,Malkangiri,30,21,Orissa,06-01-2010,15611.35332
3057,Nabarangapur,28,21,Orissa,06-01-2010,15634.09969
3058,Nayagarh,16,21,Orissa,06-01-2010,15396.01393
3059,Nuapada,25,21,Orissa,06-01-2010,15716.50298
3060,Kandhamal,21,21,Orissa,06-01-2010,15363.54155
3061,Sambalpur,3,21,Orissa,06-01-2010,15619.10188
3062,Rayagada,27,21,Orissa,06-01-2010,15453.2994
3063,Sundargarh,5,21,Orissa,06-01-2010,15676.71966
3064,Sonapur,23,21,Orissa,06-01-2010,15740.62421
3065,Anugul,15,21,Orissa,06-01-2010,15469.47455
3066,Bhadrak,9,21,Orissa,06-01-2010,15450.21337
3067,Baudh,22,21,Orissa,06-01-2010,15591.81237
3068,Balangir,24,21,Orissa,06-01-2010,15734.59476
3069,Baleshwar,8,21,Orissa,06-01-2010,15331.5976
3070,Bargarh,1,21,Orissa,06-01-2010,15767.63376
3071,Kendrapara,10,21,Orissa,06-01-2010,15519.51244
3072,Kendujhar,6,21,Orissa,06-01-2010,15382.33258
3073,Debagarh,4,21,Orissa,06-01-2010,15453.47093
3074,Cuttack,12,21,Orissa,06-01-2010,15472.91908
3075,Dhenkanal,14,21,Orissa,06-01-2010,15401.21088
3076,Kalahandi,26,21,Orissa,06-01-2010,15615.20848
3077,Ganjam,19,21,Orissa,06-01-2010,15444.80079
3078,Gajapati,20,21,Orissa,06-01-2010,15307.5591
3079,Jalandhar,4,3,Punjab,06-01-2010,15641.771
3080,Kapurthala,3,3,Punjab,06-01-2010,15616.39507
3081,Ludhiana,9,3,Punjab,06-01-2010,15595.80362
3082,Mansa,15,3,Punjab,06-01-2010,15585.44642
3083,Moga,10,3,Punjab,06-01-2010,15528.81736
3084,Muktsar,12,3,Punjab,06-01-2010,15606.57601
3085,Nawanshahr,6,3,Punjab,06-01-2010,15598.59751
3086,Patiala,17,3,Punjab,06-01-2010,15439.54861
3087,Sangrur,16,3,Punjab,06-01-2010,15497.30881
3088,Hoshiarpur,5,3,Punjab,06-01-2010,15624.27363
3089,Rupnagar,7,3,Punjab,06-01-2010,15498.94528
3090,Amritsar,2,3,Punjab,06-01-2010,15626.8641
3091,Firozpur,11,3,Punjab,06-01-2010,15596.93998
3092,Bathinda,14,3,Punjab,06-01-2010,15585.34487
3093,Gurdaspur,1,3,Punjab,06-01-2010,15714.36501
3094,Faridkot,13,3,Punjab,06-01-2010,15590.36403
3095,Fatehgarh Sahib,8,3,Punjab,06-01-2010,15410.06654
3096,North,1,11,Sikkim,06-01-2010,14157.62964
3097,South,3,11,Sikkim,06-01-2010,14782.82361
3098,West,2,11,Sikkim,06-01-2010,14449.17413
3099,East,4,11,Sikkim,06-01-2010,14597.24277
3100,Jamnagar,10,24,Gujarat,06-01-2010,15614.59829
3101,Kheda,16,24,Gujarat,06-01-2010,15766.80726
3102,Mahesana,4,24,Gujarat,06-01-2010,15730.23734
3103,Narmada,20,24,Gujarat,06-01-2010,15635.30189
3104,Navsari,24,24,Gujarat,06-01-2010,15568.3707
3105,Panch Mahals,17,24,Gujarat,06-01-2010,15807.71799
3106,Patan,3,24,Gujarat,06-01-2010,15782.46627
3107,Porbandar,11,24,Gujarat,06-01-2010,15629.186
3108,Rajkot,9,24,Gujarat,06-01-2010,15684.72466
3109,Sabar Kantha,5,24,Gujarat,06-01-2010,15740.506
3110,Surendranagar,8,24,Gujarat,06-01-2010,15707.11197
3111,The Dangs,23,24,Gujarat,06-01-2010,15629.24808
3112,Vadodara,19,24,Gujarat,06-01-2010,15717.06584
3113,Valsad,25,24,Gujarat,06-01-2010,15615.70944
3114,Bharuch,21,24,Gujarat,06-01-2010,15661.10586
3115,Surat,22,24,Gujarat,06-01-2010,15555.6949
3116,Anand,15,24,Gujarat,06-01-2010,15695.46464
3117,Ahmadabad,7,24,Gujarat,06-01-2010,15753.29762
3118,Amreli,13,24,Gujarat,06-01-2010,15682.9706
3119,Bhavnagar,14,24,Gujarat,06-01-2010,15745.72786
3120,Banas Kantha,2,24,Gujarat,06-01-2010,15816.20303
3121,Dohad,18,24,Gujarat,06-01-2010,15760.4287
3122,Junagadh,12,24,Gujarat,06-01-2010,15590.90763
3123,Kachchh,1,24,Gujarat,06-01-2010,15728.21326
3124,Gandhinagar,6,24,Gujarat,06-01-2010,15676.26251
3125,Jind,9,6,Haryana,06-01-2010,15703.00202
3126,Kaithal,5,6,Haryana,06-01-2010,15538.58437
3127,Karnal,6,6,Haryana,06-01-2010,15594.38135
3128,Kurukshetra,4,6,Haryana,06-01-2010,15519.54449
3129,Panchkula,1,6,Haryana,06-01-2010,15516.06574
3130,Panipat,7,6,Haryana,06-01-2010,15649.27206
3131,Hisar,12,6,Haryana,06-01-2010,15753.38558
3132,Rohtak,14,6,Haryana,06-01-2010,15812.48943
3133,Sirsa,11,6,Haryana,06-01-2010,15708.21615
3134,Sonipat,8,6,Haryana,06-01-2010,15788.80969
3135,Yamunanagar,3,6,Haryana,06-01-2010,15608.40437
3136,Jhajjar,15,6,Haryana,06-01-2010,15906.90339
3137,Mahendragarh,16,6,Haryana,06-01-2010,15894.57267
3138,Rewari,17,6,Haryana,06-01-2010,15999.67407
3139,Bhiwani,13,6,Haryana,06-01-2010,15847.35203
3140,Ambala,2,6,Haryana,06-01-2010,15600.5026
3141,Gurgaon,18,6,Haryana,06-01-2010,15869.14741
3142,Faridabad,19,6,Haryana,06-01-2010,15750.14167
3143,Fatehabad,10,6,Haryana,06-01-2010,15626.04231
3144,Imphal East,7,14,Manipur,06-01-2010,14978.32946
3145,Imphal West,6,14,Manipur,06-01-2010,14997.84828
3146,Senapati (Excl. 3 sub-divisions),1,14,Manipur,06-01-2010,14844.59665
3147,Tamenglong,2,14,Manipur,06-01-2010,15003.00043
3148,Thoubal,5,14,Manipur,06-01-2010,15100.68028
3149,Ukhrul,8,14,Manipur,06-01-2010,14980.38743
3150,Bishnupur,4,14,Manipur,06-01-2010,14977.31497
3151,Chandel,9,14,Manipur,06-01-2010,15003.30994
3152,Churachandpur,3,14,Manipur,06-01-2010,14873.65122
3153,Kolasib,2,15,Mizoram,06-01-2010,15000.95731
3154,Mamit,1,15,Mizoram,06-01-2010,14986.13019
3155,Lunglei,6,15,Mizoram,06-01-2010,14854.64185
3156,Lawngtlai,7,15,Mizoram,06-01-2010,15030.4148
3157,Saiha,8,15,Mizoram,06-01-2010,14913.18137
3158,Serchhip,5,15,Mizoram,06-01-2010,14795.98531
3159,Aizawl,3,15,Mizoram,06-01-2010,14968.74107
3160,Champhai,4,15,Mizoram,06-01-2010,14849.53021
3161,North Tripura,4,16,Tripura,06-01-2010,14993.63129
3162,South Tripura,2,16,Tripura,06-01-2010,14971.83472
3163,West Tripura,1,16,Tripura,06-01-2010,15014.59885
3164,Dhalai,3,16,Tripura,06-01-2010,14956.4749
3165,Mokokchung,3,13,Nagaland,06-01-2010,14970.4153
3166,Mon,1,13,Nagaland,06-01-2010,15014.25245
3167,Phek,8,13,Nagaland,06-01-2010,14923.21452
3168,Tuensang,2,13,Nagaland,06-01-2010,14882.56572
3169,Wokha,5,13,Nagaland,06-01-2010,15037.24436
3170,Zunheboto,4,13,Nagaland,06-01-2010,14913.49441
3171,Dimapur,6,13,Nagaland,06-01-2010,15114.23872
3172,Kohima,7,13,Nagaland,06-01-2010,14946.48668
3173,Purbi Singhbhum,18,20,Jharkhand,06-01-2010,15449.77872
3174,Lohardaga,15,20,Jharkhand,06-01-2010,15631.92815
3175,Pakaur,10,20,Jharkhand,06-01-2010,15481.71826
3176,Pashchimi Singhbhum,17,20,Jharkhand,06-01-2010,15570.46935
3177,Ranchi,14,20,Jharkhand,06-01-2010,15560.1423
3178,Sahibganj,9,20,Jharkhand,06-01-2010,15392.58631
3179,Garhwa,1,20,Jharkhand,06-01-2010,15767.48207
3180,Palamu,2,20,Jharkhand,06-01-2010,15741.80945
3181,Chatra,3,20,Jharkhand,06-01-2010,15687.86171
3182,Hazaribagh,4,20,Jharkhand,06-01-2010,15549.60279
3183,Kodarma,5,20,Jharkhand,06-01-2010,15534.27496
3184,Bokaro,13,20,Jharkhand,06-01-2010,15466.30398
3185,Deoghar,7,20,Jharkhand,06-01-2010,15588.43423
3186,Dhanbad,12,20,Jharkhand,06-01-2010,15458.25261
3187,Dumka,11,20,Jharkhand,06-01-2010,15479.14011
3188,Giridih,6,20,Jharkhand,06-01-2010,15514.88351
3189,Godda,8,20,Jharkhand,06-01-2010,15605.14251
3190,Gumla,16,20,Jharkhand,06-01-2010,15642.93493
3191,Kodagu,25,29,Karnataka,06-01-2010,14981.35967
3192,Kolar,19,29,Karnataka,06-01-2010,15332.59559
3193,Mandya,22,29,Karnataka,06-01-2010,15143.44584
3194,Koppal,7,29,Karnataka,06-01-2010,15665.87236
3195,Mysore,26,29,Karnataka,06-01-2010,15163.19105
3196,Raichur,6,29,Karnataka,06-01-2010,15734.45932
3197,Hassan,23,29,Karnataka,06-01-2010,15140.98818
3198,Haveri,11,29,Karnataka,06-01-2010,15548.60475
3199,Shimoga,15,29,Karnataka,06-01-2010,15135.79386
3200,Tumkur,18,29,Karnataka,06-01-2010,15340.13766
3201,Udupi,16,29,Karnataka,06-01-2010,15042.01667
3202,Uttara Kannada,10,29,Karnataka,06-01-2010,15183.15459
3203,Bagalkot,2,29,Karnataka,06-01-2010,15679.72247
3204,Bangalore,20,29,Karnataka,06-01-2010,15274.09782
3205,Bidar,5,29,Karnataka,06-01-2010,15861.9099
3206,Bijapur,3,29,Karnataka,06-01-2010,15834.83386
3207,Belgaum,1,29,Karnataka,06-01-2010,15592.35638
3208,Bellary,12,29,Karnataka,06-01-2010,15579.14445
3209,Bangalore Rural,21,29,Karnataka,06-01-2010,15281.66146
3210,Chamarajanagar,27,29,Karnataka,06-01-2010,15184.06991
3211,Chikmagalur,17,29,Karnataka,06-01-2010,15046.16275
3212,Chitradurga,13,29,Karnataka,06-01-2010,15442.67833
3213,Dakshina Kannada,24,29,Karnataka,06-01-2010,15050.27194
3214,Davanagere,14,29,Karnataka,06-01-2010,15428.2172
3215,Dharwad,9,29,Karnataka,06-01-2010,15667.23205
3216,Gulbarga,4,29,Karnataka,06-01-2010,15858.9522
3217,Gadag,8,29,Karnataka,06-01-2010,15727.05192
3218,Jaintia Hills,7,17,Meghalaya,06-01-2010,14908.26523
3219,Ri Bhoi,5,17,Meghalaya,06-01-2010,14999.85516
3220,South Garo Hills,3,17,Meghalaya,06-01-2010,15004.76141
3221,West Garo Hills,1,17,Meghalaya,06-01-2010,14994.06072
3222,West Khasi Hills,4,17,Meghalaya,06-01-2010,14923.02754
3223,East Garo Hills,2,17,Meghalaya,06-01-2010,15027.429
3224,East Khasi Hills,6,17,Meghalaya,06-01-2010,14879.40799
3225,Jaipur,12,8,Rajasthan,06-01-2010,15886.62767
3226,Jaisalmer,16,8,Rajasthan,06-01-2010,15906.58524
3227,Jalor,18,8,Rajasthan,06-01-2010,15876.2588
3228,Jhalawar,32,8,Rajasthan,06-01-2010,15972.75658
3229,Jhunjhunun,5,8,Rajasthan,06-01-2010,15846.49673
3230,Jodhpur,15,8,Rajasthan,06-01-2010,15823.35687
3231,Kota,30,8,Rajasthan,06-01-2010,15949.26922
3232,Nagaur,14,8,Rajasthan,06-01-2010,15864.42054
3233,Pali,20,8,Rajasthan,06-01-2010,15910.5176
3234,Rajsamand,25,8,Rajasthan,06-01-2010,15831.6763
3235,Sawai Madhopur,10,8,Rajasthan,06-01-2010,15932.53825
3236,Sirohi,19,8,Rajasthan,06-01-2010,15786.79065
3237,Tonk,22,8,Rajasthan,06-01-2010,15974.7054
3238,Sikar,13,8,Rajasthan,06-01-2010,15828.20278
3239,Alwar,6,8,Rajasthan,06-01-2010,15873.3336
3240,Udaipur,26,8,Rajasthan,06-01-2010,15757.95598
3241,Ganganagar,1,8,Rajasthan,06-01-2010,15745.52309
3242,Hanumangarh,2,8,Rajasthan,06-01-2010,15767.04319
3243,Baran,31,8,Rajasthan,06-01-2010,16010.68512
3244,Ajmer,21,8,Rajasthan,06-01-2010,15922.47243
3245,Banswara,28,8,Rajasthan,06-01-2010,15810.1543
3246,Barmer,17,8,Rajasthan,06-01-2010,15876.0811
3247,Bhilwara,24,8,Rajasthan,06-01-2010,15927.8684
3248,Bikaner,3,8,Rajasthan,06-01-2010,15833.28639
3249,Bharatpur,7,8,Rajasthan,06-01-2010,15943.11355
3250,Bundi,23,8,Rajasthan,06-01-2010,15925.78561
3251,Chittaurgarh,29,8,Rajasthan,06-01-2010,15869.57962
3252,Churu,4,8,Rajasthan,06-01-2010,15822.70812
3253,Dausa,11,8,Rajasthan,06-01-2010,15904.38524
3254,Dhaulpur,8,8,Rajasthan,06-01-2010,15887.70766
3255,Dungarpur,27,8,Rajasthan,06-01-2010,15784.24546
3256,Karauli,9,8,Rajasthan,06-01-2010,15876.10513
3257,Pondicherry,2,34,Puducherry,06-01-2010,15396.34183
3258,Yanam,1,34,Puducherry,06-01-2010,15210.25467
3259,Karaikal,4,34,Puducherry,06-01-2010,15460.16554
3260,Mahe,3,34,Puducherry,06-01-2010,15081.61438
3261,Kanniyakumari,30,33,Tamil Nadu,06-01-2010,15055.49686
3262,Karur,14,33,Tamil Nadu,06-01-2010,15644.53403
3263,Madurai,24,33,Tamil Nadu,06-01-2010,15629.06983
3264,Namakkal,9,33,Tamil Nadu,06-01-2010,15414.07222
3265,The Nilgiris,11,33,Tamil Nadu,06-01-2010,14822.26465
3266,Perambalur,16,33,Tamil Nadu,06-01-2010,15648.50786
3267,Pudukkottai,22,33,Tamil Nadu,06-01-2010,15588.85604
3268,Ramanathapuram,27,33,Tamil Nadu,06-01-2010,15752.37417
3269,Salem,8,33,Tamil Nadu,06-01-2010,15382.51059
3270,Sivaganga,23,33,Tamil Nadu,06-01-2010,15668.58563
3271,Tiruchirappalli,15,33,Tamil Nadu,06-01-2010,15521.63834
3272,Tirunelveli,29,33,Tamil Nadu,06-01-2010,15593.56901
3273,Tiruvannamalai,6,33,Tamil Nadu,06-01-2010,15505.06534
3274,Thoothukkudi,28,33,Tamil Nadu,06-01-2010,15801.08744
3275,Theni,25,33,Tamil Nadu,06-01-2010,15393.42908
3276,Vellore,4,33,Tamil Nadu,06-01-2010,15455.70646
3277,Viluppuram,7,33,Tamil Nadu,06-01-2010,15545.76475
3278,Virudhunagar,26,33,Tamil Nadu,06-01-2010,15768.02736
3279,Chennai,2,33,Tamil Nadu,06-01-2010,15471.73257
3280,Kancheepuram,3,33,Tamil Nadu,06-01-2010,15501.26977
3281,Thiruvallur,1,33,Tamil Nadu,06-01-2010,15587.9545
3282,Thanjavur,21,33,Tamil Nadu,06-01-2010,15488.93693
3283,Thiruvarur,20,33,Tamil Nadu,06-01-2010,15503.40728
3284,Nagapattinam,19,33,Tamil Nadu,06-01-2010,15464.36346
3285,Ariyalur,17,33,Tamil Nadu,06-01-2010,15662.03371
3286,Coimbatore,12,33,Tamil Nadu,06-01-2010,15432.84678
3287,Cuddalore,18,33,Tamil Nadu,06-01-2010,15551.60278
3288,Dharmapuri,5,33,Tamil Nadu,06-01-2010,15382.9505
3289,Dindigul,13,33,Tamil Nadu,06-01-2010,15429.13036
3290,Erode,10,33,Tamil Nadu,06-01-2010,15434.58084
3291,Daman,2,25,Daman & Diu,06-01-2010,15467.77379
3292,Diu,1,25,Daman & Diu,06-01-2010,15388.44628
3293,Jalgaon,3,27,Maharashtra,06-01-2010,15841.89602
3294,Jalna,18,27,Maharashtra,06-01-2010,15888.21573
3295,Kolhapur,34,27,Maharashtra,06-01-2010,15494.71257
3296,Latur,28,27,Maharashtra,06-01-2010,15827.48275
3297,Pune,25,27,Maharashtra,06-01-2010,15620.06811
3298,Nagpur,9,27,Maharashtra,06-01-2010,15956.69587
3299,Mumbai,23,27,Maharashtra,06-01-2010,15471.60474
3300,Mumbai (Suburban),22,27,Maharashtra,06-01-2010,15399.53474
3301,Nanded,15,27,Maharashtra,06-01-2010,15950.80124
3302,Nandurbar,1,27,Maharashtra,06-01-2010,15737.90816
3303,Nashik,20,27,Maharashtra,06-01-2010,15648.02305
3304,Osmanabad,29,27,Maharashtra,06-01-2010,15759.17024
3305,Parbhani,17,27,Maharashtra,06-01-2010,15894.78453
3306,Sangli,35,27,Maharashtra,06-01-2010,15714.08564
3307,Satara,31,27,Maharashtra,06-01-2010,15595.14227
3308,Hingoli,16,27,Maharashtra,06-01-2010,15876.35537
3309,Ratnagiri,32,27,Maharashtra,06-01-2010,15554.53712
3310,Raigarh,24,27,Maharashtra,06-01-2010,15629.71965
3311,Thane,21,27,Maharashtra,06-01-2010,15658.89698
3312,Solapur,30,27,Maharashtra,06-01-2010,15725.27589
3313,Sindhudurg,33,27,Maharashtra,06-01-2010,15477.98029
3314,Wardha,8,27,Maharashtra,06-01-2010,16017.85184
3315,Washim,6,27,Maharashtra,06-01-2010,15893.53553
3316,Yavatmal,14,27,Maharashtra,06-01-2010,16008.36017
3317,Aurangabad,19,27,Maharashtra,06-01-2010,15756.1145
3318,Ahmadnagar,26,27,Maharashtra,06-01-2010,15712.3317
3319,Akola,5,27,Maharashtra,06-01-2010,15956.31388
3320,Amravati,7,27,Maharashtra,06-01-2010,15904.75796
3321,Bid,27,27,Maharashtra,06-01-2010,15753.18327
3322,Bhandara,10,27,Maharashtra,06-01-2010,15923.31271
3323,Buldana,4,27,Maharashtra,06-01-2010,15873.87875
3324,Chandrapur,13,27,Maharashtra,06-01-2010,15937.81018
3325,Dhule,2,27,Maharashtra,06-01-2010,15785.55135
3326,Gadchiroli,12,27,Maharashtra,06-01-2010,15796.74871
3327,Gondiya,11,27,Maharashtra,06-01-2010,15799.73759
3328,Nainital,11,5,Uttarakhand,06-01-2010,15325.98278
3329,Pithoragarh,7,5,Uttarakhand,06-01-2010,14601.38875
3330,Hardwar,13,5,Uttarakhand,06-01-2010,15545.13955
3331,Rudraprayag,3,5,Uttarakhand,06-01-2010,14740.4337
3332,Tehri Garhwal,4,5,Uttarakhand,06-01-2010,15059.34542
3333,Udham Singh Nagar,12,5,Uttarakhand,06-01-2010,15498.31171
3334,Uttarkashi,1,5,Uttarakhand,06-01-2010,14579.84873
3335,Bageshwar,8,5,Uttarakhand,06-01-2010,14903.14397
3336,Almora,9,5,Uttarakhand,06-01-2010,15293.58722
3337,Chamoli,2,5,Uttarakhand,06-01-2010,14504.38783
3338,Champawat,10,5,Uttarakhand,06-01-2010,15238.49503
3339,Dehradun,5,5,Uttarakhand,06-01-2010,15360.20328
3340,Garhwal,6,5,Uttarakhand,06-01-2010,15323.97524
3341,Jalpaiguri,2,19,West Bengal,06-01-2010,15097.05205
3342,Koch Bihar,3,19,West Bengal,06-01-2010,15058.90849
3343,Murshidabad,7,19,West Bengal,06-01-2010,15190.34135
3344,Puruliya,14,19,West Bengal,06-01-2010,15501.84393
3345,Kolkata,17,19,West Bengal,06-01-2010,15120.06407
3346,Maldah,6,19,West Bengal,06-01-2010,15242.14206
3347,Nadia,10,19,West Bengal,06-01-2010,15059.66036
3348,North Twenty Four Parganas,11,19,West Bengal,06-01-2010,15039.6373
3349,Medinipur,15,19,West Bengal,06-01-2010,15311.30103
3350,Hugli,12,19,West Bengal,06-01-2010,15137.97025
3351,South  Twenty Four Parganas,18,19,West Bengal,06-01-2010,15117.29648
3352,Uttar Dinajpur,4,19,West Bengal,06-01-2010,15107.81459
3353,Barddhaman,9,19,West Bengal,06-01-2010,15273.18746
3354,Birbhum,8,19,West Bengal,06-01-2010,15335.42435
3355,Bankura,13,19,West Bengal,06-01-2010,15405.27503
3356,Dakshin Dinajpur,5,19,West Bengal,06-01-2010,15139.41211
3357,Darjiling,1,19,West Bengal,06-01-2010,14956.01452
3358,Haora,16,19,West Bengal,06-01-2010,15076.7956
3359,Jashpur,3,22,Chhattisgarh,06-01-2010,15706.16587
3360,Koriya,1,22,Chhattisgarh,06-01-2010,15657.47599
3361,Mahasamund,12,22,Chhattisgarh,06-01-2010,15885.05728
3362,Raigarh,4,22,Chhattisgarh,06-01-2010,15781.95698
3363,Raipur,11,22,Chhattisgarh,06-01-2010,15835.28345
3364,Rajnandgaon,9,22,Chhattisgarh,06-01-2010,15876.00267
3365,Surguja,2,22,Chhattisgarh,06-01-2010,15710.48831
3366,Bilaspur,7,22,Chhattisgarh,06-01-2010,15823.90387
3367,Janjgir - Champa,6,22,Chhattisgarh,06-01-2010,15947.02338
3368,Korba,5,22,Chhattisgarh,06-01-2010,15708.74663
3369,Kawardha,8,22,Chhattisgarh,06-01-2010,15848.78587
3370,Bastar,15,22,Chhattisgarh,06-01-2010,15575.60549
3371,Dantewada,16,22,Chhattisgarh,06-01-2010,15627.07376
3372,Dhamtari,13,22,Chhattisgarh,06-01-2010,15771.14004
3373,Durg,10,22,Chhattisgarh,06-01-2010,15943.98264
3374,Kanker,14,22,Chhattisgarh,06-01-2010,15746.33554
3375,Central,6,7,Delhi  & NCR,06-01-2010,15530.47815
3376,East,4,7,Delhi  & NCR,06-01-2010,15517.67558
3377,New Delhi,5,7,Delhi  & NCR,06-01-2010,15491.96137
3378,North,2,7,Delhi  & NCR,06-01-2010,15523.66371
3379,North East,3,7,Delhi  & NCR,06-01-2010,15538.61069
3380,North West,1,7,Delhi  & NCR,06-01-2010,15699.66259
3381,South,9,7,Delhi  & NCR,06-01-2010,15555.31006
3382,South West,8,7,Delhi  & NCR,06-01-2010,15704.73033
3383,West,7,7,Delhi  & NCR,06-01-2010,15583.06589
3384,Jalaun,35,9,Uttar Pradesh,06-01-2010,15948.85496
3385,Jaunpur,64,9,Uttar Pradesh,06-01-2010,15815.49389
3386,Jhansi,36,9,Uttar Pradesh,06-01-2010,15891.85328
3387,Jyotiba Phule Nagar,6,9,Uttar Pradesh,06-01-2010,15561.2014
3388,Kannauj,30,9,Uttar Pradesh,06-01-2010,15753.28942
3389,Kanpur Nagar,34,9,Uttar Pradesh,06-01-2010,15879.4667
3390,Kaushambi,44,9,Uttar Pradesh,06-01-2010,15955.29312
3391,Kheri,23,9,Uttar Pradesh,06-01-2010,15463.80936
3392,Mirzapur,69,9,Uttar Pradesh,06-01-2010,15931.0507
3393,Moradabad,4,9,Uttar Pradesh,06-01-2010,15583.9673
3394,Muzaffarnagar,2,9,Uttar Pradesh,06-01-2010,15424.27279
3395,Rae Bareli,28,9,Uttar Pradesh,06-01-2010,15757.97193
3396,Kushinagar,59,9,Uttar Pradesh,06-01-2010,15529.24754
3397,Lucknow,27,9,Uttar Pradesh,06-01-2010,15555.18132
3398,Lalitpur,37,9,Uttar Pradesh,06-01-2010,15901.48223
3399,Mahrajganj,57,9,Uttar Pradesh,06-01-2010,15663.41283
3400,Mahoba,39,9,Uttar Pradesh,06-01-2010,15968.82589
3401,Mainpuri,18,9,Uttar Pradesh,06-01-2010,15812.10687
3402,Mathura,14,9,Uttar Pradesh,06-01-2010,15806.53574
3403,Mau,62,9,Uttar Pradesh,06-01-2010,15754.81732
3404,Meerut,7,9,Uttar Pradesh,06-01-2010,15477.76484
3405,Pilibhit,21,9,Uttar Pradesh,06-01-2010,15512.60387
3406,Pratapgarh,43,9,Uttar Pradesh,06-01-2010,15767.26487
3407,Rampur,5,9,Uttar Pradesh,06-01-2010,15505.32138
3408,Sant Ravidas Nagar Bhadohi,68,9,Uttar Pradesh,06-01-2010,15896.00158
3409,Sant Kabir Nagar,56,9,Uttar Pradesh,06-01-2010,15772.36182
3410,Shahjahanpur,22,9,Uttar Pradesh,06-01-2010,15603.13326
3411,Hathras,13,9,Uttar Pradesh,06-01-2010,15720.70989
3412,Shrawasti,51,9,Uttar Pradesh,06-01-2010,15710.58813
3413,Saharanpur,1,9,Uttar Pradesh,06-01-2010,15504.88106
3414,Sitapur,24,9,Uttar Pradesh,06-01-2010,15530.52323
3415,Sultanpur,49,9,Uttar Pradesh,06-01-2010,15748.04097
3416,Sonbhadra,70,9,Uttar Pradesh,06-01-2010,15793.6396
3417,Siddharthnagar,54,9,Uttar Pradesh,06-01-2010,15873.60014
3418,Unnao,26,9,Uttar Pradesh,06-01-2010,15781.01717
3419,Varanasi,67,9,Uttar Pradesh,06-01-2010,15863.49662
3420,Bulandshahr,11,9,Uttar Pradesh,06-01-2010,15605.61139
3421,Gautam Buddha Nagar,10,9,Uttar Pradesh,06-01-2010,15720.93124
3422,Ghaziabad,9,9,Uttar Pradesh,06-01-2010,15535.98014
3423,Auraiya,32,9,Uttar Pradesh,06-01-2010,15877.82452
3424,Azamgarh,61,9,Uttar Pradesh,06-01-2010,15788.32791
3425,Budaun,19,9,Uttar Pradesh,06-01-2010,15779.66969
3426,Agra,15,9,Uttar Pradesh,06-01-2010,15852.6275
3427,Aligarh,12,9,Uttar Pradesh,06-01-2010,15770.47018
3428,Allahabad,45,9,Uttar Pradesh,06-01-2010,15913.49039
3429,Ambedkar Nagar,48,9,Uttar Pradesh,06-01-2010,15719.18311
3430,Bareilly,20,9,Uttar Pradesh,06-01-2010,15584.19449
3431,Bijnor,3,9,Uttar Pradesh,06-01-2010,15519.10426
3432,Basti,55,9,Uttar Pradesh,06-01-2010,15657.07883
3433,Baghpat,8,9,Uttar Pradesh,06-01-2010,15483.11673
3434,Bahraich,50,9,Uttar Pradesh,06-01-2010,15611.2893
3435,Ballia,63,9,Uttar Pradesh,06-01-2010,15716.76108
3436,Balrampur,52,9,Uttar Pradesh,06-01-2010,15650.24508
3437,Banda,40,9,Uttar Pradesh,06-01-2010,16045.1595
3438,Barabanki,46,9,Uttar Pradesh,06-01-2010,15513.05448
3439,Chitrakoot,41,9,Uttar Pradesh,06-01-2010,16000.26637
3440,Chandauli,66,9,Uttar Pradesh,06-01-2010,15797.45046
3441,Deoria,60,9,Uttar Pradesh,06-01-2010,15631.91604
3442,Etah,17,9,Uttar Pradesh,06-01-2010,15810.85069
3443,Kanpur Dehat,33,9,Uttar Pradesh,06-01-2010,15895.28631
3444,Etawah,31,9,Uttar Pradesh,06-01-2010,15834.15029
3445,Faizabad,47,9,Uttar Pradesh,06-01-2010,15621.49149
3446,Ghazipur,65,9,Uttar Pradesh,06-01-2010,15775.94134
3447,Gonda,53,9,Uttar Pradesh,06-01-2010,15610.35409
3448,Gorakhpur,58,9,Uttar Pradesh,06-01-2010,15754.34375
3449,Farrukhabad,29,9,Uttar Pradesh,06-01-2010,15726.90586
3450,Fatehpur,42,9,Uttar Pradesh,06-01-2010,15899.45121
3451,Firozabad,16,9,Uttar Pradesh,06-01-2010,15845.8748
3452,Hamirpur,38,9,Uttar Pradesh,06-01-2010,15961.97062
3453,Hardoi,25,9,Uttar Pradesh,06-01-2010,15725.08201
3454,Khammam,10,28,Andhra Pradesh,06-01-2010,15640.56119
3455,Medak,4,28,Andhra Pradesh,06-01-2010,15791.00546
3456,Krishna,16,28,Andhra Pradesh,06-01-2010,15579.31963
3457,Kurnool,21,28,Andhra Pradesh,06-01-2010,15650.72753
3458,Mahbubnagar,7,28,Andhra Pradesh,06-01-2010,15717.32982
3459,Nalgonda,8,28,Andhra Pradesh,06-01-2010,15722.46653
3460,Nellore,19,28,Andhra Pradesh,06-01-2010,15567.64803
3461,Nizamabad,2,28,Andhra Pradesh,06-01-2010,15813.71293
3462,Prakasam,18,28,Andhra Pradesh,06-01-2010,15651.16359
3463,Hyderabad,5,28,Andhra Pradesh,06-01-2010,15560.57396
3464,Rangareddi,6,28,Andhra Pradesh,06-01-2010,15724.60971
3465,Srikakulam,11,28,Andhra Pradesh,06-01-2010,15391.02009
3466,West Godavari,15,28,Andhra Pradesh,06-01-2010,15511.86275
3467,Visakhapatnam,13,28,Andhra Pradesh,06-01-2010,15321.15313
3468,Vizianagaram,12,28,Andhra Pradesh,06-01-2010,15382.47536
3469,Warangal,9,28,Andhra Pradesh,06-01-2010,15790.82004
3470,Anantapur,22,28,Andhra Pradesh,06-01-2010,15582.17266
3471,Adilabad,1,28,Andhra Pradesh,06-01-2010,15933.62775
3472,Chittoor,23,28,Andhra Pradesh,06-01-2010,15489.17121
3473,Cuddapah,20,28,Andhra Pradesh,06-01-2010,15628.74001
3474,East Godavari,14,28,Andhra Pradesh,06-01-2010,15404.72549
3475,Karimnagar,3,28,Andhra Pradesh,06-01-2010,15853.53876
3476,Guntur,17,28,Andhra Pradesh,06-01-2010,15685.25098
3477,Jabalpur,39,23,Madhya Pradesh,06-01-2010,15838.01609
3478,Jhabua,24,23,Madhya Pradesh,06-01-2010,15783.68678
3479,Mandsaur,19,23,Madhya Pradesh,06-01-2010,15888.037
3480,Tikamgarh,8,23,Madhya Pradesh,06-01-2010,15882.632
3481,Narsimhapur,40,23,Madhya Pradesh,06-01-2010,15806.23458
3482,Neemuch,18,23,Madhya Pradesh,06-01-2010,15873.25493
3483,Panna,10,23,Madhya Pradesh,06-01-2010,15939.98849
3484,Raisen,34,23,Madhya Pradesh,06-01-2010,15828.95148
3485,Rajgarh,30,23,Madhya Pradesh,06-01-2010,15948.32023
3486,Satna,13,23,Madhya Pradesh,06-01-2010,15909.95108
3487,Sehore,33,23,Madhya Pradesh,06-01-2010,15862.4964
3488,Seoni,44,23,Madhya Pradesh,06-01-2010,15821.44982
3489,Hoshangabad,37,23,Madhya Pradesh,06-01-2010,15815.70652
3490,Indore,26,23,Madhya Pradesh,06-01-2010,15783.87347
3491,Shajapur,22,23,Madhya Pradesh,06-01-2010,15932.80562
3492,Shivpuri,6,23,Madhya Pradesh,06-01-2010,15932.25411
3493,Ratlam,20,23,Madhya Pradesh,06-01-2010,15887.90997
3494,Rewa,14,23,Madhya Pradesh,06-01-2010,15998.08571
3495,Sagar,11,23,Madhya Pradesh,06-01-2010,15920.13355
3496,Sidhi,17,23,Madhya Pradesh,06-01-2010,15846.80663
3497,Ujjain,21,23,Madhya Pradesh,06-01-2010,15884.21854
3498,Vidisha,31,23,Madhya Pradesh,06-01-2010,15926.78476
3499,West Nimar,27,23,Madhya Pradesh,06-01-2010,15845.55087
3500,Morena,2,23,Madhya Pradesh,06-01-2010,15904.83785
3501,Sheopur,1,23,Madhya Pradesh,06-01-2010,15922.76966
3502,Dindori,41,23,Madhya Pradesh,06-01-2010,15751.24545
3503,Mandla,42,23,Madhya Pradesh,06-01-2010,15796.98188
3504,Shahdol,16,23,Madhya Pradesh,06-01-2010,15801.73264
3505,Umaria,15,23,Madhya Pradesh,06-01-2010,15779.70203
3506,Bhind,3,23,Madhya Pradesh,06-01-2010,15980.99495
3507,Bhopal,32,23,Madhya Pradesh,06-01-2010,15869.86581
3508,Barwani,28,23,Madhya Pradesh,06-01-2010,15842.94921
3509,Betul,35,23,Madhya Pradesh,06-01-2010,15783.68018
3510,Balaghat,45,23,Madhya Pradesh,06-01-2010,15678.40139
3511,Chhatarpur,9,23,Madhya Pradesh,06-01-2010,15953.99763
3512,Chhindwara,43,23,Madhya Pradesh,06-01-2010,15792.10765
3513,Dewas,23,23,Madhya Pradesh,06-01-2010,15836.69715
3514,Katni,38,23,Madhya Pradesh,06-01-2010,15849.76741
3515,Datia,5,23,Madhya Pradesh,06-01-2010,15901.7011
3516,Damoh,12,23,Madhya Pradesh,06-01-2010,15920.60683
3517,Dhar,25,23,Madhya Pradesh,06-01-2010,15822.34891
3518,East Nimar,29,23,Madhya Pradesh,06-01-2010,15875.96109
3519,Guna,7,23,Madhya Pradesh,06-01-2010,15960.0462
3520,Gwalior,4,23,Madhya Pradesh,06-01-2010,15877.08072
3521,Harda,36,23,Madhya Pradesh,06-01-2010,15902.79108
3522,Kangra,2,2,Himachal Pradesh,06-01-2010,15211.86237
3523,Kinnaur,12,2,Himachal Pradesh,06-01-2010,14409.35136
3524,Lahul & Spiti,3,2,Himachal Pradesh,06-01-2010,14184.43604
3525,Kullu,4,2,Himachal Pradesh,06-01-2010,14446.73732
3526,Mandi,5,2,Himachal Pradesh,06-01-2010,15085.22578
3527,Shimla,11,2,Himachal Pradesh,06-01-2010,14858.32001
3528,Sirmaur,10,2,Himachal Pradesh,06-01-2010,15364.41384
3529,Solan,9,2,Himachal Pradesh,06-01-2010,15293.09029
3530,Una,7,2,Himachal Pradesh,06-01-2010,15520.73241
3531,Bilaspur,8,2,Himachal Pradesh,06-01-2010,15368.3905
3532,Chamba,1,2,Himachal Pradesh,06-01-2010,14646.30342
3533,Hamirpur,6,2,Himachal Pradesh,06-01-2010,15396.51437
3534,Jammu,13,1,Jammu and Kashmir,06-01-2010,15813.53956
3535,Kargil,8,1,Jammu and Kashmir,06-01-2010,14352.4345
3536,Kathua,14,1,Jammu and Kashmir,06-01-2010,15570.48845
3537,Leh (Ladakh),7,1,Jammu and Kashmir,06-01-2010,14522.04368
3538,Kupwara,1,1,Jammu and Kashmir,06-01-2010,14723.90629
3539,Punch,11,1,Jammu and Kashmir,06-01-2010,15066.32847
3540,Pulwama,5,1,Jammu and Kashmir,06-01-2010,14841.69103
3541,Rajauri,12,1,Jammu and Kashmir,06-01-2010,15354.88035
3542,Srinagar,3,1,Jammu and Kashmir,06-01-2010,14522.05145
3543,Udhampur,10,1,Jammu and Kashmir,06-01-2010,15190.18472
3544,Anantnag,6,1,Jammu and Kashmir,06-01-2010,14561.03486
3545,Badgam,4,1,Jammu and Kashmir,06-01-2010,14735.92019
3546,Baramula,2,1,Jammu and Kashmir,06-01-2010,14602.84066
3547,Data Not Available,99,99,Jammu and Kashmir,06-01-2010,14343.68993
3548,Doda,9,1,Jammu and Kashmir,06-01-2010,14433.29862
3549,Lohit,11,12,Arunanchal Pradesh,06-01-2010,14548.90818
3550,Lower Subansiri,5,12,Arunanchal Pradesh,06-01-2010,14310.92098
3551,Papum Pare,4,12,Arunanchal Pradesh,06-01-2010,14526.72208
3552,Tawang,1,12,Arunanchal Pradesh,06-01-2010,14288.50605
3553,Tirap,13,12,Arunanchal Pradesh,06-01-2010,15037.31998
3554,West Kameng,2,12,Arunanchal Pradesh,06-01-2010,14507.28473
3555,West Siang,7,12,Arunanchal Pradesh,06-01-2010,14235.3441
3556,Upper Siang,9,12,Arunanchal Pradesh,06-01-2010,14263.4082
3557,Upper Subansiri,6,12,Arunanchal Pradesh,06-01-2010,14049.13866
3558,Changlang,12,12,Arunanchal Pradesh,06-01-2010,15002.1472
3559,Dibang Valley,10,12,Arunanchal Pradesh,06-01-2010,14324.94609
3560,East Kameng,3,12,Arunanchal Pradesh,06-01-2010,14381.23272
3561,East Siang,8,12,Arunanchal Pradesh,06-01-2010,14759.4466
3562,Nicobars,2,35,Andaman & Nicobar Island,06-01-2010,15014.34509
3563,Andamans,1,35,Andaman & Nicobar Island,06-01-2010,14940.77596
3564,Chandigarh,1,4,Chandigarh,07-01-2010,15295.85545
3565,Dadra & Nagar Haveli,1,26,Dadara & Nagar Havelli,07-01-2010,15026.57186
3566,Lakshadweep,1,31,Lakshadweep,07-01-2010,15044.43641
3567,Data Not Available,99,99,Jammu and Kashmir,07-01-2010,14580.5388
3568,Anantnag,6,1,Jammu and Kashmir,07-01-2010,14615.80215
3569,Badgam,4,1,Jammu and Kashmir,07-01-2010,14814.55765
3570,Baramula,2,1,Jammu and Kashmir,07-01-2010,14738.59444
3571,Doda,9,1,Jammu and Kashmir,07-01-2010,14503.07376
3572,Jammu,13,1,Jammu and Kashmir,07-01-2010,15349.03516
3573,Kargil,8,1,Jammu and Kashmir,07-01-2010,14687.00734
3574,Kathua,14,1,Jammu and Kashmir,07-01-2010,15136.98945
3575,Leh (Ladakh),7,1,Jammu and Kashmir,07-01-2010,14881.79966
3576,Kupwara,1,1,Jammu and Kashmir,07-01-2010,14810.67206
3577,Punch,11,1,Jammu and Kashmir,07-01-2010,14943.78172
3578,Pulwama,5,1,Jammu and Kashmir,07-01-2010,14929.53051
3579,Rajauri,12,1,Jammu and Kashmir,07-01-2010,15110.12596
3580,Srinagar,3,1,Jammu and Kashmir,07-01-2010,14631.60604
3581,Udhampur,10,1,Jammu and Kashmir,07-01-2010,14958.9707
3582,Bilaspur,8,2,Himachal Pradesh,07-01-2010,15100.58127
3583,Chamba,1,2,Himachal Pradesh,07-01-2010,14575.98333
3584,Hamirpur,6,2,Himachal Pradesh,07-01-2010,15124.96914
3585,Kangra,2,2,Himachal Pradesh,07-01-2010,14928.16165
3586,Kinnaur,12,2,Himachal Pradesh,07-01-2010,14469.62083
3587,Lahul & Spiti,3,2,Himachal Pradesh,07-01-2010,14344.68751
3588,Kullu,4,2,Himachal Pradesh,07-01-2010,14442.44544
3589,Mandi,5,2,Himachal Pradesh,07-01-2010,14954.4501
3590,Shimla,11,2,Himachal Pradesh,07-01-2010,14777.43303
3591,Sirmaur,10,2,Himachal Pradesh,07-01-2010,15048.88336
3592,Solan,9,2,Himachal Pradesh,07-01-2010,15046.74006
3593,Una,7,2,Himachal Pradesh,07-01-2010,15181.61238
3594,Hoshiarpur,5,3,Punjab,07-01-2010,15232.4325
3595,Amritsar,2,3,Punjab,07-01-2010,15325.45247
3596,Firozpur,11,3,Punjab,07-01-2010,15329.9776
3597,Bathinda,14,3,Punjab,07-01-2010,15324.85768
3598,Gurdaspur,1,3,Punjab,07-01-2010,15309.81987
3599,Faridkot,13,3,Punjab,07-01-2010,15289.88149
3600,Fatehgarh Sahib,8,3,Punjab,07-01-2010,15142.14719
3601,Jalandhar,4,3,Punjab,07-01-2010,15240.22475
3602,Kapurthala,3,3,Punjab,07-01-2010,15273.66893
3603,Ludhiana,9,3,Punjab,07-01-2010,15179.98596
3604,Mansa,15,3,Punjab,07-01-2010,15320.85146
3605,Moga,10,3,Punjab,07-01-2010,15196.6586
3606,Muktsar,12,3,Punjab,07-01-2010,15333.10484
3607,Nawanshahr,6,3,Punjab,07-01-2010,15175.96285
3608,Patiala,17,3,Punjab,07-01-2010,15158.34403
3609,Sangrur,16,3,Punjab,07-01-2010,15171.99333
3610,Rupnagar,7,3,Punjab,07-01-2010,15170.72045
3611,Hardwar,13,5,Uttarakhand,07-01-2010,15194.23666
3612,Bageshwar,8,5,Uttarakhand,07-01-2010,14643.14648
3613,Almora,9,5,Uttarakhand,07-01-2010,14978.90647
3614,Chamoli,2,5,Uttarakhand,07-01-2010,14438.17278
3615,Champawat,10,5,Uttarakhand,07-01-2010,14958.70706
3616,Dehradun,5,5,Uttarakhand,07-01-2010,15070.6558
3617,Garhwal,6,5,Uttarakhand,07-01-2010,14962.68278
3618,Nainital,11,5,Uttarakhand,07-01-2010,15044.04518
3619,Pithoragarh,7,5,Uttarakhand,07-01-2010,14451.16215
3620,Rudraprayag,3,5,Uttarakhand,07-01-2010,14612.87725
3621,Tehri Garhwal,4,5,Uttarakhand,07-01-2010,14816.09816
3622,Udham Singh Nagar,12,5,Uttarakhand,07-01-2010,15254.75462
3623,Uttarkashi,1,5,Uttarakhand,07-01-2010,14523.31973
3624,Hisar,12,6,Haryana,07-01-2010,15372.27844
3625,Ambala,2,6,Haryana,07-01-2010,15225.7559
3626,Gurgaon,18,6,Haryana,07-01-2010,15473.75892
3627,Faridabad,19,6,Haryana,07-01-2010,15425.34641
3628,Fatehabad,10,6,Haryana,07-01-2010,15307.13339
3629,Jind,9,6,Haryana,07-01-2010,15247.60507
3630,Kaithal,5,6,Haryana,07-01-2010,15176.67266
3631,Karnal,6,6,Haryana,07-01-2010,15208.9336
3632,Kurukshetra,4,6,Haryana,07-01-2010,15177.06554
3633,Panchkula,1,6,Haryana,07-01-2010,15180.07932
3634,Panipat,7,6,Haryana,07-01-2010,15264.52095
3635,Rohtak,14,6,Haryana,07-01-2010,15373.75307
3636,Sirsa,11,6,Haryana,07-01-2010,15417.71801
3637,Sonipat,8,6,Haryana,07-01-2010,15309.7829
3638,Yamunanagar,3,6,Haryana,07-01-2010,15162.08864
3639,Jhajjar,15,6,Haryana,07-01-2010,15434.14019
3640,Mahendragarh,16,6,Haryana,07-01-2010,15530.7503
3641,Rewari,17,6,Haryana,07-01-2010,15532.63783
3642,Bhiwani,13,6,Haryana,07-01-2010,15486.15952
3643,Central,6,7,Delhi  & NCR,07-01-2010,15361.51581
3644,East,4,7,Delhi  & NCR,07-01-2010,15336.59878
3645,New Delhi,5,7,Delhi  & NCR,07-01-2010,15333.86963
3646,North,2,7,Delhi  & NCR,07-01-2010,15315.4821
3647,North East,3,7,Delhi  & NCR,07-01-2010,15356.52281
3648,North West,1,7,Delhi  & NCR,07-01-2010,15367.26407
3649,South,9,7,Delhi  & NCR,07-01-2010,15354.27723
3650,South West,8,7,Delhi  & NCR,07-01-2010,15419.90249
3651,West,7,7,Delhi  & NCR,07-01-2010,15399.82294
3652,Ajmer,21,8,Rajasthan,07-01-2010,15615.18486
3653,Banswara,28,8,Rajasthan,07-01-2010,15473.68599
3654,Barmer,17,8,Rajasthan,07-01-2010,15648.78248
3655,Bhilwara,24,8,Rajasthan,07-01-2010,15559.15796
3656,Bikaner,3,8,Rajasthan,07-01-2010,15787.4757
3657,Bharatpur,7,8,Rajasthan,07-01-2010,15599.91439
3658,Bundi,23,8,Rajasthan,07-01-2010,15594.30617
3659,Chittaurgarh,29,8,Rajasthan,07-01-2010,15488.42186
3660,Churu,4,8,Rajasthan,07-01-2010,15617.2471
3661,Dausa,11,8,Rajasthan,07-01-2010,15608.62283
3662,Dhaulpur,8,8,Rajasthan,07-01-2010,15632.6448
3663,Dungarpur,27,8,Rajasthan,07-01-2010,15275.14222
3664,Karauli,9,8,Rajasthan,07-01-2010,15617.82141
3665,Jaipur,12,8,Rajasthan,07-01-2010,15597.57027
3666,Jaisalmer,16,8,Rajasthan,07-01-2010,15835.6797
3667,Jalor,18,8,Rajasthan,07-01-2010,15577.46645
3668,Jhalawar,32,8,Rajasthan,07-01-2010,15585.62106
3669,Jhunjhunun,5,8,Rajasthan,07-01-2010,15571.18212
3670,Jodhpur,15,8,Rajasthan,07-01-2010,15708.81046
3671,Kota,30,8,Rajasthan,07-01-2010,15619.13483
3672,Nagaur,14,8,Rajasthan,07-01-2010,15615.92025
3673,Pali,20,8,Rajasthan,07-01-2010,15618.02279
3674,Rajsamand,25,8,Rajasthan,07-01-2010,15459.17762
3675,Sawai Madhopur,10,8,Rajasthan,07-01-2010,15625.08761
3676,Sirohi,19,8,Rajasthan,07-01-2010,15461.21546
3677,Tonk,22,8,Rajasthan,07-01-2010,15662.77541
3678,Sikar,13,8,Rajasthan,07-01-2010,15542.66518
3679,Alwar,6,8,Rajasthan,07-01-2010,15509.07503
3680,Udaipur,26,8,Rajasthan,07-01-2010,15292.28413
3681,Ganganagar,1,8,Rajasthan,07-01-2010,15614.12515
3682,Hanumangarh,2,8,Rajasthan,07-01-2010,15601.30674
3683,Baran,31,8,Rajasthan,07-01-2010,15594.37225
3684,Hathras,13,9,Uttar Pradesh,07-01-2010,15454.28242
3685,Auraiya,32,9,Uttar Pradesh,07-01-2010,15611.59202
3686,Azamgarh,61,9,Uttar Pradesh,07-01-2010,15619.05696
3687,Budaun,19,9,Uttar Pradesh,07-01-2010,15413.20189
3688,Agra,15,9,Uttar Pradesh,07-01-2010,15620.82262
3689,Aligarh,12,9,Uttar Pradesh,07-01-2010,15430.6472
3690,Allahabad,45,9,Uttar Pradesh,07-01-2010,15713.22467
3691,Ambedkar Nagar,48,9,Uttar Pradesh,07-01-2010,15521.1405
3692,Bareilly,20,9,Uttar Pradesh,07-01-2010,15405.4138
3693,Bijnor,3,9,Uttar Pradesh,07-01-2010,15182.20476
3694,Basti,55,9,Uttar Pradesh,07-01-2010,15568.97836
3695,Baghpat,8,9,Uttar Pradesh,07-01-2010,15203.80905
3696,Bahraich,50,9,Uttar Pradesh,07-01-2010,15360.66802
3697,Ballia,63,9,Uttar Pradesh,07-01-2010,15541.73711
3698,Balrampur,52,9,Uttar Pradesh,07-01-2010,15297.04041
3699,Banda,40,9,Uttar Pradesh,07-01-2010,15894.22156
3700,Barabanki,46,9,Uttar Pradesh,07-01-2010,15616.49321
3701,Chitrakoot,41,9,Uttar Pradesh,07-01-2010,15628.59968
3702,Chandauli,66,9,Uttar Pradesh,07-01-2010,15567.04089
3703,Deoria,60,9,Uttar Pradesh,07-01-2010,15492.57951
3704,Etah,17,9,Uttar Pradesh,07-01-2010,15524.21484
3705,Kanpur Dehat,33,9,Uttar Pradesh,07-01-2010,15614.58465
3706,Etawah,31,9,Uttar Pradesh,07-01-2010,15619.3444
3707,Faizabad,47,9,Uttar Pradesh,07-01-2010,15604.52549
3708,Ghazipur,65,9,Uttar Pradesh,07-01-2010,15820.89544
3709,Gonda,53,9,Uttar Pradesh,07-01-2010,15491.8862
3710,Gorakhpur,58,9,Uttar Pradesh,07-01-2010,15266.9943
3711,Farrukhabad,29,9,Uttar Pradesh,07-01-2010,15606.72874
3712,Fatehpur,42,9,Uttar Pradesh,07-01-2010,15589.02195
3713,Firozabad,16,9,Uttar Pradesh,07-01-2010,15575.02479
3714,Hamirpur,38,9,Uttar Pradesh,07-01-2010,15771.89538
3715,Hardoi,25,9,Uttar Pradesh,07-01-2010,15544.458
3716,Jalaun,35,9,Uttar Pradesh,07-01-2010,15665.10852
3717,Jaunpur,64,9,Uttar Pradesh,07-01-2010,15676.49111
3718,Jhansi,36,9,Uttar Pradesh,07-01-2010,15580.78916
3719,Jyotiba Phule Nagar,6,9,Uttar Pradesh,07-01-2010,15173.30574
3720,Kannauj,30,9,Uttar Pradesh,07-01-2010,15616.65748
3721,Kanpur Nagar,34,9,Uttar Pradesh,07-01-2010,15550.55349
3722,Kaushambi,44,9,Uttar Pradesh,07-01-2010,15638.99195
3723,Kheri,23,9,Uttar Pradesh,07-01-2010,15324.63439
3724,Mirzapur,69,9,Uttar Pradesh,07-01-2010,15666.75519
3725,Moradabad,4,9,Uttar Pradesh,07-01-2010,15278.24757
3726,Muzaffarnagar,2,9,Uttar Pradesh,07-01-2010,15147.9146
3727,Rae Bareli,28,9,Uttar Pradesh,07-01-2010,15642.24658
3728,Kushinagar,59,9,Uttar Pradesh,07-01-2010,15260.33789
3729,Lucknow,27,9,Uttar Pradesh,07-01-2010,15530.66757
3730,Lalitpur,37,9,Uttar Pradesh,07-01-2010,15533.75938
3731,Mahrajganj,57,9,Uttar Pradesh,07-01-2010,15172.31512
3732,Mahoba,39,9,Uttar Pradesh,07-01-2010,15770.96435
3733,Mainpuri,18,9,Uttar Pradesh,07-01-2010,15617.03787
3734,Mathura,14,9,Uttar Pradesh,07-01-2010,15497.3661
3735,Mau,62,9,Uttar Pradesh,07-01-2010,15724.43043
3736,Meerut,7,9,Uttar Pradesh,07-01-2010,15176.12231
3737,Pilibhit,21,9,Uttar Pradesh,07-01-2010,15292.39115
3738,Pratapgarh,43,9,Uttar Pradesh,07-01-2010,15638.45054
3739,Rampur,5,9,Uttar Pradesh,07-01-2010,15321.36315
3740,Sant Ravidas Nagar Bhadohi,68,9,Uttar Pradesh,07-01-2010,15828.51645
3741,Sant Kabir Nagar,56,9,Uttar Pradesh,07-01-2010,15444.98175
3742,Shahjahanpur,22,9,Uttar Pradesh,07-01-2010,15419.72642
3743,Shrawasti,51,9,Uttar Pradesh,07-01-2010,15328.77317
3744,Saharanpur,1,9,Uttar Pradesh,07-01-2010,15186.70467
3745,Sitapur,24,9,Uttar Pradesh,07-01-2010,15468.84839
3746,Sultanpur,49,9,Uttar Pradesh,07-01-2010,15626.00592
3747,Sonbhadra,70,9,Uttar Pradesh,07-01-2010,15615.17215
3748,Siddharthnagar,54,9,Uttar Pradesh,07-01-2010,15524.5256
3749,Unnao,26,9,Uttar Pradesh,07-01-2010,15583.79582
3750,Varanasi,67,9,Uttar Pradesh,07-01-2010,15695.4103
3751,Bulandshahr,11,9,Uttar Pradesh,07-01-2010,15308.23246
3752,Gautam Buddha Nagar,10,9,Uttar Pradesh,07-01-2010,15414.19502
3753,Ghaziabad,9,9,Uttar Pradesh,07-01-2010,15247.43084
3754,Araria,7,10,Bihar,07-01-2010,14254.54608
3755,Aurangabad,34,10,Bihar,07-01-2010,15783.13185
3756,Banka,23,10,Bihar,07-01-2010,15526.6696
3757,Bhagalpur,22,10,Bihar,07-01-2010,15441.6625
3758,Begusarai,20,10,Bihar,07-01-2010,15540.32535
3759,Saran,17,10,Bihar,07-01-2010,15106.12165
3760,Katihar,10,10,Bihar,07-01-2010,15231.66542
3761,Darbhanga,13,10,Bihar,07-01-2010,15182.95233
3762,Gopalganj,15,10,Bihar,07-01-2010,15505.72437
3763,Jamui,37,10,Bihar,07-01-2010,15573.01903
3764,Kishanganj,8,10,Bihar,07-01-2010,15132.27462
3765,Muzaffarpur,14,10,Bihar,07-01-2010,15291.50063
3766,Purnia,9,10,Bihar,07-01-2010,15253.05081
3767,Khagaria,21,10,Bihar,07-01-2010,15486.89762
3768,Madhubani,5,10,Bihar,07-01-2010,15038.41337
3769,Lakhisarai,25,10,Bihar,07-01-2010,15625.5697
3770,Madhepura,11,10,Bihar,07-01-2010,15459.27355
3771,Purba Champaran,2,10,Bihar,07-01-2010,15328.50989
3772,Munger,24,10,Bihar,07-01-2010,15535.53546
3773,Nalanda,27,10,Bihar,07-01-2010,15725.85812
3774,Nawada,36,10,Bihar,07-01-2010,15537.27139
3775,Pashchim Champaran,1,10,Bihar,07-01-2010,15060.3712
3776,Patna,28,10,Bihar,07-01-2010,15706.99729
3777,Samastipur,19,10,Bihar,07-01-2010,15483.52778
3778,Sheikhpura,26,10,Bihar,07-01-2010,15673.65447
3779,Sheohar,3,10,Bihar,07-01-2010,15346.1297
3780,Saharsa,12,10,Bihar,07-01-2010,15464.632
3781,Sitamarhi,4,10,Bihar,07-01-2010,13048.16854
3782,Siwan,16,10,Bihar,07-01-2010,15382.7811
3783,Supaul,6,10,Bihar,07-01-2010,15020.30848
3784,Vaishali,18,10,Bihar,07-01-2010,15355.13598
3785,Kaimur (Bhabua),31,10,Bihar,07-01-2010,15585.83215
3786,Gaya,35,10,Bihar,07-01-2010,15724.35719
3787,Bhojpur,29,10,Bihar,07-01-2010,15820.99779
3788,Buxar,30,10,Bihar,07-01-2010,15476.41629
3789,Jehanabad,33,10,Bihar,07-01-2010,15802.21541
3790,Rohtas,32,10,Bihar,07-01-2010,15602.97181
3791,East,4,11,Sikkim,07-01-2010,14109.66346
3792,North,1,11,Sikkim,07-01-2010,14041.60711
3793,South,3,11,Sikkim,07-01-2010,14297.62955
3794,West,2,11,Sikkim,07-01-2010,14310.55989
3795,Changlang,12,12,Arunanchal Pradesh,07-01-2010,15053.471
3796,Dibang Valley,10,12,Arunanchal Pradesh,07-01-2010,14415.0996
3797,East Kameng,3,12,Arunanchal Pradesh,07-01-2010,14484.90291
3798,East Siang,8,12,Arunanchal Pradesh,07-01-2010,15025.05625
3799,Lohit,11,12,Arunanchal Pradesh,07-01-2010,14623.57081
3800,Lower Subansiri,5,12,Arunanchal Pradesh,07-01-2010,14524.42052
3801,Papum Pare,4,12,Arunanchal Pradesh,07-01-2010,14625.91704
3802,Tawang,1,12,Arunanchal Pradesh,07-01-2010,14096.93019
3803,Tirap,13,12,Arunanchal Pradesh,07-01-2010,15063.92631
3804,West Kameng,2,12,Arunanchal Pradesh,07-01-2010,14421.64925
3805,West Siang,7,12,Arunanchal Pradesh,07-01-2010,14550.89356
3806,Upper Siang,9,12,Arunanchal Pradesh,07-01-2010,14482.08912
3807,Upper Subansiri,6,12,Arunanchal Pradesh,07-01-2010,14438.07805
3808,Mokokchung,3,13,Nagaland,07-01-2010,14957.82814
3809,Mon,1,13,Nagaland,07-01-2010,15074.21959
3810,Phek,8,13,Nagaland,07-01-2010,14968.60653
3811,Tuensang,2,13,Nagaland,07-01-2010,14904.62959
3812,Wokha,5,13,Nagaland,07-01-2010,14966.87737
3813,Zunheboto,4,13,Nagaland,07-01-2010,14960.8425
3814,Dimapur,6,13,Nagaland,07-01-2010,15104.04684
3815,Kohima,7,13,Nagaland,07-01-2010,14931.91198
3816,Bishnupur,4,14,Manipur,07-01-2010,15060.8876
3817,Chandel,9,14,Manipur,07-01-2010,15058.86114
3818,Churachandpur,3,14,Manipur,07-01-2010,15009.28411
3819,Imphal East,7,14,Manipur,07-01-2010,15112.04995
3820,Imphal West,6,14,Manipur,07-01-2010,15106.44041
3821,Senapati (Excl. 3 sub-divisions),1,14,Manipur,07-01-2010,14943.45846
3822,Tamenglong,2,14,Manipur,07-01-2010,14999.768
3823,Thoubal,5,14,Manipur,07-01-2010,15118.42128
3824,Ukhrul,8,14,Manipur,07-01-2010,14970.66793
3825,Aizawl,3,15,Mizoram,07-01-2010,15030.80493
3826,Champhai,4,15,Mizoram,07-01-2010,14924.43294
3827,Kolasib,2,15,Mizoram,07-01-2010,15126.50262
3828,Mamit,1,15,Mizoram,07-01-2010,15069.01673
3829,Lunglei,6,15,Mizoram,07-01-2010,14974.56195
3830,Lawngtlai,7,15,Mizoram,07-01-2010,15033.84758
3831,Saiha,8,15,Mizoram,07-01-2010,14986.96458
3832,Serchhip,5,15,Mizoram,07-01-2010,14967.57269
3833,Dhalai,3,16,Tripura,07-01-2010,15075.81137
3834,North Tripura,4,16,Tripura,07-01-2010,15125.66034
3835,South Tripura,2,16,Tripura,07-01-2010,15108.31837
3836,West Tripura,1,16,Tripura,07-01-2010,15163.35813
3837,East Garo Hills,2,17,Meghalaya,07-01-2010,15081.11775
3838,East Khasi Hills,6,17,Meghalaya,07-01-2010,14653.78561
3839,Jaintia Hills,7,17,Meghalaya,07-01-2010,14881.52056
3840,Ri Bhoi,5,17,Meghalaya,07-01-2010,15043.31264
3841,South Garo Hills,3,17,Meghalaya,07-01-2010,15067.20253
3842,West Garo Hills,1,17,Meghalaya,07-01-2010,15107.05066
3843,West Khasi Hills,4,17,Meghalaya,07-01-2010,14999.2292
3844,Barpeta,5,18,Assam,07-01-2010,15005.52684
3845,Bongaigaon,4,18,Assam,07-01-2010,15045.70553
3846,Cachar,21,18,Assam,07-01-2010,15015.06085
3847,Darrang,8,18,Assam,07-01-2010,14952.74525
3848,Dhemaji,13,18,Assam,07-01-2010,15022.55857
3849,Dhubri,2,18,Assam,07-01-2010,15014.40761
3850,Dibrugarh,15,18,Assam,07-01-2010,14901.72015
3851,Kamrup,6,18,Assam,07-01-2010,15044.18325
3852,Karbi Anglong,19,18,Assam,07-01-2010,15024.61854
3853,Goalpara,3,18,Assam,07-01-2010,14945.09218
3854,Golaghat,18,18,Assam,07-01-2010,14989.04363
3855,Hailakandi,23,18,Assam,07-01-2010,15025.9147
3856,Jorhat,17,18,Assam,07-01-2010,14877.97618
3857,Karimganj,22,18,Assam,07-01-2010,15091.79519
3858,Kokrajhar,1,18,Assam,07-01-2010,15030.84563
3859,Lakhimpur,12,18,Assam,07-01-2010,15016.46309
3860,Nagaon,10,18,Assam,07-01-2010,15009.62517
3861,Marigaon,9,18,Assam,07-01-2010,14971.3292
3862,Nalbari,7,18,Assam,07-01-2010,15010.02283
3863,North Cachar Hills,20,18,Assam,07-01-2010,15050.19488
3864,Sonitpur,11,18,Assam,07-01-2010,14989.97094
3865,Sibsagar,16,18,Assam,07-01-2010,15157.24155
3866,Tinsukia,14,18,Assam,07-01-2010,15109.79018
3867,Hugli,12,19,West Bengal,07-01-2010,15104.86261
3868,Barddhaman,9,19,West Bengal,07-01-2010,15126.72543
3869,Birbhum,8,19,West Bengal,07-01-2010,15132.5216
3870,Bankura,13,19,West Bengal,07-01-2010,15246.92138
3871,Dakshin Dinajpur,5,19,West Bengal,07-01-2010,15209.98223
3872,Darjiling,1,19,West Bengal,07-01-2010,14729.71405
3873,Haora,16,19,West Bengal,07-01-2010,15126.3398
3874,Jalpaiguri,2,19,West Bengal,07-01-2010,14833.69436
3875,Koch Bihar,3,19,West Bengal,07-01-2010,15006.34605
3876,Murshidabad,7,19,West Bengal,07-01-2010,15106.40852
3877,Puruliya,14,19,West Bengal,07-01-2010,15335.97968
3878,Kolkata,17,19,West Bengal,07-01-2010,15067.96021
3879,Maldah,6,19,West Bengal,07-01-2010,15177.20527
3880,Nadia,10,19,West Bengal,07-01-2010,15035.78124
3881,North Twenty Four Parganas,11,19,West Bengal,07-01-2010,15105.32762
3882,Medinipur,15,19,West Bengal,07-01-2010,15131.69524
3883,South  Twenty Four Parganas,18,19,West Bengal,07-01-2010,15147.71559
3884,Uttar Dinajpur,4,19,West Bengal,07-01-2010,15244.58405
3885,Bokaro,13,20,Jharkhand,07-01-2010,15291.09806
3886,Deoghar,7,20,Jharkhand,07-01-2010,15577.54861
3887,Dhanbad,12,20,Jharkhand,07-01-2010,15292.99074
3888,Dumka,11,20,Jharkhand,07-01-2010,15309.38208
3889,Giridih,6,20,Jharkhand,07-01-2010,15529.04533
3890,Godda,8,20,Jharkhand,07-01-2010,15443.60313
3891,Gumla,16,20,Jharkhand,07-01-2010,15202.9428
3892,Purbi Singhbhum,18,20,Jharkhand,07-01-2010,15354.54005
3893,Lohardaga,15,20,Jharkhand,07-01-2010,15204.75926
3894,Pakaur,10,20,Jharkhand,07-01-2010,15280.30685
3895,Pashchimi Singhbhum,17,20,Jharkhand,07-01-2010,15256.25755
3896,Ranchi,14,20,Jharkhand,07-01-2010,15255.46965
3897,Sahibganj,9,20,Jharkhand,07-01-2010,15215.58576
3898,Garhwa,1,20,Jharkhand,07-01-2010,15564.93448
3899,Palamu,2,20,Jharkhand,07-01-2010,15426.86481
3900,Chatra,3,20,Jharkhand,07-01-2010,15450.88462
3901,Hazaribagh,4,20,Jharkhand,07-01-2010,15313.5747
3902,Kodarma,5,20,Jharkhand,07-01-2010,15487.92237
3903,Anugul,15,21,Orissa,07-01-2010,15210.05371
3904,Bhadrak,9,21,Orissa,07-01-2010,15201.61868
3905,Baudh,22,21,Orissa,07-01-2010,15286.52886
3906,Balangir,24,21,Orissa,07-01-2010,15267.74771
3907,Baleshwar,8,21,Orissa,07-01-2010,15161.71196
3908,Bargarh,1,21,Orissa,07-01-2010,15090.79834
3909,Kendrapara,10,21,Orissa,07-01-2010,15135.06345
3910,Kendujhar,6,21,Orissa,07-01-2010,15138.29989
3911,Debagarh,4,21,Orissa,07-01-2010,15289.33272
3912,Cuttack,12,21,Orissa,07-01-2010,15124.08297
3913,Dhenkanal,14,21,Orissa,07-01-2010,15177.04566
3914,Kalahandi,26,21,Orissa,07-01-2010,15248.05044
3915,Ganjam,19,21,Orissa,07-01-2010,15108.74004
3916,Gajapati,20,21,Orissa,07-01-2010,15006.252
3917,Jajapur,13,21,Orissa,07-01-2010,15187.92676
3918,Jagatsinghapur,11,21,Orissa,07-01-2010,15118.17032
3919,Jharsuguda,2,21,Orissa,07-01-2010,15106.34669
3920,Khordha,17,21,Orissa,07-01-2010,15101.75864
3921,Mayurbhanj,7,21,Orissa,07-01-2010,15184.94281
3922,Puri,18,21,Orissa,07-01-2010,15138.21233
3923,Koraput,29,21,Orissa,07-01-2010,15061.96887
3924,Malkangiri,30,21,Orissa,07-01-2010,14953.84391
3925,Nabarangapur,28,21,Orissa,07-01-2010,15102.43531
3926,Nayagarh,16,21,Orissa,07-01-2010,15083.37208
3927,Nuapada,25,21,Orissa,07-01-2010,15066.9492
3928,Kandhamal,21,21,Orissa,07-01-2010,15044.56416
3929,Sambalpur,3,21,Orissa,07-01-2010,15145.54036
3930,Rayagada,27,21,Orissa,07-01-2010,15097.42201
3931,Sundargarh,5,21,Orissa,07-01-2010,15240.5559
3932,Sonapur,23,21,Orissa,07-01-2010,15381.4373
3933,Bastar,15,22,Chhattisgarh,07-01-2010,15054.69901
3934,Dantewada,16,22,Chhattisgarh,07-01-2010,15033.63674
3935,Dhamtari,13,22,Chhattisgarh,07-01-2010,15006.94372
3936,Durg,10,22,Chhattisgarh,07-01-2010,14741.39229
3937,Kanker,14,22,Chhattisgarh,07-01-2010,14984.11205
3938,Jashpur,3,22,Chhattisgarh,07-01-2010,15107.09267
3939,Koriya,1,22,Chhattisgarh,07-01-2010,15299.48659
3940,Mahasamund,12,22,Chhattisgarh,07-01-2010,15202.25836
3941,Raigarh,4,22,Chhattisgarh,07-01-2010,15079.64847
3942,Raipur,11,22,Chhattisgarh,07-01-2010,15092.51941
3943,Rajnandgaon,9,22,Chhattisgarh,07-01-2010,14827.73672
3944,Surguja,2,22,Chhattisgarh,07-01-2010,15291.58547
3945,Bilaspur,7,22,Chhattisgarh,07-01-2010,15111.04789
3946,Janjgir - Champa,6,22,Chhattisgarh,07-01-2010,14970.4933
3947,Korba,5,22,Chhattisgarh,07-01-2010,15048.4913
3948,Kawardha,8,22,Chhattisgarh,07-01-2010,15044.80651
3949,Hoshangabad,37,23,Madhya Pradesh,07-01-2010,15643.52983
3950,Indore,26,23,Madhya Pradesh,07-01-2010,15273.82787
3951,Bhind,3,23,Madhya Pradesh,07-01-2010,15625.70463
3952,Bhopal,32,23,Madhya Pradesh,07-01-2010,15408.61948
3953,Barwani,28,23,Madhya Pradesh,07-01-2010,15184.28728
3954,Betul,35,23,Madhya Pradesh,07-01-2010,15188.50957
3955,Balaghat,45,23,Madhya Pradesh,07-01-2010,15049.28316
3956,Chhatarpur,9,23,Madhya Pradesh,07-01-2010,15683.91263
3957,Chhindwara,43,23,Madhya Pradesh,07-01-2010,15327.54517
3958,Dewas,23,23,Madhya Pradesh,07-01-2010,15291.33466
3959,Katni,38,23,Madhya Pradesh,07-01-2010,15528.07394
3960,Datia,5,23,Madhya Pradesh,07-01-2010,15638.32516
3961,Damoh,12,23,Madhya Pradesh,07-01-2010,15567.6704
3962,Dhar,25,23,Madhya Pradesh,07-01-2010,15291.75368
3963,East Nimar,29,23,Madhya Pradesh,07-01-2010,15247.51046
3964,Guna,7,23,Madhya Pradesh,07-01-2010,15498.55746
3965,Gwalior,4,23,Madhya Pradesh,07-01-2010,15622.96616
3966,Harda,36,23,Madhya Pradesh,07-01-2010,15507.65132
3967,Jabalpur,39,23,Madhya Pradesh,07-01-2010,15543.63547
3968,Jhabua,24,23,Madhya Pradesh,07-01-2010,15233.61012
3969,Mandsaur,19,23,Madhya Pradesh,07-01-2010,15482.72234
3970,Tikamgarh,8,23,Madhya Pradesh,07-01-2010,15615.31739
3971,Narsimhapur,40,23,Madhya Pradesh,07-01-2010,15572.24282
3972,Neemuch,18,23,Madhya Pradesh,07-01-2010,15534.53393
3973,Panna,10,23,Madhya Pradesh,07-01-2010,15597.82439
3974,Raisen,34,23,Madhya Pradesh,07-01-2010,15468.97424
3975,Rajgarh,30,23,Madhya Pradesh,07-01-2010,15565.6299
3976,Satna,13,23,Madhya Pradesh,07-01-2010,15601.8683
3977,Sehore,33,23,Madhya Pradesh,07-01-2010,15445.2147
3978,Seoni,44,23,Madhya Pradesh,07-01-2010,15431.96858
3979,Shajapur,22,23,Madhya Pradesh,07-01-2010,15466.16526
3980,Shivpuri,6,23,Madhya Pradesh,07-01-2010,15551.77456
3981,Ratlam,20,23,Madhya Pradesh,07-01-2010,15485.17403
3982,Rewa,14,23,Madhya Pradesh,07-01-2010,15642.26391
3983,Sagar,11,23,Madhya Pradesh,07-01-2010,15505.10315
3984,Sidhi,17,23,Madhya Pradesh,07-01-2010,15605.48222
3985,Ujjain,21,23,Madhya Pradesh,07-01-2010,15493.47146
3986,Vidisha,31,23,Madhya Pradesh,07-01-2010,15447.39175
3987,West Nimar,27,23,Madhya Pradesh,07-01-2010,15275.08729
3988,Morena,2,23,Madhya Pradesh,07-01-2010,15611.31431
3989,Sheopur,1,23,Madhya Pradesh,07-01-2010,15563.44332
3990,Dindori,41,23,Madhya Pradesh,07-01-2010,15248.49589
3991,Mandla,42,23,Madhya Pradesh,07-01-2010,15341.06049
3992,Shahdol,16,23,Madhya Pradesh,07-01-2010,15375.48581
3993,Umaria,15,23,Madhya Pradesh,07-01-2010,15385.72529
3994,Anand,15,24,Gujarat,07-01-2010,15160.83488
3995,Ahmadabad,7,24,Gujarat,07-01-2010,15321.72105
3996,Amreli,13,24,Gujarat,07-01-2010,15309.55613
3997,Bhavnagar,14,24,Gujarat,07-01-2010,15389.64627
3998,Banas Kantha,2,24,Gujarat,07-01-2010,15470.98859
3999,Dohad,18,24,Gujarat,07-01-2010,15115.54576
4000,Junagadh,12,24,Gujarat,07-01-2010,15137.01402
4001,Kachchh,1,24,Gujarat,07-01-2010,15300.6881
4002,Gandhinagar,6,24,Gujarat,07-01-2010,15169.74216
4003,Jamnagar,10,24,Gujarat,07-01-2010,15099.57785
4004,Kheda,16,24,Gujarat,07-01-2010,15120.91068
4005,Mahesana,4,24,Gujarat,07-01-2010,15349.83196
4006,Narmada,20,24,Gujarat,07-01-2010,15081.12617
4007,Navsari,24,24,Gujarat,07-01-2010,14878.15871
4008,Panch Mahals,17,24,Gujarat,07-01-2010,15145.87354
4009,Patan,3,24,Gujarat,07-01-2010,15306.94664
4010,Porbandar,11,24,Gujarat,07-01-2010,15088.63206
4011,Rajkot,9,24,Gujarat,07-01-2010,15137.97784
4012,Sabar Kantha,5,24,Gujarat,07-01-2010,15246.33315
4013,Surendranagar,8,24,Gujarat,07-01-2010,15272.27626
4014,The Dangs,23,24,Gujarat,07-01-2010,14962.25015
4015,Vadodara,19,24,Gujarat,07-01-2010,15153.19013
4016,Valsad,25,24,Gujarat,07-01-2010,14979.76753
4017,Bharuch,21,24,Gujarat,07-01-2010,15154.40821
4018,Surat,22,24,Gujarat,07-01-2010,15041.03736
4019,Daman,2,25,Daman & Diu,07-01-2010,15044.78599
4020,Diu,1,25,Daman & Diu,07-01-2010,15317.38611
4021,Hingoli,16,27,Maharashtra,07-01-2010,15312.49532
4022,Aurangabad,19,27,Maharashtra,07-01-2010,15211.69817
4023,Ahmadnagar,26,27,Maharashtra,07-01-2010,15276.90102
4024,Akola,5,27,Maharashtra,07-01-2010,15223.61793
4025,Amravati,7,27,Maharashtra,07-01-2010,15270.05039
4026,Bid,27,27,Maharashtra,07-01-2010,15142.32414
4027,Bhandara,10,27,Maharashtra,07-01-2010,14969.66178
4028,Buldana,4,27,Maharashtra,07-01-2010,15265.7898
4029,Chandrapur,13,27,Maharashtra,07-01-2010,15046.48834
4030,Dhule,2,27,Maharashtra,07-01-2010,15251.23486
4031,Gadchiroli,12,27,Maharashtra,07-01-2010,14946.47858
4032,Gondiya,11,27,Maharashtra,07-01-2010,14995.00699
4033,Jalgaon,3,27,Maharashtra,07-01-2010,15188.91834
4034,Jalna,18,27,Maharashtra,07-01-2010,15212.24203
4035,Kolhapur,34,27,Maharashtra,07-01-2010,15002.40374
4036,Latur,28,27,Maharashtra,07-01-2010,15240.41448
4037,Pune,25,27,Maharashtra,07-01-2010,15248.08975
4038,Nagpur,9,27,Maharashtra,07-01-2010,15058.69991
4039,Mumbai,23,27,Maharashtra,07-01-2010,13715.44184
4040,Mumbai (Suburban),22,27,Maharashtra,07-01-2010,14858.88721
4041,Nanded,15,27,Maharashtra,07-01-2010,15439.59005
4042,Nandurbar,1,27,Maharashtra,07-01-2010,15115.79728
4043,Nashik,20,27,Maharashtra,07-01-2010,15260.27199
4044,Osmanabad,29,27,Maharashtra,07-01-2010,15151.139
4045,Parbhani,17,27,Maharashtra,07-01-2010,15452.52267
4046,Sangli,35,27,Maharashtra,07-01-2010,15465.20919
4047,Satara,31,27,Maharashtra,07-01-2010,15273.23667
4048,Ratnagiri,32,27,Maharashtra,07-01-2010,14996.29474
4049,Raigarh,24,27,Maharashtra,07-01-2010,14987.70948
4050,Thane,21,27,Maharashtra,07-01-2010,14990.02666
4051,Solapur,30,27,Maharashtra,07-01-2010,15279.44249
4052,Sindhudurg,33,27,Maharashtra,07-01-2010,14932.07655
4053,Wardha,8,27,Maharashtra,07-01-2010,15032.79984
4054,Washim,6,27,Maharashtra,07-01-2010,15201.61654
4055,Yavatmal,14,27,Maharashtra,07-01-2010,15061.74511
4056,Hyderabad,5,28,Andhra Pradesh,07-01-2010,15330.24009
4057,Anantapur,22,28,Andhra Pradesh,07-01-2010,15368.34154
4058,Adilabad,1,28,Andhra Pradesh,07-01-2010,15256.32187
4059,Chittoor,23,28,Andhra Pradesh,07-01-2010,15220.46024
4060,Cuddapah,20,28,Andhra Pradesh,07-01-2010,15339.36442
4061,East Godavari,14,28,Andhra Pradesh,07-01-2010,15014.26065
4062,Karimnagar,3,28,Andhra Pradesh,07-01-2010,15114.33795
4063,Guntur,17,28,Andhra Pradesh,07-01-2010,15166.20201
4064,Khammam,10,28,Andhra Pradesh,07-01-2010,15048.60395
4065,Medak,4,28,Andhra Pradesh,07-01-2010,15294.63475
4066,Krishna,16,28,Andhra Pradesh,07-01-2010,15106.92369
4067,Kurnool,21,28,Andhra Pradesh,07-01-2010,15407.47458
4068,Mahbubnagar,7,28,Andhra Pradesh,07-01-2010,15296.06226
4069,Nalgonda,8,28,Andhra Pradesh,07-01-2010,15260.14853
4070,Nellore,19,28,Andhra Pradesh,07-01-2010,15300.70021
4071,Nizamabad,2,28,Andhra Pradesh,07-01-2010,15179.34634
4072,Prakasam,18,28,Andhra Pradesh,07-01-2010,15180.05885
4073,Rangareddi,6,28,Andhra Pradesh,07-01-2010,15203.34432
4074,Srikakulam,11,28,Andhra Pradesh,07-01-2010,15132.89146
4075,West Godavari,15,28,Andhra Pradesh,07-01-2010,14974.08098
4076,Visakhapatnam,13,28,Andhra Pradesh,07-01-2010,15101.76888
4077,Vizianagaram,12,28,Andhra Pradesh,07-01-2010,15113.8272
4078,Warangal,9,28,Andhra Pradesh,07-01-2010,15131.99027
4079,Hassan,23,29,Karnataka,07-01-2010,14914.95731
4080,Haveri,11,29,Karnataka,07-01-2010,15062.48196
4081,Bagalkot,2,29,Karnataka,07-01-2010,15453.75714
4082,Bangalore,20,29,Karnataka,07-01-2010,15101.83239
4083,Bidar,5,29,Karnataka,07-01-2010,15316.90601
4084,Bijapur,3,29,Karnataka,07-01-2010,15524.87411
4085,Belgaum,1,29,Karnataka,07-01-2010,15319.78487
4086,Bellary,12,29,Karnataka,07-01-2010,15403.71956
4087,Bangalore Rural,21,29,Karnataka,07-01-2010,15050.31915
4088,Chamarajanagar,27,29,Karnataka,07-01-2010,15145.12055
4089,Chikmagalur,17,29,Karnataka,07-01-2010,14797.80069
4090,Chitradurga,13,29,Karnataka,07-01-2010,15127.86191
4091,Dakshina Kannada,24,29,Karnataka,07-01-2010,14974.5168
4092,Davanagere,14,29,Karnataka,07-01-2010,15262.54438
4093,Dharwad,9,29,Karnataka,07-01-2010,15305.78052
4094,Gulbarga,4,29,Karnataka,07-01-2010,15519.75149
4095,Gadag,8,29,Karnataka,07-01-2010,15488.1612
4096,Kodagu,25,29,Karnataka,07-01-2010,14827.10297
4097,Kolar,19,29,Karnataka,07-01-2010,15185.72202
4098,Mandya,22,29,Karnataka,07-01-2010,15023.71076
4099,Koppal,7,29,Karnataka,07-01-2010,15494.12107
4100,Mysore,26,29,Karnataka,07-01-2010,15032.52524
4101,Raichur,6,29,Karnataka,07-01-2010,15535.4739
4102,Shimoga,15,29,Karnataka,07-01-2010,14859.53683
4103,Tumkur,18,29,Karnataka,07-01-2010,15192.76489
4104,Udupi,16,29,Karnataka,07-01-2010,15003.10514
4105,Uttara Kannada,10,29,Karnataka,07-01-2010,14932.11848
4106,North Goa,1,30,Goa,07-01-2010,15092.97697
4107,South Goa,2,30,Goa,07-01-2010,15067.90514
4108,Idukki,9,32,Kerala,07-01-2010,14914.50578
4109,Alappuzha,11,32,Kerala,07-01-2010,15057.13837
4110,Kasaragod,1,32,Kerala,07-01-2010,14997.18233
4111,Kannur,2,32,Kerala,07-01-2010,14798.31432
4112,Ernakulam,8,32,Kerala,07-01-2010,15076.72755
4113,Kollam,13,32,Kerala,07-01-2010,15091.19551
4114,Kottayam,10,32,Kerala,07-01-2010,15139.37222
4115,Kozhikode,4,32,Kerala,07-01-2010,15012.33295
4116,Malappuram,5,32,Kerala,07-01-2010,14991.61926
4117,Palakkad,6,32,Kerala,07-01-2010,14975.67341
4118,Pathanamthitta,12,32,Kerala,07-01-2010,15038.11258
4119,Thrissur,7,32,Kerala,07-01-2010,14991.17931
4120,Thiruvananthapuram,14,32,Kerala,07-01-2010,15081.2709
4121,Wayanad,3,32,Kerala,07-01-2010,14862.76389
4122,Ariyalur,17,33,Tamil Nadu,07-01-2010,15634.85792
4123,Coimbatore,12,33,Tamil Nadu,07-01-2010,15348.16818
4124,Cuddalore,18,33,Tamil Nadu,07-01-2010,15565.7063
4125,Dharmapuri,5,33,Tamil Nadu,07-01-2010,15214.61796
4126,Dindigul,13,33,Tamil Nadu,07-01-2010,15335.10489
4127,Erode,10,33,Tamil Nadu,07-01-2010,15427.40431
4128,Kanniyakumari,30,33,Tamil Nadu,07-01-2010,15072.01532
4129,Karur,14,33,Tamil Nadu,07-01-2010,15530.47746
4130,Madurai,24,33,Tamil Nadu,07-01-2010,15631.15222
4131,Namakkal,9,33,Tamil Nadu,07-01-2010,15309.99036
4132,The Nilgiris,11,33,Tamil Nadu,07-01-2010,14811.1528
4133,Perambalur,16,33,Tamil Nadu,07-01-2010,15663.35449
4134,Pudukkottai,22,33,Tamil Nadu,07-01-2010,15575.84572
4135,Ramanathapuram,27,33,Tamil Nadu,07-01-2010,15718.27869
4136,Salem,8,33,Tamil Nadu,07-01-2010,15278.1854
4137,Sivaganga,23,33,Tamil Nadu,07-01-2010,15592.88524
4138,Tiruchirappalli,15,33,Tamil Nadu,07-01-2010,15489.02538
4139,Tirunelveli,29,33,Tamil Nadu,07-01-2010,15541.10941
4140,Tiruvannamalai,6,33,Tamil Nadu,07-01-2010,15329.82316
4141,Thoothukkudi,28,33,Tamil Nadu,07-01-2010,15784.91619
4142,Theni,25,33,Tamil Nadu,07-01-2010,15214.87728
4143,Vellore,4,33,Tamil Nadu,07-01-2010,15153.8167
4144,Viluppuram,7,33,Tamil Nadu,07-01-2010,15471.99267
4145,Virudhunagar,26,33,Tamil Nadu,07-01-2010,15767.54031
4146,Chennai,2,33,Tamil Nadu,07-01-2010,15086.73001
4147,Kancheepuram,3,33,Tamil Nadu,07-01-2010,15309.08697
4148,Thiruvallur,1,33,Tamil Nadu,07-01-2010,15194.41489
4149,Thanjavur,21,33,Tamil Nadu,07-01-2010,15492.39333
4150,Thiruvarur,20,33,Tamil Nadu,07-01-2010,15503.77962
4151,Nagapattinam,19,33,Tamil Nadu,07-01-2010,15451.39383
4152,Pondicherry,2,34,Puducherry,07-01-2010,15370.29974
4153,Yanam,1,34,Puducherry,07-01-2010,15125.82432
4154,Karaikal,4,34,Puducherry,07-01-2010,15453.16832
4155,Mahe,3,34,Puducherry,07-01-2010,14828.7763
4156,Nicobars,2,35,Andaman & Nicobar Island,07-01-2010,14936.56388
4157,Andamans,1,35,Andaman & Nicobar Island,07-01-2010,15023.89355
4158,Lakshadweep,1,31,Lakshadweep,08-01-2010,14978.02463
4159,Chandigarh,1,4,Chandigarh,08-01-2010,15150.45913
4160,Dadra & Nagar Haveli,1,26,Dadara & Nagar Havelli,08-01-2010,15067.51725
4161,North Goa,1,30,Goa,08-01-2010,15020.69646
4162,South Goa,2,30,Goa,08-01-2010,15006.95239
4163,Jorhat,17,18,Assam,08-01-2010,15063.04356
4164,Karimganj,22,18,Assam,08-01-2010,15061.63051
4165,Kokrajhar,1,18,Assam,08-01-2010,15197.46279
4166,Lakhimpur,12,18,Assam,08-01-2010,15038.19716
4167,Nagaon,10,18,Assam,08-01-2010,15118.96689
4168,Marigaon,9,18,Assam,08-01-2010,15006.31005
4169,Nalbari,7,18,Assam,08-01-2010,15070.7315
4170,North Cachar Hills,20,18,Assam,08-01-2010,15015.78335
4171,Sonitpur,11,18,Assam,08-01-2010,14991.17223
4172,Sibsagar,16,18,Assam,08-01-2010,15123.50394
4173,Tinsukia,14,18,Assam,08-01-2010,15151.23418
4174,Barpeta,5,18,Assam,08-01-2010,15091.85555
4175,Bongaigaon,4,18,Assam,08-01-2010,15155.29067
4176,Cachar,21,18,Assam,08-01-2010,15070.70777
4177,Darrang,8,18,Assam,08-01-2010,15009.15661
4178,Dhemaji,13,18,Assam,08-01-2010,15098.91668
4179,Dhubri,2,18,Assam,08-01-2010,15096.4387
4180,Dibrugarh,15,18,Assam,08-01-2010,15025.6192
4181,Kamrup,6,18,Assam,08-01-2010,15085.53199
4182,Karbi Anglong,19,18,Assam,08-01-2010,15026.16871
4183,Goalpara,3,18,Assam,08-01-2010,15089.43839
4184,Golaghat,18,18,Assam,08-01-2010,15099.00456
4185,Hailakandi,23,18,Assam,08-01-2010,15050.21611
4186,Jamui,37,10,Bihar,08-01-2010,15454.98937
4187,Kishanganj,8,10,Bihar,08-01-2010,15357.8815
4188,Muzaffarpur,14,10,Bihar,08-01-2010,15244.52182
4189,Purnia,9,10,Bihar,08-01-2010,15282.0681
4190,Khagaria,21,10,Bihar,08-01-2010,15259.55627
4191,Madhubani,5,10,Bihar,08-01-2010,15321.55454
4192,Lakhisarai,25,10,Bihar,08-01-2010,15489.87318
4193,Madhepura,11,10,Bihar,08-01-2010,15343.80038
4194,Purba Champaran,2,10,Bihar,08-01-2010,15132.40738
4195,Munger,24,10,Bihar,08-01-2010,15349.8895
4196,Nalanda,27,10,Bihar,08-01-2010,15446.06748
4197,Nawada,36,10,Bihar,08-01-2010,15357.50711
4198,Pashchim Champaran,1,10,Bihar,08-01-2010,15044.09565
4199,Patna,28,10,Bihar,08-01-2010,15331.46396
4200,Samastipur,19,10,Bihar,08-01-2010,15256.08352
4201,Sheikhpura,26,10,Bihar,08-01-2010,15499.02266
4202,Saharsa,12,10,Bihar,08-01-2010,15137.22439
4203,Sitamarhi,4,10,Bihar,08-01-2010,15407.90974
4204,Siwan,16,10,Bihar,08-01-2010,15148.71393
4205,Supaul,6,10,Bihar,08-01-2010,15168.95785
4206,Vaishali,18,10,Bihar,08-01-2010,15232.32106
4207,Kaimur (Bhabua),31,10,Bihar,08-01-2010,15118.49928
4208,Gaya,35,10,Bihar,08-01-2010,15332.24014
4209,Bhojpur,29,10,Bihar,08-01-2010,15293.92009
4210,Buxar,30,10,Bihar,08-01-2010,15242.15398
4211,Jehanabad,33,10,Bihar,08-01-2010,15563.09438
4212,Rohtas,32,10,Bihar,08-01-2010,15158.58491
4213,Araria,7,10,Bihar,08-01-2010,15217.13583
4214,Aurangabad,34,10,Bihar,08-01-2010,15254.10607
4215,Banka,23,10,Bihar,08-01-2010,15472.79882
4216,Bhagalpur,22,10,Bihar,08-01-2010,15253.19622
4217,Begusarai,20,10,Bihar,08-01-2010,15263.49914
4218,Saran,17,10,Bihar,08-01-2010,15203.5781
4219,Katihar,10,10,Bihar,08-01-2010,15096.5713
4220,Darbhanga,13,10,Bihar,08-01-2010,15190.03461
4221,Gopalganj,15,10,Bihar,08-01-2010,15102.58136
4222,Kollam,13,32,Kerala,08-01-2010,14995.72988
4223,Kottayam,10,32,Kerala,08-01-2010,15085.82616
4224,Kozhikode,4,32,Kerala,08-01-2010,15050.41092
4225,Malappuram,5,32,Kerala,08-01-2010,15046.67749
4226,Palakkad,6,32,Kerala,08-01-2010,14966.25909
4227,Pathanamthitta,12,32,Kerala,08-01-2010,15003.85726
4228,Idukki,9,32,Kerala,08-01-2010,14804.00598
4229,Thrissur,7,32,Kerala,08-01-2010,14987.42341
4230,Thiruvananthapuram,14,32,Kerala,08-01-2010,15010.25212
4231,Wayanad,3,32,Kerala,08-01-2010,14919.10046
4232,Alappuzha,11,32,Kerala,08-01-2010,15039.82439
4233,Kasaragod,1,32,Kerala,08-01-2010,15052.2563
4234,Kannur,2,32,Kerala,08-01-2010,15020.35777
4235,Ernakulam,8,32,Kerala,08-01-2010,15054.30944
4236,Jajapur,13,21,Orissa,08-01-2010,15177.55472
4237,Jagatsinghapur,11,21,Orissa,08-01-2010,15151.38223
4238,Jharsuguda,2,21,Orissa,08-01-2010,15029.5221
4239,Khordha,17,21,Orissa,08-01-2010,15180.41178
4240,Mayurbhanj,7,21,Orissa,08-01-2010,15188.57783
4241,Puri,18,21,Orissa,08-01-2010,15219.7992
4242,Koraput,29,21,Orissa,08-01-2010,15115.43895
4243,Malkangiri,30,21,Orissa,08-01-2010,15130.99137
4244,Nabarangapur,28,21,Orissa,08-01-2010,15076.8804
4245,Nayagarh,16,21,Orissa,08-01-2010,15142.71332
4246,Nuapada,25,21,Orissa,08-01-2010,15022.04741
4247,Kandhamal,21,21,Orissa,08-01-2010,15014.55089
4248,Sambalpur,3,21,Orissa,08-01-2010,14964.96275
4249,Rayagada,27,21,Orissa,08-01-2010,15115.74052
4250,Sundargarh,5,21,Orissa,08-01-2010,15065.87782
4251,Sonapur,23,21,Orissa,08-01-2010,15057.86858
4252,Anugul,15,21,Orissa,08-01-2010,15093.49586
4253,Bhadrak,9,21,Orissa,08-01-2010,15124.22427
4254,Baudh,22,21,Orissa,08-01-2010,15056.65603
4255,Balangir,24,21,Orissa,08-01-2010,15091.35945
4256,Baleshwar,8,21,Orissa,08-01-2010,15185.21452
4257,Bargarh,1,21,Orissa,08-01-2010,15003.06311
4258,Kendrapara,10,21,Orissa,08-01-2010,15159.75821
4259,Kendujhar,6,21,Orissa,08-01-2010,15178.52025
4260,Debagarh,4,21,Orissa,08-01-2010,15057.76703
4261,Cuttack,12,21,Orissa,08-01-2010,15174.22912
4262,Dhenkanal,14,21,Orissa,08-01-2010,15206.83072
4263,Kalahandi,26,21,Orissa,08-01-2010,15108.98684
4264,Ganjam,19,21,Orissa,08-01-2010,15164.75681
4265,Gajapati,20,21,Orissa,08-01-2010,15077.33752
4266,Jalandhar,4,3,Punjab,08-01-2010,15036.6422
4267,Kapurthala,3,3,Punjab,08-01-2010,15021.9942
4268,Ludhiana,9,3,Punjab,08-01-2010,15092.65121
4269,Mansa,15,3,Punjab,08-01-2010,15208.95194
4270,Moga,10,3,Punjab,08-01-2010,15069.17996
4271,Muktsar,12,3,Punjab,08-01-2010,15127.68635
4272,Nawanshahr,6,3,Punjab,08-01-2010,15087.23931
4273,Patiala,17,3,Punjab,08-01-2010,15080.6279
4274,Sangrur,16,3,Punjab,08-01-2010,15096.47801
4275,Hoshiarpur,5,3,Punjab,08-01-2010,15067.38556
4276,Rupnagar,7,3,Punjab,08-01-2010,15086.01963
4277,Amritsar,2,3,Punjab,08-01-2010,15031.78595
4278,Firozpur,11,3,Punjab,08-01-2010,15111.32575
4279,Bathinda,14,3,Punjab,08-01-2010,15192.40948
4280,Gurdaspur,1,3,Punjab,08-01-2010,15039.32469
4281,Faridkot,13,3,Punjab,08-01-2010,15104.01198
4282,Fatehgarh Sahib,8,3,Punjab,08-01-2010,15086.62944
4283,North,1,11,Sikkim,08-01-2010,14021.05373
4284,South,3,11,Sikkim,08-01-2010,14831.369
4285,West,2,11,Sikkim,08-01-2010,14565.29891
4286,East,4,11,Sikkim,08-01-2010,14719.46853
4287,Jamnagar,10,24,Gujarat,08-01-2010,15084.34212
4288,Kheda,16,24,Gujarat,08-01-2010,15101.82104
4289,Mahesana,4,24,Gujarat,08-01-2010,15182.76567
4290,Narmada,20,24,Gujarat,08-01-2010,15063.36466
4291,Navsari,24,24,Gujarat,08-01-2010,15049.07045
4292,Panch Mahals,17,24,Gujarat,08-01-2010,15041.06784
4293,Patan,3,24,Gujarat,08-01-2010,15212.33683
4294,Porbandar,11,24,Gujarat,08-01-2010,15096.6217
4295,Rajkot,9,24,Gujarat,08-01-2010,15169.20412
4296,Sabar Kantha,5,24,Gujarat,08-01-2010,15048.98743
4297,Surendranagar,8,24,Gujarat,08-01-2010,15249.19073
4298,The Dangs,23,24,Gujarat,08-01-2010,14967.20663
4299,Vadodara,19,24,Gujarat,08-01-2010,15044.31148
4300,Valsad,25,24,Gujarat,08-01-2010,15023.68015
4301,Bharuch,21,24,Gujarat,08-01-2010,15120.42225
4302,Surat,22,24,Gujarat,08-01-2010,15078.19347
4303,Anand,15,24,Gujarat,08-01-2010,15072.3509
4304,Ahmadabad,7,24,Gujarat,08-01-2010,15184.09351
4305,Amreli,13,24,Gujarat,08-01-2010,15235.43987
4306,Bhavnagar,14,24,Gujarat,08-01-2010,15245.24701
4307,Banas Kantha,2,24,Gujarat,08-01-2010,15110.25109
4308,Dohad,18,24,Gujarat,08-01-2010,15026.83361
4309,Junagadh,12,24,Gujarat,08-01-2010,15084.98836
4310,Kachchh,1,24,Gujarat,08-01-2010,15194.50167
4311,Gandhinagar,6,24,Gujarat,08-01-2010,15163.87937
4312,Jind,9,6,Haryana,08-01-2010,15178.28681
4313,Kaithal,5,6,Haryana,08-01-2010,15094.38684
4314,Karnal,6,6,Haryana,08-01-2010,15088.06419
4315,Kurukshetra,4,6,Haryana,08-01-2010,15063.48582
4316,Panchkula,1,6,Haryana,08-01-2010,15068.95724
4317,Panipat,7,6,Haryana,08-01-2010,15187.64794
4318,Hisar,12,6,Haryana,08-01-2010,15343.90628
4319,Rohtak,14,6,Haryana,08-01-2010,15345.44589
4320,Sirsa,11,6,Haryana,08-01-2010,15320.5217
4321,Sonipat,8,6,Haryana,08-01-2010,15299.57467
4322,Yamunanagar,3,6,Haryana,08-01-2010,15097.86991
4323,Jhajjar,15,6,Haryana,08-01-2010,15411.05906
4324,Mahendragarh,16,6,Haryana,08-01-2010,15401.99412
4325,Rewari,17,6,Haryana,08-01-2010,15541.02366
4326,Bhiwani,13,6,Haryana,08-01-2010,15471.64803
4327,Ambala,2,6,Haryana,08-01-2010,15087.21606
4328,Gurgaon,18,6,Haryana,08-01-2010,15376.03325
4329,Faridabad,19,6,Haryana,08-01-2010,15210.07541
4330,Fatehabad,10,6,Haryana,08-01-2010,15210.32264
4331,Imphal East,7,14,Manipur,08-01-2010,15042.69975
4332,Imphal West,6,14,Manipur,08-01-2010,15125.31797
4333,Senapati (Excl. 3 sub-divisions),1,14,Manipur,08-01-2010,14856.4352
4334,Tamenglong,2,14,Manipur,08-01-2010,14937.33774
4335,Thoubal,5,14,Manipur,08-01-2010,14977.25356
4336,Ukhrul,8,14,Manipur,08-01-2010,14918.47994
4337,Bishnupur,4,14,Manipur,08-01-2010,14978.91312
4338,Chandel,9,14,Manipur,08-01-2010,14988.45866
4339,Churachandpur,3,14,Manipur,08-01-2010,14940.52676
4340,Kolasib,2,15,Mizoram,08-01-2010,15021.54947
4341,Mamit,1,15,Mizoram,08-01-2010,14990.67246
4342,Lunglei,6,15,Mizoram,08-01-2010,14977.80692
4343,Lawngtlai,7,15,Mizoram,08-01-2010,14999.81396
4344,Saiha,8,15,Mizoram,08-01-2010,14924.79594
4345,Serchhip,5,15,Mizoram,08-01-2010,14917.07919
4346,Aizawl,3,15,Mizoram,08-01-2010,14984.20481
4347,Champhai,4,15,Mizoram,08-01-2010,14892.96035
4348,North Tripura,4,16,Tripura,08-01-2010,15070.74534
4349,South Tripura,2,16,Tripura,08-01-2010,15069.94315
4350,West Tripura,1,16,Tripura,08-01-2010,15081.31788
4351,Dhalai,3,16,Tripura,08-01-2010,15061.41089
4352,Mokokchung,3,13,Nagaland,08-01-2010,15001.57255
4353,Mon,1,13,Nagaland,08-01-2010,15021.59605
4354,Phek,8,13,Nagaland,08-01-2010,14856.25485
4355,Tuensang,2,13,Nagaland,08-01-2010,14839.81037
4356,Wokha,5,13,Nagaland,08-01-2010,15019.84261
4357,Zunheboto,4,13,Nagaland,08-01-2010,14884.37826
4358,Dimapur,6,13,Nagaland,08-01-2010,15097.92616
4359,Kohima,7,13,Nagaland,08-01-2010,14942.2873
4360,Purbi Singhbhum,18,20,Jharkhand,08-01-2010,15291.23375
4361,Lohardaga,15,20,Jharkhand,08-01-2010,15189.06865
4362,Pakaur,10,20,Jharkhand,08-01-2010,15321.6855
4363,Pashchimi Singhbhum,17,20,Jharkhand,08-01-2010,15253.4796
4364,Ranchi,14,20,Jharkhand,08-01-2010,15265.06463
4365,Sahibganj,9,20,Jharkhand,08-01-2010,15213.332
4366,Garhwa,1,20,Jharkhand,08-01-2010,15147.66204
4367,Palamu,2,20,Jharkhand,08-01-2010,15248.29611
4368,Chatra,3,20,Jharkhand,08-01-2010,15305.6094
4369,Hazaribagh,4,20,Jharkhand,08-01-2010,15263.25999
4370,Kodarma,5,20,Jharkhand,08-01-2010,15321.43426
4371,Bokaro,13,20,Jharkhand,08-01-2010,15210.12629
4372,Deoghar,7,20,Jharkhand,08-01-2010,15437.43043
4373,Dhanbad,12,20,Jharkhand,08-01-2010,15298.65011
4374,Dumka,11,20,Jharkhand,08-01-2010,15353.79814
4375,Giridih,6,20,Jharkhand,08-01-2010,15412.44693
4376,Godda,8,20,Jharkhand,08-01-2010,15355.52866
4377,Gumla,16,20,Jharkhand,08-01-2010,15205.3687
4378,Kodagu,25,29,Karnataka,08-01-2010,14898.48339
4379,Kolar,19,29,Karnataka,08-01-2010,15232.71542
4380,Mandya,22,29,Karnataka,08-01-2010,15218.04304
4381,Koppal,7,29,Karnataka,08-01-2010,15250.78389
4382,Mysore,26,29,Karnataka,08-01-2010,15106.63048
4383,Raichur,6,29,Karnataka,08-01-2010,15352.18902
4384,Hassan,23,29,Karnataka,08-01-2010,15067.27936
4385,Haveri,11,29,Karnataka,08-01-2010,15070.36028
4386,Shimoga,15,29,Karnataka,08-01-2010,14933.65682
4387,Tumkur,18,29,Karnataka,08-01-2010,15170.22034
4388,Udupi,16,29,Karnataka,08-01-2010,15058.44671
4389,Uttara Kannada,10,29,Karnataka,08-01-2010,14953.20876
4390,Bagalkot,2,29,Karnataka,08-01-2010,15310.85388
4391,Bangalore,20,29,Karnataka,08-01-2010,15173.10265
4392,Bidar,5,29,Karnataka,08-01-2010,15155.89569
4393,Bijapur,3,29,Karnataka,08-01-2010,15404.92568
4394,Belgaum,1,29,Karnataka,08-01-2010,15165.39459
4395,Bellary,12,29,Karnataka,08-01-2010,15299.81138
4396,Bangalore Rural,21,29,Karnataka,08-01-2010,15171.35147
4397,Chamarajanagar,27,29,Karnataka,08-01-2010,15209.29581
4398,Chikmagalur,17,29,Karnataka,08-01-2010,15017.02955
4399,Chitradurga,13,29,Karnataka,08-01-2010,15193.55742
4400,Dakshina Kannada,24,29,Karnataka,08-01-2010,15042.97334
4401,Davanagere,14,29,Karnataka,08-01-2010,15005.83151
4402,Dharwad,9,29,Karnataka,08-01-2010,15188.83596
4403,Gulbarga,4,29,Karnataka,08-01-2010,15347.59543
4404,Gadag,8,29,Karnataka,08-01-2010,15295.18555
4405,Jaintia Hills,7,17,Meghalaya,08-01-2010,14942.67864
4406,Ri Bhoi,5,17,Meghalaya,08-01-2010,15009.70616
4407,South Garo Hills,3,17,Meghalaya,08-01-2010,15044.15524
4408,West Garo Hills,1,17,Meghalaya,08-01-2010,15075.53087
4409,West Khasi Hills,4,17,Meghalaya,08-01-2010,14939.13734
4410,East Garo Hills,2,17,Meghalaya,08-01-2010,15048.69563
4411,East Khasi Hills,6,17,Meghalaya,08-01-2010,14932.13595
4412,Jaipur,12,8,Rajasthan,08-01-2010,15222.17334
4413,Jaisalmer,16,8,Rajasthan,08-01-2010,15762.84111
4414,Jalor,18,8,Rajasthan,08-01-2010,15447.08847
4415,Jhalawar,32,8,Rajasthan,08-01-2010,15155.04449
4416,Jhunjhunun,5,8,Rajasthan,08-01-2010,15370.52489
4417,Jodhpur,15,8,Rajasthan,08-01-2010,15569.98209
4418,Kota,30,8,Rajasthan,08-01-2010,15074.45047
4419,Nagaur,14,8,Rajasthan,08-01-2010,15326.86998
4420,Pali,20,8,Rajasthan,08-01-2010,15318.92147
4421,Rajsamand,25,8,Rajasthan,08-01-2010,15082.08757
4422,Sawai Madhopur,10,8,Rajasthan,08-01-2010,15286.1388
4423,Sirohi,19,8,Rajasthan,08-01-2010,15081.27144
4424,Tonk,22,8,Rajasthan,08-01-2010,15211.19287
4425,Sikar,13,8,Rajasthan,08-01-2010,15297.8669
4426,Alwar,6,8,Rajasthan,08-01-2010,15271.13087
4427,Udaipur,26,8,Rajasthan,08-01-2010,15011.58212
4428,Ganganagar,1,8,Rajasthan,08-01-2010,15538.88204
4429,Hanumangarh,2,8,Rajasthan,08-01-2010,15498.81059
4430,Baran,31,8,Rajasthan,08-01-2010,15139.51873
4431,Ajmer,21,8,Rajasthan,08-01-2010,15165.73338
4432,Banswara,28,8,Rajasthan,08-01-2010,14955.9148
4433,Barmer,17,8,Rajasthan,08-01-2010,15637.59516
4434,Bhilwara,24,8,Rajasthan,08-01-2010,15227.45087
4435,Bikaner,3,8,Rajasthan,08-01-2010,15741.74131
4436,Bharatpur,7,8,Rajasthan,08-01-2010,15364.29246
4437,Bundi,23,8,Rajasthan,08-01-2010,15206.16343
4438,Chittaurgarh,29,8,Rajasthan,08-01-2010,15088.08461
4439,Churu,4,8,Rajasthan,08-01-2010,15575.99105
4440,Dausa,11,8,Rajasthan,08-01-2010,15194.06279
4441,Dhaulpur,8,8,Rajasthan,08-01-2010,15370.36068
4442,Dungarpur,27,8,Rajasthan,08-01-2010,15076.51519
4443,Karauli,9,8,Rajasthan,08-01-2010,15268.16905
4444,Pondicherry,2,34,Puducherry,08-01-2010,15305.65639
4445,Yanam,1,34,Puducherry,08-01-2010,15127.81628
4446,Karaikal,4,34,Puducherry,08-01-2010,15635.43819
4447,Mahe,3,34,Puducherry,08-01-2010,14939.28421
4448,Kanniyakumari,30,33,Tamil Nadu,08-01-2010,15015.0486
4449,Karur,14,33,Tamil Nadu,08-01-2010,15729.62148
4450,Madurai,24,33,Tamil Nadu,08-01-2010,15760.72742
4451,Namakkal,9,33,Tamil Nadu,08-01-2010,15495.99266
4452,The Nilgiris,11,33,Tamil Nadu,08-01-2010,14786.89211
4453,Perambalur,16,33,Tamil Nadu,08-01-2010,15713.81632
4454,Pudukkottai,22,33,Tamil Nadu,08-01-2010,15595.28026
4455,Ramanathapuram,27,33,Tamil Nadu,08-01-2010,15804.4134
4456,Salem,8,33,Tamil Nadu,08-01-2010,15382.05569
4457,Sivaganga,23,33,Tamil Nadu,08-01-2010,15727.49741
4458,Tiruchirappalli,15,33,Tamil Nadu,08-01-2010,15604.99831
4459,Tirunelveli,29,33,Tamil Nadu,08-01-2010,15541.32421
4460,Tiruvannamalai,6,33,Tamil Nadu,08-01-2010,15400.58225
4461,Thoothukkudi,28,33,Tamil Nadu,08-01-2010,15854.42719
4462,Theni,25,33,Tamil Nadu,08-01-2010,15436.62765
4463,Vellore,4,33,Tamil Nadu,08-01-2010,15326.43333
4464,Viluppuram,7,33,Tamil Nadu,08-01-2010,15436.02434
4465,Virudhunagar,26,33,Tamil Nadu,08-01-2010,15870.83483
4466,Chennai,2,33,Tamil Nadu,08-01-2010,15440.69306
4467,Kancheepuram,3,33,Tamil Nadu,08-01-2010,15366.24812
4468,Thiruvallur,1,33,Tamil Nadu,08-01-2010,15247.34869
4469,Thanjavur,21,33,Tamil Nadu,08-01-2010,15524.86521
4470,Thiruvarur,20,33,Tamil Nadu,08-01-2010,15553.44852
4471,Nagapattinam,19,33,Tamil Nadu,08-01-2010,15524.71619
4472,Ariyalur,17,33,Tamil Nadu,08-01-2010,15624.14701
4473,Coimbatore,12,33,Tamil Nadu,08-01-2010,15354.84389
4474,Cuddalore,18,33,Tamil Nadu,08-01-2010,15496.59636
4475,Dharmapuri,5,33,Tamil Nadu,08-01-2010,15297.96918
4476,Dindigul,13,33,Tamil Nadu,08-01-2010,15492.71369
4477,Erode,10,33,Tamil Nadu,08-01-2010,15479.53974
4478,Daman,2,25,Daman & Diu,08-01-2010,15146.99042
4479,Diu,1,25,Daman & Diu,08-01-2010,15236.68775
4480,Jalgaon,3,27,Maharashtra,08-01-2010,15116.16038
4481,Jalna,18,27,Maharashtra,08-01-2010,15203.46584
4482,Kolhapur,34,27,Maharashtra,08-01-2010,14991.51961
4483,Latur,28,27,Maharashtra,08-01-2010,15057.67156
4484,Pune,25,27,Maharashtra,08-01-2010,15040.66227
4485,Nagpur,9,27,Maharashtra,08-01-2010,15093.06995
4486,Mumbai,23,27,Maharashtra,08-01-2010,14972.67029
4487,Mumbai (Suburban),22,27,Maharashtra,08-01-2010,14905.62745
4488,Nanded,15,27,Maharashtra,08-01-2010,15171.82046
4489,Nandurbar,1,27,Maharashtra,08-01-2010,15047.4663
4490,Nashik,20,27,Maharashtra,08-01-2010,15098.26528
4491,Osmanabad,29,27,Maharashtra,08-01-2010,15135.84133
4492,Parbhani,17,27,Maharashtra,08-01-2010,15170.27512
4493,Sangli,35,27,Maharashtra,08-01-2010,15181.53331
4494,Satara,31,27,Maharashtra,08-01-2010,15022.3516
4495,Hingoli,16,27,Maharashtra,08-01-2010,15039.13533
4496,Ratnagiri,32,27,Maharashtra,08-01-2010,14953.11661
4497,Raigarh,24,27,Maharashtra,08-01-2010,14935.36291
4498,Thane,21,27,Maharashtra,08-01-2010,14918.27258
4499,Solapur,30,27,Maharashtra,08-01-2010,15271.57521
4500,Sindhudurg,33,27,Maharashtra,08-01-2010,14986.27132
4501,Wardha,8,27,Maharashtra,08-01-2010,15087.33435
4502,Washim,6,27,Maharashtra,08-01-2010,14972.11619
4503,Yavatmal,14,27,Maharashtra,08-01-2010,15108.20757
4504,Aurangabad,19,27,Maharashtra,08-01-2010,15189.16397
4505,Ahmadnagar,26,27,Maharashtra,08-01-2010,15168.91931
4506,Akola,5,27,Maharashtra,08-01-2010,15161.1129
4507,Amravati,7,27,Maharashtra,08-01-2010,15061.18214
4508,Bid,27,27,Maharashtra,08-01-2010,15194.46169
4509,Bhandara,10,27,Maharashtra,08-01-2010,15068.4636
4510,Buldana,4,27,Maharashtra,08-01-2010,15040.40187
4511,Chandrapur,13,27,Maharashtra,08-01-2010,15124.46189
4512,Dhule,2,27,Maharashtra,08-01-2010,15135.66263
4513,Gadchiroli,12,27,Maharashtra,08-01-2010,15056.4294
4514,Gondiya,11,27,Maharashtra,08-01-2010,15061.68237
4515,Nainital,11,5,Uttarakhand,08-01-2010,15006.24908
4516,Pithoragarh,7,5,Uttarakhand,08-01-2010,14239.76876
4517,Hardwar,13,5,Uttarakhand,08-01-2010,15098.27527
4518,Rudraprayag,3,5,Uttarakhand,08-01-2010,14434.02338
4519,Tehri Garhwal,4,5,Uttarakhand,08-01-2010,14703.64442
4520,Udham Singh Nagar,12,5,Uttarakhand,08-01-2010,15061.91514
4521,Uttarkashi,1,5,Uttarakhand,08-01-2010,14336.10567
4522,Bageshwar,8,5,Uttarakhand,08-01-2010,14534.0144
4523,Almora,9,5,Uttarakhand,08-01-2010,14903.45323
4524,Chamoli,2,5,Uttarakhand,08-01-2010,14224.74894
4525,Champawat,10,5,Uttarakhand,08-01-2010,14970.03539
4526,Dehradun,5,5,Uttarakhand,08-01-2010,14945.38829
4527,Garhwal,6,5,Uttarakhand,08-01-2010,14943.42811
4528,Jalpaiguri,2,19,West Bengal,08-01-2010,15157.73546
4529,Koch Bihar,3,19,West Bengal,08-01-2010,15185.59251
4530,Murshidabad,7,19,West Bengal,08-01-2010,15246.3095
4531,Puruliya,14,19,West Bengal,08-01-2010,15342.06282
4532,Kolkata,17,19,West Bengal,08-01-2010,15297.9419
4533,Maldah,6,19,West Bengal,08-01-2010,15124.45947
4534,Nadia,10,19,West Bengal,08-01-2010,15134.20296
4535,North Twenty Four Parganas,11,19,West Bengal,08-01-2010,15138.57839
4536,Medinipur,15,19,West Bengal,08-01-2010,15231.34113
4537,Hugli,12,19,West Bengal,08-01-2010,15285.2605
4538,South  Twenty Four Parganas,18,19,West Bengal,08-01-2010,15171.82939
4539,Uttar Dinajpur,4,19,West Bengal,08-01-2010,15231.74221
4540,Barddhaman,9,19,West Bengal,08-01-2010,15310.28465
4541,Birbhum,8,19,West Bengal,08-01-2010,15373.92576
4542,Bankura,13,19,West Bengal,08-01-2010,15343.48627
4543,Dakshin Dinajpur,5,19,West Bengal,08-01-2010,15257.66196
4544,Darjiling,1,19,West Bengal,08-01-2010,14969.42643
4545,Haora,16,19,West Bengal,08-01-2010,15179.35192
4546,Jashpur,3,22,Chhattisgarh,08-01-2010,15085.4752
4547,Koriya,1,22,Chhattisgarh,08-01-2010,15099.29842
4548,Mahasamund,12,22,Chhattisgarh,08-01-2010,15009.81988
4549,Raigarh,4,22,Chhattisgarh,08-01-2010,14978.41412
4550,Raipur,11,22,Chhattisgarh,08-01-2010,15020.6364
4551,Rajnandgaon,9,22,Chhattisgarh,08-01-2010,15062.9439
4552,Surguja,2,22,Chhattisgarh,08-01-2010,15117.80675
4553,Bilaspur,7,22,Chhattisgarh,08-01-2010,15078.03634
4554,Janjgir - Champa,6,22,Chhattisgarh,08-01-2010,14856.97098
4555,Korba,5,22,Chhattisgarh,08-01-2010,15000.15952
4556,Kawardha,8,22,Chhattisgarh,08-01-2010,15116.82179
4557,Bastar,15,22,Chhattisgarh,08-01-2010,15042.96816
4558,Dantewada,16,22,Chhattisgarh,08-01-2010,15057.62701
4559,Dhamtari,13,22,Chhattisgarh,08-01-2010,15026.92309
4560,Durg,10,22,Chhattisgarh,08-01-2010,15056.33672
4561,Kanker,14,22,Chhattisgarh,08-01-2010,15061.78104
4562,Central,6,7,Delhi  & NCR,08-01-2010,15425.6456
4563,East,4,7,Delhi  & NCR,08-01-2010,15361.7558
4564,New Delhi,5,7,Delhi  & NCR,08-01-2010,15384.87845
4565,North,2,7,Delhi  & NCR,08-01-2010,15348.82
4566,North East,3,7,Delhi  & NCR,08-01-2010,15378.65893
4567,North West,1,7,Delhi  & NCR,08-01-2010,15382.32968
4568,South,9,7,Delhi  & NCR,08-01-2010,15252.44066
4569,South West,8,7,Delhi  & NCR,08-01-2010,15399.08544
4570,West,7,7,Delhi  & NCR,08-01-2010,15482.3736
4571,Jalaun,35,9,Uttar Pradesh,08-01-2010,15409.95162
4572,Jaunpur,64,9,Uttar Pradesh,08-01-2010,15163.54714
4573,Jhansi,36,9,Uttar Pradesh,08-01-2010,15260.49206
4574,Jyotiba Phule Nagar,6,9,Uttar Pradesh,08-01-2010,15029.37066
4575,Kannauj,30,9,Uttar Pradesh,08-01-2010,15387.57681
4576,Kanpur Nagar,34,9,Uttar Pradesh,08-01-2010,15424.6594
4577,Kaushambi,44,9,Uttar Pradesh,08-01-2010,15344.70626
4578,Kheri,23,9,Uttar Pradesh,08-01-2010,15118.31357
4579,Mirzapur,69,9,Uttar Pradesh,08-01-2010,15116.22094
4580,Moradabad,4,9,Uttar Pradesh,08-01-2010,15121.49878
4581,Muzaffarnagar,2,9,Uttar Pradesh,08-01-2010,15081.58642
4582,Rae Bareli,28,9,Uttar Pradesh,08-01-2010,15284.95318
4583,Kushinagar,59,9,Uttar Pradesh,08-01-2010,15081.38644
4584,Lucknow,27,9,Uttar Pradesh,08-01-2010,15150.83536
4585,Lalitpur,37,9,Uttar Pradesh,08-01-2010,15085.52496
4586,Mahrajganj,57,9,Uttar Pradesh,08-01-2010,15069.91962
4587,Mahoba,39,9,Uttar Pradesh,08-01-2010,15346.19534
4588,Mainpuri,18,9,Uttar Pradesh,08-01-2010,15395.87614
4589,Mathura,14,9,Uttar Pradesh,08-01-2010,15298.36309
4590,Mau,62,9,Uttar Pradesh,08-01-2010,15139.39491
4591,Meerut,7,9,Uttar Pradesh,08-01-2010,15046.40161
4592,Pilibhit,21,9,Uttar Pradesh,08-01-2010,15073.4108
4593,Pratapgarh,43,9,Uttar Pradesh,08-01-2010,15270.95365
4594,Rampur,5,9,Uttar Pradesh,08-01-2010,15102.06157
4595,Sant Ravidas Nagar Bhadohi,68,9,Uttar Pradesh,08-01-2010,15073.71781
4596,Sant Kabir Nagar,56,9,Uttar Pradesh,08-01-2010,15014.52022
4597,Shahjahanpur,22,9,Uttar Pradesh,08-01-2010,15240.5905
4598,Hathras,13,9,Uttar Pradesh,08-01-2010,15356.87058
4599,Shrawasti,51,9,Uttar Pradesh,08-01-2010,15128.84236
4600,Saharanpur,1,9,Uttar Pradesh,08-01-2010,15075.0578
4601,Sitapur,24,9,Uttar Pradesh,08-01-2010,15148.21259
4602,Sultanpur,49,9,Uttar Pradesh,08-01-2010,15058.69273
4603,Sonbhadra,70,9,Uttar Pradesh,08-01-2010,15131.57502
4604,Siddharthnagar,54,9,Uttar Pradesh,08-01-2010,15081.13297
4605,Unnao,26,9,Uttar Pradesh,08-01-2010,15338.67096
4606,Varanasi,67,9,Uttar Pradesh,08-01-2010,15141.71102
4607,Bulandshahr,11,9,Uttar Pradesh,08-01-2010,15125.15362
4608,Gautam Buddha Nagar,10,9,Uttar Pradesh,08-01-2010,15279.13896
4609,Ghaziabad,9,9,Uttar Pradesh,08-01-2010,15208.03172
4610,Auraiya,32,9,Uttar Pradesh,08-01-2010,15401.45825
4611,Azamgarh,61,9,Uttar Pradesh,08-01-2010,15126.9529
4612,Budaun,19,9,Uttar Pradesh,08-01-2010,15402.48267
4613,Agra,15,9,Uttar Pradesh,08-01-2010,15354.44956
4614,Aligarh,12,9,Uttar Pradesh,08-01-2010,15301.96944
4615,Allahabad,45,9,Uttar Pradesh,08-01-2010,15323.79034
4616,Ambedkar Nagar,48,9,Uttar Pradesh,08-01-2010,15089.37953
4617,Bareilly,20,9,Uttar Pradesh,08-01-2010,15233.27125
4618,Bijnor,3,9,Uttar Pradesh,08-01-2010,15106.34738
4619,Basti,55,9,Uttar Pradesh,08-01-2010,14872.77095
4620,Baghpat,8,9,Uttar Pradesh,08-01-2010,15250.41314
4621,Bahraich,50,9,Uttar Pradesh,08-01-2010,15084.57269
4622,Ballia,63,9,Uttar Pradesh,08-01-2010,15190.3243
4623,Balrampur,52,9,Uttar Pradesh,08-01-2010,15091.7256
4624,Banda,40,9,Uttar Pradesh,08-01-2010,15451.43759
4625,Barabanki,46,9,Uttar Pradesh,08-01-2010,15139.59557
4626,Chitrakoot,41,9,Uttar Pradesh,08-01-2010,15360.06694
4627,Chandauli,66,9,Uttar Pradesh,08-01-2010,15147.95258
4628,Deoria,60,9,Uttar Pradesh,08-01-2010,14930.03457
4629,Etah,17,9,Uttar Pradesh,08-01-2010,15350.35746
4630,Kanpur Dehat,33,9,Uttar Pradesh,08-01-2010,15421.10247
4631,Etawah,31,9,Uttar Pradesh,08-01-2010,15283.84908
4632,Faizabad,47,9,Uttar Pradesh,08-01-2010,15073.87996
4633,Ghazipur,65,9,Uttar Pradesh,08-01-2010,15180.13753
4634,Gonda,53,9,Uttar Pradesh,08-01-2010,15094.15441
4635,Gorakhpur,58,9,Uttar Pradesh,08-01-2010,14935.82543
4636,Farrukhabad,29,9,Uttar Pradesh,08-01-2010,15230.4206
4637,Fatehpur,42,9,Uttar Pradesh,08-01-2010,15404.34515
4638,Firozabad,16,9,Uttar Pradesh,08-01-2010,15392.30655
4639,Hamirpur,38,9,Uttar Pradesh,08-01-2010,15423.3788
4640,Hardoi,25,9,Uttar Pradesh,08-01-2010,15337.33018
4641,Khammam,10,28,Andhra Pradesh,08-01-2010,15141.81335
4642,Medak,4,28,Andhra Pradesh,08-01-2010,15127.75979
4643,Krishna,16,28,Andhra Pradesh,08-01-2010,15197.263
4644,Kurnool,21,28,Andhra Pradesh,08-01-2010,15343.1138
4645,Mahbubnagar,7,28,Andhra Pradesh,08-01-2010,15285.93259
4646,Nalgonda,8,28,Andhra Pradesh,08-01-2010,15354.60924
4647,Nellore,19,28,Andhra Pradesh,08-01-2010,15305.84739
4648,Nizamabad,2,28,Andhra Pradesh,08-01-2010,15035.65689
4649,Prakasam,18,28,Andhra Pradesh,08-01-2010,15305.23424
4650,Hyderabad,5,28,Andhra Pradesh,08-01-2010,15232.77389
4651,Rangareddi,6,28,Andhra Pradesh,08-01-2010,15191.17667
4652,Srikakulam,11,28,Andhra Pradesh,08-01-2010,15235.63826
4653,West Godavari,15,28,Andhra Pradesh,08-01-2010,15135.73359
4654,Visakhapatnam,13,28,Andhra Pradesh,08-01-2010,15129.74518
4655,Vizianagaram,12,28,Andhra Pradesh,08-01-2010,15268.44961
4656,Warangal,9,28,Andhra Pradesh,08-01-2010,15212.63486
4657,Anantapur,22,28,Andhra Pradesh,08-01-2010,15289.88568
4658,Adilabad,1,28,Andhra Pradesh,08-01-2010,15178.96497
4659,Chittoor,23,28,Andhra Pradesh,08-01-2010,15250.7618
4660,Cuddapah,20,28,Andhra Pradesh,08-01-2010,15258.02439
4661,East Godavari,14,28,Andhra Pradesh,08-01-2010,15107.95111
4662,Karimnagar,3,28,Andhra Pradesh,08-01-2010,15184.81841
4663,Guntur,17,28,Andhra Pradesh,08-01-2010,15354.82363
4664,Jabalpur,39,23,Madhya Pradesh,08-01-2010,15154.11107
4665,Jhabua,24,23,Madhya Pradesh,08-01-2010,15009.81778
4666,Mandsaur,19,23,Madhya Pradesh,08-01-2010,15013.20374
4667,Tikamgarh,8,23,Madhya Pradesh,08-01-2010,15085.23084
4668,Narsimhapur,40,23,Madhya Pradesh,08-01-2010,15166.18782
4669,Neemuch,18,23,Madhya Pradesh,08-01-2010,15102.65717
4670,Panna,10,23,Madhya Pradesh,08-01-2010,15147.17242
4671,Raisen,34,23,Madhya Pradesh,08-01-2010,15109.12393
4672,Rajgarh,30,23,Madhya Pradesh,08-01-2010,15140.15418
4673,Satna,13,23,Madhya Pradesh,08-01-2010,15204.58038
4674,Sehore,33,23,Madhya Pradesh,08-01-2010,15077.62126
4675,Seoni,44,23,Madhya Pradesh,08-01-2010,15106.11394
4676,Hoshangabad,37,23,Madhya Pradesh,08-01-2010,15139.87289
4677,Indore,26,23,Madhya Pradesh,08-01-2010,14995.80999
4678,Shajapur,22,23,Madhya Pradesh,08-01-2010,15128.66216
4679,Shivpuri,6,23,Madhya Pradesh,08-01-2010,15129.32479
4680,Ratlam,20,23,Madhya Pradesh,08-01-2010,15050.45451
4681,Rewa,14,23,Madhya Pradesh,08-01-2010,15264.87936
4682,Sagar,11,23,Madhya Pradesh,08-01-2010,15077.71188
4683,Sidhi,17,23,Madhya Pradesh,08-01-2010,15187.83148
4684,Ujjain,21,23,Madhya Pradesh,08-01-2010,15076.39058
4685,Vidisha,31,23,Madhya Pradesh,08-01-2010,15082.45024
4686,West Nimar,27,23,Madhya Pradesh,08-01-2010,15071.07096
4687,Morena,2,23,Madhya Pradesh,08-01-2010,15303.13895
4688,Sheopur,1,23,Madhya Pradesh,08-01-2010,15218.99061
4689,Dindori,41,23,Madhya Pradesh,08-01-2010,15070.75656
4690,Mandla,42,23,Madhya Pradesh,08-01-2010,15076.86036
4691,Shahdol,16,23,Madhya Pradesh,08-01-2010,15178.40197
4692,Umaria,15,23,Madhya Pradesh,08-01-2010,15167.75228
4693,Bhind,3,23,Madhya Pradesh,08-01-2010,15398.16871
4694,Bhopal,32,23,Madhya Pradesh,08-01-2010,15103.99374
4695,Barwani,28,23,Madhya Pradesh,08-01-2010,14981.69893
4696,Betul,35,23,Madhya Pradesh,08-01-2010,15075.5734
4697,Balaghat,45,23,Madhya Pradesh,08-01-2010,15022.6749
4698,Chhatarpur,9,23,Madhya Pradesh,08-01-2010,15113.16871
4699,Chhindwara,43,23,Madhya Pradesh,08-01-2010,15118.01834
4700,Dewas,23,23,Madhya Pradesh,08-01-2010,15022.2874
4701,Katni,38,23,Madhya Pradesh,08-01-2010,15150.43939
4702,Datia,5,23,Madhya Pradesh,08-01-2010,15301.22317
4703,Damoh,12,23,Madhya Pradesh,08-01-2010,15128.13532
4704,Dhar,25,23,Madhya Pradesh,08-01-2010,14996.36358
4705,East Nimar,29,23,Madhya Pradesh,08-01-2010,15073.5828
4706,Guna,7,23,Madhya Pradesh,08-01-2010,15071.56729
4707,Gwalior,4,23,Madhya Pradesh,08-01-2010,15261.69987
4708,Harda,36,23,Madhya Pradesh,08-01-2010,15074.82814
4709,Kangra,2,2,Himachal Pradesh,08-01-2010,14809.03637
4710,Kinnaur,12,2,Himachal Pradesh,08-01-2010,14350.50576
4711,Lahul & Spiti,3,2,Himachal Pradesh,08-01-2010,14355.26368
4712,Kullu,4,2,Himachal Pradesh,08-01-2010,14319.66351
4713,Mandi,5,2,Himachal Pradesh,08-01-2010,14820.00127
4714,Shimla,11,2,Himachal Pradesh,08-01-2010,14584.18731
4715,Sirmaur,10,2,Himachal Pradesh,08-01-2010,14908.6989
4716,Solan,9,2,Himachal Pradesh,08-01-2010,14950.32865
4717,Una,7,2,Himachal Pradesh,08-01-2010,15055.22818
4718,Bilaspur,8,2,Himachal Pradesh,08-01-2010,14991.09106
4719,Chamba,1,2,Himachal Pradesh,08-01-2010,14537.96026
4720,Hamirpur,6,2,Himachal Pradesh,08-01-2010,15007.90675
4721,Jammu,13,1,Jammu and Kashmir,08-01-2010,15092.54784
4722,Kargil,8,1,Jammu and Kashmir,08-01-2010,14645.33331
4723,Kathua,14,1,Jammu and Kashmir,08-01-2010,14975.39831
4724,Leh (Ladakh),7,1,Jammu and Kashmir,08-01-2010,14705.27543
4725,Kupwara,1,1,Jammu and Kashmir,08-01-2010,14718.33493
4726,Punch,11,1,Jammu and Kashmir,08-01-2010,14796.8818
4727,Pulwama,5,1,Jammu and Kashmir,08-01-2010,14813.47414
4728,Rajauri,12,1,Jammu and Kashmir,08-01-2010,14897.29326
4729,Srinagar,3,1,Jammu and Kashmir,08-01-2010,14590.44617
4730,Udhampur,10,1,Jammu and Kashmir,08-01-2010,14833.50091
4731,Anantnag,6,1,Jammu and Kashmir,08-01-2010,14603.85579
4732,Badgam,4,1,Jammu and Kashmir,08-01-2010,14736.30794
4733,Baramula,2,1,Jammu and Kashmir,08-01-2010,14678.059
4734,Data Not Available,99,99,Jammu and Kashmir,08-01-2010,14531.76752
4735,Doda,9,1,Jammu and Kashmir,08-01-2010,14468.55201
4736,Lohit,11,12,Arunanchal Pradesh,08-01-2010,14510.97488
4737,Lower Subansiri,5,12,Arunanchal Pradesh,08-01-2010,14561.951
4738,Papum Pare,4,12,Arunanchal Pradesh,08-01-2010,14711.30838
4739,Tawang,1,12,Arunanchal Pradesh,08-01-2010,14064.9578
4740,Tirap,13,12,Arunanchal Pradesh,08-01-2010,14953.88916
4741,West Kameng,2,12,Arunanchal Pradesh,08-01-2010,14543.86429
4742,West Siang,7,12,Arunanchal Pradesh,08-01-2010,14668.73904
4743,Upper Siang,9,12,Arunanchal Pradesh,08-01-2010,14498.70529
4744,Upper Subansiri,6,12,Arunanchal Pradesh,08-01-2010,14447.52552
4745,Changlang,12,12,Arunanchal Pradesh,08-01-2010,14863.54388
4746,Dibang Valley,10,12,Arunanchal Pradesh,08-01-2010,14475.9039
4747,East Kameng,3,12,Arunanchal Pradesh,08-01-2010,14514.25061
4748,East Siang,8,12,Arunanchal Pradesh,08-01-2010,14995.55813
4749,Nicobars,2,35,Andaman & Nicobar Island,08-01-2010,14938.3962
4750,Andamans,1,35,Andaman & Nicobar Island,08-01-2010,14895.13023
4751,Chandigarh,1,4,Chandigarh,09-01-2010,15229.84206
4752,Dadra & Nagar Haveli,1,26,Dadara & Nagar Havelli,09-01-2010,15129.11413
4753,Lakshadweep,1,31,Lakshadweep,09-01-2010,15063.48116
4754,Data Not Available,99,99,Jammu and Kashmir,09-01-2010,14310.88744
4755,Anantnag,6,1,Jammu and Kashmir,09-01-2010,14487.61046
4756,Badgam,4,1,Jammu and Kashmir,09-01-2010,14620.13963
4757,Baramula,2,1,Jammu and Kashmir,09-01-2010,14558.34719
4758,Doda,9,1,Jammu and Kashmir,09-01-2010,14359.8399
4759,Srinagar,3,1,Jammu and Kashmir,09-01-2010,14461.74394
4760,Udhampur,10,1,Jammu and Kashmir,09-01-2010,14801.28418
4761,Jammu,13,1,Jammu and Kashmir,09-01-2010,15074.83627
4762,Kargil,8,1,Jammu and Kashmir,09-01-2010,14518.63729
4763,Kathua,14,1,Jammu and Kashmir,09-01-2010,14952.31186
4764,Leh (Ladakh),7,1,Jammu and Kashmir,09-01-2010,14573.68782
4765,Kupwara,1,1,Jammu and Kashmir,09-01-2010,14605.46943
4766,Punch,11,1,Jammu and Kashmir,09-01-2010,14755.70793
4767,Pulwama,5,1,Jammu and Kashmir,09-01-2010,14734.61264
4768,Rajauri,12,1,Jammu and Kashmir,09-01-2010,14904.17729
4769,Bilaspur,8,2,Himachal Pradesh,09-01-2010,14971.94488
4770,Chamba,1,2,Himachal Pradesh,09-01-2010,14500.60073
4771,Hamirpur,6,2,Himachal Pradesh,09-01-2010,14988.67081
4772,Shimla,11,2,Himachal Pradesh,09-01-2010,14610.07072
4773,Sirmaur,10,2,Himachal Pradesh,09-01-2010,14910.74997
4774,Solan,9,2,Himachal Pradesh,09-01-2010,14950.84548
4775,Una,7,2,Himachal Pradesh,09-01-2010,15052.70978
4776,Kangra,2,2,Himachal Pradesh,09-01-2010,14819.47972
4777,Kinnaur,12,2,Himachal Pradesh,09-01-2010,14262.54359
4778,Lahul & Spiti,3,2,Himachal Pradesh,09-01-2010,14272.54301
4779,Kullu,4,2,Himachal Pradesh,09-01-2010,14339.9633
4780,Mandi,5,2,Himachal Pradesh,09-01-2010,14801.01434
4781,Hoshiarpur,5,3,Punjab,09-01-2010,15110.34708
4782,Amritsar,2,3,Punjab,09-01-2010,15080.55811
4783,Firozpur,11,3,Punjab,09-01-2010,15104.67065
4784,Bathinda,14,3,Punjab,09-01-2010,15095.43676
4785,Gurdaspur,1,3,Punjab,09-01-2010,15063.20555
4786,Faridkot,13,3,Punjab,09-01-2010,15105.77179
4787,Fatehgarh Sahib,8,3,Punjab,09-01-2010,15069.35237
4788,Rupnagar,7,3,Punjab,09-01-2010,15099.10154
4789,Jalandhar,4,3,Punjab,09-01-2010,15070.995
4790,Kapurthala,3,3,Punjab,09-01-2010,15064.4509
4791,Ludhiana,9,3,Punjab,09-01-2010,15067.2556
4792,Mansa,15,3,Punjab,09-01-2010,15091.18334
4793,Moga,10,3,Punjab,09-01-2010,15042.86385
4794,Muktsar,12,3,Punjab,09-01-2010,15136.73872
4795,Nawanshahr,6,3,Punjab,09-01-2010,15087.83817
4796,Patiala,17,3,Punjab,09-01-2010,15077.81604
4797,Sangrur,16,3,Punjab,09-01-2010,15048.03341
4798,Hardwar,13,5,Uttarakhand,09-01-2010,15089.42116
4799,Bageshwar,8,5,Uttarakhand,09-01-2010,14617.66429
4800,Almora,9,5,Uttarakhand,09-01-2010,14914.01607
4801,Chamoli,2,5,Uttarakhand,09-01-2010,14291.98567
4802,Champawat,10,5,Uttarakhand,09-01-2010,14893.8055
4803,Dehradun,5,5,Uttarakhand,09-01-2010,14917.65346
4804,Garhwal,6,5,Uttarakhand,09-01-2010,14919.07667
4805,Rudraprayag,3,5,Uttarakhand,09-01-2010,14520.34722
4806,Tehri Garhwal,4,5,Uttarakhand,09-01-2010,14713.74702
4807,Udham Singh Nagar,12,5,Uttarakhand,09-01-2010,15087.83473
4808,Uttarkashi,1,5,Uttarakhand,09-01-2010,14347.30812
4809,Nainital,11,5,Uttarakhand,09-01-2010,14966.41185
4810,Pithoragarh,7,5,Uttarakhand,09-01-2010,14358.25955
4811,Hisar,12,6,Haryana,09-01-2010,15186.45005
4812,Ambala,2,6,Haryana,09-01-2010,15110.53494
4813,Gurgaon,18,6,Haryana,09-01-2010,15218.40723
4814,Faridabad,19,6,Haryana,09-01-2010,15157.21779
4815,Fatehabad,10,6,Haryana,09-01-2010,15126.57259
4816,Rohtak,14,6,Haryana,09-01-2010,15123.21863
4817,Sirsa,11,6,Haryana,09-01-2010,15194.89635
4818,Sonipat,8,6,Haryana,09-01-2010,15090.67156
4819,Yamunanagar,3,6,Haryana,09-01-2010,15102.0579
4820,Jhajjar,15,6,Haryana,09-01-2010,15181.4651
4821,Mahendragarh,16,6,Haryana,09-01-2010,15305.6596
4822,Rewari,17,6,Haryana,09-01-2010,15309.8138
4823,Bhiwani,13,6,Haryana,09-01-2010,15286.45875
4824,Jind,9,6,Haryana,09-01-2010,15094.17877
4825,Kaithal,5,6,Haryana,09-01-2010,15066.69357
4826,Karnal,6,6,Haryana,09-01-2010,15072.71133
4827,Kurukshetra,4,6,Haryana,09-01-2010,15092.83979
4828,Panchkula,1,6,Haryana,09-01-2010,15083.03342
4829,Panipat,7,6,Haryana,09-01-2010,15067.30593
4830,Central,6,7,Delhi  & NCR,09-01-2010,15253.80846
4831,East,4,7,Delhi  & NCR,09-01-2010,15224.38434
4832,New Delhi,5,7,Delhi  & NCR,09-01-2010,15215.09364
4833,North,2,7,Delhi  & NCR,09-01-2010,15189.52012
4834,North East,3,7,Delhi  & NCR,09-01-2010,15196.05813
4835,North West,1,7,Delhi  & NCR,09-01-2010,15169.60217
4836,South,9,7,Delhi  & NCR,09-01-2010,15165.04253
4837,South West,8,7,Delhi  & NCR,09-01-2010,15249.91248
4838,West,7,7,Delhi  & NCR,09-01-2010,15279.70486
4839,Ajmer,21,8,Rajasthan,09-01-2010,15284.81853
4840,Banswara,28,8,Rajasthan,09-01-2010,15220.91289
4841,Barmer,17,8,Rajasthan,09-01-2010,15575.21595
4842,Bhilwara,24,8,Rajasthan,09-01-2010,15297.78729
4843,Bikaner,3,8,Rajasthan,09-01-2010,15711.99976
4844,Bharatpur,7,8,Rajasthan,09-01-2010,15296.09233
4845,Bundi,23,8,Rajasthan,09-01-2010,15356.17679
4846,Chittaurgarh,29,8,Rajasthan,09-01-2010,15251.69952
4847,Churu,4,8,Rajasthan,09-01-2010,15452.06431
4848,Dausa,11,8,Rajasthan,09-01-2010,15298.95991
4849,Dhaulpur,8,8,Rajasthan,09-01-2010,15301.09499
4850,Dungarpur,27,8,Rajasthan,09-01-2010,15187.56557
4851,Karauli,9,8,Rajasthan,09-01-2010,15297.94743
4852,Sirohi,19,8,Rajasthan,09-01-2010,15280.1502
4853,Tonk,22,8,Rajasthan,09-01-2010,15394.0595
4854,Sikar,13,8,Rajasthan,09-01-2010,15292.0345
4855,Alwar,6,8,Rajasthan,09-01-2010,15254.1492
4856,Udaipur,26,8,Rajasthan,09-01-2010,15159.59222
4857,Ganganagar,1,8,Rajasthan,09-01-2010,15464.36607
4858,Hanumangarh,2,8,Rajasthan,09-01-2010,15386.91752
4859,Baran,31,8,Rajasthan,09-01-2010,15303.73874
4860,Jaipur,12,8,Rajasthan,09-01-2010,15290.93429
4861,Jaisalmer,16,8,Rajasthan,09-01-2010,15775.55198
4862,Jalor,18,8,Rajasthan,09-01-2010,15426.61218
4863,Jhalawar,32,8,Rajasthan,09-01-2010,15339.93682
4864,Jhunjhunun,5,8,Rajasthan,09-01-2010,15305.43547
4865,Jodhpur,15,8,Rajasthan,09-01-2010,15556.05202
4866,Kota,30,8,Rajasthan,09-01-2010,15356.75569
4867,Nagaur,14,8,Rajasthan,09-01-2010,15400.90543
4868,Pali,20,8,Rajasthan,09-01-2010,15330.42
4869,Rajsamand,25,8,Rajasthan,09-01-2010,15198.60217
4870,Sawai Madhopur,10,8,Rajasthan,09-01-2010,15347.37567
4871,Hathras,13,9,Uttar Pradesh,09-01-2010,15189.58567
4872,Auraiya,32,9,Uttar Pradesh,09-01-2010,15154.37782
4873,Azamgarh,61,9,Uttar Pradesh,09-01-2010,15123.02017
4874,Budaun,19,9,Uttar Pradesh,09-01-2010,15130.42389
4875,Agra,15,9,Uttar Pradesh,09-01-2010,15227.1009
4876,Aligarh,12,9,Uttar Pradesh,09-01-2010,15142.5044
4877,Allahabad,45,9,Uttar Pradesh,09-01-2010,15132.81245
4878,Ambedkar Nagar,48,9,Uttar Pradesh,09-01-2010,15034.97342
4879,Bareilly,20,9,Uttar Pradesh,09-01-2010,15098.70561
4880,Bijnor,3,9,Uttar Pradesh,09-01-2010,15131.91202
4881,Basti,55,9,Uttar Pradesh,09-01-2010,15067.41049
4882,Baghpat,8,9,Uttar Pradesh,09-01-2010,15113.04085
4883,Bahraich,50,9,Uttar Pradesh,09-01-2010,15086.69812
4884,Ballia,63,9,Uttar Pradesh,09-01-2010,15171.8554
4885,Balrampur,52,9,Uttar Pradesh,09-01-2010,15097.53653
4886,Banda,40,9,Uttar Pradesh,09-01-2010,15237.06906
4887,Barabanki,46,9,Uttar Pradesh,09-01-2010,15107.98888
4888,Chitrakoot,41,9,Uttar Pradesh,09-01-2010,15218.55246
4889,Chandauli,66,9,Uttar Pradesh,09-01-2010,15134.79824
4890,Deoria,60,9,Uttar Pradesh,09-01-2010,15120.47381
4891,Etah,17,9,Uttar Pradesh,09-01-2010,15148.90975
4892,Kanpur Dehat,33,9,Uttar Pradesh,09-01-2010,15167.52121
4893,Etawah,31,9,Uttar Pradesh,09-01-2010,15137.02939
4894,Faizabad,47,9,Uttar Pradesh,09-01-2010,15096.72956
4895,Ghazipur,65,9,Uttar Pradesh,09-01-2010,15161.99624
4896,Gonda,53,9,Uttar Pradesh,09-01-2010,15090.32021
4897,Gorakhpur,58,9,Uttar Pradesh,09-01-2010,15116.6686
4898,Farrukhabad,29,9,Uttar Pradesh,09-01-2010,15137.53767
4899,Fatehpur,42,9,Uttar Pradesh,09-01-2010,15193.83635
4900,Firozabad,16,9,Uttar Pradesh,09-01-2010,15170.23394
4901,Hamirpur,38,9,Uttar Pradesh,09-01-2010,15279.35377
4902,Hardoi,25,9,Uttar Pradesh,09-01-2010,15123.84587
4903,Shrawasti,51,9,Uttar Pradesh,09-01-2010,15099.64239
4904,Saharanpur,1,9,Uttar Pradesh,09-01-2010,15094.66237
4905,Sitapur,24,9,Uttar Pradesh,09-01-2010,15120.10972
4906,Sultanpur,49,9,Uttar Pradesh,09-01-2010,15119.37176
4907,Sonbhadra,70,9,Uttar Pradesh,09-01-2010,15149.70855
4908,Siddharthnagar,54,9,Uttar Pradesh,09-01-2010,15089.63946
4909,Unnao,26,9,Uttar Pradesh,09-01-2010,15134.52486
4910,Varanasi,67,9,Uttar Pradesh,09-01-2010,15152.74175
4911,Bulandshahr,11,9,Uttar Pradesh,09-01-2010,15130.92021
4912,Gautam Buddha Nagar,10,9,Uttar Pradesh,09-01-2010,15131.93397
4913,Ghaziabad,9,9,Uttar Pradesh,09-01-2010,15127.46824
4914,Jalaun,35,9,Uttar Pradesh,09-01-2010,15274.6891
4915,Jaunpur,64,9,Uttar Pradesh,09-01-2010,15113.30221
4916,Jhansi,36,9,Uttar Pradesh,09-01-2010,15307.07524
4917,Jyotiba Phule Nagar,6,9,Uttar Pradesh,09-01-2010,15155.31468
4918,Kannauj,30,9,Uttar Pradesh,09-01-2010,15197.39047
4919,Kanpur Nagar,34,9,Uttar Pradesh,09-01-2010,15210.38842
4920,Kaushambi,44,9,Uttar Pradesh,09-01-2010,15170.37086
4921,Kheri,23,9,Uttar Pradesh,09-01-2010,15098.20111
4922,Mirzapur,69,9,Uttar Pradesh,09-01-2010,15139.30785
4923,Moradabad,4,9,Uttar Pradesh,09-01-2010,15120.64377
4924,Muzaffarnagar,2,9,Uttar Pradesh,09-01-2010,15114.2096
4925,Rae Bareli,28,9,Uttar Pradesh,09-01-2010,15149.49661
4926,Kushinagar,59,9,Uttar Pradesh,09-01-2010,15071.46946
4927,Lucknow,27,9,Uttar Pradesh,09-01-2010,15154.90442
4928,Lalitpur,37,9,Uttar Pradesh,09-01-2010,15226.30495
4929,Mahrajganj,57,9,Uttar Pradesh,09-01-2010,15080.13129
4930,Mahoba,39,9,Uttar Pradesh,09-01-2010,15327.33463
4931,Mainpuri,18,9,Uttar Pradesh,09-01-2010,15152.66901
4932,Mathura,14,9,Uttar Pradesh,09-01-2010,15164.55061
4933,Mau,62,9,Uttar Pradesh,09-01-2010,15147.61798
4934,Meerut,7,9,Uttar Pradesh,09-01-2010,15128.65338
4935,Pilibhit,21,9,Uttar Pradesh,09-01-2010,15108.88802
4936,Pratapgarh,43,9,Uttar Pradesh,09-01-2010,15120.83171
4937,Rampur,5,9,Uttar Pradesh,09-01-2010,15093.22348
4938,Sant Ravidas Nagar Bhadohi,68,9,Uttar Pradesh,09-01-2010,15081.81146
4939,Sant Kabir Nagar,56,9,Uttar Pradesh,09-01-2010,15084.92029
4940,Shahjahanpur,22,9,Uttar Pradesh,09-01-2010,15117.92846
4941,Araria,7,10,Bihar,09-01-2010,15122.19594
4942,Aurangabad,34,10,Bihar,09-01-2010,15164.28961
4943,Banka,23,10,Bihar,09-01-2010,15203.18019
4944,Bhagalpur,22,10,Bihar,09-01-2010,15153.50839
4945,Begusarai,20,10,Bihar,09-01-2010,15173.31193
4946,Saran,17,10,Bihar,09-01-2010,15151.95364
4947,Katihar,10,10,Bihar,09-01-2010,15121.88534
4948,Darbhanga,13,10,Bihar,09-01-2010,15131.48343
4949,Gopalganj,15,10,Bihar,09-01-2010,15109.02485
4950,Sheikhpura,26,10,Bihar,09-01-2010,15229.78568
4951,Sheohar,3,10,Bihar,09-01-2010,15143.09105
4952,Saharsa,12,10,Bihar,09-01-2010,15084.40228
4953,Sitamarhi,4,10,Bihar,09-01-2010,15123.97386
4954,Siwan,16,10,Bihar,09-01-2010,15143.69435
4955,Supaul,6,10,Bihar,09-01-2010,15103.37507
4956,Vaishali,18,10,Bihar,09-01-2010,15125.67724
4957,Kaimur (Bhabua),31,10,Bihar,09-01-2010,15133.94667
4958,Gaya,35,10,Bihar,09-01-2010,15256.77289
4959,Bhojpur,29,10,Bihar,09-01-2010,15172.67838
4960,Buxar,30,10,Bihar,09-01-2010,15170.69012
4961,Jehanabad,33,10,Bihar,09-01-2010,15228.21174
4962,Rohtas,32,10,Bihar,09-01-2010,15114.66531
4963,Jamui,37,10,Bihar,09-01-2010,15233.3578
4964,Kishanganj,8,10,Bihar,09-01-2010,15097.57406
4965,Muzaffarpur,14,10,Bihar,09-01-2010,15136.86578
4966,Purnia,9,10,Bihar,09-01-2010,15149.49796
4967,Khagaria,21,10,Bihar,09-01-2010,15149.0747
4968,Madhubani,5,10,Bihar,09-01-2010,15131.87903
4969,Lakhisarai,25,10,Bihar,09-01-2010,15193.44742
4970,Madhepura,11,10,Bihar,09-01-2010,15121.74756
4971,Purba Champaran,2,10,Bihar,09-01-2010,15113.76387
4972,Munger,24,10,Bihar,09-01-2010,15122.25249
4973,Nalanda,27,10,Bihar,09-01-2010,15194.20997
4974,Nawada,36,10,Bihar,09-01-2010,15223.72003
4975,Pashchim Champaran,1,10,Bihar,09-01-2010,15082.46104
4976,Patna,28,10,Bihar,09-01-2010,15182.91419
4977,Samastipur,19,10,Bihar,09-01-2010,15165.7384
4978,East,4,11,Sikkim,09-01-2010,14496.38435
4979,South,3,11,Sikkim,09-01-2010,14594.68233
4980,West,2,11,Sikkim,09-01-2010,14279.31458
4981,North,1,11,Sikkim,09-01-2010,13942.90905
4982,Changlang,12,12,Arunanchal Pradesh,09-01-2010,14862.36986
4983,Dibang Valley,10,12,Arunanchal Pradesh,09-01-2010,14392.98707
4984,East Kameng,3,12,Arunanchal Pradesh,09-01-2010,14613.25796
4985,East Siang,8,12,Arunanchal Pradesh,09-01-2010,14920.28128
4986,Tawang,1,12,Arunanchal Pradesh,09-01-2010,14142.18749
4987,Tirap,13,12,Arunanchal Pradesh,09-01-2010,14884.28415
4988,West Kameng,2,12,Arunanchal Pradesh,09-01-2010,14570.61739
4989,West Siang,7,12,Arunanchal Pradesh,09-01-2010,14585.09025
4990,Upper Siang,9,12,Arunanchal Pradesh,09-01-2010,14444.12454
4991,Upper Subansiri,6,12,Arunanchal Pradesh,09-01-2010,14416.94855
4992,Lohit,11,12,Arunanchal Pradesh,09-01-2010,14584.86986
4993,Lower Subansiri,5,12,Arunanchal Pradesh,09-01-2010,14516.43986
4994,Papum Pare,4,12,Arunanchal Pradesh,09-01-2010,14757.06578
4995,Tuensang,2,13,Nagaland,09-01-2010,14793.96409
4996,Wokha,5,13,Nagaland,09-01-2010,14980.13866
4997,Zunheboto,4,13,Nagaland,09-01-2010,14839.28761
4998,Dimapur,6,13,Nagaland,09-01-2010,14960.64343
4999,Kohima,7,13,Nagaland,09-01-2010,14902.18302
5000,Mokokchung,3,13,Nagaland,09-01-2010,14943.74495
5001,Mon,1,13,Nagaland,09-01-2010,14955.79044
5002,Phek,8,13,Nagaland,09-01-2010,14811.03106
5003,Bishnupur,4,14,Manipur,09-01-2010,14938.28508
5004,Chandel,9,14,Manipur,09-01-2010,14943.58995
5005,Churachandpur,3,14,Manipur,09-01-2010,14916.52404
5006,Tamenglong,2,14,Manipur,09-01-2010,14895.63778
5007,Thoubal,5,14,Manipur,09-01-2010,14995.94208
5008,Ukhrul,8,14,Manipur,09-01-2010,14831.37224
5009,Imphal East,7,14,Manipur,09-01-2010,14970.39453
5010,Imphal West,6,14,Manipur,09-01-2010,14911.76608
5011,Senapati (Excl. 3 sub-divisions),1,14,Manipur,09-01-2010,14829.67003
5012,Aizawl,3,15,Mizoram,09-01-2010,14913.98788
5013,Champhai,4,15,Mizoram,09-01-2010,14884.91106
5014,Kolasib,2,15,Mizoram,09-01-2010,14910.13598
5015,Mamit,1,15,Mizoram,09-01-2010,14909.29898
5016,Lunglei,6,15,Mizoram,09-01-2010,14939.89691
5017,Lawngtlai,7,15,Mizoram,09-01-2010,14953.79146
5018,Saiha,8,15,Mizoram,09-01-2010,14902.72505
5019,Serchhip,5,15,Mizoram,09-01-2010,14910.38159
5020,Dhalai,3,16,Tripura,09-01-2010,14960.93423
5021,South Tripura,2,16,Tripura,09-01-2010,14967.50852
5022,West Tripura,1,16,Tripura,09-01-2010,14984.98266
5023,North Tripura,4,16,Tripura,09-01-2010,14935.88803
5024,East Garo Hills,2,17,Meghalaya,09-01-2010,15014.56951
5025,East Khasi Hills,6,17,Meghalaya,09-01-2010,14872.26187
5026,Ri Bhoi,5,17,Meghalaya,09-01-2010,14995.84392
5027,South Garo Hills,3,17,Meghalaya,09-01-2010,14955.33371
5028,West Garo Hills,1,17,Meghalaya,09-01-2010,15010.07446
5029,West Khasi Hills,4,17,Meghalaya,09-01-2010,14900.07448
5030,Jaintia Hills,7,17,Meghalaya,09-01-2010,14897.37002
5031,Barpeta,5,18,Assam,09-01-2010,15083.66426
5032,Bongaigaon,4,18,Assam,09-01-2010,15113.92795
5033,Cachar,21,18,Assam,09-01-2010,14978.88686
5034,Darrang,8,18,Assam,09-01-2010,15070.34222
5035,Dhemaji,13,18,Assam,09-01-2010,15044.96084
5036,Dhubri,2,18,Assam,09-01-2010,15068.28817
5037,Dibrugarh,15,18,Assam,09-01-2010,14992.86733
5038,Kamrup,6,18,Assam,09-01-2010,15069.4541
5039,Karbi Anglong,19,18,Assam,09-01-2010,14953.23713
5040,Goalpara,3,18,Assam,09-01-2010,15070.50799
5041,Golaghat,18,18,Assam,09-01-2010,14978.21346
5042,Hailakandi,23,18,Assam,09-01-2010,14937.82517
5043,Sonitpur,11,18,Assam,09-01-2010,15024.44027
5044,Sibsagar,16,18,Assam,09-01-2010,15029.58112
5045,Tinsukia,14,18,Assam,09-01-2010,15054.33691
5046,Jorhat,17,18,Assam,09-01-2010,14981.18666
5047,Karimganj,22,18,Assam,09-01-2010,14967.91782
5048,Kokrajhar,1,18,Assam,09-01-2010,15105.8234
5049,Lakhimpur,12,18,Assam,09-01-2010,14997.41219
5050,Nagaon,10,18,Assam,09-01-2010,15047.30375
5051,Marigaon,9,18,Assam,09-01-2010,15054.05334
5052,Nalbari,7,18,Assam,09-01-2010,15112.03398
5053,North Cachar Hills,20,18,Assam,09-01-2010,14935.61602
5054,Hugli,12,19,West Bengal,09-01-2010,15072.3133
5055,Barddhaman,9,19,West Bengal,09-01-2010,15121.38093
5056,Birbhum,8,19,West Bengal,09-01-2010,15132.86987
5057,Bankura,13,19,West Bengal,09-01-2010,15182.32577
5058,Dakshin Dinajpur,5,19,West Bengal,09-01-2010,15084.92155
5059,Darjiling,1,19,West Bengal,09-01-2010,14913.33056
5060,Haora,16,19,West Bengal,09-01-2010,15081.77163
5061,South  Twenty Four Parganas,18,19,West Bengal,09-01-2010,15045.45741
5062,Uttar Dinajpur,4,19,West Bengal,09-01-2010,15096.05761
5063,Jalpaiguri,2,19,West Bengal,09-01-2010,15092.84492
5064,Koch Bihar,3,19,West Bengal,09-01-2010,15076.36038
5065,Murshidabad,7,19,West Bengal,09-01-2010,15122.79518
5066,Puruliya,14,19,West Bengal,09-01-2010,15195.24986
5067,Kolkata,17,19,West Bengal,09-01-2010,15323.46872
5068,Maldah,6,19,West Bengal,09-01-2010,15112.29524
5069,Nadia,10,19,West Bengal,09-01-2010,15148.50735
5070,North Twenty Four Parganas,11,19,West Bengal,09-01-2010,15046.76916
5071,Medinipur,15,19,West Bengal,09-01-2010,15112.41452
5072,Bokaro,13,20,Jharkhand,09-01-2010,15180.17134
5073,Deoghar,7,20,Jharkhand,09-01-2010,15250.40965
5074,Dhanbad,12,20,Jharkhand,09-01-2010,15183.29986
5075,Dumka,11,20,Jharkhand,09-01-2010,15198.57832
5076,Giridih,6,20,Jharkhand,09-01-2010,15228.40704
5077,Godda,8,20,Jharkhand,09-01-2010,15191.59384
5078,Gumla,16,20,Jharkhand,09-01-2010,15109.72782
5079,Ranchi,14,20,Jharkhand,09-01-2010,15104.179
5080,Sahibganj,9,20,Jharkhand,09-01-2010,15124.9008
5081,Garhwa,1,20,Jharkhand,09-01-2010,15148.60618
5082,Palamu,2,20,Jharkhand,09-01-2010,15132.52247
5083,Chatra,3,20,Jharkhand,09-01-2010,15161.28489
5084,Hazaribagh,4,20,Jharkhand,09-01-2010,15122.66801
5085,Kodarma,5,20,Jharkhand,09-01-2010,15149.59624
5086,Purbi Singhbhum,18,20,Jharkhand,09-01-2010,15197.81532
5087,Lohardaga,15,20,Jharkhand,09-01-2010,15041.41999
5088,Pakaur,10,20,Jharkhand,09-01-2010,15188.1756
5089,Pashchimi Singhbhum,17,20,Jharkhand,09-01-2010,15142.53703
5090,Anugul,15,21,Orissa,09-01-2010,15146.09885
5091,Bhadrak,9,21,Orissa,09-01-2010,15128.25984
5092,Baudh,22,21,Orissa,09-01-2010,15118.71408
5093,Balangir,24,21,Orissa,09-01-2010,15142.40333
5094,Baleshwar,8,21,Orissa,09-01-2010,15080.89545
5095,Bargarh,1,21,Orissa,09-01-2010,15107.8314
5096,Kendrapara,10,21,Orissa,09-01-2010,15113.25523
5097,Kendujhar,6,21,Orissa,09-01-2010,15134.95643
5098,Debagarh,4,21,Orissa,09-01-2010,15132.09167
5099,Cuttack,12,21,Orissa,09-01-2010,15140.96324
5100,Dhenkanal,14,21,Orissa,09-01-2010,15182.87358
5101,Kalahandi,26,21,Orissa,09-01-2010,15092.51162
5102,Ganjam,19,21,Orissa,09-01-2010,15116.29661
5103,Gajapati,20,21,Orissa,09-01-2010,15028.09379
5104,Rayagada,27,21,Orissa,09-01-2010,15072.34219
5105,Sundargarh,5,21,Orissa,09-01-2010,15125.39377
5106,Sonapur,23,21,Orissa,09-01-2010,15125.62489
5107,Jajapur,13,21,Orissa,09-01-2010,15172.94722
5108,Jagatsinghapur,11,21,Orissa,09-01-2010,15108.7037
5109,Jharsuguda,2,21,Orissa,09-01-2010,15126.33141
5110,Khordha,17,21,Orissa,09-01-2010,15154.25287
5111,Mayurbhanj,7,21,Orissa,09-01-2010,15116.92817
5112,Puri,18,21,Orissa,09-01-2010,15099.56159
5113,Koraput,29,21,Orissa,09-01-2010,15056.16525
5114,Malkangiri,30,21,Orissa,09-01-2010,15074.05088
5115,Nabarangapur,28,21,Orissa,09-01-2010,15056.32918
5116,Nayagarh,16,21,Orissa,09-01-2010,15125.59713
5117,Nuapada,25,21,Orissa,09-01-2010,15096.15615
5118,Kandhamal,21,21,Orissa,09-01-2010,15024.64284
5119,Sambalpur,3,21,Orissa,09-01-2010,15110.21756
5120,Bastar,15,22,Chhattisgarh,09-01-2010,15053.37911
5121,Dantewada,16,22,Chhattisgarh,09-01-2010,15066.96575
5122,Dhamtari,13,22,Chhattisgarh,09-01-2010,15054.91042
5123,Durg,10,22,Chhattisgarh,09-01-2010,15096.92312
5124,Kanker,14,22,Chhattisgarh,09-01-2010,15067.18805
5125,Surguja,2,22,Chhattisgarh,09-01-2010,15088.51967
5126,Bilaspur,7,22,Chhattisgarh,09-01-2010,15080.14069
5127,Janjgir - Champa,6,22,Chhattisgarh,09-01-2010,15084.34716
5128,Korba,5,22,Chhattisgarh,09-01-2010,15085.19087
5129,Kawardha,8,22,Chhattisgarh,09-01-2010,15071.40618
5130,Jashpur,3,22,Chhattisgarh,09-01-2010,15092.65675
5131,Koriya,1,22,Chhattisgarh,09-01-2010,15083.71134
5132,Mahasamund,12,22,Chhattisgarh,09-01-2010,15091.69614
5133,Raigarh,4,22,Chhattisgarh,09-01-2010,15098.51032
5134,Raipur,11,22,Chhattisgarh,09-01-2010,15088.45449
5135,Rajnandgaon,9,22,Chhattisgarh,09-01-2010,15076.38774
5136,Hoshangabad,37,23,Madhya Pradesh,09-01-2010,15137.58173
5137,Indore,26,23,Madhya Pradesh,09-01-2010,15317.0281
5138,Bhind,3,23,Madhya Pradesh,09-01-2010,15273.84152
5139,Bhopal,32,23,Madhya Pradesh,09-01-2010,15262.76429
5140,Barwani,28,23,Madhya Pradesh,09-01-2010,15253.22577
5141,Betul,35,23,Madhya Pradesh,09-01-2010,15156.1882
5142,Balaghat,45,23,Madhya Pradesh,09-01-2010,15050.46884
5143,Chhatarpur,9,23,Madhya Pradesh,09-01-2010,15220.8594
5144,Chhindwara,43,23,Madhya Pradesh,09-01-2010,15164.30095
5145,Dewas,23,23,Madhya Pradesh,09-01-2010,15290.4088
5146,Katni,38,23,Madhya Pradesh,09-01-2010,15168.73595
5147,Datia,5,23,Madhya Pradesh,09-01-2010,15265.23422
5148,Damoh,12,23,Madhya Pradesh,09-01-2010,15201.63269
5149,Dhar,25,23,Madhya Pradesh,09-01-2010,15296.38095
5150,East Nimar,29,23,Madhya Pradesh,09-01-2010,15222.9622
5151,Guna,7,23,Madhya Pradesh,09-01-2010,15238.05613
5152,Gwalior,4,23,Madhya Pradesh,09-01-2010,15256.02158
5153,Harda,36,23,Madhya Pradesh,09-01-2010,15138.69584
5154,Shajapur,22,23,Madhya Pradesh,09-01-2010,15370.22779
5155,Shivpuri,6,23,Madhya Pradesh,09-01-2010,15213.25391
5156,Ratlam,20,23,Madhya Pradesh,09-01-2010,15327.67834
5157,Rewa,14,23,Madhya Pradesh,09-01-2010,15222.03183
5158,Sagar,11,23,Madhya Pradesh,09-01-2010,15203.01251
5159,Sidhi,17,23,Madhya Pradesh,09-01-2010,15154.94839
5160,Ujjain,21,23,Madhya Pradesh,09-01-2010,15374.41469
5161,Vidisha,31,23,Madhya Pradesh,09-01-2010,15299.95235
5162,West Nimar,27,23,Madhya Pradesh,09-01-2010,15306.21571
5163,Morena,2,23,Madhya Pradesh,09-01-2010,15259.11412
5164,Sheopur,1,23,Madhya Pradesh,09-01-2010,15217.72087
5165,Dindori,41,23,Madhya Pradesh,09-01-2010,15076.22606
5166,Mandla,42,23,Madhya Pradesh,09-01-2010,15090.31358
5167,Shahdol,16,23,Madhya Pradesh,09-01-2010,15130.05625
5168,Umaria,15,23,Madhya Pradesh,09-01-2010,15137.9144
5169,Jabalpur,39,23,Madhya Pradesh,09-01-2010,15164.32867
5170,Jhabua,24,23,Madhya Pradesh,09-01-2010,15279.82942
5171,Mandsaur,19,23,Madhya Pradesh,09-01-2010,15353.61443
5172,Tikamgarh,8,23,Madhya Pradesh,09-01-2010,15237.56478
5173,Narsimhapur,40,23,Madhya Pradesh,09-01-2010,15209.98128
5174,Neemuch,18,23,Madhya Pradesh,09-01-2010,15299.66602
5175,Panna,10,23,Madhya Pradesh,09-01-2010,15184.77643
5176,Raisen,34,23,Madhya Pradesh,09-01-2010,15209.44746
5177,Rajgarh,30,23,Madhya Pradesh,09-01-2010,15304.88795
5178,Satna,13,23,Madhya Pradesh,09-01-2010,15164.32827
5179,Sehore,33,23,Madhya Pradesh,09-01-2010,15252.07361
5180,Seoni,44,23,Madhya Pradesh,09-01-2010,15137.36567
5181,Anand,15,24,Gujarat,09-01-2010,15246.0347
5182,Ahmadabad,7,24,Gujarat,09-01-2010,15261.61973
5183,Amreli,13,24,Gujarat,09-01-2010,15211.39653
5184,Bhavnagar,14,24,Gujarat,09-01-2010,15261.19733
5185,Banas Kantha,2,24,Gujarat,09-01-2010,15344.28163
5186,Dohad,18,24,Gujarat,09-01-2010,15206.09016
5187,Junagadh,12,24,Gujarat,09-01-2010,15202.77243
5188,Kachchh,1,24,Gujarat,09-01-2010,15342.53213
5189,Gandhinagar,6,24,Gujarat,09-01-2010,15289.24863
5190,Sabar Kantha,5,24,Gujarat,09-01-2010,15230.21641
5191,Surendranagar,8,24,Gujarat,09-01-2010,15316.47988
5192,The Dangs,23,24,Gujarat,09-01-2010,15046.76711
5193,Vadodara,19,24,Gujarat,09-01-2010,15243.60661
5194,Valsad,25,24,Gujarat,09-01-2010,15115.57143
5195,Bharuch,21,24,Gujarat,09-01-2010,15262.85431
5196,Surat,22,24,Gujarat,09-01-2010,15160.52064
5197,Jamnagar,10,24,Gujarat,09-01-2010,15236.48746
5198,Kheda,16,24,Gujarat,09-01-2010,15281.13609
5199,Mahesana,4,24,Gujarat,09-01-2010,15317.93951
5200,Narmada,20,24,Gujarat,09-01-2010,15150.34806
5201,Navsari,24,24,Gujarat,09-01-2010,15149.72796
5202,Panch Mahals,17,24,Gujarat,09-01-2010,15210.10663
5203,Patan,3,24,Gujarat,09-01-2010,15371.78809
5204,Porbandar,11,24,Gujarat,09-01-2010,15217.23365
5205,Rajkot,9,24,Gujarat,09-01-2010,15246.05611
5206,Daman,2,25,Daman & Diu,09-01-2010,15128.50444
5207,Diu,1,25,Daman & Diu,09-01-2010,15201.67211
5208,Hingoli,16,27,Maharashtra,09-01-2010,15169.44691
5209,Aurangabad,19,27,Maharashtra,09-01-2010,15164.97189
5210,Ahmadnagar,26,27,Maharashtra,09-01-2010,15197.09259
5211,Akola,5,27,Maharashtra,09-01-2010,15317.136
5212,Amravati,7,27,Maharashtra,09-01-2010,15223.12743
5213,Bid,27,27,Maharashtra,09-01-2010,15151.31811
5214,Bhandara,10,27,Maharashtra,09-01-2010,15089.89833
5215,Buldana,4,27,Maharashtra,09-01-2010,15221.68608
5216,Chandrapur,13,27,Maharashtra,09-01-2010,15123.26522
5217,Dhule,2,27,Maharashtra,09-01-2010,15311.63554
5218,Gadchiroli,12,27,Maharashtra,09-01-2010,15058.08807
5219,Gondiya,11,27,Maharashtra,09-01-2010,15066.55043
5220,Ratnagiri,32,27,Maharashtra,09-01-2010,15096.03032
5221,Raigarh,24,27,Maharashtra,09-01-2010,15084.4191
5222,Thane,21,27,Maharashtra,09-01-2010,15111.6924
5223,Solapur,30,27,Maharashtra,09-01-2010,15292.90179
5224,Sindhudurg,33,27,Maharashtra,09-01-2010,15068.45177
5225,Wardha,8,27,Maharashtra,09-01-2010,15201.08945
5226,Washim,6,27,Maharashtra,09-01-2010,15165.68334
5227,Yavatmal,14,27,Maharashtra,09-01-2010,15165.70375
5228,Jalgaon,3,27,Maharashtra,09-01-2010,15262.27004
5229,Jalna,18,27,Maharashtra,09-01-2010,15182.69493
5230,Kolhapur,34,27,Maharashtra,09-01-2010,15037.54139
5231,Latur,28,27,Maharashtra,09-01-2010,15154.79023
5232,Pune,25,27,Maharashtra,09-01-2010,15148.07113
5233,Nagpur,9,27,Maharashtra,09-01-2010,15171.83389
5234,Mumbai,23,27,Maharashtra,09-01-2010,15112.9905
5235,Mumbai (Suburban),22,27,Maharashtra,09-01-2010,15138.78344
5236,Nanded,15,27,Maharashtra,09-01-2010,15158.36444
5237,Nandurbar,1,27,Maharashtra,09-01-2010,15220.34663
5238,Nashik,20,27,Maharashtra,09-01-2010,15180.47447
5239,Osmanabad,29,27,Maharashtra,09-01-2010,15197.38044
5240,Parbhani,17,27,Maharashtra,09-01-2010,15175.04805
5241,Sangli,35,27,Maharashtra,09-01-2010,15231.36649
5242,Satara,31,27,Maharashtra,09-01-2010,15147.09638
5243,Hyderabad,5,28,Andhra Pradesh,09-01-2010,15345.0384
5244,Anantapur,22,28,Andhra Pradesh,09-01-2010,15380.80659
5245,Adilabad,1,28,Andhra Pradesh,09-01-2010,15133.69395
5246,Chittoor,23,28,Andhra Pradesh,09-01-2010,15255.82854
5247,Cuddapah,20,28,Andhra Pradesh,09-01-2010,15334.175
5248,East Godavari,14,28,Andhra Pradesh,09-01-2010,15063.89305
5249,Karimnagar,3,28,Andhra Pradesh,09-01-2010,15115.01017
5250,Guntur,17,28,Andhra Pradesh,09-01-2010,15285.07452
5251,Rangareddi,6,28,Andhra Pradesh,09-01-2010,15192.70832
5252,Srikakulam,11,28,Andhra Pradesh,09-01-2010,15123.84949
5253,West Godavari,15,28,Andhra Pradesh,09-01-2010,15125.00729
5254,Visakhapatnam,13,28,Andhra Pradesh,09-01-2010,15064.80372
5255,Vizianagaram,12,28,Andhra Pradesh,09-01-2010,15145.54413
5256,Warangal,9,28,Andhra Pradesh,09-01-2010,15145.30529
5257,Khammam,10,28,Andhra Pradesh,09-01-2010,15120.65457
5258,Medak,4,28,Andhra Pradesh,09-01-2010,15140.44277
5259,Krishna,16,28,Andhra Pradesh,09-01-2010,15142.56561
5260,Kurnool,21,28,Andhra Pradesh,09-01-2010,15330.13758
5261,Mahbubnagar,7,28,Andhra Pradesh,09-01-2010,15247.51482
5262,Nalgonda,8,28,Andhra Pradesh,09-01-2010,15242.43544
5263,Nellore,19,28,Andhra Pradesh,09-01-2010,15364.38285
5264,Nizamabad,2,28,Andhra Pradesh,09-01-2010,15074.51057
5265,Prakasam,18,28,Andhra Pradesh,09-01-2010,15340.37845
5266,Hassan,23,29,Karnataka,09-01-2010,14995.03159
5267,Haveri,11,29,Karnataka,09-01-2010,15063.23202
5268,Bagalkot,2,29,Karnataka,09-01-2010,15282.89236
5269,Bangalore,20,29,Karnataka,09-01-2010,15162.33619
5270,Bidar,5,29,Karnataka,09-01-2010,15199.77728
5271,Bijapur,3,29,Karnataka,09-01-2010,15334.40876
5272,Belgaum,1,29,Karnataka,09-01-2010,15158.57126
5273,Bellary,12,29,Karnataka,09-01-2010,15264.35572
5274,Bangalore Rural,21,29,Karnataka,09-01-2010,15144.8172
5275,Chamarajanagar,27,29,Karnataka,09-01-2010,15186.6144
5276,Chikmagalur,17,29,Karnataka,09-01-2010,14961.33016
5277,Chitradurga,13,29,Karnataka,09-01-2010,15219.42092
5278,Dakshina Kannada,24,29,Karnataka,09-01-2010,15068.74809
5279,Davanagere,14,29,Karnataka,09-01-2010,15048.55389
5280,Dharwad,9,29,Karnataka,09-01-2010,15214.66495
5281,Gulbarga,4,29,Karnataka,09-01-2010,15262.35934
5282,Gadag,8,29,Karnataka,09-01-2010,15312.36372
5283,Shimoga,15,29,Karnataka,09-01-2010,14961.44769
5284,Tumkur,18,29,Karnataka,09-01-2010,15147.38243
5285,Udupi,16,29,Karnataka,09-01-2010,15025.30027
5286,Uttara Kannada,10,29,Karnataka,09-01-2010,14973.55009
5287,Kodagu,25,29,Karnataka,09-01-2010,14929.97012
5288,Kolar,19,29,Karnataka,09-01-2010,15224.35431
5289,Mandya,22,29,Karnataka,09-01-2010,15146.78576
5290,Koppal,7,29,Karnataka,09-01-2010,15305.9035
5291,Mysore,26,29,Karnataka,09-01-2010,15167.65662
5292,Raichur,6,29,Karnataka,09-01-2010,15306.13779
5293,South Goa,2,30,Goa,09-01-2010,15096.53946
5294,North Goa,1,30,Goa,09-01-2010,15079.85394
5295,Idukki,9,32,Kerala,09-01-2010,14926.67651
5296,Alappuzha,11,32,Kerala,09-01-2010,15055.8538
5297,Kasaragod,1,32,Kerala,09-01-2010,15137.79321
5298,Kannur,2,32,Kerala,09-01-2010,15089.74365
5299,Ernakulam,8,32,Kerala,09-01-2010,15075.81008
5300,Thrissur,7,32,Kerala,09-01-2010,15030.03624
5301,Thiruvananthapuram,14,32,Kerala,09-01-2010,15019.1788
5302,Wayanad,3,32,Kerala,09-01-2010,14932.95801
5303,Kollam,13,32,Kerala,09-01-2010,15013.32567
5304,Kottayam,10,32,Kerala,09-01-2010,15095.67946
5305,Kozhikode,4,32,Kerala,09-01-2010,15079.56884
5306,Malappuram,5,32,Kerala,09-01-2010,15052.0184
5307,Palakkad,6,32,Kerala,09-01-2010,15014.53083
5308,Pathanamthitta,12,32,Kerala,09-01-2010,14977.23875
5309,Ariyalur,17,33,Tamil Nadu,09-01-2010,15467.14104
5310,Coimbatore,12,33,Tamil Nadu,09-01-2010,15437.31824
5311,Cuddalore,18,33,Tamil Nadu,09-01-2010,15475.61529
5312,Dharmapuri,5,33,Tamil Nadu,09-01-2010,15267.74407
5313,Dindigul,13,33,Tamil Nadu,09-01-2010,15456.71542
5314,Erode,10,33,Tamil Nadu,09-01-2010,15415.46389
5315,Sivaganga,23,33,Tamil Nadu,09-01-2010,15604.03963
5316,Tiruchirappalli,15,33,Tamil Nadu,09-01-2010,15499.93934
5317,Tirunelveli,29,33,Tamil Nadu,09-01-2010,15711.05948
5318,Tiruvannamalai,6,33,Tamil Nadu,09-01-2010,15336.82415
5319,Thoothukkudi,28,33,Tamil Nadu,09-01-2010,15887.90922
5320,Theni,25,33,Tamil Nadu,09-01-2010,15464.97263
5321,Vellore,4,33,Tamil Nadu,09-01-2010,15245.9538
5322,Viluppuram,7,33,Tamil Nadu,09-01-2010,15422.14735
5323,Virudhunagar,26,33,Tamil Nadu,09-01-2010,15932.7254
5324,Chennai,2,33,Tamil Nadu,09-01-2010,15477.31452
5325,Kancheepuram,3,33,Tamil Nadu,09-01-2010,15293.71881
5326,Thiruvallur,1,33,Tamil Nadu,09-01-2010,15282.28506
5327,Thanjavur,21,33,Tamil Nadu,09-01-2010,15362.34212
5328,Thiruvarur,20,33,Tamil Nadu,09-01-2010,15384.18625
5329,Nagapattinam,19,33,Tamil Nadu,09-01-2010,15390.25315
5330,Kanniyakumari,30,33,Tamil Nadu,09-01-2010,15102.79006
5331,Karur,14,33,Tamil Nadu,09-01-2010,15643.62016
5332,Madurai,24,33,Tamil Nadu,09-01-2010,15727.81612
5333,Namakkal,9,33,Tamil Nadu,09-01-2010,15401.04325
5334,The Nilgiris,11,33,Tamil Nadu,09-01-2010,14845.96726
5335,Perambalur,16,33,Tamil Nadu,09-01-2010,15591.93244
5336,Pudukkottai,22,33,Tamil Nadu,09-01-2010,15459.89678
5337,Ramanathapuram,27,33,Tamil Nadu,09-01-2010,15752.92558
5338,Salem,8,33,Tamil Nadu,09-01-2010,15301.37569
5339,Yanam,1,34,Puducherry,09-01-2010,15217.89832
5340,Karaikal,4,34,Puducherry,09-01-2010,15373.42929
5341,Mahe,3,34,Puducherry,09-01-2010,15009.4615
5342,Pondicherry,2,34,Puducherry,09-01-2010,15339.21527
5343,Nicobars,2,35,Andaman & Nicobar Island,09-01-2010,14999.36828
5344,Andamans,1,35,Andaman & Nicobar Island,09-01-2010,14965.11955
5345,Chandigarh,1,4,Chandigarh,10-01-2010,15183.24447
5346,Dadra & Nagar Haveli,1,26,Dadara & Nagar Havelli,10-01-2010,15170.35629
5347,Lakshadweep,1,31,Lakshadweep,10-01-2010,15031.51845
5348,Data Not Available,99,99,Jammu and Kashmir,10-01-2010,14174.47026
5349,Anantnag,6,1,Jammu and Kashmir,10-01-2010,14448.52128
5350,Badgam,4,1,Jammu and Kashmir,10-01-2010,14581.6541
5351,Baramula,2,1,Jammu and Kashmir,10-01-2010,14525.15616
5352,Doda,9,1,Jammu and Kashmir,10-01-2010,14284.5195
5353,Jammu,13,1,Jammu and Kashmir,10-01-2010,15050.62103
5354,Kargil,8,1,Jammu and Kashmir,10-01-2010,14343.35626
5355,Kathua,14,1,Jammu and Kashmir,10-01-2010,14923.7114
5356,Leh (Ladakh),7,1,Jammu and Kashmir,10-01-2010,14300.83277
5357,Kupwara,1,1,Jammu and Kashmir,10-01-2010,14590.6281
5358,Punch,11,1,Jammu and Kashmir,10-01-2010,14724.18425
5359,Pulwama,5,1,Jammu and Kashmir,10-01-2010,14697.37669
5360,Rajauri,12,1,Jammu and Kashmir,10-01-2010,14863.21577
5361,Srinagar,3,1,Jammu and Kashmir,10-01-2010,14438.03157
5362,Udhampur,10,1,Jammu and Kashmir,10-01-2010,14750.04369
5363,Bilaspur,8,2,Himachal Pradesh,10-01-2010,14924.21992
5364,Chamba,1,2,Himachal Pradesh,10-01-2010,14450.8937
5365,Hamirpur,6,2,Himachal Pradesh,10-01-2010,14950.90715
5366,Kangra,2,2,Himachal Pradesh,10-01-2010,14784.36952
5367,Kinnaur,12,2,Himachal Pradesh,10-01-2010,14218.12203
5368,Lahul & Spiti,3,2,Himachal Pradesh,10-01-2010,14123.72844
5369,Kullu,4,2,Himachal Pradesh,10-01-2010,14295.77151
5370,Mandi,5,2,Himachal Pradesh,10-01-2010,14772.19885
5371,Shimla,11,2,Himachal Pradesh,10-01-2010,14599.91499
5372,Sirmaur,10,2,Himachal Pradesh,10-01-2010,14885.83098
5373,Solan,9,2,Himachal Pradesh,10-01-2010,14913.88824
5374,Una,7,2,Himachal Pradesh,10-01-2010,15011.6457
5375,Hoshiarpur,5,3,Punjab,10-01-2010,15107.15554
5376,Amritsar,2,3,Punjab,10-01-2010,15119.47992
5377,Firozpur,11,3,Punjab,10-01-2010,15181.2742
5378,Bathinda,14,3,Punjab,10-01-2010,15173.55756
5379,Gurdaspur,1,3,Punjab,10-01-2010,15074.66956
5380,Faridkot,13,3,Punjab,10-01-2010,15203.79728
5381,Fatehgarh Sahib,8,3,Punjab,10-01-2010,15114.48483
5382,Jalandhar,4,3,Punjab,10-01-2010,15171.29668
5383,Kapurthala,3,3,Punjab,10-01-2010,15160.64878
5384,Ludhiana,9,3,Punjab,10-01-2010,15110.40037
5385,Mansa,15,3,Punjab,10-01-2010,15152.07463
5386,Moga,10,3,Punjab,10-01-2010,15121.89193
5387,Muktsar,12,3,Punjab,10-01-2010,15188.22169
5388,Nawanshahr,6,3,Punjab,10-01-2010,15109.66577
5389,Patiala,17,3,Punjab,10-01-2010,15120.19965
5390,Sangrur,16,3,Punjab,10-01-2010,15104.55098
5391,Rupnagar,7,3,Punjab,10-01-2010,15101.35063
5392,Hardwar,13,5,Uttarakhand,10-01-2010,15077.82931
5393,Bageshwar,8,5,Uttarakhand,10-01-2010,14600.87289
5394,Almora,9,5,Uttarakhand,10-01-2010,14876.22627
5395,Chamoli,2,5,Uttarakhand,10-01-2010,14242.9606
5396,Champawat,10,5,Uttarakhand,10-01-2010,14860.62134
5397,Dehradun,5,5,Uttarakhand,10-01-2010,14905.66241
5398,Garhwal,6,5,Uttarakhand,10-01-2010,14866.99366
5399,Nainital,11,5,Uttarakhand,10-01-2010,14940.47392
5400,Pithoragarh,7,5,Uttarakhand,10-01-2010,14379.46628
5401,Rudraprayag,3,5,Uttarakhand,10-01-2010,14487.36182
5402,Tehri Garhwal,4,5,Uttarakhand,10-01-2010,14687.29843
5403,Udham Singh Nagar,12,5,Uttarakhand,10-01-2010,15128.62411
5404,Uttarkashi,1,5,Uttarakhand,10-01-2010,14293.59014
5405,Hisar,12,6,Haryana,10-01-2010,15273.67286
5406,Ambala,2,6,Haryana,10-01-2010,15116.25124
5407,Gurgaon,18,6,Haryana,10-01-2010,15317.85704
5408,Faridabad,19,6,Haryana,10-01-2010,15226.3473
5409,Fatehabad,10,6,Haryana,10-01-2010,15174.68689
5410,Jind,9,6,Haryana,10-01-2010,15141.58203
5411,Kaithal,5,6,Haryana,10-01-2010,15106.08087
5412,Karnal,6,6,Haryana,10-01-2010,15107.45566
5413,Kurukshetra,4,6,Haryana,10-01-2010,15116.67808
5414,Panchkula,1,6,Haryana,10-01-2010,15059.52883
5415,Panipat,7,6,Haryana,10-01-2010,15086.75875
5416,Rohtak,14,6,Haryana,10-01-2010,15196.59985
5417,Sirsa,11,6,Haryana,10-01-2010,15253.01872
5418,Sonipat,8,6,Haryana,10-01-2010,15139.53444
5419,Yamunanagar,3,6,Haryana,10-01-2010,15085.65671
5420,Jhajjar,15,6,Haryana,10-01-2010,15306.44737
5421,Mahendragarh,16,6,Haryana,10-01-2010,15504.06312
5422,Rewari,17,6,Haryana,10-01-2010,15470.91212
5423,Bhiwani,13,6,Haryana,10-01-2010,15434.82842
5424,Central,6,7,Delhi  & NCR,10-01-2010,15215.85016
5425,East,4,7,Delhi  & NCR,10-01-2010,15208.55891
5426,New Delhi,5,7,Delhi  & NCR,10-01-2010,15167.23706
5427,North,2,7,Delhi  & NCR,10-01-2010,15183.24188
5428,North East,3,7,Delhi  & NCR,10-01-2010,15204.7513
5429,North West,1,7,Delhi  & NCR,10-01-2010,15214.42356
5430,South,9,7,Delhi  & NCR,10-01-2010,15188.3806
5431,South West,8,7,Delhi  & NCR,10-01-2010,15282.08485
5432,West,7,7,Delhi  & NCR,10-01-2010,15255.56674
5433,Ajmer,21,8,Rajasthan,10-01-2010,15474.39203
5434,Banswara,28,8,Rajasthan,10-01-2010,15444.6049
5435,Barmer,17,8,Rajasthan,10-01-2010,15721.15321
5436,Bhilwara,24,8,Rajasthan,10-01-2010,15469.90817
5437,Bikaner,3,8,Rajasthan,10-01-2010,15767.95388
5438,Bharatpur,7,8,Rajasthan,10-01-2010,15476.86572
5439,Bundi,23,8,Rajasthan,10-01-2010,15470.9347
5440,Chittaurgarh,29,8,Rajasthan,10-01-2010,15436.65977
5441,Churu,4,8,Rajasthan,10-01-2010,15583.55338
5442,Dausa,11,8,Rajasthan,10-01-2010,15478.32801
5443,Dhaulpur,8,8,Rajasthan,10-01-2010,15432.84194
5444,Dungarpur,27,8,Rajasthan,10-01-2010,15426.92354
5445,Karauli,9,8,Rajasthan,10-01-2010,15449.81761
5446,Jaipur,12,8,Rajasthan,10-01-2010,15475.23411
5447,Jaisalmer,16,8,Rajasthan,10-01-2010,15895.31423
5448,Jalor,18,8,Rajasthan,10-01-2010,15632.96665
5449,Jhalawar,32,8,Rajasthan,10-01-2010,15543.45693
5450,Jhunjhunun,5,8,Rajasthan,10-01-2010,15466.28239
5451,Jodhpur,15,8,Rajasthan,10-01-2010,15698.48756
5452,Kota,30,8,Rajasthan,10-01-2010,15504.26444
5453,Nagaur,14,8,Rajasthan,10-01-2010,15573.24027
5454,Pali,20,8,Rajasthan,10-01-2010,15562.47387
5455,Rajsamand,25,8,Rajasthan,10-01-2010,15382.92457
5456,Sawai Madhopur,10,8,Rajasthan,10-01-2010,15505.7177
5457,Sirohi,19,8,Rajasthan,10-01-2010,15487.51278
5458,Tonk,22,8,Rajasthan,10-01-2010,15533.76054
5459,Sikar,13,8,Rajasthan,10-01-2010,15481.905
5460,Alwar,6,8,Rajasthan,10-01-2010,15396.7941
5461,Udaipur,26,8,Rajasthan,10-01-2010,15348.44153
5462,Ganganagar,1,8,Rajasthan,10-01-2010,15510.69715
5463,Hanumangarh,2,8,Rajasthan,10-01-2010,15439.20743
5464,Baran,31,8,Rajasthan,10-01-2010,15517.40564
5465,Hathras,13,9,Uttar Pradesh,10-01-2010,15368.21101
5466,Auraiya,32,9,Uttar Pradesh,10-01-2010,15198.50676
5467,Azamgarh,61,9,Uttar Pradesh,10-01-2010,15183.87726
5468,Budaun,19,9,Uttar Pradesh,10-01-2010,15203.75627
5469,Agra,15,9,Uttar Pradesh,10-01-2010,15375.43131
5470,Aligarh,12,9,Uttar Pradesh,10-01-2010,15255.88417
5471,Allahabad,45,9,Uttar Pradesh,10-01-2010,15197.95077
5472,Ambedkar Nagar,48,9,Uttar Pradesh,10-01-2010,15136.8982
5473,Bareilly,20,9,Uttar Pradesh,10-01-2010,15157.83623
5474,Bijnor,3,9,Uttar Pradesh,10-01-2010,15129.11898
5475,Basti,55,9,Uttar Pradesh,10-01-2010,15129.20028
5476,Baghpat,8,9,Uttar Pradesh,10-01-2010,15128.51062
5477,Bahraich,50,9,Uttar Pradesh,10-01-2010,15143.90806
5478,Ballia,63,9,Uttar Pradesh,10-01-2010,15161.16287
5479,Balrampur,52,9,Uttar Pradesh,10-01-2010,15143.71659
5480,Banda,40,9,Uttar Pradesh,10-01-2010,15340.14111
5481,Barabanki,46,9,Uttar Pradesh,10-01-2010,15138.74973
5482,Chitrakoot,41,9,Uttar Pradesh,10-01-2010,15305.73235
5483,Chandauli,66,9,Uttar Pradesh,10-01-2010,15127.00898
5484,Deoria,60,9,Uttar Pradesh,10-01-2010,15128.85968
5485,Etah,17,9,Uttar Pradesh,10-01-2010,15256.64766
5486,Kanpur Dehat,33,9,Uttar Pradesh,10-01-2010,15233.09479
5487,Etawah,31,9,Uttar Pradesh,10-01-2010,15197.26085
5488,Faizabad,47,9,Uttar Pradesh,10-01-2010,15141.88741
5489,Ghazipur,65,9,Uttar Pradesh,10-01-2010,15175.85518
5490,Gonda,53,9,Uttar Pradesh,10-01-2010,15139.85061
5491,Gorakhpur,58,9,Uttar Pradesh,10-01-2010,15147.37103
5492,Farrukhabad,29,9,Uttar Pradesh,10-01-2010,15241.8933
5493,Fatehpur,42,9,Uttar Pradesh,10-01-2010,15254.55418
5494,Firozabad,16,9,Uttar Pradesh,10-01-2010,15318.91757
5495,Hamirpur,38,9,Uttar Pradesh,10-01-2010,15397.79219
5496,Hardoi,25,9,Uttar Pradesh,10-01-2010,15191.08119
5497,Jalaun,35,9,Uttar Pradesh,10-01-2010,15370.73258
5498,Jaunpur,64,9,Uttar Pradesh,10-01-2010,15210.19693
5499,Jhansi,36,9,Uttar Pradesh,10-01-2010,15461.01601
5500,Jyotiba Phule Nagar,6,9,Uttar Pradesh,10-01-2010,15147.44801
5501,Kannauj,30,9,Uttar Pradesh,10-01-2010,15275.73266
5502,Kanpur Nagar,34,9,Uttar Pradesh,10-01-2010,15262.08814
5503,Kaushambi,44,9,Uttar Pradesh,10-01-2010,15216.26626
5504,Kheri,23,9,Uttar Pradesh,10-01-2010,15116.0688
5505,Mirzapur,69,9,Uttar Pradesh,10-01-2010,15230.18206
5506,Moradabad,4,9,Uttar Pradesh,10-01-2010,15168.6503
5507,Muzaffarnagar,2,9,Uttar Pradesh,10-01-2010,15110.30185
5508,Rae Bareli,28,9,Uttar Pradesh,10-01-2010,15181.40557
5509,Kushinagar,59,9,Uttar Pradesh,10-01-2010,15113.54285
5510,Lucknow,27,9,Uttar Pradesh,10-01-2010,15189.69542
5511,Lalitpur,37,9,Uttar Pradesh,10-01-2010,15392.53107
5512,Mahrajganj,57,9,Uttar Pradesh,10-01-2010,15109.30218
5513,Mahoba,39,9,Uttar Pradesh,10-01-2010,15457.36087
5514,Mainpuri,18,9,Uttar Pradesh,10-01-2010,15229.84332
5515,Mathura,14,9,Uttar Pradesh,10-01-2010,15292.27915
5516,Mau,62,9,Uttar Pradesh,10-01-2010,15153.63694
5517,Meerut,7,9,Uttar Pradesh,10-01-2010,15136.13693
5518,Pilibhit,21,9,Uttar Pradesh,10-01-2010,15125.39991
5519,Pratapgarh,43,9,Uttar Pradesh,10-01-2010,15203.47695
5520,Rampur,5,9,Uttar Pradesh,10-01-2010,15160.38019
5521,Sant Ravidas Nagar Bhadohi,68,9,Uttar Pradesh,10-01-2010,15150.46
5522,Sant Kabir Nagar,56,9,Uttar Pradesh,10-01-2010,15132.24161
5523,Shahjahanpur,22,9,Uttar Pradesh,10-01-2010,15144.49371
5524,Shrawasti,51,9,Uttar Pradesh,10-01-2010,15147.36037
5525,Saharanpur,1,9,Uttar Pradesh,10-01-2010,15091.00551
5526,Sitapur,24,9,Uttar Pradesh,10-01-2010,15165.75967
5527,Sultanpur,49,9,Uttar Pradesh,10-01-2010,15180.96687
5528,Sonbhadra,70,9,Uttar Pradesh,10-01-2010,15193.01733
5529,Siddharthnagar,54,9,Uttar Pradesh,10-01-2010,15130.36411
5530,Unnao,26,9,Uttar Pradesh,10-01-2010,15209.88089
5531,Varanasi,67,9,Uttar Pradesh,10-01-2010,15219.64483
5532,Bulandshahr,11,9,Uttar Pradesh,10-01-2010,15173.28779
5533,Gautam Buddha Nagar,10,9,Uttar Pradesh,10-01-2010,15173.06504
5534,Ghaziabad,9,9,Uttar Pradesh,10-01-2010,15155.42204
5535,Araria,7,10,Bihar,10-01-2010,15150.75681
5536,Aurangabad,34,10,Bihar,10-01-2010,15166.65403
5537,Banka,23,10,Bihar,10-01-2010,15174.45884
5538,Bhagalpur,22,10,Bihar,10-01-2010,15192.65313
5539,Begusarai,20,10,Bihar,10-01-2010,15237.98776
5540,Saran,17,10,Bihar,10-01-2010,15151.07469
5541,Katihar,10,10,Bihar,10-01-2010,15163.18084
5542,Darbhanga,13,10,Bihar,10-01-2010,15142.89668
5543,Gopalganj,15,10,Bihar,10-01-2010,15117.47119
5544,Jamui,37,10,Bihar,10-01-2010,15195.89422
5545,Kishanganj,8,10,Bihar,10-01-2010,15140.85976
5546,Muzaffarpur,14,10,Bihar,10-01-2010,15151.86552
5547,Purnia,9,10,Bihar,10-01-2010,15203.9732
5548,Khagaria,21,10,Bihar,10-01-2010,15215.58158
5549,Madhubani,5,10,Bihar,10-01-2010,15138.13885
5550,Lakhisarai,25,10,Bihar,10-01-2010,15228.54006
5551,Madhepura,11,10,Bihar,10-01-2010,15163.5238
5552,Purba Champaran,2,10,Bihar,10-01-2010,15137.96319
5553,Munger,24,10,Bihar,10-01-2010,15135.63481
5554,Nalanda,27,10,Bihar,10-01-2010,15207.53159
5555,Nawada,36,10,Bihar,10-01-2010,15179.14774
5556,Pashchim Champaran,1,10,Bihar,10-01-2010,15094.84121
5557,Patna,28,10,Bihar,10-01-2010,15202.90359
5558,Samastipur,19,10,Bihar,10-01-2010,15192.03589
5559,Sheikhpura,26,10,Bihar,10-01-2010,15250.53707
5560,Sheohar,3,10,Bihar,10-01-2010,15139.21376
5561,Saharsa,12,10,Bihar,10-01-2010,15134.0676
5562,Sitamarhi,4,10,Bihar,10-01-2010,15136.98393
5563,Siwan,16,10,Bihar,10-01-2010,15126.87426
5564,Supaul,6,10,Bihar,10-01-2010,15128.01275
5565,Vaishali,18,10,Bihar,10-01-2010,15169.78777
5566,Kaimur (Bhabua),31,10,Bihar,10-01-2010,15124.71408
5567,Gaya,35,10,Bihar,10-01-2010,15245.14678
5568,Bhojpur,29,10,Bihar,10-01-2010,15165.68756
5569,Buxar,30,10,Bihar,10-01-2010,15162.22211
5570,Jehanabad,33,10,Bihar,10-01-2010,15221.3007
5571,Rohtas,32,10,Bihar,10-01-2010,15097.42069
5572,East,4,11,Sikkim,10-01-2010,14572.29331
5573,North,1,11,Sikkim,10-01-2010,14064.4585
5574,South,3,11,Sikkim,10-01-2010,14631.93809
5575,West,2,11,Sikkim,10-01-2010,14394.2251
5576,Changlang,12,12,Arunanchal Pradesh,10-01-2010,14797.42235
5577,Dibang Valley,10,12,Arunanchal Pradesh,10-01-2010,14416.08498
5578,East Kameng,3,12,Arunanchal Pradesh,10-01-2010,14586.6102
5579,East Siang,8,12,Arunanchal Pradesh,10-01-2010,14848.53712
5580,Lohit,11,12,Arunanchal Pradesh,10-01-2010,14552.7263
5581,Lower Subansiri,5,12,Arunanchal Pradesh,10-01-2010,14484.41981
5582,Papum Pare,4,12,Arunanchal Pradesh,10-01-2010,14725.61342
5583,Tawang,1,12,Arunanchal Pradesh,10-01-2010,14292.35136
5584,Tirap,13,12,Arunanchal Pradesh,10-01-2010,14841.48025
5585,West Kameng,2,12,Arunanchal Pradesh,10-01-2010,14528.27072
5586,West Siang,7,12,Arunanchal Pradesh,10-01-2010,14607.56984
5587,Upper Siang,9,12,Arunanchal Pradesh,10-01-2010,14459.60145
5588,Upper Subansiri,6,12,Arunanchal Pradesh,10-01-2010,14443.2577
5589,Mokokchung,3,13,Nagaland,10-01-2010,14935.04772
5590,Mon,1,13,Nagaland,10-01-2010,14916.08194
5591,Phek,8,13,Nagaland,10-01-2010,14750.02485
5592,Tuensang,2,13,Nagaland,10-01-2010,14752.84827
5593,Wokha,5,13,Nagaland,10-01-2010,14931.6474
5594,Zunheboto,4,13,Nagaland,10-01-2010,14786.68569
5595,Dimapur,6,13,Nagaland,10-01-2010,14969.01177
5596,Kohima,7,13,Nagaland,10-01-2010,14848.47804
5597,Bishnupur,4,14,Manipur,10-01-2010,14944.20047
5598,Chandel,9,14,Manipur,10-01-2010,14870.83491
5599,Churachandpur,3,14,Manipur,10-01-2010,14917.75373
5600,Imphal East,7,14,Manipur,10-01-2010,14986.05306
5601,Imphal West,6,14,Manipur,10-01-2010,15060.86697
5602,Senapati (Excl. 3 sub-divisions),1,14,Manipur,10-01-2010,14807.96098
5603,Tamenglong,2,14,Manipur,10-01-2010,14913.64304
5604,Thoubal,5,14,Manipur,10-01-2010,14968.94194
5605,Ukhrul,8,14,Manipur,10-01-2010,14818.32622
5606,Aizawl,3,15,Mizoram,10-01-2010,14946.0969
5607,Champhai,4,15,Mizoram,10-01-2010,14864.96986
5608,Kolasib,2,15,Mizoram,10-01-2010,15027.07329
5609,Mamit,1,15,Mizoram,10-01-2010,15006.23549
5610,Lunglei,6,15,Mizoram,10-01-2010,14965.15672
5611,Lawngtlai,7,15,Mizoram,10-01-2010,14995.7919
5612,Saiha,8,15,Mizoram,10-01-2010,14912.72231
5613,Serchhip,5,15,Mizoram,10-01-2010,14905.30891
5614,Dhalai,3,16,Tripura,10-01-2010,15059.10948
5615,North Tripura,4,16,Tripura,10-01-2010,15057.49709
5616,South Tripura,2,16,Tripura,10-01-2010,15083.61625
5617,West Tripura,1,16,Tripura,10-01-2010,15107.12562
5618,East Garo Hills,2,17,Meghalaya,10-01-2010,14998.82205
5619,East Khasi Hills,6,17,Meghalaya,10-01-2010,14908.54756
5620,Jaintia Hills,7,17,Meghalaya,10-01-2010,14916.14328
5621,Ri Bhoi,5,17,Meghalaya,10-01-2010,14946.32502
5622,South Garo Hills,3,17,Meghalaya,10-01-2010,15055.90322
5623,West Garo Hills,1,17,Meghalaya,10-01-2010,15067.8533
5624,West Khasi Hills,4,17,Meghalaya,10-01-2010,14915.7722
5625,Barpeta,5,18,Assam,10-01-2010,15094.08809
5626,Bongaigaon,4,18,Assam,10-01-2010,15099.56408
5627,Cachar,21,18,Assam,10-01-2010,15090.70328
5628,Darrang,8,18,Assam,10-01-2010,15095.76241
5629,Dhemaji,13,18,Assam,10-01-2010,15041.87401
5630,Dhubri,2,18,Assam,10-01-2010,15095.9279
5631,Dibrugarh,15,18,Assam,10-01-2010,15012.97331
5632,Kamrup,6,18,Assam,10-01-2010,15065.87985
5633,Karbi Anglong,19,18,Assam,10-01-2010,14932.83617
5634,Goalpara,3,18,Assam,10-01-2010,15058.40421
5635,Golaghat,18,18,Assam,10-01-2010,15025.10359
5636,Hailakandi,23,18,Assam,10-01-2010,15083.10065
5637,Jorhat,17,18,Assam,10-01-2010,15025.87889
5638,Karimganj,22,18,Assam,10-01-2010,15085.17625
5639,Kokrajhar,1,18,Assam,10-01-2010,15089.05847
5640,Lakhimpur,12,18,Assam,10-01-2010,15059.8772
5641,Nagaon,10,18,Assam,10-01-2010,15042.10698
5642,Marigaon,9,18,Assam,10-01-2010,15080.69359
5643,Nalbari,7,18,Assam,10-01-2010,15112.04742
5644,North Cachar Hills,20,18,Assam,10-01-2010,14918.92748
5645,Sonitpur,11,18,Assam,10-01-2010,15076.81087
5646,Sibsagar,16,18,Assam,10-01-2010,15034.39956
5647,Tinsukia,14,18,Assam,10-01-2010,15013.58288
5648,Hugli,12,19,West Bengal,10-01-2010,15100.78267
5649,Barddhaman,9,19,West Bengal,10-01-2010,15127.08202
5650,Birbhum,8,19,West Bengal,10-01-2010,15149.46037
5651,Bankura,13,19,West Bengal,10-01-2010,15189.1992
5652,Dakshin Dinajpur,5,19,West Bengal,10-01-2010,15073.97715
5653,Darjiling,1,19,West Bengal,10-01-2010,14895.26585
5654,Haora,16,19,West Bengal,10-01-2010,15091.28395
5655,Jalpaiguri,2,19,West Bengal,10-01-2010,15111.92236
5656,Koch Bihar,3,19,West Bengal,10-01-2010,15118.06629
5657,Murshidabad,7,19,West Bengal,10-01-2010,15163.78975
5658,Puruliya,14,19,West Bengal,10-01-2010,15187.75454
5659,Kolkata,17,19,West Bengal,10-01-2010,15235.61817
5660,Maldah,6,19,West Bengal,10-01-2010,15101.85563
5661,Nadia,10,19,West Bengal,10-01-2010,15217.22058
5662,North Twenty Four Parganas,11,19,West Bengal,10-01-2010,15105.73414
5663,Medinipur,15,19,West Bengal,10-01-2010,15116.21768
5664,South  Twenty Four Parganas,18,19,West Bengal,10-01-2010,15063.27723
5665,Uttar Dinajpur,4,19,West Bengal,10-01-2010,15124.1286
5666,Bokaro,13,20,Jharkhand,10-01-2010,15149.60333
5667,Deoghar,7,20,Jharkhand,10-01-2010,15196.52361
5668,Dhanbad,12,20,Jharkhand,10-01-2010,15155.64359
5669,Dumka,11,20,Jharkhand,10-01-2010,15189.05633
5670,Giridih,6,20,Jharkhand,10-01-2010,15158.93537
5671,Godda,8,20,Jharkhand,10-01-2010,15173.53837
5672,Gumla,16,20,Jharkhand,10-01-2010,15114.00212
5673,Purbi Singhbhum,18,20,Jharkhand,10-01-2010,15182.22856
5674,Lohardaga,15,20,Jharkhand,10-01-2010,15053.88324
5675,Pakaur,10,20,Jharkhand,10-01-2010,15172.46118
5676,Pashchimi Singhbhum,17,20,Jharkhand,10-01-2010,15108.17688
5677,Ranchi,14,20,Jharkhand,10-01-2010,15101.97892
5678,Sahibganj,9,20,Jharkhand,10-01-2010,15111.06989
5679,Garhwa,1,20,Jharkhand,10-01-2010,15158.54143
5680,Palamu,2,20,Jharkhand,10-01-2010,15150.80775
5681,Chatra,3,20,Jharkhand,10-01-2010,15144.47114
5682,Hazaribagh,4,20,Jharkhand,10-01-2010,15108.62948
5683,Kodarma,5,20,Jharkhand,10-01-2010,15143.74617
5684,Anugul,15,21,Orissa,10-01-2010,15126.31697
5685,Bhadrak,9,21,Orissa,10-01-2010,15076.57784
5686,Baudh,22,21,Orissa,10-01-2010,15090.43596
5687,Balangir,24,21,Orissa,10-01-2010,15137.88866
5688,Baleshwar,8,21,Orissa,10-01-2010,15076.61036
5689,Bargarh,1,21,Orissa,10-01-2010,15109.02981
5690,Kendrapara,10,21,Orissa,10-01-2010,15082.47195
5691,Kendujhar,6,21,Orissa,10-01-2010,15091.9175
5692,Debagarh,4,21,Orissa,10-01-2010,15116.86519
5693,Cuttack,12,21,Orissa,10-01-2010,15138.33729
5694,Dhenkanal,14,21,Orissa,10-01-2010,15149.19522
5695,Kalahandi,26,21,Orissa,10-01-2010,15069.7799
5696,Ganjam,19,21,Orissa,10-01-2010,15072.64032
5697,Gajapati,20,21,Orissa,10-01-2010,14982.68492
5698,Jajapur,13,21,Orissa,10-01-2010,15148.47655
5699,Jagatsinghapur,11,21,Orissa,10-01-2010,15086.30543
5700,Jharsuguda,2,21,Orissa,10-01-2010,15142.54179
5701,Khordha,17,21,Orissa,10-01-2010,15120.72547
5702,Mayurbhanj,7,21,Orissa,10-01-2010,15075.68126
5703,Puri,18,21,Orissa,10-01-2010,15107.02222
5704,Koraput,29,21,Orissa,10-01-2010,15002.59951
5705,Malkangiri,30,21,Orissa,10-01-2010,15042.8568
5706,Nabarangapur,28,21,Orissa,10-01-2010,15034.71481
5707,Nayagarh,16,21,Orissa,10-01-2010,15078.61926
5708,Nuapada,25,21,Orissa,10-01-2010,15089.28431
5709,Kandhamal,21,21,Orissa,10-01-2010,14989.95576
5710,Sambalpur,3,21,Orissa,10-01-2010,15103.39157
5711,Rayagada,27,21,Orissa,10-01-2010,15028.09342
5712,Sundargarh,5,21,Orissa,10-01-2010,15124.91344
5713,Sonapur,23,21,Orissa,10-01-2010,15126.44193
5714,Bastar,15,22,Chhattisgarh,10-01-2010,15019.56326
5715,Dantewada,16,22,Chhattisgarh,10-01-2010,15038.85116
5716,Dhamtari,13,22,Chhattisgarh,10-01-2010,15046.96262
5717,Durg,10,22,Chhattisgarh,10-01-2010,15146.63122
5718,Kanker,14,22,Chhattisgarh,10-01-2010,15052.19163
5719,Jashpur,3,22,Chhattisgarh,10-01-2010,15090.31275
5720,Koriya,1,22,Chhattisgarh,10-01-2010,15110.44402
5721,Mahasamund,12,22,Chhattisgarh,10-01-2010,15120.50749
5722,Raigarh,4,22,Chhattisgarh,10-01-2010,15119.06874
5723,Raipur,11,22,Chhattisgarh,10-01-2010,15096.11034
5724,Rajnandgaon,9,22,Chhattisgarh,10-01-2010,15126.11024
5725,Surguja,2,22,Chhattisgarh,10-01-2010,15102.15313
5726,Bilaspur,7,22,Chhattisgarh,10-01-2010,15099.84153
5727,Janjgir - Champa,6,22,Chhattisgarh,10-01-2010,15087.40815
5728,Korba,5,22,Chhattisgarh,10-01-2010,15101.7839
5729,Kawardha,8,22,Chhattisgarh,10-01-2010,15130.89456
5730,Hoshangabad,37,23,Madhya Pradesh,10-01-2010,15283.45636
5731,Indore,26,23,Madhya Pradesh,10-01-2010,15470.00182
5732,Bhind,3,23,Madhya Pradesh,10-01-2010,15409.33978
5733,Bhopal,32,23,Madhya Pradesh,10-01-2010,15457.7767
5734,Barwani,28,23,Madhya Pradesh,10-01-2010,15440.53744
5735,Betul,35,23,Madhya Pradesh,10-01-2010,15230.61977
5736,Balaghat,45,23,Madhya Pradesh,10-01-2010,15053.32892
5737,Chhatarpur,9,23,Madhya Pradesh,10-01-2010,15321.0579
5738,Chhindwara,43,23,Madhya Pradesh,10-01-2010,15210.29301
5739,Dewas,23,23,Madhya Pradesh,10-01-2010,15439.61544
5740,Katni,38,23,Madhya Pradesh,10-01-2010,15207.61977
5741,Datia,5,23,Madhya Pradesh,10-01-2010,15394.23461
5742,Damoh,12,23,Madhya Pradesh,10-01-2010,15305.01006
5743,Dhar,25,23,Madhya Pradesh,10-01-2010,15503.95873
5744,East Nimar,29,23,Madhya Pradesh,10-01-2010,15348.96883
5745,Guna,7,23,Madhya Pradesh,10-01-2010,15458.79201
5746,Gwalior,4,23,Madhya Pradesh,10-01-2010,15378.16352
5747,Harda,36,23,Madhya Pradesh,10-01-2010,15359.05242
5748,Jabalpur,39,23,Madhya Pradesh,10-01-2010,15201.83436
5749,Jhabua,24,23,Madhya Pradesh,10-01-2010,15479.88419
5750,Mandsaur,19,23,Madhya Pradesh,10-01-2010,15582.68517
5751,Tikamgarh,8,23,Madhya Pradesh,10-01-2010,15402.88202
5752,Narsimhapur,40,23,Madhya Pradesh,10-01-2010,15285.42937
5753,Neemuch,18,23,Madhya Pradesh,10-01-2010,15488.69559
5754,Panna,10,23,Madhya Pradesh,10-01-2010,15244.46758
5755,Raisen,34,23,Madhya Pradesh,10-01-2010,15348.64755
5756,Rajgarh,30,23,Madhya Pradesh,10-01-2010,15532.30474
5757,Satna,13,23,Madhya Pradesh,10-01-2010,15257.05209
5758,Sehore,33,23,Madhya Pradesh,10-01-2010,15441.73787
5759,Seoni,44,23,Madhya Pradesh,10-01-2010,15221.67515
5760,Shajapur,22,23,Madhya Pradesh,10-01-2010,15555.52049
5761,Shivpuri,6,23,Madhya Pradesh,10-01-2010,15387.83929
5762,Ratlam,20,23,Madhya Pradesh,10-01-2010,15562.03649
5763,Rewa,14,23,Madhya Pradesh,10-01-2010,15313.70339
5764,Sagar,11,23,Madhya Pradesh,10-01-2010,15371.98455
5765,Sidhi,17,23,Madhya Pradesh,10-01-2010,15222.03244
5766,Ujjain,21,23,Madhya Pradesh,10-01-2010,15586.22663
5767,Vidisha,31,23,Madhya Pradesh,10-01-2010,15502.26009
5768,West Nimar,27,23,Madhya Pradesh,10-01-2010,15407.83841
5769,Morena,2,23,Madhya Pradesh,10-01-2010,15428.53792
5770,Sheopur,1,23,Madhya Pradesh,10-01-2010,15397.67062
5771,Dindori,41,23,Madhya Pradesh,10-01-2010,15117.2667
5772,Mandla,42,23,Madhya Pradesh,10-01-2010,15127.40149
5773,Shahdol,16,23,Madhya Pradesh,10-01-2010,15163.43017
5774,Umaria,15,23,Madhya Pradesh,10-01-2010,15147.35334
5775,Anand,15,24,Gujarat,10-01-2010,15332.94612
5776,Ahmadabad,7,24,Gujarat,10-01-2010,15433.1929
5777,Amreli,13,24,Gujarat,10-01-2010,15344.94019
5778,Bhavnagar,14,24,Gujarat,10-01-2010,15402.03609
5779,Banas Kantha,2,24,Gujarat,10-01-2010,15521.45023
5780,Dohad,18,24,Gujarat,10-01-2010,15392.55146
5781,Junagadh,12,24,Gujarat,10-01-2010,15332.65464
5782,Kachchh,1,24,Gujarat,10-01-2010,15546.54841
5783,Gandhinagar,6,24,Gujarat,10-01-2010,15401.33801
5784,Jamnagar,10,24,Gujarat,10-01-2010,15398.09731
5785,Kheda,16,24,Gujarat,10-01-2010,15403.40288
5786,Mahesana,4,24,Gujarat,10-01-2010,15453.61126
5787,Narmada,20,24,Gujarat,10-01-2010,15252.0972
5788,Navsari,24,24,Gujarat,10-01-2010,15199.63673
5789,Panch Mahals,17,24,Gujarat,10-01-2010,15348.65684
5790,Patan,3,24,Gujarat,10-01-2010,15548.13295
5791,Porbandar,11,24,Gujarat,10-01-2010,15357.58905
5792,Rajkot,9,24,Gujarat,10-01-2010,15388.00902
5793,Sabar Kantha,5,24,Gujarat,10-01-2010,15384.538
5794,Surendranagar,8,24,Gujarat,10-01-2010,15500.79803
5795,The Dangs,23,24,Gujarat,10-01-2010,15093.25082
5796,Vadodara,19,24,Gujarat,10-01-2010,15366.06365
5797,Valsad,25,24,Gujarat,10-01-2010,15168.17582
5798,Bharuch,21,24,Gujarat,10-01-2010,15382.81221
5799,Surat,22,24,Gujarat,10-01-2010,15240.98615
5800,Daman,2,25,Daman & Diu,10-01-2010,15212.2359
5801,Diu,1,25,Daman & Diu,10-01-2010,15264.8001
5802,Hingoli,16,27,Maharashtra,10-01-2010,15270.39238
5803,Aurangabad,19,27,Maharashtra,10-01-2010,15258.59707
5804,Ahmadnagar,26,27,Maharashtra,10-01-2010,15277.12855
5805,Akola,5,27,Maharashtra,10-01-2010,15389.14008
5806,Amravati,7,27,Maharashtra,10-01-2010,15267.78187
5807,Bid,27,27,Maharashtra,10-01-2010,15241.93607
5808,Bhandara,10,27,Maharashtra,10-01-2010,15122.61401
5809,Buldana,4,27,Maharashtra,10-01-2010,15315.00491
5810,Chandrapur,13,27,Maharashtra,10-01-2010,15153.30814
5811,Dhule,2,27,Maharashtra,10-01-2010,15414.9894
5812,Gadchiroli,12,27,Maharashtra,10-01-2010,15083.34948
5813,Gondiya,11,27,Maharashtra,10-01-2010,15082.53899
5814,Jalgaon,3,27,Maharashtra,10-01-2010,15347.76617
5815,Jalna,18,27,Maharashtra,10-01-2010,15280.98667
5816,Kolhapur,34,27,Maharashtra,10-01-2010,15066.09745
5817,Latur,28,27,Maharashtra,10-01-2010,15231.57464
5818,Pune,25,27,Maharashtra,10-01-2010,15176.46066
5819,Nagpur,9,27,Maharashtra,10-01-2010,15221.86625
5820,Mumbai,23,27,Maharashtra,10-01-2010,15307.92
5821,Mumbai (Suburban),22,27,Maharashtra,10-01-2010,15280.44136
5822,Nanded,15,27,Maharashtra,10-01-2010,15211.03024
5823,Nandurbar,1,27,Maharashtra,10-01-2010,15345.40463
5824,Nashik,20,27,Maharashtra,10-01-2010,15259.58834
5825,Osmanabad,29,27,Maharashtra,10-01-2010,15282.94151
5826,Parbhani,17,27,Maharashtra,10-01-2010,15270.57913
5827,Sangli,35,27,Maharashtra,10-01-2010,15320.95338
5828,Satara,31,27,Maharashtra,10-01-2010,15176.93503
5829,Ratnagiri,32,27,Maharashtra,10-01-2010,15087.06809
5830,Raigarh,24,27,Maharashtra,10-01-2010,15110.78827
5831,Thane,21,27,Maharashtra,10-01-2010,15155.68982
5832,Solapur,30,27,Maharashtra,10-01-2010,15318.8276
5833,Sindhudurg,33,27,Maharashtra,10-01-2010,15084.15971
5834,Wardha,8,27,Maharashtra,10-01-2010,15258.01041
5835,Washim,6,27,Maharashtra,10-01-2010,15304.90975
5836,Yavatmal,14,27,Maharashtra,10-01-2010,15213.41143
5837,Hyderabad,5,28,Andhra Pradesh,10-01-2010,15282.8211
5838,Anantapur,22,28,Andhra Pradesh,10-01-2010,15392.86257
5839,Adilabad,1,28,Andhra Pradesh,10-01-2010,15154.88077
5840,Chittoor,23,28,Andhra Pradesh,10-01-2010,15236.52604
5841,Cuddapah,20,28,Andhra Pradesh,10-01-2010,15305.52583
5842,East Godavari,14,28,Andhra Pradesh,10-01-2010,15030.86488
5843,Karimnagar,3,28,Andhra Pradesh,10-01-2010,15160.74845
5844,Guntur,17,28,Andhra Pradesh,10-01-2010,15122.0006
5845,Khammam,10,28,Andhra Pradesh,10-01-2010,15085.31314
5846,Medak,4,28,Andhra Pradesh,10-01-2010,15145.44554
5847,Krishna,16,28,Andhra Pradesh,10-01-2010,15061.51938
5848,Kurnool,21,28,Andhra Pradesh,10-01-2010,15297.20532
5849,Mahbubnagar,7,28,Andhra Pradesh,10-01-2010,15224.57632
5850,Nalgonda,8,28,Andhra Pradesh,10-01-2010,15179.43086
5851,Nellore,19,28,Andhra Pradesh,10-01-2010,15332.82339
5852,Nizamabad,2,28,Andhra Pradesh,10-01-2010,15132.26291
5853,Prakasam,18,28,Andhra Pradesh,10-01-2010,15262.51947
5854,Rangareddi,6,28,Andhra Pradesh,10-01-2010,15156.95087
5855,Srikakulam,11,28,Andhra Pradesh,10-01-2010,15059.83926
5856,West Godavari,15,28,Andhra Pradesh,10-01-2010,15106.59028
5857,Visakhapatnam,13,28,Andhra Pradesh,10-01-2010,14998.97522
5858,Vizianagaram,12,28,Andhra Pradesh,10-01-2010,15069.49828
5859,Warangal,9,28,Andhra Pradesh,10-01-2010,15138.13708
5860,Hassan,23,29,Karnataka,10-01-2010,14991.6369
5861,Haveri,11,29,Karnataka,10-01-2010,15179.12293
5862,Bagalkot,2,29,Karnataka,10-01-2010,15359.89617
5863,Bangalore,20,29,Karnataka,10-01-2010,15042.65802
5864,Bidar,5,29,Karnataka,10-01-2010,15220.88369
5865,Bijapur,3,29,Karnataka,10-01-2010,15397.06962
5866,Belgaum,1,29,Karnataka,10-01-2010,15214.55629
5867,Bellary,12,29,Karnataka,10-01-2010,15216.5787
5868,Bangalore Rural,21,29,Karnataka,10-01-2010,15042.03391
5869,Chamarajanagar,27,29,Karnataka,10-01-2010,15108.44386
5870,Chikmagalur,17,29,Karnataka,10-01-2010,14989.66981
5871,Chitradurga,13,29,Karnataka,10-01-2010,15224.58152
5872,Dakshina Kannada,24,29,Karnataka,10-01-2010,15089.05703
5873,Davanagere,14,29,Karnataka,10-01-2010,15120.83638
5874,Dharwad,9,29,Karnataka,10-01-2010,15304.06513
5875,Gulbarga,4,29,Karnataka,10-01-2010,15244.40791
5876,Gadag,8,29,Karnataka,10-01-2010,15404.4348
5877,Kodagu,25,29,Karnataka,10-01-2010,14901.63178
5878,Kolar,19,29,Karnataka,10-01-2010,15217.69508
5879,Mandya,22,29,Karnataka,10-01-2010,15030.58014
5880,Koppal,7,29,Karnataka,10-01-2010,15313.66717
5881,Mysore,26,29,Karnataka,10-01-2010,15048.31054
5882,Raichur,6,29,Karnataka,10-01-2010,15260.59658
5883,Shimoga,15,29,Karnataka,10-01-2010,14997.73799
5884,Tumkur,18,29,Karnataka,10-01-2010,15120.23313
5885,Udupi,16,29,Karnataka,10-01-2010,15048.43575
5886,Uttara Kannada,10,29,Karnataka,10-01-2010,15007.96007
5887,North Goa,1,30,Goa,10-01-2010,15122.8784
5888,South Goa,2,30,Goa,10-01-2010,15070.80757
5889,Idukki,9,32,Kerala,10-01-2010,14899.46395
5890,Alappuzha,11,32,Kerala,10-01-2010,15090.18265
5891,Kasaragod,1,32,Kerala,10-01-2010,15094.89571
5892,Kannur,2,32,Kerala,10-01-2010,15064.29764
5893,Ernakulam,8,32,Kerala,10-01-2010,15079.16186
5894,Kollam,13,32,Kerala,10-01-2010,15015.18626
5895,Kottayam,10,32,Kerala,10-01-2010,15094.37661
5896,Kozhikode,4,32,Kerala,10-01-2010,15024.61536
5897,Malappuram,5,32,Kerala,10-01-2010,14987.26207
5898,Palakkad,6,32,Kerala,10-01-2010,14972.82443
5899,Pathanamthitta,12,32,Kerala,10-01-2010,14990.32964
5900,Thrissur,7,32,Kerala,10-01-2010,15014.90814
5901,Thiruvananthapuram,14,32,Kerala,10-01-2010,15026.32908
5902,Wayanad,3,32,Kerala,10-01-2010,14880.3908
5903,Ariyalur,17,33,Tamil Nadu,10-01-2010,15413.8027
5904,Coimbatore,12,33,Tamil Nadu,10-01-2010,15301.31847
5905,Cuddalore,18,33,Tamil Nadu,10-01-2010,15410.87738
5906,Dharmapuri,5,33,Tamil Nadu,10-01-2010,15153.36065
5907,Dindigul,13,33,Tamil Nadu,10-01-2010,15338.51047
5908,Erode,10,33,Tamil Nadu,10-01-2010,15309.43016
5909,Kanniyakumari,30,33,Tamil Nadu,10-01-2010,15060.81225
5910,Karur,14,33,Tamil Nadu,10-01-2010,15650.30539
5911,Madurai,24,33,Tamil Nadu,10-01-2010,15433.51632
5912,Namakkal,9,33,Tamil Nadu,10-01-2010,15337.59512
5913,The Nilgiris,11,33,Tamil Nadu,10-01-2010,14849.26166
5914,Perambalur,16,33,Tamil Nadu,10-01-2010,15414.74809
5915,Pudukkottai,22,33,Tamil Nadu,10-01-2010,15345.95859
5916,Ramanathapuram,27,33,Tamil Nadu,10-01-2010,15528.12257
5917,Salem,8,33,Tamil Nadu,10-01-2010,15254.4738
5918,Sivaganga,23,33,Tamil Nadu,10-01-2010,15346.71242
5919,Tiruchirappalli,15,33,Tamil Nadu,10-01-2010,15383.5483
5920,Tirunelveli,29,33,Tamil Nadu,10-01-2010,15544.13994
5921,Tiruvannamalai,6,33,Tamil Nadu,10-01-2010,15346.82468
5922,Thoothukkudi,28,33,Tamil Nadu,10-01-2010,15778.21239
5923,Theni,25,33,Tamil Nadu,10-01-2010,15289.88791
5924,Vellore,4,33,Tamil Nadu,10-01-2010,15222.54748
5925,Viluppuram,7,33,Tamil Nadu,10-01-2010,15417.09579
5926,Virudhunagar,26,33,Tamil Nadu,10-01-2010,15629.83918
5927,Chennai,2,33,Tamil Nadu,10-01-2010,15433.66996
5928,Kancheepuram,3,33,Tamil Nadu,10-01-2010,15309.08159
5929,Thiruvallur,1,33,Tamil Nadu,10-01-2010,15269.92005
5930,Thanjavur,21,33,Tamil Nadu,10-01-2010,15246.8865
5931,Thiruvarur,20,33,Tamil Nadu,10-01-2010,15209.90049
5932,Nagapattinam,19,33,Tamil Nadu,10-01-2010,15249.91448
5933,Pondicherry,2,34,Puducherry,10-01-2010,15316.19579
5934,Yanam,1,34,Puducherry,10-01-2010,15085.58471
5935,Karaikal,4,34,Puducherry,10-01-2010,15249.37942
5936,Mahe,3,34,Puducherry,10-01-2010,15026.83028
5937,Nicobars,2,35,Andaman & Nicobar Island,10-01-2010,14950.11264
5938,Andamans,1,35,Andaman & Nicobar Island,10-01-2010,14927.31559
5939,Chandigarh,1,4,Chandigarh,11-01-2010,14988.51463
5940,Dadra & Nagar Haveli,1,26,Dadara & Nagar Havelli,11-01-2010,15153.92122
5941,Lakshadweep,1,31,Lakshadweep,11-01-2010,15044.47307
5942,Data Not Available,99,99,Jammu and Kashmir,11-01-2010,13810.82124
5943,Jammu,13,1,Jammu and Kashmir,11-01-2010,14912.44496
5944,Kargil,8,1,Jammu and Kashmir,11-01-2010,13731.84806
5945,Kathua,14,1,Jammu and Kashmir,11-01-2010,14782.41538
5946,Leh (Ladakh),7,1,Jammu and Kashmir,11-01-2010,13869.1707
5947,Kupwara,1,1,Jammu and Kashmir,11-01-2010,14313.43022
5948,Punch,11,1,Jammu and Kashmir,11-01-2010,14572.39545
5949,Pulwama,5,1,Jammu and Kashmir,11-01-2010,14412.98581
5950,Rajauri,12,1,Jammu and Kashmir,11-01-2010,14714.32672
5951,Anantnag,6,1,Jammu and Kashmir,11-01-2010,14113.96969
5952,Badgam,4,1,Jammu and Kashmir,11-01-2010,14259.68744
5953,Baramula,2,1,Jammu and Kashmir,11-01-2010,14201.19528
5954,Doda,9,1,Jammu and Kashmir,11-01-2010,13957.7286
5955,Srinagar,3,1,Jammu and Kashmir,11-01-2010,14125.52737
5956,Udhampur,10,1,Jammu and Kashmir,11-01-2010,14590.85229
5957,Kangra,2,2,Himachal Pradesh,11-01-2010,14606.86913
5958,Kinnaur,12,2,Himachal Pradesh,11-01-2010,13903.37871
5959,Lahul & Spiti,3,2,Himachal Pradesh,11-01-2010,13675.35692
5960,Kullu,4,2,Himachal Pradesh,11-01-2010,14085.66702
5961,Mandi,5,2,Himachal Pradesh,11-01-2010,14624.49042
5962,Bilaspur,8,2,Himachal Pradesh,11-01-2010,14745.85967
5963,Chamba,1,2,Himachal Pradesh,11-01-2010,14230.48097
5964,Hamirpur,6,2,Himachal Pradesh,11-01-2010,14769.65937
5965,Shimla,11,2,Himachal Pradesh,11-01-2010,14467.54302
5966,Sirmaur,10,2,Himachal Pradesh,11-01-2010,14738.02015
5967,Solan,9,2,Himachal Pradesh,11-01-2010,14764.75977
5968,Una,7,2,Himachal Pradesh,11-01-2010,14861.56141
5969,Hoshiarpur,5,3,Punjab,11-01-2010,14979.30477
5970,Jalandhar,4,3,Punjab,11-01-2010,15045.56912
5971,Kapurthala,3,3,Punjab,11-01-2010,15052.59621
5972,Ludhiana,9,3,Punjab,11-01-2010,15096.76085
5973,Mansa,15,3,Punjab,11-01-2010,15096.49736
5974,Moga,10,3,Punjab,11-01-2010,15168.11914
5975,Muktsar,12,3,Punjab,11-01-2010,15084.65381
5976,Nawanshahr,6,3,Punjab,11-01-2010,15039.95805
5977,Patiala,17,3,Punjab,11-01-2010,15118.47186
5978,Sangrur,16,3,Punjab,11-01-2010,15180.3726
5979,Amritsar,2,3,Punjab,11-01-2010,15021.0833
5980,Firozpur,11,3,Punjab,11-01-2010,15099.04229
5981,Bathinda,14,3,Punjab,11-01-2010,15093.51898
5982,Gurdaspur,1,3,Punjab,11-01-2010,14993.80981
5983,Faridkot,13,3,Punjab,11-01-2010,15140.45379
5984,Fatehgarh Sahib,8,3,Punjab,11-01-2010,15110.04787
5985,Rupnagar,7,3,Punjab,11-01-2010,14997.74582
5986,Hardwar,13,5,Uttarakhand,11-01-2010,14939.20811
5987,Nainital,11,5,Uttarakhand,11-01-2010,14809.48381
5988,Pithoragarh,7,5,Uttarakhand,11-01-2010,14217.71538
5989,Bageshwar,8,5,Uttarakhand,11-01-2010,14502.58196
5990,Almora,9,5,Uttarakhand,11-01-2010,14753.34096
5991,Chamoli,2,5,Uttarakhand,11-01-2010,14076.85642
5992,Champawat,10,5,Uttarakhand,11-01-2010,14723.31159
5993,Dehradun,5,5,Uttarakhand,11-01-2010,14754.77068
5994,Garhwal,6,5,Uttarakhand,11-01-2010,14729.79223
5995,Rudraprayag,3,5,Uttarakhand,11-01-2010,14396.61001
5996,Tehri Garhwal,4,5,Uttarakhand,11-01-2010,14550.88441
5997,Udham Singh Nagar,12,5,Uttarakhand,11-01-2010,15042.10889
5998,Uttarkashi,1,5,Uttarakhand,11-01-2010,14098.65229
5999,Hisar,12,6,Haryana,11-01-2010,15098.82532
6000,Jind,9,6,Haryana,11-01-2010,15049.65246
6001,Kaithal,5,6,Haryana,11-01-2010,15068.63409
6002,Karnal,6,6,Haryana,11-01-2010,15050.71882
6003,Kurukshetra,4,6,Haryana,11-01-2010,15015.95472
6004,Panchkula,1,6,Haryana,11-01-2010,14923.60571
6005,Panipat,7,6,Haryana,11-01-2010,15055.46522
6006,Ambala,2,6,Haryana,11-01-2010,15026.07964
6007,Gurgaon,18,6,Haryana,11-01-2010,15071.93205
6008,Faridabad,19,6,Haryana,11-01-2010,15027.10012
6009,Fatehabad,10,6,Haryana,11-01-2010,15092.49616
6010,Rohtak,14,6,Haryana,11-01-2010,15023.53007
6011,Sirsa,11,6,Haryana,11-01-2010,15116.95335
6012,Sonipat,8,6,Haryana,11-01-2010,15050.30463
6013,Yamunanagar,3,6,Haryana,11-01-2010,14976.38323
6014,Jhajjar,15,6,Haryana,11-01-2010,15069.81568
6015,Mahendragarh,16,6,Haryana,11-01-2010,15151.17103
6016,Rewari,17,6,Haryana,11-01-2010,15118.46915
6017,Bhiwani,13,6,Haryana,11-01-2010,15183.34198
6018,Central,6,7,Delhi  & NCR,11-01-2010,14978.31161
6019,East,4,7,Delhi  & NCR,11-01-2010,14981.80728
6020,New Delhi,5,7,Delhi  & NCR,11-01-2010,14944.6662
6021,North,2,7,Delhi  & NCR,11-01-2010,14971.98626
6022,North East,3,7,Delhi  & NCR,11-01-2010,14994.34799
6023,North West,1,7,Delhi  & NCR,11-01-2010,15014.47175
6024,South,9,7,Delhi  & NCR,11-01-2010,14963.229
6025,South West,8,7,Delhi  & NCR,11-01-2010,15010.59777
6026,West,7,7,Delhi  & NCR,11-01-2010,15001.47664
6027,Jaipur,12,8,Rajasthan,11-01-2010,15144.4572
6028,Jaisalmer,16,8,Rajasthan,11-01-2010,15496.05392
6029,Jalor,18,8,Rajasthan,11-01-2010,15302.20804
6030,Jhalawar,32,8,Rajasthan,11-01-2010,15354.65255
6031,Jhunjhunun,5,8,Rajasthan,11-01-2010,15194.99005
6032,Jodhpur,15,8,Rajasthan,11-01-2010,15389.75569
6033,Kota,30,8,Rajasthan,11-01-2010,15256.27842
6034,Nagaur,14,8,Rajasthan,11-01-2010,15292.04087
6035,Pali,20,8,Rajasthan,11-01-2010,15232.03953
6036,Rajsamand,25,8,Rajasthan,11-01-2010,15081.29801
6037,Sawai Madhopur,10,8,Rajasthan,11-01-2010,15147.1802
6038,Ajmer,21,8,Rajasthan,11-01-2010,15155.75959
6039,Banswara,28,8,Rajasthan,11-01-2010,15338.9068
6040,Barmer,17,8,Rajasthan,11-01-2010,15385.8843
6041,Bhilwara,24,8,Rajasthan,11-01-2010,15153.91625
6042,Bikaner,3,8,Rajasthan,11-01-2010,15435.55664
6043,Bharatpur,7,8,Rajasthan,11-01-2010,15133.63954
6044,Bundi,23,8,Rajasthan,11-01-2010,15203.64519
6045,Chittaurgarh,29,8,Rajasthan,11-01-2010,15181.88929
6046,Churu,4,8,Rajasthan,11-01-2010,15348.42306
6047,Dausa,11,8,Rajasthan,11-01-2010,15111.83346
6048,Dhaulpur,8,8,Rajasthan,11-01-2010,15125.16231
6049,Dungarpur,27,8,Rajasthan,11-01-2010,15253.26241
6050,Karauli,9,8,Rajasthan,11-01-2010,15127.23516
6051,Sirohi,19,8,Rajasthan,11-01-2010,15197.50348
6052,Tonk,22,8,Rajasthan,11-01-2010,15166.79289
6053,Sikar,13,8,Rajasthan,11-01-2010,15200.05845
6054,Alwar,6,8,Rajasthan,11-01-2010,15075.53318
6055,Udaipur,26,8,Rajasthan,11-01-2010,15146.39227
6056,Ganganagar,1,8,Rajasthan,11-01-2010,15206.21115
6057,Hanumangarh,2,8,Rajasthan,11-01-2010,15226.47701
6058,Baran,31,8,Rajasthan,11-01-2010,15309.50435
6059,Hathras,13,9,Uttar Pradesh,11-01-2010,15094.95181
6060,Jalaun,35,9,Uttar Pradesh,11-01-2010,15160.11323
6061,Jaunpur,64,9,Uttar Pradesh,11-01-2010,15141.77589
6062,Jhansi,36,9,Uttar Pradesh,11-01-2010,15247.05789
6063,Jyotiba Phule Nagar,6,9,Uttar Pradesh,11-01-2010,15009.65012
6064,Kannauj,30,9,Uttar Pradesh,11-01-2010,15109.6618
6065,Kanpur Nagar,34,9,Uttar Pradesh,11-01-2010,15102.6639
6066,Kaushambi,44,9,Uttar Pradesh,11-01-2010,15171.56024
6067,Kheri,23,9,Uttar Pradesh,11-01-2010,15024.95009
6068,Mirzapur,69,9,Uttar Pradesh,11-01-2010,15177.29766
6069,Moradabad,4,9,Uttar Pradesh,11-01-2010,15055.10358
6070,Muzaffarnagar,2,9,Uttar Pradesh,11-01-2010,14961.91396
6071,Rae Bareli,28,9,Uttar Pradesh,11-01-2010,15082.54176
6072,Kushinagar,59,9,Uttar Pradesh,11-01-2010,15018.12169
6073,Lucknow,27,9,Uttar Pradesh,11-01-2010,15067.90253
6074,Lalitpur,37,9,Uttar Pradesh,11-01-2010,15253.9333
6075,Mahrajganj,57,9,Uttar Pradesh,11-01-2010,15050.58011
6076,Mahoba,39,9,Uttar Pradesh,11-01-2010,15305.53972
6077,Mainpuri,18,9,Uttar Pradesh,11-01-2010,15085.31097
6078,Mathura,14,9,Uttar Pradesh,11-01-2010,15065.58787
6079,Mau,62,9,Uttar Pradesh,11-01-2010,15075.41592
6080,Meerut,7,9,Uttar Pradesh,11-01-2010,14990.40576
6081,Pilibhit,21,9,Uttar Pradesh,11-01-2010,15046.60071
6082,Pratapgarh,43,9,Uttar Pradesh,11-01-2010,15131.22929
6083,Rampur,5,9,Uttar Pradesh,11-01-2010,15064.61374
6084,Sant Ravidas Nagar Bhadohi,68,9,Uttar Pradesh,11-01-2010,15129.69544
6085,Sant Kabir Nagar,56,9,Uttar Pradesh,11-01-2010,15053.96817
6086,Shahjahanpur,22,9,Uttar Pradesh,11-01-2010,15084.58476
6087,Auraiya,32,9,Uttar Pradesh,11-01-2010,15055.63751
6088,Azamgarh,61,9,Uttar Pradesh,11-01-2010,15090.26561
6089,Budaun,19,9,Uttar Pradesh,11-01-2010,15088.38271
6090,Agra,15,9,Uttar Pradesh,11-01-2010,15101.94953
6091,Aligarh,12,9,Uttar Pradesh,11-01-2010,15085.48561
6092,Allahabad,45,9,Uttar Pradesh,11-01-2010,15159.15447
6093,Ambedkar Nagar,48,9,Uttar Pradesh,11-01-2010,15062.97335
6094,Bareilly,20,9,Uttar Pradesh,11-01-2010,15060.89501
6095,Bijnor,3,9,Uttar Pradesh,11-01-2010,14992.74489
6096,Basti,55,9,Uttar Pradesh,11-01-2010,15039.91707
6097,Baghpat,8,9,Uttar Pradesh,11-01-2010,14987.2294
6098,Bahraich,50,9,Uttar Pradesh,11-01-2010,15057.22288
6099,Ballia,63,9,Uttar Pradesh,11-01-2010,15110.48927
6100,Balrampur,52,9,Uttar Pradesh,11-01-2010,15046.00836
6101,Banda,40,9,Uttar Pradesh,11-01-2010,15230.00153
6102,Barabanki,46,9,Uttar Pradesh,11-01-2010,15059.47388
6103,Chitrakoot,41,9,Uttar Pradesh,11-01-2010,15244.57534
6104,Chandauli,66,9,Uttar Pradesh,11-01-2010,15072.11648
6105,Deoria,60,9,Uttar Pradesh,11-01-2010,15068.81942
6106,Etah,17,9,Uttar Pradesh,11-01-2010,15097.87556
6107,Kanpur Dehat,33,9,Uttar Pradesh,11-01-2010,15091.87738
6108,Etawah,31,9,Uttar Pradesh,11-01-2010,15042.61844
6109,Faizabad,47,9,Uttar Pradesh,11-01-2010,15051.45295
6110,Ghazipur,65,9,Uttar Pradesh,11-01-2010,15121.09135
6111,Gonda,53,9,Uttar Pradesh,11-01-2010,15034.6143
6112,Gorakhpur,58,9,Uttar Pradesh,11-01-2010,15071.53546
6113,Farrukhabad,29,9,Uttar Pradesh,11-01-2010,15081.81526
6114,Fatehpur,42,9,Uttar Pradesh,11-01-2010,15148.79531
6115,Firozabad,16,9,Uttar Pradesh,11-01-2010,15096.13564
6116,Hamirpur,38,9,Uttar Pradesh,11-01-2010,15247.23577
6117,Hardoi,25,9,Uttar Pradesh,11-01-2010,15096.22596
6118,Shrawasti,51,9,Uttar Pradesh,11-01-2010,15086.55633
6119,Saharanpur,1,9,Uttar Pradesh,11-01-2010,14955.73595
6120,Sitapur,24,9,Uttar Pradesh,11-01-2010,15079.15993
6121,Sultanpur,49,9,Uttar Pradesh,11-01-2010,15094.00438
6122,Sonbhadra,70,9,Uttar Pradesh,11-01-2010,15136.19118
6123,Siddharthnagar,54,9,Uttar Pradesh,11-01-2010,15079.14527
6124,Unnao,26,9,Uttar Pradesh,11-01-2010,15066.02792
6125,Varanasi,67,9,Uttar Pradesh,11-01-2010,15153.41963
6126,Bulandshahr,11,9,Uttar Pradesh,11-01-2010,15027.77326
6127,Gautam Buddha Nagar,10,9,Uttar Pradesh,11-01-2010,15032.20661
6128,Ghaziabad,9,9,Uttar Pradesh,11-01-2010,15012.41915
6129,Jamui,37,10,Bihar,11-01-2010,15119.59544
6130,Kishanganj,8,10,Bihar,11-01-2010,15085.47601
6131,Muzaffarpur,14,10,Bihar,11-01-2010,15081.12026
6132,Purnia,9,10,Bihar,11-01-2010,15139.103
6133,Khagaria,21,10,Bihar,11-01-2010,15145.52402
6134,Madhubani,5,10,Bihar,11-01-2010,15077.73187
6135,Lakhisarai,25,10,Bihar,11-01-2010,15151.67449
6136,Madhepura,11,10,Bihar,11-01-2010,15109.022
6137,Purba Champaran,2,10,Bihar,11-01-2010,15078.33215
6138,Munger,24,10,Bihar,11-01-2010,15069.12121
6139,Nalanda,27,10,Bihar,11-01-2010,15138.42582
6140,Nawada,36,10,Bihar,11-01-2010,15105.29499
6141,Pashchim Champaran,1,10,Bihar,11-01-2010,15002.6831
6142,Patna,28,10,Bihar,11-01-2010,15127.91665
6143,Samastipur,19,10,Bihar,11-01-2010,15136.19078
6144,Araria,7,10,Bihar,11-01-2010,15089.15789
6145,Aurangabad,34,10,Bihar,11-01-2010,15087.94907
6146,Banka,23,10,Bihar,11-01-2010,15090.19449
6147,Bhagalpur,22,10,Bihar,11-01-2010,15115.22152
6148,Begusarai,20,10,Bihar,11-01-2010,15158.57477
6149,Saran,17,10,Bihar,11-01-2010,15085.54361
6150,Katihar,10,10,Bihar,11-01-2010,15083.87957
6151,Darbhanga,13,10,Bihar,11-01-2010,15107.84365
6152,Gopalganj,15,10,Bihar,11-01-2010,15041.89986
6153,Sheikhpura,26,10,Bihar,11-01-2010,15189.05112
6154,Sheohar,3,10,Bihar,11-01-2010,15085.21386
6155,Saharsa,12,10,Bihar,11-01-2010,15058.50617
6156,Sitamarhi,4,10,Bihar,11-01-2010,15073.32891
6157,Siwan,16,10,Bihar,11-01-2010,15067.63355
6158,Supaul,6,10,Bihar,11-01-2010,15050.36878
6159,Vaishali,18,10,Bihar,11-01-2010,15087.68525
6160,Kaimur (Bhabua),31,10,Bihar,11-01-2010,15074.92
6161,Gaya,35,10,Bihar,11-01-2010,15175.79406
6162,Bhojpur,29,10,Bihar,11-01-2010,15108.37118
6163,Buxar,30,10,Bihar,11-01-2010,15114.2225
6164,Jehanabad,33,10,Bihar,11-01-2010,15144.21617
6165,Rohtas,32,10,Bihar,11-01-2010,15032.91279
6166,North,1,11,Sikkim,11-01-2010,14012.31965
6167,East,4,11,Sikkim,11-01-2010,14433.58388
6168,South,3,11,Sikkim,11-01-2010,14529.91047
6169,West,2,11,Sikkim,11-01-2010,14344.65664
6170,Lohit,11,12,Arunanchal Pradesh,11-01-2010,14390.33463
6171,Lower Subansiri,5,12,Arunanchal Pradesh,11-01-2010,14376.04887
6172,Papum Pare,4,12,Arunanchal Pradesh,11-01-2010,14599.45017
6173,Changlang,12,12,Arunanchal Pradesh,11-01-2010,14645.8731
6174,Dibang Valley,10,12,Arunanchal Pradesh,11-01-2010,14250.59415
6175,East Kameng,3,12,Arunanchal Pradesh,11-01-2010,14470.31429
6176,East Siang,8,12,Arunanchal Pradesh,11-01-2010,14710.58969
6177,Tawang,1,12,Arunanchal Pradesh,11-01-2010,14157.059
6178,Tirap,13,12,Arunanchal Pradesh,11-01-2010,14680.58009
6179,West Kameng,2,12,Arunanchal Pradesh,11-01-2010,14418.24945
6180,West Siang,7,12,Arunanchal Pradesh,11-01-2010,14452.37503
6181,Upper Siang,9,12,Arunanchal Pradesh,11-01-2010,14312.90493
6182,Upper Subansiri,6,12,Arunanchal Pradesh,11-01-2010,14311.28857
6183,Mokokchung,3,13,Nagaland,11-01-2010,14758.46495
6184,Mon,1,13,Nagaland,11-01-2010,14751.71336
6185,Phek,8,13,Nagaland,11-01-2010,14579.50574
6186,Tuensang,2,13,Nagaland,11-01-2010,14586.01665
6187,Wokha,5,13,Nagaland,11-01-2010,14785.51986
6188,Zunheboto,4,13,Nagaland,11-01-2010,14627.61833
6189,Dimapur,6,13,Nagaland,11-01-2010,14880.24059
6190,Kohima,7,13,Nagaland,11-01-2010,14702.53289
6191,Imphal East,7,14,Manipur,11-01-2010,14875.01141
6192,Imphal West,6,14,Manipur,11-01-2010,14906.28417
6193,Senapati (Excl. 3 sub-divisions),1,14,Manipur,11-01-2010,14648.68741
6194,Bishnupur,4,14,Manipur,11-01-2010,14793.7076
6195,Chandel,9,14,Manipur,11-01-2010,14715.33696
6196,Churachandpur,3,14,Manipur,11-01-2010,14741.72688
6197,Tamenglong,2,14,Manipur,11-01-2010,14730.38224
6198,Thoubal,5,14,Manipur,11-01-2010,14830.13092
6199,Ukhrul,8,14,Manipur,11-01-2010,14655.87307
6200,Kolasib,2,15,Mizoram,11-01-2010,14878.97003
6201,Mamit,1,15,Mizoram,11-01-2010,14868.96047
6202,Lunglei,6,15,Mizoram,11-01-2010,14819.53437
6203,Lawngtlai,7,15,Mizoram,11-01-2010,14855.9094
6204,Saiha,8,15,Mizoram,11-01-2010,14758.10715
6205,Serchhip,5,15,Mizoram,11-01-2010,14751.09656
6206,Aizawl,3,15,Mizoram,11-01-2010,14800.17756
6207,Champhai,4,15,Mizoram,11-01-2010,14709.99895
6208,North Tripura,4,16,Tripura,11-01-2010,14958.68581
6209,Dhalai,3,16,Tripura,11-01-2010,14949.02087
6210,South Tripura,2,16,Tripura,11-01-2010,14987.20776
6211,West Tripura,1,16,Tripura,11-01-2010,14992.48481
6212,Jaintia Hills,7,17,Meghalaya,11-01-2010,14780.96105
6213,East Garo Hills,2,17,Meghalaya,11-01-2010,14861.53316
6214,East Khasi Hills,6,17,Meghalaya,11-01-2010,14763.6994
6215,Ri Bhoi,5,17,Meghalaya,11-01-2010,14815.72478
6216,South Garo Hills,3,17,Meghalaya,11-01-2010,14897.79595
6217,West Garo Hills,1,17,Meghalaya,11-01-2010,14930.74227
6218,West Khasi Hills,4,17,Meghalaya,11-01-2010,14764.28089
6219,Jorhat,17,18,Assam,11-01-2010,14947.22823
6220,Karimganj,22,18,Assam,11-01-2010,14996.19235
6221,Kokrajhar,1,18,Assam,11-01-2010,15013.67418
6222,Lakhimpur,12,18,Assam,11-01-2010,14988.43893
6223,Nagaon,10,18,Assam,11-01-2010,14977.79349
6224,Marigaon,9,18,Assam,11-01-2010,15009.96603
6225,Nalbari,7,18,Assam,11-01-2010,15033.04739
6226,North Cachar Hills,20,18,Assam,11-01-2010,14792.84645
6227,Barpeta,5,18,Assam,11-01-2010,15020.56207
6228,Bongaigaon,4,18,Assam,11-01-2010,15018.97839
6229,Cachar,21,18,Assam,11-01-2010,14969.74334
6230,Darrang,8,18,Assam,11-01-2010,15027.14929
6231,Dhemaji,13,18,Assam,11-01-2010,14974.81647
6232,Dhubri,2,18,Assam,11-01-2010,15000.49879
6233,Dibrugarh,15,18,Assam,11-01-2010,14936.64982
6234,Kamrup,6,18,Assam,11-01-2010,14965.08837
6235,Karbi Anglong,19,18,Assam,11-01-2010,14836.7735
6236,Goalpara,3,18,Assam,11-01-2010,14972.42939
6237,Golaghat,18,18,Assam,11-01-2010,14961.45525
6238,Hailakandi,23,18,Assam,11-01-2010,14967.89768
6239,Sonitpur,11,18,Assam,11-01-2010,15012.28182
6240,Sibsagar,16,18,Assam,11-01-2010,14931.09513
6241,Tinsukia,14,18,Assam,11-01-2010,14908.85039
6242,Hugli,12,19,West Bengal,11-01-2010,15108.02033
6243,Jalpaiguri,2,19,West Bengal,11-01-2010,15006.66923
6244,Koch Bihar,3,19,West Bengal,11-01-2010,15039.76204
6245,Murshidabad,7,19,West Bengal,11-01-2010,15113.82295
6246,Puruliya,14,19,West Bengal,11-01-2010,15119.81433
6247,Kolkata,17,19,West Bengal,11-01-2010,15211.56318
6248,Maldah,6,19,West Bengal,11-01-2010,15033.52457
6249,Nadia,10,19,West Bengal,11-01-2010,15145.75045
6250,North Twenty Four Parganas,11,19,West Bengal,11-01-2010,15062.81933
6251,Medinipur,15,19,West Bengal,11-01-2010,15100.95252
6252,Barddhaman,9,19,West Bengal,11-01-2010,15110.89081
6253,Birbhum,8,19,West Bengal,11-01-2010,15112.83121
6254,Bankura,13,19,West Bengal,11-01-2010,15145.00482
6255,Dakshin Dinajpur,5,19,West Bengal,11-01-2010,15039.89964
6256,Darjiling,1,19,West Bengal,11-01-2010,14760.64163
6257,Haora,16,19,West Bengal,11-01-2010,15040.74937
6258,South  Twenty Four Parganas,18,19,West Bengal,11-01-2010,15042.11429
6259,Uttar Dinajpur,4,19,West Bengal,11-01-2010,15074.16457
6260,Purbi Singhbhum,18,20,Jharkhand,11-01-2010,15140.54083
6261,Lohardaga,15,20,Jharkhand,11-01-2010,14959.61271
6262,Pakaur,10,20,Jharkhand,11-01-2010,15116.27898
6263,Pashchimi Singhbhum,17,20,Jharkhand,11-01-2010,15055.98461
6264,Bokaro,13,20,Jharkhand,11-01-2010,15075.4104
6265,Deoghar,7,20,Jharkhand,11-01-2010,15125.04205
6266,Dhanbad,12,20,Jharkhand,11-01-2010,15086.71493
6267,Dumka,11,20,Jharkhand,11-01-2010,15108.62719
6268,Giridih,6,20,Jharkhand,11-01-2010,15092.01599
6269,Godda,8,20,Jharkhand,11-01-2010,15082.63718
6270,Gumla,16,20,Jharkhand,11-01-2010,15030.64388
6271,Ranchi,14,20,Jharkhand,11-01-2010,15023.17139
6272,Sahibganj,9,20,Jharkhand,11-01-2010,15017.46114
6273,Garhwa,1,20,Jharkhand,11-01-2010,15100.56637
6274,Palamu,2,20,Jharkhand,11-01-2010,15054.93383
6275,Chatra,3,20,Jharkhand,11-01-2010,15056.9306
6276,Hazaribagh,4,20,Jharkhand,11-01-2010,15030.49514
6277,Kodarma,5,20,Jharkhand,11-01-2010,15069.98828
6278,Jajapur,13,21,Orissa,11-01-2010,15114.93273
6279,Jagatsinghapur,11,21,Orissa,11-01-2010,15044.57488
6280,Jharsuguda,2,21,Orissa,11-01-2010,15111.5069
6281,Khordha,17,21,Orissa,11-01-2010,15075.28285
6282,Mayurbhanj,7,21,Orissa,11-01-2010,15048.04993
6283,Puri,18,21,Orissa,11-01-2010,15048.28085
6284,Koraput,29,21,Orissa,11-01-2010,14959.38461
6285,Malkangiri,30,21,Orissa,11-01-2010,14981.70452
6286,Nabarangapur,28,21,Orissa,11-01-2010,15029.93343
6287,Nayagarh,16,21,Orissa,11-01-2010,15020.66621
6288,Nuapada,25,21,Orissa,11-01-2010,15071.13242
6289,Kandhamal,21,21,Orissa,11-01-2010,14924.58965
6290,Sambalpur,3,21,Orissa,11-01-2010,15071.27558
6291,Anugul,15,21,Orissa,11-01-2010,15083.59266
6292,Bhadrak,9,21,Orissa,11-01-2010,15075.80352
6293,Baudh,22,21,Orissa,11-01-2010,15053.94303
6294,Balangir,24,21,Orissa,11-01-2010,15107.40267
6295,Baleshwar,8,21,Orissa,11-01-2010,15074.07837
6296,Bargarh,1,21,Orissa,11-01-2010,15078.00661
6297,Kendrapara,10,21,Orissa,11-01-2010,15049.03805
6298,Kendujhar,6,21,Orissa,11-01-2010,15060.08141
6299,Debagarh,4,21,Orissa,11-01-2010,15066.07828
6300,Cuttack,12,21,Orissa,11-01-2010,15085.32321
6301,Dhenkanal,14,21,Orissa,11-01-2010,15099.3384
6302,Kalahandi,26,21,Orissa,11-01-2010,15052.84823
6303,Ganjam,19,21,Orissa,11-01-2010,15023.18637
6304,Gajapati,20,21,Orissa,11-01-2010,14944.25214
6305,Rayagada,27,21,Orissa,11-01-2010,14964.71816
6306,Sundargarh,5,21,Orissa,11-01-2010,15080.47068
6307,Sonapur,23,21,Orissa,11-01-2010,15100.19572
6308,Jashpur,3,22,Chhattisgarh,11-01-2010,15007.17195
6309,Koriya,1,22,Chhattisgarh,11-01-2010,15032.84873
6310,Mahasamund,12,22,Chhattisgarh,11-01-2010,15124.18057
6311,Raigarh,4,22,Chhattisgarh,11-01-2010,15080.7405
6312,Raipur,11,22,Chhattisgarh,11-01-2010,15094.80253
6313,Rajnandgaon,9,22,Chhattisgarh,11-01-2010,15088.3305
6314,Bastar,15,22,Chhattisgarh,11-01-2010,14974.10397
6315,Dantewada,16,22,Chhattisgarh,11-01-2010,14980.27191
6316,Dhamtari,13,22,Chhattisgarh,11-01-2010,15035.16879
6317,Durg,10,22,Chhattisgarh,11-01-2010,15155.37668
6318,Kanker,14,22,Chhattisgarh,11-01-2010,15008.71643
6319,Surguja,2,22,Chhattisgarh,11-01-2010,15029.99321
6320,Bilaspur,7,22,Chhattisgarh,11-01-2010,15072.31017
6321,Janjgir - Champa,6,22,Chhattisgarh,11-01-2010,15112.58624
6322,Korba,5,22,Chhattisgarh,11-01-2010,15024.41643
6323,Kawardha,8,22,Chhattisgarh,11-01-2010,15106.74983
6324,Hoshangabad,37,23,Madhya Pradesh,11-01-2010,15205.33801
6325,Indore,26,23,Madhya Pradesh,11-01-2010,15267.35613
6326,Jabalpur,39,23,Madhya Pradesh,11-01-2010,15184.55437
6327,Jhabua,24,23,Madhya Pradesh,11-01-2010,15327.28792
6328,Mandsaur,19,23,Madhya Pradesh,11-01-2010,15304.3431
6329,Tikamgarh,8,23,Madhya Pradesh,11-01-2010,15289.70166
6330,Narsimhapur,40,23,Madhya Pradesh,11-01-2010,15239.53418
6331,Neemuch,18,23,Madhya Pradesh,11-01-2010,15175.6444
6332,Panna,10,23,Madhya Pradesh,11-01-2010,15219.56698
6333,Raisen,34,23,Madhya Pradesh,11-01-2010,15242.16228
6334,Rajgarh,30,23,Madhya Pradesh,11-01-2010,15345.08545
6335,Satna,13,23,Madhya Pradesh,11-01-2010,15212.35943
6336,Sehore,33,23,Madhya Pradesh,11-01-2010,15311.87251
6337,Seoni,44,23,Madhya Pradesh,11-01-2010,15147.9342
6338,Bhind,3,23,Madhya Pradesh,11-01-2010,15147.16139
6339,Bhopal,32,23,Madhya Pradesh,11-01-2010,15296.25475
6340,Barwani,28,23,Madhya Pradesh,11-01-2010,15340.40233
6341,Betul,35,23,Madhya Pradesh,11-01-2010,15133.39534
6342,Balaghat,45,23,Madhya Pradesh,11-01-2010,15028.36012
6343,Chhatarpur,9,23,Madhya Pradesh,11-01-2010,15248.93659
6344,Chhindwara,43,23,Madhya Pradesh,11-01-2010,15127.89657
6345,Dewas,23,23,Madhya Pradesh,11-01-2010,15294.9295
6346,Katni,38,23,Madhya Pradesh,11-01-2010,15190.22002
6347,Datia,5,23,Madhya Pradesh,11-01-2010,15200.13085
6348,Damoh,12,23,Madhya Pradesh,11-01-2010,15264.40822
6349,Dhar,25,23,Madhya Pradesh,11-01-2010,15338.83372
6350,East Nimar,29,23,Madhya Pradesh,11-01-2010,15280.95216
6351,Guna,7,23,Madhya Pradesh,11-01-2010,15289.23718
6352,Gwalior,4,23,Madhya Pradesh,11-01-2010,15153.42619
6353,Harda,36,23,Madhya Pradesh,11-01-2010,15289.16899
6354,Shajapur,22,23,Madhya Pradesh,11-01-2010,15365.8799
6355,Shivpuri,6,23,Madhya Pradesh,11-01-2010,15221.31386
6356,Ratlam,20,23,Madhya Pradesh,11-01-2010,15394.0948
6357,Rewa,14,23,Madhya Pradesh,11-01-2010,15254.79868
6358,Sagar,11,23,Madhya Pradesh,11-01-2010,15268.27339
6359,Sidhi,17,23,Madhya Pradesh,11-01-2010,15157.19182
6360,Ujjain,21,23,Madhya Pradesh,11-01-2010,15390.05486
6361,Vidisha,31,23,Madhya Pradesh,11-01-2010,15313.15027
6362,West Nimar,27,23,Madhya Pradesh,11-01-2010,15332.7665
6363,Morena,2,23,Madhya Pradesh,11-01-2010,15123.24686
6364,Sheopur,1,23,Madhya Pradesh,11-01-2010,15155.6327
6365,Dindori,41,23,Madhya Pradesh,11-01-2010,15072.42068
6366,Mandla,42,23,Madhya Pradesh,11-01-2010,15096.00454
6367,Shahdol,16,23,Madhya Pradesh,11-01-2010,15121.27068
6368,Umaria,15,23,Madhya Pradesh,11-01-2010,15084.07804
6369,Jamnagar,10,24,Gujarat,11-01-2010,15275.93182
6370,Kheda,16,24,Gujarat,11-01-2010,15240.04222
6371,Mahesana,4,24,Gujarat,11-01-2010,15264.79468
6372,Narmada,20,24,Gujarat,11-01-2010,15202.20975
6373,Navsari,24,24,Gujarat,11-01-2010,15178.21832
6374,Panch Mahals,17,24,Gujarat,11-01-2010,15238.85418
6375,Patan,3,24,Gujarat,11-01-2010,15308.03944
6376,Porbandar,11,24,Gujarat,11-01-2010,15290.21964
6377,Rajkot,9,24,Gujarat,11-01-2010,15273.95853
6378,Anand,15,24,Gujarat,11-01-2010,15243.40937
6379,Ahmadabad,7,24,Gujarat,11-01-2010,15330.7655
6380,Amreli,13,24,Gujarat,11-01-2010,15270.15805
6381,Bhavnagar,14,24,Gujarat,11-01-2010,15319.13052
6382,Banas Kantha,2,24,Gujarat,11-01-2010,15266.35716
6383,Dohad,18,24,Gujarat,11-01-2010,15278.41592
6384,Junagadh,12,24,Gujarat,11-01-2010,15281.56495
6385,Kachchh,1,24,Gujarat,11-01-2010,15302.93522
6386,Gandhinagar,6,24,Gujarat,11-01-2010,15269.33424
6387,Sabar Kantha,5,24,Gujarat,11-01-2010,15212.44541
6388,Surendranagar,8,24,Gujarat,11-01-2010,15318.6783
6389,The Dangs,23,24,Gujarat,11-01-2010,15052.93056
6390,Vadodara,19,24,Gujarat,11-01-2010,15256.87187
6391,Valsad,25,24,Gujarat,11-01-2010,15135.50563
6392,Bharuch,21,24,Gujarat,11-01-2010,15309.06184
6393,Surat,22,24,Gujarat,11-01-2010,15196.87792
6394,Daman,2,25,Daman & Diu,11-01-2010,15172.56201
6395,Diu,1,25,Daman & Diu,11-01-2010,15122.50115
6396,Hingoli,16,27,Maharashtra,11-01-2010,15219.53432
6397,Jalgaon,3,27,Maharashtra,11-01-2010,15267.54284
6398,Jalna,18,27,Maharashtra,11-01-2010,15235.85447
6399,Kolhapur,34,27,Maharashtra,11-01-2010,15036.77632
6400,Latur,28,27,Maharashtra,11-01-2010,15194.85149
6401,Pune,25,27,Maharashtra,11-01-2010,15133.98313
6402,Nagpur,9,27,Maharashtra,11-01-2010,15145.67825
6403,Mumbai,23,27,Maharashtra,11-01-2010,15275.98757
6404,Mumbai (Suburban),22,27,Maharashtra,11-01-2010,15262.07305
6405,Nanded,15,27,Maharashtra,11-01-2010,15175.23085
6406,Nandurbar,1,27,Maharashtra,11-01-2010,15256.1423
6407,Nashik,20,27,Maharashtra,11-01-2010,15178.62492
6408,Osmanabad,29,27,Maharashtra,11-01-2010,15239.74138
6409,Parbhani,17,27,Maharashtra,11-01-2010,15243.86072
6410,Sangli,35,27,Maharashtra,11-01-2010,15230.62667
6411,Satara,31,27,Maharashtra,11-01-2010,15135.18167
6412,Aurangabad,19,27,Maharashtra,11-01-2010,15175.47909
6413,Ahmadnagar,26,27,Maharashtra,11-01-2010,15203.50625
6414,Akola,5,27,Maharashtra,11-01-2010,15254.76849
6415,Amravati,7,27,Maharashtra,11-01-2010,15154.74622
6416,Bid,27,27,Maharashtra,11-01-2010,15219.87605
6417,Bhandara,10,27,Maharashtra,11-01-2010,15097.50575
6418,Buldana,4,27,Maharashtra,11-01-2010,15221.785
6419,Chandrapur,13,27,Maharashtra,11-01-2010,15137.93864
6420,Dhule,2,27,Maharashtra,11-01-2010,15320.3898
6421,Gadchiroli,12,27,Maharashtra,11-01-2010,15051.28736
6422,Gondiya,11,27,Maharashtra,11-01-2010,15074.68838
6423,Ratnagiri,32,27,Maharashtra,11-01-2010,15114.11114
6424,Raigarh,24,27,Maharashtra,11-01-2010,15140.10339
6425,Thane,21,27,Maharashtra,11-01-2010,15180.29616
6426,Solapur,30,27,Maharashtra,11-01-2010,15259.62861
6427,Sindhudurg,33,27,Maharashtra,11-01-2010,15106.9432
6428,Wardha,8,27,Maharashtra,11-01-2010,15168.7594
6429,Washim,6,27,Maharashtra,11-01-2010,15225.31332
6430,Yavatmal,14,27,Maharashtra,11-01-2010,15148.11022
6431,Hyderabad,5,28,Andhra Pradesh,11-01-2010,15083.61238
6432,Khammam,10,28,Andhra Pradesh,11-01-2010,15044.54866
6433,Medak,4,28,Andhra Pradesh,11-01-2010,15129.30091
6434,Krishna,16,28,Andhra Pradesh,11-01-2010,15058.33944
6435,Kurnool,21,28,Andhra Pradesh,11-01-2010,15178.02898
6436,Mahbubnagar,7,28,Andhra Pradesh,11-01-2010,15161.52469
6437,Nalgonda,8,28,Andhra Pradesh,11-01-2010,15104.91653
6438,Nellore,19,28,Andhra Pradesh,11-01-2010,15060.27297
6439,Nizamabad,2,28,Andhra Pradesh,11-01-2010,15154.21386
6440,Prakasam,18,28,Andhra Pradesh,11-01-2010,15059.51747
6441,Anantapur,22,28,Andhra Pradesh,11-01-2010,15193.42894
6442,Adilabad,1,28,Andhra Pradesh,11-01-2010,15114.67911
6443,Chittoor,23,28,Andhra Pradesh,11-01-2010,15004.74686
6444,Cuddapah,20,28,Andhra Pradesh,11-01-2010,15093.46245
6445,East Godavari,14,28,Andhra Pradesh,11-01-2010,15008.9795
6446,Karimnagar,3,28,Andhra Pradesh,11-01-2010,15128.00815
6447,Guntur,17,28,Andhra Pradesh,11-01-2010,15059.91057
6448,Rangareddi,6,28,Andhra Pradesh,11-01-2010,15130.01347
6449,Srikakulam,11,28,Andhra Pradesh,11-01-2010,15066.3209
6450,West Godavari,15,28,Andhra Pradesh,11-01-2010,15064.80127
6451,Visakhapatnam,13,28,Andhra Pradesh,11-01-2010,14944.2567
6452,Vizianagaram,12,28,Andhra Pradesh,11-01-2010,15059.63072
6453,Warangal,9,28,Andhra Pradesh,11-01-2010,15089.81839
6454,Hassan,23,29,Karnataka,11-01-2010,14919.80756
6455,Haveri,11,29,Karnataka,11-01-2010,15106.24457
6456,Kodagu,25,29,Karnataka,11-01-2010,14857.82611
6457,Kolar,19,29,Karnataka,11-01-2010,14977.74039
6458,Mandya,22,29,Karnataka,11-01-2010,14921.51505
6459,Koppal,7,29,Karnataka,11-01-2010,15195.70708
6460,Mysore,26,29,Karnataka,11-01-2010,14923.73396
6461,Raichur,6,29,Karnataka,11-01-2010,15221.56099
6462,Bagalkot,2,29,Karnataka,11-01-2010,15204.22632
6463,Bangalore,20,29,Karnataka,11-01-2010,14967.56349
6464,Bidar,5,29,Karnataka,11-01-2010,15190.25492
6465,Bijapur,3,29,Karnataka,11-01-2010,15254.61151
6466,Belgaum,1,29,Karnataka,11-01-2010,15115.08382
6467,Bellary,12,29,Karnataka,11-01-2010,15133.11103
6468,Bangalore Rural,21,29,Karnataka,11-01-2010,14951.88508
6469,Chamarajanagar,27,29,Karnataka,11-01-2010,14963.98572
6470,Chikmagalur,17,29,Karnataka,11-01-2010,14928.84275
6471,Chitradurga,13,29,Karnataka,11-01-2010,15126.08748
6472,Dakshina Kannada,24,29,Karnataka,11-01-2010,15062.263
6473,Davanagere,14,29,Karnataka,11-01-2010,15075.3668
6474,Dharwad,9,29,Karnataka,11-01-2010,15143.38349
6475,Gulbarga,4,29,Karnataka,11-01-2010,15205.9659
6476,Gadag,8,29,Karnataka,11-01-2010,15227.27156
6477,Shimoga,15,29,Karnataka,11-01-2010,14968.97352
6478,Tumkur,18,29,Karnataka,11-01-2010,15042.43102
6479,Udupi,16,29,Karnataka,11-01-2010,15093.10024
6480,Uttara Kannada,10,29,Karnataka,11-01-2010,14974.56028
6481,North Goa,1,30,Goa,11-01-2010,15101.04193
6482,South Goa,2,30,Goa,11-01-2010,15067.57512
6483,Idukki,9,32,Kerala,11-01-2010,14867.71157
6484,Kollam,13,32,Kerala,11-01-2010,15030.24208
6485,Kottayam,10,32,Kerala,11-01-2010,15088.83867
6486,Kozhikode,4,32,Kerala,11-01-2010,15048.52344
6487,Malappuram,5,32,Kerala,11-01-2010,15028.38875
6488,Palakkad,6,32,Kerala,11-01-2010,15004.18867
6489,Pathanamthitta,12,32,Kerala,11-01-2010,14961.08772
6490,Alappuzha,11,32,Kerala,11-01-2010,15101.83017
6491,Kasaragod,1,32,Kerala,11-01-2010,15071.26893
6492,Kannur,2,32,Kerala,11-01-2010,15078.14491
6493,Ernakulam,8,32,Kerala,11-01-2010,15119.25269
6494,Thrissur,7,32,Kerala,11-01-2010,15037.61477
6495,Thiruvananthapuram,14,32,Kerala,11-01-2010,15057.67362
6496,Wayanad,3,32,Kerala,11-01-2010,14854.86792
6497,Kanniyakumari,30,33,Tamil Nadu,11-01-2010,15071.48739
6498,Karur,14,33,Tamil Nadu,11-01-2010,15158.31606
6499,Madurai,24,33,Tamil Nadu,11-01-2010,15150.2156
6500,Namakkal,9,33,Tamil Nadu,11-01-2010,15109.71228
6501,The Nilgiris,11,33,Tamil Nadu,11-01-2010,14769.28962
6502,Perambalur,16,33,Tamil Nadu,11-01-2010,15110.38595
6503,Pudukkottai,22,33,Tamil Nadu,11-01-2010,15126.22859
6504,Ramanathapuram,27,33,Tamil Nadu,11-01-2010,15135.3876
6505,Salem,8,33,Tamil Nadu,11-01-2010,15050.9132
6506,Ariyalur,17,33,Tamil Nadu,11-01-2010,15114.34337
6507,Coimbatore,12,33,Tamil Nadu,11-01-2010,15071.70715
6508,Cuddalore,18,33,Tamil Nadu,11-01-2010,15085.89677
6509,Dharmapuri,5,33,Tamil Nadu,11-01-2010,14986.57702
6510,Dindigul,13,33,Tamil Nadu,11-01-2010,15028.84064
6511,Erode,10,33,Tamil Nadu,11-01-2010,15057.74744
6512,Sivaganga,23,33,Tamil Nadu,11-01-2010,15124.71258
6513,Tiruchirappalli,15,33,Tamil Nadu,11-01-2010,15120.28563
6514,Tirunelveli,29,33,Tamil Nadu,11-01-2010,15296.18534
6515,Tiruvannamalai,6,33,Tamil Nadu,11-01-2010,15053.33817
6516,Thoothukkudi,28,33,Tamil Nadu,11-01-2010,15360.42415
6517,Theni,25,33,Tamil Nadu,11-01-2010,15052.97937
6518,Vellore,4,33,Tamil Nadu,11-01-2010,15013.28967
6519,Viluppuram,7,33,Tamil Nadu,11-01-2010,15097.26412
6520,Virudhunagar,26,33,Tamil Nadu,11-01-2010,15225.29839
6521,Chennai,2,33,Tamil Nadu,11-01-2010,15098.22794
6522,Kancheepuram,3,33,Tamil Nadu,11-01-2010,15048.20341
6523,Thiruvallur,1,33,Tamil Nadu,11-01-2010,15038.88013
6524,Thanjavur,21,33,Tamil Nadu,11-01-2010,15079.33027
6525,Thiruvarur,20,33,Tamil Nadu,11-01-2010,15061.60553
6526,Nagapattinam,19,33,Tamil Nadu,11-01-2010,15072.31699
6527,Pondicherry,2,34,Puducherry,11-01-2010,15053.64591
6528,Yanam,1,34,Puducherry,11-01-2010,15059.84369
6529,Karaikal,4,34,Puducherry,11-01-2010,15116.78285
6530,Mahe,3,34,Puducherry,11-01-2010,15019.77679
6531,Nicobars,2,35,Andaman & Nicobar Island,11-01-2010,14938.66035
6532,Andamans,1,35,Andaman & Nicobar Island,11-01-2010,14926.76629
6533,Chandigarh,1,4,Chandigarh,12-01-2010,14685.86535
6534,Dadra & Nagar Haveli,1,26,Dadara & Nagar Havelli,12-01-2010,15066.3002
6535,Lakshadweep,1,31,Lakshadweep,12-01-2010,15016.09233
6536,Data Not Available,99,99,Jammu and Kashmir,12-01-2010,13492.44107
6537,Anantnag,6,1,Jammu and Kashmir,12-01-2010,13823.75461
6538,Badgam,4,1,Jammu and Kashmir,12-01-2010,13985.6316
6539,Baramula,2,1,Jammu and Kashmir,12-01-2010,13916.23106
6540,Doda,9,1,Jammu and Kashmir,12-01-2010,13721.23018
6541,Srinagar,3,1,Jammu and Kashmir,12-01-2010,13849.64208
6542,Udhampur,10,1,Jammu and Kashmir,12-01-2010,14341.66357
6543,Jammu,13,1,Jammu and Kashmir,12-01-2010,14605.71839
6544,Kargil,8,1,Jammu and Kashmir,12-01-2010,13396.01833
6545,Kathua,14,1,Jammu and Kashmir,12-01-2010,14534.86833
6546,Leh (Ladakh),7,1,Jammu and Kashmir,12-01-2010,13483.62567
6547,Kupwara,1,1,Jammu and Kashmir,12-01-2010,14024.42969
6548,Punch,11,1,Jammu and Kashmir,12-01-2010,14336.79554
6549,Pulwama,5,1,Jammu and Kashmir,12-01-2010,14096.9005
6550,Rajauri,12,1,Jammu and Kashmir,12-01-2010,14451.95027
6551,Bilaspur,8,2,Himachal Pradesh,12-01-2010,14468.27663
6552,Chamba,1,2,Himachal Pradesh,12-01-2010,14015.62855
6553,Hamirpur,6,2,Himachal Pradesh,12-01-2010,14482.64854
6554,Shimla,11,2,Himachal Pradesh,12-01-2010,14252.92483
6555,Sirmaur,10,2,Himachal Pradesh,12-01-2010,14491.73503
6556,Solan,9,2,Himachal Pradesh,12-01-2010,14501.91452
6557,Una,7,2,Himachal Pradesh,12-01-2010,14582.32178
6558,Kangra,2,2,Himachal Pradesh,12-01-2010,14360.49875
6559,Kinnaur,12,2,Himachal Pradesh,12-01-2010,13683.82784
6560,Lahul & Spiti,3,2,Himachal Pradesh,12-01-2010,13431.36901
6561,Kullu,4,2,Himachal Pradesh,12-01-2010,13884.16427
6562,Mandi,5,2,Himachal Pradesh,12-01-2010,14372.5575
6563,Hoshiarpur,5,3,Punjab,12-01-2010,14624.09772
6564,Amritsar,2,3,Punjab,12-01-2010,14706.96897
6565,Firozpur,11,3,Punjab,12-01-2010,14759.22002
6566,Bathinda,14,3,Punjab,12-01-2010,14798.47614
6567,Gurdaspur,1,3,Punjab,12-01-2010,14609.66503
6568,Faridkot,13,3,Punjab,12-01-2010,14754.9237
6569,Fatehgarh Sahib,8,3,Punjab,12-01-2010,14676.03606
6570,Rupnagar,7,3,Punjab,12-01-2010,14652.92689
6571,Jalandhar,4,3,Punjab,12-01-2010,14669.38721
6572,Kapurthala,3,3,Punjab,12-01-2010,14630.50004
6573,Ludhiana,9,3,Punjab,12-01-2010,14707.60021
6574,Mansa,15,3,Punjab,12-01-2010,14811.36535
6575,Moga,10,3,Punjab,12-01-2010,14719.79833
6576,Muktsar,12,3,Punjab,12-01-2010,14789.5224
6577,Nawanshahr,6,3,Punjab,12-01-2010,14650.60334
6578,Patiala,17,3,Punjab,12-01-2010,14684.81079
6579,Sangrur,16,3,Punjab,12-01-2010,14733.94732
6580,Hardwar,13,5,Uttarakhand,12-01-2010,14683.96452
6581,Bageshwar,8,5,Uttarakhand,12-01-2010,14281.15211
6582,Almora,9,5,Uttarakhand,12-01-2010,14484.53484
6583,Chamoli,2,5,Uttarakhand,12-01-2010,13844.81583
6584,Champawat,10,5,Uttarakhand,12-01-2010,14476.67944
6585,Dehradun,5,5,Uttarakhand,12-01-2010,14510.80019
6586,Garhwal,6,5,Uttarakhand,12-01-2010,14484.4499
6587,Rudraprayag,3,5,Uttarakhand,12-01-2010,14181.46749
6588,Tehri Garhwal,4,5,Uttarakhand,12-01-2010,14312.24563
6589,Udham Singh Nagar,12,5,Uttarakhand,12-01-2010,14698.56037
6590,Uttarkashi,1,5,Uttarakhand,12-01-2010,13869.87416
6591,Nainital,11,5,Uttarakhand,12-01-2010,14579.66137
6592,Pithoragarh,7,5,Uttarakhand,12-01-2010,13989.48566
6593,Hisar,12,6,Haryana,12-01-2010,14801.62053
6594,Ambala,2,6,Haryana,12-01-2010,14671.44755
6595,Gurgaon,18,6,Haryana,12-01-2010,14729.15457
6596,Faridabad,19,6,Haryana,12-01-2010,14744.10099
6597,Fatehabad,10,6,Haryana,12-01-2010,14820.56142
6598,Rohtak,14,6,Haryana,12-01-2010,14759.5184
6599,Sirsa,11,6,Haryana,12-01-2010,14876.24024
6600,Sonipat,8,6,Haryana,12-01-2010,14764.38034
6601,Yamunanagar,3,6,Haryana,12-01-2010,14670.55382
6602,Jhajjar,15,6,Haryana,12-01-2010,14751.0629
6603,Mahendragarh,16,6,Haryana,12-01-2010,14749.05845
6604,Rewari,17,6,Haryana,12-01-2010,14719.39386
6605,Bhiwani,13,6,Haryana,12-01-2010,14837.54264
6606,Jind,9,6,Haryana,12-01-2010,14758.87187
6607,Kaithal,5,6,Haryana,12-01-2010,14717.31647
6608,Karnal,6,6,Haryana,12-01-2010,14712.60019
6609,Kurukshetra,4,6,Haryana,12-01-2010,14668.4158
6610,Panchkula,1,6,Haryana,12-01-2010,14653.17353
6611,Panipat,7,6,Haryana,12-01-2010,14759.99692
6612,Central,6,7,Delhi  & NCR,12-01-2010,14678.18792
6613,East,4,7,Delhi  & NCR,12-01-2010,14675.33036
6614,New Delhi,5,7,Delhi  & NCR,12-01-2010,14660.90016
6615,North,2,7,Delhi  & NCR,12-01-2010,14667.48952
6616,North East,3,7,Delhi  & NCR,12-01-2010,14670.70764
6617,North West,1,7,Delhi  & NCR,12-01-2010,14710.72098
6618,South,9,7,Delhi  & NCR,12-01-2010,14679.21307
6619,South West,8,7,Delhi  & NCR,12-01-2010,14687.28959
6620,West,7,7,Delhi  & NCR,12-01-2010,14678.58086
6621,Ajmer,21,8,Rajasthan,12-01-2010,14928.255
6622,Banswara,28,8,Rajasthan,12-01-2010,15103.14237
6623,Barmer,17,8,Rajasthan,12-01-2010,15152.86047
6624,Bhilwara,24,8,Rajasthan,12-01-2010,14904.90619
6625,Bikaner,3,8,Rajasthan,12-01-2010,15094.52854
6626,Bharatpur,7,8,Rajasthan,12-01-2010,14758.8421
6627,Bundi,23,8,Rajasthan,12-01-2010,14929.43295
6628,Chittaurgarh,29,8,Rajasthan,12-01-2010,14934.03426
6629,Churu,4,8,Rajasthan,12-01-2010,15063.10419
6630,Dausa,11,8,Rajasthan,12-01-2010,14818.76714
6631,Dhaulpur,8,8,Rajasthan,12-01-2010,14805.31873
6632,Dungarpur,27,8,Rajasthan,12-01-2010,15048.81044
6633,Karauli,9,8,Rajasthan,12-01-2010,14801.56339
6634,Sirohi,19,8,Rajasthan,12-01-2010,14972.21257
6635,Tonk,22,8,Rajasthan,12-01-2010,14872.71705
6636,Sikar,13,8,Rajasthan,12-01-2010,14921.11943
6637,Alwar,6,8,Rajasthan,12-01-2010,14762.31334
6638,Udaipur,26,8,Rajasthan,12-01-2010,14925.71234
6639,Ganganagar,1,8,Rajasthan,12-01-2010,14842.90004
6640,Hanumangarh,2,8,Rajasthan,12-01-2010,14936.62759
6641,Baran,31,8,Rajasthan,12-01-2010,15001.6804
6642,Jaipur,12,8,Rajasthan,12-01-2010,14869.73006
6643,Jaisalmer,16,8,Rajasthan,12-01-2010,15175.20994
6644,Jalor,18,8,Rajasthan,12-01-2010,15077.05915
6645,Jhalawar,32,8,Rajasthan,12-01-2010,15054.77548
6646,Jhunjhunun,5,8,Rajasthan,12-01-2010,14925.40492
6647,Jodhpur,15,8,Rajasthan,12-01-2010,15108.407
6648,Kota,30,8,Rajasthan,12-01-2010,14990.18252
6649,Nagaur,14,8,Rajasthan,12-01-2010,15031.92484
6650,Pali,20,8,Rajasthan,12-01-2010,15012.01735
6651,Rajsamand,25,8,Rajasthan,12-01-2010,14834.9036
6652,Sawai Madhopur,10,8,Rajasthan,12-01-2010,14797.09101
6653,Hathras,13,9,Uttar Pradesh,12-01-2010,14748.25611
6654,Auraiya,32,9,Uttar Pradesh,12-01-2010,14792.95139
6655,Azamgarh,61,9,Uttar Pradesh,12-01-2010,14871.33149
6656,Budaun,19,9,Uttar Pradesh,12-01-2010,14816.14304
6657,Agra,15,9,Uttar Pradesh,12-01-2010,14794.28025
6658,Aligarh,12,9,Uttar Pradesh,12-01-2010,14779.51183
6659,Allahabad,45,9,Uttar Pradesh,12-01-2010,14874.833
6660,Ambedkar Nagar,48,9,Uttar Pradesh,12-01-2010,14861.21632
6661,Bareilly,20,9,Uttar Pradesh,12-01-2010,14750.66927
6662,Bijnor,3,9,Uttar Pradesh,12-01-2010,14715.44855
6663,Basti,55,9,Uttar Pradesh,12-01-2010,14837.22692
6664,Baghpat,8,9,Uttar Pradesh,12-01-2010,14700.44594
6665,Bahraich,50,9,Uttar Pradesh,12-01-2010,14820.51755
6666,Ballia,63,9,Uttar Pradesh,12-01-2010,14831.49222
6667,Balrampur,52,9,Uttar Pradesh,12-01-2010,14849.10601
6668,Banda,40,9,Uttar Pradesh,12-01-2010,14912.61482
6669,Barabanki,46,9,Uttar Pradesh,12-01-2010,14833.49107
6670,Chitrakoot,41,9,Uttar Pradesh,12-01-2010,14925.13654
6671,Chandauli,66,9,Uttar Pradesh,12-01-2010,14882.50619
6672,Deoria,60,9,Uttar Pradesh,12-01-2010,14845.97556
6673,Etah,17,9,Uttar Pradesh,12-01-2010,14793.92957
6674,Kanpur Dehat,33,9,Uttar Pradesh,12-01-2010,14808.91665
6675,Etawah,31,9,Uttar Pradesh,12-01-2010,14791.89178
6676,Faizabad,47,9,Uttar Pradesh,12-01-2010,14828.96501
6677,Ghazipur,65,9,Uttar Pradesh,12-01-2010,14861.25895
6678,Gonda,53,9,Uttar Pradesh,12-01-2010,14827.82684
6679,Gorakhpur,58,9,Uttar Pradesh,12-01-2010,14842.77161
6680,Farrukhabad,29,9,Uttar Pradesh,12-01-2010,14765.24402
6681,Fatehpur,42,9,Uttar Pradesh,12-01-2010,14854.11141
6682,Firozabad,16,9,Uttar Pradesh,12-01-2010,14794.42197
6683,Hamirpur,38,9,Uttar Pradesh,12-01-2010,14915.10729
6684,Hardoi,25,9,Uttar Pradesh,12-01-2010,14838.19413
6685,Shrawasti,51,9,Uttar Pradesh,12-01-2010,14878.8555
6686,Saharanpur,1,9,Uttar Pradesh,12-01-2010,14664.59105
6687,Sitapur,24,9,Uttar Pradesh,12-01-2010,14833.90746
6688,Sultanpur,49,9,Uttar Pradesh,12-01-2010,14866.8023
6689,Sonbhadra,70,9,Uttar Pradesh,12-01-2010,14904.7168
6690,Siddharthnagar,54,9,Uttar Pradesh,12-01-2010,14856.91734
6691,Unnao,26,9,Uttar Pradesh,12-01-2010,14810.09244
6692,Varanasi,67,9,Uttar Pradesh,12-01-2010,14864.39401
6693,Bulandshahr,11,9,Uttar Pradesh,12-01-2010,14745.53623
6694,Gautam Buddha Nagar,10,9,Uttar Pradesh,12-01-2010,14752.3563
6695,Ghaziabad,9,9,Uttar Pradesh,12-01-2010,14716.74966
6696,Jalaun,35,9,Uttar Pradesh,12-01-2010,14864.59233
6697,Jaunpur,64,9,Uttar Pradesh,12-01-2010,14846.17972
6698,Jhansi,36,9,Uttar Pradesh,12-01-2010,14917.21597
6699,Jyotiba Phule Nagar,6,9,Uttar Pradesh,12-01-2010,14715.16399
6700,Kannauj,30,9,Uttar Pradesh,12-01-2010,14779.76928
6701,Kanpur Nagar,34,9,Uttar Pradesh,12-01-2010,14830.9042
6702,Kaushambi,44,9,Uttar Pradesh,12-01-2010,14832.31058
6703,Kheri,23,9,Uttar Pradesh,12-01-2010,14744.84748
6704,Mirzapur,69,9,Uttar Pradesh,12-01-2010,14908.85384
6705,Moradabad,4,9,Uttar Pradesh,12-01-2010,14749.63936
6706,Muzaffarnagar,2,9,Uttar Pradesh,12-01-2010,14688.1556
6707,Rae Bareli,28,9,Uttar Pradesh,12-01-2010,14841.03505
6708,Kushinagar,59,9,Uttar Pradesh,12-01-2010,14836.33683
6709,Lucknow,27,9,Uttar Pradesh,12-01-2010,14816.72639
6710,Lalitpur,37,9,Uttar Pradesh,12-01-2010,14887.93309
6711,Mahrajganj,57,9,Uttar Pradesh,12-01-2010,14844.29498
6712,Mahoba,39,9,Uttar Pradesh,12-01-2010,14925.99169
6713,Mainpuri,18,9,Uttar Pradesh,12-01-2010,14820.89962
6714,Mathura,14,9,Uttar Pradesh,12-01-2010,14760.02147
6715,Mau,62,9,Uttar Pradesh,12-01-2010,14835.73429
6716,Meerut,7,9,Uttar Pradesh,12-01-2010,14699.38921
6717,Pilibhit,21,9,Uttar Pradesh,12-01-2010,14720.69463
6718,Pratapgarh,43,9,Uttar Pradesh,12-01-2010,14846.33396
6719,Rampur,5,9,Uttar Pradesh,12-01-2010,14702.23133
6720,Sant Ravidas Nagar Bhadohi,68,9,Uttar Pradesh,12-01-2010,14846.55025
6721,Sant Kabir Nagar,56,9,Uttar Pradesh,12-01-2010,14826.12931
6722,Shahjahanpur,22,9,Uttar Pradesh,12-01-2010,14772.72163
6723,Araria,7,10,Bihar,12-01-2010,14895.94648
6724,Aurangabad,34,10,Bihar,12-01-2010,14887.01313
6725,Banka,23,10,Bihar,12-01-2010,14895.87001
6726,Bhagalpur,22,10,Bihar,12-01-2010,14819.03285
6727,Begusarai,20,10,Bihar,12-01-2010,14803.46498
6728,Saran,17,10,Bihar,12-01-2010,14838.79115
6729,Katihar,10,10,Bihar,12-01-2010,14821.16153
6730,Darbhanga,13,10,Bihar,12-01-2010,14871.15238
6731,Gopalganj,15,10,Bihar,12-01-2010,14833.5455
6732,Sheikhpura,26,10,Bihar,12-01-2010,14876.41043
6733,Sheohar,3,10,Bihar,12-01-2010,14896.35745
6734,Saharsa,12,10,Bihar,12-01-2010,14825.47789
6735,Sitamarhi,4,10,Bihar,12-01-2010,14894.65345
6736,Siwan,16,10,Bihar,12-01-2010,14836.45047
6737,Supaul,6,10,Bihar,12-01-2010,14815.42373
6738,Vaishali,18,10,Bihar,12-01-2010,14810.4556
6739,Kaimur (Bhabua),31,10,Bihar,12-01-2010,14890.65058
6740,Gaya,35,10,Bihar,12-01-2010,14912.17417
6741,Bhojpur,29,10,Bihar,12-01-2010,14876.65984
6742,Buxar,30,10,Bihar,12-01-2010,14866.95883
6743,Jehanabad,33,10,Bihar,12-01-2010,14881.98635
6744,Rohtas,32,10,Bihar,12-01-2010,14892.62028
6745,Jamui,37,10,Bihar,12-01-2010,14878.89343
6746,Kishanganj,8,10,Bihar,12-01-2010,14877.03089
6747,Muzaffarpur,14,10,Bihar,12-01-2010,14849.49824
6748,Purnia,9,10,Bihar,12-01-2010,14912.31244
6749,Khagaria,21,10,Bihar,12-01-2010,14812.28272
6750,Madhubani,5,10,Bihar,12-01-2010,14886.53583
6751,Lakhisarai,25,10,Bihar,12-01-2010,14843.39715
6752,Madhepura,11,10,Bihar,12-01-2010,14875.32797
6753,Purba Champaran,2,10,Bihar,12-01-2010,14892.55736
6754,Munger,24,10,Bihar,12-01-2010,14822.45479
6755,Nalanda,27,10,Bihar,12-01-2010,14878.13466
6756,Nawada,36,10,Bihar,12-01-2010,14860.33429
6757,Pashchim Champaran,1,10,Bihar,12-01-2010,14816.02892
6758,Patna,28,10,Bihar,12-01-2010,14841.70964
6759,Samastipur,19,10,Bihar,12-01-2010,14846.48052
6760,East,4,11,Sikkim,12-01-2010,14301.01177
6761,South,3,11,Sikkim,12-01-2010,14374.26894
6762,West,2,11,Sikkim,12-01-2010,14218.86079
6763,North,1,11,Sikkim,12-01-2010,13889.09512
6764,Changlang,12,12,Arunanchal Pradesh,12-01-2010,14457.24901
6765,Dibang Valley,10,12,Arunanchal Pradesh,12-01-2010,14006.8912
6766,East Kameng,3,12,Arunanchal Pradesh,12-01-2010,14283.59356
6767,East Siang,8,12,Arunanchal Pradesh,12-01-2010,14508.4463
6768,Tawang,1,12,Arunanchal Pradesh,12-01-2010,14008.96827
6769,Tirap,13,12,Arunanchal Pradesh,12-01-2010,14520.12095
6770,West Kameng,2,12,Arunanchal Pradesh,12-01-2010,14247.12951
6771,West Siang,7,12,Arunanchal Pradesh,12-01-2010,14224.85158
6772,Upper Siang,9,12,Arunanchal Pradesh,12-01-2010,14076.22907
6773,Upper Subansiri,6,12,Arunanchal Pradesh,12-01-2010,14080.12384
6774,Lohit,11,12,Arunanchal Pradesh,12-01-2010,14170.72221
6775,Lower Subansiri,5,12,Arunanchal Pradesh,12-01-2010,14166.26182
6776,Papum Pare,4,12,Arunanchal Pradesh,12-01-2010,14418.83401
6777,Tuensang,2,13,Nagaland,12-01-2010,14413.97747
6778,Wokha,5,13,Nagaland,12-01-2010,14585.44868
6779,Zunheboto,4,13,Nagaland,12-01-2010,14446.8001
6780,Dimapur,6,13,Nagaland,12-01-2010,14695.23846
6781,Kohima,7,13,Nagaland,12-01-2010,14525.95881
6782,Mokokchung,3,13,Nagaland,12-01-2010,14575.4558
6783,Mon,1,13,Nagaland,12-01-2010,14587.30193
6784,Phek,8,13,Nagaland,12-01-2010,14384.48405
6785,Bishnupur,4,14,Manipur,12-01-2010,14590.77849
6786,Chandel,9,14,Manipur,12-01-2010,14536.51712
6787,Churachandpur,3,14,Manipur,12-01-2010,14532.30441
6788,Tamenglong,2,14,Manipur,12-01-2010,14539.19613
6789,Thoubal,5,14,Manipur,12-01-2010,14609.37201
6790,Ukhrul,8,14,Manipur,12-01-2010,14481.72119
6791,Imphal East,7,14,Manipur,12-01-2010,14638.68803
6792,Imphal West,6,14,Manipur,12-01-2010,14700.10623
6793,Senapati (Excl. 3 sub-divisions),1,14,Manipur,12-01-2010,14474.17563
6794,Aizawl,3,15,Mizoram,12-01-2010,14594.30756
6795,Champhai,4,15,Mizoram,12-01-2010,14502.84476
6796,Kolasib,2,15,Mizoram,12-01-2010,14678.38335
6797,Mamit,1,15,Mizoram,12-01-2010,14673.64846
6798,Lunglei,6,15,Mizoram,12-01-2010,14616.76573
6799,Lawngtlai,7,15,Mizoram,12-01-2010,14682.00295
6800,Saiha,8,15,Mizoram,12-01-2010,14597.08439
6801,Serchhip,5,15,Mizoram,12-01-2010,14537.01537
6802,Dhalai,3,16,Tripura,12-01-2010,14778.8413
6803,South Tripura,2,16,Tripura,12-01-2010,14817.73897
6804,West Tripura,1,16,Tripura,12-01-2010,14840.67292
6805,North Tripura,4,16,Tripura,12-01-2010,14772.74514
6806,East Garo Hills,2,17,Meghalaya,12-01-2010,14689.8906
6807,East Khasi Hills,6,17,Meghalaya,12-01-2010,14621.99638
6808,Ri Bhoi,5,17,Meghalaya,12-01-2010,14646.13829
6809,South Garo Hills,3,17,Meghalaya,12-01-2010,14732.8516
6810,West Garo Hills,1,17,Meghalaya,12-01-2010,14778.52079
6811,West Khasi Hills,4,17,Meghalaya,12-01-2010,14614.02476
6812,Jaintia Hills,7,17,Meghalaya,12-01-2010,14630.08856
6813,Barpeta,5,18,Assam,12-01-2010,14832.05774
6814,Bongaigaon,4,18,Assam,12-01-2010,14840.44828
6815,Cachar,21,18,Assam,12-01-2010,14779.5403
6816,Darrang,8,18,Assam,12-01-2010,14849.51431
6817,Dhemaji,13,18,Assam,12-01-2010,14795.90204
6818,Dhubri,2,18,Assam,12-01-2010,14817.92457
6819,Dibrugarh,15,18,Assam,12-01-2010,14746.19322
6820,Kamrup,6,18,Assam,12-01-2010,14775.27686
6821,Karbi Anglong,19,18,Assam,12-01-2010,14662.45429
6822,Goalpara,3,18,Assam,12-01-2010,14781.23127
6823,Golaghat,18,18,Assam,12-01-2010,14782.06427
6824,Hailakandi,23,18,Assam,12-01-2010,14781.08661
6825,Sonitpur,11,18,Assam,12-01-2010,14834.3326
6826,Sibsagar,16,18,Assam,12-01-2010,14748.15383
6827,Tinsukia,14,18,Assam,12-01-2010,14715.42605
6828,Jorhat,17,18,Assam,12-01-2010,14762.27875
6829,Karimganj,22,18,Assam,12-01-2010,14805.8417
6830,Kokrajhar,1,18,Assam,12-01-2010,14855.16454
6831,Lakhimpur,12,18,Assam,12-01-2010,14797.55523
6832,Nagaon,10,18,Assam,12-01-2010,14797.6617
6833,Marigaon,9,18,Assam,12-01-2010,14829.66852
6834,Nalbari,7,18,Assam,12-01-2010,14857.57864
6835,North Cachar Hills,20,18,Assam,12-01-2010,14620.92538
6836,Hugli,12,19,West Bengal,12-01-2010,14863.98071
6837,Barddhaman,9,19,West Bengal,12-01-2010,14860.00632
6838,Birbhum,8,19,West Bengal,12-01-2010,14861.8645
6839,Bankura,13,19,West Bengal,12-01-2010,14873.23578
6840,Dakshin Dinajpur,5,19,West Bengal,12-01-2010,14850.787
6841,Darjiling,1,19,West Bengal,12-01-2010,14595.68926
6842,Haora,16,19,West Bengal,12-01-2010,14823.23198
6843,South  Twenty Four Parganas,18,19,West Bengal,12-01-2010,14827.73931
6844,Uttar Dinajpur,4,19,West Bengal,12-01-2010,14881.05887
6845,Jalpaiguri,2,19,West Bengal,12-01-2010,14834.47009
6846,Koch Bihar,3,19,West Bengal,12-01-2010,14843.97882
6847,Murshidabad,7,19,West Bengal,12-01-2010,14820.05062
6848,Puruliya,14,19,West Bengal,12-01-2010,14870.66892
6849,Kolkata,17,19,West Bengal,12-01-2010,14956.44408
6850,Maldah,6,19,West Bengal,12-01-2010,14810.81235
6851,Nadia,10,19,West Bengal,12-01-2010,14827.70962
6852,North Twenty Four Parganas,11,19,West Bengal,12-01-2010,14821.02892
6853,Medinipur,15,19,West Bengal,12-01-2010,14868.65373
6854,Bokaro,13,20,Jharkhand,12-01-2010,14849.87573
6855,Deoghar,7,20,Jharkhand,12-01-2010,14898.73656
6856,Dhanbad,12,20,Jharkhand,12-01-2010,14864.08393
6857,Dumka,11,20,Jharkhand,12-01-2010,14884.18809
6858,Giridih,6,20,Jharkhand,12-01-2010,14843.52068
6859,Godda,8,20,Jharkhand,12-01-2010,14863.2328
6860,Gumla,16,20,Jharkhand,12-01-2010,14813.61689
6861,Ranchi,14,20,Jharkhand,12-01-2010,14815.09705
6862,Sahibganj,9,20,Jharkhand,12-01-2010,14820.47639
6863,Garhwa,1,20,Jharkhand,12-01-2010,14854.85411
6864,Palamu,2,20,Jharkhand,12-01-2010,14795.02415
6865,Chatra,3,20,Jharkhand,12-01-2010,14804.89181
6866,Hazaribagh,4,20,Jharkhand,12-01-2010,14779.05244
6867,Kodarma,5,20,Jharkhand,12-01-2010,14809.20235
6868,Purbi Singhbhum,18,20,Jharkhand,12-01-2010,14900.15655
6869,Lohardaga,15,20,Jharkhand,12-01-2010,14746.36019
6870,Pakaur,10,20,Jharkhand,12-01-2010,14921.22224
6871,Pashchimi Singhbhum,17,20,Jharkhand,12-01-2010,14819.14288
6872,Anugul,15,21,Orissa,12-01-2010,14875.41734
6873,Bhadrak,9,21,Orissa,12-01-2010,14924.53996
6874,Baudh,22,21,Orissa,12-01-2010,14863.93832
6875,Balangir,24,21,Orissa,12-01-2010,14941.00777
6876,Baleshwar,8,21,Orissa,12-01-2010,14870.81569
6877,Bargarh,1,21,Orissa,12-01-2010,14911.43302
6878,Kendrapara,10,21,Orissa,12-01-2010,14910.8696
6879,Kendujhar,6,21,Orissa,12-01-2010,14869.93511
6880,Debagarh,4,21,Orissa,12-01-2010,14865.3992
6881,Cuttack,12,21,Orissa,12-01-2010,14917.2241
6882,Dhenkanal,14,21,Orissa,12-01-2010,14893.32042
6883,Kalahandi,26,21,Orissa,12-01-2010,14874.55658
6884,Ganjam,19,21,Orissa,12-01-2010,14906.62149
6885,Gajapati,20,21,Orissa,12-01-2010,14831.36923
6886,Rayagada,27,21,Orissa,12-01-2010,14844.00257
6887,Sundargarh,5,21,Orissa,12-01-2010,14844.99523
6888,Sonapur,23,21,Orissa,12-01-2010,14928.04595
6889,Jajapur,13,21,Orissa,12-01-2010,14928.60636
6890,Jagatsinghapur,11,21,Orissa,12-01-2010,14931.01631
6891,Jharsuguda,2,21,Orissa,12-01-2010,14890.86191
6892,Khordha,17,21,Orissa,12-01-2010,14923.41959
6893,Mayurbhanj,7,21,Orissa,12-01-2010,14847.86489
6894,Puri,18,21,Orissa,12-01-2010,14911.49125
6895,Koraput,29,21,Orissa,12-01-2010,14897.53653
6896,Malkangiri,30,21,Orissa,12-01-2010,14895.82731
6897,Nabarangapur,28,21,Orissa,12-01-2010,14904.36278
6898,Nayagarh,16,21,Orissa,12-01-2010,14855.48408
6899,Nuapada,25,21,Orissa,12-01-2010,14906.78658
6900,Kandhamal,21,21,Orissa,12-01-2010,14750.71871
6901,Sambalpur,3,21,Orissa,12-01-2010,14863.93574
6902,Bastar,15,22,Chhattisgarh,12-01-2010,14828.97867
6903,Dantewada,16,22,Chhattisgarh,12-01-2010,14852.6483
6904,Dhamtari,13,22,Chhattisgarh,12-01-2010,14879.80839
6905,Durg,10,22,Chhattisgarh,12-01-2010,14980.52506
6906,Kanker,14,22,Chhattisgarh,12-01-2010,14854.26657
6907,Surguja,2,22,Chhattisgarh,12-01-2010,14799.96243
6908,Bilaspur,7,22,Chhattisgarh,12-01-2010,14895.31774
6909,Janjgir - Champa,6,22,Chhattisgarh,12-01-2010,14948.50147
6910,Korba,5,22,Chhattisgarh,12-01-2010,14813.70586
6911,Kawardha,8,22,Chhattisgarh,12-01-2010,14957.25595
6912,Jashpur,3,22,Chhattisgarh,12-01-2010,14805.86897
6913,Koriya,1,22,Chhattisgarh,12-01-2010,14823.18022
6914,Mahasamund,12,22,Chhattisgarh,12-01-2010,14955.27938
6915,Raigarh,4,22,Chhattisgarh,12-01-2010,14884.50116
6916,Raipur,11,22,Chhattisgarh,12-01-2010,14924.24583
6917,Rajnandgaon,9,22,Chhattisgarh,12-01-2010,14940.36875
6918,Hoshangabad,37,23,Madhya Pradesh,12-01-2010,14930.90065
6919,Indore,26,23,Madhya Pradesh,12-01-2010,14979.83701
6920,Bhind,3,23,Madhya Pradesh,12-01-2010,14792.29945
6921,Bhopal,32,23,Madhya Pradesh,12-01-2010,14953.91233
6922,Barwani,28,23,Madhya Pradesh,12-01-2010,15159.41408
6923,Betul,35,23,Madhya Pradesh,12-01-2010,14983.95515
6924,Balaghat,45,23,Madhya Pradesh,12-01-2010,14893.93448
6925,Chhatarpur,9,23,Madhya Pradesh,12-01-2010,14947.59346
6926,Chhindwara,43,23,Madhya Pradesh,12-01-2010,14996.54492
6927,Dewas,23,23,Madhya Pradesh,12-01-2010,15014.69622
6928,Katni,38,23,Madhya Pradesh,12-01-2010,14957.62659
6929,Datia,5,23,Madhya Pradesh,12-01-2010,14912.85087
6930,Damoh,12,23,Madhya Pradesh,12-01-2010,14991.60635
6931,Dhar,25,23,Madhya Pradesh,12-01-2010,15079.09776
6932,East Nimar,29,23,Madhya Pradesh,12-01-2010,15084.94021
6933,Guna,7,23,Madhya Pradesh,12-01-2010,14992.81462
6934,Gwalior,4,23,Madhya Pradesh,12-01-2010,14855.72045
6935,Harda,36,23,Madhya Pradesh,12-01-2010,14960.4673
6936,Shajapur,22,23,Madhya Pradesh,12-01-2010,15037.49426
6937,Shivpuri,6,23,Madhya Pradesh,12-01-2010,14939.89183
6938,Ratlam,20,23,Madhya Pradesh,12-01-2010,15101.81626
6939,Rewa,14,23,Madhya Pradesh,12-01-2010,14940.38393
6940,Sagar,11,23,Madhya Pradesh,12-01-2010,14978.72606
6941,Sidhi,17,23,Madhya Pradesh,12-01-2010,14892.88288
6942,Ujjain,21,23,Madhya Pradesh,12-01-2010,15031.86086
6943,Vidisha,31,23,Madhya Pradesh,12-01-2010,14941.7857
6944,West Nimar,27,23,Madhya Pradesh,12-01-2010,15122.57584
6945,Morena,2,23,Madhya Pradesh,12-01-2010,14808.9132
6946,Sheopur,1,23,Madhya Pradesh,12-01-2010,14878.70527
6947,Dindori,41,23,Madhya Pradesh,12-01-2010,14907.18669
6948,Mandla,42,23,Madhya Pradesh,12-01-2010,14924.09644
6949,Shahdol,16,23,Madhya Pradesh,12-01-2010,14902.73422
6950,Umaria,15,23,Madhya Pradesh,12-01-2010,14858.73541
6951,Jabalpur,39,23,Madhya Pradesh,12-01-2010,14959.423
6952,Jhabua,24,23,Madhya Pradesh,12-01-2010,15132.71974
6953,Mandsaur,19,23,Madhya Pradesh,12-01-2010,15029.31443
6954,Tikamgarh,8,23,Madhya Pradesh,12-01-2010,14962.95972
6955,Narsimhapur,40,23,Madhya Pradesh,12-01-2010,14981.41382
6956,Neemuch,18,23,Madhya Pradesh,12-01-2010,14944.69236
6957,Panna,10,23,Madhya Pradesh,12-01-2010,14956.51852
6958,Raisen,34,23,Madhya Pradesh,12-01-2010,14981.6228
6959,Rajgarh,30,23,Madhya Pradesh,12-01-2010,15045.00042
6960,Satna,13,23,Madhya Pradesh,12-01-2010,14942.76438
6961,Sehore,33,23,Madhya Pradesh,12-01-2010,14987.22852
6962,Seoni,44,23,Madhya Pradesh,12-01-2010,14978.10136
6963,Anand,15,24,Gujarat,12-01-2010,15073.95294
6964,Ahmadabad,7,24,Gujarat,12-01-2010,15167.68717
6965,Amreli,13,24,Gujarat,12-01-2010,15155.95323
6966,Bhavnagar,14,24,Gujarat,12-01-2010,15174.18137
6967,Banas Kantha,2,24,Gujarat,12-01-2010,15027.67871
6968,Dohad,18,24,Gujarat,12-01-2010,15077.4368
6969,Junagadh,12,24,Gujarat,12-01-2010,15092.81946
6970,Kachchh,1,24,Gujarat,12-01-2010,15094.71358
6971,Gandhinagar,6,24,Gujarat,12-01-2010,15082.73345
6972,Sabar Kantha,5,24,Gujarat,12-01-2010,15026.99897
6973,Surendranagar,8,24,Gujarat,12-01-2010,15141.96966
6974,The Dangs,23,24,Gujarat,12-01-2010,14966.06706
6975,Vadodara,19,24,Gujarat,12-01-2010,15083.90475
6976,Valsad,25,24,Gujarat,12-01-2010,15049.86634
6977,Bharuch,21,24,Gujarat,12-01-2010,15129.45668
6978,Surat,22,24,Gujarat,12-01-2010,15069.90739
6979,Jamnagar,10,24,Gujarat,12-01-2010,15123.6348
6980,Kheda,16,24,Gujarat,12-01-2010,15065.83147
6981,Mahesana,4,24,Gujarat,12-01-2010,15071.84315
6982,Narmada,20,24,Gujarat,12-01-2010,15076.27363
6983,Navsari,24,24,Gujarat,12-01-2010,15050.89007
6984,Panch Mahals,17,24,Gujarat,12-01-2010,15062.4861
6985,Patan,3,24,Gujarat,12-01-2010,15105.95129
6986,Porbandar,11,24,Gujarat,12-01-2010,15112.48861
6987,Rajkot,9,24,Gujarat,12-01-2010,15126.73315
6988,Daman,2,25,Daman & Diu,12-01-2010,15038.05023
6989,Diu,1,25,Daman & Diu,12-01-2010,14986.8071
6990,Hingoli,16,27,Maharashtra,12-01-2010,15147.99643
6991,Aurangabad,19,27,Maharashtra,12-01-2010,15094.05813
6992,Ahmadnagar,26,27,Maharashtra,12-01-2010,15138.25909
6993,Akola,5,27,Maharashtra,12-01-2010,15158.98596
6994,Amravati,7,27,Maharashtra,12-01-2010,15065.63466
6995,Bid,27,27,Maharashtra,12-01-2010,15148.83922
6996,Bhandara,10,27,Maharashtra,12-01-2010,14977.76579
6997,Buldana,4,27,Maharashtra,12-01-2010,15138.55932
6998,Chandrapur,13,27,Maharashtra,12-01-2010,15006.37042
6999,Dhule,2,27,Maharashtra,12-01-2010,15184.79774
7000,Gadchiroli,12,27,Maharashtra,12-01-2010,14895.7891
7001,Gondiya,11,27,Maharashtra,12-01-2010,14940.71135
7002,Ratnagiri,32,27,Maharashtra,12-01-2010,15051.87188
7003,Raigarh,24,27,Maharashtra,12-01-2010,15059.88123
7004,Thane,21,27,Maharashtra,12-01-2010,15092.31271
7005,Solapur,30,27,Maharashtra,12-01-2010,15198.72586
7006,Sindhudurg,33,27,Maharashtra,12-01-2010,15068.69348
7007,Wardha,8,27,Maharashtra,12-01-2010,15061.79457
7008,Washim,6,27,Maharashtra,12-01-2010,15135.9076
7009,Yavatmal,14,27,Maharashtra,12-01-2010,15061.71092
7010,Jalgaon,3,27,Maharashtra,12-01-2010,15117.43987
7011,Jalna,18,27,Maharashtra,12-01-2010,15138.11827
7012,Kolhapur,34,27,Maharashtra,12-01-2010,15009.75108
7013,Latur,28,27,Maharashtra,12-01-2010,15148.01883
7014,Pune,25,27,Maharashtra,12-01-2010,15065.09578
7015,Nagpur,9,27,Maharashtra,12-01-2010,15037.62202
7016,Mumbai,23,27,Maharashtra,12-01-2010,15123.40353
7017,Mumbai (Suburban),22,27,Maharashtra,12-01-2010,15118.49734
7018,Nanded,15,27,Maharashtra,12-01-2010,15101.77591
7019,Nandurbar,1,27,Maharashtra,12-01-2010,15109.72815
7020,Nashik,20,27,Maharashtra,12-01-2010,15125.00048
7021,Osmanabad,29,27,Maharashtra,12-01-2010,15196.57785
7022,Parbhani,17,27,Maharashtra,12-01-2010,15153.61768
7023,Sangli,35,27,Maharashtra,12-01-2010,15195.93335
7024,Satara,31,27,Maharashtra,12-01-2010,15098.87495
7025,Hyderabad,5,28,Andhra Pradesh,12-01-2010,15059.37952
7026,Anantapur,22,28,Andhra Pradesh,12-01-2010,15192.90194
7027,Adilabad,1,28,Andhra Pradesh,12-01-2010,15017.75049
7028,Chittoor,23,28,Andhra Pradesh,12-01-2010,14989.29188
7029,Cuddapah,20,28,Andhra Pradesh,12-01-2010,15039.65768
7030,East Godavari,14,28,Andhra Pradesh,12-01-2010,14942.05765
7031,Karimnagar,3,28,Andhra Pradesh,12-01-2010,15027.3457
7032,Guntur,17,28,Andhra Pradesh,12-01-2010,15053.74319
7033,Rangareddi,6,28,Andhra Pradesh,12-01-2010,15105.22572
7034,Srikakulam,11,28,Andhra Pradesh,12-01-2010,14977.16252
7035,West Godavari,15,28,Andhra Pradesh,12-01-2010,15021.53208
7036,Visakhapatnam,13,28,Andhra Pradesh,12-01-2010,14886.93935
7037,Vizianagaram,12,28,Andhra Pradesh,12-01-2010,14968.41661
7038,Warangal,9,28,Andhra Pradesh,12-01-2010,15018.93836
7039,Khammam,10,28,Andhra Pradesh,12-01-2010,14959.69325
7040,Medak,4,28,Andhra Pradesh,12-01-2010,15089.848
7041,Krishna,16,28,Andhra Pradesh,12-01-2010,15043.3092
7042,Kurnool,21,28,Andhra Pradesh,12-01-2010,15142.90134
7043,Mahbubnagar,7,28,Andhra Pradesh,12-01-2010,15136.82991
7044,Nalgonda,8,28,Andhra Pradesh,12-01-2010,15074.20003
7045,Nellore,19,28,Andhra Pradesh,12-01-2010,15032.08084
7046,Nizamabad,2,28,Andhra Pradesh,12-01-2010,15075.6846
7047,Prakasam,18,28,Andhra Pradesh,12-01-2010,15024.53329
7048,Hassan,23,29,Karnataka,12-01-2010,14987.87385
7049,Haveri,11,29,Karnataka,12-01-2010,15136.29619
7050,Bagalkot,2,29,Karnataka,12-01-2010,15174.14591
7051,Bangalore,20,29,Karnataka,12-01-2010,15025.23234
7052,Bidar,5,29,Karnataka,12-01-2010,15157.38539
7053,Bijapur,3,29,Karnataka,12-01-2010,15253.09131
7054,Belgaum,1,29,Karnataka,12-01-2010,15104.69052
7055,Bellary,12,29,Karnataka,12-01-2010,15171.59742
7056,Bangalore Rural,21,29,Karnataka,12-01-2010,15038.61358
7057,Chamarajanagar,27,29,Karnataka,12-01-2010,14994.44972
7058,Chikmagalur,17,29,Karnataka,12-01-2010,14938.43977
7059,Chitradurga,13,29,Karnataka,12-01-2010,15183.52561
7060,Dakshina Kannada,24,29,Karnataka,12-01-2010,15030.30668
7061,Davanagere,14,29,Karnataka,12-01-2010,15141.63988
7062,Dharwad,9,29,Karnataka,12-01-2010,15168.83295
7063,Gulbarga,4,29,Karnataka,12-01-2010,15205.40915
7064,Gadag,8,29,Karnataka,12-01-2010,15259.60703
7065,Shimoga,15,29,Karnataka,12-01-2010,14975.13873
7066,Tumkur,18,29,Karnataka,12-01-2010,15108.2838
7067,Udupi,16,29,Karnataka,12-01-2010,15064.50326
7068,Uttara Kannada,10,29,Karnataka,12-01-2010,14932.25558
7069,Kodagu,25,29,Karnataka,12-01-2010,14858.92425
7070,Kolar,19,29,Karnataka,12-01-2010,15054.24852
7071,Mandya,22,29,Karnataka,12-01-2010,15045.92414
7072,Koppal,7,29,Karnataka,12-01-2010,15221.53104
7073,Mysore,26,29,Karnataka,12-01-2010,15042.96794
7074,Raichur,6,29,Karnataka,12-01-2010,15238.55925
7075,South Goa,2,30,Goa,12-01-2010,15018.81171
7076,North Goa,1,30,Goa,12-01-2010,15049.40521
7077,Idukki,9,32,Kerala,12-01-2010,14859.18225
7078,Alappuzha,11,32,Kerala,12-01-2010,15078.71121
7079,Kasaragod,1,32,Kerala,12-01-2010,15071.68102
7080,Kannur,2,32,Kerala,12-01-2010,15074.44168
7081,Ernakulam,8,32,Kerala,12-01-2010,15091.32527
7082,Thrissur,7,32,Kerala,12-01-2010,15033.58249
7083,Thiruvananthapuram,14,32,Kerala,12-01-2010,15032.21659
7084,Wayanad,3,32,Kerala,12-01-2010,14863.17274
7085,Kollam,13,32,Kerala,12-01-2010,15012.34394
7086,Kottayam,10,32,Kerala,12-01-2010,15082.79645
7087,Kozhikode,4,32,Kerala,12-01-2010,15038.49333
7088,Malappuram,5,32,Kerala,12-01-2010,15012.12977
7089,Palakkad,6,32,Kerala,12-01-2010,14961.99082
7090,Pathanamthitta,12,32,Kerala,12-01-2010,14960.94595
7091,Ariyalur,17,33,Tamil Nadu,12-01-2010,15058.37732
7092,Coimbatore,12,33,Tamil Nadu,12-01-2010,15056.40438
7093,Cuddalore,18,33,Tamil Nadu,12-01-2010,15027.07423
7094,Dharmapuri,5,33,Tamil Nadu,12-01-2010,15002.69932
7095,Dindigul,13,33,Tamil Nadu,12-01-2010,15004.17124
7096,Erode,10,33,Tamil Nadu,12-01-2010,15039.70078
7097,Sivaganga,23,33,Tamil Nadu,12-01-2010,15044.604
7098,Tiruchirappalli,15,33,Tamil Nadu,12-01-2010,15081.24291
7099,Tirunelveli,29,33,Tamil Nadu,12-01-2010,15098.30047
7100,Tiruvannamalai,6,33,Tamil Nadu,12-01-2010,15014.86242
7101,Thoothukkudi,28,33,Tamil Nadu,12-01-2010,15184.85633
7102,Theni,25,33,Tamil Nadu,12-01-2010,14999.87338
7103,Vellore,4,33,Tamil Nadu,12-01-2010,14994.12755
7104,Viluppuram,7,33,Tamil Nadu,12-01-2010,15016.35535
7105,Virudhunagar,26,33,Tamil Nadu,12-01-2010,15126.22576
7106,Chennai,2,33,Tamil Nadu,12-01-2010,15155.70399
7107,Kancheepuram,3,33,Tamil Nadu,12-01-2010,15028.09513
7108,Thiruvallur,1,33,Tamil Nadu,12-01-2010,15028.06882
7109,Thanjavur,21,33,Tamil Nadu,12-01-2010,14970.49081
7110,Thiruvarur,20,33,Tamil Nadu,12-01-2010,14921.29031
7111,Nagapattinam,19,33,Tamil Nadu,12-01-2010,14949.01508
7112,Kanniyakumari,30,33,Tamil Nadu,12-01-2010,15016.87746
7113,Karur,14,33,Tamil Nadu,12-01-2010,15126.53136
7114,Madurai,24,33,Tamil Nadu,12-01-2010,15066.29234
7115,Namakkal,9,33,Tamil Nadu,12-01-2010,15102.99724
7116,The Nilgiris,11,33,Tamil Nadu,12-01-2010,14774.54752
7117,Perambalur,16,33,Tamil Nadu,12-01-2010,15080.72263
7118,Pudukkottai,22,33,Tamil Nadu,12-01-2010,15038.0711
7119,Ramanathapuram,27,33,Tamil Nadu,12-01-2010,15040.2306
7120,Salem,8,33,Tamil Nadu,12-01-2010,15027.01805
7121,Yanam,1,34,Puducherry,12-01-2010,14985.50333
7122,Karaikal,4,34,Puducherry,12-01-2010,14954.97779
7123,Mahe,3,34,Puducherry,12-01-2010,15071.84704
7124,Pondicherry,2,34,Puducherry,12-01-2010,15034.15643
7125,Nicobars,2,35,Andaman & Nicobar Island,12-01-2010,14885.89779
7126,Andamans,1,35,Andaman & Nicobar Island,12-01-2010,14899.06424
0,Lakshadweep,1,31,Lakshadweep,01-01-2011,15018.89885
1,Chandigarh,1,4,Chandigarh,01-01-2011,14529.0461
2,Dadra & Nagar Haveli,1,26,Dadara & Nagar Havelli,01-01-2011,15185.99906
3,North Goa,1,30,Goa,01-01-2011,15181.89358
4,South Goa,2,30,Goa,01-01-2011,15149.91284
5,Jorhat,17,18,Assam,01-01-2011,14713.62786
6,Karimganj,22,18,Assam,01-01-2011,14728.93297
7,Kokrajhar,1,18,Assam,01-01-2011,14772.80478
8,Lakhimpur,12,18,Assam,01-01-2011,14736.59579
9,Nagaon,10,18,Assam,01-01-2011,14744.3203
10,Marigaon,9,18,Assam,01-01-2011,14755.94863
11,Nalbari,7,18,Assam,01-01-2011,14768.09264
12,North Cachar Hills,20,18,Assam,01-01-2011,14569.37284
13,Sonitpur,11,18,Assam,01-01-2011,14745.67468
14,Sibsagar,16,18,Assam,01-01-2011,14710.31712
15,Tinsukia,14,18,Assam,01-01-2011,14662.50312
16,Barpeta,5,18,Assam,01-01-2011,14737.84797
17,Bongaigaon,4,18,Assam,01-01-2011,14739.9239
18,Cachar,21,18,Assam,01-01-2011,14708.82701
19,Darrang,8,18,Assam,01-01-2011,14764.37264
20,Dhemaji,13,18,Assam,01-01-2011,14727.62118
21,Dhubri,2,18,Assam,01-01-2011,14733.52799
22,Dibrugarh,15,18,Assam,01-01-2011,14700.40751
23,Kamrup,6,18,Assam,01-01-2011,14697.30824
24,Karbi Anglong,19,18,Assam,01-01-2011,14611.68553
25,Goalpara,3,18,Assam,01-01-2011,14742.42913
26,Golaghat,18,18,Assam,01-01-2011,14723.01967
27,Hailakandi,23,18,Assam,01-01-2011,14701.06042
28,Jamui,37,10,Bihar,01-01-2011,14800.32282
29,Kishanganj,8,10,Bihar,01-01-2011,14742.84003
30,Muzaffarpur,14,10,Bihar,01-01-2011,14646.27787
31,Purnia,9,10,Bihar,01-01-2011,14772.23151
32,Khagaria,21,10,Bihar,01-01-2011,14648.78065
33,Madhubani,5,10,Bihar,01-01-2011,14640.81268
34,Lakhisarai,25,10,Bihar,01-01-2011,14727.39074
35,Madhepura,11,10,Bihar,01-01-2011,14717.48094
36,Purba Champaran,2,10,Bihar,01-01-2011,14675.13356
37,Munger,24,10,Bihar,01-01-2011,14695.33174
38,Nalanda,27,10,Bihar,01-01-2011,14771.8001
39,Nawada,36,10,Bihar,01-01-2011,14763.94774
40,Pashchim Champaran,1,10,Bihar,01-01-2011,14692.76302
41,Patna,28,10,Bihar,01-01-2011,14751.35211
42,Samastipur,19,10,Bihar,01-01-2011,14654.15734
43,Sheikhpura,26,10,Bihar,01-01-2011,14772.61455
44,Sheohar,3,10,Bihar,01-01-2011,14658.16956
45,Saharsa,12,10,Bihar,01-01-2011,14667.22448
46,Sitamarhi,4,10,Bihar,01-01-2011,14661.13797
47,Siwan,16,10,Bihar,01-01-2011,14655.79464
48,Supaul,6,10,Bihar,01-01-2011,14617.65318
49,Vaishali,18,10,Bihar,01-01-2011,14649.89818
50,Kaimur (Bhabua),31,10,Bihar,01-01-2011,14789.25991
51,Gaya,35,10,Bihar,01-01-2011,14839.24778
52,Bhojpur,29,10,Bihar,01-01-2011,14774.14017
53,Buxar,30,10,Bihar,01-01-2011,14763.13587
54,Jehanabad,33,10,Bihar,01-01-2011,14795.86932
55,Rohtas,32,10,Bihar,01-01-2011,14781.26451
56,Araria,7,10,Bihar,01-01-2011,14675.73426
57,Aurangabad,34,10,Bihar,01-01-2011,14824.71266
58,Banka,23,10,Bihar,01-01-2011,14810.60853
59,Bhagalpur,22,10,Bihar,01-01-2011,14693.47115
60,Begusarai,20,10,Bihar,01-01-2011,14639.29598
61,Saran,17,10,Bihar,01-01-2011,14669.12513
62,Katihar,10,10,Bihar,01-01-2011,14694.72511
63,Darbhanga,13,10,Bihar,01-01-2011,14616.36942
64,Gopalganj,15,10,Bihar,01-01-2011,14659.94233
65,Kollam,13,32,Kerala,01-01-2011,15074.53355
66,Kottayam,10,32,Kerala,01-01-2011,15135.2422
67,Kozhikode,4,32,Kerala,01-01-2011,15117.25633
68,Malappuram,5,32,Kerala,01-01-2011,15117.61328
69,Palakkad,6,32,Kerala,01-01-2011,15056.51651
70,Pathanamthitta,12,32,Kerala,01-01-2011,15005.90045
71,Idukki,9,32,Kerala,01-01-2011,14895.74359
72,Thrissur,7,32,Kerala,01-01-2011,15113.19933
73,Thiruvananthapuram,14,32,Kerala,01-01-2011,15109.15788
74,Wayanad,3,32,Kerala,01-01-2011,14961.76773
75,Alappuzha,11,32,Kerala,01-01-2011,15135.02427
76,Kasaragod,1,32,Kerala,01-01-2011,15188.4741
77,Kannur,2,32,Kerala,01-01-2011,15168.78649
78,Ernakulam,8,32,Kerala,01-01-2011,15158.93607
79,Jajapur,13,21,Orissa,01-01-2011,14987.81538
80,Jagatsinghapur,11,21,Orissa,01-01-2011,14984.72757
81,Jharsuguda,2,21,Orissa,01-01-2011,14934.02043
82,Khordha,17,21,Orissa,01-01-2011,15001.07558
83,Mayurbhanj,7,21,Orissa,01-01-2011,14889.96527
84,Puri,18,21,Orissa,01-01-2011,14965.93564
85,Koraput,29,21,Orissa,01-01-2011,15021.7674
86,Malkangiri,30,21,Orissa,01-01-2011,14991.45176
87,Nabarangapur,28,21,Orissa,01-01-2011,15058.13261
88,Nayagarh,16,21,Orissa,01-01-2011,14935.33004
89,Nuapada,25,21,Orissa,01-01-2011,15005.7466
90,Kandhamal,21,21,Orissa,01-01-2011,14850.43177
91,Sambalpur,3,21,Orissa,01-01-2011,14919.81548
92,Rayagada,27,21,Orissa,01-01-2011,14936.75806
93,Sundargarh,5,21,Orissa,01-01-2011,14897.54243
94,Sonapur,23,21,Orissa,01-01-2011,14993.14923
95,Anugul,15,21,Orissa,01-01-2011,14947.16041
96,Bhadrak,9,21,Orissa,01-01-2011,14982.4972
97,Baudh,22,21,Orissa,01-01-2011,14945.01306
98,Balangir,24,21,Orissa,01-01-2011,15031.7171
99,Baleshwar,8,21,Orissa,01-01-2011,14904.63181
100,Bargarh,1,21,Orissa,01-01-2011,14968.4871
101,Kendrapara,10,21,Orissa,01-01-2011,14940.66802
102,Kendujhar,6,21,Orissa,01-01-2011,14932.13252
103,Debagarh,4,21,Orissa,01-01-2011,14912.52448
104,Cuttack,12,21,Orissa,01-01-2011,14979.28193
105,Dhenkanal,14,21,Orissa,01-01-2011,14958.81534
106,Kalahandi,26,21,Orissa,01-01-2011,14986.18004
107,Ganjam,19,21,Orissa,01-01-2011,14997.60808
108,Gajapati,20,21,Orissa,01-01-2011,14925.36454
109,Jalandhar,4,3,Punjab,01-01-2011,14459.87991
110,Kapurthala,3,3,Punjab,01-01-2011,14453.69437
111,Ludhiana,9,3,Punjab,01-01-2011,14448.26022
112,Mansa,15,3,Punjab,01-01-2011,14489.59712
113,Moga,10,3,Punjab,01-01-2011,14445.10093
114,Muktsar,12,3,Punjab,01-01-2011,14529.76662
115,Nawanshahr,6,3,Punjab,01-01-2011,14439.25487
116,Patiala,17,3,Punjab,01-01-2011,14451.99572
117,Sangrur,16,3,Punjab,01-01-2011,14434.92092
118,Hoshiarpur,5,3,Punjab,01-01-2011,14441.01567
119,Rupnagar,7,3,Punjab,01-01-2011,14463.66283
120,Amritsar,2,3,Punjab,01-01-2011,14459.79599
121,Firozpur,11,3,Punjab,01-01-2011,14500.88469
122,Bathinda,14,3,Punjab,01-01-2011,14522.15549
123,Gurdaspur,1,3,Punjab,01-01-2011,14432.21166
124,Faridkot,13,3,Punjab,01-01-2011,14480.51817
125,Fatehgarh Sahib,8,3,Punjab,01-01-2011,14441.55677
126,North,1,11,Sikkim,01-01-2011,13744.8336
127,South,3,11,Sikkim,01-01-2011,14282.06852
128,West,2,11,Sikkim,01-01-2011,14114.87976
129,East,4,11,Sikkim,01-01-2011,14184.41794
130,Jamnagar,10,24,Gujarat,01-01-2011,15107.86013
131,Kheda,16,24,Gujarat,01-01-2011,15003.61717
132,Mahesana,4,24,Gujarat,01-01-2011,15001.91492
133,Narmada,20,24,Gujarat,01-01-2011,15149.43655
134,Navsari,24,24,Gujarat,01-01-2011,15115.08146
135,Panch Mahals,17,24,Gujarat,01-01-2011,15044.29457
136,Patan,3,24,Gujarat,01-01-2011,15085.43335
137,Porbandar,11,24,Gujarat,01-01-2011,15076.69796
138,Rajkot,9,24,Gujarat,01-01-2011,15121.37144
139,Sabar Kantha,5,24,Gujarat,01-01-2011,14967.54337
140,Surendranagar,8,24,Gujarat,01-01-2011,15135.49408
141,The Dangs,23,24,Gujarat,01-01-2011,15098.38565
142,Vadodara,19,24,Gujarat,01-01-2011,15095.65757
143,Valsad,25,24,Gujarat,01-01-2011,15150.73761
144,Bharuch,21,24,Gujarat,01-01-2011,15154.23671
145,Surat,22,24,Gujarat,01-01-2011,15123.09186
146,Anand,15,24,Gujarat,01-01-2011,14987.01764
147,Ahmadabad,7,24,Gujarat,01-01-2011,15115.30819
148,Amreli,13,24,Gujarat,01-01-2011,15176.34005
149,Bhavnagar,14,24,Gujarat,01-01-2011,15199.58505
150,Banas Kantha,2,24,Gujarat,01-01-2011,14973.35659
151,Dohad,18,24,Gujarat,01-01-2011,15072.15832
152,Junagadh,12,24,Gujarat,01-01-2011,15062.80449
153,Kachchh,1,24,Gujarat,01-01-2011,15090.45339
154,Gandhinagar,6,24,Gujarat,01-01-2011,15005.99175
155,Jind,9,6,Haryana,01-01-2011,14481.89681
156,Kaithal,5,6,Haryana,01-01-2011,14439.98465
157,Karnal,6,6,Haryana,01-01-2011,14451.6497
158,Kurukshetra,4,6,Haryana,01-01-2011,14447.89513
159,Panchkula,1,6,Haryana,01-01-2011,14478.50649
160,Panipat,7,6,Haryana,01-01-2011,14475.01297
161,Hisar,12,6,Haryana,01-01-2011,14537.30613
162,Rohtak,14,6,Haryana,01-01-2011,14519.7972
163,Sirsa,11,6,Haryana,01-01-2011,14536.29879
164,Sonipat,8,6,Haryana,01-01-2011,14499.829
165,Yamunanagar,3,6,Haryana,01-01-2011,14508.18143
166,Jhajjar,15,6,Haryana,01-01-2011,14528.64119
167,Mahendragarh,16,6,Haryana,01-01-2011,14534.57643
168,Rewari,17,6,Haryana,01-01-2011,14530.16905
169,Bhiwani,13,6,Haryana,01-01-2011,14579.52649
170,Ambala,2,6,Haryana,01-01-2011,14485.63614
171,Gurgaon,18,6,Haryana,01-01-2011,14569.43393
172,Faridabad,19,6,Haryana,01-01-2011,14548.44553
173,Fatehabad,10,6,Haryana,01-01-2011,14481.25804
174,Imphal East,7,14,Manipur,01-01-2011,14619.45707
175,Imphal West,6,14,Manipur,01-01-2011,14636.0004
176,Senapati (Excl. 3 sub-divisions),1,14,Manipur,01-01-2011,14446.85675
177,Tamenglong,2,14,Manipur,01-01-2011,14494.22589
178,Thoubal,5,14,Manipur,01-01-2011,14579.17586
179,Ukhrul,8,14,Manipur,01-01-2011,14454.95292
180,Bishnupur,4,14,Manipur,01-01-2011,14545.2006
181,Chandel,9,14,Manipur,01-01-2011,14520.85597
182,Churachandpur,3,14,Manipur,01-01-2011,14509.29258
183,Kolasib,2,15,Mizoram,01-01-2011,14602.22489
184,Mamit,1,15,Mizoram,01-01-2011,14613.57989
185,Lunglei,6,15,Mizoram,01-01-2011,14588.91623
186,Lawngtlai,7,15,Mizoram,01-01-2011,14647.68484
187,Saiha,8,15,Mizoram,01-01-2011,14590.81436
188,Serchhip,5,15,Mizoram,01-01-2011,14546.08989
189,Aizawl,3,15,Mizoram,01-01-2011,14562.55973
190,Champhai,4,15,Mizoram,01-01-2011,14520.47492
191,North Tripura,4,16,Tripura,01-01-2011,14705.118
192,South Tripura,2,16,Tripura,01-01-2011,14777.03397
193,West Tripura,1,16,Tripura,01-01-2011,14787.2736
194,Dhalai,3,16,Tripura,01-01-2011,14712.02025
195,Mokokchung,3,13,Nagaland,01-01-2011,14527.65637
196,Mon,1,13,Nagaland,01-01-2011,14547.96841
197,Phek,8,13,Nagaland,01-01-2011,14344.45679
198,Tuensang,2,13,Nagaland,01-01-2011,14370.95718
199,Wokha,5,13,Nagaland,01-01-2011,14537.50777
200,Zunheboto,4,13,Nagaland,01-01-2011,14410.7222
201,Dimapur,6,13,Nagaland,01-01-2011,14645.75606
202,Kohima,7,13,Nagaland,01-01-2011,14486.15358
203,Purbi Singhbhum,18,20,Jharkhand,01-01-2011,14929.49487
204,Lohardaga,15,20,Jharkhand,01-01-2011,14780.99627
205,Pakaur,10,20,Jharkhand,01-01-2011,14832.90293
206,Pashchimi Singhbhum,17,20,Jharkhand,01-01-2011,14860.78983
207,Ranchi,14,20,Jharkhand,01-01-2011,14849.23925
208,Sahibganj,9,20,Jharkhand,01-01-2011,14704.5377
209,Garhwa,1,20,Jharkhand,01-01-2011,14840.79245
210,Palamu,2,20,Jharkhand,01-01-2011,14804.03248
211,Chatra,3,20,Jharkhand,01-01-2011,14803.17097
212,Hazaribagh,4,20,Jharkhand,01-01-2011,14791.1789
213,Kodarma,5,20,Jharkhand,01-01-2011,14782.35745
214,Bokaro,13,20,Jharkhand,01-01-2011,14852.69691
215,Deoghar,7,20,Jharkhand,01-01-2011,14861.31179
216,Dhanbad,12,20,Jharkhand,01-01-2011,14852.88577
217,Dumka,11,20,Jharkhand,01-01-2011,14837.43105
218,Giridih,6,20,Jharkhand,01-01-2011,14824.60326
219,Godda,8,20,Jharkhand,01-01-2011,14798.38612
220,Gumla,16,20,Jharkhand,01-01-2011,14865.43849
221,Kodagu,25,29,Karnataka,01-01-2011,14947.43627
222,Kolar,19,29,Karnataka,01-01-2011,15228.51882
223,Mandya,22,29,Karnataka,01-01-2011,15183.85567
224,Koppal,7,29,Karnataka,01-01-2011,15351.41463
225,Mysore,26,29,Karnataka,01-01-2011,15219.27276
226,Raichur,6,29,Karnataka,01-01-2011,15345.10069
227,Hassan,23,29,Karnataka,01-01-2011,15158.34899
228,Haveri,11,29,Karnataka,01-01-2011,15303.1736
229,Shimoga,15,29,Karnataka,01-01-2011,15103.84848
230,Tumkur,18,29,Karnataka,01-01-2011,15280.23346
231,Udupi,16,29,Karnataka,01-01-2011,15168.36366
232,Uttara Kannada,10,29,Karnataka,01-01-2011,15049.92267
233,Bagalkot,2,29,Karnataka,01-01-2011,15315.23951
234,Bangalore,20,29,Karnataka,01-01-2011,15175.79654
235,Bidar,5,29,Karnataka,01-01-2011,15316.77438
236,Bijapur,3,29,Karnataka,01-01-2011,15422.71153
237,Belgaum,1,29,Karnataka,01-01-2011,15262.82067
238,Bellary,12,29,Karnataka,01-01-2011,15313.49509
239,Bangalore Rural,21,29,Karnataka,01-01-2011,15206.44479
240,Chamarajanagar,27,29,Karnataka,01-01-2011,15156.17892
241,Chikmagalur,17,29,Karnataka,01-01-2011,15062.81428
242,Chitradurga,13,29,Karnataka,01-01-2011,15352.96885
243,Dakshina Kannada,24,29,Karnataka,01-01-2011,15139.05451
244,Davanagere,14,29,Karnataka,01-01-2011,15306.71649
245,Dharwad,9,29,Karnataka,01-01-2011,15301.91689
246,Gulbarga,4,29,Karnataka,01-01-2011,15368.73233
247,Gadag,8,29,Karnataka,01-01-2011,15389.41677
248,Jaintia Hills,7,17,Meghalaya,01-01-2011,14580.78333
249,Ri Bhoi,5,17,Meghalaya,01-01-2011,14583.81192
250,South Garo Hills,3,17,Meghalaya,01-01-2011,14652.78589
251,West Garo Hills,1,17,Meghalaya,01-01-2011,14696.99748
252,West Khasi Hills,4,17,Meghalaya,01-01-2011,14548.78049
253,East Garo Hills,2,17,Meghalaya,01-01-2011,14627.42862
254,East Khasi Hills,6,17,Meghalaya,01-01-2011,14556.09227
255,Jaipur,12,8,Rajasthan,01-01-2011,14698.39303
256,Jaisalmer,16,8,Rajasthan,01-01-2011,15091.78193
257,Jalor,18,8,Rajasthan,01-01-2011,15012.29384
258,Jhalawar,32,8,Rajasthan,01-01-2011,14994.88186
259,Jhunjhunun,5,8,Rajasthan,01-01-2011,14668.94652
260,Jodhpur,15,8,Rajasthan,01-01-2011,15010.66819
261,Kota,30,8,Rajasthan,01-01-2011,14819.94511
262,Nagaur,14,8,Rajasthan,01-01-2011,14878.16887
263,Pali,20,8,Rajasthan,01-01-2011,14973.25415
264,Rajsamand,25,8,Rajasthan,01-01-2011,14842.0245
265,Sawai Madhopur,10,8,Rajasthan,01-01-2011,14669.27502
266,Sirohi,19,8,Rajasthan,01-01-2011,14953.64144
267,Tonk,22,8,Rajasthan,01-01-2011,14739.92347
268,Sikar,13,8,Rajasthan,01-01-2011,14699.91876
269,Alwar,6,8,Rajasthan,01-01-2011,14580.00389
270,Udaipur,26,8,Rajasthan,01-01-2011,14919.30197
271,Ganganagar,1,8,Rajasthan,01-01-2011,14681.52342
272,Hanumangarh,2,8,Rajasthan,01-01-2011,14730.12469
273,Baran,31,8,Rajasthan,01-01-2011,14865.73994
274,Ajmer,21,8,Rajasthan,01-01-2011,14846.38867
275,Banswara,28,8,Rajasthan,01-01-2011,15054.51434
276,Barmer,17,8,Rajasthan,01-01-2011,15112.46958
277,Bhilwara,24,8,Rajasthan,01-01-2011,14825.47232
278,Bikaner,3,8,Rajasthan,01-01-2011,14979.08152
279,Bharatpur,7,8,Rajasthan,01-01-2011,14593.33995
280,Bundi,23,8,Rajasthan,01-01-2011,14764.5943
281,Chittaurgarh,29,8,Rajasthan,01-01-2011,14875.03512
282,Churu,4,8,Rajasthan,01-01-2011,14881.6128
283,Dausa,11,8,Rajasthan,01-01-2011,14650.26754
284,Dhaulpur,8,8,Rajasthan,01-01-2011,14687.75544
285,Dungarpur,27,8,Rajasthan,01-01-2011,15017.20924
286,Karauli,9,8,Rajasthan,01-01-2011,14713.67291
287,Pondicherry,2,34,Puducherry,01-01-2011,15119.11995
288,Yanam,1,34,Puducherry,01-01-2011,15040.02039
289,Karaikal,4,34,Puducherry,01-01-2011,15022.52161
290,Mahe,3,34,Puducherry,01-01-2011,15126.91503
291,Kanniyakumari,30,33,Tamil Nadu,01-01-2011,15077.06978
292,Karur,14,33,Tamil Nadu,01-01-2011,15247.13526
293,Madurai,24,33,Tamil Nadu,01-01-2011,15114.22537
294,Namakkal,9,33,Tamil Nadu,01-01-2011,15247.53301
295,The Nilgiris,11,33,Tamil Nadu,01-01-2011,14888.08238
296,Perambalur,16,33,Tamil Nadu,01-01-2011,15091.46177
297,Pudukkottai,22,33,Tamil Nadu,01-01-2011,15080.69171
298,Ramanathapuram,27,33,Tamil Nadu,01-01-2011,15119.96219
299,Salem,8,33,Tamil Nadu,01-01-2011,15128.89638
300,Sivaganga,23,33,Tamil Nadu,01-01-2011,15096.64595
301,Tiruchirappalli,15,33,Tamil Nadu,01-01-2011,15136.7165
302,Tirunelveli,29,33,Tamil Nadu,01-01-2011,15133.94966
303,Tiruvannamalai,6,33,Tamil Nadu,01-01-2011,15085.4468
304,Thoothukkudi,28,33,Tamil Nadu,01-01-2011,15222.83341
305,Theni,25,33,Tamil Nadu,01-01-2011,15064.95611
306,Vellore,4,33,Tamil Nadu,01-01-2011,15078.54056
307,Viluppuram,7,33,Tamil Nadu,01-01-2011,15098.32144
308,Virudhunagar,26,33,Tamil Nadu,01-01-2011,15213.24332
309,Chennai,2,33,Tamil Nadu,01-01-2011,15198.86101
310,Kancheepuram,3,33,Tamil Nadu,01-01-2011,15090.41429
311,Thiruvallur,1,33,Tamil Nadu,01-01-2011,15129.81335
312,Thanjavur,21,33,Tamil Nadu,01-01-2011,15021.81859
313,Thiruvarur,20,33,Tamil Nadu,01-01-2011,14995.42073
314,Nagapattinam,19,33,Tamil Nadu,01-01-2011,15004.4403
315,Ariyalur,17,33,Tamil Nadu,01-01-2011,15052.28546
316,Coimbatore,12,33,Tamil Nadu,01-01-2011,15161.85741
317,Cuddalore,18,33,Tamil Nadu,01-01-2011,15086.07212
318,Dharmapuri,5,33,Tamil Nadu,01-01-2011,15129.29248
319,Dindigul,13,33,Tamil Nadu,01-01-2011,15084.98653
320,Erode,10,33,Tamil Nadu,01-01-2011,15151.73827
321,Daman,2,25,Daman & Diu,01-01-2011,15063.38693
322,Diu,1,25,Daman & Diu,01-01-2011,14980.90891
323,Jalgaon,3,27,Maharashtra,01-01-2011,15163.26062
324,Jalna,18,27,Maharashtra,01-01-2011,15227.80928
325,Kolhapur,34,27,Maharashtra,01-01-2011,15175.00013
326,Latur,28,27,Maharashtra,01-01-2011,15289.76501
327,Pune,25,27,Maharashtra,01-01-2011,15208.59658
328,Nagpur,9,27,Maharashtra,01-01-2011,15042.92991
329,Mumbai,23,27,Maharashtra,01-01-2011,15166.18385
330,Mumbai (Suburban),22,27,Maharashtra,01-01-2011,15187.29616
331,Nanded,15,27,Maharashtra,01-01-2011,15212.5694
332,Nandurbar,1,27,Maharashtra,01-01-2011,15198.3443
333,Nashik,20,27,Maharashtra,01-01-2011,15219.34063
334,Osmanabad,29,27,Maharashtra,01-01-2011,15324.17796
335,Parbhani,17,27,Maharashtra,01-01-2011,15249.81056
336,Sangli,35,27,Maharashtra,01-01-2011,15356.69351
337,Satara,31,27,Maharashtra,01-01-2011,15250.42393
338,Hingoli,16,27,Maharashtra,01-01-2011,15225.77416
339,Ratnagiri,32,27,Maharashtra,01-01-2011,15213.20818
340,Raigarh,24,27,Maharashtra,01-01-2011,15204.55908
341,Thane,21,27,Maharashtra,01-01-2011,15231.16741
342,Solapur,30,27,Maharashtra,01-01-2011,15326.94709
343,Sindhudurg,33,27,Maharashtra,01-01-2011,15220.44364
344,Wardha,8,27,Maharashtra,01-01-2011,15122.82497
345,Washim,6,27,Maharashtra,01-01-2011,15241.89266
346,Yavatmal,14,27,Maharashtra,01-01-2011,15158.07578
347,Aurangabad,19,27,Maharashtra,01-01-2011,15181.37219
348,Ahmadnagar,26,27,Maharashtra,01-01-2011,15256.54277
349,Akola,5,27,Maharashtra,01-01-2011,15208.60418
350,Amravati,7,27,Maharashtra,01-01-2011,15124.30538
351,Bid,27,27,Maharashtra,01-01-2011,15278.438
352,Bhandara,10,27,Maharashtra,01-01-2011,14989.10705
353,Buldana,4,27,Maharashtra,01-01-2011,15220.20249
354,Chandrapur,13,27,Maharashtra,01-01-2011,15060.93143
355,Dhule,2,27,Maharashtra,01-01-2011,15261.13149
356,Gadchiroli,12,27,Maharashtra,01-01-2011,14957.24172
357,Gondiya,11,27,Maharashtra,01-01-2011,14966.65554
358,Nainital,11,5,Uttarakhand,01-01-2011,14428.1392
359,Pithoragarh,7,5,Uttarakhand,01-01-2011,13611.80936
360,Hardwar,13,5,Uttarakhand,01-01-2011,14542.67611
361,Rudraprayag,3,5,Uttarakhand,01-01-2011,13913.69958
362,Tehri Garhwal,4,5,Uttarakhand,01-01-2011,14146.90681
363,Udham Singh Nagar,12,5,Uttarakhand,01-01-2011,14518.22312
364,Uttarkashi,1,5,Uttarakhand,01-01-2011,13485.90683
365,Bageshwar,8,5,Uttarakhand,01-01-2011,14040.61079
366,Almora,9,5,Uttarakhand,01-01-2011,14324.2777
367,Chamoli,2,5,Uttarakhand,01-01-2011,13505.33098
368,Champawat,10,5,Uttarakhand,01-01-2011,14351.87282
369,Dehradun,5,5,Uttarakhand,01-01-2011,14369.17611
370,Garhwal,6,5,Uttarakhand,01-01-2011,14348.63377
371,Jalpaiguri,2,19,West Bengal,01-01-2011,14747.41016
372,Koch Bihar,3,19,West Bengal,01-01-2011,14726.60348
373,Murshidabad,7,19,West Bengal,01-01-2011,14702.20726
374,Puruliya,14,19,West Bengal,01-01-2011,14880.11238
375,Kolkata,17,19,West Bengal,01-01-2011,14853.69382
376,Maldah,6,19,West Bengal,01-01-2011,14670.92007
377,Nadia,10,19,West Bengal,01-01-2011,14728.42092
378,North Twenty Four Parganas,11,19,West Bengal,01-01-2011,14738.6915
379,Medinipur,15,19,West Bengal,01-01-2011,14841.15391
380,Hugli,12,19,West Bengal,01-01-2011,14762.78771
381,South  Twenty Four Parganas,18,19,West Bengal,01-01-2011,14781.98006
382,Uttar Dinajpur,4,19,West Bengal,01-01-2011,14737.03857
383,Barddhaman,9,19,West Bengal,01-01-2011,14795.29581
384,Birbhum,8,19,West Bengal,01-01-2011,14803.04024
385,Bankura,13,19,West Bengal,01-01-2011,14858.65811
386,Dakshin Dinajpur,5,19,West Bengal,01-01-2011,14774.8788
387,Darjiling,1,19,West Bengal,01-01-2011,14511.67211
388,Haora,16,19,West Bengal,01-01-2011,14753.15736
389,Jashpur,3,22,Chhattisgarh,01-01-2011,14862.54624
390,Koriya,1,22,Chhattisgarh,01-01-2011,14841.63389
391,Mahasamund,12,22,Chhattisgarh,01-01-2011,15023.76633
392,Raigarh,4,22,Chhattisgarh,01-01-2011,14927.46981
393,Raipur,11,22,Chhattisgarh,01-01-2011,14990.72303
394,Rajnandgaon,9,22,Chhattisgarh,01-01-2011,14983.41348
395,Surguja,2,22,Chhattisgarh,01-01-2011,14842.51454
396,Bilaspur,7,22,Chhattisgarh,01-01-2011,14939.45066
397,Janjgir - Champa,6,22,Chhattisgarh,01-01-2011,14999.91079
398,Korba,5,22,Chhattisgarh,01-01-2011,14856.3349
399,Kawardha,8,22,Chhattisgarh,01-01-2011,14997.37636
400,Bastar,15,22,Chhattisgarh,01-01-2011,14965.86352
401,Dantewada,16,22,Chhattisgarh,01-01-2011,14947.7882
402,Dhamtari,13,22,Chhattisgarh,01-01-2011,14942.6935
403,Durg,10,22,Chhattisgarh,01-01-2011,15018.27271
404,Kanker,14,22,Chhattisgarh,01-01-2011,14945.85251
405,Central,6,7,Delhi  & NCR,01-01-2011,14601.28349
406,East,4,7,Delhi  & NCR,01-01-2011,14589.34691
407,New Delhi,5,7,Delhi  & NCR,01-01-2011,14593.03506
408,North,2,7,Delhi  & NCR,01-01-2011,14572.47946
409,North East,3,7,Delhi  & NCR,01-01-2011,14572.54802
410,North West,1,7,Delhi  & NCR,01-01-2011,14557.97992
411,South,9,7,Delhi  & NCR,01-01-2011,14625.72167
412,South West,8,7,Delhi  & NCR,01-01-2011,14591.04541
413,West,7,7,Delhi  & NCR,01-01-2011,14601.63885
414,Jalaun,35,9,Uttar Pradesh,01-01-2011,14705.49416
415,Jaunpur,64,9,Uttar Pradesh,01-01-2011,14700.19709
416,Jhansi,36,9,Uttar Pradesh,01-01-2011,14760.21546
417,Jyotiba Phule Nagar,6,9,Uttar Pradesh,01-01-2011,14586.82854
418,Kannauj,30,9,Uttar Pradesh,01-01-2011,14632.36237
419,Kanpur Nagar,34,9,Uttar Pradesh,01-01-2011,14717.2576
420,Kaushambi,44,9,Uttar Pradesh,01-01-2011,14722.40625
421,Kheri,23,9,Uttar Pradesh,01-01-2011,14619.09113
422,Mirzapur,69,9,Uttar Pradesh,01-01-2011,14803.58363
423,Moradabad,4,9,Uttar Pradesh,01-01-2011,14579.10379
424,Muzaffarnagar,2,9,Uttar Pradesh,01-01-2011,14528.15053
425,Rae Bareli,28,9,Uttar Pradesh,01-01-2011,14707.01953
426,Kushinagar,59,9,Uttar Pradesh,01-01-2011,14679.18475
427,Lucknow,27,9,Uttar Pradesh,01-01-2011,14699.17831
428,Lalitpur,37,9,Uttar Pradesh,01-01-2011,14738.603
429,Mahrajganj,57,9,Uttar Pradesh,01-01-2011,14646.72244
430,Mahoba,39,9,Uttar Pradesh,01-01-2011,14813.66221
431,Mainpuri,18,9,Uttar Pradesh,01-01-2011,14637.51274
432,Mathura,14,9,Uttar Pradesh,01-01-2011,14557.56125
433,Mau,62,9,Uttar Pradesh,01-01-2011,14668.39911
434,Meerut,7,9,Uttar Pradesh,01-01-2011,14576.0674
435,Pilibhit,21,9,Uttar Pradesh,01-01-2011,14540.31954
436,Pratapgarh,43,9,Uttar Pradesh,01-01-2011,14705.78337
437,Rampur,5,9,Uttar Pradesh,01-01-2011,14547.53663
438,Sant Ravidas Nagar Bhadohi,68,9,Uttar Pradesh,01-01-2011,14711.47366
439,Sant Kabir Nagar,56,9,Uttar Pradesh,01-01-2011,14634.42887
440,Shahjahanpur,22,9,Uttar Pradesh,01-01-2011,14561.32519
441,Hathras,13,9,Uttar Pradesh,01-01-2011,14577.33454
442,Shrawasti,51,9,Uttar Pradesh,01-01-2011,14679.04497
443,Saharanpur,1,9,Uttar Pradesh,01-01-2011,14513.84282
444,Sitapur,24,9,Uttar Pradesh,01-01-2011,14678.59302
445,Sultanpur,49,9,Uttar Pradesh,01-01-2011,14701.20035
446,Sonbhadra,70,9,Uttar Pradesh,01-01-2011,14832.36163
447,Siddharthnagar,54,9,Uttar Pradesh,01-01-2011,14658.46208
448,Unnao,26,9,Uttar Pradesh,01-01-2011,14665.17343
449,Varanasi,67,9,Uttar Pradesh,01-01-2011,14711.24374
450,Bulandshahr,11,9,Uttar Pradesh,01-01-2011,14578.13155
451,Gautam Buddha Nagar,10,9,Uttar Pradesh,01-01-2011,14574.12864
452,Ghaziabad,9,9,Uttar Pradesh,01-01-2011,14586.93569
453,Auraiya,32,9,Uttar Pradesh,01-01-2011,14656.03156
454,Azamgarh,61,9,Uttar Pradesh,01-01-2011,14692.15787
455,Budaun,19,9,Uttar Pradesh,01-01-2011,14574.34103
456,Agra,15,9,Uttar Pradesh,01-01-2011,14619.33294
457,Aligarh,12,9,Uttar Pradesh,01-01-2011,14567.0559
458,Allahabad,45,9,Uttar Pradesh,01-01-2011,14751.29251
459,Ambedkar Nagar,48,9,Uttar Pradesh,01-01-2011,14653.68977
460,Bareilly,20,9,Uttar Pradesh,01-01-2011,14546.68914
461,Bijnor,3,9,Uttar Pradesh,01-01-2011,14545.54154
462,Basti,55,9,Uttar Pradesh,01-01-2011,14667.68177
463,Baghpat,8,9,Uttar Pradesh,01-01-2011,14569.87674
464,Bahraich,50,9,Uttar Pradesh,01-01-2011,14654.52988
465,Ballia,63,9,Uttar Pradesh,01-01-2011,14676.85197
466,Balrampur,52,9,Uttar Pradesh,01-01-2011,14726.60118
467,Banda,40,9,Uttar Pradesh,01-01-2011,14822.69127
468,Barabanki,46,9,Uttar Pradesh,01-01-2011,14675.93287
469,Chitrakoot,41,9,Uttar Pradesh,01-01-2011,14829.2461
470,Chandauli,66,9,Uttar Pradesh,01-01-2011,14751.63135
471,Deoria,60,9,Uttar Pradesh,01-01-2011,14619.46205
472,Etah,17,9,Uttar Pradesh,01-01-2011,14587.52956
473,Kanpur Dehat,33,9,Uttar Pradesh,01-01-2011,14666.86542
474,Etawah,31,9,Uttar Pradesh,01-01-2011,14652.42686
475,Faizabad,47,9,Uttar Pradesh,01-01-2011,14691.40933
476,Ghazipur,65,9,Uttar Pradesh,01-01-2011,14721.1655
477,Gonda,53,9,Uttar Pradesh,01-01-2011,14676.2325
478,Gorakhpur,58,9,Uttar Pradesh,01-01-2011,14619.77186
479,Farrukhabad,29,9,Uttar Pradesh,01-01-2011,14622.94293
480,Fatehpur,42,9,Uttar Pradesh,01-01-2011,14736.352
481,Firozabad,16,9,Uttar Pradesh,01-01-2011,14601.05403
482,Hamirpur,38,9,Uttar Pradesh,01-01-2011,14795.19255
483,Hardoi,25,9,Uttar Pradesh,01-01-2011,14625.04762
484,Khammam,10,28,Andhra Pradesh,01-01-2011,15041.68574
485,Medak,4,28,Andhra Pradesh,01-01-2011,15219.88976
486,Krishna,16,28,Andhra Pradesh,01-01-2011,15100.32959
487,Kurnool,21,28,Andhra Pradesh,01-01-2011,15324.106
488,Mahbubnagar,7,28,Andhra Pradesh,01-01-2011,15298.49591
489,Nalgonda,8,28,Andhra Pradesh,01-01-2011,15186.98681
490,Nellore,19,28,Andhra Pradesh,01-01-2011,15078.9944
491,Nizamabad,2,28,Andhra Pradesh,01-01-2011,15140.62749
492,Prakasam,18,28,Andhra Pradesh,01-01-2011,15129.77615
493,Hyderabad,5,28,Andhra Pradesh,01-01-2011,15171.59433
494,Rangareddi,6,28,Andhra Pradesh,01-01-2011,15267.55058
495,Srikakulam,11,28,Andhra Pradesh,01-01-2011,15076.48307
496,West Godavari,15,28,Andhra Pradesh,01-01-2011,15061.85588
497,Visakhapatnam,13,28,Andhra Pradesh,01-01-2011,14994.33209
498,Vizianagaram,12,28,Andhra Pradesh,01-01-2011,15061.73483
499,Warangal,9,28,Andhra Pradesh,01-01-2011,15104.49601
500,Anantapur,22,28,Andhra Pradesh,01-01-2011,15377.30935
501,Adilabad,1,28,Andhra Pradesh,01-01-2011,15117.33806
502,Chittoor,23,28,Andhra Pradesh,01-01-2011,15134.95719
503,Cuddapah,20,28,Andhra Pradesh,01-01-2011,15180.74487
504,East Godavari,14,28,Andhra Pradesh,01-01-2011,15003.36422
505,Karimnagar,3,28,Andhra Pradesh,01-01-2011,15104.61591
506,Guntur,17,28,Andhra Pradesh,01-01-2011,15139.16134
507,Jabalpur,39,23,Madhya Pradesh,01-01-2011,14901.29458
508,Jhabua,24,23,Madhya Pradesh,01-01-2011,15165.56924
509,Mandsaur,19,23,Madhya Pradesh,01-01-2011,14998.43108
510,Tikamgarh,8,23,Madhya Pradesh,01-01-2011,14849.43006
511,Narsimhapur,40,23,Madhya Pradesh,01-01-2011,14921.84186
512,Neemuch,18,23,Madhya Pradesh,01-01-2011,14901.03226
513,Panna,10,23,Madhya Pradesh,01-01-2011,14890.32271
514,Raisen,34,23,Madhya Pradesh,01-01-2011,14916.2318
515,Rajgarh,30,23,Madhya Pradesh,01-01-2011,14992.89907
516,Satna,13,23,Madhya Pradesh,01-01-2011,14864.87422
517,Sehore,33,23,Madhya Pradesh,01-01-2011,14919.84822
518,Seoni,44,23,Madhya Pradesh,01-01-2011,14972.47688
519,Hoshangabad,37,23,Madhya Pradesh,01-01-2011,14787.05418
520,Indore,26,23,Madhya Pradesh,01-01-2011,14920.45869
521,Shajapur,22,23,Madhya Pradesh,01-01-2011,14986.03153
522,Shivpuri,6,23,Madhya Pradesh,01-01-2011,14856.87242
523,Ratlam,20,23,Madhya Pradesh,01-01-2011,15101.40774
524,Rewa,14,23,Madhya Pradesh,01-01-2011,14865.17109
525,Sagar,11,23,Madhya Pradesh,01-01-2011,14906.81109
526,Sidhi,17,23,Madhya Pradesh,01-01-2011,14849.62835
527,Ujjain,21,23,Madhya Pradesh,01-01-2011,14977.32681
528,Vidisha,31,23,Madhya Pradesh,01-01-2011,14840.53755
529,West Nimar,27,23,Madhya Pradesh,01-01-2011,15112.04937
530,Morena,2,23,Madhya Pradesh,01-01-2011,14690.75139
531,Sheopur,1,23,Madhya Pradesh,01-01-2011,14809.53853
532,Dindori,41,23,Madhya Pradesh,01-01-2011,14963.95371
533,Mandla,42,23,Madhya Pradesh,01-01-2011,14952.27825
534,Shahdol,16,23,Madhya Pradesh,01-01-2011,14930.40103
535,Umaria,15,23,Madhya Pradesh,01-01-2011,14875.3581
536,Bhind,3,23,Madhya Pradesh,01-01-2011,14662.34012
537,Bhopal,32,23,Madhya Pradesh,01-01-2011,14896.8645
538,Barwani,28,23,Madhya Pradesh,01-01-2011,15200.18461
539,Betul,35,23,Madhya Pradesh,01-01-2011,15020.24874
540,Balaghat,45,23,Madhya Pradesh,01-01-2011,14909.18819
541,Chhatarpur,9,23,Madhya Pradesh,01-01-2011,14842.71716
542,Chhindwara,43,23,Madhya Pradesh,01-01-2011,15030.51196
543,Dewas,23,23,Madhya Pradesh,01-01-2011,14960.21414
544,Katni,38,23,Madhya Pradesh,01-01-2011,14914.65607
545,Datia,5,23,Madhya Pradesh,01-01-2011,14716.53758
546,Damoh,12,23,Madhya Pradesh,01-01-2011,14924.75585
547,Dhar,25,23,Madhya Pradesh,01-01-2011,15044.21063
548,East Nimar,29,23,Madhya Pradesh,01-01-2011,15068.55274
549,Guna,7,23,Madhya Pradesh,01-01-2011,14888.04999
550,Gwalior,4,23,Madhya Pradesh,01-01-2011,14741.24142
551,Harda,36,23,Madhya Pradesh,01-01-2011,14829.53393
552,Kangra,2,2,Himachal Pradesh,01-01-2011,14119.34648
553,Kinnaur,12,2,Himachal Pradesh,01-01-2011,13027.44689
554,Lahul & Spiti,3,2,Himachal Pradesh,01-01-2011,12758.26272
555,Kullu,4,2,Himachal Pradesh,01-01-2011,13465.88859
556,Mandi,5,2,Himachal Pradesh,01-01-2011,14201.90155
557,Shimla,11,2,Himachal Pradesh,01-01-2011,13973.74456
558,Sirmaur,10,2,Himachal Pradesh,01-01-2011,14356.26034
559,Solan,9,2,Himachal Pradesh,01-01-2011,14375.76976
560,Una,7,2,Himachal Pradesh,01-01-2011,14434.57239
561,Bilaspur,8,2,Himachal Pradesh,01-01-2011,14359.91234
562,Chamba,1,2,Himachal Pradesh,01-01-2011,13553.77187
563,Hamirpur,6,2,Himachal Pradesh,01-01-2011,14363.27955
564,Jammu,13,1,Jammu and Kashmir,01-01-2011,14458.10566
565,Kargil,8,1,Jammu and Kashmir,01-01-2011,12849.73604
566,Kathua,14,1,Jammu and Kashmir,01-01-2011,14334.20602
567,Leh (Ladakh),7,1,Jammu and Kashmir,01-01-2011,13024.34864
568,Kupwara,1,1,Jammu and Kashmir,01-01-2011,13537.85646
569,Punch,11,1,Jammu and Kashmir,01-01-2011,14049.68552
570,Pulwama,5,1,Jammu and Kashmir,01-01-2011,13686.86331
571,Rajauri,12,1,Jammu and Kashmir,01-01-2011,14264.5117
572,Srinagar,3,1,Jammu and Kashmir,01-01-2011,13351.4063
573,Udhampur,10,1,Jammu and Kashmir,01-01-2011,14114.72692
574,Anantnag,6,1,Jammu and Kashmir,01-01-2011,13355.49419
575,Badgam,4,1,Jammu and Kashmir,01-01-2011,13497.5111
576,Baramula,2,1,Jammu and Kashmir,01-01-2011,13418.85234
577,Data Not Available,99,99,Jammu and Kashmir,01-01-2011,13085.1224
578,Doda,9,1,Jammu and Kashmir,01-01-2011,13306.34344
579,Lohit,11,12,Arunanchal Pradesh,01-01-2011,14044.79435
580,Lower Subansiri,5,12,Arunanchal Pradesh,01-01-2011,14049.02166
581,Papum Pare,4,12,Arunanchal Pradesh,01-01-2011,14322.13841
582,Tawang,1,12,Arunanchal Pradesh,01-01-2011,13845.46479
583,Tirap,13,12,Arunanchal Pradesh,01-01-2011,14472.02895
584,West Kameng,2,12,Arunanchal Pradesh,01-01-2011,14131.08785
585,West Siang,7,12,Arunanchal Pradesh,01-01-2011,14113.35633
586,Upper Siang,9,12,Arunanchal Pradesh,01-01-2011,13926.21763
587,Upper Subansiri,6,12,Arunanchal Pradesh,01-01-2011,13944.38424
588,Changlang,12,12,Arunanchal Pradesh,01-01-2011,14384.02213
589,Dibang Valley,10,12,Arunanchal Pradesh,01-01-2011,13849.15044
590,East Kameng,3,12,Arunanchal Pradesh,01-01-2011,14164.68713
591,East Siang,8,12,Arunanchal Pradesh,01-01-2011,14443.45665
592,Nicobars,2,35,Andaman & Nicobar Island,01-01-2011,14944.82561
593,Andamans,1,35,Andaman & Nicobar Island,01-01-2011,14931.51743
594,Lakshadweep,1,31,Lakshadweep,02-01-2011,15083.00408
595,Chandigarh,1,4,Chandigarh,02-01-2011,14761.37676
596,Dadra & Nagar Haveli,1,26,Dadara & Nagar Havelli,02-01-2011,15377.58397
597,North Goa,1,30,Goa,02-01-2011,15255.38148
598,South Goa,2,30,Goa,02-01-2011,15214.92026
599,Jorhat,17,18,Assam,02-01-2011,14928.7352
600,Karimganj,22,18,Assam,02-01-2011,14980.5438
601,Kokrajhar,1,18,Assam,02-01-2011,14987.37063
602,Lakhimpur,12,18,Assam,02-01-2011,14977.36838
603,Nagaon,10,18,Assam,02-01-2011,14955.09372
604,Marigaon,9,18,Assam,02-01-2011,14949.74225
605,Nalbari,7,18,Assam,02-01-2011,14980.82926
606,North Cachar Hills,20,18,Assam,02-01-2011,14800.07784
607,Sonitpur,11,18,Assam,02-01-2011,14989.82303
608,Sibsagar,16,18,Assam,02-01-2011,14910.81568
609,Tinsukia,14,18,Assam,02-01-2011,14855.87819
610,Barpeta,5,18,Assam,02-01-2011,14966.44129
611,Bongaigaon,4,18,Assam,02-01-2011,14954.58965
612,Cachar,21,18,Assam,02-01-2011,14928.53511
613,Darrang,8,18,Assam,02-01-2011,14986.7737
614,Dhemaji,13,18,Assam,02-01-2011,14959.3201
615,Dhubri,2,18,Assam,02-01-2011,14959.56921
616,Dibrugarh,15,18,Assam,02-01-2011,14916.68843
617,Kamrup,6,18,Assam,02-01-2011,14918.85657
618,Karbi Anglong,19,18,Assam,02-01-2011,14819.45016
619,Goalpara,3,18,Assam,02-01-2011,14960.74696
620,Golaghat,18,18,Assam,02-01-2011,14959.11526
621,Hailakandi,23,18,Assam,02-01-2011,14952.46477
622,Jamui,37,10,Bihar,02-01-2011,15102.07585
623,Kishanganj,8,10,Bihar,02-01-2011,14961.73833
624,Muzaffarpur,14,10,Bihar,02-01-2011,14858.18759
625,Purnia,9,10,Bihar,02-01-2011,14950.99206
626,Khagaria,21,10,Bihar,02-01-2011,14848.14077
627,Madhubani,5,10,Bihar,02-01-2011,14883.12794
628,Lakhisarai,25,10,Bihar,02-01-2011,14997.51175
629,Madhepura,11,10,Bihar,02-01-2011,14896.11599
630,Purba Champaran,2,10,Bihar,02-01-2011,14842.7379
631,Munger,24,10,Bihar,02-01-2011,14985.7548
632,Nalanda,27,10,Bihar,02-01-2011,14994.85356
633,Nawada,36,10,Bihar,02-01-2011,15021.80677
634,Pashchim Champaran,1,10,Bihar,02-01-2011,14858.51495
635,Patna,28,10,Bihar,02-01-2011,14961.77289
636,Samastipur,19,10,Bihar,02-01-2011,14885.59472
637,Sheikhpura,26,10,Bihar,02-01-2011,15023.95082
638,Sheohar,3,10,Bihar,02-01-2011,14854.58627
639,Saharsa,12,10,Bihar,02-01-2011,14861.54008
640,Sitamarhi,4,10,Bihar,02-01-2011,14861.97266
641,Siwan,16,10,Bihar,02-01-2011,14835.04823
642,Supaul,6,10,Bihar,02-01-2011,14856.89459
643,Vaishali,18,10,Bihar,02-01-2011,14872.59286
644,Kaimur (Bhabua),31,10,Bihar,02-01-2011,15016.20422
645,Gaya,35,10,Bihar,02-01-2011,15103.03729
646,Bhojpur,29,10,Bihar,02-01-2011,14936.00432
647,Buxar,30,10,Bihar,02-01-2011,14915.02426
648,Jehanabad,33,10,Bihar,02-01-2011,15019.2768
649,Rohtas,32,10,Bihar,02-01-2011,14945.54004
650,Araria,7,10,Bihar,02-01-2011,14866.47295
651,Aurangabad,34,10,Bihar,02-01-2011,15060.15637
652,Banka,23,10,Bihar,02-01-2011,15111.55118
653,Bhagalpur,22,10,Bihar,02-01-2011,14939.54093
654,Begusarai,20,10,Bihar,02-01-2011,14869.90181
655,Saran,17,10,Bihar,02-01-2011,14862.46869
656,Katihar,10,10,Bihar,02-01-2011,14902.70456
657,Darbhanga,13,10,Bihar,02-01-2011,14869.62878
658,Gopalganj,15,10,Bihar,02-01-2011,14833.58319
659,Kollam,13,32,Kerala,02-01-2011,15170.66951
660,Kottayam,10,32,Kerala,02-01-2011,15159.30452
661,Kozhikode,4,32,Kerala,02-01-2011,15169.5839
662,Malappuram,5,32,Kerala,02-01-2011,15189.39617
663,Palakkad,6,32,Kerala,02-01-2011,15149.07716
664,Pathanamthitta,12,32,Kerala,02-01-2011,15093.76788
665,Idukki,9,32,Kerala,02-01-2011,15005.39563
666,Thrissur,7,32,Kerala,02-01-2011,15190.60126
667,Thiruvananthapuram,14,32,Kerala,02-01-2011,15165.69221
668,Wayanad,3,32,Kerala,02-01-2011,15036.32047
669,Alappuzha,11,32,Kerala,02-01-2011,15136.76794
670,Kasaragod,1,32,Kerala,02-01-2011,15238.40459
671,Kannur,2,32,Kerala,02-01-2011,15220.11228
672,Ernakulam,8,32,Kerala,02-01-2011,15200.37191
673,Jajapur,13,21,Orissa,02-01-2011,15223.21771
674,Jagatsinghapur,11,21,Orissa,02-01-2011,15243.11629
675,Jharsuguda,2,21,Orissa,02-01-2011,15151.39662
676,Khordha,17,21,Orissa,02-01-2011,15220.60578
677,Mayurbhanj,7,21,Orissa,02-01-2011,15143.25862
678,Puri,18,21,Orissa,02-01-2011,15175.09042
679,Koraput,29,21,Orissa,02-01-2011,15193.60669
680,Malkangiri,30,21,Orissa,02-01-2011,15168.89114
681,Nabarangapur,28,21,Orissa,02-01-2011,15238.5846
682,Nayagarh,16,21,Orissa,02-01-2011,15147.02156
683,Nuapada,25,21,Orissa,02-01-2011,15226.18666
684,Kandhamal,21,21,Orissa,02-01-2011,15045.93786
685,Sambalpur,3,21,Orissa,02-01-2011,15140.03849
686,Rayagada,27,21,Orissa,02-01-2011,15114.85718
687,Sundargarh,5,21,Orissa,02-01-2011,15158.52392
688,Sonapur,23,21,Orissa,02-01-2011,15190.9942
689,Anugul,15,21,Orissa,02-01-2011,15162.44312
690,Bhadrak,9,21,Orissa,02-01-2011,15233.43248
691,Baudh,22,21,Orissa,02-01-2011,15153.51857
692,Balangir,24,21,Orissa,02-01-2011,15235.68032
693,Baleshwar,8,21,Orissa,02-01-2011,15135.22074
694,Bargarh,1,21,Orissa,02-01-2011,15169.02877
695,Kendrapara,10,21,Orissa,02-01-2011,15192.1947
696,Kendujhar,6,21,Orissa,02-01-2011,15171.002
697,Debagarh,4,21,Orissa,02-01-2011,15144.19901
698,Cuttack,12,21,Orissa,02-01-2011,15193.67969
699,Dhenkanal,14,21,Orissa,02-01-2011,15182.23364
700,Kalahandi,26,21,Orissa,02-01-2011,15171.03904
701,Ganjam,19,21,Orissa,02-01-2011,15191.45625
702,Gajapati,20,21,Orissa,02-01-2011,15099.74889
703,Jalandhar,4,3,Punjab,02-01-2011,14613.31325
704,Kapurthala,3,3,Punjab,02-01-2011,14597.85237
705,Ludhiana,9,3,Punjab,02-01-2011,14596.02789
706,Mansa,15,3,Punjab,02-01-2011,14624.78839
707,Moga,10,3,Punjab,02-01-2011,14562.62969
708,Muktsar,12,3,Punjab,02-01-2011,14610.33914
709,Nawanshahr,6,3,Punjab,02-01-2011,14626.26391
710,Patiala,17,3,Punjab,02-01-2011,14612.7359
711,Sangrur,16,3,Punjab,02-01-2011,14581.28237
712,Hoshiarpur,5,3,Punjab,02-01-2011,14607.33056
713,Rupnagar,7,3,Punjab,02-01-2011,14642.56316
714,Amritsar,2,3,Punjab,02-01-2011,14568.1025
715,Firozpur,11,3,Punjab,02-01-2011,14603.59954
716,Bathinda,14,3,Punjab,02-01-2011,14623.99433
717,Gurdaspur,1,3,Punjab,02-01-2011,14534.47481
718,Faridkot,13,3,Punjab,02-01-2011,14595.23996
719,Fatehgarh Sahib,8,3,Punjab,02-01-2011,14603.8171
720,North,1,11,Sikkim,02-01-2011,13846.96382
721,South,3,11,Sikkim,02-01-2011,14466.81062
722,West,2,11,Sikkim,02-01-2011,14293.04166
723,East,4,11,Sikkim,02-01-2011,14347.03998
724,Jamnagar,10,24,Gujarat,02-01-2011,15313.12869
725,Kheda,16,24,Gujarat,02-01-2011,15215.22335
726,Mahesana,4,24,Gujarat,02-01-2011,15198.25522
727,Narmada,20,24,Gujarat,02-01-2011,15375.87117
728,Navsari,24,24,Gujarat,02-01-2011,15276.7718
729,Panch Mahals,17,24,Gujarat,02-01-2011,15278.74164
730,Patan,3,24,Gujarat,02-01-2011,15286.56885
731,Porbandar,11,24,Gujarat,02-01-2011,15278.09093
732,Rajkot,9,24,Gujarat,02-01-2011,15345.5777
733,Sabar Kantha,5,24,Gujarat,02-01-2011,15199.30756
734,Surendranagar,8,24,Gujarat,02-01-2011,15379.79949
735,The Dangs,23,24,Gujarat,02-01-2011,15318.55141
736,Vadodara,19,24,Gujarat,02-01-2011,15295.48976
737,Valsad,25,24,Gujarat,02-01-2011,15332.64491
738,Bharuch,21,24,Gujarat,02-01-2011,15356.28216
739,Surat,22,24,Gujarat,02-01-2011,15314.43894
740,Anand,15,24,Gujarat,02-01-2011,15132.77388
741,Ahmadabad,7,24,Gujarat,02-01-2011,15325.29388
742,Amreli,13,24,Gujarat,02-01-2011,15407.7228
743,Bhavnagar,14,24,Gujarat,02-01-2011,15439.60479
744,Banas Kantha,2,24,Gujarat,02-01-2011,15193.54484
745,Dohad,18,24,Gujarat,02-01-2011,15335.21727
746,Junagadh,12,24,Gujarat,02-01-2011,15275.18044
747,Kachchh,1,24,Gujarat,02-01-2011,15317.57379
748,Gandhinagar,6,24,Gujarat,02-01-2011,15215.44111
749,Jind,9,6,Haryana,02-01-2011,14634.90571
750,Kaithal,5,6,Haryana,02-01-2011,14599.15807
751,Karnal,6,6,Haryana,02-01-2011,14603.57118
752,Kurukshetra,4,6,Haryana,02-01-2011,14634.71539
753,Panchkula,1,6,Haryana,02-01-2011,14655.50111
754,Panipat,7,6,Haryana,02-01-2011,14646.38451
755,Hisar,12,6,Haryana,02-01-2011,14694.26073
756,Rohtak,14,6,Haryana,02-01-2011,14681.32398
757,Sirsa,11,6,Haryana,02-01-2011,14674.62316
758,Sonipat,8,6,Haryana,02-01-2011,14669.45539
759,Yamunanagar,3,6,Haryana,02-01-2011,14657.9695
760,Jhajjar,15,6,Haryana,02-01-2011,14696.32027
761,Mahendragarh,16,6,Haryana,02-01-2011,14721.37405
762,Rewari,17,6,Haryana,02-01-2011,14703.02531
763,Bhiwani,13,6,Haryana,02-01-2011,14722.3106
764,Ambala,2,6,Haryana,02-01-2011,14656.70514
765,Gurgaon,18,6,Haryana,02-01-2011,14753.76498
766,Faridabad,19,6,Haryana,02-01-2011,14732.53373
767,Fatehabad,10,6,Haryana,02-01-2011,14636.37342
768,Imphal East,7,14,Manipur,02-01-2011,14882.89278
769,Imphal West,6,14,Manipur,02-01-2011,14817.99702
770,Senapati (Excl. 3 sub-divisions),1,14,Manipur,02-01-2011,14665.14415
771,Tamenglong,2,14,Manipur,02-01-2011,14676.12056
772,Thoubal,5,14,Manipur,02-01-2011,14856.51769
773,Ukhrul,8,14,Manipur,02-01-2011,14672.72591
774,Bishnupur,4,14,Manipur,02-01-2011,14776.08523
775,Chandel,9,14,Manipur,02-01-2011,14744.5769
776,Churachandpur,3,14,Manipur,02-01-2011,14706.45897
777,Kolasib,2,15,Mizoram,02-01-2011,14831.71807
778,Mamit,1,15,Mizoram,02-01-2011,14853.50144
779,Lunglei,6,15,Mizoram,02-01-2011,14805.88816
780,Lawngtlai,7,15,Mizoram,02-01-2011,14872.88619
781,Saiha,8,15,Mizoram,02-01-2011,14781.72486
782,Serchhip,5,15,Mizoram,02-01-2011,14753.60088
783,Aizawl,3,15,Mizoram,02-01-2011,14783.59551
784,Champhai,4,15,Mizoram,02-01-2011,14712.07204
785,North Tripura,4,16,Tripura,02-01-2011,14958.35219
786,South Tripura,2,16,Tripura,02-01-2011,15031.5342
787,West Tripura,1,16,Tripura,02-01-2011,15034.61183
788,Dhalai,3,16,Tripura,02-01-2011,14964.55033
789,Mokokchung,3,13,Nagaland,02-01-2011,14719.20941
790,Mon,1,13,Nagaland,02-01-2011,14734.05002
791,Phek,8,13,Nagaland,02-01-2011,14563.51556
792,Tuensang,2,13,Nagaland,02-01-2011,14579.41359
793,Wokha,5,13,Nagaland,02-01-2011,14741.91959
794,Zunheboto,4,13,Nagaland,02-01-2011,14619.41149
795,Dimapur,6,13,Nagaland,02-01-2011,14910.02588
796,Kohima,7,13,Nagaland,02-01-2011,14695.29813
797,Purbi Singhbhum,18,20,Jharkhand,02-01-2011,15208.38712
798,Lohardaga,15,20,Jharkhand,02-01-2011,15018.60349
799,Pakaur,10,20,Jharkhand,02-01-2011,15175.70417
800,Pashchimi Singhbhum,17,20,Jharkhand,02-01-2011,15144.12198
801,Ranchi,14,20,Jharkhand,02-01-2011,15119.07781
802,Sahibganj,9,20,Jharkhand,02-01-2011,15025.52624
803,Garhwa,1,20,Jharkhand,02-01-2011,15136.01068
804,Palamu,2,20,Jharkhand,02-01-2011,15112.0133
805,Chatra,3,20,Jharkhand,02-01-2011,15132.44106
806,Hazaribagh,4,20,Jharkhand,02-01-2011,15109.74328
807,Kodarma,5,20,Jharkhand,02-01-2011,15125.45766
808,Bokaro,13,20,Jharkhand,02-01-2011,15172.47741
809,Deoghar,7,20,Jharkhand,02-01-2011,15158.05712
810,Dhanbad,12,20,Jharkhand,02-01-2011,15177.99238
811,Dumka,11,20,Jharkhand,02-01-2011,15155.67861
812,Giridih,6,20,Jharkhand,02-01-2011,15145.14848
813,Godda,8,20,Jharkhand,02-01-2011,15101.90939
814,Gumla,16,20,Jharkhand,02-01-2011,15136.47315
815,Kodagu,25,29,Karnataka,02-01-2011,15019.33764
816,Kolar,19,29,Karnataka,02-01-2011,15344.46955
817,Mandya,22,29,Karnataka,02-01-2011,15289.0527
818,Koppal,7,29,Karnataka,02-01-2011,15466.99265
819,Mysore,26,29,Karnataka,02-01-2011,15356.94593
820,Raichur,6,29,Karnataka,02-01-2011,15423.72662
821,Hassan,23,29,Karnataka,02-01-2011,15254.64613
822,Haveri,11,29,Karnataka,02-01-2011,15434.08916
823,Shimoga,15,29,Karnataka,02-01-2011,15204.4838
824,Tumkur,18,29,Karnataka,02-01-2011,15388.44745
825,Udupi,16,29,Karnataka,02-01-2011,15230.77721
826,Uttara Kannada,10,29,Karnataka,02-01-2011,15126.03372
827,Bagalkot,2,29,Karnataka,02-01-2011,15456.96245
828,Bangalore,20,29,Karnataka,02-01-2011,15292.62215
829,Bidar,5,29,Karnataka,02-01-2011,15478.77202
830,Bijapur,3,29,Karnataka,02-01-2011,15575.90898
831,Belgaum,1,29,Karnataka,02-01-2011,15392.05709
832,Bellary,12,29,Karnataka,02-01-2011,15412.92377
833,Bangalore Rural,21,29,Karnataka,02-01-2011,15335.74911
834,Chamarajanagar,27,29,Karnataka,02-01-2011,15301.54804
835,Chikmagalur,17,29,Karnataka,02-01-2011,15148.37326
836,Chitradurga,13,29,Karnataka,02-01-2011,15458.03158
837,Dakshina Kannada,24,29,Karnataka,02-01-2011,15178.33323
838,Davanagere,14,29,Karnataka,02-01-2011,15380.69835
839,Dharwad,9,29,Karnataka,02-01-2011,15445.79047
840,Gulbarga,4,29,Karnataka,02-01-2011,15503.91122
841,Gadag,8,29,Karnataka,02-01-2011,15529.75522
842,Jaintia Hills,7,17,Meghalaya,02-01-2011,14799.01303
843,Ri Bhoi,5,17,Meghalaya,02-01-2011,14798.62023
844,South Garo Hills,3,17,Meghalaya,02-01-2011,14871.75478
845,West Garo Hills,1,17,Meghalaya,02-01-2011,14944.92898
846,West Khasi Hills,4,17,Meghalaya,02-01-2011,14763.41012
847,East Garo Hills,2,17,Meghalaya,02-01-2011,14866.21857
848,East Khasi Hills,6,17,Meghalaya,02-01-2011,14752.92501
849,Jaipur,12,8,Rajasthan,02-01-2011,14922.09929
850,Jaisalmer,16,8,Rajasthan,02-01-2011,15330.41188
851,Jalor,18,8,Rajasthan,02-01-2011,15260.41345
852,Jhalawar,32,8,Rajasthan,02-01-2011,15270.78622
853,Jhunjhunun,5,8,Rajasthan,02-01-2011,14877.8667
854,Jodhpur,15,8,Rajasthan,02-01-2011,15277.3222
855,Kota,30,8,Rajasthan,02-01-2011,15061.88129
856,Nagaur,14,8,Rajasthan,02-01-2011,15170.38806
857,Pali,20,8,Rajasthan,02-01-2011,15226.60562
858,Rajsamand,25,8,Rajasthan,02-01-2011,15085.44654
859,Sawai Madhopur,10,8,Rajasthan,02-01-2011,14935.28869
860,Sirohi,19,8,Rajasthan,02-01-2011,15194.86655
861,Tonk,22,8,Rajasthan,02-01-2011,14995.87357
862,Sikar,13,8,Rajasthan,02-01-2011,14935.85247
863,Alwar,6,8,Rajasthan,02-01-2011,14792.10943
864,Udaipur,26,8,Rajasthan,02-01-2011,15188.9805
865,Ganganagar,1,8,Rajasthan,02-01-2011,14839.18194
866,Hanumangarh,2,8,Rajasthan,02-01-2011,14900.7191
867,Baran,31,8,Rajasthan,02-01-2011,15148.03274
868,Ajmer,21,8,Rajasthan,02-01-2011,15065.32865
869,Banswara,28,8,Rajasthan,02-01-2011,15295.89585
870,Barmer,17,8,Rajasthan,02-01-2011,15359.77769
871,Bhilwara,24,8,Rajasthan,02-01-2011,15100.93315
872,Bikaner,3,8,Rajasthan,02-01-2011,15230.24145
873,Bharatpur,7,8,Rajasthan,02-01-2011,14797.39923
874,Bundi,23,8,Rajasthan,02-01-2011,15006.23037
875,Chittaurgarh,29,8,Rajasthan,02-01-2011,15155.55164
876,Churu,4,8,Rajasthan,02-01-2011,15143.48863
877,Dausa,11,8,Rajasthan,02-01-2011,14864.07993
878,Dhaulpur,8,8,Rajasthan,02-01-2011,14923.70218
879,Dungarpur,27,8,Rajasthan,02-01-2011,15289.15115
880,Karauli,9,8,Rajasthan,02-01-2011,14981.16715
881,Pondicherry,2,34,Puducherry,02-01-2011,15214.79942
882,Yanam,1,34,Puducherry,02-01-2011,15121.21494
883,Karaikal,4,34,Puducherry,02-01-2011,15180.28229
884,Mahe,3,34,Puducherry,02-01-2011,15172.62976
885,Kanniyakumari,30,33,Tamil Nadu,02-01-2011,15156.21117
886,Karur,14,33,Tamil Nadu,02-01-2011,15405.77058
887,Madurai,24,33,Tamil Nadu,02-01-2011,15271.29554
888,Namakkal,9,33,Tamil Nadu,02-01-2011,15383.65189
889,The Nilgiris,11,33,Tamil Nadu,02-01-2011,14999.33841
890,Perambalur,16,33,Tamil Nadu,02-01-2011,15272.75779
891,Pudukkottai,22,33,Tamil Nadu,02-01-2011,15271.37042
892,Ramanathapuram,27,33,Tamil Nadu,02-01-2011,15263.87899
893,Salem,8,33,Tamil Nadu,02-01-2011,15270.62847
894,Sivaganga,23,33,Tamil Nadu,02-01-2011,15273.97329
895,Tiruchirappalli,15,33,Tamil Nadu,02-01-2011,15311.15911
896,Tirunelveli,29,33,Tamil Nadu,02-01-2011,15287.91041
897,Tiruvannamalai,6,33,Tamil Nadu,02-01-2011,15207.36797
898,Thoothukkudi,28,33,Tamil Nadu,02-01-2011,15368.94398
899,Theni,25,33,Tamil Nadu,02-01-2011,15187.05753
900,Vellore,4,33,Tamil Nadu,02-01-2011,15243.9417
901,Viluppuram,7,33,Tamil Nadu,02-01-2011,15230.05188
902,Virudhunagar,26,33,Tamil Nadu,02-01-2011,15359.06796
903,Chennai,2,33,Tamil Nadu,02-01-2011,15292.59458
904,Kancheepuram,3,33,Tamil Nadu,02-01-2011,15216.17367
905,Thiruvallur,1,33,Tamil Nadu,02-01-2011,15288.19186
906,Thanjavur,21,33,Tamil Nadu,02-01-2011,15229.31754
907,Thiruvarur,20,33,Tamil Nadu,02-01-2011,15247.72801
908,Nagapattinam,19,33,Tamil Nadu,02-01-2011,15191.45175
909,Ariyalur,17,33,Tamil Nadu,02-01-2011,15242.09139
910,Coimbatore,12,33,Tamil Nadu,02-01-2011,15287.14249
911,Cuddalore,18,33,Tamil Nadu,02-01-2011,15227.69892
912,Dharmapuri,5,33,Tamil Nadu,02-01-2011,15287.33688
913,Dindigul,13,33,Tamil Nadu,02-01-2011,15219.44473
914,Erode,10,33,Tamil Nadu,02-01-2011,15304.28269
915,Daman,2,25,Daman & Diu,02-01-2011,15211.63333
916,Diu,1,25,Daman & Diu,02-01-2011,15154.44449
917,Jalgaon,3,27,Maharashtra,02-01-2011,15396.34739
918,Jalna,18,27,Maharashtra,02-01-2011,15428.48896
919,Kolhapur,34,27,Maharashtra,02-01-2011,15315.7466
920,Latur,28,27,Maharashtra,02-01-2011,15456.51523
921,Pune,25,27,Maharashtra,02-01-2011,15358.11299
922,Nagpur,9,27,Maharashtra,02-01-2011,15252.89442
923,Mumbai,23,27,Maharashtra,02-01-2011,15250.13698
924,Mumbai (Suburban),22,27,Maharashtra,02-01-2011,15286.74671
925,Nanded,15,27,Maharashtra,02-01-2011,15403.36454
926,Nandurbar,1,27,Maharashtra,02-01-2011,15418.60448
927,Nashik,20,27,Maharashtra,02-01-2011,15404.1173
928,Osmanabad,29,27,Maharashtra,02-01-2011,15476.72585
929,Parbhani,17,27,Maharashtra,02-01-2011,15425.44324
930,Sangli,35,27,Maharashtra,02-01-2011,15497.70386
931,Satara,31,27,Maharashtra,02-01-2011,15390.04567
932,Hingoli,16,27,Maharashtra,02-01-2011,15401.52165
933,Ratnagiri,32,27,Maharashtra,02-01-2011,15355.44369
934,Raigarh,24,27,Maharashtra,02-01-2011,15366.01049
935,Thane,21,27,Maharashtra,02-01-2011,15411.85471
936,Solapur,30,27,Maharashtra,02-01-2011,15473.27599
937,Sindhudurg,33,27,Maharashtra,02-01-2011,15322.83367
938,Wardha,8,27,Maharashtra,02-01-2011,15345.1678
939,Washim,6,27,Maharashtra,02-01-2011,15462.6597
940,Yavatmal,14,27,Maharashtra,02-01-2011,15381.31026
941,Aurangabad,19,27,Maharashtra,02-01-2011,15376.503
942,Ahmadnagar,26,27,Maharashtra,02-01-2011,15412.49706
943,Akola,5,27,Maharashtra,02-01-2011,15442.44297
944,Amravati,7,27,Maharashtra,02-01-2011,15376.2892
945,Bid,27,27,Maharashtra,02-01-2011,15455.38069
946,Bhandara,10,27,Maharashtra,02-01-2011,15191.9902
947,Buldana,4,27,Maharashtra,02-01-2011,15439.73074
948,Chandrapur,13,27,Maharashtra,02-01-2011,15256.41015
949,Dhule,2,27,Maharashtra,02-01-2011,15491.69369
950,Gadchiroli,12,27,Maharashtra,02-01-2011,15129.75644
951,Gondiya,11,27,Maharashtra,02-01-2011,15158.36974
952,Nainital,11,5,Uttarakhand,02-01-2011,14634.08972
953,Pithoragarh,7,5,Uttarakhand,02-01-2011,13747.49752
954,Hardwar,13,5,Uttarakhand,02-01-2011,14693.93552
955,Rudraprayag,3,5,Uttarakhand,02-01-2011,14034.53784
956,Tehri Garhwal,4,5,Uttarakhand,02-01-2011,14266.84756
957,Udham Singh Nagar,12,5,Uttarakhand,02-01-2011,14706.07162
958,Uttarkashi,1,5,Uttarakhand,02-01-2011,13598.33127
959,Bageshwar,8,5,Uttarakhand,02-01-2011,14214.71804
960,Almora,9,5,Uttarakhand,02-01-2011,14516.27729
961,Chamoli,2,5,Uttarakhand,02-01-2011,13642.0512
962,Champawat,10,5,Uttarakhand,02-01-2011,14556.56723
963,Dehradun,5,5,Uttarakhand,02-01-2011,14514.93863
964,Garhwal,6,5,Uttarakhand,02-01-2011,14523.69688
965,Jalpaiguri,2,19,West Bengal,02-01-2011,14972.32419
966,Koch Bihar,3,19,West Bengal,02-01-2011,14932.9139
967,Murshidabad,7,19,West Bengal,02-01-2011,14957.32424
968,Puruliya,14,19,West Bengal,02-01-2011,15186.6489
969,Kolkata,17,19,West Bengal,02-01-2011,15152.18686
970,Maldah,6,19,West Bengal,02-01-2011,14926.29233
971,Nadia,10,19,West Bengal,02-01-2011,14989.07935
972,North Twenty Four Parganas,11,19,West Bengal,02-01-2011,14971.30166
973,Medinipur,15,19,West Bengal,02-01-2011,15087.92644
974,Hugli,12,19,West Bengal,02-01-2011,15012.23189
975,South  Twenty Four Parganas,18,19,West Bengal,02-01-2011,15022.53944
976,Uttar Dinajpur,4,19,West Bengal,02-01-2011,14919.2384
977,Barddhaman,9,19,West Bengal,02-01-2011,15052.11201
978,Birbhum,8,19,West Bengal,02-01-2011,15053.69225
979,Bankura,13,19,West Bengal,02-01-2011,15154.11056
980,Dakshin Dinajpur,5,19,West Bengal,02-01-2011,14928.29912
981,Darjiling,1,19,West Bengal,02-01-2011,14735.77882
982,Haora,16,19,West Bengal,02-01-2011,14995.51867
983,Jashpur,3,22,Chhattisgarh,02-01-2011,15115.55286
984,Koriya,1,22,Chhattisgarh,02-01-2011,15125.59682
985,Mahasamund,12,22,Chhattisgarh,02-01-2011,15241.49556
986,Raigarh,4,22,Chhattisgarh,02-01-2011,15159.13977
987,Raipur,11,22,Chhattisgarh,02-01-2011,15187.23582
988,Rajnandgaon,9,22,Chhattisgarh,02-01-2011,15166.32221
989,Surguja,2,22,Chhattisgarh,02-01-2011,15117.429
990,Bilaspur,7,22,Chhattisgarh,02-01-2011,15168.30513
991,Janjgir - Champa,6,22,Chhattisgarh,02-01-2011,15217.61937
992,Korba,5,22,Chhattisgarh,02-01-2011,15117.07914
993,Kawardha,8,22,Chhattisgarh,02-01-2011,15217.05286
994,Bastar,15,22,Chhattisgarh,02-01-2011,15134.13369
995,Dantewada,16,22,Chhattisgarh,02-01-2011,15116.01257
996,Dhamtari,13,22,Chhattisgarh,02-01-2011,15103.0314
997,Durg,10,22,Chhattisgarh,02-01-2011,15190.73704
998,Kanker,14,22,Chhattisgarh,02-01-2011,15123.76137
999,Central,6,7,Delhi  & NCR,02-01-2011,14806.43865
1000,East,4,7,Delhi  & NCR,02-01-2011,14792.80906
1001,New Delhi,5,7,Delhi  & NCR,02-01-2011,14775.46849
1002,North,2,7,Delhi  & NCR,02-01-2011,14779.55469
1003,North East,3,7,Delhi  & NCR,02-01-2011,14791.68963
1004,North West,1,7,Delhi  & NCR,02-01-2011,14753.38375
1005,South,9,7,Delhi  & NCR,02-01-2011,14806.38435
1006,South West,8,7,Delhi  & NCR,02-01-2011,14779.89784
1007,West,7,7,Delhi  & NCR,02-01-2011,14822.31254
1008,Jalaun,35,9,Uttar Pradesh,02-01-2011,14891.73328
1009,Jaunpur,64,9,Uttar Pradesh,02-01-2011,14898.86414
1010,Jhansi,36,9,Uttar Pradesh,02-01-2011,15004.63517
1011,Jyotiba Phule Nagar,6,9,Uttar Pradesh,02-01-2011,14719.41123
1012,Kannauj,30,9,Uttar Pradesh,02-01-2011,14858.7115
1013,Kanpur Nagar,34,9,Uttar Pradesh,02-01-2011,14897.38579
1014,Kaushambi,44,9,Uttar Pradesh,02-01-2011,14920.29791
1015,Kheri,23,9,Uttar Pradesh,02-01-2011,14808.01523
1016,Mirzapur,69,9,Uttar Pradesh,02-01-2011,15049.19213
1017,Moradabad,4,9,Uttar Pradesh,02-01-2011,14706.99451
1018,Muzaffarnagar,2,9,Uttar Pradesh,02-01-2011,14704.39043
1019,Rae Bareli,28,9,Uttar Pradesh,02-01-2011,14863.82879
1020,Kushinagar,59,9,Uttar Pradesh,02-01-2011,14827.25006
1021,Lucknow,27,9,Uttar Pradesh,02-01-2011,14876.40474
1022,Lalitpur,37,9,Uttar Pradesh,02-01-2011,15003.96538
1023,Mahrajganj,57,9,Uttar Pradesh,02-01-2011,14789.39664
1024,Mahoba,39,9,Uttar Pradesh,02-01-2011,15065.38147
1025,Mainpuri,18,9,Uttar Pradesh,02-01-2011,14824.59412
1026,Mathura,14,9,Uttar Pradesh,02-01-2011,14748.8094
1027,Mau,62,9,Uttar Pradesh,02-01-2011,14840.26638
1028,Meerut,7,9,Uttar Pradesh,02-01-2011,14725.2926
1029,Pilibhit,21,9,Uttar Pradesh,02-01-2011,14732.04531
1030,Pratapgarh,43,9,Uttar Pradesh,02-01-2011,14888.60221
1031,Rampur,5,9,Uttar Pradesh,02-01-2011,14693.88858
1032,Sant Ravidas Nagar Bhadohi,68,9,Uttar Pradesh,02-01-2011,14901.80248
1033,Sant Kabir Nagar,56,9,Uttar Pradesh,02-01-2011,14793.26914
1034,Shahjahanpur,22,9,Uttar Pradesh,02-01-2011,14752.48774
1035,Hathras,13,9,Uttar Pradesh,02-01-2011,14791.99177
1036,Shrawasti,51,9,Uttar Pradesh,02-01-2011,14833.81404
1037,Saharanpur,1,9,Uttar Pradesh,02-01-2011,14660.81491
1038,Sitapur,24,9,Uttar Pradesh,02-01-2011,14841.42402
1039,Sultanpur,49,9,Uttar Pradesh,02-01-2011,14885.86438
1040,Sonbhadra,70,9,Uttar Pradesh,02-01-2011,15109.67952
1041,Siddharthnagar,54,9,Uttar Pradesh,02-01-2011,14787.86797
1042,Unnao,26,9,Uttar Pradesh,02-01-2011,14835.97891
1043,Varanasi,67,9,Uttar Pradesh,02-01-2011,14899.23877
1044,Bulandshahr,11,9,Uttar Pradesh,02-01-2011,14711.88984
1045,Gautam Buddha Nagar,10,9,Uttar Pradesh,02-01-2011,14742.77596
1046,Ghaziabad,9,9,Uttar Pradesh,02-01-2011,14720.45854
1047,Auraiya,32,9,Uttar Pradesh,02-01-2011,14847.5563
1048,Azamgarh,61,9,Uttar Pradesh,02-01-2011,14863.24297
1049,Budaun,19,9,Uttar Pradesh,02-01-2011,14730.77825
1050,Agra,15,9,Uttar Pradesh,02-01-2011,14824.57069
1051,Aligarh,12,9,Uttar Pradesh,02-01-2011,14740.57876
1052,Allahabad,45,9,Uttar Pradesh,02-01-2011,14960.94181
1053,Ambedkar Nagar,48,9,Uttar Pradesh,02-01-2011,14816.79483
1054,Bareilly,20,9,Uttar Pradesh,02-01-2011,14729.85677
1055,Bijnor,3,9,Uttar Pradesh,02-01-2011,14738.54633
1056,Basti,55,9,Uttar Pradesh,02-01-2011,14836.31464
1057,Baghpat,8,9,Uttar Pradesh,02-01-2011,14715.76334
1058,Bahraich,50,9,Uttar Pradesh,02-01-2011,14812.62109
1059,Ballia,63,9,Uttar Pradesh,02-01-2011,14861.62795
1060,Balrampur,52,9,Uttar Pradesh,02-01-2011,14879.12632
1061,Banda,40,9,Uttar Pradesh,02-01-2011,15021.46825
1062,Barabanki,46,9,Uttar Pradesh,02-01-2011,14838.31316
1063,Chitrakoot,41,9,Uttar Pradesh,02-01-2011,15108.67343
1064,Chandauli,66,9,Uttar Pradesh,02-01-2011,14951.9458
1065,Deoria,60,9,Uttar Pradesh,02-01-2011,14800.74041
1066,Etah,17,9,Uttar Pradesh,02-01-2011,14764.72704
1067,Kanpur Dehat,33,9,Uttar Pradesh,02-01-2011,14866.57135
1068,Etawah,31,9,Uttar Pradesh,02-01-2011,14860.46753
1069,Faizabad,47,9,Uttar Pradesh,02-01-2011,14849.16585
1070,Ghazipur,65,9,Uttar Pradesh,02-01-2011,14894.30825
1071,Gonda,53,9,Uttar Pradesh,02-01-2011,14848.8362
1072,Gorakhpur,58,9,Uttar Pradesh,02-01-2011,14785.14639
1073,Farrukhabad,29,9,Uttar Pradesh,02-01-2011,14817.18173
1074,Fatehpur,42,9,Uttar Pradesh,02-01-2011,14914.46013
1075,Firozabad,16,9,Uttar Pradesh,02-01-2011,14816.14398
1076,Hamirpur,38,9,Uttar Pradesh,02-01-2011,15015.36514
1077,Hardoi,25,9,Uttar Pradesh,02-01-2011,14791.33005
1078,Khammam,10,28,Andhra Pradesh,02-01-2011,15196.5276
1079,Medak,4,28,Andhra Pradesh,02-01-2011,15364.82464
1080,Krishna,16,28,Andhra Pradesh,02-01-2011,15190.97449
1081,Kurnool,21,28,Andhra Pradesh,02-01-2011,15463.57194
1082,Mahbubnagar,7,28,Andhra Pradesh,02-01-2011,15424.1529
1083,Nalgonda,8,28,Andhra Pradesh,02-01-2011,15313.76826
1084,Nellore,19,28,Andhra Pradesh,02-01-2011,15231.87155
1085,Nizamabad,2,28,Andhra Pradesh,02-01-2011,15281.97635
1086,Prakasam,18,28,Andhra Pradesh,02-01-2011,15281.60141
1087,Hyderabad,5,28,Andhra Pradesh,02-01-2011,15290.92479
1088,Rangareddi,6,28,Andhra Pradesh,02-01-2011,15394.85723
1089,Srikakulam,11,28,Andhra Pradesh,02-01-2011,15242.45617
1090,West Godavari,15,28,Andhra Pradesh,02-01-2011,15127.84358
1091,Visakhapatnam,13,28,Andhra Pradesh,02-01-2011,15147.70791
1092,Vizianagaram,12,28,Andhra Pradesh,02-01-2011,15220.61381
1093,Warangal,9,28,Andhra Pradesh,02-01-2011,15259.71145
1094,Anantapur,22,28,Andhra Pradesh,02-01-2011,15499.26178
1095,Adilabad,1,28,Andhra Pradesh,02-01-2011,15305.79576
1096,Chittoor,23,28,Andhra Pradesh,02-01-2011,15284.46706
1097,Cuddapah,20,28,Andhra Pradesh,02-01-2011,15346.41627
1098,East Godavari,14,28,Andhra Pradesh,02-01-2011,15103.61011
1099,Karimnagar,3,28,Andhra Pradesh,02-01-2011,15235.83805
1100,Guntur,17,28,Andhra Pradesh,02-01-2011,15234.61091
1101,Jabalpur,39,23,Madhya Pradesh,02-01-2011,15119.40927
1102,Jhabua,24,23,Madhya Pradesh,02-01-2011,15431.67481
1103,Mandsaur,19,23,Madhya Pradesh,02-01-2011,15271.97699
1104,Tikamgarh,8,23,Madhya Pradesh,02-01-2011,15117.611
1105,Narsimhapur,40,23,Madhya Pradesh,02-01-2011,15192.31807
1106,Neemuch,18,23,Madhya Pradesh,02-01-2011,15184.08869
1107,Panna,10,23,Madhya Pradesh,02-01-2011,15195.03782
1108,Raisen,34,23,Madhya Pradesh,02-01-2011,15181.29403
1109,Rajgarh,30,23,Madhya Pradesh,02-01-2011,15287.2969
1110,Satna,13,23,Madhya Pradesh,02-01-2011,15139.3682
1111,Sehore,33,23,Madhya Pradesh,02-01-2011,15202.3938
1112,Seoni,44,23,Madhya Pradesh,02-01-2011,15210.72248
1113,Hoshangabad,37,23,Madhya Pradesh,02-01-2011,15017.08897
1114,Indore,26,23,Madhya Pradesh,02-01-2011,15159.11917
1115,Shajapur,22,23,Madhya Pradesh,02-01-2011,15260.423
1116,Shivpuri,6,23,Madhya Pradesh,02-01-2011,15142.82966
1117,Ratlam,20,23,Madhya Pradesh,02-01-2011,15354.50196
1118,Rewa,14,23,Madhya Pradesh,02-01-2011,15160.29802
1119,Sagar,11,23,Madhya Pradesh,02-01-2011,15199.94345
1120,Sidhi,17,23,Madhya Pradesh,02-01-2011,15133.32703
1121,Ujjain,21,23,Madhya Pradesh,02-01-2011,15208.7516
1122,Vidisha,31,23,Madhya Pradesh,02-01-2011,15119.92539
1123,West Nimar,27,23,Madhya Pradesh,02-01-2011,15371.52963
1124,Morena,2,23,Madhya Pradesh,02-01-2011,14932.32417
1125,Sheopur,1,23,Madhya Pradesh,02-01-2011,15104.81476
1126,Dindori,41,23,Madhya Pradesh,02-01-2011,15215.76148
1127,Mandla,42,23,Madhya Pradesh,02-01-2011,15208.75524
1128,Shahdol,16,23,Madhya Pradesh,02-01-2011,15196.79083
1129,Umaria,15,23,Madhya Pradesh,02-01-2011,15151.42229
1130,Bhind,3,23,Madhya Pradesh,02-01-2011,14895.03693
1131,Bhopal,32,23,Madhya Pradesh,02-01-2011,15183.93315
1132,Barwani,28,23,Madhya Pradesh,02-01-2011,15446.87354
1133,Betul,35,23,Madhya Pradesh,02-01-2011,15278.31654
1134,Balaghat,45,23,Madhya Pradesh,02-01-2011,15136.5514
1135,Chhatarpur,9,23,Madhya Pradesh,02-01-2011,15117.84409
1136,Chhindwara,43,23,Madhya Pradesh,02-01-2011,15264.26841
1137,Dewas,23,23,Madhya Pradesh,02-01-2011,15242.04918
1138,Katni,38,23,Madhya Pradesh,02-01-2011,15176.25031
1139,Datia,5,23,Madhya Pradesh,02-01-2011,14901.09063
1140,Damoh,12,23,Madhya Pradesh,02-01-2011,15216.99628
1141,Dhar,25,23,Madhya Pradesh,02-01-2011,15304.57432
1142,East Nimar,29,23,Madhya Pradesh,02-01-2011,15335.73669
1143,Guna,7,23,Madhya Pradesh,02-01-2011,15152.77004
1144,Gwalior,4,23,Madhya Pradesh,02-01-2011,14968.29216
1145,Harda,36,23,Madhya Pradesh,02-01-2011,15082.48452
1146,Kangra,2,2,Himachal Pradesh,02-01-2011,14191.10533
1147,Kinnaur,12,2,Himachal Pradesh,02-01-2011,13187.12736
1148,Lahul & Spiti,3,2,Himachal Pradesh,02-01-2011,12910.05428
1149,Kullu,4,2,Himachal Pradesh,02-01-2011,13604.73159
1150,Mandi,5,2,Himachal Pradesh,02-01-2011,14319.65664
1151,Shimla,11,2,Himachal Pradesh,02-01-2011,14139.40171
1152,Sirmaur,10,2,Himachal Pradesh,02-01-2011,14517.86608
1153,Solan,9,2,Himachal Pradesh,02-01-2011,14540.03375
1154,Una,7,2,Himachal Pradesh,02-01-2011,14592.78266
1155,Bilaspur,8,2,Himachal Pradesh,02-01-2011,14497.17127
1156,Chamba,1,2,Himachal Pradesh,02-01-2011,13553.59431
1157,Hamirpur,6,2,Himachal Pradesh,02-01-2011,14490.60133
1158,Jammu,13,1,Jammu and Kashmir,02-01-2011,14515.91217
1159,Kargil,8,1,Jammu and Kashmir,02-01-2011,12898.19097
1160,Kathua,14,1,Jammu and Kashmir,02-01-2011,14382.07639
1161,Leh (Ladakh),7,1,Jammu and Kashmir,02-01-2011,13271.07823
1162,Kupwara,1,1,Jammu and Kashmir,02-01-2011,13576.66241
1163,Punch,11,1,Jammu and Kashmir,02-01-2011,13987.6346
1164,Pulwama,5,1,Jammu and Kashmir,02-01-2011,13972.15304
1165,Rajauri,12,1,Jammu and Kashmir,02-01-2011,14263.14689
1166,Srinagar,3,1,Jammu and Kashmir,02-01-2011,13422.55177
1167,Udhampur,10,1,Jammu and Kashmir,02-01-2011,14131.43239
1168,Anantnag,6,1,Jammu and Kashmir,02-01-2011,13472.4499
1169,Badgam,4,1,Jammu and Kashmir,02-01-2011,13736.42737
1170,Baramula,2,1,Jammu and Kashmir,02-01-2011,13524.41976
1171,Data Not Available,99,99,Jammu and Kashmir,02-01-2011,13137.31604
1172,Doda,9,1,Jammu and Kashmir,02-01-2011,13358.21507
1173,Lohit,11,12,Arunanchal Pradesh,02-01-2011,14197.83038
1174,Lower Subansiri,5,12,Arunanchal Pradesh,02-01-2011,14233.5918
1175,Papum Pare,4,12,Arunanchal Pradesh,02-01-2011,14510.13499
1176,Tawang,1,12,Arunanchal Pradesh,02-01-2011,14004.42463
1177,Tirap,13,12,Arunanchal Pradesh,02-01-2011,14644.02175
1178,West Kameng,2,12,Arunanchal Pradesh,02-01-2011,14337.31319
1179,West Siang,7,12,Arunanchal Pradesh,02-01-2011,14296.70362
1180,Upper Siang,9,12,Arunanchal Pradesh,02-01-2011,14099.06785
1181,Upper Subansiri,6,12,Arunanchal Pradesh,02-01-2011,14135.68957
1182,Changlang,12,12,Arunanchal Pradesh,02-01-2011,14543.46046
1183,Dibang Valley,10,12,Arunanchal Pradesh,02-01-2011,13991.81566
1184,East Kameng,3,12,Arunanchal Pradesh,02-01-2011,14353.25668
1185,East Siang,8,12,Arunanchal Pradesh,02-01-2011,14613.43759
1186,Nicobars,2,35,Andaman & Nicobar Island,02-01-2011,14987.42438
1187,Andamans,1,35,Andaman & Nicobar Island,02-01-2011,15010.21514
1188,Lakshadweep,1,31,Lakshadweep,03-01-2011,15108.73113
1189,Chandigarh,1,4,Chandigarh,03-01-2011,15146.28561
1190,Dadra & Nagar Haveli,1,26,Dadara & Nagar Havelli,03-01-2011,15729.55385
1191,Data Not Available,99,99,Jammu and Kashmir,03-01-2011,13620.30608
1192,Srinagar,3,1,Jammu and Kashmir,03-01-2011,13935.95564
1193,Udhampur,10,1,Jammu and Kashmir,03-01-2011,14596.26426
1194,Anantnag,6,1,Jammu and Kashmir,03-01-2011,13937.21719
1195,Badgam,4,1,Jammu and Kashmir,03-01-2011,14224.92388
1196,Baramula,2,1,Jammu and Kashmir,03-01-2011,14005.76006
1197,Doda,9,1,Jammu and Kashmir,03-01-2011,13791.39488
1198,Jammu,13,1,Jammu and Kashmir,03-01-2011,14955.28555
1199,Kargil,8,1,Jammu and Kashmir,03-01-2011,13333.44846
1200,Kathua,14,1,Jammu and Kashmir,03-01-2011,14844.3923
1201,Leh (Ladakh),7,1,Jammu and Kashmir,03-01-2011,13757.08379
1202,Kupwara,1,1,Jammu and Kashmir,03-01-2011,14066.51225
1203,Punch,11,1,Jammu and Kashmir,03-01-2011,14513.13335
1204,Pulwama,5,1,Jammu and Kashmir,03-01-2011,14448.81172
1205,Rajauri,12,1,Jammu and Kashmir,03-01-2011,14760.64108
1206,Shimla,11,2,Himachal Pradesh,03-01-2011,14526.70286
1207,Sirmaur,10,2,Himachal Pradesh,03-01-2011,14918.48503
1208,Solan,9,2,Himachal Pradesh,03-01-2011,14942.8698
1209,Una,7,2,Himachal Pradesh,03-01-2011,14992.74716
1210,Bilaspur,8,2,Himachal Pradesh,03-01-2011,14910.73566
1211,Chamba,1,2,Himachal Pradesh,03-01-2011,14059.5154
1212,Hamirpur,6,2,Himachal Pradesh,03-01-2011,14941.68059
1213,Kangra,2,2,Himachal Pradesh,03-01-2011,14630.28822
1214,Kinnaur,12,2,Himachal Pradesh,03-01-2011,13627.51565
1215,Lahul & Spiti,3,2,Himachal Pradesh,03-01-2011,13318.15169
1216,Kullu,4,2,Himachal Pradesh,03-01-2011,13989.09713
1217,Mandi,5,2,Himachal Pradesh,03-01-2011,14763.17502
1218,Rupnagar,7,3,Punjab,03-01-2011,15000.10511
1219,Amritsar,2,3,Punjab,03-01-2011,14908.21013
1220,Firozpur,11,3,Punjab,03-01-2011,14939.13963
1221,Bathinda,14,3,Punjab,03-01-2011,14965.28159
1222,Gurdaspur,1,3,Punjab,03-01-2011,14930.02416
1223,Faridkot,13,3,Punjab,03-01-2011,14952.0481
1224,Fatehgarh Sahib,8,3,Punjab,03-01-2011,14949.68059
1225,Hoshiarpur,5,3,Punjab,03-01-2011,15014.88028
1226,Jalandhar,4,3,Punjab,03-01-2011,15012.62827
1227,Kapurthala,3,3,Punjab,03-01-2011,14981.28821
1228,Ludhiana,9,3,Punjab,03-01-2011,14953.0647
1229,Mansa,15,3,Punjab,03-01-2011,14952.17985
1230,Moga,10,3,Punjab,03-01-2011,14929.61039
1231,Muktsar,12,3,Punjab,03-01-2011,14943.42665
1232,Nawanshahr,6,3,Punjab,03-01-2011,14970.98003
1233,Patiala,17,3,Punjab,03-01-2011,14965.63061
1234,Sangrur,16,3,Punjab,03-01-2011,14921.60443
1235,Rudraprayag,3,5,Uttarakhand,03-01-2011,14388.05817
1236,Tehri Garhwal,4,5,Uttarakhand,03-01-2011,14656.74465
1237,Udham Singh Nagar,12,5,Uttarakhand,03-01-2011,15040.4271
1238,Uttarkashi,1,5,Uttarakhand,03-01-2011,13965.76353
1239,Bageshwar,8,5,Uttarakhand,03-01-2011,14538.38827
1240,Almora,9,5,Uttarakhand,03-01-2011,14904.68976
1241,Chamoli,2,5,Uttarakhand,03-01-2011,13983.88932
1242,Champawat,10,5,Uttarakhand,03-01-2011,14878.25256
1243,Dehradun,5,5,Uttarakhand,03-01-2011,14906.19317
1244,Garhwal,6,5,Uttarakhand,03-01-2011,14903.04873
1245,Hardwar,13,5,Uttarakhand,03-01-2011,15091.52696
1246,Nainital,11,5,Uttarakhand,03-01-2011,14958.68853
1247,Pithoragarh,7,5,Uttarakhand,03-01-2011,14087.68109
1248,Rohtak,14,6,Haryana,03-01-2011,15020.61294
1249,Sirsa,11,6,Haryana,03-01-2011,15016.48878
1250,Sonipat,8,6,Haryana,03-01-2011,15006.6656
1251,Yamunanagar,3,6,Haryana,03-01-2011,15040.52872
1252,Jhajjar,15,6,Haryana,03-01-2011,15105.13033
1253,Mahendragarh,16,6,Haryana,03-01-2011,15218.53808
1254,Rewari,17,6,Haryana,03-01-2011,15182.54149
1255,Bhiwani,13,6,Haryana,03-01-2011,15165.54013
1256,Ambala,2,6,Haryana,03-01-2011,15029.30321
1257,Gurgaon,18,6,Haryana,03-01-2011,15157.12595
1258,Faridabad,19,6,Haryana,03-01-2011,15061.43744
1259,Fatehabad,10,6,Haryana,03-01-2011,14954.17941
1260,Hisar,12,6,Haryana,03-01-2011,15050.75134
1261,Jind,9,6,Haryana,03-01-2011,14937.70122
1262,Kaithal,5,6,Haryana,03-01-2011,14940.27023
1263,Karnal,6,6,Haryana,03-01-2011,14968.33229
1264,Kurukshetra,4,6,Haryana,03-01-2011,14987.4915
1265,Panchkula,1,6,Haryana,03-01-2011,15086.26013
1266,Panipat,7,6,Haryana,03-01-2011,14987.27398
1267,Central,6,7,Delhi  & NCR,03-01-2011,15213.2795
1268,East,4,7,Delhi  & NCR,03-01-2011,15209.193
1269,New Delhi,5,7,Delhi  & NCR,03-01-2011,15152.15697
1270,North,2,7,Delhi  & NCR,03-01-2011,15182.31581
1271,North East,3,7,Delhi  & NCR,03-01-2011,15199.77643
1272,North West,1,7,Delhi  & NCR,03-01-2011,15146.72028
1273,South,9,7,Delhi  & NCR,03-01-2011,15194.02242
1274,South West,8,7,Delhi  & NCR,03-01-2011,15201.61238
1275,West,7,7,Delhi  & NCR,03-01-2011,15226.96593
1276,Sirohi,19,8,Rajasthan,03-01-2011,15631.34024
1277,Tonk,22,8,Rajasthan,03-01-2011,15525.04485
1278,Sikar,13,8,Rajasthan,03-01-2011,15431.29439
1279,Alwar,6,8,Rajasthan,03-01-2011,15262.35596
1280,Udaipur,26,8,Rajasthan,03-01-2011,15632.3645
1281,Ganganagar,1,8,Rajasthan,03-01-2011,15326.24862
1282,Hanumangarh,2,8,Rajasthan,03-01-2011,15344.90349
1283,Baran,31,8,Rajasthan,03-01-2011,15651.22582
1284,Ajmer,21,8,Rajasthan,03-01-2011,15551.25067
1285,Banswara,28,8,Rajasthan,03-01-2011,15732.81576
1286,Barmer,17,8,Rajasthan,03-01-2011,15845.8494
1287,Bhilwara,24,8,Rajasthan,03-01-2011,15592.56005
1288,Bikaner,3,8,Rajasthan,03-01-2011,15740.60576
1289,Bharatpur,7,8,Rajasthan,03-01-2011,15296.15919
1290,Bundi,23,8,Rajasthan,03-01-2011,15484.79258
1291,Chittaurgarh,29,8,Rajasthan,03-01-2011,15646.19252
1292,Churu,4,8,Rajasthan,03-01-2011,15643.38585
1293,Dausa,11,8,Rajasthan,03-01-2011,15330.96651
1294,Dhaulpur,8,8,Rajasthan,03-01-2011,15406.30836
1295,Dungarpur,27,8,Rajasthan,03-01-2011,15733.2705
1296,Karauli,9,8,Rajasthan,03-01-2011,15464.82501
1297,Jaipur,12,8,Rajasthan,03-01-2011,15397.87478
1298,Jaisalmer,16,8,Rajasthan,03-01-2011,15843.47316
1299,Jalor,18,8,Rajasthan,03-01-2011,15754.42502
1300,Jhalawar,32,8,Rajasthan,03-01-2011,15782.31096
1301,Jhunjhunun,5,8,Rajasthan,03-01-2011,15356.41049
1302,Jodhpur,15,8,Rajasthan,03-01-2011,15774.57099
1303,Kota,30,8,Rajasthan,03-01-2011,15553.36022
1304,Nagaur,14,8,Rajasthan,03-01-2011,15665.35511
1305,Pali,20,8,Rajasthan,03-01-2011,15724.63974
1306,Rajsamand,25,8,Rajasthan,03-01-2011,15529.93031
1307,Sawai Madhopur,10,8,Rajasthan,03-01-2011,15463.57246
1308,Shrawasti,51,9,Uttar Pradesh,03-01-2011,15131.56477
1309,Saharanpur,1,9,Uttar Pradesh,03-01-2011,15051.76909
1310,Sitapur,24,9,Uttar Pradesh,03-01-2011,15175.50468
1311,Sultanpur,49,9,Uttar Pradesh,03-01-2011,15210.21966
1312,Sonbhadra,70,9,Uttar Pradesh,03-01-2011,15529.2774
1313,Siddharthnagar,54,9,Uttar Pradesh,03-01-2011,15088.82837
1314,Unnao,26,9,Uttar Pradesh,03-01-2011,15144.4284
1315,Varanasi,67,9,Uttar Pradesh,03-01-2011,15225.08431
1316,Bulandshahr,11,9,Uttar Pradesh,03-01-2011,15021.36499
1317,Gautam Buddha Nagar,10,9,Uttar Pradesh,03-01-2011,15069.84849
1318,Ghaziabad,9,9,Uttar Pradesh,03-01-2011,15058.85852
1319,Auraiya,32,9,Uttar Pradesh,03-01-2011,15149.20521
1320,Azamgarh,61,9,Uttar Pradesh,03-01-2011,15172.33834
1321,Budaun,19,9,Uttar Pradesh,03-01-2011,15042.96104
1322,Agra,15,9,Uttar Pradesh,03-01-2011,15252.43204
1323,Aligarh,12,9,Uttar Pradesh,03-01-2011,15067.91447
1324,Allahabad,45,9,Uttar Pradesh,03-01-2011,15320.11683
1325,Ambedkar Nagar,48,9,Uttar Pradesh,03-01-2011,15112.35536
1326,Bareilly,20,9,Uttar Pradesh,03-01-2011,15060.39692
1327,Bijnor,3,9,Uttar Pradesh,03-01-2011,15109.3484
1328,Basti,55,9,Uttar Pradesh,03-01-2011,15119.18223
1329,Baghpat,8,9,Uttar Pradesh,03-01-2011,15037.80941
1330,Bahraich,50,9,Uttar Pradesh,03-01-2011,15136.72665
1331,Ballia,63,9,Uttar Pradesh,03-01-2011,15173.84893
1332,Balrampur,52,9,Uttar Pradesh,03-01-2011,15201.0003
1333,Banda,40,9,Uttar Pradesh,03-01-2011,15471.55951
1334,Barabanki,46,9,Uttar Pradesh,03-01-2011,15147.44199
1335,Chitrakoot,41,9,Uttar Pradesh,03-01-2011,15539.79839
1336,Chandauli,66,9,Uttar Pradesh,03-01-2011,15301.64432
1337,Deoria,60,9,Uttar Pradesh,03-01-2011,15086.08438
1338,Etah,17,9,Uttar Pradesh,03-01-2011,15075.23323
1339,Kanpur Dehat,33,9,Uttar Pradesh,03-01-2011,15211.69169
1340,Etawah,31,9,Uttar Pradesh,03-01-2011,15191.14198
1341,Faizabad,47,9,Uttar Pradesh,03-01-2011,15146.8178
1342,Ghazipur,65,9,Uttar Pradesh,03-01-2011,15205.25406
1343,Gonda,53,9,Uttar Pradesh,03-01-2011,15145.95173
1344,Gorakhpur,58,9,Uttar Pradesh,03-01-2011,15063.54088
1345,Farrukhabad,29,9,Uttar Pradesh,03-01-2011,15126.56685
1346,Fatehpur,42,9,Uttar Pradesh,03-01-2011,15279.52331
1347,Firozabad,16,9,Uttar Pradesh,03-01-2011,15214.70617
1348,Hamirpur,38,9,Uttar Pradesh,03-01-2011,15482.43416
1349,Hardoi,25,9,Uttar Pradesh,03-01-2011,15098.42003
1350,Hathras,13,9,Uttar Pradesh,03-01-2011,15179.68971
1351,Jalaun,35,9,Uttar Pradesh,03-01-2011,15320.66088
1352,Jaunpur,64,9,Uttar Pradesh,03-01-2011,15230.75241
1353,Jhansi,36,9,Uttar Pradesh,03-01-2011,15488.36211
1354,Jyotiba Phule Nagar,6,9,Uttar Pradesh,03-01-2011,15069.95439
1355,Kannauj,30,9,Uttar Pradesh,03-01-2011,15181.12189
1356,Kanpur Nagar,34,9,Uttar Pradesh,03-01-2011,15225.36311
1357,Kaushambi,44,9,Uttar Pradesh,03-01-2011,15287.94801
1358,Kheri,23,9,Uttar Pradesh,03-01-2011,15183.61935
1359,Mirzapur,69,9,Uttar Pradesh,03-01-2011,15452.82861
1360,Moradabad,4,9,Uttar Pradesh,03-01-2011,15041.94945
1361,Muzaffarnagar,2,9,Uttar Pradesh,03-01-2011,15052.66959
1362,Rae Bareli,28,9,Uttar Pradesh,03-01-2011,15178.39682
1363,Kushinagar,59,9,Uttar Pradesh,03-01-2011,15078.63477
1364,Lucknow,27,9,Uttar Pradesh,03-01-2011,15184.10676
1365,Lalitpur,37,9,Uttar Pradesh,03-01-2011,15490.94102
1366,Mahrajganj,57,9,Uttar Pradesh,03-01-2011,15052.9729
1367,Mahoba,39,9,Uttar Pradesh,03-01-2011,15615.65174
1368,Mainpuri,18,9,Uttar Pradesh,03-01-2011,15117.15212
1369,Mathura,14,9,Uttar Pradesh,03-01-2011,15128.06072
1370,Mau,62,9,Uttar Pradesh,03-01-2011,15143.18179
1371,Meerut,7,9,Uttar Pradesh,03-01-2011,15075.97339
1372,Pilibhit,21,9,Uttar Pradesh,03-01-2011,15087.08015
1373,Pratapgarh,43,9,Uttar Pradesh,03-01-2011,15233.88702
1374,Rampur,5,9,Uttar Pradesh,03-01-2011,14995.91372
1375,Sant Ravidas Nagar Bhadohi,68,9,Uttar Pradesh,03-01-2011,15214.38777
1376,Sant Kabir Nagar,56,9,Uttar Pradesh,03-01-2011,15070.84844
1377,Shahjahanpur,22,9,Uttar Pradesh,03-01-2011,15080.90075
1378,Sheikhpura,26,10,Bihar,03-01-2011,15384.84006
1379,Sheohar,3,10,Bihar,03-01-2011,15107.40581
1380,Saharsa,12,10,Bihar,03-01-2011,15118.19368
1381,Sitamarhi,4,10,Bihar,03-01-2011,15111.75794
1382,Siwan,16,10,Bihar,03-01-2011,15136.52845
1383,Supaul,6,10,Bihar,03-01-2011,15148.35687
1384,Vaishali,18,10,Bihar,03-01-2011,15185.65966
1385,Kaimur (Bhabua),31,10,Bihar,03-01-2011,15387.04446
1386,Gaya,35,10,Bihar,03-01-2011,15498.1248
1387,Bhojpur,29,10,Bihar,03-01-2011,15265.30008
1388,Buxar,30,10,Bihar,03-01-2011,15230.34246
1389,Jehanabad,33,10,Bihar,03-01-2011,15363.07841
1390,Rohtas,32,10,Bihar,03-01-2011,15296.34279
1391,Araria,7,10,Bihar,03-01-2011,15121.27493
1392,Aurangabad,34,10,Bihar,03-01-2011,15448.90397
1393,Banka,23,10,Bihar,03-01-2011,15448.58611
1394,Bhagalpur,22,10,Bihar,03-01-2011,15234.25788
1395,Begusarai,20,10,Bihar,03-01-2011,15174.19105
1396,Saran,17,10,Bihar,03-01-2011,15159.10332
1397,Katihar,10,10,Bihar,03-01-2011,15123.1579
1398,Darbhanga,13,10,Bihar,03-01-2011,15150.17093
1399,Gopalganj,15,10,Bihar,03-01-2011,15100.53499
1400,Jamui,37,10,Bihar,03-01-2011,15465.58625
1401,Kishanganj,8,10,Bihar,03-01-2011,15220.60465
1402,Muzaffarpur,14,10,Bihar,03-01-2011,15135.17285
1403,Purnia,9,10,Bihar,03-01-2011,15167.60153
1404,Khagaria,21,10,Bihar,03-01-2011,15070.18936
1405,Madhubani,5,10,Bihar,03-01-2011,15167.77957
1406,Lakhisarai,25,10,Bihar,03-01-2011,15356.29927
1407,Madhepura,11,10,Bihar,03-01-2011,15150.53546
1408,Purba Champaran,2,10,Bihar,03-01-2011,15116.53851
1409,Munger,24,10,Bihar,03-01-2011,15308.59165
1410,Nalanda,27,10,Bihar,03-01-2011,15342.74456
1411,Nawada,36,10,Bihar,03-01-2011,15384.87328
1412,Pashchim Champaran,1,10,Bihar,03-01-2011,15152.03948
1413,Patna,28,10,Bihar,03-01-2011,15297.67418
1414,Samastipur,19,10,Bihar,03-01-2011,15160.668
1415,South,3,11,Sikkim,03-01-2011,14646.72907
1416,West,2,11,Sikkim,03-01-2011,14408.57077
1417,East,4,11,Sikkim,03-01-2011,14533.4986
1418,North,1,11,Sikkim,03-01-2011,13850.95794
1419,Tawang,1,12,Arunanchal Pradesh,03-01-2011,14044.95721
1420,Tirap,13,12,Arunanchal Pradesh,03-01-2011,14786.18269
1421,West Kameng,2,12,Arunanchal Pradesh,03-01-2011,14486.15126
1422,West Siang,7,12,Arunanchal Pradesh,03-01-2011,14381.37135
1423,Upper Siang,9,12,Arunanchal Pradesh,03-01-2011,14161.65144
1424,Upper Subansiri,6,12,Arunanchal Pradesh,03-01-2011,14242.80154
1425,Changlang,12,12,Arunanchal Pradesh,03-01-2011,14647.24776
1426,Dibang Valley,10,12,Arunanchal Pradesh,03-01-2011,14063.17147
1427,East Kameng,3,12,Arunanchal Pradesh,03-01-2011,14468.22496
1428,East Siang,8,12,Arunanchal Pradesh,03-01-2011,14676.8193
1429,Lohit,11,12,Arunanchal Pradesh,03-01-2011,14275.23866
1430,Lower Subansiri,5,12,Arunanchal Pradesh,03-01-2011,14346.53852
1431,Papum Pare,4,12,Arunanchal Pradesh,03-01-2011,14648.28891
1432,Tuensang,2,13,Nagaland,03-01-2011,14795.98615
1433,Wokha,5,13,Nagaland,03-01-2011,14947.64498
1434,Zunheboto,4,13,Nagaland,03-01-2011,14829.71037
1435,Dimapur,6,13,Nagaland,03-01-2011,15125.0679
1436,Kohima,7,13,Nagaland,03-01-2011,14903.4154
1437,Mokokchung,3,13,Nagaland,03-01-2011,14910.72853
1438,Mon,1,13,Nagaland,03-01-2011,14914.20966
1439,Phek,8,13,Nagaland,03-01-2011,14792.77011
1440,Tamenglong,2,14,Manipur,03-01-2011,14865.40024
1441,Thoubal,5,14,Manipur,03-01-2011,15100.65867
1442,Ukhrul,8,14,Manipur,03-01-2011,14876.65944
1443,Bishnupur,4,14,Manipur,03-01-2011,15000.52328
1444,Chandel,9,14,Manipur,03-01-2011,14959.21282
1445,Churachandpur,3,14,Manipur,03-01-2011,14935.73141
1446,Imphal East,7,14,Manipur,03-01-2011,15112.81609
1447,Imphal West,6,14,Manipur,03-01-2011,15000.84326
1448,Senapati (Excl. 3 sub-divisions),1,14,Manipur,03-01-2011,14873.15103
1449,Aizawl,3,15,Mizoram,03-01-2011,15007.24676
1450,Champhai,4,15,Mizoram,03-01-2011,14958.52248
1451,Kolasib,2,15,Mizoram,03-01-2011,15011.05938
1452,Mamit,1,15,Mizoram,03-01-2011,15040.04925
1453,Lunglei,6,15,Mizoram,03-01-2011,15018.1103
1454,Lawngtlai,7,15,Mizoram,03-01-2011,15069.99388
1455,Saiha,8,15,Mizoram,03-01-2011,14986.12723
1456,Serchhip,5,15,Mizoram,03-01-2011,14994.663
1457,South Tripura,2,16,Tripura,03-01-2011,15190.15981
1458,West Tripura,1,16,Tripura,03-01-2011,15205.93043
1459,Dhalai,3,16,Tripura,03-01-2011,15137.46558
1460,North Tripura,4,16,Tripura,03-01-2011,15130.04087
1461,Ri Bhoi,5,17,Meghalaya,03-01-2011,15020.8372
1462,South Garo Hills,3,17,Meghalaya,03-01-2011,15023.97974
1463,West Garo Hills,1,17,Meghalaya,03-01-2011,15123.83791
1464,West Khasi Hills,4,17,Meghalaya,03-01-2011,14943.80014
1465,East Garo Hills,2,17,Meghalaya,03-01-2011,15098.11558
1466,East Khasi Hills,6,17,Meghalaya,03-01-2011,14908.98789
1467,Jaintia Hills,7,17,Meghalaya,03-01-2011,14965.22735
1468,Sonitpur,11,18,Assam,03-01-2011,15104.93969
1469,Sibsagar,16,18,Assam,03-01-2011,15038.2628
1470,Tinsukia,14,18,Assam,03-01-2011,14928.73496
1471,Barpeta,5,18,Assam,03-01-2011,15105.06503
1472,Bongaigaon,4,18,Assam,03-01-2011,15077.24672
1473,Cachar,21,18,Assam,03-01-2011,15093.1704
1474,Darrang,8,18,Assam,03-01-2011,15075.57499
1475,Dhemaji,13,18,Assam,03-01-2011,15017.00326
1476,Dhubri,2,18,Assam,03-01-2011,15111.2026
1477,Dibrugarh,15,18,Assam,03-01-2011,14998.42706
1478,Kamrup,6,18,Assam,03-01-2011,15076.98676
1479,Karbi Anglong,19,18,Assam,03-01-2011,15003.17835
1480,Goalpara,3,18,Assam,03-01-2011,15148.91388
1481,Golaghat,18,18,Assam,03-01-2011,15102.92614
1482,Hailakandi,23,18,Assam,03-01-2011,15119.29214
1483,Jorhat,17,18,Assam,03-01-2011,15051.84483
1484,Karimganj,22,18,Assam,03-01-2011,15137.93296
1485,Kokrajhar,1,18,Assam,03-01-2011,15121.72848
1486,Lakhimpur,12,18,Assam,03-01-2011,15078.84577
1487,Nagaon,10,18,Assam,03-01-2011,15105.86101
1488,Marigaon,9,18,Assam,03-01-2011,15056.16416
1489,Nalbari,7,18,Assam,03-01-2011,15096.00261
1490,North Cachar Hills,20,18,Assam,03-01-2011,15005.89575
1491,South  Twenty Four Parganas,18,19,West Bengal,03-01-2011,15218.41819
1492,Uttar Dinajpur,4,19,West Bengal,03-01-2011,15137.4167
1493,Barddhaman,9,19,West Bengal,03-01-2011,15291.3488
1494,Birbhum,8,19,West Bengal,03-01-2011,15289.47001
1495,Bankura,13,19,West Bengal,03-01-2011,15421.74744
1496,Dakshin Dinajpur,5,19,West Bengal,03-01-2011,15166.7041
1497,Darjiling,1,19,West Bengal,03-01-2011,14927.32295
1498,Haora,16,19,West Bengal,03-01-2011,15177.45522
1499,Hugli,12,19,West Bengal,03-01-2011,15259.4349
1500,Jalpaiguri,2,19,West Bengal,03-01-2011,15127.23866
1501,Koch Bihar,3,19,West Bengal,03-01-2011,15100.42026
1502,Murshidabad,7,19,West Bengal,03-01-2011,15209.33581
1503,Puruliya,14,19,West Bengal,03-01-2011,15475.5318
1504,Kolkata,17,19,West Bengal,03-01-2011,15361.87325
1505,Maldah,6,19,West Bengal,03-01-2011,15191.09044
1506,Nadia,10,19,West Bengal,03-01-2011,15235.24242
1507,North Twenty Four Parganas,11,19,West Bengal,03-01-2011,15163.18857
1508,Medinipur,15,19,West Bengal,03-01-2011,15293.18037
1509,Ranchi,14,20,Jharkhand,03-01-2011,15483.78781
1510,Sahibganj,9,20,Jharkhand,03-01-2011,15361.28226
1511,Garhwa,1,20,Jharkhand,03-01-2011,15587.82258
1512,Palamu,2,20,Jharkhand,03-01-2011,15561.86534
1513,Chatra,3,20,Jharkhand,03-01-2011,15565.64231
1514,Hazaribagh,4,20,Jharkhand,03-01-2011,15502.86652
1515,Kodarma,5,20,Jharkhand,03-01-2011,15505.39379
1516,Bokaro,13,20,Jharkhand,03-01-2011,15515.63092
1517,Deoghar,7,20,Jharkhand,03-01-2011,15491.05565
1518,Dhanbad,12,20,Jharkhand,03-01-2011,15502.36486
1519,Dumka,11,20,Jharkhand,03-01-2011,15492.5662
1520,Giridih,6,20,Jharkhand,03-01-2011,15503.07887
1521,Godda,8,20,Jharkhand,03-01-2011,15438.66621
1522,Gumla,16,20,Jharkhand,03-01-2011,15493.75581
1523,Purbi Singhbhum,18,20,Jharkhand,03-01-2011,15470.80373
1524,Lohardaga,15,20,Jharkhand,03-01-2011,15404.62626
1525,Pakaur,10,20,Jharkhand,03-01-2011,15493.37238
1526,Pashchimi Singhbhum,17,20,Jharkhand,03-01-2011,15464.41801
1527,Rayagada,27,21,Orissa,03-01-2011,15402.25649
1528,Sundargarh,5,21,Orissa,03-01-2011,15505.1865
1529,Sonapur,23,21,Orissa,03-01-2011,15458.40937
1530,Anugul,15,21,Orissa,03-01-2011,15441.23247
1531,Bhadrak,9,21,Orissa,03-01-2011,15419.87498
1532,Baudh,22,21,Orissa,03-01-2011,15475.83007
1533,Balangir,24,21,Orissa,03-01-2011,15564.11141
1534,Baleshwar,8,21,Orissa,03-01-2011,15308.48013
1535,Bargarh,1,21,Orissa,03-01-2011,15456.30945
1536,Kendrapara,10,21,Orissa,03-01-2011,15338.09559
1537,Kendujhar,6,21,Orissa,03-01-2011,15446.84999
1538,Debagarh,4,21,Orissa,03-01-2011,15456.862
1539,Cuttack,12,21,Orissa,03-01-2011,15395.4947
1540,Dhenkanal,14,21,Orissa,03-01-2011,15419.4425
1541,Kalahandi,26,21,Orissa,03-01-2011,15481.99269
1542,Ganjam,19,21,Orissa,03-01-2011,15423.42333
1543,Gajapati,20,21,Orissa,03-01-2011,15356.69756
1544,Jajapur,13,21,Orissa,03-01-2011,15418.95909
1545,Jagatsinghapur,11,21,Orissa,03-01-2011,15382.14395
1546,Jharsuguda,2,21,Orissa,03-01-2011,15459.66406
1547,Khordha,17,21,Orissa,03-01-2011,15405.18445
1548,Mayurbhanj,7,21,Orissa,03-01-2011,15409.13972
1549,Puri,18,21,Orissa,03-01-2011,15302.11296
1550,Koraput,29,21,Orissa,03-01-2011,15477.93584
1551,Malkangiri,30,21,Orissa,03-01-2011,15451.8819
1552,Nabarangapur,28,21,Orissa,03-01-2011,15552.95934
1553,Nayagarh,16,21,Orissa,03-01-2011,15397.07337
1554,Nuapada,25,21,Orissa,03-01-2011,15563.54329
1555,Kandhamal,21,21,Orissa,03-01-2011,15378.83204
1556,Sambalpur,3,21,Orissa,03-01-2011,15463.60866
1557,Surguja,2,22,Chhattisgarh,03-01-2011,15501.84945
1558,Bilaspur,7,22,Chhattisgarh,03-01-2011,15538.639
1559,Janjgir - Champa,6,22,Chhattisgarh,03-01-2011,15540.41702
1560,Korba,5,22,Chhattisgarh,03-01-2011,15457.73026
1561,Kawardha,8,22,Chhattisgarh,03-01-2011,15626.28326
1562,Bastar,15,22,Chhattisgarh,03-01-2011,15439.84411
1563,Dantewada,16,22,Chhattisgarh,03-01-2011,15406.37807
1564,Dhamtari,13,22,Chhattisgarh,03-01-2011,15377.54493
1565,Durg,10,22,Chhattisgarh,03-01-2011,15563.32301
1566,Kanker,14,22,Chhattisgarh,03-01-2011,15432.73653
1567,Jashpur,3,22,Chhattisgarh,03-01-2011,15463.02214
1568,Koriya,1,22,Chhattisgarh,03-01-2011,15519.56264
1569,Mahasamund,12,22,Chhattisgarh,03-01-2011,15555.25287
1570,Raigarh,4,22,Chhattisgarh,03-01-2011,15494.41414
1571,Raipur,11,22,Chhattisgarh,03-01-2011,15523.95146
1572,Rajnandgaon,9,22,Chhattisgarh,03-01-2011,15553.74957
1573,Shajapur,22,23,Madhya Pradesh,03-01-2011,15769.35358
1574,Shivpuri,6,23,Madhya Pradesh,03-01-2011,15591.28842
1575,Ratlam,20,23,Madhya Pradesh,03-01-2011,15852.11473
1576,Rewa,14,23,Madhya Pradesh,03-01-2011,15579.86991
1577,Sagar,11,23,Madhya Pradesh,03-01-2011,15674.80337
1578,Sidhi,17,23,Madhya Pradesh,03-01-2011,15556.22339
1579,Ujjain,21,23,Madhya Pradesh,03-01-2011,15733.21761
1580,Vidisha,31,23,Madhya Pradesh,03-01-2011,15616.93453
1581,West Nimar,27,23,Madhya Pradesh,03-01-2011,15801.58142
1582,Morena,2,23,Madhya Pradesh,03-01-2011,15384.42917
1583,Sheopur,1,23,Madhya Pradesh,03-01-2011,15591.42145
1584,Dindori,41,23,Madhya Pradesh,03-01-2011,15626.06017
1585,Mandla,42,23,Madhya Pradesh,03-01-2011,15596.86511
1586,Shahdol,16,23,Madhya Pradesh,03-01-2011,15586.2278
1587,Umaria,15,23,Madhya Pradesh,03-01-2011,15543.49173
1588,Bhind,3,23,Madhya Pradesh,03-01-2011,15388.06894
1589,Bhopal,32,23,Madhya Pradesh,03-01-2011,15621.4541
1590,Barwani,28,23,Madhya Pradesh,03-01-2011,15877.34049
1591,Betul,35,23,Madhya Pradesh,03-01-2011,15657.44596
1592,Balaghat,45,23,Madhya Pradesh,03-01-2011,15453.89765
1593,Chhatarpur,9,23,Madhya Pradesh,03-01-2011,15596.46344
1594,Chhindwara,43,23,Madhya Pradesh,03-01-2011,15668.21507
1595,Dewas,23,23,Madhya Pradesh,03-01-2011,15706.92427
1596,Katni,38,23,Madhya Pradesh,03-01-2011,15587.95966
1597,Datia,5,23,Madhya Pradesh,03-01-2011,15310.28352
1598,Damoh,12,23,Madhya Pradesh,03-01-2011,15681.04806
1599,Dhar,25,23,Madhya Pradesh,03-01-2011,15786.54592
1600,East Nimar,29,23,Madhya Pradesh,03-01-2011,15758.30673
1601,Guna,7,23,Madhya Pradesh,03-01-2011,15647.544
1602,Gwalior,4,23,Madhya Pradesh,03-01-2011,15420.92344
1603,Harda,36,23,Madhya Pradesh,03-01-2011,15553.87521
1604,Hoshangabad,37,23,Madhya Pradesh,03-01-2011,15429.72832
1605,Indore,26,23,Madhya Pradesh,03-01-2011,15608.76342
1606,Jabalpur,39,23,Madhya Pradesh,03-01-2011,15534.86423
1607,Jhabua,24,23,Madhya Pradesh,03-01-2011,15866.46645
1608,Mandsaur,19,23,Madhya Pradesh,03-01-2011,15793.63116
1609,Tikamgarh,8,23,Madhya Pradesh,03-01-2011,15592.47164
1610,Narsimhapur,40,23,Madhya Pradesh,03-01-2011,15644.36561
1611,Neemuch,18,23,Madhya Pradesh,03-01-2011,15681.69386
1612,Panna,10,23,Madhya Pradesh,03-01-2011,15656.41096
1613,Raisen,34,23,Madhya Pradesh,03-01-2011,15624.99539
1614,Rajgarh,30,23,Madhya Pradesh,03-01-2011,15798.73424
1615,Satna,13,23,Madhya Pradesh,03-01-2011,15557.63764
1616,Sehore,33,23,Madhya Pradesh,03-01-2011,15668.55157
1617,Seoni,44,23,Madhya Pradesh,03-01-2011,15636.68322
1618,Sabar Kantha,5,24,Gujarat,03-01-2011,15609.38624
1619,Surendranagar,8,24,Gujarat,03-01-2011,15764.97406
1620,The Dangs,23,24,Gujarat,03-01-2011,15729.12753
1621,Vadodara,19,24,Gujarat,03-01-2011,15633.15608
1622,Valsad,25,24,Gujarat,03-01-2011,15663.41662
1623,Bharuch,21,24,Gujarat,03-01-2011,15687.32905
1624,Surat,22,24,Gujarat,03-01-2011,15632.25068
1625,Anand,15,24,Gujarat,03-01-2011,15497.19826
1626,Ahmadabad,7,24,Gujarat,03-01-2011,15711.5709
1627,Amreli,13,24,Gujarat,03-01-2011,15807.53637
1628,Bhavnagar,14,24,Gujarat,03-01-2011,15822.64188
1629,Banas Kantha,2,24,Gujarat,03-01-2011,15630.26366
1630,Dohad,18,24,Gujarat,03-01-2011,15762.62999
1631,Junagadh,12,24,Gujarat,03-01-2011,15703.96086
1632,Kachchh,1,24,Gujarat,03-01-2011,15667.21033
1633,Gandhinagar,6,24,Gujarat,03-01-2011,15583.73054
1634,Jamnagar,10,24,Gujarat,03-01-2011,15691.53196
1635,Kheda,16,24,Gujarat,03-01-2011,15597.39966
1636,Mahesana,4,24,Gujarat,03-01-2011,15578.41369
1637,Narmada,20,24,Gujarat,03-01-2011,15761.00426
1638,Navsari,24,24,Gujarat,03-01-2011,15567.02235
1639,Panch Mahals,17,24,Gujarat,03-01-2011,15656.21386
1640,Patan,3,24,Gujarat,03-01-2011,15686.94746
1641,Porbandar,11,24,Gujarat,03-01-2011,15657.84694
1642,Rajkot,9,24,Gujarat,03-01-2011,15743.22981
1643,Daman,2,25,Daman & Diu,03-01-2011,15459.11206
1644,Diu,1,25,Daman & Diu,03-01-2011,15378.02869
1645,Ratnagiri,32,27,Maharashtra,03-01-2011,15582.16651
1646,Raigarh,24,27,Maharashtra,03-01-2011,15657.96209
1647,Thane,21,27,Maharashtra,03-01-2011,15755.42832
1648,Solapur,30,27,Maharashtra,03-01-2011,15800.72196
1649,Sindhudurg,33,27,Maharashtra,03-01-2011,15490.3092
1650,Wardha,8,27,Maharashtra,03-01-2011,15752.43348
1651,Washim,6,27,Maharashtra,03-01-2011,15853.31108
1652,Yavatmal,14,27,Maharashtra,03-01-2011,15754.73173
1653,Aurangabad,19,27,Maharashtra,03-01-2011,15721.51238
1654,Ahmadnagar,26,27,Maharashtra,03-01-2011,15733.44592
1655,Akola,5,27,Maharashtra,03-01-2011,15874.52539
1656,Amravati,7,27,Maharashtra,03-01-2011,15787.08089
1657,Bid,27,27,Maharashtra,03-01-2011,15783.18204
1658,Bhandara,10,27,Maharashtra,03-01-2011,15544.67198
1659,Buldana,4,27,Maharashtra,03-01-2011,15835.29727
1660,Chandrapur,13,27,Maharashtra,03-01-2011,15599.29183
1661,Dhule,2,27,Maharashtra,03-01-2011,15878.22207
1662,Gadchiroli,12,27,Maharashtra,03-01-2011,15427.20769
1663,Gondiya,11,27,Maharashtra,03-01-2011,15488.85849
1664,Hingoli,16,27,Maharashtra,03-01-2011,15763.33815
1665,Jalgaon,3,27,Maharashtra,03-01-2011,15779.39688
1666,Jalna,18,27,Maharashtra,03-01-2011,15797.78155
1667,Kolhapur,34,27,Maharashtra,03-01-2011,15594.85856
1668,Latur,28,27,Maharashtra,03-01-2011,15800.07445
1669,Pune,25,27,Maharashtra,03-01-2011,15664.99829
1670,Nagpur,9,27,Maharashtra,03-01-2011,15654.18859
1671,Mumbai,23,27,Maharashtra,03-01-2011,15429.70014
1672,Mumbai (Suburban),22,27,Maharashtra,03-01-2011,15509.54417
1673,Nanded,15,27,Maharashtra,03-01-2011,15742.7571
1674,Nandurbar,1,27,Maharashtra,03-01-2011,15823.20586
1675,Nashik,20,27,Maharashtra,03-01-2011,15758.449
1676,Osmanabad,29,27,Maharashtra,03-01-2011,15827.1606
1677,Parbhani,17,27,Maharashtra,03-01-2011,15769.39277
1678,Sangli,35,27,Maharashtra,03-01-2011,15824.36325
1679,Satara,31,27,Maharashtra,03-01-2011,15703.85636
1680,Rangareddi,6,28,Andhra Pradesh,03-01-2011,15698.88469
1681,Srikakulam,11,28,Andhra Pradesh,03-01-2011,15441.85908
1682,West Godavari,15,28,Andhra Pradesh,03-01-2011,15252.21285
1683,Visakhapatnam,13,28,Andhra Pradesh,03-01-2011,15402.2273
1684,Vizianagaram,12,28,Andhra Pradesh,03-01-2011,15444.47136
1685,Warangal,9,28,Andhra Pradesh,03-01-2011,15486.45934
1686,Anantapur,22,28,Andhra Pradesh,03-01-2011,15806.19119
1687,Adilabad,1,28,Andhra Pradesh,03-01-2011,15598.39536
1688,Chittoor,23,28,Andhra Pradesh,03-01-2011,15561.54072
1689,Cuddapah,20,28,Andhra Pradesh,03-01-2011,15680.77721
1690,East Godavari,14,28,Andhra Pradesh,03-01-2011,15280.88665
1691,Karimnagar,3,28,Andhra Pradesh,03-01-2011,15428.00323
1692,Guntur,17,28,Andhra Pradesh,03-01-2011,15411.27259
1693,Hyderabad,5,28,Andhra Pradesh,03-01-2011,15532.01938
1694,Khammam,10,28,Andhra Pradesh,03-01-2011,15428.22683
1695,Medak,4,28,Andhra Pradesh,03-01-2011,15650.33516
1696,Krishna,16,28,Andhra Pradesh,03-01-2011,15341.55605
1697,Kurnool,21,28,Andhra Pradesh,03-01-2011,15764.29342
1698,Mahbubnagar,7,28,Andhra Pradesh,03-01-2011,15720.89711
1699,Nalgonda,8,28,Andhra Pradesh,03-01-2011,15515.7005
1700,Nellore,19,28,Andhra Pradesh,03-01-2011,15474.81149
1701,Nizamabad,2,28,Andhra Pradesh,03-01-2011,15519.36621
1702,Prakasam,18,28,Andhra Pradesh,03-01-2011,15558.5444
1703,Shimoga,15,29,Karnataka,03-01-2011,15414.21315
1704,Tumkur,18,29,Karnataka,03-01-2011,15655.99974
1705,Udupi,16,29,Karnataka,03-01-2011,15330.18291
1706,Uttara Kannada,10,29,Karnataka,03-01-2011,15308.42056
1707,Bagalkot,2,29,Karnataka,03-01-2011,15746.72272
1708,Bangalore,20,29,Karnataka,03-01-2011,15567.21295
1709,Bidar,5,29,Karnataka,03-01-2011,15841.40517
1710,Bijapur,3,29,Karnataka,03-01-2011,15900.75013
1711,Belgaum,1,29,Karnataka,03-01-2011,15691.74382
1712,Bellary,12,29,Karnataka,03-01-2011,15679.39301
1713,Bangalore Rural,21,29,Karnataka,03-01-2011,15606.05821
1714,Chamarajanagar,27,29,Karnataka,03-01-2011,15516.09014
1715,Chikmagalur,17,29,Karnataka,03-01-2011,15378.719
1716,Chitradurga,13,29,Karnataka,03-01-2011,15741.20158
1717,Dakshina Kannada,24,29,Karnataka,03-01-2011,15307.57089
1718,Davanagere,14,29,Karnataka,03-01-2011,15607.37805
1719,Dharwad,9,29,Karnataka,03-01-2011,15771.21432
1720,Gulbarga,4,29,Karnataka,03-01-2011,15832.60393
1721,Gadag,8,29,Karnataka,03-01-2011,15840.19463
1722,Hassan,23,29,Karnataka,03-01-2011,15468.04628
1723,Haveri,11,29,Karnataka,03-01-2011,15716.01659
1724,Kodagu,25,29,Karnataka,03-01-2011,15180.42795
1725,Kolar,19,29,Karnataka,03-01-2011,15665.63878
1726,Mandya,22,29,Karnataka,03-01-2011,15470.74688
1727,Koppal,7,29,Karnataka,03-01-2011,15742.53875
1728,Mysore,26,29,Karnataka,03-01-2011,15574.12115
1729,Raichur,6,29,Karnataka,03-01-2011,15685.87158
1730,South Goa,2,30,Goa,03-01-2011,15337.15058
1731,North Goa,1,30,Goa,03-01-2011,15393.81712
1732,Thrissur,7,32,Kerala,03-01-2011,15275.13852
1733,Thiruvananthapuram,14,32,Kerala,03-01-2011,15254.31073
1734,Wayanad,3,32,Kerala,03-01-2011,15197.64453
1735,Alappuzha,11,32,Kerala,03-01-2011,15241.01068
1736,Kasaragod,1,32,Kerala,03-01-2011,15376.06158
1737,Kannur,2,32,Kerala,03-01-2011,15343.42194
1738,Ernakulam,8,32,Kerala,03-01-2011,15289.5602
1739,Idukki,9,32,Kerala,03-01-2011,15098.45242
1740,Kollam,13,32,Kerala,03-01-2011,15238.57691
1741,Kottayam,10,32,Kerala,03-01-2011,15250.97855
1742,Kozhikode,4,32,Kerala,03-01-2011,15265.57238
1743,Malappuram,5,32,Kerala,03-01-2011,15271.9794
1744,Palakkad,6,32,Kerala,03-01-2011,15257.43926
1745,Pathanamthitta,12,32,Kerala,03-01-2011,15173.03257
1746,Sivaganga,23,33,Tamil Nadu,03-01-2011,15501.46622
1747,Tiruchirappalli,15,33,Tamil Nadu,03-01-2011,15534.99384
1748,Tirunelveli,29,33,Tamil Nadu,03-01-2011,15468.89759
1749,Tiruvannamalai,6,33,Tamil Nadu,03-01-2011,15415.85775
1750,Thoothukkudi,28,33,Tamil Nadu,03-01-2011,15583.76285
1751,Theni,25,33,Tamil Nadu,03-01-2011,15371.03304
1752,Vellore,4,33,Tamil Nadu,03-01-2011,15468.93316
1753,Viluppuram,7,33,Tamil Nadu,03-01-2011,15429.41998
1754,Virudhunagar,26,33,Tamil Nadu,03-01-2011,15590.10076
1755,Chennai,2,33,Tamil Nadu,03-01-2011,15443.60027
1756,Kancheepuram,3,33,Tamil Nadu,03-01-2011,15380.87354
1757,Thiruvallur,1,33,Tamil Nadu,03-01-2011,15426.92075
1758,Thanjavur,21,33,Tamil Nadu,03-01-2011,15413.8062
1759,Thiruvarur,20,33,Tamil Nadu,03-01-2011,15390.19253
1760,Nagapattinam,19,33,Tamil Nadu,03-01-2011,15364.07307
1761,Ariyalur,17,33,Tamil Nadu,03-01-2011,15460.29523
1762,Coimbatore,12,33,Tamil Nadu,03-01-2011,15449.59548
1763,Cuddalore,18,33,Tamil Nadu,03-01-2011,15426.12591
1764,Dharmapuri,5,33,Tamil Nadu,03-01-2011,15519.18034
1765,Dindigul,13,33,Tamil Nadu,03-01-2011,15432.72418
1766,Erode,10,33,Tamil Nadu,03-01-2011,15507.95187
1767,Kanniyakumari,30,33,Tamil Nadu,03-01-2011,15262.05081
1768,Karur,14,33,Tamil Nadu,03-01-2011,15648.67323
1769,Madurai,24,33,Tamil Nadu,03-01-2011,15506.85876
1770,Namakkal,9,33,Tamil Nadu,03-01-2011,15594.00153
1771,The Nilgiris,11,33,Tamil Nadu,03-01-2011,15126.44498
1772,Perambalur,16,33,Tamil Nadu,03-01-2011,15567.52542
1773,Pudukkottai,22,33,Tamil Nadu,03-01-2011,15488.30218
1774,Ramanathapuram,27,33,Tamil Nadu,03-01-2011,15484.66424
1775,Salem,8,33,Tamil Nadu,03-01-2011,15504.99687
1776,Yanam,1,34,Puducherry,03-01-2011,15226.70889
1777,Karaikal,4,34,Puducherry,03-01-2011,15349.86265
1778,Mahe,3,34,Puducherry,03-01-2011,15276.48368
1779,Pondicherry,2,34,Puducherry,03-01-2011,15365.95356
1780,Nicobars,2,35,Andaman & Nicobar Island,03-01-2011,15016.34236
1781,Andamans,1,35,Andaman & Nicobar Island,03-01-2011,15023.59614
1782,Chandigarh,1,4,Chandigarh,04-01-2011,15453.58972
1783,Dadra & Nagar Haveli,1,26,Dadara & Nagar Havelli,04-01-2011,15754.15996
1784,Lakshadweep,1,31,Lakshadweep,04-01-2011,15104.11598
1785,Data Not Available,99,99,Jammu and Kashmir,04-01-2011,13993.84319
1786,Anantnag,6,1,Jammu and Kashmir,04-01-2011,14210.65454
1787,Badgam,4,1,Jammu and Kashmir,04-01-2011,14497.44871
1788,Baramula,2,1,Jammu and Kashmir,04-01-2011,14289.42871
1789,Doda,9,1,Jammu and Kashmir,04-01-2011,14092.78717
1790,Srinagar,3,1,Jammu and Kashmir,04-01-2011,14207.30608
1791,Udhampur,10,1,Jammu and Kashmir,04-01-2011,14838.76854
1792,Jammu,13,1,Jammu and Kashmir,04-01-2011,15277.16278
1793,Kargil,8,1,Jammu and Kashmir,04-01-2011,13779.95913
1794,Kathua,14,1,Jammu and Kashmir,04-01-2011,15103.91874
1795,Leh (Ladakh),7,1,Jammu and Kashmir,04-01-2011,14142.63536
1796,Kupwara,1,1,Jammu and Kashmir,04-01-2011,14454.23529
1797,Punch,11,1,Jammu and Kashmir,04-01-2011,14746.68169
1798,Pulwama,5,1,Jammu and Kashmir,04-01-2011,14732.97573
1799,Rajauri,12,1,Jammu and Kashmir,04-01-2011,14989.20628
1800,Bilaspur,8,2,Himachal Pradesh,04-01-2011,15121.62931
1801,Chamba,1,2,Himachal Pradesh,04-01-2011,14295.46546
1802,Hamirpur,6,2,Himachal Pradesh,04-01-2011,15132.61385
1803,Shimla,11,2,Himachal Pradesh,04-01-2011,14658.95846
1804,Sirmaur,10,2,Himachal Pradesh,04-01-2011,15142.40115
1805,Solan,9,2,Himachal Pradesh,04-01-2011,15188.38468
1806,Una,7,2,Himachal Pradesh,04-01-2011,15200.11124
1807,Kangra,2,2,Himachal Pradesh,04-01-2011,14826.35146
1808,Kinnaur,12,2,Himachal Pradesh,04-01-2011,13929.57311
1809,Lahul & Spiti,3,2,Himachal Pradesh,04-01-2011,13643.56839
1810,Kullu,4,2,Himachal Pradesh,04-01-2011,14169.55599
1811,Mandi,5,2,Himachal Pradesh,04-01-2011,14888.84292
1812,Hoshiarpur,5,3,Punjab,04-01-2011,15297.44088
1813,Amritsar,2,3,Punjab,04-01-2011,15251.51303
1814,Firozpur,11,3,Punjab,04-01-2011,15350.04374
1815,Bathinda,14,3,Punjab,04-01-2011,15439.78304
1816,Gurdaspur,1,3,Punjab,04-01-2011,15272.16618
1817,Faridkot,13,3,Punjab,04-01-2011,15413.2058
1818,Fatehgarh Sahib,8,3,Punjab,04-01-2011,15354.8216
1819,Rupnagar,7,3,Punjab,04-01-2011,15329.66729
1820,Jalandhar,4,3,Punjab,04-01-2011,15334.66602
1821,Kapurthala,3,3,Punjab,04-01-2011,15316.40967
1822,Ludhiana,9,3,Punjab,04-01-2011,15345.56795
1823,Mansa,15,3,Punjab,04-01-2011,15427.77359
1824,Moga,10,3,Punjab,04-01-2011,15378.87905
1825,Muktsar,12,3,Punjab,04-01-2011,15396.11801
1826,Nawanshahr,6,3,Punjab,04-01-2011,15307.39546
1827,Patiala,17,3,Punjab,04-01-2011,15398.70633
1828,Sangrur,16,3,Punjab,04-01-2011,15394.35541
1829,Hardwar,13,5,Uttarakhand,04-01-2011,15353.16302
1830,Bageshwar,8,5,Uttarakhand,04-01-2011,14712.37741
1831,Almora,9,5,Uttarakhand,04-01-2011,15083.99417
1832,Chamoli,2,5,Uttarakhand,04-01-2011,14185.89375
1833,Champawat,10,5,Uttarakhand,04-01-2011,15086.24051
1834,Dehradun,5,5,Uttarakhand,04-01-2011,15139.91005
1835,Garhwal,6,5,Uttarakhand,04-01-2011,15126.14572
1836,Rudraprayag,3,5,Uttarakhand,04-01-2011,14545.61863
1837,Tehri Garhwal,4,5,Uttarakhand,04-01-2011,14829.67693
1838,Udham Singh Nagar,12,5,Uttarakhand,04-01-2011,15334.95818
1839,Uttarkashi,1,5,Uttarakhand,04-01-2011,14149.3953
1840,Nainital,11,5,Uttarakhand,04-01-2011,15187.73924
1841,Pithoragarh,7,5,Uttarakhand,04-01-2011,14297.90471
1842,Hisar,12,6,Haryana,04-01-2011,15493.67727
1843,Ambala,2,6,Haryana,04-01-2011,15390.40796
1844,Gurgaon,18,6,Haryana,04-01-2011,15620.29027
1845,Faridabad,19,6,Haryana,04-01-2011,15514.98787
1846,Fatehabad,10,6,Haryana,04-01-2011,15440.10678
1847,Rohtak,14,6,Haryana,04-01-2011,15443.95897
1848,Sirsa,11,6,Haryana,04-01-2011,15527.34223
1849,Sonipat,8,6,Haryana,04-01-2011,15406.73522
1850,Yamunanagar,3,6,Haryana,04-01-2011,15342.59658
1851,Jhajjar,15,6,Haryana,04-01-2011,15581.56799
1852,Mahendragarh,16,6,Haryana,04-01-2011,15737.52468
1853,Rewari,17,6,Haryana,04-01-2011,15713.70309
1854,Bhiwani,13,6,Haryana,04-01-2011,15706.59355
1855,Jind,9,6,Haryana,04-01-2011,15400.73174
1856,Kaithal,5,6,Haryana,04-01-2011,15408.94497
1857,Karnal,6,6,Haryana,04-01-2011,15371.51961
1858,Kurukshetra,4,6,Haryana,04-01-2011,15349.60967
1859,Panchkula,1,6,Haryana,04-01-2011,15399.90108
1860,Panipat,7,6,Haryana,04-01-2011,15392.51159
1861,Central,6,7,Delhi  & NCR,04-01-2011,15419.76234
1862,East,4,7,Delhi  & NCR,04-01-2011,15420.84666
1863,New Delhi,5,7,Delhi  & NCR,04-01-2011,15364.58758
1864,North,2,7,Delhi  & NCR,04-01-2011,15389.5379
1865,North East,3,7,Delhi  & NCR,04-01-2011,15435.46514
1866,North West,1,7,Delhi  & NCR,04-01-2011,15460.61912
1867,South,9,7,Delhi  & NCR,04-01-2011,15424.81669
1868,South West,8,7,Delhi  & NCR,04-01-2011,15532.80244
1869,West,7,7,Delhi  & NCR,04-01-2011,15464.97228
1870,Ajmer,21,8,Rajasthan,04-01-2011,15895.7747
1871,Banswara,28,8,Rajasthan,04-01-2011,15995.12431
1872,Barmer,17,8,Rajasthan,04-01-2011,16090.3053
1873,Bhilwara,24,8,Rajasthan,04-01-2011,15883.54809
1874,Bikaner,3,8,Rajasthan,04-01-2011,16095.11197
1875,Bharatpur,7,8,Rajasthan,04-01-2011,15743.29561
1876,Bundi,23,8,Rajasthan,04-01-2011,15824.0656
1877,Chittaurgarh,29,8,Rajasthan,04-01-2011,15896.73544
1878,Churu,4,8,Rajasthan,04-01-2011,15981.71263
1879,Dausa,11,8,Rajasthan,04-01-2011,15793.75944
1880,Dhaulpur,8,8,Rajasthan,04-01-2011,15767.18952
1881,Dungarpur,27,8,Rajasthan,04-01-2011,15992.22509
1882,Karauli,9,8,Rajasthan,04-01-2011,15813.14283
1883,Sirohi,19,8,Rajasthan,04-01-2011,15894.35662
1884,Tonk,22,8,Rajasthan,04-01-2011,15883.34579
1885,Sikar,13,8,Rajasthan,04-01-2011,15857.77388
1886,Alwar,6,8,Rajasthan,04-01-2011,15710.997
1887,Udaipur,26,8,Rajasthan,04-01-2011,15879.74532
1888,Ganganagar,1,8,Rajasthan,04-01-2011,15778.88477
1889,Hanumangarh,2,8,Rajasthan,04-01-2011,15789.44986
1890,Baran,31,8,Rajasthan,04-01-2011,15933.99598
1891,Jaipur,12,8,Rajasthan,04-01-2011,15815.46639
1892,Jaisalmer,16,8,Rajasthan,04-01-2011,16175.32536
1893,Jalor,18,8,Rajasthan,04-01-2011,16023.928
1894,Jhalawar,32,8,Rajasthan,04-01-2011,16004.7221
1895,Jhunjhunun,5,8,Rajasthan,04-01-2011,15856.37141
1896,Jodhpur,15,8,Rajasthan,04-01-2011,16056.64553
1897,Kota,30,8,Rajasthan,04-01-2011,15886.72787
1898,Nagaur,14,8,Rajasthan,04-01-2011,15988.58918
1899,Pali,20,8,Rajasthan,04-01-2011,16005.77649
1900,Rajsamand,25,8,Rajasthan,04-01-2011,15803.79725
1901,Sawai Madhopur,10,8,Rajasthan,04-01-2011,15837.2573
1902,Hathras,13,9,Uttar Pradesh,04-01-2011,15575.73656
1903,Auraiya,32,9,Uttar Pradesh,04-01-2011,15582.64696
1904,Azamgarh,61,9,Uttar Pradesh,04-01-2011,15560.83656
1905,Budaun,19,9,Uttar Pradesh,04-01-2011,15384.59378
1906,Agra,15,9,Uttar Pradesh,04-01-2011,15666.56555
1907,Aligarh,12,9,Uttar Pradesh,04-01-2011,15496.20331
1908,Allahabad,45,9,Uttar Pradesh,04-01-2011,15711.66632
1909,Ambedkar Nagar,48,9,Uttar Pradesh,04-01-2011,15518.10453
1910,Bareilly,20,9,Uttar Pradesh,04-01-2011,15381.61535
1911,Bijnor,3,9,Uttar Pradesh,04-01-2011,15412.89272
1912,Basti,55,9,Uttar Pradesh,04-01-2011,15504.53589
1913,Baghpat,8,9,Uttar Pradesh,04-01-2011,15294.92404
1914,Bahraich,50,9,Uttar Pradesh,04-01-2011,15442.51414
1915,Ballia,63,9,Uttar Pradesh,04-01-2011,15559.19515
1916,Balrampur,52,9,Uttar Pradesh,04-01-2011,15527.8215
1917,Banda,40,9,Uttar Pradesh,04-01-2011,15827.56669
1918,Barabanki,46,9,Uttar Pradesh,04-01-2011,15447.00166
1919,Chitrakoot,41,9,Uttar Pradesh,04-01-2011,15832.48162
1920,Chandauli,66,9,Uttar Pradesh,04-01-2011,15649.94154
1921,Deoria,60,9,Uttar Pradesh,04-01-2011,15487.50804
1922,Etah,17,9,Uttar Pradesh,04-01-2011,15502.69178
1923,Kanpur Dehat,33,9,Uttar Pradesh,04-01-2011,15604.7459
1924,Etawah,31,9,Uttar Pradesh,04-01-2011,15580.64868
1925,Faizabad,47,9,Uttar Pradesh,04-01-2011,15531.86703
1926,Ghazipur,65,9,Uttar Pradesh,04-01-2011,15585.89077
1927,Gonda,53,9,Uttar Pradesh,04-01-2011,15495.59871
1928,Gorakhpur,58,9,Uttar Pradesh,04-01-2011,15489.84987
1929,Farrukhabad,29,9,Uttar Pradesh,04-01-2011,15498.5243
1930,Fatehpur,42,9,Uttar Pradesh,04-01-2011,15656.50804
1931,Firozabad,16,9,Uttar Pradesh,04-01-2011,15590.73606
1932,Hamirpur,38,9,Uttar Pradesh,04-01-2011,15808.74277
1933,Hardoi,25,9,Uttar Pradesh,04-01-2011,15510.17732
1934,Shrawasti,51,9,Uttar Pradesh,04-01-2011,15470.95176
1935,Saharanpur,1,9,Uttar Pradesh,04-01-2011,15289.95281
1936,Sitapur,24,9,Uttar Pradesh,04-01-2011,15470.23185
1937,Sultanpur,49,9,Uttar Pradesh,04-01-2011,15579.25822
1938,Sonbhadra,70,9,Uttar Pradesh,04-01-2011,15739.98029
1939,Siddharthnagar,54,9,Uttar Pradesh,04-01-2011,15514.00556
1940,Unnao,26,9,Uttar Pradesh,04-01-2011,15552.73559
1941,Varanasi,67,9,Uttar Pradesh,04-01-2011,15581.7173
1942,Bulandshahr,11,9,Uttar Pradesh,04-01-2011,15390.04327
1943,Gautam Buddha Nagar,10,9,Uttar Pradesh,04-01-2011,15463.34152
1944,Ghaziabad,9,9,Uttar Pradesh,04-01-2011,15372.33122
1945,Jalaun,35,9,Uttar Pradesh,04-01-2011,15689.87975
1946,Jaunpur,64,9,Uttar Pradesh,04-01-2011,15600.84839
1947,Jhansi,36,9,Uttar Pradesh,04-01-2011,15789.23783
1948,Jyotiba Phule Nagar,6,9,Uttar Pradesh,04-01-2011,15352.3132
1949,Kannauj,30,9,Uttar Pradesh,04-01-2011,15561.34766
1950,Kanpur Nagar,34,9,Uttar Pradesh,04-01-2011,15594.55475
1951,Kaushambi,44,9,Uttar Pradesh,04-01-2011,15673.59139
1952,Kheri,23,9,Uttar Pradesh,04-01-2011,15473.38745
1953,Mirzapur,69,9,Uttar Pradesh,04-01-2011,15720.2501
1954,Moradabad,4,9,Uttar Pradesh,04-01-2011,15353.03557
1955,Muzaffarnagar,2,9,Uttar Pradesh,04-01-2011,15303.90543
1956,Rae Bareli,28,9,Uttar Pradesh,04-01-2011,15550.74961
1957,Kushinagar,59,9,Uttar Pradesh,04-01-2011,15423.43634
1958,Lucknow,27,9,Uttar Pradesh,04-01-2011,15505.70542
1959,Lalitpur,37,9,Uttar Pradesh,04-01-2011,15807.53546
1960,Mahrajganj,57,9,Uttar Pradesh,04-01-2011,15454.6687
1961,Mahoba,39,9,Uttar Pradesh,04-01-2011,15855.80259
1962,Mainpuri,18,9,Uttar Pradesh,04-01-2011,15531.35151
1963,Mathura,14,9,Uttar Pradesh,04-01-2011,15598.9398
1964,Mau,62,9,Uttar Pradesh,04-01-2011,15543.49486
1965,Meerut,7,9,Uttar Pradesh,04-01-2011,15328.54105
1966,Pilibhit,21,9,Uttar Pradesh,04-01-2011,15400.32759
1967,Pratapgarh,43,9,Uttar Pradesh,04-01-2011,15619.47267
1968,Rampur,5,9,Uttar Pradesh,04-01-2011,15287.61303
1969,Sant Ravidas Nagar Bhadohi,68,9,Uttar Pradesh,04-01-2011,15643.3832
1970,Sant Kabir Nagar,56,9,Uttar Pradesh,04-01-2011,15490.55618
1971,Shahjahanpur,22,9,Uttar Pradesh,04-01-2011,15472.82801
1972,Araria,7,10,Bihar,04-01-2011,15252.47476
1973,Aurangabad,34,10,Bihar,04-01-2011,15666.06651
1974,Banka,23,10,Bihar,04-01-2011,15528.55762
1975,Bhagalpur,22,10,Bihar,04-01-2011,15377.71454
1976,Begusarai,20,10,Bihar,04-01-2011,15441.55518
1977,Saran,17,10,Bihar,04-01-2011,15442.36842
1978,Katihar,10,10,Bihar,04-01-2011,15219.48732
1979,Darbhanga,13,10,Bihar,04-01-2011,15362.61404
1980,Gopalganj,15,10,Bihar,04-01-2011,15421.34304
1981,Sheikhpura,26,10,Bihar,04-01-2011,15651.16269
1982,Sheohar,3,10,Bihar,04-01-2011,15473.94925
1983,Saharsa,12,10,Bihar,04-01-2011,15299.3472
1984,Sitamarhi,4,10,Bihar,04-01-2011,15398.70275
1985,Siwan,16,10,Bihar,04-01-2011,15465.07438
1986,Supaul,6,10,Bihar,04-01-2011,15266.6358
1987,Vaishali,18,10,Bihar,04-01-2011,15424.7473
1988,Kaimur (Bhabua),31,10,Bihar,04-01-2011,15705.45851
1989,Gaya,35,10,Bihar,04-01-2011,15662.00546
1990,Bhojpur,29,10,Bihar,04-01-2011,15617.74837
1991,Buxar,30,10,Bihar,04-01-2011,15620.74873
1992,Jehanabad,33,10,Bihar,04-01-2011,15646.34723
1993,Rohtas,32,10,Bihar,04-01-2011,15643.34217
1994,Jamui,37,10,Bihar,04-01-2011,15567.30493
1995,Kishanganj,8,10,Bihar,04-01-2011,15175.35367
1996,Muzaffarpur,14,10,Bihar,04-01-2011,15375.16804
1997,Purnia,9,10,Bihar,04-01-2011,15251.11942
1998,Khagaria,21,10,Bihar,04-01-2011,15279.68048
1999,Madhubani,5,10,Bihar,04-01-2011,15329.69403
2000,Lakhisarai,25,10,Bihar,04-01-2011,15566.90969
2001,Madhepura,11,10,Bihar,04-01-2011,15301.0274
2002,Purba Champaran,2,10,Bihar,04-01-2011,15449.57696
2003,Munger,24,10,Bihar,04-01-2011,15479.49662
2004,Nalanda,27,10,Bihar,04-01-2011,15635.02614
2005,Nawada,36,10,Bihar,04-01-2011,15607.02194
2006,Pashchim Champaran,1,10,Bihar,04-01-2011,15468.01576
2007,Patna,28,10,Bihar,04-01-2011,15549.52829
2008,Samastipur,19,10,Bihar,04-01-2011,15365.67475
2009,East,4,11,Sikkim,04-01-2011,14518.69829
2010,South,3,11,Sikkim,04-01-2011,14687.61828
2011,West,2,11,Sikkim,04-01-2011,14410.60546
2012,North,1,11,Sikkim,04-01-2011,14031.34242
2013,Changlang,12,12,Arunanchal Pradesh,04-01-2011,14801.89988
2014,Dibang Valley,10,12,Arunanchal Pradesh,04-01-2011,14306.78084
2015,East Kameng,3,12,Arunanchal Pradesh,04-01-2011,14590.87542
2016,East Siang,8,12,Arunanchal Pradesh,04-01-2011,14886.37595
2017,Tawang,1,12,Arunanchal Pradesh,04-01-2011,14171.91016
2018,Tirap,13,12,Arunanchal Pradesh,04-01-2011,14907.76665
2019,West Kameng,2,12,Arunanchal Pradesh,04-01-2011,14563.85225
2020,West Siang,7,12,Arunanchal Pradesh,04-01-2011,14612.55701
2021,Upper Siang,9,12,Arunanchal Pradesh,04-01-2011,14455.29334
2022,Upper Subansiri,6,12,Arunanchal Pradesh,04-01-2011,14464.94192
2023,Lohit,11,12,Arunanchal Pradesh,04-01-2011,14479.03635
2024,Lower Subansiri,5,12,Arunanchal Pradesh,04-01-2011,14540.94746
2025,Papum Pare,4,12,Arunanchal Pradesh,04-01-2011,14744.77761
2026,Tuensang,2,13,Nagaland,04-01-2011,14897.28123
2027,Wokha,5,13,Nagaland,04-01-2011,14999.11329
2028,Zunheboto,4,13,Nagaland,04-01-2011,14921.10864
2029,Dimapur,6,13,Nagaland,04-01-2011,15134.02281
2030,Kohima,7,13,Nagaland,04-01-2011,14974.98442
2031,Mokokchung,3,13,Nagaland,04-01-2011,14988.11908
2032,Mon,1,13,Nagaland,04-01-2011,14991.36777
2033,Phek,8,13,Nagaland,04-01-2011,14947.6604
2034,Bishnupur,4,14,Manipur,04-01-2011,15066.12619
2035,Chandel,9,14,Manipur,04-01-2011,15078.12683
2036,Churachandpur,3,14,Manipur,04-01-2011,15004.1552
2037,Tamenglong,2,14,Manipur,04-01-2011,14940.08237
2038,Thoubal,5,14,Manipur,04-01-2011,15189.59267
2039,Ukhrul,8,14,Manipur,04-01-2011,15021.70342
2040,Imphal East,7,14,Manipur,04-01-2011,15218.02412
2041,Imphal West,6,14,Manipur,04-01-2011,15063.07431
2042,Senapati (Excl. 3 sub-divisions),1,14,Manipur,04-01-2011,14966.37094
2043,Aizawl,3,15,Mizoram,04-01-2011,15048.24085
2044,Champhai,4,15,Mizoram,04-01-2011,15004.88371
2045,Kolasib,2,15,Mizoram,04-01-2011,15070.85755
2046,Mamit,1,15,Mizoram,04-01-2011,15086.0942
2047,Lunglei,6,15,Mizoram,04-01-2011,15095.85634
2048,Lawngtlai,7,15,Mizoram,04-01-2011,15189.46826
2049,Saiha,8,15,Mizoram,04-01-2011,15076.46565
2050,Serchhip,5,15,Mizoram,04-01-2011,15060.52971
2051,Dhalai,3,16,Tripura,04-01-2011,15182.34774
2052,South Tripura,2,16,Tripura,04-01-2011,15215.94139
2053,West Tripura,1,16,Tripura,04-01-2011,15242.30173
2054,North Tripura,4,16,Tripura,04-01-2011,15177.44798
2055,East Garo Hills,2,17,Meghalaya,04-01-2011,15056.61297
2056,East Khasi Hills,6,17,Meghalaya,04-01-2011,14916.7428
2057,Ri Bhoi,5,17,Meghalaya,04-01-2011,15068.96592
2058,South Garo Hills,3,17,Meghalaya,04-01-2011,15064.85083
2059,West Garo Hills,1,17,Meghalaya,04-01-2011,15096.32967
2060,West Khasi Hills,4,17,Meghalaya,04-01-2011,14972.23212
2061,Jaintia Hills,7,17,Meghalaya,04-01-2011,14947.89457
2062,Barpeta,5,18,Assam,04-01-2011,15088.80768
2063,Bongaigaon,4,18,Assam,04-01-2011,15066.81847
2064,Cachar,21,18,Assam,04-01-2011,15101.71509
2065,Darrang,8,18,Assam,04-01-2011,15095.22563
2066,Dhemaji,13,18,Assam,04-01-2011,15107.28297
2067,Dhubri,2,18,Assam,04-01-2011,15075.4184
2068,Dibrugarh,15,18,Assam,04-01-2011,15101.02131
2069,Kamrup,6,18,Assam,04-01-2011,15098.48323
2070,Karbi Anglong,19,18,Assam,04-01-2011,15043.62738
2071,Goalpara,3,18,Assam,04-01-2011,15083.39747
2072,Golaghat,18,18,Assam,04-01-2011,15124.77673
2073,Hailakandi,23,18,Assam,04-01-2011,15161.42202
2074,Sonitpur,11,18,Assam,04-01-2011,15145.43619
2075,Sibsagar,16,18,Assam,04-01-2011,15126.8729
2076,Tinsukia,14,18,Assam,04-01-2011,15070.68371
2077,Jorhat,17,18,Assam,04-01-2011,15106.23998
2078,Karimganj,22,18,Assam,04-01-2011,15178.25629
2079,Kokrajhar,1,18,Assam,04-01-2011,15078.35793
2080,Lakhimpur,12,18,Assam,04-01-2011,15128.44793
2081,Nagaon,10,18,Assam,04-01-2011,15169.20357
2082,Marigaon,9,18,Assam,04-01-2011,15101.78042
2083,Nalbari,7,18,Assam,04-01-2011,15107.44135
2084,North Cachar Hills,20,18,Assam,04-01-2011,15055.9681
2085,Hugli,12,19,West Bengal,04-01-2011,15261.63574
2086,Barddhaman,9,19,West Bengal,04-01-2011,15327.71481
2087,Birbhum,8,19,West Bengal,04-01-2011,15313.36602
2088,Bankura,13,19,West Bengal,04-01-2011,15414.13119
2089,Dakshin Dinajpur,5,19,West Bengal,04-01-2011,15212.31948
2090,Darjiling,1,19,West Bengal,04-01-2011,14908.64917
2091,Haora,16,19,West Bengal,04-01-2011,15216.11006
2092,South  Twenty Four Parganas,18,19,West Bengal,04-01-2011,15272.13191
2093,Uttar Dinajpur,4,19,West Bengal,04-01-2011,15183.54384
2094,Jalpaiguri,2,19,West Bengal,04-01-2011,15066.23505
2095,Koch Bihar,3,19,West Bengal,04-01-2011,15063.58919
2096,Murshidabad,7,19,West Bengal,04-01-2011,15248.79477
2097,Puruliya,14,19,West Bengal,04-01-2011,15574.83927
2098,Kolkata,17,19,West Bengal,04-01-2011,15447.6403
2099,Maldah,6,19,West Bengal,04-01-2011,15263.50539
2100,Nadia,10,19,West Bengal,04-01-2011,15204.95431
2101,North Twenty Four Parganas,11,19,West Bengal,04-01-2011,15211.23424
2102,Medinipur,15,19,West Bengal,04-01-2011,15290.39294
2103,Bokaro,13,20,Jharkhand,04-01-2011,15603.03344
2104,Deoghar,7,20,Jharkhand,04-01-2011,15542.71984
2105,Dhanbad,12,20,Jharkhand,04-01-2011,15629.99071
2106,Dumka,11,20,Jharkhand,04-01-2011,15502.81072
2107,Giridih,6,20,Jharkhand,04-01-2011,15602.36011
2108,Godda,8,20,Jharkhand,04-01-2011,15524.51987
2109,Gumla,16,20,Jharkhand,04-01-2011,15504.20562
2110,Ranchi,14,20,Jharkhand,04-01-2011,15561.65676
2111,Sahibganj,9,20,Jharkhand,04-01-2011,15431.20655
2112,Garhwa,1,20,Jharkhand,04-01-2011,15751.18947
2113,Palamu,2,20,Jharkhand,04-01-2011,15698.00144
2114,Chatra,3,20,Jharkhand,04-01-2011,15675.70425
2115,Hazaribagh,4,20,Jharkhand,04-01-2011,15603.31758
2116,Kodarma,5,20,Jharkhand,04-01-2011,15594.06646
2117,Purbi Singhbhum,18,20,Jharkhand,04-01-2011,15471.98576
2118,Lohardaga,15,20,Jharkhand,04-01-2011,15502.97035
2119,Pakaur,10,20,Jharkhand,04-01-2011,15532.40969
2120,Pashchimi Singhbhum,17,20,Jharkhand,04-01-2011,15474.63429
2121,Anugul,15,21,Orissa,04-01-2011,15455.37687
2122,Bhadrak,9,21,Orissa,04-01-2011,15447.71592
2123,Baudh,22,21,Orissa,04-01-2011,15533.47827
2124,Balangir,24,21,Orissa,04-01-2011,15582.2944
2125,Baleshwar,8,21,Orissa,04-01-2011,15312.74903
2126,Bargarh,1,21,Orissa,04-01-2011,15434.2219
2127,Kendrapara,10,21,Orissa,04-01-2011,15425.52375
2128,Kendujhar,6,21,Orissa,04-01-2011,15376.09109
2129,Debagarh,4,21,Orissa,04-01-2011,15447.90289
2130,Cuttack,12,21,Orissa,04-01-2011,15494.70076
2131,Dhenkanal,14,21,Orissa,04-01-2011,15515.00433
2132,Kalahandi,26,21,Orissa,04-01-2011,15538.2773
2133,Ganjam,19,21,Orissa,04-01-2011,15451.00587
2134,Gajapati,20,21,Orissa,04-01-2011,15319.10953
2135,Rayagada,27,21,Orissa,04-01-2011,15396.62576
2136,Sundargarh,5,21,Orissa,04-01-2011,15532.96201
2137,Sonapur,23,21,Orissa,04-01-2011,15477.08427
2138,Jajapur,13,21,Orissa,04-01-2011,15465.13979
2139,Jagatsinghapur,11,21,Orissa,04-01-2011,15513.0012
2140,Jharsuguda,2,21,Orissa,04-01-2011,15510.8637
2141,Khordha,17,21,Orissa,04-01-2011,15494.3212
2142,Mayurbhanj,7,21,Orissa,04-01-2011,15358.57005
2143,Puri,18,21,Orissa,04-01-2011,15406.58003
2144,Koraput,29,21,Orissa,04-01-2011,15422.14092
2145,Malkangiri,30,21,Orissa,04-01-2011,15455.15675
2146,Nabarangapur,28,21,Orissa,04-01-2011,15534.9427
2147,Nayagarh,16,21,Orissa,04-01-2011,15443.53895
2148,Nuapada,25,21,Orissa,04-01-2011,15558.35379
2149,Kandhamal,21,21,Orissa,04-01-2011,15341.35892
2150,Sambalpur,3,21,Orissa,04-01-2011,15495.52259
2151,Bastar,15,22,Chhattisgarh,04-01-2011,15466.46802
2152,Dantewada,16,22,Chhattisgarh,04-01-2011,15487.67736
2153,Dhamtari,13,22,Chhattisgarh,04-01-2011,15428.03504
2154,Durg,10,22,Chhattisgarh,04-01-2011,15636.10113
2155,Kanker,14,22,Chhattisgarh,04-01-2011,15539.48135
2156,Surguja,2,22,Chhattisgarh,04-01-2011,15591.96393
2157,Bilaspur,7,22,Chhattisgarh,04-01-2011,15602.19208
2158,Janjgir - Champa,6,22,Chhattisgarh,04-01-2011,15586.46082
2159,Korba,5,22,Chhattisgarh,04-01-2011,15533.01353
2160,Kawardha,8,22,Chhattisgarh,04-01-2011,15672.56356
2161,Jashpur,3,22,Chhattisgarh,04-01-2011,15452.29351
2162,Koriya,1,22,Chhattisgarh,04-01-2011,15631.09746
2163,Mahasamund,12,22,Chhattisgarh,04-01-2011,15533.29144
2164,Raigarh,4,22,Chhattisgarh,04-01-2011,15533.58018
2165,Raipur,11,22,Chhattisgarh,04-01-2011,15560.1095
2166,Rajnandgaon,9,22,Chhattisgarh,04-01-2011,15661.88012
2167,Hoshangabad,37,23,Madhya Pradesh,04-01-2011,15773.95011
2168,Indore,26,23,Madhya Pradesh,04-01-2011,15874.75185
2169,Bhind,3,23,Madhya Pradesh,04-01-2011,15728.75063
2170,Bhopal,32,23,Madhya Pradesh,04-01-2011,15864.9606
2171,Barwani,28,23,Madhya Pradesh,04-01-2011,16021.61842
2172,Betul,35,23,Madhya Pradesh,04-01-2011,15819.84585
2173,Balaghat,45,23,Madhya Pradesh,04-01-2011,15597.12865
2174,Chhatarpur,9,23,Madhya Pradesh,04-01-2011,15867.3041
2175,Chhindwara,43,23,Madhya Pradesh,04-01-2011,15786.80309
2176,Dewas,23,23,Madhya Pradesh,04-01-2011,15948.86465
2177,Katni,38,23,Madhya Pradesh,04-01-2011,15793.03545
2178,Datia,5,23,Madhya Pradesh,04-01-2011,15680.08605
2179,Damoh,12,23,Madhya Pradesh,04-01-2011,15888.90773
2180,Dhar,25,23,Madhya Pradesh,04-01-2011,16004.4189
2181,East Nimar,29,23,Madhya Pradesh,04-01-2011,15930.27482
2182,Guna,7,23,Madhya Pradesh,04-01-2011,15913.88345
2183,Gwalior,4,23,Madhya Pradesh,04-01-2011,15700.8611
2184,Harda,36,23,Madhya Pradesh,04-01-2011,15877.52447
2185,Shajapur,22,23,Madhya Pradesh,04-01-2011,15999.79613
2186,Shivpuri,6,23,Madhya Pradesh,04-01-2011,15821.87353
2187,Ratlam,20,23,Madhya Pradesh,04-01-2011,16057.98326
2188,Rewa,14,23,Madhya Pradesh,04-01-2011,15846.18349
2189,Sagar,11,23,Madhya Pradesh,04-01-2011,15927.546
2190,Sidhi,17,23,Madhya Pradesh,04-01-2011,15787.45657
2191,Ujjain,21,23,Madhya Pradesh,04-01-2011,15979.34056
2192,Vidisha,31,23,Madhya Pradesh,04-01-2011,15905.95841
2193,West Nimar,27,23,Madhya Pradesh,04-01-2011,16011.56533
2194,Morena,2,23,Madhya Pradesh,04-01-2011,15729.12063
2195,Sheopur,1,23,Madhya Pradesh,04-01-2011,15866.15232
2196,Dindori,41,23,Madhya Pradesh,04-01-2011,15703.30537
2197,Mandla,42,23,Madhya Pradesh,04-01-2011,15743.60698
2198,Shahdol,16,23,Madhya Pradesh,04-01-2011,15724.07398
2199,Umaria,15,23,Madhya Pradesh,04-01-2011,15749.10416
2200,Jabalpur,39,23,Madhya Pradesh,04-01-2011,15758.42591
2201,Jhabua,24,23,Madhya Pradesh,04-01-2011,16005.45771
2202,Mandsaur,19,23,Madhya Pradesh,04-01-2011,16032.7244
2203,Tikamgarh,8,23,Madhya Pradesh,04-01-2011,15852.18084
2204,Narsimhapur,40,23,Madhya Pradesh,04-01-2011,15839.83129
2205,Neemuch,18,23,Madhya Pradesh,04-01-2011,15916.955
2206,Panna,10,23,Madhya Pradesh,04-01-2011,15874.58521
2207,Raisen,34,23,Madhya Pradesh,04-01-2011,15883.03624
2208,Rajgarh,30,23,Madhya Pradesh,04-01-2011,15998.19445
2209,Satna,13,23,Madhya Pradesh,04-01-2011,15802.81234
2210,Sehore,33,23,Madhya Pradesh,04-01-2011,15930.51961
2211,Seoni,44,23,Madhya Pradesh,04-01-2011,15719.4901
2212,Anand,15,24,Gujarat,04-01-2011,15681.73405
2213,Ahmadabad,7,24,Gujarat,04-01-2011,15907.98051
2214,Amreli,13,24,Gujarat,04-01-2011,15951.82524
2215,Bhavnagar,14,24,Gujarat,04-01-2011,15927.91432
2216,Banas Kantha,2,24,Gujarat,04-01-2011,15885.31664
2217,Dohad,18,24,Gujarat,04-01-2011,15918.92499
2218,Junagadh,12,24,Gujarat,04-01-2011,15815.33323
2219,Kachchh,1,24,Gujarat,04-01-2011,15861.33751
2220,Gandhinagar,6,24,Gujarat,04-01-2011,15794.47093
2221,Sabar Kantha,5,24,Gujarat,04-01-2011,15891.8038
2222,Surendranagar,8,24,Gujarat,04-01-2011,15960.87332
2223,The Dangs,23,24,Gujarat,04-01-2011,15823.08929
2224,Vadodara,19,24,Gujarat,04-01-2011,15752.81883
2225,Valsad,25,24,Gujarat,04-01-2011,15670.563
2226,Bharuch,21,24,Gujarat,04-01-2011,15750.20724
2227,Surat,22,24,Gujarat,04-01-2011,15661.71905
2228,Jamnagar,10,24,Gujarat,04-01-2011,15832.91161
2229,Kheda,16,24,Gujarat,04-01-2011,15789.65386
2230,Mahesana,4,24,Gujarat,04-01-2011,15855.32744
2231,Narmada,20,24,Gujarat,04-01-2011,15836.09154
2232,Navsari,24,24,Gujarat,04-01-2011,15572.53609
2233,Panch Mahals,17,24,Gujarat,04-01-2011,15822.21377
2234,Patan,3,24,Gujarat,04-01-2011,15958.32712
2235,Porbandar,11,24,Gujarat,04-01-2011,15772.90857
2236,Rajkot,9,24,Gujarat,04-01-2011,15929.64099
2237,Daman,2,25,Daman & Diu,04-01-2011,15462.45706
2238,Diu,1,25,Daman & Diu,04-01-2011,15428.55524
2239,Hingoli,16,27,Maharashtra,04-01-2011,15872.50603
2240,Aurangabad,19,27,Maharashtra,04-01-2011,15900.84753
2241,Ahmadnagar,26,27,Maharashtra,04-01-2011,15880.76123
2242,Akola,5,27,Maharashtra,04-01-2011,16015.2655
2243,Amravati,7,27,Maharashtra,04-01-2011,15914.3655
2244,Bid,27,27,Maharashtra,04-01-2011,15917.88253
2245,Bhandara,10,27,Maharashtra,04-01-2011,15654.45809
2246,Buldana,4,27,Maharashtra,04-01-2011,15988.00044
2247,Chandrapur,13,27,Maharashtra,04-01-2011,15710.23351
2248,Dhule,2,27,Maharashtra,04-01-2011,16009.52912
2249,Gadchiroli,12,27,Maharashtra,04-01-2011,15570.20041
2250,Gondiya,11,27,Maharashtra,04-01-2011,15612.10152
2251,Ratnagiri,32,27,Maharashtra,04-01-2011,15586.44025
2252,Raigarh,24,27,Maharashtra,04-01-2011,15677.72137
2253,Thane,21,27,Maharashtra,04-01-2011,15756.07147
2254,Solapur,30,27,Maharashtra,04-01-2011,15848.3019
2255,Sindhudurg,33,27,Maharashtra,04-01-2011,15502.27551
2256,Wardha,8,27,Maharashtra,04-01-2011,15856.24196
2257,Washim,6,27,Maharashtra,04-01-2011,15998.23219
2258,Yavatmal,14,27,Maharashtra,04-01-2011,15860.86285
2259,Jalgaon,3,27,Maharashtra,04-01-2011,15949.60206
2260,Jalna,18,27,Maharashtra,04-01-2011,15968.755
2261,Kolhapur,34,27,Maharashtra,04-01-2011,15587.17635
2262,Latur,28,27,Maharashtra,04-01-2011,15871.1492
2263,Pune,25,27,Maharashtra,04-01-2011,15792.48871
2264,Nagpur,9,27,Maharashtra,04-01-2011,15754.04542
2265,Mumbai,23,27,Maharashtra,04-01-2011,15387.93985
2266,Mumbai (Suburban),22,27,Maharashtra,04-01-2011,15445.96177
2267,Nanded,15,27,Maharashtra,04-01-2011,15845.04595
2268,Nandurbar,1,27,Maharashtra,04-01-2011,15933.37561
2269,Nashik,20,27,Maharashtra,04-01-2011,15916.11734
2270,Osmanabad,29,27,Maharashtra,04-01-2011,15897.87205
2271,Parbhani,17,27,Maharashtra,04-01-2011,15898.57264
2272,Sangli,35,27,Maharashtra,04-01-2011,15856.21919
2273,Satara,31,27,Maharashtra,04-01-2011,15800.77634
2274,Hyderabad,5,28,Andhra Pradesh,04-01-2011,15582.34174
2275,Anantapur,22,28,Andhra Pradesh,04-01-2011,15834.93581
2276,Adilabad,1,28,Andhra Pradesh,04-01-2011,15699.95513
2277,Chittoor,23,28,Andhra Pradesh,04-01-2011,15596.05969
2278,Cuddapah,20,28,Andhra Pradesh,04-01-2011,15742.07017
2279,East Godavari,14,28,Andhra Pradesh,04-01-2011,15295.36789
2280,Karimnagar,3,28,Andhra Pradesh,04-01-2011,15525.94594
2281,Guntur,17,28,Andhra Pradesh,04-01-2011,15485.89169
2282,Rangareddi,6,28,Andhra Pradesh,04-01-2011,15755.01989
2283,Srikakulam,11,28,Andhra Pradesh,04-01-2011,15482.49924
2284,West Godavari,15,28,Andhra Pradesh,04-01-2011,15311.0001
2285,Visakhapatnam,13,28,Andhra Pradesh,04-01-2011,15331.6638
2286,Vizianagaram,12,28,Andhra Pradesh,04-01-2011,15432.39994
2287,Warangal,9,28,Andhra Pradesh,04-01-2011,15565.36871
2288,Khammam,10,28,Andhra Pradesh,04-01-2011,15484.88723
2289,Medak,4,28,Andhra Pradesh,04-01-2011,15721.20883
2290,Krishna,16,28,Andhra Pradesh,04-01-2011,15409.66775
2291,Kurnool,21,28,Andhra Pradesh,04-01-2011,15829.95356
2292,Mahbubnagar,7,28,Andhra Pradesh,04-01-2011,15763.70885
2293,Nalgonda,8,28,Andhra Pradesh,04-01-2011,15598.16896
2294,Nellore,19,28,Andhra Pradesh,04-01-2011,15568.22336
2295,Nizamabad,2,28,Andhra Pradesh,04-01-2011,15612.6191
2296,Prakasam,18,28,Andhra Pradesh,04-01-2011,15634.17999
2297,Hassan,23,29,Karnataka,04-01-2011,15386.52149
2298,Haveri,11,29,Karnataka,04-01-2011,15637.58484
2299,Bagalkot,2,29,Karnataka,04-01-2011,15732.35921
2300,Bangalore,20,29,Karnataka,04-01-2011,15482.91583
2301,Bidar,5,29,Karnataka,04-01-2011,15891.11739
2302,Bijapur,3,29,Karnataka,04-01-2011,15886.20391
2303,Belgaum,1,29,Karnataka,04-01-2011,15689.81964
2304,Bellary,12,29,Karnataka,04-01-2011,15689.47753
2305,Bangalore Rural,21,29,Karnataka,04-01-2011,15520.08804
2306,Chamarajanagar,27,29,Karnataka,04-01-2011,15419.98716
2307,Chikmagalur,17,29,Karnataka,04-01-2011,15336.25035
2308,Chitradurga,13,29,Karnataka,04-01-2011,15752.60937
2309,Dakshina Kannada,24,29,Karnataka,04-01-2011,15255.32693
2310,Davanagere,14,29,Karnataka,04-01-2011,15562.28833
2311,Dharwad,9,29,Karnataka,04-01-2011,15743.44369
2312,Gulbarga,4,29,Karnataka,04-01-2011,15871.08744
2313,Gadag,8,29,Karnataka,04-01-2011,15803.21364
2314,Shimoga,15,29,Karnataka,04-01-2011,15340.52969
2315,Tumkur,18,29,Karnataka,04-01-2011,15592.21536
2316,Udupi,16,29,Karnataka,04-01-2011,15308.68778
2317,Uttara Kannada,10,29,Karnataka,04-01-2011,15273.83304
2318,Kodagu,25,29,Karnataka,04-01-2011,15141.0839
2319,Kolar,19,29,Karnataka,04-01-2011,15623.55224
2320,Mandya,22,29,Karnataka,04-01-2011,15403.55613
2321,Koppal,7,29,Karnataka,04-01-2011,15760.13335
2322,Mysore,26,29,Karnataka,04-01-2011,15511.19649
2323,Raichur,6,29,Karnataka,04-01-2011,15735.26475
2324,South Goa,2,30,Goa,04-01-2011,15315.30126
2325,North Goa,1,30,Goa,04-01-2011,15379.47535
2326,Idukki,9,32,Kerala,04-01-2011,15058.38791
2327,Alappuzha,11,32,Kerala,04-01-2011,15212.67324
2328,Kasaragod,1,32,Kerala,04-01-2011,15305.80449
2329,Kannur,2,32,Kerala,04-01-2011,15283.02479
2330,Ernakulam,8,32,Kerala,04-01-2011,15249.71392
2331,Thrissur,7,32,Kerala,04-01-2011,15256.39366
2332,Thiruvananthapuram,14,32,Kerala,04-01-2011,15191.48368
2333,Wayanad,3,32,Kerala,04-01-2011,15141.69909
2334,Kollam,13,32,Kerala,04-01-2011,15183.83743
2335,Kottayam,10,32,Kerala,04-01-2011,15201.50325
2336,Kozhikode,4,32,Kerala,04-01-2011,15248.47538
2337,Malappuram,5,32,Kerala,04-01-2011,15253.76168
2338,Palakkad,6,32,Kerala,04-01-2011,15262.71863
2339,Pathanamthitta,12,32,Kerala,04-01-2011,15121.91522
2340,Ariyalur,17,33,Tamil Nadu,04-01-2011,15552.68981
2341,Coimbatore,12,33,Tamil Nadu,04-01-2011,15393.56753
2342,Cuddalore,18,33,Tamil Nadu,04-01-2011,15488.92254
2343,Dharmapuri,5,33,Tamil Nadu,04-01-2011,15477.99727
2344,Dindigul,13,33,Tamil Nadu,04-01-2011,15439.11134
2345,Erode,10,33,Tamil Nadu,04-01-2011,15442.88558
2346,Sivaganga,23,33,Tamil Nadu,04-01-2011,15577.61789
2347,Tiruchirappalli,15,33,Tamil Nadu,04-01-2011,15574.39979
2348,Tirunelveli,29,33,Tamil Nadu,04-01-2011,15492.32812
2349,Tiruvannamalai,6,33,Tamil Nadu,04-01-2011,15499.76918
2350,Thoothukkudi,28,33,Tamil Nadu,04-01-2011,15636.34124
2351,Theni,25,33,Tamil Nadu,04-01-2011,15358.67845
2352,Vellore,4,33,Tamil Nadu,04-01-2011,15531.77079
2353,Viluppuram,7,33,Tamil Nadu,04-01-2011,15486.09901
2354,Virudhunagar,26,33,Tamil Nadu,04-01-2011,15617.70358
2355,Chennai,2,33,Tamil Nadu,04-01-2011,15475.95191
2356,Kancheepuram,3,33,Tamil Nadu,04-01-2011,15462.1652
2357,Thiruvallur,1,33,Tamil Nadu,04-01-2011,15506.53794
2358,Thanjavur,21,33,Tamil Nadu,04-01-2011,15492.80525
2359,Thiruvarur,20,33,Tamil Nadu,04-01-2011,15465.98075
2360,Nagapattinam,19,33,Tamil Nadu,04-01-2011,15483.6524
2361,Kanniyakumari,30,33,Tamil Nadu,04-01-2011,15204.16884
2362,Karur,14,33,Tamil Nadu,04-01-2011,15660.42872
2363,Madurai,24,33,Tamil Nadu,04-01-2011,15553.14504
2364,Namakkal,9,33,Tamil Nadu,04-01-2011,15546.54486
2365,The Nilgiris,11,33,Tamil Nadu,04-01-2011,15070.73445
2366,Perambalur,16,33,Tamil Nadu,04-01-2011,15618.61552
2367,Pudukkottai,22,33,Tamil Nadu,04-01-2011,15582.4526
2368,Ramanathapuram,27,33,Tamil Nadu,04-01-2011,15569.91976
2369,Salem,8,33,Tamil Nadu,04-01-2011,15454.77269
2370,Yanam,1,34,Puducherry,04-01-2011,15306.55212
2371,Karaikal,4,34,Puducherry,04-01-2011,15452.45165
2372,Mahe,3,34,Puducherry,04-01-2011,15202.84779
2373,Pondicherry,2,34,Puducherry,04-01-2011,15369.73256
2374,Nicobars,2,35,Andaman & Nicobar Island,04-01-2011,15032.62095
2375,Andamans,1,35,Andaman & Nicobar Island,04-01-2011,15049.04289
2376,Lakshadweep,1,31,Lakshadweep,05-01-2011,15126.66911
2377,Chandigarh,1,4,Chandigarh,05-01-2011,15550.11811
2378,Dadra & Nagar Haveli,1,26,Dadara & Nagar Havelli,05-01-2011,15721.71296
2379,North Goa,1,30,Goa,05-01-2011,15368.97923
2380,South Goa,2,30,Goa,05-01-2011,15278.26588
2381,Jorhat,17,18,Assam,05-01-2011,15156.92418
2382,Karimganj,22,18,Assam,05-01-2011,15161.3366
2383,Kokrajhar,1,18,Assam,05-01-2011,15143.34736
2384,Lakhimpur,12,18,Assam,05-01-2011,15184.28139
2385,Nagaon,10,18,Assam,05-01-2011,15236.45194
2386,Marigaon,9,18,Assam,05-01-2011,15191.82536
2387,Nalbari,7,18,Assam,05-01-2011,15179.19103
2388,North Cachar Hills,20,18,Assam,05-01-2011,15064.11339
2389,Sonitpur,11,18,Assam,05-01-2011,15192.48759
2390,Sibsagar,16,18,Assam,05-01-2011,15188.55112
2391,Tinsukia,14,18,Assam,05-01-2011,15163.56701
2392,Barpeta,5,18,Assam,05-01-2011,15131.41634
2393,Bongaigaon,4,18,Assam,05-01-2011,15145.67323
2394,Cachar,21,18,Assam,05-01-2011,15104.05564
2395,Darrang,8,18,Assam,05-01-2011,15192.62361
2396,Dhemaji,13,18,Assam,05-01-2011,15222.10469
2397,Dhubri,2,18,Assam,05-01-2011,15068.11772
2398,Dibrugarh,15,18,Assam,05-01-2011,15183.85256
2399,Kamrup,6,18,Assam,05-01-2011,15150.32788
2400,Karbi Anglong,19,18,Assam,05-01-2011,15096.17665
2401,Goalpara,3,18,Assam,05-01-2011,15096.25812
2402,Golaghat,18,18,Assam,05-01-2011,15186.4418
2403,Hailakandi,23,18,Assam,05-01-2011,15152.98122
2404,Jamui,37,10,Bihar,05-01-2011,15573.09935
2405,Kishanganj,8,10,Bihar,05-01-2011,15128.9093
2406,Muzaffarpur,14,10,Bihar,05-01-2011,15288.11745
2407,Purnia,9,10,Bihar,05-01-2011,15132.41258
2408,Khagaria,21,10,Bihar,05-01-2011,15290.2528
2409,Madhubani,5,10,Bihar,05-01-2011,15182.03898
2410,Lakhisarai,25,10,Bihar,05-01-2011,15604.61013
2411,Madhepura,11,10,Bihar,05-01-2011,15148.99877
2412,Purba Champaran,2,10,Bihar,05-01-2011,15320.19081
2413,Munger,24,10,Bihar,05-01-2011,15485.97002
2414,Nalanda,27,10,Bihar,05-01-2011,15673.13054
2415,Nawada,36,10,Bihar,05-01-2011,15680.91371
2416,Pashchim Champaran,1,10,Bihar,05-01-2011,15291.58775
2417,Patna,28,10,Bihar,05-01-2011,15576.07669
2418,Samastipur,19,10,Bihar,05-01-2011,15325.02026
2419,Sheikhpura,26,10,Bihar,05-01-2011,15680.71534
2420,Sheohar,3,10,Bihar,05-01-2011,15317.70083
2421,Saharsa,12,10,Bihar,05-01-2011,15162.83587
2422,Sitamarhi,4,10,Bihar,05-01-2011,15230.78481
2423,Siwan,16,10,Bihar,05-01-2011,15464.43731
2424,Supaul,6,10,Bihar,05-01-2011,15164.14382
2425,Vaishali,18,10,Bihar,05-01-2011,15435.35708
2426,Kaimur (Bhabua),31,10,Bihar,05-01-2011,15761.44863
2427,Gaya,35,10,Bihar,05-01-2011,15770.88312
2428,Bhojpur,29,10,Bihar,05-01-2011,15657.31463
2429,Buxar,30,10,Bihar,05-01-2011,15694.55062
2430,Jehanabad,33,10,Bihar,05-01-2011,15732.86948
2431,Rohtas,32,10,Bihar,05-01-2011,15762.06465
2432,Araria,7,10,Bihar,05-01-2011,15128.07917
2433,Aurangabad,34,10,Bihar,05-01-2011,15786.31156
2434,Banka,23,10,Bihar,05-01-2011,15498.68629
2435,Bhagalpur,22,10,Bihar,05-01-2011,15363.1864
2436,Begusarai,20,10,Bihar,05-01-2011,15466.07605
2437,Saran,17,10,Bihar,05-01-2011,15448.02724
2438,Katihar,10,10,Bihar,05-01-2011,15157.3363
2439,Darbhanga,13,10,Bihar,05-01-2011,15196.91542
2440,Gopalganj,15,10,Bihar,05-01-2011,15418.39347
2441,Kollam,13,32,Kerala,05-01-2011,15114.86574
2442,Kottayam,10,32,Kerala,05-01-2011,15149.20332
2443,Kozhikode,4,32,Kerala,05-01-2011,15130.63638
2444,Malappuram,5,32,Kerala,05-01-2011,15164.26922
2445,Palakkad,6,32,Kerala,05-01-2011,15156.76905
2446,Pathanamthitta,12,32,Kerala,05-01-2011,15071.52813
2447,Idukki,9,32,Kerala,05-01-2011,14964.18127
2448,Thrissur,7,32,Kerala,05-01-2011,15155.56755
2449,Thiruvananthapuram,14,32,Kerala,05-01-2011,15117.47602
2450,Wayanad,3,32,Kerala,05-01-2011,15032.6791
2451,Alappuzha,11,32,Kerala,05-01-2011,15167.45766
2452,Kasaragod,1,32,Kerala,05-01-2011,15216.8989
2453,Kannur,2,32,Kerala,05-01-2011,15187.1287
2454,Ernakulam,8,32,Kerala,05-01-2011,15181.32525
2455,Jajapur,13,21,Orissa,05-01-2011,15404.88077
2456,Jagatsinghapur,11,21,Orissa,05-01-2011,15428.85471
2457,Jharsuguda,2,21,Orissa,05-01-2011,15579.48488
2458,Khordha,17,21,Orissa,05-01-2011,15427.81973
2459,Mayurbhanj,7,21,Orissa,05-01-2011,15299.59496
2460,Puri,18,21,Orissa,05-01-2011,15371.23173
2461,Koraput,29,21,Orissa,05-01-2011,15378.37274
2462,Malkangiri,30,21,Orissa,05-01-2011,15475.93977
2463,Nabarangapur,28,21,Orissa,05-01-2011,15559.96817
2464,Nayagarh,16,21,Orissa,05-01-2011,15439.16554
2465,Nuapada,25,21,Orissa,05-01-2011,15640.54614
2466,Kandhamal,21,21,Orissa,05-01-2011,15373.62317
2467,Sambalpur,3,21,Orissa,05-01-2011,15549.66177
2468,Rayagada,27,21,Orissa,05-01-2011,15349.11687
2469,Sundargarh,5,21,Orissa,05-01-2011,15531.37419
2470,Sonapur,23,21,Orissa,05-01-2011,15601.36876
2471,Anugul,15,21,Orissa,05-01-2011,15478.27379
2472,Bhadrak,9,21,Orissa,05-01-2011,15376.76507
2473,Baudh,22,21,Orissa,05-01-2011,15610.15232
2474,Balangir,24,21,Orissa,05-01-2011,15682.99452
2475,Baleshwar,8,21,Orissa,05-01-2011,15280.73731
2476,Bargarh,1,21,Orissa,05-01-2011,15573.69172
2477,Kendrapara,10,21,Orissa,05-01-2011,15416.1815
2478,Kendujhar,6,21,Orissa,05-01-2011,15362.7968
2479,Debagarh,4,21,Orissa,05-01-2011,15493.56814
2480,Cuttack,12,21,Orissa,05-01-2011,15438.35678
2481,Dhenkanal,14,21,Orissa,05-01-2011,15428.99449
2482,Kalahandi,26,21,Orissa,05-01-2011,15559.14223
2483,Ganjam,19,21,Orissa,05-01-2011,15418.54529
2484,Gajapati,20,21,Orissa,05-01-2011,15253.86151
2485,Jalandhar,4,3,Punjab,05-01-2011,15630.21395
2486,Kapurthala,3,3,Punjab,05-01-2011,15649.73261
2487,Ludhiana,9,3,Punjab,05-01-2011,15691.03323
2488,Mansa,15,3,Punjab,05-01-2011,15769.56477
2489,Moga,10,3,Punjab,05-01-2011,15782.30922
2490,Muktsar,12,3,Punjab,05-01-2011,15753.17219
2491,Nawanshahr,6,3,Punjab,05-01-2011,15577.14657
2492,Patiala,17,3,Punjab,05-01-2011,15684.43458
2493,Sangrur,16,3,Punjab,05-01-2011,15761.56196
2494,Hoshiarpur,5,3,Punjab,05-01-2011,15603.22647
2495,Rupnagar,7,3,Punjab,05-01-2011,15586.39943
2496,Amritsar,2,3,Punjab,05-01-2011,15704.73666
2497,Firozpur,11,3,Punjab,05-01-2011,15762.13805
2498,Bathinda,14,3,Punjab,05-01-2011,15797.32772
2499,Gurdaspur,1,3,Punjab,05-01-2011,15670.47409
2500,Faridkot,13,3,Punjab,05-01-2011,15797.4093
2501,Fatehgarh Sahib,8,3,Punjab,05-01-2011,15664.10269
2502,North,1,11,Sikkim,05-01-2011,14183.813
2503,South,3,11,Sikkim,05-01-2011,14745.04527
2504,West,2,11,Sikkim,05-01-2011,14449.75577
2505,East,4,11,Sikkim,05-01-2011,14594.21174
2506,Jamnagar,10,24,Gujarat,05-01-2011,15773.00763
2507,Kheda,16,24,Gujarat,05-01-2011,15795.94968
2508,Mahesana,4,24,Gujarat,05-01-2011,15865.3821
2509,Narmada,20,24,Gujarat,05-01-2011,15784.3499
2510,Navsari,24,24,Gujarat,05-01-2011,15530.8459
2511,Panch Mahals,17,24,Gujarat,05-01-2011,15807.47191
2512,Patan,3,24,Gujarat,05-01-2011,15933.33109
2513,Porbandar,11,24,Gujarat,05-01-2011,15661.98165
2514,Rajkot,9,24,Gujarat,05-01-2011,15902.82566
2515,Sabar Kantha,5,24,Gujarat,05-01-2011,15870.97092
2516,Surendranagar,8,24,Gujarat,05-01-2011,15978.46632
2517,The Dangs,23,24,Gujarat,05-01-2011,15773.32935
2518,Vadodara,19,24,Gujarat,05-01-2011,15776.32221
2519,Valsad,25,24,Gujarat,05-01-2011,15626.08427
2520,Bharuch,21,24,Gujarat,05-01-2011,15750.65929
2521,Surat,22,24,Gujarat,05-01-2011,15615.00969
2522,Anand,15,24,Gujarat,05-01-2011,15725.84397
2523,Ahmadabad,7,24,Gujarat,05-01-2011,15965.44349
2524,Amreli,13,24,Gujarat,05-01-2011,15933.02859
2525,Bhavnagar,14,24,Gujarat,05-01-2011,15982.4189
2526,Banas Kantha,2,24,Gujarat,05-01-2011,15811.15534
2527,Dohad,18,24,Gujarat,05-01-2011,15859.234
2528,Junagadh,12,24,Gujarat,05-01-2011,15751.28379
2529,Kachchh,1,24,Gujarat,05-01-2011,15781.59936
2530,Gandhinagar,6,24,Gujarat,05-01-2011,15815.3833
2531,Jind,9,6,Haryana,05-01-2011,15701.44246
2532,Kaithal,5,6,Haryana,05-01-2011,15665.85525
2533,Karnal,6,6,Haryana,05-01-2011,15554.34682
2534,Kurukshetra,4,6,Haryana,05-01-2011,15520.60974
2535,Panchkula,1,6,Haryana,05-01-2011,15521.38093
2536,Panipat,7,6,Haryana,05-01-2011,15599.6834
2537,Hisar,12,6,Haryana,05-01-2011,15750.05691
2538,Rohtak,14,6,Haryana,05-01-2011,15673.7623
2539,Sirsa,11,6,Haryana,05-01-2011,15829.27717
2540,Sonipat,8,6,Haryana,05-01-2011,15666.39988
2541,Yamunanagar,3,6,Haryana,05-01-2011,15480.78102
2542,Jhajjar,15,6,Haryana,05-01-2011,15799.58918
2543,Mahendragarh,16,6,Haryana,05-01-2011,15914.0311
2544,Rewari,17,6,Haryana,05-01-2011,15864.67277
2545,Bhiwani,13,6,Haryana,05-01-2011,15858.39811
2546,Ambala,2,6,Haryana,05-01-2011,15561.67889
2547,Gurgaon,18,6,Haryana,05-01-2011,15732.68657
2548,Faridabad,19,6,Haryana,05-01-2011,15708.93103
2549,Fatehabad,10,6,Haryana,05-01-2011,15747.60811
2550,Imphal East,7,14,Manipur,05-01-2011,15282.86147
2551,Imphal West,6,14,Manipur,05-01-2011,15064.87117
2552,Senapati (Excl. 3 sub-divisions),1,14,Manipur,05-01-2011,14931.57393
2553,Tamenglong,2,14,Manipur,05-01-2011,14930.86059
2554,Thoubal,5,14,Manipur,05-01-2011,15262.09361
2555,Ukhrul,8,14,Manipur,05-01-2011,14966.87112
2556,Bishnupur,4,14,Manipur,05-01-2011,15126.77946
2557,Chandel,9,14,Manipur,05-01-2011,15059.87069
2558,Churachandpur,3,14,Manipur,05-01-2011,14985.58855
2559,Kolasib,2,15,Mizoram,05-01-2011,15039.89413
2560,Mamit,1,15,Mizoram,05-01-2011,15043.32653
2561,Lunglei,6,15,Mizoram,05-01-2011,15048.44868
2562,Lawngtlai,7,15,Mizoram,05-01-2011,15119.68468
2563,Saiha,8,15,Mizoram,05-01-2011,14981.7551
2564,Serchhip,5,15,Mizoram,05-01-2011,15034.04272
2565,Aizawl,3,15,Mizoram,05-01-2011,15003.08998
2566,Champhai,4,15,Mizoram,05-01-2011,14972.93819
2567,North Tripura,4,16,Tripura,05-01-2011,15137.61989
2568,South Tripura,2,16,Tripura,05-01-2011,15174.45859
2569,West Tripura,1,16,Tripura,05-01-2011,15163.85078
2570,Dhalai,3,16,Tripura,05-01-2011,15113.27247
2571,Mokokchung,3,13,Nagaland,05-01-2011,15000.68971
2572,Mon,1,13,Nagaland,05-01-2011,14981.28563
2573,Phek,8,13,Nagaland,05-01-2011,14908.18094
2574,Tuensang,2,13,Nagaland,05-01-2011,14873.76289
2575,Wokha,5,13,Nagaland,05-01-2011,15047.15194
2576,Zunheboto,4,13,Nagaland,05-01-2011,14885.16991
2577,Dimapur,6,13,Nagaland,05-01-2011,15162.64701
2578,Kohima,7,13,Nagaland,05-01-2011,14963.40609
2579,Purbi Singhbhum,18,20,Jharkhand,05-01-2011,15421.44771
2580,Lohardaga,15,20,Jharkhand,05-01-2011,15575.12762
2581,Pakaur,10,20,Jharkhand,05-01-2011,15390.38696
2582,Pashchimi Singhbhum,17,20,Jharkhand,05-01-2011,15434.08834
2583,Ranchi,14,20,Jharkhand,05-01-2011,15539.76583
2584,Sahibganj,9,20,Jharkhand,05-01-2011,15298.59582
2585,Garhwa,1,20,Jharkhand,05-01-2011,15783.8205
2586,Palamu,2,20,Jharkhand,05-01-2011,15771.6908
2587,Chatra,3,20,Jharkhand,05-01-2011,15754.79128
2588,Hazaribagh,4,20,Jharkhand,05-01-2011,15643.08811
2589,Kodarma,5,20,Jharkhand,05-01-2011,15677.1395
2590,Bokaro,13,20,Jharkhand,05-01-2011,15607.98883
2591,Deoghar,7,20,Jharkhand,05-01-2011,15536.07726
2592,Dhanbad,12,20,Jharkhand,05-01-2011,15541.36575
2593,Dumka,11,20,Jharkhand,05-01-2011,15431.73648
2594,Giridih,6,20,Jharkhand,05-01-2011,15621.70442
2595,Godda,8,20,Jharkhand,05-01-2011,15416.80613
2596,Gumla,16,20,Jharkhand,05-01-2011,15538.63221
2597,Kodagu,25,29,Karnataka,05-01-2011,15031.72106
2598,Kolar,19,29,Karnataka,05-01-2011,15451.93373
2599,Mandya,22,29,Karnataka,05-01-2011,15294.42406
2600,Koppal,7,29,Karnataka,05-01-2011,15716.3026
2601,Mysore,26,29,Karnataka,05-01-2011,15346.83666
2602,Raichur,6,29,Karnataka,05-01-2011,15769.69386
2603,Hassan,23,29,Karnataka,05-01-2011,15272.01889
2604,Haveri,11,29,Karnataka,05-01-2011,15585.30384
2605,Shimoga,15,29,Karnataka,05-01-2011,15266.39067
2606,Tumkur,18,29,Karnataka,05-01-2011,15448.64976
2607,Udupi,16,29,Karnataka,05-01-2011,15344.82947
2608,Uttara Kannada,10,29,Karnataka,05-01-2011,15214.4034
2609,Bagalkot,2,29,Karnataka,05-01-2011,15675.43853
2610,Bangalore,20,29,Karnataka,05-01-2011,15316.09358
2611,Bidar,5,29,Karnataka,05-01-2011,15891.29312
2612,Bijapur,3,29,Karnataka,05-01-2011,15881.00483
2613,Belgaum,1,29,Karnataka,05-01-2011,15634.7366
2614,Bellary,12,29,Karnataka,05-01-2011,15627.80109
2615,Bangalore Rural,21,29,Karnataka,05-01-2011,15343.92618
2616,Chamarajanagar,27,29,Karnataka,05-01-2011,15286.89204
2617,Chikmagalur,17,29,Karnataka,05-01-2011,15195.41476
2618,Chitradurga,13,29,Karnataka,05-01-2011,15569.91298
2619,Dakshina Kannada,24,29,Karnataka,05-01-2011,15199.73267
2620,Davanagere,14,29,Karnataka,05-01-2011,15443.52483
2621,Dharwad,9,29,Karnataka,05-01-2011,15674.12008
2622,Gulbarga,4,29,Karnataka,05-01-2011,15904.85426
2623,Gadag,8,29,Karnataka,05-01-2011,15742.10382
2624,Jaintia Hills,7,17,Meghalaya,05-01-2011,14946.99014
2625,Ri Bhoi,5,17,Meghalaya,05-01-2011,15048.33749
2626,South Garo Hills,3,17,Meghalaya,05-01-2011,15012.5907
2627,West Garo Hills,1,17,Meghalaya,05-01-2011,14991.67631
2628,West Khasi Hills,4,17,Meghalaya,05-01-2011,14902.8515
2629,East Garo Hills,2,17,Meghalaya,05-01-2011,14999.33679
2630,East Khasi Hills,6,17,Meghalaya,05-01-2011,14863.25558
2631,Jaipur,12,8,Rajasthan,05-01-2011,15916.63715
2632,Jaisalmer,16,8,Rajasthan,05-01-2011,16181.51535
2633,Jalor,18,8,Rajasthan,05-01-2011,15945.1763
2634,Jhalawar,32,8,Rajasthan,05-01-2011,16105.98675
2635,Jhunjhunun,5,8,Rajasthan,05-01-2011,15916.32046
2636,Jodhpur,15,8,Rajasthan,05-01-2011,16041.51968
2637,Kota,30,8,Rajasthan,05-01-2011,16040.50375
2638,Nagaur,14,8,Rajasthan,05-01-2011,15977.9276
2639,Pali,20,8,Rajasthan,05-01-2011,15981.60074
2640,Rajsamand,25,8,Rajasthan,05-01-2011,15949.62446
2641,Sawai Madhopur,10,8,Rajasthan,05-01-2011,15959.31487
2642,Sirohi,19,8,Rajasthan,05-01-2011,15896.72623
2643,Tonk,22,8,Rajasthan,05-01-2011,16016.74667
2644,Sikar,13,8,Rajasthan,05-01-2011,15904.50037
2645,Alwar,6,8,Rajasthan,05-01-2011,15823.30156
2646,Udaipur,26,8,Rajasthan,05-01-2011,15929.27099
2647,Ganganagar,1,8,Rajasthan,05-01-2011,15952.16511
2648,Hanumangarh,2,8,Rajasthan,05-01-2011,15921.05069
2649,Baran,31,8,Rajasthan,05-01-2011,16066.10583
2650,Ajmer,21,8,Rajasthan,05-01-2011,15974.16319
2651,Banswara,28,8,Rajasthan,05-01-2011,15933.28411
2652,Barmer,17,8,Rajasthan,05-01-2011,16024.82046
2653,Bhilwara,24,8,Rajasthan,05-01-2011,16055.92925
2654,Bikaner,3,8,Rajasthan,05-01-2011,16114.05532
2655,Bharatpur,7,8,Rajasthan,05-01-2011,15855.07792
2656,Bundi,23,8,Rajasthan,05-01-2011,16023.43916
2657,Chittaurgarh,29,8,Rajasthan,05-01-2011,16002.03961
2658,Churu,4,8,Rajasthan,05-01-2011,15956.12076
2659,Dausa,11,8,Rajasthan,05-01-2011,15914.09777
2660,Dhaulpur,8,8,Rajasthan,05-01-2011,15887.18738
2661,Dungarpur,27,8,Rajasthan,05-01-2011,15938.39512
2662,Karauli,9,8,Rajasthan,05-01-2011,15934.04725
2663,Pondicherry,2,34,Puducherry,05-01-2011,15390.65159
2664,Yanam,1,34,Puducherry,05-01-2011,15294.1675
2665,Karaikal,4,34,Puducherry,05-01-2011,15532.39653
2666,Mahe,3,34,Puducherry,05-01-2011,15177.12953
2667,Kanniyakumari,30,33,Tamil Nadu,05-01-2011,15146.09245
2668,Karur,14,33,Tamil Nadu,05-01-2011,15554.37325
2669,Madurai,24,33,Tamil Nadu,05-01-2011,15494.15386
2670,Namakkal,9,33,Tamil Nadu,05-01-2011,15429.41598
2671,The Nilgiris,11,33,Tamil Nadu,05-01-2011,15023.05583
2672,Perambalur,16,33,Tamil Nadu,05-01-2011,15607.05198
2673,Pudukkottai,22,33,Tamil Nadu,05-01-2011,15580.41649
2674,Ramanathapuram,27,33,Tamil Nadu,05-01-2011,15617.68136
2675,Salem,8,33,Tamil Nadu,05-01-2011,15370.66133
2676,Sivaganga,23,33,Tamil Nadu,05-01-2011,15586.82154
2677,Tiruchirappalli,15,33,Tamil Nadu,05-01-2011,15530.71059
2678,Tirunelveli,29,33,Tamil Nadu,05-01-2011,15585.00914
2679,Tiruvannamalai,6,33,Tamil Nadu,05-01-2011,15481.97062
2680,Thoothukkudi,28,33,Tamil Nadu,05-01-2011,15758.52282
2681,Theni,25,33,Tamil Nadu,05-01-2011,15380.17253
2682,Vellore,4,33,Tamil Nadu,05-01-2011,15460.41953
2683,Viluppuram,7,33,Tamil Nadu,05-01-2011,15483.8007
2684,Virudhunagar,26,33,Tamil Nadu,05-01-2011,15687.49702
2685,Chennai,2,33,Tamil Nadu,05-01-2011,15501.20055
2686,Kancheepuram,3,33,Tamil Nadu,05-01-2011,15513.92334
2687,Thiruvallur,1,33,Tamil Nadu,05-01-2011,15546.4616
2688,Thanjavur,21,33,Tamil Nadu,05-01-2011,15469.80637
2689,Thiruvarur,20,33,Tamil Nadu,05-01-2011,15449.88989
2690,Nagapattinam,19,33,Tamil Nadu,05-01-2011,15451.89129
2691,Ariyalur,17,33,Tamil Nadu,05-01-2011,15541.25325
2692,Coimbatore,12,33,Tamil Nadu,05-01-2011,15343.89415
2693,Cuddalore,18,33,Tamil Nadu,05-01-2011,15536.43972
2694,Dharmapuri,5,33,Tamil Nadu,05-01-2011,15358.40264
2695,Dindigul,13,33,Tamil Nadu,05-01-2011,15357.56111
2696,Erode,10,33,Tamil Nadu,05-01-2011,15393.89185
2697,Daman,2,25,Daman & Diu,05-01-2011,15462.30769
2698,Diu,1,25,Daman & Diu,05-01-2011,15367.80888
2699,Jalgaon,3,27,Maharashtra,05-01-2011,15977.74872
2700,Jalna,18,27,Maharashtra,05-01-2011,16006.61544
2701,Kolhapur,34,27,Maharashtra,05-01-2011,15513.94312
2702,Latur,28,27,Maharashtra,05-01-2011,15897.97187
2703,Pune,25,27,Maharashtra,05-01-2011,15734.75278
2704,Nagpur,9,27,Maharashtra,05-01-2011,15968.87414
2705,Mumbai,23,27,Maharashtra,05-01-2011,15361.2851
2706,Mumbai (Suburban),22,27,Maharashtra,05-01-2011,15388.03138
2707,Nanded,15,27,Maharashtra,05-01-2011,15918.27803
2708,Nandurbar,1,27,Maharashtra,05-01-2011,15876.06538
2709,Nashik,20,27,Maharashtra,05-01-2011,15894.16871
2710,Osmanabad,29,27,Maharashtra,05-01-2011,15898.51834
2711,Parbhani,17,27,Maharashtra,05-01-2011,15941.33757
2712,Sangli,35,27,Maharashtra,05-01-2011,15814.59215
2713,Satara,31,27,Maharashtra,05-01-2011,15769.29478
2714,Hingoli,16,27,Maharashtra,05-01-2011,15929.83155
2715,Ratnagiri,32,27,Maharashtra,05-01-2011,15502.47661
2716,Raigarh,24,27,Maharashtra,05-01-2011,15574.93695
2717,Thane,21,27,Maharashtra,05-01-2011,15709.03315
2718,Solapur,30,27,Maharashtra,05-01-2011,15840.51494
2719,Sindhudurg,33,27,Maharashtra,05-01-2011,15457.7976
2720,Wardha,8,27,Maharashtra,05-01-2011,16041.88794
2721,Washim,6,27,Maharashtra,05-01-2011,15986.90036
2722,Yavatmal,14,27,Maharashtra,05-01-2011,15985.44937
2723,Aurangabad,19,27,Maharashtra,05-01-2011,15933.68116
2724,Ahmadnagar,26,27,Maharashtra,05-01-2011,15876.31655
2725,Akola,5,27,Maharashtra,05-01-2011,16010.42286
2726,Amravati,7,27,Maharashtra,05-01-2011,16020.5878
2727,Bid,27,27,Maharashtra,05-01-2011,15897.29655
2728,Bhandara,10,27,Maharashtra,05-01-2011,15876.46718
2729,Buldana,4,27,Maharashtra,05-01-2011,15992.45395
2730,Chandrapur,13,27,Maharashtra,05-01-2011,15899.78729
2731,Dhule,2,27,Maharashtra,05-01-2011,15980.9281
2732,Gadchiroli,12,27,Maharashtra,05-01-2011,15709.04768
2733,Gondiya,11,27,Maharashtra,05-01-2011,15793.85967
2734,Nainital,11,5,Uttarakhand,05-01-2011,15265.18764
2735,Pithoragarh,7,5,Uttarakhand,05-01-2011,14541.86148
2736,Hardwar,13,5,Uttarakhand,05-01-2011,15378.84452
2737,Rudraprayag,3,5,Uttarakhand,05-01-2011,14702.19588
2738,Tehri Garhwal,4,5,Uttarakhand,05-01-2011,14977.82381
2739,Udham Singh Nagar,12,5,Uttarakhand,05-01-2011,15349.40641
2740,Uttarkashi,1,5,Uttarakhand,05-01-2011,14460.47899
2741,Bageshwar,8,5,Uttarakhand,05-01-2011,14880.15645
2742,Almora,9,5,Uttarakhand,05-01-2011,15229.52623
2743,Chamoli,2,5,Uttarakhand,05-01-2011,14432.72018
2744,Champawat,10,5,Uttarakhand,05-01-2011,15186.53867
2745,Dehradun,5,5,Uttarakhand,05-01-2011,15268.26387
2746,Garhwal,6,5,Uttarakhand,05-01-2011,15204.69123
2747,Jalpaiguri,2,19,West Bengal,05-01-2011,15137.91515
2748,Koch Bihar,3,19,West Bengal,05-01-2011,15074.80804
2749,Murshidabad,7,19,West Bengal,05-01-2011,15187.61576
2750,Puruliya,14,19,West Bengal,05-01-2011,15489.80855
2751,Kolkata,17,19,West Bengal,05-01-2011,15328.39287
2752,Maldah,6,19,West Bengal,05-01-2011,15132.78416
2753,Nadia,10,19,West Bengal,05-01-2011,15147.81403
2754,North Twenty Four Parganas,11,19,West Bengal,05-01-2011,15154.39609
2755,Medinipur,15,19,West Bengal,05-01-2011,15269.37655
2756,Hugli,12,19,West Bengal,05-01-2011,15199.07786
2757,South  Twenty Four Parganas,18,19,West Bengal,05-01-2011,15208.40495
2758,Uttar Dinajpur,4,19,West Bengal,05-01-2011,15069.27294
2759,Barddhaman,9,19,West Bengal,05-01-2011,15278.21893
2760,Birbhum,8,19,West Bengal,05-01-2011,15328.22685
2761,Bankura,13,19,West Bengal,05-01-2011,15344.61097
2762,Dakshin Dinajpur,5,19,West Bengal,05-01-2011,15080.06145
2763,Darjiling,1,19,West Bengal,05-01-2011,14973.31778
2764,Haora,16,19,West Bengal,05-01-2011,15182.99404
2765,Jashpur,3,22,Chhattisgarh,05-01-2011,15528.05891
2766,Koriya,1,22,Chhattisgarh,05-01-2011,15692.26263
2767,Mahasamund,12,22,Chhattisgarh,05-01-2011,15668.22318
2768,Raigarh,4,22,Chhattisgarh,05-01-2011,15629.6305
2769,Raipur,11,22,Chhattisgarh,05-01-2011,15687.27544
2770,Rajnandgaon,9,22,Chhattisgarh,05-01-2011,15834.44311
2771,Surguja,2,22,Chhattisgarh,05-01-2011,15681.40331
2772,Bilaspur,7,22,Chhattisgarh,05-01-2011,15748.11832
2773,Janjgir - Champa,6,22,Chhattisgarh,05-01-2011,15730.66268
2774,Korba,5,22,Chhattisgarh,05-01-2011,15641.81341
2775,Kawardha,8,22,Chhattisgarh,05-01-2011,15848.9538
2776,Bastar,15,22,Chhattisgarh,05-01-2011,15551.22043
2777,Dantewada,16,22,Chhattisgarh,05-01-2011,15525.67686
2778,Dhamtari,13,22,Chhattisgarh,05-01-2011,15590.8641
2779,Durg,10,22,Chhattisgarh,05-01-2011,15836.86009
2780,Kanker,14,22,Chhattisgarh,05-01-2011,15686.83531
2781,Central,6,7,Delhi  & NCR,05-01-2011,15528.0624
2782,East,4,7,Delhi  & NCR,05-01-2011,15502.68398
2783,New Delhi,5,7,Delhi  & NCR,05-01-2011,15482.07436
2784,North,2,7,Delhi  & NCR,05-01-2011,15500.19026
2785,North East,3,7,Delhi  & NCR,05-01-2011,15502.96282
2786,North West,1,7,Delhi  & NCR,05-01-2011,15600.73592
2787,South,9,7,Delhi  & NCR,05-01-2011,15541.21231
2788,South West,8,7,Delhi  & NCR,05-01-2011,15662.24894
2789,West,7,7,Delhi  & NCR,05-01-2011,15588.12447
2790,Jalaun,35,9,Uttar Pradesh,05-01-2011,15799.33068
2791,Jaunpur,64,9,Uttar Pradesh,05-01-2011,15610.73432
2792,Jhansi,36,9,Uttar Pradesh,05-01-2011,15922.75442
2793,Jyotiba Phule Nagar,6,9,Uttar Pradesh,05-01-2011,15387.98573
2794,Kannauj,30,9,Uttar Pradesh,05-01-2011,15548.55536
2795,Kanpur Nagar,34,9,Uttar Pradesh,05-01-2011,15616.4189
2796,Kaushambi,44,9,Uttar Pradesh,05-01-2011,15680.79405
2797,Kheri,23,9,Uttar Pradesh,05-01-2011,15350.56485
2798,Mirzapur,69,9,Uttar Pradesh,05-01-2011,15771.89666
2799,Moradabad,4,9,Uttar Pradesh,05-01-2011,15373.75013
2800,Muzaffarnagar,2,9,Uttar Pradesh,05-01-2011,15352.78713
2801,Rae Bareli,28,9,Uttar Pradesh,05-01-2011,15593.49534
2802,Kushinagar,59,9,Uttar Pradesh,05-01-2011,15365.2357
2803,Lucknow,27,9,Uttar Pradesh,05-01-2011,15453.66484
2804,Lalitpur,37,9,Uttar Pradesh,05-01-2011,15978.39567
2805,Mahrajganj,57,9,Uttar Pradesh,05-01-2011,15399.78186
2806,Mahoba,39,9,Uttar Pradesh,05-01-2011,15925.01629
2807,Mainpuri,18,9,Uttar Pradesh,05-01-2011,15657.71485
2808,Mathura,14,9,Uttar Pradesh,05-01-2011,15740.82164
2809,Mau,62,9,Uttar Pradesh,05-01-2011,15497.53022
2810,Meerut,7,9,Uttar Pradesh,05-01-2011,15389.90348
2811,Pilibhit,21,9,Uttar Pradesh,05-01-2011,15358.49892
2812,Pratapgarh,43,9,Uttar Pradesh,05-01-2011,15617.78789
2813,Rampur,5,9,Uttar Pradesh,05-01-2011,15327.61447
2814,Sant Ravidas Nagar Bhadohi,68,9,Uttar Pradesh,05-01-2011,15671.04178
2815,Sant Kabir Nagar,56,9,Uttar Pradesh,05-01-2011,15427.2958
2816,Shahjahanpur,22,9,Uttar Pradesh,05-01-2011,15460.1165
2817,Hathras,13,9,Uttar Pradesh,05-01-2011,15627.12726
2818,Shrawasti,51,9,Uttar Pradesh,05-01-2011,15370.60771
2819,Saharanpur,1,9,Uttar Pradesh,05-01-2011,15349.44987
2820,Sitapur,24,9,Uttar Pradesh,05-01-2011,15400.30766
2821,Sultanpur,49,9,Uttar Pradesh,05-01-2011,15603.44669
2822,Sonbhadra,70,9,Uttar Pradesh,05-01-2011,15772.15694
2823,Siddharthnagar,54,9,Uttar Pradesh,05-01-2011,15408.24827
2824,Unnao,26,9,Uttar Pradesh,05-01-2011,15592.66587
2825,Varanasi,67,9,Uttar Pradesh,05-01-2011,15633.757
2826,Bulandshahr,11,9,Uttar Pradesh,05-01-2011,15511.99339
2827,Gautam Buddha Nagar,10,9,Uttar Pradesh,05-01-2011,15635.75825
2828,Ghaziabad,9,9,Uttar Pradesh,05-01-2011,15445.20145
2829,Auraiya,32,9,Uttar Pradesh,05-01-2011,15669.47919
2830,Azamgarh,61,9,Uttar Pradesh,05-01-2011,15540.769
2831,Budaun,19,9,Uttar Pradesh,05-01-2011,15489.59677
2832,Agra,15,9,Uttar Pradesh,05-01-2011,15792.50033
2833,Aligarh,12,9,Uttar Pradesh,05-01-2011,15594.08289
2834,Allahabad,45,9,Uttar Pradesh,05-01-2011,15722.38141
2835,Ambedkar Nagar,48,9,Uttar Pradesh,05-01-2011,15497.76217
2836,Bareilly,20,9,Uttar Pradesh,05-01-2011,15425.98395
2837,Bijnor,3,9,Uttar Pradesh,05-01-2011,15391.39417
2838,Basti,55,9,Uttar Pradesh,05-01-2011,15422.48031
2839,Baghpat,8,9,Uttar Pradesh,05-01-2011,15396.34841
2840,Bahraich,50,9,Uttar Pradesh,05-01-2011,15351.54824
2841,Ballia,63,9,Uttar Pradesh,05-01-2011,15545.46658
2842,Balrampur,52,9,Uttar Pradesh,05-01-2011,15349.9626
2843,Banda,40,9,Uttar Pradesh,05-01-2011,15878.1454
2844,Barabanki,46,9,Uttar Pradesh,05-01-2011,15361.04817
2845,Chitrakoot,41,9,Uttar Pradesh,05-01-2011,15837.23264
2846,Chandauli,66,9,Uttar Pradesh,05-01-2011,15737.95691
2847,Deoria,60,9,Uttar Pradesh,05-01-2011,15460.93036
2848,Etah,17,9,Uttar Pradesh,05-01-2011,15599.12503
2849,Kanpur Dehat,33,9,Uttar Pradesh,05-01-2011,15656.0078
2850,Etawah,31,9,Uttar Pradesh,05-01-2011,15695.75145
2851,Faizabad,47,9,Uttar Pradesh,05-01-2011,15443.74958
2852,Ghazipur,65,9,Uttar Pradesh,05-01-2011,15653.84433
2853,Gonda,53,9,Uttar Pradesh,05-01-2011,15362.99044
2854,Gorakhpur,58,9,Uttar Pradesh,05-01-2011,15430.16444
2855,Farrukhabad,29,9,Uttar Pradesh,05-01-2011,15559.85914
2856,Fatehpur,42,9,Uttar Pradesh,05-01-2011,15706.4552
2857,Firozabad,16,9,Uttar Pradesh,05-01-2011,15710.53686
2858,Hamirpur,38,9,Uttar Pradesh,05-01-2011,15880.2902
2859,Hardoi,25,9,Uttar Pradesh,05-01-2011,15530.95635
2860,Khammam,10,28,Andhra Pradesh,05-01-2011,15603.90449
2861,Medak,4,28,Andhra Pradesh,05-01-2011,15784.54668
2862,Krishna,16,28,Andhra Pradesh,05-01-2011,15545.12988
2863,Kurnool,21,28,Andhra Pradesh,05-01-2011,15750.1982
2864,Mahbubnagar,7,28,Andhra Pradesh,05-01-2011,15738.28198
2865,Nalgonda,8,28,Andhra Pradesh,05-01-2011,15773.95948
2866,Nellore,19,28,Andhra Pradesh,05-01-2011,15615.15769
2867,Nizamabad,2,28,Andhra Pradesh,05-01-2011,15747.25904
2868,Prakasam,18,28,Andhra Pradesh,05-01-2011,15682.11932
2869,Hyderabad,5,28,Andhra Pradesh,05-01-2011,15629.82078
2870,Rangareddi,6,28,Andhra Pradesh,05-01-2011,15799.00762
2871,Srikakulam,11,28,Andhra Pradesh,05-01-2011,15409.75663
2872,West Godavari,15,28,Andhra Pradesh,05-01-2011,15374.49755
2873,Visakhapatnam,13,28,Andhra Pradesh,05-01-2011,15271.71196
2874,Vizianagaram,12,28,Andhra Pradesh,05-01-2011,15339.93134
2875,Warangal,9,28,Andhra Pradesh,05-01-2011,15764.54553
2876,Anantapur,22,28,Andhra Pradesh,05-01-2011,15668.94144
2877,Adilabad,1,28,Andhra Pradesh,05-01-2011,15870.99512
2878,Chittoor,23,28,Andhra Pradesh,05-01-2011,15540.53662
2879,Cuddapah,20,28,Andhra Pradesh,05-01-2011,15651.51706
2880,East Godavari,14,28,Andhra Pradesh,05-01-2011,15275.92696
2881,Karimnagar,3,28,Andhra Pradesh,05-01-2011,15755.46728
2882,Guntur,17,28,Andhra Pradesh,05-01-2011,15680.88877
2883,Jabalpur,39,23,Madhya Pradesh,05-01-2011,15958.08261
2884,Jhabua,24,23,Madhya Pradesh,05-01-2011,15931.2766
2885,Mandsaur,19,23,Madhya Pradesh,05-01-2011,16063.46053
2886,Tikamgarh,8,23,Madhya Pradesh,05-01-2011,15988.17227
2887,Narsimhapur,40,23,Madhya Pradesh,05-01-2011,15952.24074
2888,Neemuch,18,23,Madhya Pradesh,05-01-2011,16035.91596
2889,Panna,10,23,Madhya Pradesh,05-01-2011,15944.63052
2890,Raisen,34,23,Madhya Pradesh,05-01-2011,16065.64829
2891,Rajgarh,30,23,Madhya Pradesh,05-01-2011,16124.18296
2892,Satna,13,23,Madhya Pradesh,05-01-2011,15878.8707
2893,Sehore,33,23,Madhya Pradesh,05-01-2011,16104.44733
2894,Seoni,44,23,Madhya Pradesh,05-01-2011,15979.19843
2895,Hoshangabad,37,23,Madhya Pradesh,05-01-2011,15966.20083
2896,Indore,26,23,Madhya Pradesh,05-01-2011,15983.77559
2897,Shajapur,22,23,Madhya Pradesh,05-01-2011,16104.56385
2898,Shivpuri,6,23,Madhya Pradesh,05-01-2011,15998.02876
2899,Ratlam,20,23,Madhya Pradesh,05-01-2011,16025.163
2900,Rewa,14,23,Madhya Pradesh,05-01-2011,15885.05456
2901,Sagar,11,23,Madhya Pradesh,05-01-2011,16069.70235
2902,Sidhi,17,23,Madhya Pradesh,05-01-2011,15800.81218
2903,Ujjain,21,23,Madhya Pradesh,05-01-2011,16028.30161
2904,Vidisha,31,23,Madhya Pradesh,05-01-2011,16074.36339
2905,West Nimar,27,23,Madhya Pradesh,05-01-2011,16034.45977
2906,Morena,2,23,Madhya Pradesh,05-01-2011,15899.62697
2907,Sheopur,1,23,Madhya Pradesh,05-01-2011,16010.15957
2908,Dindori,41,23,Madhya Pradesh,05-01-2011,15856.0963
2909,Mandla,42,23,Madhya Pradesh,05-01-2011,15923.9084
2910,Shahdol,16,23,Madhya Pradesh,05-01-2011,15833.53685
2911,Umaria,15,23,Madhya Pradesh,05-01-2011,15846.61564
2912,Bhind,3,23,Madhya Pradesh,05-01-2011,15873.38163
2913,Bhopal,32,23,Madhya Pradesh,05-01-2011,16062.72068
2914,Barwani,28,23,Madhya Pradesh,05-01-2011,16019.8389
2915,Betul,35,23,Madhya Pradesh,05-01-2011,15969.93196
2916,Balaghat,45,23,Madhya Pradesh,05-01-2011,15779.12548
2917,Chhatarpur,9,23,Madhya Pradesh,05-01-2011,15938.5013
2918,Chhindwara,43,23,Madhya Pradesh,05-01-2011,15989.24244
2919,Dewas,23,23,Madhya Pradesh,05-01-2011,16074.24564
2920,Katni,38,23,Madhya Pradesh,05-01-2011,15917.40752
2921,Datia,5,23,Madhya Pradesh,05-01-2011,15882.94248
2922,Damoh,12,23,Madhya Pradesh,05-01-2011,16042.6696
2923,Dhar,25,23,Madhya Pradesh,05-01-2011,15992.04377
2924,East Nimar,29,23,Madhya Pradesh,05-01-2011,16005.25694
2925,Guna,7,23,Madhya Pradesh,05-01-2011,16061.81394
2926,Gwalior,4,23,Madhya Pradesh,05-01-2011,15893.30135
2927,Harda,36,23,Madhya Pradesh,05-01-2011,16022.89578
2928,Kangra,2,2,Himachal Pradesh,05-01-2011,15148.3353
2929,Kinnaur,12,2,Himachal Pradesh,05-01-2011,14317.0416
2930,Lahul & Spiti,3,2,Himachal Pradesh,05-01-2011,14103.40378
2931,Kullu,4,2,Himachal Pradesh,05-01-2011,14402.79747
2932,Mandi,5,2,Himachal Pradesh,05-01-2011,15100.18601
2933,Shimla,11,2,Himachal Pradesh,05-01-2011,14854.73458
2934,Sirmaur,10,2,Himachal Pradesh,05-01-2011,15307.41252
2935,Solan,9,2,Himachal Pradesh,05-01-2011,15411.80408
2936,Una,7,2,Himachal Pradesh,05-01-2011,15504.36789
2937,Bilaspur,8,2,Himachal Pradesh,05-01-2011,15394.20076
2938,Chamba,1,2,Himachal Pradesh,05-01-2011,14607.01011
2939,Hamirpur,6,2,Himachal Pradesh,05-01-2011,15401.07496
2940,Jammu,13,1,Jammu and Kashmir,05-01-2011,15617.89329
2941,Kargil,8,1,Jammu and Kashmir,05-01-2011,14324.24515
2942,Kathua,14,1,Jammu and Kashmir,05-01-2011,15412.40069
2943,Leh (Ladakh),7,1,Jammu and Kashmir,05-01-2011,14577.11257
2944,Kupwara,1,1,Jammu and Kashmir,05-01-2011,14773.61752
2945,Punch,11,1,Jammu and Kashmir,05-01-2011,15035.3332
2946,Pulwama,5,1,Jammu and Kashmir,05-01-2011,14913.98028
2947,Rajauri,12,1,Jammu and Kashmir,05-01-2011,15298.82772
2948,Srinagar,3,1,Jammu and Kashmir,05-01-2011,14481.41214
2949,Udhampur,10,1,Jammu and Kashmir,05-01-2011,15121.27662
2950,Anantnag,6,1,Jammu and Kashmir,05-01-2011,14491.91123
2951,Badgam,4,1,Jammu and Kashmir,05-01-2011,14750.87905
2952,Baramula,2,1,Jammu and Kashmir,05-01-2011,14577.7941
2953,Data Not Available,99,99,Jammu and Kashmir,05-01-2011,14390.21216
2954,Doda,9,1,Jammu and Kashmir,05-01-2011,14374.92231
2955,Lohit,11,12,Arunanchal Pradesh,05-01-2011,14622.10325
2956,Lower Subansiri,5,12,Arunanchal Pradesh,05-01-2011,14687.1379
2957,Papum Pare,4,12,Arunanchal Pradesh,05-01-2011,14818.64047
2958,Tawang,1,12,Arunanchal Pradesh,05-01-2011,14382.72089
2959,Tirap,13,12,Arunanchal Pradesh,05-01-2011,14917.68091
2960,West Kameng,2,12,Arunanchal Pradesh,05-01-2011,14685.98773
2961,West Siang,7,12,Arunanchal Pradesh,05-01-2011,14746.88467
2962,Upper Siang,9,12,Arunanchal Pradesh,05-01-2011,14605.76591
2963,Upper Subansiri,6,12,Arunanchal Pradesh,05-01-2011,14589.27016
2964,Changlang,12,12,Arunanchal Pradesh,05-01-2011,14905.68879
2965,Dibang Valley,10,12,Arunanchal Pradesh,05-01-2011,14496.26647
2966,East Kameng,3,12,Arunanchal Pradesh,05-01-2011,14714.3807
2967,East Siang,8,12,Arunanchal Pradesh,05-01-2011,14987.56896
2968,Nicobars,2,35,Andaman & Nicobar Island,05-01-2011,14986.16227
2969,Andamans,1,35,Andaman & Nicobar Island,05-01-2011,14982.20904
2970,Lakshadweep,1,31,Lakshadweep,06-01-2011,14946.34696
2971,Chandigarh,1,4,Chandigarh,06-01-2011,15361.3474
2972,Dadra & Nagar Haveli,1,26,Dadara & Nagar Havelli,06-01-2011,15598.17321
2973,North Goa,1,30,Goa,06-01-2011,14952.2988
2974,South Goa,2,30,Goa,06-01-2011,14962.35975
2975,Jorhat,17,18,Assam,06-01-2011,15160.95325
2976,Karimganj,22,18,Assam,06-01-2011,15161.62363
2977,Kokrajhar,1,18,Assam,06-01-2011,15097.62617
2978,Lakhimpur,12,18,Assam,06-01-2011,15214.52875
2979,Nagaon,10,18,Assam,06-01-2011,15106.39223
2980,Marigaon,9,18,Assam,06-01-2011,15082.8907
2981,Nalbari,7,18,Assam,06-01-2011,15132.59699
2982,North Cachar Hills,20,18,Assam,06-01-2011,15044.98691
2983,Sonitpur,11,18,Assam,06-01-2011,15108.87688
2984,Sibsagar,16,18,Assam,06-01-2011,15291.36881
2985,Tinsukia,14,18,Assam,06-01-2011,15258.93789
2986,Barpeta,5,18,Assam,06-01-2011,15090.35752
2987,Bongaigaon,4,18,Assam,06-01-2011,15049.27923
2988,Cachar,21,18,Assam,06-01-2011,15137.06092
2989,Darrang,8,18,Assam,06-01-2011,15055.30705
2990,Dhemaji,13,18,Assam,06-01-2011,15277.48547
2991,Dhubri,2,18,Assam,06-01-2011,15048.23611
2992,Dibrugarh,15,18,Assam,06-01-2011,15219.04785
2993,Kamrup,6,18,Assam,06-01-2011,15115.21395
2994,Karbi Anglong,19,18,Assam,06-01-2011,15048.77507
2995,Goalpara,3,18,Assam,06-01-2011,15086.08899
2996,Golaghat,18,18,Assam,06-01-2011,15208.3543
2997,Hailakandi,23,18,Assam,06-01-2011,15180.09745
2998,Jamui,37,10,Bihar,06-01-2011,15526.10033
2999,Kishanganj,8,10,Bihar,06-01-2011,15062.78046
3000,Muzaffarpur,14,10,Bihar,06-01-2011,15450.26066
3001,Purnia,9,10,Bihar,06-01-2011,15151.95877
3002,Khagaria,21,10,Bihar,06-01-2011,15460.79786
3003,Madhubani,5,10,Bihar,06-01-2011,15194.47736
3004,Lakhisarai,25,10,Bihar,06-01-2011,15592.95677
3005,Madhepura,11,10,Bihar,06-01-2011,15237.45425
3006,Purba Champaran,2,10,Bihar,06-01-2011,15517.658
3007,Munger,24,10,Bihar,06-01-2011,15535.19346
3008,Nalanda,27,10,Bihar,06-01-2011,15692.46821
3009,Nawada,36,10,Bihar,06-01-2011,15671.95009
3010,Pashchim Champaran,1,10,Bihar,06-01-2011,15390.99594
3011,Patna,28,10,Bihar,06-01-2011,15632.46406
3012,Samastipur,19,10,Bihar,06-01-2011,15484.78103
3013,Sheikhpura,26,10,Bihar,06-01-2011,15610.35742
3014,Sheohar,3,10,Bihar,06-01-2011,15382.04683
3015,Saharsa,12,10,Bihar,06-01-2011,15307.4024
3016,Sitamarhi,4,10,Bihar,06-01-2011,15248.40655
3017,Siwan,16,10,Bihar,06-01-2011,15658.84518
3018,Supaul,6,10,Bihar,06-01-2011,15140.55579
3019,Vaishali,18,10,Bihar,06-01-2011,15577.88823
3020,Kaimur (Bhabua),31,10,Bihar,06-01-2011,15851.81798
3021,Gaya,35,10,Bihar,06-01-2011,15837.38604
3022,Bhojpur,29,10,Bihar,06-01-2011,15677.2829
3023,Buxar,30,10,Bihar,06-01-2011,15735.37605
3024,Jehanabad,33,10,Bihar,06-01-2011,15773.14317
3025,Rohtas,32,10,Bihar,06-01-2011,15821.95778
3026,Araria,7,10,Bihar,06-01-2011,15090.92639
3027,Aurangabad,34,10,Bihar,06-01-2011,15891.54242
3028,Banka,23,10,Bihar,06-01-2011,15501.43587
3029,Bhagalpur,22,10,Bihar,06-01-2011,15450.74574
3030,Begusarai,20,10,Bihar,06-01-2011,15582.56267
3031,Saran,17,10,Bihar,06-01-2011,15600.24068
3032,Katihar,10,10,Bihar,06-01-2011,15206.84919
3033,Darbhanga,13,10,Bihar,06-01-2011,15333.26
3034,Gopalganj,15,10,Bihar,06-01-2011,15613.25935
3035,Kollam,13,32,Kerala,06-01-2011,15027.39115
3036,Kottayam,10,32,Kerala,06-01-2011,15030.35232
3037,Kozhikode,4,32,Kerala,06-01-2011,14999.51712
3038,Malappuram,5,32,Kerala,06-01-2011,14973.27536
3039,Palakkad,6,32,Kerala,06-01-2011,14969.76526
3040,Pathanamthitta,12,32,Kerala,06-01-2011,14990.06673
3041,Idukki,9,32,Kerala,06-01-2011,14837.00517
3042,Thrissur,7,32,Kerala,06-01-2011,15005.05163
3043,Thiruvananthapuram,14,32,Kerala,06-01-2011,15036.56539
3044,Wayanad,3,32,Kerala,06-01-2011,14873.76675
3045,Alappuzha,11,32,Kerala,06-01-2011,15044.00343
3046,Kasaragod,1,32,Kerala,06-01-2011,14964.52717
3047,Kannur,2,32,Kerala,06-01-2011,15034.66519
3048,Ernakulam,8,32,Kerala,06-01-2011,15039.70776
3049,Jajapur,13,21,Orissa,06-01-2011,15501.87372
3050,Jagatsinghapur,11,21,Orissa,06-01-2011,15441.4021
3051,Jharsuguda,2,21,Orissa,06-01-2011,15542.83431
3052,Khordha,17,21,Orissa,06-01-2011,15481.20112
3053,Mayurbhanj,7,21,Orissa,06-01-2011,15262.45443
3054,Puri,18,21,Orissa,06-01-2011,15469.26051
3055,Koraput,29,21,Orissa,06-01-2011,15330.86995
3056,Malkangiri,30,21,Orissa,06-01-2011,15511.74035
3057,Nabarangapur,28,21,Orissa,06-01-2011,15456.47671
3058,Nayagarh,16,21,Orissa,06-01-2011,15410.20991
3059,Nuapada,25,21,Orissa,06-01-2011,15633.25727
3060,Kandhamal,21,21,Orissa,06-01-2011,15291.56294
3061,Sambalpur,3,21,Orissa,06-01-2011,15487.15679
3062,Rayagada,27,21,Orissa,06-01-2011,15306.10536
3063,Sundargarh,5,21,Orissa,06-01-2011,15490.35504
3064,Sonapur,23,21,Orissa,06-01-2011,15701.31344
3065,Anugul,15,21,Orissa,06-01-2011,15416.54732
3066,Bhadrak,9,21,Orissa,06-01-2011,15474.31455
3067,Baudh,22,21,Orissa,06-01-2011,15549.56661
3068,Balangir,24,21,Orissa,06-01-2011,15715.7786
3069,Baleshwar,8,21,Orissa,06-01-2011,15337.17964
3070,Bargarh,1,21,Orissa,06-01-2011,15610.03673
3071,Kendrapara,10,21,Orissa,06-01-2011,15442.13361
3072,Kendujhar,6,21,Orissa,06-01-2011,15323.93783
3073,Debagarh,4,21,Orissa,06-01-2011,15390.01981
3074,Cuttack,12,21,Orissa,06-01-2011,15459.85619
3075,Dhenkanal,14,21,Orissa,06-01-2011,15401.6451
3076,Kalahandi,26,21,Orissa,06-01-2011,15565.39262
3077,Ganjam,19,21,Orissa,06-01-2011,15398.58084
3078,Gajapati,20,21,Orissa,06-01-2011,15241.39296
3079,Jalandhar,4,3,Punjab,06-01-2011,15353.23989
3080,Kapurthala,3,3,Punjab,06-01-2011,15330.69687
3081,Ludhiana,9,3,Punjab,06-01-2011,15332.60584
3082,Mansa,15,3,Punjab,06-01-2011,15524.21085
3083,Moga,10,3,Punjab,06-01-2011,15309.36862
3084,Muktsar,12,3,Punjab,06-01-2011,15581.63821
3085,Nawanshahr,6,3,Punjab,06-01-2011,15318.28721
3086,Patiala,17,3,Punjab,06-01-2011,15302.69087
3087,Sangrur,16,3,Punjab,06-01-2011,15316.81836
3088,Hoshiarpur,5,3,Punjab,06-01-2011,15296.81404
3089,Rupnagar,7,3,Punjab,06-01-2011,15334.02879
3090,Amritsar,2,3,Punjab,06-01-2011,15380.63812
3091,Firozpur,11,3,Punjab,06-01-2011,15486.83085
3092,Bathinda,14,3,Punjab,06-01-2011,15545.26931
3093,Gurdaspur,1,3,Punjab,06-01-2011,15367.17425
3094,Faridkot,13,3,Punjab,06-01-2011,15475.04232
3095,Fatehgarh Sahib,8,3,Punjab,06-01-2011,15292.72714
3096,North,1,11,Sikkim,06-01-2011,14094.60758
3097,South,3,11,Sikkim,06-01-2011,14698.01149
3098,West,2,11,Sikkim,06-01-2011,14367.44502
3099,East,4,11,Sikkim,06-01-2011,14529.0699
3100,Jamnagar,10,24,Gujarat,06-01-2011,15450.62485
3101,Kheda,16,24,Gujarat,06-01-2011,15690.06553
3102,Mahesana,4,24,Gujarat,06-01-2011,15694.2914
3103,Narmada,20,24,Gujarat,06-01-2011,15568.04507
3104,Navsari,24,24,Gujarat,06-01-2011,15478.57342
3105,Panch Mahals,17,24,Gujarat,06-01-2011,15740.52503
3106,Patan,3,24,Gujarat,06-01-2011,15733.19186
3107,Porbandar,11,24,Gujarat,06-01-2011,15368.63801
3108,Rajkot,9,24,Gujarat,06-01-2011,15576.0523
3109,Sabar Kantha,5,24,Gujarat,06-01-2011,15673.20448
3110,Surendranagar,8,24,Gujarat,06-01-2011,15630.7291
3111,The Dangs,23,24,Gujarat,06-01-2011,15540.67548
3112,Vadodara,19,24,Gujarat,06-01-2011,15641.73533
3113,Valsad,25,24,Gujarat,06-01-2011,15498.14056
3114,Bharuch,21,24,Gujarat,06-01-2011,15543.9707
3115,Surat,22,24,Gujarat,06-01-2011,15502.45478
3116,Anand,15,24,Gujarat,06-01-2011,15686.86698
3117,Ahmadabad,7,24,Gujarat,06-01-2011,15669.29545
3118,Amreli,13,24,Gujarat,06-01-2011,15558.39301
3119,Bhavnagar,14,24,Gujarat,06-01-2011,15602.13053
3120,Banas Kantha,2,24,Gujarat,06-01-2011,15666.7808
3121,Dohad,18,24,Gujarat,06-01-2011,15715.55298
3122,Junagadh,12,24,Gujarat,06-01-2011,15474.18087
3123,Kachchh,1,24,Gujarat,06-01-2011,15641.89062
3124,Gandhinagar,6,24,Gujarat,06-01-2011,15557.15639
3125,Jind,9,6,Haryana,06-01-2011,15502.93238
3126,Kaithal,5,6,Haryana,06-01-2011,15353.73569
3127,Karnal,6,6,Haryana,06-01-2011,15320.14686
3128,Kurukshetra,4,6,Haryana,06-01-2011,15249.3355
3129,Panchkula,1,6,Haryana,06-01-2011,15282.99989
3130,Panipat,7,6,Haryana,06-01-2011,15400.55727
3131,Hisar,12,6,Haryana,06-01-2011,15546.2473
3132,Rohtak,14,6,Haryana,06-01-2011,15541.34333
3133,Sirsa,11,6,Haryana,06-01-2011,15621.26231
3134,Sonipat,8,6,Haryana,06-01-2011,15580.4524
3135,Yamunanagar,3,6,Haryana,06-01-2011,15202.59168
3136,Jhajjar,15,6,Haryana,06-01-2011,15658.5435
3137,Mahendragarh,16,6,Haryana,06-01-2011,15715.08164
3138,Rewari,17,6,Haryana,06-01-2011,15643.16795
3139,Bhiwani,13,6,Haryana,06-01-2011,15664.82488
3140,Ambala,2,6,Haryana,06-01-2011,15260.77555
3141,Gurgaon,18,6,Haryana,06-01-2011,15634.08576
3142,Faridabad,19,6,Haryana,06-01-2011,15580.70131
3143,Fatehabad,10,6,Haryana,06-01-2011,15569.08552
3144,Imphal East,7,14,Manipur,06-01-2011,15240.38955
3145,Imphal West,6,14,Manipur,06-01-2011,15130.65391
3146,Senapati (Excl. 3 sub-divisions),1,14,Manipur,06-01-2011,15003.5409
3147,Tamenglong,2,14,Manipur,06-01-2011,15033.11583
3148,Thoubal,5,14,Manipur,06-01-2011,15170.06749
3149,Ukhrul,8,14,Manipur,06-01-2011,14976.26933
3150,Bishnupur,4,14,Manipur,06-01-2011,15093.83345
3151,Chandel,9,14,Manipur,06-01-2011,14987.29999
3152,Churachandpur,3,14,Manipur,06-01-2011,15009.88511
3153,Kolasib,2,15,Mizoram,06-01-2011,15083.8196
3154,Mamit,1,15,Mizoram,06-01-2011,15043.99079
3155,Lunglei,6,15,Mizoram,06-01-2011,15029.90696
3156,Lawngtlai,7,15,Mizoram,06-01-2011,15105.4461
3157,Saiha,8,15,Mizoram,06-01-2011,15016.87664
3158,Serchhip,5,15,Mizoram,06-01-2011,14986.16105
3159,Aizawl,3,15,Mizoram,06-01-2011,15010.60522
3160,Champhai,4,15,Mizoram,06-01-2011,14955.35126
3161,North Tripura,4,16,Tripura,06-01-2011,15076.35795
3162,South Tripura,2,16,Tripura,06-01-2011,15120.45388
3163,West Tripura,1,16,Tripura,06-01-2011,15178.32416
3164,Dhalai,3,16,Tripura,06-01-2011,15085.46431
3165,Mokokchung,3,13,Nagaland,06-01-2011,15096.17919
3166,Mon,1,13,Nagaland,06-01-2011,15110.82984
3167,Phek,8,13,Nagaland,06-01-2011,14989.3314
3168,Tuensang,2,13,Nagaland,06-01-2011,14974.60837
3169,Wokha,5,13,Nagaland,06-01-2011,15098.96539
3170,Zunheboto,4,13,Nagaland,06-01-2011,14938.74207
3171,Dimapur,6,13,Nagaland,06-01-2011,15197.8737
3172,Kohima,7,13,Nagaland,06-01-2011,15020.27021
3173,Purbi Singhbhum,18,20,Jharkhand,06-01-2011,15329.11046
3174,Lohardaga,15,20,Jharkhand,06-01-2011,15505.60819
3175,Pakaur,10,20,Jharkhand,06-01-2011,15395.10529
3176,Pashchimi Singhbhum,17,20,Jharkhand,06-01-2011,15416.37004
3177,Ranchi,14,20,Jharkhand,06-01-2011,15449.84312
3178,Sahibganj,9,20,Jharkhand,06-01-2011,15331.88245
3179,Garhwa,1,20,Jharkhand,06-01-2011,15864.86492
3180,Palamu,2,20,Jharkhand,06-01-2011,15801.46947
3181,Chatra,3,20,Jharkhand,06-01-2011,15762.73311
3182,Hazaribagh,4,20,Jharkhand,06-01-2011,15463.73595
3183,Kodarma,5,20,Jharkhand,06-01-2011,15563.8693
3184,Bokaro,13,20,Jharkhand,06-01-2011,15420.42837
3185,Deoghar,7,20,Jharkhand,06-01-2011,15502.495
3186,Dhanbad,12,20,Jharkhand,06-01-2011,15431.5822
3187,Dumka,11,20,Jharkhand,06-01-2011,15433.24115
3188,Giridih,6,20,Jharkhand,06-01-2011,15505.8069
3189,Godda,8,20,Jharkhand,06-01-2011,15457.36173
3190,Gumla,16,20,Jharkhand,06-01-2011,15514.50405
3191,Kodagu,25,29,Karnataka,06-01-2011,14816.80622
3192,Kolar,19,29,Karnataka,06-01-2011,15385.51536
3193,Mandya,22,29,Karnataka,06-01-2011,15168.02972
3194,Koppal,7,29,Karnataka,06-01-2011,15416.61213
3195,Mysore,26,29,Karnataka,06-01-2011,15095.79991
3196,Raichur,6,29,Karnataka,06-01-2011,15536.57068
3197,Hassan,23,29,Karnataka,06-01-2011,15063.94992
3198,Haveri,11,29,Karnataka,06-01-2011,15007.99979
3199,Shimoga,15,29,Karnataka,06-01-2011,14920.2126
3200,Tumkur,18,29,Karnataka,06-01-2011,15336.86428
3201,Udupi,16,29,Karnataka,06-01-2011,14938.82057
3202,Uttara Kannada,10,29,Karnataka,06-01-2011,15009.12967
3203,Bagalkot,2,29,Karnataka,06-01-2011,15418.46023
3204,Bangalore,20,29,Karnataka,06-01-2011,15100.54916
3205,Bidar,5,29,Karnataka,06-01-2011,15695.73132
3206,Bijapur,3,29,Karnataka,06-01-2011,15587.55282
3207,Belgaum,1,29,Karnataka,06-01-2011,15450.78983
3208,Bellary,12,29,Karnataka,06-01-2011,15358.02877
3209,Bangalore Rural,21,29,Karnataka,06-01-2011,15191.63863
3210,Chamarajanagar,27,29,Karnataka,06-01-2011,15122.67772
3211,Chikmagalur,17,29,Karnataka,06-01-2011,15049.86144
3212,Chitradurga,13,29,Karnataka,06-01-2011,15458.25106
3213,Dakshina Kannada,24,29,Karnataka,06-01-2011,15028.75066
3214,Davanagere,14,29,Karnataka,06-01-2011,15113.61009
3215,Dharwad,9,29,Karnataka,06-01-2011,15320.32495
3216,Gulbarga,4,29,Karnataka,06-01-2011,15688.06789
3217,Gadag,8,29,Karnataka,06-01-2011,15394.49461
3218,Jaintia Hills,7,17,Meghalaya,06-01-2011,14972.97913
3219,Ri Bhoi,5,17,Meghalaya,06-01-2011,15022.94733
3220,South Garo Hills,3,17,Meghalaya,06-01-2011,14992.90261
3221,West Garo Hills,1,17,Meghalaya,06-01-2011,15078.51944
3222,West Khasi Hills,4,17,Meghalaya,06-01-2011,14932.79803
3223,East Garo Hills,2,17,Meghalaya,06-01-2011,15028.71352
3224,East Khasi Hills,6,17,Meghalaya,06-01-2011,14879.54216
3225,Jaipur,12,8,Rajasthan,06-01-2011,15790.72689
3226,Jaisalmer,16,8,Rajasthan,06-01-2011,15993.29499
3227,Jalor,18,8,Rajasthan,06-01-2011,15778.40772
3228,Jhalawar,32,8,Rajasthan,06-01-2011,15898.19692
3229,Jhunjhunun,5,8,Rajasthan,06-01-2011,15770.744
3230,Jodhpur,15,8,Rajasthan,06-01-2011,15866.11754
3231,Kota,30,8,Rajasthan,06-01-2011,15898.81669
3232,Nagaur,14,8,Rajasthan,06-01-2011,15833.71936
3233,Pali,20,8,Rajasthan,06-01-2011,15857.1708
3234,Rajsamand,25,8,Rajasthan,06-01-2011,15781.93689
3235,Sawai Madhopur,10,8,Rajasthan,06-01-2011,15853.93414
3236,Sirohi,19,8,Rajasthan,06-01-2011,15730.38411
3237,Tonk,22,8,Rajasthan,06-01-2011,15900.64064
3238,Sikar,13,8,Rajasthan,06-01-2011,15786.99395
3239,Alwar,6,8,Rajasthan,06-01-2011,15696.63755
3240,Udaipur,26,8,Rajasthan,06-01-2011,15740.39385
3241,Ganganagar,1,8,Rajasthan,06-01-2011,15716.58584
3242,Hanumangarh,2,8,Rajasthan,06-01-2011,15677.91383
3243,Baran,31,8,Rajasthan,06-01-2011,15921.5939
3244,Ajmer,21,8,Rajasthan,06-01-2011,15846.65601
3245,Banswara,28,8,Rajasthan,06-01-2011,15705.89483
3246,Barmer,17,8,Rajasthan,06-01-2011,15826.26911
3247,Bhilwara,24,8,Rajasthan,06-01-2011,15887.30436
3248,Bikaner,3,8,Rajasthan,06-01-2011,15883.87891
3249,Bharatpur,7,8,Rajasthan,06-01-2011,15855.30427
3250,Bundi,23,8,Rajasthan,06-01-2011,15891.06915
3251,Chittaurgarh,29,8,Rajasthan,06-01-2011,15781.09536
3252,Churu,4,8,Rajasthan,06-01-2011,15742.99595
3253,Dausa,11,8,Rajasthan,06-01-2011,15793.30418
3254,Dhaulpur,8,8,Rajasthan,06-01-2011,15855.10448
3255,Dungarpur,27,8,Rajasthan,06-01-2011,15768.05603
3256,Karauli,9,8,Rajasthan,06-01-2011,15819.13465
3257,Pondicherry,2,34,Puducherry,06-01-2011,15471.22122
3258,Yanam,1,34,Puducherry,06-01-2011,15381.96377
3259,Karaikal,4,34,Puducherry,06-01-2011,15615.31914
3260,Mahe,3,34,Puducherry,06-01-2011,15100.52415
3261,Kanniyakumari,30,33,Tamil Nadu,06-01-2011,15065.37615
3262,Karur,14,33,Tamil Nadu,06-01-2011,15698.35719
3263,Madurai,24,33,Tamil Nadu,06-01-2011,15616.88462
3264,Namakkal,9,33,Tamil Nadu,06-01-2011,15456.27699
3265,The Nilgiris,11,33,Tamil Nadu,06-01-2011,14709.36523
3266,Perambalur,16,33,Tamil Nadu,06-01-2011,15692.70706
3267,Pudukkottai,22,33,Tamil Nadu,06-01-2011,15576.72097
3268,Ramanathapuram,27,33,Tamil Nadu,06-01-2011,15755.0644
3269,Salem,8,33,Tamil Nadu,06-01-2011,15443.69123
3270,Sivaganga,23,33,Tamil Nadu,06-01-2011,15711.85897
3271,Tiruchirappalli,15,33,Tamil Nadu,06-01-2011,15604.7059
3272,Tirunelveli,29,33,Tamil Nadu,06-01-2011,15520.68078
3273,Tiruvannamalai,6,33,Tamil Nadu,06-01-2011,15513.82759
3274,Thoothukkudi,28,33,Tamil Nadu,06-01-2011,15783.05514
3275,Theni,25,33,Tamil Nadu,06-01-2011,15328.71258
3276,Vellore,4,33,Tamil Nadu,06-01-2011,15493.56332
3277,Viluppuram,7,33,Tamil Nadu,06-01-2011,15570.66229
3278,Virudhunagar,26,33,Tamil Nadu,06-01-2011,15805.55318
3279,Chennai,2,33,Tamil Nadu,06-01-2011,15490.98255
3280,Kancheepuram,3,33,Tamil Nadu,06-01-2011,15572.2861
3281,Thiruvallur,1,33,Tamil Nadu,06-01-2011,15526.67959
3282,Thanjavur,21,33,Tamil Nadu,06-01-2011,15481.6143
3283,Thiruvarur,20,33,Tamil Nadu,06-01-2011,15525.32577
3284,Nagapattinam,19,33,Tamil Nadu,06-01-2011,15537.8976
3285,Ariyalur,17,33,Tamil Nadu,06-01-2011,15656.65952
3286,Coimbatore,12,33,Tamil Nadu,06-01-2011,15274.05495
3287,Cuddalore,18,33,Tamil Nadu,06-01-2011,15593.51676
3288,Dharmapuri,5,33,Tamil Nadu,06-01-2011,15373.81081
3289,Dindigul,13,33,Tamil Nadu,06-01-2011,15423.78132
3290,Erode,10,33,Tamil Nadu,06-01-2011,15403.17447
3291,Daman,2,25,Daman & Diu,06-01-2011,15440.2998
3292,Diu,1,25,Daman & Diu,06-01-2011,15294.72662
3293,Jalgaon,3,27,Maharashtra,06-01-2011,15816.66027
3294,Jalna,18,27,Maharashtra,06-01-2011,15828.8612
3295,Kolhapur,34,27,Maharashtra,06-01-2011,15434.69657
3296,Latur,28,27,Maharashtra,06-01-2011,15718.45546
3297,Pune,25,27,Maharashtra,06-01-2011,15616.92608
3298,Nagpur,9,27,Maharashtra,06-01-2011,15824.08963
3299,Mumbai,23,27,Maharashtra,06-01-2011,15214.69722
3300,Mumbai (Suburban),22,27,Maharashtra,06-01-2011,15213.26883
3301,Nanded,15,27,Maharashtra,06-01-2011,15778.29269
3302,Nandurbar,1,27,Maharashtra,06-01-2011,15655.30731
3303,Nashik,20,27,Maharashtra,06-01-2011,15687.30448
3304,Osmanabad,29,27,Maharashtra,06-01-2011,15657.97276
3305,Parbhani,17,27,Maharashtra,06-01-2011,15816.07911
3306,Sangli,35,27,Maharashtra,06-01-2011,15530.06611
3307,Satara,31,27,Maharashtra,06-01-2011,15628.1966
3308,Hingoli,16,27,Maharashtra,06-01-2011,15785.13278
3309,Ratnagiri,32,27,Maharashtra,06-01-2011,15524.24133
3310,Raigarh,24,27,Maharashtra,06-01-2011,15567.27654
3311,Thane,21,27,Maharashtra,06-01-2011,15590.136
3312,Solapur,30,27,Maharashtra,06-01-2011,15632.00937
3313,Sindhudurg,33,27,Maharashtra,06-01-2011,15239.40181
3314,Wardha,8,27,Maharashtra,06-01-2011,15922.43406
3315,Washim,6,27,Maharashtra,06-01-2011,15852.06392
3316,Yavatmal,14,27,Maharashtra,06-01-2011,15876.79742
3317,Aurangabad,19,27,Maharashtra,06-01-2011,15773.0132
3318,Ahmadnagar,26,27,Maharashtra,06-01-2011,15692.52104
3319,Akola,5,27,Maharashtra,06-01-2011,15808.90858
3320,Amravati,7,27,Maharashtra,06-01-2011,15762.93699
3321,Bid,27,27,Maharashtra,06-01-2011,15719.32941
3322,Bhandara,10,27,Maharashtra,06-01-2011,15767.47644
3323,Buldana,4,27,Maharashtra,06-01-2011,15828.67241
3324,Chandrapur,13,27,Maharashtra,06-01-2011,15837.93267
3325,Dhule,2,27,Maharashtra,06-01-2011,15803.52708
3326,Gadchiroli,12,27,Maharashtra,06-01-2011,15715.5284
3327,Gondiya,11,27,Maharashtra,06-01-2011,15691.75333
3328,Nainital,11,5,Uttarakhand,06-01-2011,15179.78657
3329,Pithoragarh,7,5,Uttarakhand,06-01-2011,14482.02299
3330,Hardwar,13,5,Uttarakhand,06-01-2011,15206.12055
3331,Rudraprayag,3,5,Uttarakhand,06-01-2011,14625.32712
3332,Tehri Garhwal,4,5,Uttarakhand,06-01-2011,14904.10591
3333,Udham Singh Nagar,12,5,Uttarakhand,06-01-2011,15295.75822
3334,Uttarkashi,1,5,Uttarakhand,06-01-2011,14508.81083
3335,Bageshwar,8,5,Uttarakhand,06-01-2011,14731.99419
3336,Almora,9,5,Uttarakhand,06-01-2011,15072.83334
3337,Chamoli,2,5,Uttarakhand,06-01-2011,14407.41224
3338,Champawat,10,5,Uttarakhand,06-01-2011,15071.27772
3339,Dehradun,5,5,Uttarakhand,06-01-2011,15146.23433
3340,Garhwal,6,5,Uttarakhand,06-01-2011,15102.78416
3341,Jalpaiguri,2,19,West Bengal,06-01-2011,15097.83172
3342,Koch Bihar,3,19,West Bengal,06-01-2011,15038.64858
3343,Murshidabad,7,19,West Bengal,06-01-2011,15236.81864
3344,Puruliya,14,19,West Bengal,06-01-2011,15447.07007
3345,Kolkata,17,19,West Bengal,06-01-2011,15499.33065
3346,Maldah,6,19,West Bengal,06-01-2011,15199.62896
3347,Nadia,10,19,West Bengal,06-01-2011,15259.78414
3348,North Twenty Four Parganas,11,19,West Bengal,06-01-2011,15217.98639
3349,Medinipur,15,19,West Bengal,06-01-2011,15396.97115
3350,Hugli,12,19,West Bengal,06-01-2011,15306.67717
3351,South  Twenty Four Parganas,18,19,West Bengal,06-01-2011,15372.06993
3352,Uttar Dinajpur,4,19,West Bengal,06-01-2011,15073.61593
3353,Barddhaman,9,19,West Bengal,06-01-2011,15392.68855
3354,Birbhum,8,19,West Bengal,06-01-2011,15433.91266
3355,Bankura,13,19,West Bengal,06-01-2011,15387.95283
3356,Dakshin Dinajpur,5,19,West Bengal,06-01-2011,15112.36751
3357,Darjiling,1,19,West Bengal,06-01-2011,14936.40007
3358,Haora,16,19,West Bengal,06-01-2011,15385.57353
3359,Jashpur,3,22,Chhattisgarh,06-01-2011,15520.00522
3360,Koriya,1,22,Chhattisgarh,06-01-2011,15699.56911
3361,Mahasamund,12,22,Chhattisgarh,06-01-2011,15687.0288
3362,Raigarh,4,22,Chhattisgarh,06-01-2011,15636.04511
3363,Raipur,11,22,Chhattisgarh,06-01-2011,15679.96301
3364,Rajnandgaon,9,22,Chhattisgarh,06-01-2011,15724.19631
3365,Surguja,2,22,Chhattisgarh,06-01-2011,15716.67528
3366,Bilaspur,7,22,Chhattisgarh,06-01-2011,15721.96775
3367,Janjgir - Champa,6,22,Chhattisgarh,06-01-2011,15775.69213
3368,Korba,5,22,Chhattisgarh,06-01-2011,15646.15919
3369,Kawardha,8,22,Chhattisgarh,06-01-2011,15765.74711
3370,Bastar,15,22,Chhattisgarh,06-01-2011,15451.40803
3371,Dantewada,16,22,Chhattisgarh,06-01-2011,15532.60745
3372,Dhamtari,13,22,Chhattisgarh,06-01-2011,15647.25744
3373,Durg,10,22,Chhattisgarh,06-01-2011,15810.82647
3374,Kanker,14,22,Chhattisgarh,06-01-2011,15630.89082
3375,Central,6,7,Delhi  & NCR,06-01-2011,15425.08062
3376,East,4,7,Delhi  & NCR,06-01-2011,15404.98249
3377,New Delhi,5,7,Delhi  & NCR,06-01-2011,15376.1457
3378,North,2,7,Delhi  & NCR,06-01-2011,15401.46256
3379,North East,3,7,Delhi  & NCR,06-01-2011,15445.57842
3380,North West,1,7,Delhi  & NCR,06-01-2011,15572.35861
3381,South,9,7,Delhi  & NCR,06-01-2011,15406.02383
3382,South West,8,7,Delhi  & NCR,06-01-2011,15562.70607
3383,West,7,7,Delhi  & NCR,06-01-2011,15480.01111
3384,Jalaun,35,9,Uttar Pradesh,06-01-2011,15814.46532
3385,Jaunpur,64,9,Uttar Pradesh,06-01-2011,15749.89413
3386,Jhansi,36,9,Uttar Pradesh,06-01-2011,15811.03588
3387,Jyotiba Phule Nagar,6,9,Uttar Pradesh,06-01-2011,15321.52214
3388,Kannauj,30,9,Uttar Pradesh,06-01-2011,15712.20814
3389,Kanpur Nagar,34,9,Uttar Pradesh,06-01-2011,15678.99428
3390,Kaushambi,44,9,Uttar Pradesh,06-01-2011,15835.78365
3391,Kheri,23,9,Uttar Pradesh,06-01-2011,15324.44831
3392,Mirzapur,69,9,Uttar Pradesh,06-01-2011,16002.47125
3393,Moradabad,4,9,Uttar Pradesh,06-01-2011,15304.99877
3394,Muzaffarnagar,2,9,Uttar Pradesh,06-01-2011,15236.23704
3395,Rae Bareli,28,9,Uttar Pradesh,06-01-2011,15690.78041
3396,Kushinagar,59,9,Uttar Pradesh,06-01-2011,15473.68081
3397,Lucknow,27,9,Uttar Pradesh,06-01-2011,15535.30157
3398,Lalitpur,37,9,Uttar Pradesh,06-01-2011,15823.20992
3399,Mahrajganj,57,9,Uttar Pradesh,06-01-2011,15482.05983
3400,Mahoba,39,9,Uttar Pradesh,06-01-2011,15815.23839
3401,Mainpuri,18,9,Uttar Pradesh,06-01-2011,15696.77169
3402,Mathura,14,9,Uttar Pradesh,06-01-2011,15733.59654
3403,Mau,62,9,Uttar Pradesh,06-01-2011,15644.4593
3404,Meerut,7,9,Uttar Pradesh,06-01-2011,15317.44267
3405,Pilibhit,21,9,Uttar Pradesh,06-01-2011,15255.05563
3406,Pratapgarh,43,9,Uttar Pradesh,06-01-2011,15663.75647
3407,Rampur,5,9,Uttar Pradesh,06-01-2011,15227.93049
3408,Sant Ravidas Nagar Bhadohi,68,9,Uttar Pradesh,06-01-2011,15976.16302
3409,Sant Kabir Nagar,56,9,Uttar Pradesh,06-01-2011,15551.23385
3410,Shahjahanpur,22,9,Uttar Pradesh,06-01-2011,15451.24206
3411,Hathras,13,9,Uttar Pradesh,06-01-2011,15637.77822
3412,Shrawasti,51,9,Uttar Pradesh,06-01-2011,15387.31143
3413,Saharanpur,1,9,Uttar Pradesh,06-01-2011,15184.57772
3414,Sitapur,24,9,Uttar Pradesh,06-01-2011,15465.78821
3415,Sultanpur,49,9,Uttar Pradesh,06-01-2011,15654.06304
3416,Sonbhadra,70,9,Uttar Pradesh,06-01-2011,15812.90265
3417,Siddharthnagar,54,9,Uttar Pradesh,06-01-2011,15616.67945
3418,Unnao,26,9,Uttar Pradesh,06-01-2011,15756.68415
3419,Varanasi,67,9,Uttar Pradesh,06-01-2011,15896.87568
3420,Bulandshahr,11,9,Uttar Pradesh,06-01-2011,15518.15083
3421,Gautam Buddha Nagar,10,9,Uttar Pradesh,06-01-2011,15578.91923
3422,Ghaziabad,9,9,Uttar Pradesh,06-01-2011,15437.15028
3423,Auraiya,32,9,Uttar Pradesh,06-01-2011,15820.53317
3424,Azamgarh,61,9,Uttar Pradesh,06-01-2011,15668.64636
3425,Budaun,19,9,Uttar Pradesh,06-01-2011,15541.78387
3426,Agra,15,9,Uttar Pradesh,06-01-2011,15822.40342
3427,Aligarh,12,9,Uttar Pradesh,06-01-2011,15627.21827
3428,Allahabad,45,9,Uttar Pradesh,06-01-2011,15931.54816
3429,Ambedkar Nagar,48,9,Uttar Pradesh,06-01-2011,15520.73991
3430,Bareilly,20,9,Uttar Pradesh,06-01-2011,15334.25091
3431,Bijnor,3,9,Uttar Pradesh,06-01-2011,15222.35034
3432,Basti,55,9,Uttar Pradesh,06-01-2011,15463.48482
3433,Baghpat,8,9,Uttar Pradesh,06-01-2011,15367.81452
3434,Bahraich,50,9,Uttar Pradesh,06-01-2011,15422.04148
3435,Ballia,63,9,Uttar Pradesh,06-01-2011,15613.49195
3436,Balrampur,52,9,Uttar Pradesh,06-01-2011,15368.96513
3437,Banda,40,9,Uttar Pradesh,06-01-2011,15912.97385
3438,Barabanki,46,9,Uttar Pradesh,06-01-2011,15399.98382
3439,Chitrakoot,41,9,Uttar Pradesh,06-01-2011,15855.95339
3440,Chandauli,66,9,Uttar Pradesh,06-01-2011,15932.76639
3441,Deoria,60,9,Uttar Pradesh,06-01-2011,15623.61215
3442,Etah,17,9,Uttar Pradesh,06-01-2011,15682.3767
3443,Kanpur Dehat,33,9,Uttar Pradesh,06-01-2011,15852.57084
3444,Etawah,31,9,Uttar Pradesh,06-01-2011,15746.76567
3445,Faizabad,47,9,Uttar Pradesh,06-01-2011,15514.59657
3446,Ghazipur,65,9,Uttar Pradesh,06-01-2011,15845.50548
3447,Gonda,53,9,Uttar Pradesh,06-01-2011,15441.20321
3448,Gorakhpur,58,9,Uttar Pradesh,06-01-2011,15575.02524
3449,Farrukhabad,29,9,Uttar Pradesh,06-01-2011,15605.08812
3450,Fatehpur,42,9,Uttar Pradesh,06-01-2011,15822.96604
3451,Firozabad,16,9,Uttar Pradesh,06-01-2011,15779.07072
3452,Hamirpur,38,9,Uttar Pradesh,06-01-2011,15862.23926
3453,Hardoi,25,9,Uttar Pradesh,06-01-2011,15660.26368
3454,Khammam,10,28,Andhra Pradesh,06-01-2011,15571.31451
3455,Medak,4,28,Andhra Pradesh,06-01-2011,15675.67672
3456,Krishna,16,28,Andhra Pradesh,06-01-2011,15547.57298
3457,Kurnool,21,28,Andhra Pradesh,06-01-2011,15617.54754
3458,Mahbubnagar,7,28,Andhra Pradesh,06-01-2011,15550.17693
3459,Nalgonda,8,28,Andhra Pradesh,06-01-2011,15655.2152
3460,Nellore,19,28,Andhra Pradesh,06-01-2011,15547.33137
3461,Nizamabad,2,28,Andhra Pradesh,06-01-2011,15701.64316
3462,Prakasam,18,28,Andhra Pradesh,06-01-2011,15617.42493
3463,Hyderabad,5,28,Andhra Pradesh,06-01-2011,15514.58942
3464,Rangareddi,6,28,Andhra Pradesh,06-01-2011,15598.81857
3465,Srikakulam,11,28,Andhra Pradesh,06-01-2011,15444.55335
3466,West Godavari,15,28,Andhra Pradesh,06-01-2011,15445.03273
3467,Visakhapatnam,13,28,Andhra Pradesh,06-01-2011,15276.84329
3468,Vizianagaram,12,28,Andhra Pradesh,06-01-2011,15369.51683
3469,Warangal,9,28,Andhra Pradesh,06-01-2011,15704.98952
3470,Anantapur,22,28,Andhra Pradesh,06-01-2011,15603.48357
3471,Adilabad,1,28,Andhra Pradesh,06-01-2011,15817.88923
3472,Chittoor,23,28,Andhra Pradesh,06-01-2011,15494.87986
3473,Cuddapah,20,28,Andhra Pradesh,06-01-2011,15590.8544
3474,East Godavari,14,28,Andhra Pradesh,06-01-2011,15366.785
3475,Karimnagar,3,28,Andhra Pradesh,06-01-2011,15765.68367
3476,Guntur,17,28,Andhra Pradesh,06-01-2011,15669.67835
3477,Jabalpur,39,23,Madhya Pradesh,06-01-2011,15882.89802
3478,Jhabua,24,23,Madhya Pradesh,06-01-2011,15717.73491
3479,Mandsaur,19,23,Madhya Pradesh,06-01-2011,15845.84874
3480,Tikamgarh,8,23,Madhya Pradesh,06-01-2011,15852.68554
3481,Narsimhapur,40,23,Madhya Pradesh,06-01-2011,15799.52886
3482,Neemuch,18,23,Madhya Pradesh,06-01-2011,15829.29659
3483,Panna,10,23,Madhya Pradesh,06-01-2011,15801.13234
3484,Raisen,34,23,Madhya Pradesh,06-01-2011,15877.34508
3485,Rajgarh,30,23,Madhya Pradesh,06-01-2011,15913.97571
3486,Satna,13,23,Madhya Pradesh,06-01-2011,15824.38285
3487,Sehore,33,23,Madhya Pradesh,06-01-2011,15881.52454
3488,Seoni,44,23,Madhya Pradesh,06-01-2011,15855.42984
3489,Hoshangabad,37,23,Madhya Pradesh,06-01-2011,15804.71039
3490,Indore,26,23,Madhya Pradesh,06-01-2011,15723.46457
3491,Shajapur,22,23,Madhya Pradesh,06-01-2011,15880.02316
3492,Shivpuri,6,23,Madhya Pradesh,06-01-2011,15833.35456
3493,Ratlam,20,23,Madhya Pradesh,06-01-2011,15762.5541
3494,Rewa,14,23,Madhya Pradesh,06-01-2011,15976.67887
3495,Sagar,11,23,Madhya Pradesh,06-01-2011,15913.37629
3496,Sidhi,17,23,Madhya Pradesh,06-01-2011,15837.06089
3497,Ujjain,21,23,Madhya Pradesh,06-01-2011,15769.73075
3498,Vidisha,31,23,Madhya Pradesh,06-01-2011,15862.49659
3499,West Nimar,27,23,Madhya Pradesh,06-01-2011,15845.31341
3500,Morena,2,23,Madhya Pradesh,06-01-2011,15842.9106
3501,Sheopur,1,23,Madhya Pradesh,06-01-2011,15863.7968
3502,Dindori,41,23,Madhya Pradesh,06-01-2011,15740.61955
3503,Mandla,42,23,Madhya Pradesh,06-01-2011,15830.76274
3504,Shahdol,16,23,Madhya Pradesh,06-01-2011,15793.9386
3505,Umaria,15,23,Madhya Pradesh,06-01-2011,15754.66641
3506,Bhind,3,23,Madhya Pradesh,06-01-2011,15848.74764
3507,Bhopal,32,23,Madhya Pradesh,06-01-2011,15866.51157
3508,Barwani,28,23,Madhya Pradesh,06-01-2011,15794.43134
3509,Betul,35,23,Madhya Pradesh,06-01-2011,15722.14404
3510,Balaghat,45,23,Madhya Pradesh,06-01-2011,15655.48858
3511,Chhatarpur,9,23,Madhya Pradesh,06-01-2011,15858.68878
3512,Chhindwara,43,23,Madhya Pradesh,06-01-2011,15821.93119
3513,Dewas,23,23,Madhya Pradesh,06-01-2011,15823.44563
3514,Katni,38,23,Madhya Pradesh,06-01-2011,15837.47813
3515,Datia,5,23,Madhya Pradesh,06-01-2011,15785.27099
3516,Damoh,12,23,Madhya Pradesh,06-01-2011,15915.20956
3517,Dhar,25,23,Madhya Pradesh,06-01-2011,15753.75487
3518,East Nimar,29,23,Madhya Pradesh,06-01-2011,15795.83915
3519,Guna,7,23,Madhya Pradesh,06-01-2011,15888.43891
3520,Gwalior,4,23,Madhya Pradesh,06-01-2011,15761.20545
3521,Harda,36,23,Madhya Pradesh,06-01-2011,15796.25944
3522,Kangra,2,2,Himachal Pradesh,06-01-2011,15034.15774
3523,Kinnaur,12,2,Himachal Pradesh,06-01-2011,14431.63835
3524,Lahul & Spiti,3,2,Himachal Pradesh,06-01-2011,14402.8131
3525,Kullu,4,2,Himachal Pradesh,06-01-2011,14420.62401
3526,Mandi,5,2,Himachal Pradesh,06-01-2011,14960.68391
3527,Shimla,11,2,Himachal Pradesh,06-01-2011,14735.10869
3528,Sirmaur,10,2,Himachal Pradesh,06-01-2011,15101.66486
3529,Solan,9,2,Himachal Pradesh,06-01-2011,15165.50083
3530,Una,7,2,Himachal Pradesh,06-01-2011,15250.86504
3531,Bilaspur,8,2,Himachal Pradesh,06-01-2011,15141.29829
3532,Chamba,1,2,Himachal Pradesh,06-01-2011,14668.2206
3533,Hamirpur,6,2,Himachal Pradesh,06-01-2011,15190.82398
3534,Jammu,13,1,Jammu and Kashmir,06-01-2011,15469.68822
3535,Kargil,8,1,Jammu and Kashmir,06-01-2011,14702.01621
3536,Kathua,14,1,Jammu and Kashmir,06-01-2011,15282.55089
3537,Leh (Ladakh),7,1,Jammu and Kashmir,06-01-2011,14719.32244
3538,Kupwara,1,1,Jammu and Kashmir,06-01-2011,14923.12671
3539,Punch,11,1,Jammu and Kashmir,06-01-2011,14994.40284
3540,Pulwama,5,1,Jammu and Kashmir,06-01-2011,15046.06218
3541,Rajauri,12,1,Jammu and Kashmir,06-01-2011,15256.10481
3542,Srinagar,3,1,Jammu and Kashmir,06-01-2011,14716.34074
3543,Udhampur,10,1,Jammu and Kashmir,06-01-2011,15086.72632
3544,Anantnag,6,1,Jammu and Kashmir,06-01-2011,14720.69078
3545,Badgam,4,1,Jammu and Kashmir,06-01-2011,14910.29372
3546,Baramula,2,1,Jammu and Kashmir,06-01-2011,14822.12502
3547,Data Not Available,99,99,Jammu and Kashmir,06-01-2011,14642.74829
3548,Doda,9,1,Jammu and Kashmir,06-01-2011,14579.86557
3549,Lohit,11,12,Arunanchal Pradesh,06-01-2011,14594.6611
3550,Lower Subansiri,5,12,Arunanchal Pradesh,06-01-2011,14617.44062
3551,Papum Pare,4,12,Arunanchal Pradesh,06-01-2011,14909.37891
3552,Tawang,1,12,Arunanchal Pradesh,06-01-2011,14286.99656
3553,Tirap,13,12,Arunanchal Pradesh,06-01-2011,15051.12172
3554,West Kameng,2,12,Arunanchal Pradesh,06-01-2011,14585.3479
3555,West Siang,7,12,Arunanchal Pradesh,06-01-2011,14706.61202
3556,Upper Siang,9,12,Arunanchal Pradesh,06-01-2011,14518.77533
3557,Upper Subansiri,6,12,Arunanchal Pradesh,06-01-2011,14486.98285
3558,Changlang,12,12,Arunanchal Pradesh,06-01-2011,14999.17639
3559,Dibang Valley,10,12,Arunanchal Pradesh,06-01-2011,14382.49921
3560,East Kameng,3,12,Arunanchal Pradesh,06-01-2011,14648.79455
3561,East Siang,8,12,Arunanchal Pradesh,06-01-2011,15088.54105
3562,Nicobars,2,35,Andaman & Nicobar Island,06-01-2011,14943.91464
3563,Andamans,1,35,Andaman & Nicobar Island,06-01-2011,14922.93608
3564,Lakshadweep,1,31,Lakshadweep,07-01-2011,14954.80142
3565,Chandigarh,1,4,Chandigarh,07-01-2011,15314.4993
3566,Dadra & Nagar Haveli,1,26,Dadara & Nagar Havelli,07-01-2011,15056.59359
3567,Data Not Available,99,99,Jammu and Kashmir,07-01-2011,14633.82644
3568,Srinagar,3,1,Jammu and Kashmir,07-01-2011,14654.95691
3569,Udhampur,10,1,Jammu and Kashmir,07-01-2011,14885.86503
3570,Anantnag,6,1,Jammu and Kashmir,07-01-2011,14630.04588
3571,Badgam,4,1,Jammu and Kashmir,07-01-2011,14806.41205
3572,Baramula,2,1,Jammu and Kashmir,07-01-2011,14762.22659
3573,Doda,9,1,Jammu and Kashmir,07-01-2011,14539.77894
3574,Jammu,13,1,Jammu and Kashmir,07-01-2011,15210.56848
3575,Kargil,8,1,Jammu and Kashmir,07-01-2011,14779.55376
3576,Kathua,14,1,Jammu and Kashmir,07-01-2011,15037.98916
3577,Leh (Ladakh),7,1,Jammu and Kashmir,07-01-2011,14895.81657
3578,Kupwara,1,1,Jammu and Kashmir,07-01-2011,14827.78275
3579,Punch,11,1,Jammu and Kashmir,07-01-2011,14841.17138
3580,Pulwama,5,1,Jammu and Kashmir,07-01-2011,14939.41002
3581,Rajauri,12,1,Jammu and Kashmir,07-01-2011,14990.57416
3582,Shimla,11,2,Himachal Pradesh,07-01-2011,14719.41797
3583,Sirmaur,10,2,Himachal Pradesh,07-01-2011,15016.46962
3584,Solan,9,2,Himachal Pradesh,07-01-2011,15042.06636
3585,Una,7,2,Himachal Pradesh,07-01-2011,15162.56696
3586,Bilaspur,8,2,Himachal Pradesh,07-01-2011,15069.99398
3587,Chamba,1,2,Himachal Pradesh,07-01-2011,14568.98917
3588,Hamirpur,6,2,Himachal Pradesh,07-01-2011,15088.6129
3589,Kangra,2,2,Himachal Pradesh,07-01-2011,14884.59564
3590,Kinnaur,12,2,Himachal Pradesh,07-01-2011,14471.61047
3591,Lahul & Spiti,3,2,Himachal Pradesh,07-01-2011,14606.4709
3592,Kullu,4,2,Himachal Pradesh,07-01-2011,14381.62318
3593,Mandi,5,2,Himachal Pradesh,07-01-2011,14893.15662
3594,Rupnagar,7,3,Punjab,07-01-2011,15221.35897
3595,Amritsar,2,3,Punjab,07-01-2011,15215.95466
3596,Firozpur,11,3,Punjab,07-01-2011,15280.81734
3597,Bathinda,14,3,Punjab,07-01-2011,15266.55509
3598,Gurdaspur,1,3,Punjab,07-01-2011,15218.90251
3599,Faridkot,13,3,Punjab,07-01-2011,15216.20703
3600,Fatehgarh Sahib,8,3,Punjab,07-01-2011,15193.33559
3601,Hoshiarpur,5,3,Punjab,07-01-2011,15191.27989
3602,Jalandhar,4,3,Punjab,07-01-2011,15226.20586
3603,Kapurthala,3,3,Punjab,07-01-2011,15213.47779
3604,Ludhiana,9,3,Punjab,07-01-2011,15197.87107
3605,Mansa,15,3,Punjab,07-01-2011,15228.72118
3606,Moga,10,3,Punjab,07-01-2011,15193.24722
3607,Muktsar,12,3,Punjab,07-01-2011,15293.27723
3608,Nawanshahr,6,3,Punjab,07-01-2011,15216.63323
3609,Patiala,17,3,Punjab,07-01-2011,15174.58246
3610,Sangrur,16,3,Punjab,07-01-2011,15153.03673
3611,Rudraprayag,3,5,Uttarakhand,07-01-2011,14469.53918
3612,Tehri Garhwal,4,5,Uttarakhand,07-01-2011,14751.48826
3613,Udham Singh Nagar,12,5,Uttarakhand,07-01-2011,15117.63888
3614,Uttarkashi,1,5,Uttarakhand,07-01-2011,14432.69034
3615,Bageshwar,8,5,Uttarakhand,07-01-2011,14606.43777
3616,Almora,9,5,Uttarakhand,07-01-2011,14934.84515
3617,Chamoli,2,5,Uttarakhand,07-01-2011,14276.45839
3618,Champawat,10,5,Uttarakhand,07-01-2011,14958.28153
3619,Dehradun,5,5,Uttarakhand,07-01-2011,15011.23543
3620,Garhwal,6,5,Uttarakhand,07-01-2011,14967.61678
3621,Hardwar,13,5,Uttarakhand,07-01-2011,15088.27939
3622,Nainital,11,5,Uttarakhand,07-01-2011,14941.29207
3623,Pithoragarh,7,5,Uttarakhand,07-01-2011,14280.96268
3624,Rohtak,14,6,Haryana,07-01-2011,15379.81307
3625,Sirsa,11,6,Haryana,07-01-2011,15392.62839
3626,Sonipat,8,6,Haryana,07-01-2011,15336.37085
3627,Yamunanagar,3,6,Haryana,07-01-2011,15188.66813
3628,Jhajjar,15,6,Haryana,07-01-2011,15431.6377
3629,Mahendragarh,16,6,Haryana,07-01-2011,15523.39772
3630,Rewari,17,6,Haryana,07-01-2011,15438.7598
3631,Bhiwani,13,6,Haryana,07-01-2011,15513.06744
3632,Ambala,2,6,Haryana,07-01-2011,15246.18803
3633,Gurgaon,18,6,Haryana,07-01-2011,15373.33276
3634,Faridabad,19,6,Haryana,07-01-2011,15356.15366
3635,Fatehabad,10,6,Haryana,07-01-2011,15282.69878
3636,Hisar,12,6,Haryana,07-01-2011,15364.66906
3637,Jind,9,6,Haryana,07-01-2011,15301.22144
3638,Kaithal,5,6,Haryana,07-01-2011,15216.76153
3639,Karnal,6,6,Haryana,07-01-2011,15226.42358
3640,Kurukshetra,4,6,Haryana,07-01-2011,15208.14526
3641,Panchkula,1,6,Haryana,07-01-2011,15148.07928
3642,Panipat,7,6,Haryana,07-01-2011,15282.38506
3643,Central,6,7,Delhi  & NCR,07-01-2011,15293.047
3644,East,4,7,Delhi  & NCR,07-01-2011,15308.35577
3645,New Delhi,5,7,Delhi  & NCR,07-01-2011,15284.12381
3646,North,2,7,Delhi  & NCR,07-01-2011,15323.97493
3647,North East,3,7,Delhi  & NCR,07-01-2011,15368.44135
3648,North West,1,7,Delhi  & NCR,07-01-2011,15349.22255
3649,South,9,7,Delhi  & NCR,07-01-2011,15311.01545
3650,South West,8,7,Delhi  & NCR,07-01-2011,15377.56959
3651,West,7,7,Delhi  & NCR,07-01-2011,15367.06804
3652,Sirohi,19,8,Rajasthan,07-01-2011,15472.91289
3653,Tonk,22,8,Rajasthan,07-01-2011,15399.91756
3654,Sikar,13,8,Rajasthan,07-01-2011,15473.6687
3655,Alwar,6,8,Rajasthan,07-01-2011,15409.35557
3656,Udaipur,26,8,Rajasthan,07-01-2011,15409.16851
3657,Ganganagar,1,8,Rajasthan,07-01-2011,15590.88819
3658,Hanumangarh,2,8,Rajasthan,07-01-2011,15570.82719
3659,Baran,31,8,Rajasthan,07-01-2011,15298.16773
3660,Ajmer,21,8,Rajasthan,07-01-2011,15466.33279
3661,Banswara,28,8,Rajasthan,07-01-2011,15524.23348
3662,Barmer,17,8,Rajasthan,07-01-2011,15592.1502
3663,Bhilwara,24,8,Rajasthan,07-01-2011,15431.27084
3664,Bikaner,3,8,Rajasthan,07-01-2011,15713.75016
3665,Bharatpur,7,8,Rajasthan,07-01-2011,15398.69961
3666,Bundi,23,8,Rajasthan,07-01-2011,15358.47868
3667,Chittaurgarh,29,8,Rajasthan,07-01-2011,15413.72964
3668,Churu,4,8,Rajasthan,07-01-2011,15590.33185
3669,Dausa,11,8,Rajasthan,07-01-2011,15453.46289
3670,Dhaulpur,8,8,Rajasthan,07-01-2011,15484.87302
3671,Dungarpur,27,8,Rajasthan,07-01-2011,15542.47099
3672,Karauli,9,8,Rajasthan,07-01-2011,15391.39024
3673,Jaipur,12,8,Rajasthan,07-01-2011,15435.8504
3674,Jaisalmer,16,8,Rajasthan,07-01-2011,15801.89722
3675,Jalor,18,8,Rajasthan,07-01-2011,15578.77161
3676,Jhalawar,32,8,Rajasthan,07-01-2011,15404.36871
3677,Jhunjhunun,5,8,Rajasthan,07-01-2011,15503.42159
3678,Jodhpur,15,8,Rajasthan,07-01-2011,15596.18749
3679,Kota,30,8,Rajasthan,07-01-2011,15335.27496
3680,Nagaur,14,8,Rajasthan,07-01-2011,15501.77848
3681,Pali,20,8,Rajasthan,07-01-2011,15548.02574
3682,Rajsamand,25,8,Rajasthan,07-01-2011,15370.68529
3683,Sawai Madhopur,10,8,Rajasthan,07-01-2011,15402.00507
3684,Shrawasti,51,9,Uttar Pradesh,07-01-2011,15092.52447
3685,Saharanpur,1,9,Uttar Pradesh,07-01-2011,15088.64025
3686,Sitapur,24,9,Uttar Pradesh,07-01-2011,15052.50818
3687,Sultanpur,49,9,Uttar Pradesh,07-01-2011,15304.4929
3688,Sonbhadra,70,9,Uttar Pradesh,07-01-2011,15262.67028
3689,Unnao,26,9,Uttar Pradesh,07-01-2011,15313.97932
3690,Varanasi,67,9,Uttar Pradesh,07-01-2011,15393.03085
3691,Bulandshahr,11,9,Uttar Pradesh,07-01-2011,15172.56053
3692,Gautam Buddha Nagar,10,9,Uttar Pradesh,07-01-2011,15319.68696
3693,Ghaziabad,9,9,Uttar Pradesh,07-01-2011,15196.45648
3694,Auraiya,32,9,Uttar Pradesh,07-01-2011,15276.5637
3695,Azamgarh,61,9,Uttar Pradesh,07-01-2011,15318.37346
3696,Budaun,19,9,Uttar Pradesh,07-01-2011,15237.38967
3697,Agra,15,9,Uttar Pradesh,07-01-2011,15380.5263
3698,Aligarh,12,9,Uttar Pradesh,07-01-2011,15230.70087
3699,Allahabad,45,9,Uttar Pradesh,07-01-2011,15395.81878
3700,Ambedkar Nagar,48,9,Uttar Pradesh,07-01-2011,15275.15993
3701,Bareilly,20,9,Uttar Pradesh,07-01-2011,15189.29309
3702,Bijnor,3,9,Uttar Pradesh,07-01-2011,15061.07418
3703,Basti,55,9,Uttar Pradesh,07-01-2011,15076.48387
3704,Baghpat,8,9,Uttar Pradesh,07-01-2011,15201.74745
3705,Bahraich,50,9,Uttar Pradesh,07-01-2011,14985.56763
3706,Ballia,63,9,Uttar Pradesh,07-01-2011,15301.58644
3707,Balrampur,52,9,Uttar Pradesh,07-01-2011,15009.20023
3708,Banda,40,9,Uttar Pradesh,07-01-2011,15373.08312
3709,Barabanki,46,9,Uttar Pradesh,07-01-2011,14957.10134
3710,Chitrakoot,41,9,Uttar Pradesh,07-01-2011,15365.93171
3711,Chandauli,66,9,Uttar Pradesh,07-01-2011,15295.3438
3712,Deoria,60,9,Uttar Pradesh,07-01-2011,15157.99296
3713,Etah,17,9,Uttar Pradesh,07-01-2011,15208.88112
3714,Kanpur Dehat,33,9,Uttar Pradesh,07-01-2011,15230.30221
3715,Etawah,31,9,Uttar Pradesh,07-01-2011,15298.0694
3716,Faizabad,47,9,Uttar Pradesh,07-01-2011,15068.64799
3717,Ghazipur,65,9,Uttar Pradesh,07-01-2011,15341.42487
3718,Gonda,53,9,Uttar Pradesh,07-01-2011,14717.30532
3719,Gorakhpur,58,9,Uttar Pradesh,07-01-2011,15220.78971
3720,Farrukhabad,29,9,Uttar Pradesh,07-01-2011,15184.49316
3721,Fatehpur,42,9,Uttar Pradesh,07-01-2011,15374.95758
3722,Firozabad,16,9,Uttar Pradesh,07-01-2011,15344.25494
3723,Hamirpur,38,9,Uttar Pradesh,07-01-2011,15332.64564
3724,Hardoi,25,9,Uttar Pradesh,07-01-2011,15131.081
3725,Hathras,13,9,Uttar Pradesh,07-01-2011,15245.75706
3726,Jalaun,35,9,Uttar Pradesh,07-01-2011,15352.99189
3727,Jaunpur,64,9,Uttar Pradesh,07-01-2011,15337.03401
3728,Jhansi,36,9,Uttar Pradesh,07-01-2011,15388.88187
3729,Jyotiba Phule Nagar,6,9,Uttar Pradesh,07-01-2011,15097.22023
3730,Kannauj,30,9,Uttar Pradesh,07-01-2011,15109.84704
3731,Kanpur Nagar,34,9,Uttar Pradesh,07-01-2011,15261.81329
3732,Kaushambi,44,9,Uttar Pradesh,07-01-2011,15427.07893
3733,Kheri,23,9,Uttar Pradesh,07-01-2011,14989.7861
3734,Mirzapur,69,9,Uttar Pradesh,07-01-2011,15403.83456
3735,Moradabad,4,9,Uttar Pradesh,07-01-2011,15123.2189
3736,Muzaffarnagar,2,9,Uttar Pradesh,07-01-2011,15110.7733
3737,Rae Bareli,28,9,Uttar Pradesh,07-01-2011,15355.26922
3738,Kushinagar,59,9,Uttar Pradesh,07-01-2011,15030.19172
3739,Lucknow,27,9,Uttar Pradesh,07-01-2011,15397.27809
3740,Lalitpur,37,9,Uttar Pradesh,07-01-2011,15280.49325
3741,Mahrajganj,57,9,Uttar Pradesh,07-01-2011,15070.79873
3742,Mahoba,39,9,Uttar Pradesh,07-01-2011,15373.94652
3743,Mainpuri,18,9,Uttar Pradesh,07-01-2011,15176.71628
3744,Mathura,14,9,Uttar Pradesh,07-01-2011,15335.83213
3745,Mau,62,9,Uttar Pradesh,07-01-2011,15239.06544
3746,Meerut,7,9,Uttar Pradesh,07-01-2011,15130.76275
3747,Pilibhit,21,9,Uttar Pradesh,07-01-2011,15065.74471
3748,Pratapgarh,43,9,Uttar Pradesh,07-01-2011,15336.89465
3749,Rampur,5,9,Uttar Pradesh,07-01-2011,15138.95878
3750,Sant Ravidas Nagar Bhadohi,68,9,Uttar Pradesh,07-01-2011,15267.83814
3751,Sant Kabir Nagar,56,9,Uttar Pradesh,07-01-2011,15294.0183
3752,Shahjahanpur,22,9,Uttar Pradesh,07-01-2011,15177.86917
3753,Sheikhpura,26,10,Bihar,07-01-2011,15353.23004
3754,Saharsa,12,10,Bihar,07-01-2011,15140.18521
3755,Sitamarhi,4,10,Bihar,07-01-2011,15164.69295
3756,Siwan,16,10,Bihar,07-01-2011,15216.07092
3757,Supaul,6,10,Bihar,07-01-2011,15168.47922
3758,Vaishali,18,10,Bihar,07-01-2011,15209.38144
3759,Kaimur (Bhabua),31,10,Bihar,07-01-2011,15316.87222
3760,Gaya,35,10,Bihar,07-01-2011,15424.69015
3761,Bhojpur,29,10,Bihar,07-01-2011,15428.69294
3762,Buxar,30,10,Bihar,07-01-2011,15383.04131
3763,Jehanabad,33,10,Bihar,07-01-2011,15414.27317
3764,Rohtas,32,10,Bihar,07-01-2011,15342.02025
3765,Araria,7,10,Bihar,07-01-2011,15238.84075
3766,Aurangabad,34,10,Bihar,07-01-2011,15462.22481
3767,Banka,23,10,Bihar,07-01-2011,15433.46384
3768,Bhagalpur,22,10,Bihar,07-01-2011,15161.11359
3769,Begusarai,20,10,Bihar,07-01-2011,15216.03677
3770,Saran,17,10,Bihar,07-01-2011,15136.67901
3771,Katihar,10,10,Bihar,07-01-2011,15061.72325
3772,Darbhanga,13,10,Bihar,07-01-2011,15199.98851
3773,Gopalganj,15,10,Bihar,07-01-2011,15063.91287
3774,Jamui,37,10,Bihar,07-01-2011,15360.30688
3775,Kishanganj,8,10,Bihar,07-01-2011,15228.32197
3776,Muzaffarpur,14,10,Bihar,07-01-2011,15201.569
3777,Purnia,9,10,Bihar,07-01-2011,15205.0855
3778,Khagaria,21,10,Bihar,07-01-2011,15180.10468
3779,Madhubani,5,10,Bihar,07-01-2011,15216.43233
3780,Lakhisarai,25,10,Bihar,07-01-2011,15239.43775
3781,Madhepura,11,10,Bihar,07-01-2011,15153.10613
3782,Purba Champaran,2,10,Bihar,07-01-2011,14836.48165
3783,Munger,24,10,Bihar,07-01-2011,15165.23292
3784,Nalanda,27,10,Bihar,07-01-2011,15318.7509
3785,Nawada,36,10,Bihar,07-01-2011,15342.4215
3786,Pashchim Champaran,1,10,Bihar,07-01-2011,15018.92871
3787,Patna,28,10,Bihar,07-01-2011,15320.8102
3788,Samastipur,19,10,Bihar,07-01-2011,15230.30838
3789,South,3,11,Sikkim,07-01-2011,14745.24625
3790,West,2,11,Sikkim,07-01-2011,14199.33995
3791,East,4,11,Sikkim,07-01-2011,14390.65893
3792,North,1,11,Sikkim,07-01-2011,13837.42319
3793,Tawang,1,12,Arunanchal Pradesh,07-01-2011,14198.68415
3794,Tirap,13,12,Arunanchal Pradesh,07-01-2011,14932.69722
3795,West Kameng,2,12,Arunanchal Pradesh,07-01-2011,14387.81015
3796,West Siang,7,12,Arunanchal Pradesh,07-01-2011,14355.73495
3797,Upper Siang,9,12,Arunanchal Pradesh,07-01-2011,13912.826
3798,Upper Subansiri,6,12,Arunanchal Pradesh,07-01-2011,14064.46273
3799,Changlang,12,12,Arunanchal Pradesh,07-01-2011,14982.02203
3800,Dibang Valley,10,12,Arunanchal Pradesh,07-01-2011,13899.09723
3801,East Kameng,3,12,Arunanchal Pradesh,07-01-2011,14033.34954
3802,East Siang,8,12,Arunanchal Pradesh,07-01-2011,14930.68537
3803,Lohit,11,12,Arunanchal Pradesh,07-01-2011,14627.34749
3804,Lower Subansiri,5,12,Arunanchal Pradesh,07-01-2011,13832.38529
3805,Papum Pare,4,12,Arunanchal Pradesh,07-01-2011,14358.25937
3806,Tuensang,2,13,Nagaland,07-01-2011,14924.99834
3807,Wokha,5,13,Nagaland,07-01-2011,14973.49874
3808,Zunheboto,4,13,Nagaland,07-01-2011,15024.39208
3809,Dimapur,6,13,Nagaland,07-01-2011,15099.73624
3810,Kohima,7,13,Nagaland,07-01-2011,14981.12813
3811,Mokokchung,3,13,Nagaland,07-01-2011,15054.69944
3812,Mon,1,13,Nagaland,07-01-2011,14730.88304
3813,Phek,8,13,Nagaland,07-01-2011,15005.29644
3814,Tamenglong,2,14,Manipur,07-01-2011,14936.03522
3815,Thoubal,5,14,Manipur,07-01-2011,15071.74611
3816,Ukhrul,8,14,Manipur,07-01-2011,14956.67033
3817,Bishnupur,4,14,Manipur,07-01-2011,14964.69427
3818,Chandel,9,14,Manipur,07-01-2011,14975.3076
3819,Churachandpur,3,14,Manipur,07-01-2011,14945.58114
3820,Imphal East,7,14,Manipur,07-01-2011,15108.11001
3821,Imphal West,6,14,Manipur,07-01-2011,15073.31977
3822,Senapati (Excl. 3 sub-divisions),1,14,Manipur,07-01-2011,14874.70825
3823,Aizawl,3,15,Mizoram,07-01-2011,15007.71812
3824,Champhai,4,15,Mizoram,07-01-2011,14923.53561
3825,Kolasib,2,15,Mizoram,07-01-2011,15072.87054
3826,Mamit,1,15,Mizoram,07-01-2011,15036.94651
3827,Lunglei,6,15,Mizoram,07-01-2011,14979.26582
3828,Lawngtlai,7,15,Mizoram,07-01-2011,14979.55149
3829,Saiha,8,15,Mizoram,07-01-2011,14901.95527
3830,Serchhip,5,15,Mizoram,07-01-2011,14971.0334
3831,South Tripura,2,16,Tripura,07-01-2011,15098.11613
3832,West Tripura,1,16,Tripura,07-01-2011,15127.59426
3833,Dhalai,3,16,Tripura,07-01-2011,15059.50022
3834,North Tripura,4,16,Tripura,07-01-2011,15089.18051
3835,Ri Bhoi,5,17,Meghalaya,07-01-2011,15055.18197
3836,South Garo Hills,3,17,Meghalaya,07-01-2011,15022.10825
3837,West Garo Hills,1,17,Meghalaya,07-01-2011,15095.56303
3838,West Khasi Hills,4,17,Meghalaya,07-01-2011,14953.82897
3839,East Garo Hills,2,17,Meghalaya,07-01-2011,15072.26522
3840,East Khasi Hills,6,17,Meghalaya,07-01-2011,14878.69794
3841,Jaintia Hills,7,17,Meghalaya,07-01-2011,14967.1154
3842,Sonitpur,11,18,Assam,07-01-2011,14906.91538
3843,Sibsagar,16,18,Assam,07-01-2011,14976.62544
3844,Tinsukia,14,18,Assam,07-01-2011,15098.7308
3845,Barpeta,5,18,Assam,07-01-2011,14958.73395
3846,Bongaigaon,4,18,Assam,07-01-2011,15036.36185
3847,Cachar,21,18,Assam,07-01-2011,15127.43201
3848,Darrang,8,18,Assam,07-01-2011,14863.97931
3849,Dhemaji,13,18,Assam,07-01-2011,14992.41677
3850,Dhubri,2,18,Assam,07-01-2011,15060.22908
3851,Dibrugarh,15,18,Assam,07-01-2011,14892.17873
3852,Kamrup,6,18,Assam,07-01-2011,15057.15936
3853,Karbi Anglong,19,18,Assam,07-01-2011,15037.74247
3854,Goalpara,3,18,Assam,07-01-2011,14990.32222
3855,Golaghat,18,18,Assam,07-01-2011,14965.02643
3856,Hailakandi,23,18,Assam,07-01-2011,15159.07727
3857,Jorhat,17,18,Assam,07-01-2011,14963.02276
3858,Karimganj,22,18,Assam,07-01-2011,15088.52396
3859,Kokrajhar,1,18,Assam,07-01-2011,15087.76768
3860,Lakhimpur,12,18,Assam,07-01-2011,15032.61834
3861,Nagaon,10,18,Assam,07-01-2011,15156.62055
3862,Marigaon,9,18,Assam,07-01-2011,15015.06704
3863,Nalbari,7,18,Assam,07-01-2011,14957.92046
3864,North Cachar Hills,20,18,Assam,07-01-2011,15021.2742
3865,South  Twenty Four Parganas,18,19,West Bengal,07-01-2011,15074.19958
3866,Uttar Dinajpur,4,19,West Bengal,07-01-2011,15016.02928
3867,Barddhaman,9,19,West Bengal,07-01-2011,15153.94029
3868,Birbhum,8,19,West Bengal,07-01-2011,15181.69094
3869,Bankura,13,19,West Bengal,07-01-2011,15196.12012
3870,Dakshin Dinajpur,5,19,West Bengal,07-01-2011,15047.74015
3871,Darjiling,1,19,West Bengal,07-01-2011,14741.57232
3872,Haora,16,19,West Bengal,07-01-2011,14948.02849
3873,Hugli,12,19,West Bengal,07-01-2011,15083.3959
3874,Jalpaiguri,2,19,West Bengal,07-01-2011,15044.96568
3875,Koch Bihar,3,19,West Bengal,07-01-2011,15063.8263
3876,Murshidabad,7,19,West Bengal,07-01-2011,15062.83817
3877,Puruliya,14,19,West Bengal,07-01-2011,15228.21301
3878,Kolkata,17,19,West Bengal,07-01-2011,15112.12479
3879,Maldah,6,19,West Bengal,07-01-2011,15038.79167
3880,Nadia,10,19,West Bengal,07-01-2011,15054.46486
3881,North Twenty Four Parganas,11,19,West Bengal,07-01-2011,15058.9338
3882,Medinipur,15,19,West Bengal,07-01-2011,15113.62613
3883,Ranchi,14,20,Jharkhand,07-01-2011,15187.79528
3884,Sahibganj,9,20,Jharkhand,07-01-2011,15137.94883
3885,Garhwa,1,20,Jharkhand,07-01-2011,15301.43394
3886,Palamu,2,20,Jharkhand,07-01-2011,15302.16851
3887,Chatra,3,20,Jharkhand,07-01-2011,15340.63437
3888,Hazaribagh,4,20,Jharkhand,07-01-2011,15269.89282
3889,Kodarma,5,20,Jharkhand,07-01-2011,15269.64477
3890,Bokaro,13,20,Jharkhand,07-01-2011,15296.3051
3891,Deoghar,7,20,Jharkhand,07-01-2011,15385.14427
3892,Dhanbad,12,20,Jharkhand,07-01-2011,15262.36296
3893,Dumka,11,20,Jharkhand,07-01-2011,15330.96817
3894,Giridih,6,20,Jharkhand,07-01-2011,15358.26838
3895,Godda,8,20,Jharkhand,07-01-2011,15322.46353
3896,Gumla,16,20,Jharkhand,07-01-2011,15145.56735
3897,Purbi Singhbhum,18,20,Jharkhand,07-01-2011,15182.74483
3898,Lohardaga,15,20,Jharkhand,07-01-2011,15150.94983
3899,Pakaur,10,20,Jharkhand,07-01-2011,15240.75971
3900,Pashchimi Singhbhum,17,20,Jharkhand,07-01-2011,15163.1379
3901,Rayagada,27,21,Orissa,07-01-2011,15104.3157
3902,Sundargarh,5,21,Orissa,07-01-2011,15174.45882
3903,Sonapur,23,21,Orissa,07-01-2011,15296.01846
3904,Anugul,15,21,Orissa,07-01-2011,15164.33345
3905,Bhadrak,9,21,Orissa,07-01-2011,15240.93248
3906,Baudh,22,21,Orissa,07-01-2011,15237.81241
3907,Balangir,24,21,Orissa,07-01-2011,15294.08152
3908,Baleshwar,8,21,Orissa,07-01-2011,15158.86176
3909,Bargarh,1,21,Orissa,07-01-2011,15269.96943
3910,Kendrapara,10,21,Orissa,07-01-2011,15174.73491
3911,Kendujhar,6,21,Orissa,07-01-2011,15189.17523
3912,Debagarh,4,21,Orissa,07-01-2011,15142.5544
3913,Cuttack,12,21,Orissa,07-01-2011,15225.58727
3914,Dhenkanal,14,21,Orissa,07-01-2011,15199.9794
3915,Kalahandi,26,21,Orissa,07-01-2011,15137.24185
3916,Ganjam,19,21,Orissa,07-01-2011,15224.99804
3917,Gajapati,20,21,Orissa,07-01-2011,15059.86206
3918,Jajapur,13,21,Orissa,07-01-2011,15211.61924
3919,Jagatsinghapur,11,21,Orissa,07-01-2011,15185.75285
3920,Jharsuguda,2,21,Orissa,07-01-2011,15194.24227
3921,Khordha,17,21,Orissa,07-01-2011,15249.95697
3922,Mayurbhanj,7,21,Orissa,07-01-2011,15156.10938
3923,Puri,18,21,Orissa,07-01-2011,15229.4944
3924,Koraput,29,21,Orissa,07-01-2011,15023.01928
3925,Malkangiri,30,21,Orissa,07-01-2011,15044.8919
3926,Nabarangapur,28,21,Orissa,07-01-2011,15092.74877
3927,Nayagarh,16,21,Orissa,07-01-2011,15154.32018
3928,Nuapada,25,21,Orissa,07-01-2011,15241.26408
3929,Kandhamal,21,21,Orissa,07-01-2011,15056.41251
3930,Sambalpur,3,21,Orissa,07-01-2011,15166.55182
3931,Surguja,2,22,Chhattisgarh,07-01-2011,15099.83253
3932,Bilaspur,7,22,Chhattisgarh,07-01-2011,15220.8377
3933,Janjgir - Champa,6,22,Chhattisgarh,07-01-2011,15334.23244
3934,Korba,5,22,Chhattisgarh,07-01-2011,15060.10693
3935,Kawardha,8,22,Chhattisgarh,07-01-2011,15240.82416
3936,Bastar,15,22,Chhattisgarh,07-01-2011,15057.18062
3937,Dantewada,16,22,Chhattisgarh,07-01-2011,15042.92012
3938,Dhamtari,13,22,Chhattisgarh,07-01-2011,15105.71102
3939,Durg,10,22,Chhattisgarh,07-01-2011,15243.25004
3940,Kanker,14,22,Chhattisgarh,07-01-2011,15093.81341
3941,Jashpur,3,22,Chhattisgarh,07-01-2011,15101.13476
3942,Koriya,1,22,Chhattisgarh,07-01-2011,15089.76894
3943,Mahasamund,12,22,Chhattisgarh,07-01-2011,15300.47425
3944,Raigarh,4,22,Chhattisgarh,07-01-2011,15202.88675
3945,Raipur,11,22,Chhattisgarh,07-01-2011,15205.71701
3946,Rajnandgaon,9,22,Chhattisgarh,07-01-2011,15181.54313
3947,Shajapur,22,23,Madhya Pradesh,07-01-2011,15371.78646
3948,Shivpuri,6,23,Madhya Pradesh,07-01-2011,15355.32252
3949,Ratlam,20,23,Madhya Pradesh,07-01-2011,15501.24052
3950,Rewa,14,23,Madhya Pradesh,07-01-2011,15384.70037
3951,Sagar,11,23,Madhya Pradesh,07-01-2011,15337.43273
3952,Sidhi,17,23,Madhya Pradesh,07-01-2011,15212.26187
3953,Ujjain,21,23,Madhya Pradesh,07-01-2011,15384.45098
3954,Vidisha,31,23,Madhya Pradesh,07-01-2011,15306.70288
3955,West Nimar,27,23,Madhya Pradesh,07-01-2011,15449.42574
3956,Morena,2,23,Madhya Pradesh,07-01-2011,15419.65043
3957,Sheopur,1,23,Madhya Pradesh,07-01-2011,15301.99479
3958,Dindori,41,23,Madhya Pradesh,07-01-2011,15130.32021
3959,Mandla,42,23,Madhya Pradesh,07-01-2011,15150.11314
3960,Shahdol,16,23,Madhya Pradesh,07-01-2011,15200.5395
3961,Umaria,15,23,Madhya Pradesh,07-01-2011,15136.25886
3962,Bhind,3,23,Madhya Pradesh,07-01-2011,15408.31921
3963,Bhopal,32,23,Madhya Pradesh,07-01-2011,15330.93107
3964,Barwani,28,23,Madhya Pradesh,07-01-2011,15363.4017
3965,Betul,35,23,Madhya Pradesh,07-01-2011,15206.63991
3966,Balaghat,45,23,Madhya Pradesh,07-01-2011,15073.50745
3967,Chhatarpur,9,23,Madhya Pradesh,07-01-2011,15330.25901
3968,Chhindwara,43,23,Madhya Pradesh,07-01-2011,15246.94851
3969,Dewas,23,23,Madhya Pradesh,07-01-2011,15274.15818
3970,Katni,38,23,Madhya Pradesh,07-01-2011,15186.13835
3971,Datia,5,23,Madhya Pradesh,07-01-2011,15368.80991
3972,Damoh,12,23,Madhya Pradesh,07-01-2011,15286.80061
3973,Dhar,25,23,Madhya Pradesh,07-01-2011,15421.12022
3974,East Nimar,29,23,Madhya Pradesh,07-01-2011,15297.3011
3975,Guna,7,23,Madhya Pradesh,07-01-2011,15277.44523
3976,Gwalior,4,23,Madhya Pradesh,07-01-2011,15434.59777
3977,Harda,36,23,Madhya Pradesh,07-01-2011,15198.57061
3978,Hoshangabad,37,23,Madhya Pradesh,07-01-2011,15245.11755
3979,Indore,26,23,Madhya Pradesh,07-01-2011,15252.20831
3980,Jabalpur,39,23,Madhya Pradesh,07-01-2011,15222.99332
3981,Jhabua,24,23,Madhya Pradesh,07-01-2011,15358.16471
3982,Mandsaur,19,23,Madhya Pradesh,07-01-2011,15441.30805
3983,Tikamgarh,8,23,Madhya Pradesh,07-01-2011,15337.96723
3984,Narsimhapur,40,23,Madhya Pradesh,07-01-2011,15335.60826
3985,Neemuch,18,23,Madhya Pradesh,07-01-2011,15347.3247
3986,Panna,10,23,Madhya Pradesh,07-01-2011,15277.84596
3987,Raisen,34,23,Madhya Pradesh,07-01-2011,15317.44283
3988,Rajgarh,30,23,Madhya Pradesh,07-01-2011,15373.18794
3989,Satna,13,23,Madhya Pradesh,07-01-2011,15275.46735
3990,Sehore,33,23,Madhya Pradesh,07-01-2011,15310.21369
3991,Seoni,44,23,Madhya Pradesh,07-01-2011,15208.19029
3992,Sabar Kantha,5,24,Gujarat,07-01-2011,15442.82241
3993,Surendranagar,8,24,Gujarat,07-01-2011,15346.89268
3994,The Dangs,23,24,Gujarat,07-01-2011,15218.35444
3995,Vadodara,19,24,Gujarat,07-01-2011,15381.90051
3996,Valsad,25,24,Gujarat,07-01-2011,15082.75607
3997,Bharuch,21,24,Gujarat,07-01-2011,15322.32673
3998,Surat,22,24,Gujarat,07-01-2011,15131.28024
3999,Anand,15,24,Gujarat,07-01-2011,15431.54446
4000,Ahmadabad,7,24,Gujarat,07-01-2011,15385.19997
4001,Amreli,13,24,Gujarat,07-01-2011,15321.81525
4002,Bhavnagar,14,24,Gujarat,07-01-2011,15384.17161
4003,Banas Kantha,2,24,Gujarat,07-01-2011,15554.72551
4004,Dohad,18,24,Gujarat,07-01-2011,15277.3664
4005,Junagadh,12,24,Gujarat,07-01-2011,15328.49153
4006,Kachchh,1,24,Gujarat,07-01-2011,15460.67459
4007,Gandhinagar,6,24,Gujarat,07-01-2011,15397.35057
4008,Jamnagar,10,24,Gujarat,07-01-2011,15260.65229
4009,Kheda,16,24,Gujarat,07-01-2011,15554.06403
4010,Mahesana,4,24,Gujarat,07-01-2011,15383.64154
4011,Narmada,20,24,Gujarat,07-01-2011,15289.56446
4012,Navsari,24,24,Gujarat,07-01-2011,15125.47255
4013,Panch Mahals,17,24,Gujarat,07-01-2011,15249.47835
4014,Patan,3,24,Gujarat,07-01-2011,15469.79163
4015,Porbandar,11,24,Gujarat,07-01-2011,15195.86057
4016,Rajkot,9,24,Gujarat,07-01-2011,15333.77019
4017,Daman,2,25,Daman & Diu,07-01-2011,15200.48924
4018,Diu,1,25,Daman & Diu,07-01-2011,15339.22224
4019,Ratnagiri,32,27,Maharashtra,07-01-2011,14988.75691
4020,Raigarh,24,27,Maharashtra,07-01-2011,15007.19442
4021,Thane,21,27,Maharashtra,07-01-2011,15024.81454
4022,Solapur,30,27,Maharashtra,07-01-2011,15342.2013
4023,Sindhudurg,33,27,Maharashtra,07-01-2011,15011.33098
4024,Wardha,8,27,Maharashtra,07-01-2011,15443.32244
4025,Washim,6,27,Maharashtra,07-01-2011,15478.64329
4026,Yavatmal,14,27,Maharashtra,07-01-2011,15379.94385
4027,Aurangabad,19,27,Maharashtra,07-01-2011,15311.58891
4028,Ahmadnagar,26,27,Maharashtra,07-01-2011,15334.93242
4029,Akola,5,27,Maharashtra,07-01-2011,15589.73915
4030,Amravati,7,27,Maharashtra,07-01-2011,15457.52268
4031,Bid,27,27,Maharashtra,07-01-2011,15304.04348
4032,Bhandara,10,27,Maharashtra,07-01-2011,15073.13566
4033,Buldana,4,27,Maharashtra,07-01-2011,15447.74145
4034,Chandrapur,13,27,Maharashtra,07-01-2011,15159.27829
4035,Dhule,2,27,Maharashtra,07-01-2011,15416.69833
4036,Gadchiroli,12,27,Maharashtra,07-01-2011,15054.00902
4037,Gondiya,11,27,Maharashtra,07-01-2011,15091.26186
4038,Hingoli,16,27,Maharashtra,07-01-2011,15539.60702
4039,Jalgaon,3,27,Maharashtra,07-01-2011,15447.30221
4040,Jalna,18,27,Maharashtra,07-01-2011,15468.96524
4041,Kolhapur,34,27,Maharashtra,07-01-2011,14931.26763
4042,Latur,28,27,Maharashtra,07-01-2011,15304.10738
4043,Pune,25,27,Maharashtra,07-01-2011,15250.70998
4044,Nagpur,9,27,Maharashtra,07-01-2011,15315.16107
4045,Mumbai,23,27,Maharashtra,07-01-2011,15119.09014
4046,Mumbai (Suburban),22,27,Maharashtra,07-01-2011,15069.22969
4047,Nanded,15,27,Maharashtra,07-01-2011,15509.57284
4048,Nandurbar,1,27,Maharashtra,07-01-2011,15325.51629
4049,Nashik,20,27,Maharashtra,07-01-2011,15274.94051
4050,Osmanabad,29,27,Maharashtra,07-01-2011,15272.28747
4051,Parbhani,17,27,Maharashtra,07-01-2011,15560.23611
4052,Sangli,35,27,Maharashtra,07-01-2011,15208.89087
4053,Satara,31,27,Maharashtra,07-01-2011,15203.39968
4054,Rangareddi,6,28,Andhra Pradesh,07-01-2011,15383.24589
4055,Srikakulam,11,28,Andhra Pradesh,07-01-2011,15232.43059
4056,West Godavari,15,28,Andhra Pradesh,07-01-2011,15217.18125
4057,Visakhapatnam,13,28,Andhra Pradesh,07-01-2011,15092.32306
4058,Vizianagaram,12,28,Andhra Pradesh,07-01-2011,15226.60598
4059,Warangal,9,28,Andhra Pradesh,07-01-2011,15345.58148
4060,Anantapur,22,28,Andhra Pradesh,07-01-2011,15517.28195
4061,Adilabad,1,28,Andhra Pradesh,07-01-2011,15278.38497
4062,Chittoor,23,28,Andhra Pradesh,07-01-2011,15352.03854
4063,Cuddapah,20,28,Andhra Pradesh,07-01-2011,15468.18686
4064,East Godavari,14,28,Andhra Pradesh,07-01-2011,15179.39645
4065,Karimnagar,3,28,Andhra Pradesh,07-01-2011,15313.57499
4066,Guntur,17,28,Andhra Pradesh,07-01-2011,15537.07274
4067,Hyderabad,5,28,Andhra Pradesh,07-01-2011,15342.84351
4068,Khammam,10,28,Andhra Pradesh,07-01-2011,15237.73166
4069,Medak,4,28,Andhra Pradesh,07-01-2011,15359.96512
4070,Krishna,16,28,Andhra Pradesh,07-01-2011,15326.42886
4071,Kurnool,21,28,Andhra Pradesh,07-01-2011,15503.70318
4072,Mahbubnagar,7,28,Andhra Pradesh,07-01-2011,15398.97118
4073,Nalgonda,8,28,Andhra Pradesh,07-01-2011,15445.23448
4074,Nellore,19,28,Andhra Pradesh,07-01-2011,15498.98049
4075,Nizamabad,2,28,Andhra Pradesh,07-01-2011,15221.64683
4076,Prakasam,18,28,Andhra Pradesh,07-01-2011,15500.49489
4077,Shimoga,15,29,Karnataka,07-01-2011,14935.02045
4078,Tumkur,18,29,Karnataka,07-01-2011,15301.67103
4079,Udupi,16,29,Karnataka,07-01-2011,14968.85289
4080,Uttara Kannada,10,29,Karnataka,07-01-2011,14925.04682
4081,Bagalkot,2,29,Karnataka,07-01-2011,15257.03569
4082,Bangalore,20,29,Karnataka,07-01-2011,15052.02247
4083,Bidar,5,29,Karnataka,07-01-2011,15341.14938
4084,Bijapur,3,29,Karnataka,07-01-2011,15381.12752
4085,Belgaum,1,29,Karnataka,07-01-2011,15176.75582
4086,Bellary,12,29,Karnataka,07-01-2011,15345.13
4087,Bangalore Rural,21,29,Karnataka,07-01-2011,15141.77378
4088,Chamarajanagar,27,29,Karnataka,07-01-2011,15179.99737
4089,Chikmagalur,17,29,Karnataka,07-01-2011,15075.60053
4090,Chitradurga,13,29,Karnataka,07-01-2011,15361.49717
4091,Dakshina Kannada,24,29,Karnataka,07-01-2011,14953.26513
4092,Davanagere,14,29,Karnataka,07-01-2011,15232.06933
4093,Dharwad,9,29,Karnataka,07-01-2011,15204.99571
4094,Gulbarga,4,29,Karnataka,07-01-2011,15449.72021
4095,Gadag,8,29,Karnataka,07-01-2011,15340.49896
4096,Hassan,23,29,Karnataka,07-01-2011,15040.91672
4097,Haveri,11,29,Karnataka,07-01-2011,15185.13675
4098,Kodagu,25,29,Karnataka,07-01-2011,14852.13173
4099,Kolar,19,29,Karnataka,07-01-2011,15355.87058
4100,Mandya,22,29,Karnataka,07-01-2011,15143.95654
4101,Koppal,7,29,Karnataka,07-01-2011,15289.51886
4102,Mysore,26,29,Karnataka,07-01-2011,15072.2215
4103,Raichur,6,29,Karnataka,07-01-2011,15481.74184
4104,South Goa,2,30,Goa,07-01-2011,14942.61906
4105,North Goa,1,30,Goa,07-01-2011,14982.62726
4106,Thrissur,7,32,Kerala,07-01-2011,15007.58456
4107,Thiruvananthapuram,14,32,Kerala,07-01-2011,14987.33428
4108,Wayanad,3,32,Kerala,07-01-2011,14881.98896
4109,Alappuzha,11,32,Kerala,07-01-2011,14954.10865
4110,Kasaragod,1,32,Kerala,07-01-2011,15026.22595
4111,Kannur,2,32,Kerala,07-01-2011,14967.39282
4112,Ernakulam,8,32,Kerala,07-01-2011,14856.68622
4113,Idukki,9,32,Kerala,07-01-2011,14806.52969
4114,Kollam,13,32,Kerala,07-01-2011,14927.38765
4115,Kottayam,10,32,Kerala,07-01-2011,14914.36766
4116,Kozhikode,4,32,Kerala,07-01-2011,15005.80421
4117,Malappuram,5,32,Kerala,07-01-2011,14979.78731
4118,Palakkad,6,32,Kerala,07-01-2011,14977.75172
4119,Pathanamthitta,12,32,Kerala,07-01-2011,14889.964
4120,Sivaganga,23,33,Tamil Nadu,07-01-2011,15532.13154
4121,Tiruchirappalli,15,33,Tamil Nadu,07-01-2011,15620.63944
4122,Tirunelveli,29,33,Tamil Nadu,07-01-2011,15490.57577
4123,Tiruvannamalai,6,33,Tamil Nadu,07-01-2011,15441.59667
4124,Thoothukkudi,28,33,Tamil Nadu,07-01-2011,15799.07958
4125,Theni,25,33,Tamil Nadu,07-01-2011,15384.09726
4126,Vellore,4,33,Tamil Nadu,07-01-2011,15340.33561
4127,Viluppuram,7,33,Tamil Nadu,07-01-2011,15447.63437
4128,Virudhunagar,26,33,Tamil Nadu,07-01-2011,15749.63511
4129,Chennai,2,33,Tamil Nadu,07-01-2011,15519.40868
4130,Kancheepuram,3,33,Tamil Nadu,07-01-2011,15442.87249
4131,Thiruvallur,1,33,Tamil Nadu,07-01-2011,15420.16874
4132,Thanjavur,21,33,Tamil Nadu,07-01-2011,15425.15506
4133,Thiruvarur,20,33,Tamil Nadu,07-01-2011,15426.74458
4134,Nagapattinam,19,33,Tamil Nadu,07-01-2011,15447.41638
4135,Ariyalur,17,33,Tamil Nadu,07-01-2011,15551.32176
4136,Coimbatore,12,33,Tamil Nadu,07-01-2011,15339.71515
4137,Cuddalore,18,33,Tamil Nadu,07-01-2011,15511.09988
4138,Dharmapuri,5,33,Tamil Nadu,07-01-2011,15360.61301
4139,Dindigul,13,33,Tamil Nadu,07-01-2011,15408.74218
4140,Erode,10,33,Tamil Nadu,07-01-2011,15429.52951
4141,Kanniyakumari,30,33,Tamil Nadu,07-01-2011,15044.9267
4142,Karur,14,33,Tamil Nadu,07-01-2011,15688.46436
4143,Madurai,24,33,Tamil Nadu,07-01-2011,15559.67734
4144,Namakkal,9,33,Tamil Nadu,07-01-2011,15434.74856
4145,The Nilgiris,11,33,Tamil Nadu,07-01-2011,14826.85784
4146,Perambalur,16,33,Tamil Nadu,07-01-2011,15725.44539
4147,Pudukkottai,22,33,Tamil Nadu,07-01-2011,15556.1835
4148,Ramanathapuram,27,33,Tamil Nadu,07-01-2011,15695.74714
4149,Salem,8,33,Tamil Nadu,07-01-2011,15401.06654
4150,Yanam,1,34,Puducherry,07-01-2011,15255.72569
4151,Karaikal,4,34,Puducherry,07-01-2011,15421.39696
4152,Mahe,3,34,Puducherry,07-01-2011,15092.40643
4153,Pondicherry,2,34,Puducherry,07-01-2011,15413.32731
4154,Nicobars,2,35,Andaman & Nicobar Island,07-01-2011,14969.59591
4155,Andamans,1,35,Andaman & Nicobar Island,07-01-2011,14951.2448
4156,Lakshadweep,1,31,Lakshadweep,08-01-2011,14915.09794
4157,Chandigarh,1,4,Chandigarh,08-01-2011,15231.84143
4158,Dadra & Nagar Haveli,1,26,Dadara & Nagar Havelli,08-01-2011,15006.53474
4159,Data Not Available,99,99,Jammu and Kashmir,08-01-2011,14689.64965
4160,Srinagar,3,1,Jammu and Kashmir,08-01-2011,14682.8793
4161,Udhampur,10,1,Jammu and Kashmir,08-01-2011,14804.94899
4162,Anantnag,6,1,Jammu and Kashmir,08-01-2011,14624.12782
4163,Badgam,4,1,Jammu and Kashmir,08-01-2011,14802.96012
4164,Baramula,2,1,Jammu and Kashmir,08-01-2011,14807.04018
4165,Doda,9,1,Jammu and Kashmir,08-01-2011,14488.45757
4166,Jammu,13,1,Jammu and Kashmir,08-01-2011,15161.76573
4167,Kargil,8,1,Jammu and Kashmir,08-01-2011,14800.38113
4168,Kathua,14,1,Jammu and Kashmir,08-01-2011,14956.56699
4169,Leh (Ladakh),7,1,Jammu and Kashmir,08-01-2011,14913.28338
4170,Kupwara,1,1,Jammu and Kashmir,08-01-2011,14860.28787
4171,Punch,11,1,Jammu and Kashmir,08-01-2011,14800.02593
4172,Pulwama,5,1,Jammu and Kashmir,08-01-2011,14896.44351
4173,Rajauri,12,1,Jammu and Kashmir,08-01-2011,14925.90297
4174,Shimla,11,2,Himachal Pradesh,08-01-2011,14569.97763
4175,Sirmaur,10,2,Himachal Pradesh,08-01-2011,14913.37269
4176,Solan,9,2,Himachal Pradesh,08-01-2011,14995.38182
4177,Una,7,2,Himachal Pradesh,08-01-2011,15078.35406
4178,Bilaspur,8,2,Himachal Pradesh,08-01-2011,15000.8359
4179,Chamba,1,2,Himachal Pradesh,08-01-2011,14454.96858
4180,Hamirpur,6,2,Himachal Pradesh,08-01-2011,15016.06934
4181,Kangra,2,2,Himachal Pradesh,08-01-2011,14771.54458
4182,Kinnaur,12,2,Himachal Pradesh,08-01-2011,14378.99949
4183,Lahul & Spiti,3,2,Himachal Pradesh,08-01-2011,14473.86115
4184,Kullu,4,2,Himachal Pradesh,08-01-2011,14297.60814
4185,Mandi,5,2,Himachal Pradesh,08-01-2011,14769.38872
4186,Rupnagar,7,3,Punjab,08-01-2011,15129.91169
4187,Amritsar,2,3,Punjab,08-01-2011,15143.0986
4188,Firozpur,11,3,Punjab,08-01-2011,15156.13816
4189,Bathinda,14,3,Punjab,08-01-2011,15187.08731
4190,Gurdaspur,1,3,Punjab,08-01-2011,15110.72383
4191,Faridkot,13,3,Punjab,08-01-2011,15105.52806
4192,Fatehgarh Sahib,8,3,Punjab,08-01-2011,15093.89023
4193,Hoshiarpur,5,3,Punjab,08-01-2011,15148.45417
4194,Jalandhar,4,3,Punjab,08-01-2011,15120.49395
4195,Kapurthala,3,3,Punjab,08-01-2011,15097.97261
4196,Ludhiana,9,3,Punjab,08-01-2011,15109.6441
4197,Mansa,15,3,Punjab,08-01-2011,15203.20008
4198,Moga,10,3,Punjab,08-01-2011,15087.42851
4199,Muktsar,12,3,Punjab,08-01-2011,15124.67798
4200,Nawanshahr,6,3,Punjab,08-01-2011,15120.7376
4201,Patiala,17,3,Punjab,08-01-2011,15103.88828
4202,Sangrur,16,3,Punjab,08-01-2011,15093.40783
4203,Rudraprayag,3,5,Uttarakhand,08-01-2011,14438.47515
4204,Tehri Garhwal,4,5,Uttarakhand,08-01-2011,14691.68043
4205,Udham Singh Nagar,12,5,Uttarakhand,08-01-2011,15126.42528
4206,Uttarkashi,1,5,Uttarakhand,08-01-2011,14339.82783
4207,Bageshwar,8,5,Uttarakhand,08-01-2011,14569.58799
4208,Almora,9,5,Uttarakhand,08-01-2011,14922.81301
4209,Chamoli,2,5,Uttarakhand,08-01-2011,14268.27932
4210,Champawat,10,5,Uttarakhand,08-01-2011,14916.35737
4211,Dehradun,5,5,Uttarakhand,08-01-2011,14904.39854
4212,Garhwal,6,5,Uttarakhand,08-01-2011,14933.59558
4213,Hardwar,13,5,Uttarakhand,08-01-2011,15118.542
4214,Nainital,11,5,Uttarakhand,08-01-2011,14988.65641
4215,Pithoragarh,7,5,Uttarakhand,08-01-2011,14274.26181
4216,Rohtak,14,6,Haryana,08-01-2011,15298.49549
4217,Sirsa,11,6,Haryana,08-01-2011,15256.16338
4218,Sonipat,8,6,Haryana,08-01-2011,15200.03855
4219,Yamunanagar,3,6,Haryana,08-01-2011,15055.95861
4220,Jhajjar,15,6,Haryana,08-01-2011,15375.61226
4221,Mahendragarh,16,6,Haryana,08-01-2011,15368.94455
4222,Rewari,17,6,Haryana,08-01-2011,15458.24181
4223,Bhiwani,13,6,Haryana,08-01-2011,15430.04896
4224,Ambala,2,6,Haryana,08-01-2011,15129.39118
4225,Gurgaon,18,6,Haryana,08-01-2011,15301.33357
4226,Faridabad,19,6,Haryana,08-01-2011,15187.39379
4227,Fatehabad,10,6,Haryana,08-01-2011,15216.91325
4228,Hisar,12,6,Haryana,08-01-2011,15327.28531
4229,Jind,9,6,Haryana,08-01-2011,15220.46093
4230,Kaithal,5,6,Haryana,08-01-2011,15118.66207
4231,Karnal,6,6,Haryana,08-01-2011,15102.09979
4232,Kurukshetra,4,6,Haryana,08-01-2011,15110.9668
4233,Panchkula,1,6,Haryana,08-01-2011,15059.27154
4234,Panipat,7,6,Haryana,08-01-2011,15140.5433
4235,Central,6,7,Delhi  & NCR,08-01-2011,15385.13886
4236,East,4,7,Delhi  & NCR,08-01-2011,15361.51351
4237,New Delhi,5,7,Delhi  & NCR,08-01-2011,15364.62691
4238,North,2,7,Delhi  & NCR,08-01-2011,15262.67592
4239,North East,3,7,Delhi  & NCR,08-01-2011,15326.34711
4240,North West,1,7,Delhi  & NCR,08-01-2011,15267.29944
4241,South,9,7,Delhi  & NCR,08-01-2011,15241.86134
4242,South West,8,7,Delhi  & NCR,08-01-2011,15346.85064
4243,West,7,7,Delhi  & NCR,08-01-2011,15357.13006
4244,Sirohi,19,8,Rajasthan,08-01-2011,15197.82349
4245,Tonk,22,8,Rajasthan,08-01-2011,15146.94711
4246,Sikar,13,8,Rajasthan,08-01-2011,15211.40177
4247,Alwar,6,8,Rajasthan,08-01-2011,15247.66205
4248,Udaipur,26,8,Rajasthan,08-01-2011,15000.91624
4249,Ganganagar,1,8,Rajasthan,08-01-2011,15498.77086
4250,Hanumangarh,2,8,Rajasthan,08-01-2011,15413.81918
4251,Baran,31,8,Rajasthan,08-01-2011,15130.57511
4252,Ajmer,21,8,Rajasthan,08-01-2011,15132.15987
4253,Banswara,28,8,Rajasthan,08-01-2011,14902.24332
4254,Barmer,17,8,Rajasthan,08-01-2011,15644.07217
4255,Bhilwara,24,8,Rajasthan,08-01-2011,15014.36567
4256,Bikaner,3,8,Rajasthan,08-01-2011,15788.75887
4257,Bharatpur,7,8,Rajasthan,08-01-2011,15210.23648
4258,Bundi,23,8,Rajasthan,08-01-2011,15108.75959
4259,Chittaurgarh,29,8,Rajasthan,08-01-2011,14985.12685
4260,Churu,4,8,Rajasthan,08-01-2011,15469.25201
4261,Dausa,11,8,Rajasthan,08-01-2011,15170.54546
4262,Dhaulpur,8,8,Rajasthan,08-01-2011,15306.11583
4263,Dungarpur,27,8,Rajasthan,08-01-2011,14975.04913
4264,Karauli,9,8,Rajasthan,08-01-2011,15176.35589
4265,Jaipur,12,8,Rajasthan,08-01-2011,15196.72137
4266,Jaisalmer,16,8,Rajasthan,08-01-2011,15862.91086
4267,Jalor,18,8,Rajasthan,08-01-2011,15393.4326
4268,Jhalawar,32,8,Rajasthan,08-01-2011,15047.99359
4269,Jhunjhunun,5,8,Rajasthan,08-01-2011,15250.52369
4270,Jodhpur,15,8,Rajasthan,08-01-2011,15622.49366
4271,Kota,30,8,Rajasthan,08-01-2011,15088.70038
4272,Nagaur,14,8,Rajasthan,08-01-2011,15331.81295
4273,Pali,20,8,Rajasthan,08-01-2011,15285.75279
4274,Rajsamand,25,8,Rajasthan,08-01-2011,15060.66175
4275,Sawai Madhopur,10,8,Rajasthan,08-01-2011,15172.7491
4276,Shrawasti,51,9,Uttar Pradesh,08-01-2011,15194.73276
4277,Saharanpur,1,9,Uttar Pradesh,08-01-2011,15080.72023
4278,Sitapur,24,9,Uttar Pradesh,08-01-2011,15204.21752
4279,Sultanpur,49,9,Uttar Pradesh,08-01-2011,15179.12309
4280,Sonbhadra,70,9,Uttar Pradesh,08-01-2011,15078.66196
4281,Siddharthnagar,54,9,Uttar Pradesh,08-01-2011,15119.95967
4282,Unnao,26,9,Uttar Pradesh,08-01-2011,15202.28135
4283,Varanasi,67,9,Uttar Pradesh,08-01-2011,15244.78084
4284,Bulandshahr,11,9,Uttar Pradesh,08-01-2011,15162.91507
4285,Gautam Buddha Nagar,10,9,Uttar Pradesh,08-01-2011,15217.945
4286,Ghaziabad,9,9,Uttar Pradesh,08-01-2011,15188.48097
4287,Auraiya,32,9,Uttar Pradesh,08-01-2011,15264.17922
4288,Azamgarh,61,9,Uttar Pradesh,08-01-2011,15154.1888
4289,Budaun,19,9,Uttar Pradesh,08-01-2011,15214.44156
4290,Agra,15,9,Uttar Pradesh,08-01-2011,15213.41101
4291,Aligarh,12,9,Uttar Pradesh,08-01-2011,15190.30556
4292,Allahabad,45,9,Uttar Pradesh,08-01-2011,15179.1799
4293,Ambedkar Nagar,48,9,Uttar Pradesh,08-01-2011,15139.86835
4294,Bareilly,20,9,Uttar Pradesh,08-01-2011,15160.4094
4295,Bijnor,3,9,Uttar Pradesh,08-01-2011,15153.18125
4296,Basti,55,9,Uttar Pradesh,08-01-2011,15121.54949
4297,Baghpat,8,9,Uttar Pradesh,08-01-2011,15154.77839
4298,Bahraich,50,9,Uttar Pradesh,08-01-2011,15172.24832
4299,Ballia,63,9,Uttar Pradesh,08-01-2011,15114.51444
4300,Balrampur,52,9,Uttar Pradesh,08-01-2011,15169.67667
4301,Banda,40,9,Uttar Pradesh,08-01-2011,15294.07993
4302,Barabanki,46,9,Uttar Pradesh,08-01-2011,15186.69204
4303,Chitrakoot,41,9,Uttar Pradesh,08-01-2011,15273.80763
4304,Chandauli,66,9,Uttar Pradesh,08-01-2011,15103.74349
4305,Deoria,60,9,Uttar Pradesh,08-01-2011,15105.37009
4306,Etah,17,9,Uttar Pradesh,08-01-2011,15191.18753
4307,Kanpur Dehat,33,9,Uttar Pradesh,08-01-2011,15233.56654
4308,Etawah,31,9,Uttar Pradesh,08-01-2011,15237.01255
4309,Faizabad,47,9,Uttar Pradesh,08-01-2011,15142.01178
4310,Ghazipur,65,9,Uttar Pradesh,08-01-2011,15146.91884
4311,Gonda,53,9,Uttar Pradesh,08-01-2011,15157.22053
4312,Gorakhpur,58,9,Uttar Pradesh,08-01-2011,15121.39576
4313,Farrukhabad,29,9,Uttar Pradesh,08-01-2011,15219.61099
4314,Fatehpur,42,9,Uttar Pradesh,08-01-2011,15232.24063
4315,Firozabad,16,9,Uttar Pradesh,08-01-2011,15209.62481
4316,Hamirpur,38,9,Uttar Pradesh,08-01-2011,15298.27686
4317,Hardoi,25,9,Uttar Pradesh,08-01-2011,15204.95048
4318,Hathras,13,9,Uttar Pradesh,08-01-2011,15201.43944
4319,Jalaun,35,9,Uttar Pradesh,08-01-2011,15338.86232
4320,Jaunpur,64,9,Uttar Pradesh,08-01-2011,15201.37677
4321,Jhansi,36,9,Uttar Pradesh,08-01-2011,15254.27946
4322,Jyotiba Phule Nagar,6,9,Uttar Pradesh,08-01-2011,15159.34943
4323,Kannauj,30,9,Uttar Pradesh,08-01-2011,15271.82475
4324,Kanpur Nagar,34,9,Uttar Pradesh,08-01-2011,15260.74418
4325,Kaushambi,44,9,Uttar Pradesh,08-01-2011,15176.78849
4326,Kheri,23,9,Uttar Pradesh,08-01-2011,15162.76196
4327,Mirzapur,69,9,Uttar Pradesh,08-01-2011,15196.489
4328,Moradabad,4,9,Uttar Pradesh,08-01-2011,15153.75768
4329,Muzaffarnagar,2,9,Uttar Pradesh,08-01-2011,15164.28288
4330,Rae Bareli,28,9,Uttar Pradesh,08-01-2011,15166.83942
4331,Kushinagar,59,9,Uttar Pradesh,08-01-2011,15111.07254
4332,Lucknow,27,9,Uttar Pradesh,08-01-2011,15250.65802
4333,Lalitpur,37,9,Uttar Pradesh,08-01-2011,15126.61041
4334,Mahrajganj,57,9,Uttar Pradesh,08-01-2011,15106.64128
4335,Mahoba,39,9,Uttar Pradesh,08-01-2011,15230.69367
4336,Mainpuri,18,9,Uttar Pradesh,08-01-2011,15234.68186
4337,Mathura,14,9,Uttar Pradesh,08-01-2011,15145.17708
4338,Mau,62,9,Uttar Pradesh,08-01-2011,15139.20175
4339,Meerut,7,9,Uttar Pradesh,08-01-2011,15167.74785
4340,Pilibhit,21,9,Uttar Pradesh,08-01-2011,15128.37778
4341,Pratapgarh,43,9,Uttar Pradesh,08-01-2011,15146.97295
4342,Rampur,5,9,Uttar Pradesh,08-01-2011,15111.74606
4343,Sant Ravidas Nagar Bhadohi,68,9,Uttar Pradesh,08-01-2011,15285.57662
4344,Sant Kabir Nagar,56,9,Uttar Pradesh,08-01-2011,15119.57713
4345,Shahjahanpur,22,9,Uttar Pradesh,08-01-2011,15154.89657
4346,Sheikhpura,26,10,Bihar,08-01-2011,15154.53533
4347,Sheohar,3,10,Bihar,08-01-2011,15110.5787
4348,Saharsa,12,10,Bihar,08-01-2011,15077.65465
4349,Sitamarhi,4,10,Bihar,08-01-2011,15086.94833
4350,Siwan,16,10,Bihar,08-01-2011,15089.23102
4351,Supaul,6,10,Bihar,08-01-2011,15051.33972
4352,Vaishali,18,10,Bihar,08-01-2011,15120.42622
4353,Kaimur (Bhabua),31,10,Bihar,08-01-2011,15117.50114
4354,Gaya,35,10,Bihar,08-01-2011,15126.56418
4355,Bhojpur,29,10,Bihar,08-01-2011,15167.50392
4356,Buxar,30,10,Bihar,08-01-2011,15176.57841
4357,Jehanabad,33,10,Bihar,08-01-2011,15180.31007
4358,Rohtas,32,10,Bihar,08-01-2011,15095.16133
4359,Araria,7,10,Bihar,08-01-2011,15126.51942
4360,Aurangabad,34,10,Bihar,08-01-2011,15143.63597
4361,Banka,23,10,Bihar,08-01-2011,15177.01997
4362,Bhagalpur,22,10,Bihar,08-01-2011,15088.64415
4363,Begusarai,20,10,Bihar,08-01-2011,15132.28181
4364,Saran,17,10,Bihar,08-01-2011,15097.71542
4365,Katihar,10,10,Bihar,08-01-2011,15097.48341
4366,Darbhanga,13,10,Bihar,08-01-2011,15087.87539
4367,Gopalganj,15,10,Bihar,08-01-2011,15095.61942
4368,Jamui,37,10,Bihar,08-01-2011,15151.29176
4369,Kishanganj,8,10,Bihar,08-01-2011,15190.79077
4370,Muzaffarpur,14,10,Bihar,08-01-2011,15116.34056
4371,Purnia,9,10,Bihar,08-01-2011,15126.78674
4372,Khagaria,21,10,Bihar,08-01-2011,15114.39432
4373,Madhubani,5,10,Bihar,08-01-2011,15080.88668
4374,Lakhisarai,25,10,Bihar,08-01-2011,15135.97972
4375,Madhepura,11,10,Bihar,08-01-2011,15117.64271
4376,Purba Champaran,2,10,Bihar,08-01-2011,15095.80367
4377,Munger,24,10,Bihar,08-01-2011,15109.67154
4378,Nalanda,27,10,Bihar,08-01-2011,15131.54633
4379,Nawada,36,10,Bihar,08-01-2011,15143.04552
4380,Pashchim Champaran,1,10,Bihar,08-01-2011,15102.29909
4381,Patna,28,10,Bihar,08-01-2011,15130.82223
4382,Samastipur,19,10,Bihar,08-01-2011,15124.51151
4383,South,3,11,Sikkim,08-01-2011,14744.76877
4384,West,2,11,Sikkim,08-01-2011,14478.97178
4385,East,4,11,Sikkim,08-01-2011,14631.73371
4386,North,1,11,Sikkim,08-01-2011,14122.45344
4387,Tawang,1,12,Arunanchal Pradesh,08-01-2011,14402.25577
4388,Tirap,13,12,Arunanchal Pradesh,08-01-2011,15003.35565
4389,West Kameng,2,12,Arunanchal Pradesh,08-01-2011,14688.47394
4390,West Siang,7,12,Arunanchal Pradesh,08-01-2011,14793.81616
4391,Upper Siang,9,12,Arunanchal Pradesh,08-01-2011,14634.99395
4392,Upper Subansiri,6,12,Arunanchal Pradesh,08-01-2011,14645.29427
4393,Changlang,12,12,Arunanchal Pradesh,08-01-2011,14918.44645
4394,Dibang Valley,10,12,Arunanchal Pradesh,08-01-2011,14597.35494
4395,East Kameng,3,12,Arunanchal Pradesh,08-01-2011,14747.22802
4396,East Siang,8,12,Arunanchal Pradesh,08-01-2011,15019.19835
4397,Lohit,11,12,Arunanchal Pradesh,08-01-2011,14734.49717
4398,Lower Subansiri,5,12,Arunanchal Pradesh,08-01-2011,14693.71606
4399,Papum Pare,4,12,Arunanchal Pradesh,08-01-2011,14880.62533
4400,Tuensang,2,13,Nagaland,08-01-2011,14861.34681
4401,Wokha,5,13,Nagaland,08-01-2011,15065.81638
4402,Zunheboto,4,13,Nagaland,08-01-2011,14908.7977
4403,Dimapur,6,13,Nagaland,08-01-2011,15086.52204
4404,Kohima,7,13,Nagaland,08-01-2011,14937.13887
4405,Mokokchung,3,13,Nagaland,08-01-2011,15060.46246
4406,Mon,1,13,Nagaland,08-01-2011,15086.14846
4407,Phek,8,13,Nagaland,08-01-2011,14839.40886
4408,Tamenglong,2,14,Manipur,08-01-2011,14980.45451
4409,Thoubal,5,14,Manipur,08-01-2011,15044.5404
4410,Ukhrul,8,14,Manipur,08-01-2011,14898.5903
4411,Bishnupur,4,14,Manipur,08-01-2011,15011.52814
4412,Chandel,9,14,Manipur,08-01-2011,14991.821
4413,Churachandpur,3,14,Manipur,08-01-2011,14985.25682
4414,Imphal East,7,14,Manipur,08-01-2011,15067.94186
4415,Imphal West,6,14,Manipur,08-01-2011,15077.30664
4416,Senapati (Excl. 3 sub-divisions),1,14,Manipur,08-01-2011,14879.1097
4417,Aizawl,3,15,Mizoram,08-01-2011,14983.76023
4418,Champhai,4,15,Mizoram,08-01-2011,14950.13251
4419,Kolasib,2,15,Mizoram,08-01-2011,15016.23389
4420,Mamit,1,15,Mizoram,08-01-2011,15021.98922
4421,Lunglei,6,15,Mizoram,08-01-2011,14962.43752
4422,Lawngtlai,7,15,Mizoram,08-01-2011,14943.62149
4423,Saiha,8,15,Mizoram,08-01-2011,14916.92127
4424,Serchhip,5,15,Mizoram,08-01-2011,14963.35838
4425,South Tripura,2,16,Tripura,08-01-2011,15081.63179
4426,West Tripura,1,16,Tripura,08-01-2011,15097.63279
4427,Dhalai,3,16,Tripura,08-01-2011,15009.63582
4428,North Tripura,4,16,Tripura,08-01-2011,15075.38122
4429,Ri Bhoi,5,17,Meghalaya,08-01-2011,15025.32795
4430,South Garo Hills,3,17,Meghalaya,08-01-2011,15052.23814
4431,West Garo Hills,1,17,Meghalaya,08-01-2011,15026.67028
4432,West Khasi Hills,4,17,Meghalaya,08-01-2011,14959.69746
4433,East Garo Hills,2,17,Meghalaya,08-01-2011,15035.87288
4434,East Khasi Hills,6,17,Meghalaya,08-01-2011,14955.86409
4435,Jaintia Hills,7,17,Meghalaya,08-01-2011,14976.47378
4436,Sonitpur,11,18,Assam,08-01-2011,15148.95641
4437,Sibsagar,16,18,Assam,08-01-2011,15193.39299
4438,Tinsukia,14,18,Assam,08-01-2011,15162.30415
4439,Barpeta,5,18,Assam,08-01-2011,15109.31285
4440,Bongaigaon,4,18,Assam,08-01-2011,15148.81667
4441,Cachar,21,18,Assam,08-01-2011,15131.05289
4442,Darrang,8,18,Assam,08-01-2011,15156.97134
4443,Dhemaji,13,18,Assam,08-01-2011,15176.80387
4444,Dhubri,2,18,Assam,08-01-2011,15100.96608
4445,Dibrugarh,15,18,Assam,08-01-2011,15125.72755
4446,Kamrup,6,18,Assam,08-01-2011,15123.99915
4447,Karbi Anglong,19,18,Assam,08-01-2011,15040.37595
4448,Goalpara,3,18,Assam,08-01-2011,15114.63692
4449,Golaghat,18,18,Assam,08-01-2011,15102.52877
4450,Hailakandi,23,18,Assam,08-01-2011,15160.13735
4451,Jorhat,17,18,Assam,08-01-2011,15138.59379
4452,Karimganj,22,18,Assam,08-01-2011,15166.76114
4453,Kokrajhar,1,18,Assam,08-01-2011,15180.50476
4454,Lakhimpur,12,18,Assam,08-01-2011,15155.30279
4455,Nagaon,10,18,Assam,08-01-2011,15115.0165
4456,Marigaon,9,18,Assam,08-01-2011,15123.89143
4457,Nalbari,7,18,Assam,08-01-2011,15156.73058
4458,North Cachar Hills,20,18,Assam,08-01-2011,15002.26962
4459,South  Twenty Four Parganas,18,19,West Bengal,08-01-2011,15061.62804
4460,Uttar Dinajpur,4,19,West Bengal,08-01-2011,15153.20448
4461,Barddhaman,9,19,West Bengal,08-01-2011,15074.46389
4462,Birbhum,8,19,West Bengal,08-01-2011,15113.12853
4463,Bankura,13,19,West Bengal,08-01-2011,15035.7317
4464,Dakshin Dinajpur,5,19,West Bengal,08-01-2011,15135.6163
4465,Darjiling,1,19,West Bengal,08-01-2011,15012.28373
4466,Haora,16,19,West Bengal,08-01-2011,15095.31774
4467,Hugli,12,19,West Bengal,08-01-2011,15122.2155
4468,Jalpaiguri,2,19,West Bengal,08-01-2011,15151.84132
4469,Koch Bihar,3,19,West Bengal,08-01-2011,15091.36316
4470,Murshidabad,7,19,West Bengal,08-01-2011,15124.75603
4471,Puruliya,14,19,West Bengal,08-01-2011,15013.18812
4472,Kolkata,17,19,West Bengal,08-01-2011,15165.64063
4473,Maldah,6,19,West Bengal,08-01-2011,15110.71345
4474,Nadia,10,19,West Bengal,08-01-2011,15113.24074
4475,North Twenty Four Parganas,11,19,West Bengal,08-01-2011,15064.95519
4476,Medinipur,15,19,West Bengal,08-01-2011,15071.15466
4477,Ranchi,14,20,Jharkhand,08-01-2011,15000.02913
4478,Sahibganj,9,20,Jharkhand,08-01-2011,15111.50114
4479,Garhwa,1,20,Jharkhand,08-01-2011,15087.43075
4480,Palamu,2,20,Jharkhand,08-01-2011,15074.57963
4481,Chatra,3,20,Jharkhand,08-01-2011,15073.03759
4482,Hazaribagh,4,20,Jharkhand,08-01-2011,15095.29978
4483,Kodarma,5,20,Jharkhand,08-01-2011,15105.19508
4484,Bokaro,13,20,Jharkhand,08-01-2011,15123.02112
4485,Deoghar,7,20,Jharkhand,08-01-2011,15112.02854
4486,Dhanbad,12,20,Jharkhand,08-01-2011,15123.78701
4487,Dumka,11,20,Jharkhand,08-01-2011,15126.25409
4488,Giridih,6,20,Jharkhand,08-01-2011,15123.99854
4489,Godda,8,20,Jharkhand,08-01-2011,15177.07058
4490,Gumla,16,20,Jharkhand,08-01-2011,15037.49159
4491,Purbi Singhbhum,18,20,Jharkhand,08-01-2011,15030.20675
4492,Lohardaga,15,20,Jharkhand,08-01-2011,15076.64885
4493,Pakaur,10,20,Jharkhand,08-01-2011,15153.77993
4494,Pashchimi Singhbhum,17,20,Jharkhand,08-01-2011,15011.03023
4495,Rayagada,27,21,Orissa,08-01-2011,15057.88009
4496,Sundargarh,5,21,Orissa,08-01-2011,15079.73099
4497,Sonapur,23,21,Orissa,08-01-2011,15077.34092
4498,Anugul,15,21,Orissa,08-01-2011,15064.7292
4499,Bhadrak,9,21,Orissa,08-01-2011,14927.18755
4500,Baudh,22,21,Orissa,08-01-2011,15078.99606
4501,Balangir,24,21,Orissa,08-01-2011,15118.27002
4502,Baleshwar,8,21,Orissa,08-01-2011,14932.4198
4503,Bargarh,1,21,Orissa,08-01-2011,14988.96263
4504,Kendrapara,10,21,Orissa,08-01-2011,15070.53768
4505,Kendujhar,6,21,Orissa,08-01-2011,15072.82977
4506,Debagarh,4,21,Orissa,08-01-2011,15084.24665
4507,Cuttack,12,21,Orissa,08-01-2011,15116.20648
4508,Dhenkanal,14,21,Orissa,08-01-2011,15061.3071
4509,Kalahandi,26,21,Orissa,08-01-2011,15084.52245
4510,Ganjam,19,21,Orissa,08-01-2011,15103.49256
4511,Gajapati,20,21,Orissa,08-01-2011,14979.36274
4512,Jajapur,13,21,Orissa,08-01-2011,15064.19687
4513,Jagatsinghapur,11,21,Orissa,08-01-2011,15074.61726
4514,Jharsuguda,2,21,Orissa,08-01-2011,15038.60398
4515,Khordha,17,21,Orissa,08-01-2011,15105.50216
4516,Mayurbhanj,7,21,Orissa,08-01-2011,15023.68552
4517,Puri,18,21,Orissa,08-01-2011,15154.94816
4518,Koraput,29,21,Orissa,08-01-2011,14969.02113
4519,Malkangiri,30,21,Orissa,08-01-2011,15042.94833
4520,Nabarangapur,28,21,Orissa,08-01-2011,15070.90059
4521,Nayagarh,16,21,Orissa,08-01-2011,15113.1373
4522,Nuapada,25,21,Orissa,08-01-2011,15048.26835
4523,Kandhamal,21,21,Orissa,08-01-2011,14948.21862
4524,Sambalpur,3,21,Orissa,08-01-2011,15033.26807
4525,Surguja,2,22,Chhattisgarh,08-01-2011,15074.17871
4526,Bilaspur,7,22,Chhattisgarh,08-01-2011,15128.87063
4527,Janjgir - Champa,6,22,Chhattisgarh,08-01-2011,15092.25226
4528,Korba,5,22,Chhattisgarh,08-01-2011,15074.41799
4529,Kawardha,8,22,Chhattisgarh,08-01-2011,15102.84618
4530,Bastar,15,22,Chhattisgarh,08-01-2011,14999.95827
4531,Dantewada,16,22,Chhattisgarh,08-01-2011,14992.77525
4532,Dhamtari,13,22,Chhattisgarh,08-01-2011,15014.79998
4533,Durg,10,22,Chhattisgarh,08-01-2011,15127.85399
4534,Kanker,14,22,Chhattisgarh,08-01-2011,14937.22919
4535,Jashpur,3,22,Chhattisgarh,08-01-2011,15000.59947
4536,Koriya,1,22,Chhattisgarh,08-01-2011,15050.84608
4537,Mahasamund,12,22,Chhattisgarh,08-01-2011,15059.58034
4538,Raigarh,4,22,Chhattisgarh,08-01-2011,15050.02226
4539,Raipur,11,22,Chhattisgarh,08-01-2011,15087.70418
4540,Rajnandgaon,9,22,Chhattisgarh,08-01-2011,15150.71843
4541,Shajapur,22,23,Madhya Pradesh,08-01-2011,15068.66485
4542,Shivpuri,6,23,Madhya Pradesh,08-01-2011,15130.74097
4543,Ratlam,20,23,Madhya Pradesh,08-01-2011,15028.18632
4544,Rewa,14,23,Madhya Pradesh,08-01-2011,15210.37982
4545,Sagar,11,23,Madhya Pradesh,08-01-2011,15089.21332
4546,Sidhi,17,23,Madhya Pradesh,08-01-2011,15135.7163
4547,Ujjain,21,23,Madhya Pradesh,08-01-2011,14998.61731
4548,Vidisha,31,23,Madhya Pradesh,08-01-2011,15109.29536
4549,West Nimar,27,23,Madhya Pradesh,08-01-2011,15086.6898
4550,Morena,2,23,Madhya Pradesh,08-01-2011,15225.09216
4551,Sheopur,1,23,Madhya Pradesh,08-01-2011,15108.83136
4552,Dindori,41,23,Madhya Pradesh,08-01-2011,15108.24269
4553,Mandla,42,23,Madhya Pradesh,08-01-2011,15134.91677
4554,Shahdol,16,23,Madhya Pradesh,08-01-2011,15106.68717
4555,Umaria,15,23,Madhya Pradesh,08-01-2011,15077.26867
4556,Bhind,3,23,Madhya Pradesh,08-01-2011,15318.19231
4557,Bhopal,32,23,Madhya Pradesh,08-01-2011,15109.3093
4558,Barwani,28,23,Madhya Pradesh,08-01-2011,15102.85621
4559,Betul,35,23,Madhya Pradesh,08-01-2011,15054.55968
4560,Balaghat,45,23,Madhya Pradesh,08-01-2011,15079.10098
4561,Chhatarpur,9,23,Madhya Pradesh,08-01-2011,15144.51618
4562,Chhindwara,43,23,Madhya Pradesh,08-01-2011,15013.62022
4563,Dewas,23,23,Madhya Pradesh,08-01-2011,15051.66959
4564,Katni,38,23,Madhya Pradesh,08-01-2011,15095.36398
4565,Datia,5,23,Madhya Pradesh,08-01-2011,15274.1201
4566,Damoh,12,23,Madhya Pradesh,08-01-2011,15147.38274
4567,Dhar,25,23,Madhya Pradesh,08-01-2011,14975.65166
4568,East Nimar,29,23,Madhya Pradesh,08-01-2011,15028.03117
4569,Guna,7,23,Madhya Pradesh,08-01-2011,15102.8352
4570,Gwalior,4,23,Madhya Pradesh,08-01-2011,15230.94084
4571,Harda,36,23,Madhya Pradesh,08-01-2011,15039.8905
4572,Hoshangabad,37,23,Madhya Pradesh,08-01-2011,15086.54006
4573,Indore,26,23,Madhya Pradesh,08-01-2011,14999.2007
4574,Jabalpur,39,23,Madhya Pradesh,08-01-2011,15143.47666
4575,Jhabua,24,23,Madhya Pradesh,08-01-2011,14996.18203
4576,Mandsaur,19,23,Madhya Pradesh,08-01-2011,14976.20948
4577,Tikamgarh,8,23,Madhya Pradesh,08-01-2011,15164.15848
4578,Narsimhapur,40,23,Madhya Pradesh,08-01-2011,15195.17306
4579,Neemuch,18,23,Madhya Pradesh,08-01-2011,15033.97255
4580,Panna,10,23,Madhya Pradesh,08-01-2011,15120.58784
4581,Raisen,34,23,Madhya Pradesh,08-01-2011,15128.47656
4582,Rajgarh,30,23,Madhya Pradesh,08-01-2011,15110.53336
4583,Satna,13,23,Madhya Pradesh,08-01-2011,15139.75316
4584,Sehore,33,23,Madhya Pradesh,08-01-2011,15070.69347
4585,Seoni,44,23,Madhya Pradesh,08-01-2011,15113.5717
4586,Sabar Kantha,5,24,Gujarat,08-01-2011,15050.8387
4587,Surendranagar,8,24,Gujarat,08-01-2011,15153.90332
4588,The Dangs,23,24,Gujarat,08-01-2011,14927.10982
4589,Vadodara,19,24,Gujarat,08-01-2011,15049.54717
4590,Valsad,25,24,Gujarat,08-01-2011,15041.48663
4591,Bharuch,21,24,Gujarat,08-01-2011,15048.95031
4592,Surat,22,24,Gujarat,08-01-2011,14990.86895
4593,Anand,15,24,Gujarat,08-01-2011,14632.2359
4594,Ahmadabad,7,24,Gujarat,08-01-2011,15024.32852
4595,Amreli,13,24,Gujarat,08-01-2011,15148.6343
4596,Bhavnagar,14,24,Gujarat,08-01-2011,15057.1416
4597,Banas Kantha,2,24,Gujarat,08-01-2011,15273.55658
4598,Dohad,18,24,Gujarat,08-01-2011,14977.20691
4599,Junagadh,12,24,Gujarat,08-01-2011,15003.28192
4600,Kachchh,1,24,Gujarat,08-01-2011,15271.93646
4601,Gandhinagar,6,24,Gujarat,08-01-2011,15124.83282
4602,Jamnagar,10,24,Gujarat,08-01-2011,15139.28111
4603,Kheda,16,24,Gujarat,08-01-2011,15118.81525
4604,Mahesana,4,24,Gujarat,08-01-2011,15131.62722
4605,Narmada,20,24,Gujarat,08-01-2011,14896.92845
4606,Navsari,24,24,Gujarat,08-01-2011,14870.10261
4607,Panch Mahals,17,24,Gujarat,08-01-2011,14961.95889
4608,Patan,3,24,Gujarat,08-01-2011,15190.56904
4609,Porbandar,11,24,Gujarat,08-01-2011,15047.1585
4610,Rajkot,9,24,Gujarat,08-01-2011,15135.81925
4611,Daman,2,25,Daman & Diu,08-01-2011,15014.96602
4612,Diu,1,25,Daman & Diu,08-01-2011,14989
4613,Ratnagiri,32,27,Maharashtra,08-01-2011,14954.02333
4614,Raigarh,24,27,Maharashtra,08-01-2011,14919.58133
4615,Thane,21,27,Maharashtra,08-01-2011,14988.03758
4616,Solapur,30,27,Maharashtra,08-01-2011,15342.68264
4617,Sindhudurg,33,27,Maharashtra,08-01-2011,14871.21312
4618,Wardha,8,27,Maharashtra,08-01-2011,15036.12479
4619,Washim,6,27,Maharashtra,08-01-2011,14951.7134
4620,Yavatmal,14,27,Maharashtra,08-01-2011,15033.5105
4621,Aurangabad,19,27,Maharashtra,08-01-2011,15212.43198
4622,Ahmadnagar,26,27,Maharashtra,08-01-2011,15284.08502
4623,Akola,5,27,Maharashtra,08-01-2011,15065.24923
4624,Amravati,7,27,Maharashtra,08-01-2011,15033.87941
4625,Bid,27,27,Maharashtra,08-01-2011,15184.89427
4626,Bhandara,10,27,Maharashtra,08-01-2011,15080.93216
4627,Buldana,4,27,Maharashtra,08-01-2011,15045.26601
4628,Chandrapur,13,27,Maharashtra,08-01-2011,14999.58105
4629,Dhule,2,27,Maharashtra,08-01-2011,15286.6799
4630,Gadchiroli,12,27,Maharashtra,08-01-2011,14964.40285
4631,Gondiya,11,27,Maharashtra,08-01-2011,15098.05577
4632,Hingoli,16,27,Maharashtra,08-01-2011,15025.9341
4633,Jalgaon,3,27,Maharashtra,08-01-2011,15146.01803
4634,Jalna,18,27,Maharashtra,08-01-2011,15299.6377
4635,Kolhapur,34,27,Maharashtra,08-01-2011,14933.81111
4636,Latur,28,27,Maharashtra,08-01-2011,15105.88314
4637,Pune,25,27,Maharashtra,08-01-2011,15217.66408
4638,Nagpur,9,27,Maharashtra,08-01-2011,15045.88879
4639,Mumbai,23,27,Maharashtra,08-01-2011,15115.04799
4640,Mumbai (Suburban),22,27,Maharashtra,08-01-2011,15006.40956
4641,Nanded,15,27,Maharashtra,08-01-2011,15063.74072
4642,Nandurbar,1,27,Maharashtra,08-01-2011,15117.607
4643,Nashik,20,27,Maharashtra,08-01-2011,15205.17321
4644,Osmanabad,29,27,Maharashtra,08-01-2011,15098.81799
4645,Parbhani,17,27,Maharashtra,08-01-2011,15138.62318
4646,Sangli,35,27,Maharashtra,08-01-2011,15292.58408
4647,Satara,31,27,Maharashtra,08-01-2011,15286.96954
4648,Rangareddi,6,28,Andhra Pradesh,08-01-2011,15137.19777
4649,Srikakulam,11,28,Andhra Pradesh,08-01-2011,15144.49902
4650,West Godavari,15,28,Andhra Pradesh,08-01-2011,15009.08239
4651,Visakhapatnam,13,28,Andhra Pradesh,08-01-2011,15077.07771
4652,Vizianagaram,12,28,Andhra Pradesh,08-01-2011,15132.78551
4653,Warangal,9,28,Andhra Pradesh,08-01-2011,15239.85968
4654,Anantapur,22,28,Andhra Pradesh,08-01-2011,15596.32415
4655,Adilabad,1,28,Andhra Pradesh,08-01-2011,15025.05066
4656,Chittoor,23,28,Andhra Pradesh,08-01-2011,15339.48224
4657,Cuddapah,20,28,Andhra Pradesh,08-01-2011,15547.11595
4658,East Godavari,14,28,Andhra Pradesh,08-01-2011,15028.19962
4659,Karimnagar,3,28,Andhra Pradesh,08-01-2011,15088.93127
4660,Guntur,17,28,Andhra Pradesh,08-01-2011,15385.39465
4661,Hyderabad,5,28,Andhra Pradesh,08-01-2011,15005.07365
4662,Khammam,10,28,Andhra Pradesh,08-01-2011,14971.54598
4663,Medak,4,28,Andhra Pradesh,08-01-2011,14989.73897
4664,Krishna,16,28,Andhra Pradesh,08-01-2011,15134.42626
4665,Kurnool,21,28,Andhra Pradesh,08-01-2011,15490.57306
4666,Mahbubnagar,7,28,Andhra Pradesh,08-01-2011,15306.83791
4667,Nalgonda,8,28,Andhra Pradesh,08-01-2011,15249.95754
4668,Nellore,19,28,Andhra Pradesh,08-01-2011,15594.50982
4669,Nizamabad,2,28,Andhra Pradesh,08-01-2011,14983.76339
4670,Prakasam,18,28,Andhra Pradesh,08-01-2011,15529.13453
4671,Shimoga,15,29,Karnataka,08-01-2011,14816.36975
4672,Tumkur,18,29,Karnataka,08-01-2011,15383.34434
4673,Udupi,16,29,Karnataka,08-01-2011,14919.86884
4674,Uttara Kannada,10,29,Karnataka,08-01-2011,14929.45938
4675,Bagalkot,2,29,Karnataka,08-01-2011,15220.79303
4676,Bangalore,20,29,Karnataka,08-01-2011,15219.26948
4677,Bidar,5,29,Karnataka,08-01-2011,15061.07359
4678,Bijapur,3,29,Karnataka,08-01-2011,15319.05335
4679,Belgaum,1,29,Karnataka,08-01-2011,15009.38947
4680,Bellary,12,29,Karnataka,08-01-2011,15422.95728
4681,Bangalore Rural,21,29,Karnataka,08-01-2011,15297.82416
4682,Chamarajanagar,27,29,Karnataka,08-01-2011,15361.2955
4683,Chikmagalur,17,29,Karnataka,08-01-2011,15198.29863
4684,Chitradurga,13,29,Karnataka,08-01-2011,15422.32556
4685,Dakshina Kannada,24,29,Karnataka,08-01-2011,14926.48519
4686,Davanagere,14,29,Karnataka,08-01-2011,15010.05608
4687,Dharwad,9,29,Karnataka,08-01-2011,14888.46824
4688,Gulbarga,4,29,Karnataka,08-01-2011,15297.89216
4689,Gadag,8,29,Karnataka,08-01-2011,15219.06095
4690,Hassan,23,29,Karnataka,08-01-2011,15154.28438
4691,Haveri,11,29,Karnataka,08-01-2011,14922.24731
4692,Kodagu,25,29,Karnataka,08-01-2011,14890.47955
4693,Kolar,19,29,Karnataka,08-01-2011,15414.64523
4694,Mandya,22,29,Karnataka,08-01-2011,15240.96732
4695,Koppal,7,29,Karnataka,08-01-2011,15207.79214
4696,Mysore,26,29,Karnataka,08-01-2011,15063.4646
4697,Raichur,6,29,Karnataka,08-01-2011,15381.14643
4698,South Goa,2,30,Goa,08-01-2011,14981.05921
4699,North Goa,1,30,Goa,08-01-2011,14896.6709
4700,Thrissur,7,32,Kerala,08-01-2011,14956.42808
4701,Thiruvananthapuram,14,32,Kerala,08-01-2011,15024.20399
4702,Wayanad,3,32,Kerala,08-01-2011,14939.56111
4703,Alappuzha,11,32,Kerala,08-01-2011,14997.40347
4704,Kasaragod,1,32,Kerala,08-01-2011,14955.45014
4705,Kannur,2,32,Kerala,08-01-2011,15011.0611
4706,Ernakulam,8,32,Kerala,08-01-2011,15035.81326
4707,Idukki,9,32,Kerala,08-01-2011,14870.91367
4708,Kollam,13,32,Kerala,08-01-2011,14963.07971
4709,Kottayam,10,32,Kerala,08-01-2011,15007.67387
4710,Kozhikode,4,32,Kerala,08-01-2011,14871.26794
4711,Malappuram,5,32,Kerala,08-01-2011,14938.59552
4712,Palakkad,6,32,Kerala,08-01-2011,14934.5521
4713,Pathanamthitta,12,32,Kerala,08-01-2011,14920.77383
4714,Sivaganga,23,33,Tamil Nadu,08-01-2011,15598.18823
4715,Tiruchirappalli,15,33,Tamil Nadu,08-01-2011,15569.10961
4716,Tirunelveli,29,33,Tamil Nadu,08-01-2011,15482.48692
4717,Tiruvannamalai,6,33,Tamil Nadu,08-01-2011,15361.93842
4718,Thoothukkudi,28,33,Tamil Nadu,08-01-2011,15873.06578
4719,Theni,25,33,Tamil Nadu,08-01-2011,15413.34275
4720,Vellore,4,33,Tamil Nadu,08-01-2011,15315.31493
4721,Viluppuram,7,33,Tamil Nadu,08-01-2011,15394.0062
4722,Virudhunagar,26,33,Tamil Nadu,08-01-2011,15867.29449
4723,Chennai,2,33,Tamil Nadu,08-01-2011,15530.61602
4724,Kancheepuram,3,33,Tamil Nadu,08-01-2011,15306.96812
4725,Thiruvallur,1,33,Tamil Nadu,08-01-2011,15333.01646
4726,Thanjavur,21,33,Tamil Nadu,08-01-2011,15401.28611
4727,Thiruvarur,20,33,Tamil Nadu,08-01-2011,15383.50555
4728,Nagapattinam,19,33,Tamil Nadu,08-01-2011,15434.81051
4729,Ariyalur,17,33,Tamil Nadu,08-01-2011,15607.88241
4730,Coimbatore,12,33,Tamil Nadu,08-01-2011,15363.49729
4731,Cuddalore,18,33,Tamil Nadu,08-01-2011,15494.72606
4732,Dharmapuri,5,33,Tamil Nadu,08-01-2011,15508.90162
4733,Dindigul,13,33,Tamil Nadu,08-01-2011,15429.04694
4734,Erode,10,33,Tamil Nadu,08-01-2011,15468.64923
4735,Kanniyakumari,30,33,Tamil Nadu,08-01-2011,15082.00801
4736,Karur,14,33,Tamil Nadu,08-01-2011,15596.90086
4737,Madurai,24,33,Tamil Nadu,08-01-2011,15598.5511
4738,Namakkal,9,33,Tamil Nadu,08-01-2011,15481.51035
4739,The Nilgiris,11,33,Tamil Nadu,08-01-2011,14770.18291
4740,Perambalur,16,33,Tamil Nadu,08-01-2011,15742.70089
4741,Pudukkottai,22,33,Tamil Nadu,08-01-2011,15486.43415
4742,Ramanathapuram,27,33,Tamil Nadu,08-01-2011,15836.51737
4743,Salem,8,33,Tamil Nadu,08-01-2011,15361.06454
4744,Karaikal,4,34,Puducherry,08-01-2011,15536.23886
4745,Mahe,3,34,Puducherry,08-01-2011,14935.28729
4746,Pondicherry,2,34,Puducherry,08-01-2011,15271.7333
4747,Nicobars,2,35,Andaman & Nicobar Island,08-01-2011,14977.32941
4748,Andamans,1,35,Andaman & Nicobar Island,08-01-2011,14842.6644
4749,Chandigarh,1,4,Chandigarh,09-01-2011,15255.40057
4750,Dadra & Nagar Haveli,1,26,Dadara & Nagar Havelli,09-01-2011,15088.5594
4751,Lakshadweep,1,31,Lakshadweep,09-01-2011,15023.29465
4752,Data Not Available,99,99,Jammu and Kashmir,09-01-2011,14391.65672
4753,Jammu,13,1,Jammu and Kashmir,09-01-2011,15093.7051
4754,Kargil,8,1,Jammu and Kashmir,09-01-2011,14623.23205
4755,Kathua,14,1,Jammu and Kashmir,09-01-2011,14955.75813
4756,Leh (Ladakh),7,1,Jammu and Kashmir,09-01-2011,14669.1301
4757,Kupwara,1,1,Jammu and Kashmir,09-01-2011,14736.07046
4758,Punch,11,1,Jammu and Kashmir,09-01-2011,14809.59581
4759,Pulwama,5,1,Jammu and Kashmir,09-01-2011,14847.52869
4760,Rajauri,12,1,Jammu and Kashmir,09-01-2011,14922.30931
4761,Anantnag,6,1,Jammu and Kashmir,09-01-2011,14576.33762
4762,Badgam,4,1,Jammu and Kashmir,09-01-2011,14727.60558
4763,Baramula,2,1,Jammu and Kashmir,09-01-2011,14678.61012
4764,Doda,9,1,Jammu and Kashmir,09-01-2011,14441.56079
4765,Srinagar,3,1,Jammu and Kashmir,09-01-2011,14573.46972
4766,Udhampur,10,1,Jammu and Kashmir,09-01-2011,14817.81887
4767,Kangra,2,2,Himachal Pradesh,09-01-2011,14811.60908
4768,Kinnaur,12,2,Himachal Pradesh,09-01-2011,14508.58465
4769,Lahul & Spiti,3,2,Himachal Pradesh,09-01-2011,14490.3475
4770,Kullu,4,2,Himachal Pradesh,09-01-2011,14393.77258
4771,Mandi,5,2,Himachal Pradesh,09-01-2011,14800.38297
4772,Bilaspur,8,2,Himachal Pradesh,09-01-2011,14977.30383
4773,Chamba,1,2,Himachal Pradesh,09-01-2011,14508.19885
4774,Hamirpur,6,2,Himachal Pradesh,09-01-2011,14981.73965
4775,Shimla,11,2,Himachal Pradesh,09-01-2011,14666.01554
4776,Sirmaur,10,2,Himachal Pradesh,09-01-2011,14945.06458
4777,Solan,9,2,Himachal Pradesh,09-01-2011,14961.3346
4778,Una,7,2,Himachal Pradesh,09-01-2011,15049.36037
4779,Hoshiarpur,5,3,Punjab,09-01-2011,15144.01941
4780,Jalandhar,4,3,Punjab,09-01-2011,15127.82003
4781,Kapurthala,3,3,Punjab,09-01-2011,15120.17041
4782,Ludhiana,9,3,Punjab,09-01-2011,15103.47216
4783,Mansa,15,3,Punjab,09-01-2011,15118.9826
4784,Moga,10,3,Punjab,09-01-2011,15067.76125
4785,Muktsar,12,3,Punjab,09-01-2011,15104.4868
4786,Nawanshahr,6,3,Punjab,09-01-2011,15130.01264
4787,Patiala,17,3,Punjab,09-01-2011,15095.4759
4788,Sangrur,16,3,Punjab,09-01-2011,15078.73285
4789,Amritsar,2,3,Punjab,09-01-2011,15093.68475
4790,Firozpur,11,3,Punjab,09-01-2011,15100.59619
4791,Bathinda,14,3,Punjab,09-01-2011,15131.96045
4792,Gurdaspur,1,3,Punjab,09-01-2011,15087.47213
4793,Faridkot,13,3,Punjab,09-01-2011,15108.02246
4794,Fatehgarh Sahib,8,3,Punjab,09-01-2011,15096.52007
4795,Rupnagar,7,3,Punjab,09-01-2011,15128.6695
4796,Hardwar,13,5,Uttarakhand,09-01-2011,15109.56075
4797,Nainital,11,5,Uttarakhand,09-01-2011,14958.68718
4798,Pithoragarh,7,5,Uttarakhand,09-01-2011,14507.44477
4799,Bageshwar,8,5,Uttarakhand,09-01-2011,14645.93969
4800,Almora,9,5,Uttarakhand,09-01-2011,14908.49406
4801,Chamoli,2,5,Uttarakhand,09-01-2011,14442.33938
4802,Champawat,10,5,Uttarakhand,09-01-2011,14900.93251
4803,Dehradun,5,5,Uttarakhand,09-01-2011,14960.40078
4804,Garhwal,6,5,Uttarakhand,09-01-2011,14915.40069
4805,Rudraprayag,3,5,Uttarakhand,09-01-2011,14591.92637
4806,Tehri Garhwal,4,5,Uttarakhand,09-01-2011,14767.49731
4807,Udham Singh Nagar,12,5,Uttarakhand,09-01-2011,15087.40167
4808,Uttarkashi,1,5,Uttarakhand,09-01-2011,14491.15018
4809,Hisar,12,6,Haryana,09-01-2011,15188.8817
4810,Jind,9,6,Haryana,09-01-2011,15095.03329
4811,Kaithal,5,6,Haryana,09-01-2011,15066.66524
4812,Karnal,6,6,Haryana,09-01-2011,15090.13079
4813,Kurukshetra,4,6,Haryana,09-01-2011,15093.82557
4814,Panchkula,1,6,Haryana,09-01-2011,15096.413
4815,Panipat,7,6,Haryana,09-01-2011,15091.30139
4816,Ambala,2,6,Haryana,09-01-2011,15120.97312
4817,Gurgaon,18,6,Haryana,09-01-2011,15335.43819
4818,Faridabad,19,6,Haryana,09-01-2011,15211.03085
4819,Fatehabad,10,6,Haryana,09-01-2011,15095.70911
4820,Rohtak,14,6,Haryana,09-01-2011,15171.67559
4821,Sirsa,11,6,Haryana,09-01-2011,15163.96156
4822,Sonipat,8,6,Haryana,09-01-2011,15117.95966
4823,Yamunanagar,3,6,Haryana,09-01-2011,15111.60921
4824,Jhajjar,15,6,Haryana,09-01-2011,15302.73989
4825,Mahendragarh,16,6,Haryana,09-01-2011,15475.34178
4826,Rewari,17,6,Haryana,09-01-2011,15481.42107
4827,Bhiwani,13,6,Haryana,09-01-2011,15363.56177
4828,Central,6,7,Delhi  & NCR,09-01-2011,15284.83187
4829,East,4,7,Delhi  & NCR,09-01-2011,15280.49035
4830,New Delhi,5,7,Delhi  & NCR,09-01-2011,15224.38909
4831,North,2,7,Delhi  & NCR,09-01-2011,15247.80114
4832,North East,3,7,Delhi  & NCR,09-01-2011,15267.22609
4833,North West,1,7,Delhi  & NCR,09-01-2011,15236.17546
4834,South,9,7,Delhi  & NCR,09-01-2011,15231.34535
4835,South West,8,7,Delhi  & NCR,09-01-2011,15314.82993
4836,West,7,7,Delhi  & NCR,09-01-2011,15317.25454
4837,Jaipur,12,8,Rajasthan,09-01-2011,15365.53918
4838,Jaisalmer,16,8,Rajasthan,09-01-2011,15703.47487
4839,Jalor,18,8,Rajasthan,09-01-2011,15283.34874
4840,Jhalawar,32,8,Rajasthan,09-01-2011,15266.05257
4841,Jhunjhunun,5,8,Rajasthan,09-01-2011,15339.1307
4842,Jodhpur,15,8,Rajasthan,09-01-2011,15438.65789
4843,Kota,30,8,Rajasthan,09-01-2011,15266.31848
4844,Nagaur,14,8,Rajasthan,09-01-2011,15405.71541
4845,Pali,20,8,Rajasthan,09-01-2011,15259.79472
4846,Rajsamand,25,8,Rajasthan,09-01-2011,15152.62875
4847,Sawai Madhopur,10,8,Rajasthan,09-01-2011,15343.44982
4848,Ajmer,21,8,Rajasthan,09-01-2011,15303.46139
4849,Banswara,28,8,Rajasthan,09-01-2011,15172.36544
4850,Barmer,17,8,Rajasthan,09-01-2011,15413.49856
4851,Bhilwara,24,8,Rajasthan,09-01-2011,15266.5102
4852,Bikaner,3,8,Rajasthan,09-01-2011,15679.57121
4853,Bharatpur,7,8,Rajasthan,09-01-2011,15440.04399
4854,Bundi,23,8,Rajasthan,09-01-2011,15268.53082
4855,Chittaurgarh,29,8,Rajasthan,09-01-2011,15203.49432
4856,Churu,4,8,Rajasthan,09-01-2011,15484.46925
4857,Dausa,11,8,Rajasthan,09-01-2011,15375.13085
4858,Dhaulpur,8,8,Rajasthan,09-01-2011,15397.12145
4859,Dungarpur,27,8,Rajasthan,09-01-2011,15145.38316
4860,Karauli,9,8,Rajasthan,09-01-2011,15322.86445
4861,Sirohi,19,8,Rajasthan,09-01-2011,15181.26777
4862,Tonk,22,8,Rajasthan,09-01-2011,15373.77751
4863,Sikar,13,8,Rajasthan,09-01-2011,15325.097
4864,Alwar,6,8,Rajasthan,09-01-2011,15354.20916
4865,Udaipur,26,8,Rajasthan,09-01-2011,15116.74331
4866,Ganganagar,1,8,Rajasthan,09-01-2011,15407.55049
4867,Hanumangarh,2,8,Rajasthan,09-01-2011,15350.07104
4868,Baran,31,8,Rajasthan,09-01-2011,15270.20642
4869,Hathras,13,9,Uttar Pradesh,09-01-2011,15368.56307
4870,Jalaun,35,9,Uttar Pradesh,09-01-2011,15334.34627
4871,Jaunpur,64,9,Uttar Pradesh,09-01-2011,15108.48967
4872,Jhansi,36,9,Uttar Pradesh,09-01-2011,15341.51306
4873,Jyotiba Phule Nagar,6,9,Uttar Pradesh,09-01-2011,15183.12872
4874,Kannauj,30,9,Uttar Pradesh,09-01-2011,15339.50913
4875,Kanpur Nagar,34,9,Uttar Pradesh,09-01-2011,15247.10574
4876,Kaushambi,44,9,Uttar Pradesh,09-01-2011,15133.70733
4877,Kheri,23,9,Uttar Pradesh,09-01-2011,15099.79149
4878,Mirzapur,69,9,Uttar Pradesh,09-01-2011,15106.0822
4879,Moradabad,4,9,Uttar Pradesh,09-01-2011,15151.16725
4880,Muzaffarnagar,2,9,Uttar Pradesh,09-01-2011,15162.87537
4881,Rae Bareli,28,9,Uttar Pradesh,09-01-2011,15122.48693
4882,Kushinagar,59,9,Uttar Pradesh,09-01-2011,15089.67228
4883,Lucknow,27,9,Uttar Pradesh,09-01-2011,15155.83232
4884,Lalitpur,37,9,Uttar Pradesh,09-01-2011,15263.95995
4885,Mahrajganj,57,9,Uttar Pradesh,09-01-2011,15062.50747
4886,Mahoba,39,9,Uttar Pradesh,09-01-2011,15264.46039
4887,Mainpuri,18,9,Uttar Pradesh,09-01-2011,15259.51279
4888,Mathura,14,9,Uttar Pradesh,09-01-2011,15265.7599
4889,Mau,62,9,Uttar Pradesh,09-01-2011,15082.23342
4890,Meerut,7,9,Uttar Pradesh,09-01-2011,15198.52447
4891,Pilibhit,21,9,Uttar Pradesh,09-01-2011,15084.00529
4892,Pratapgarh,43,9,Uttar Pradesh,09-01-2011,15100.78917
4893,Rampur,5,9,Uttar Pradesh,09-01-2011,15098.50126
4894,Sant Ravidas Nagar Bhadohi,68,9,Uttar Pradesh,09-01-2011,15109.73725
4895,Sant Kabir Nagar,56,9,Uttar Pradesh,09-01-2011,15075.54822
4896,Shahjahanpur,22,9,Uttar Pradesh,09-01-2011,15135.38177
4897,Auraiya,32,9,Uttar Pradesh,09-01-2011,15235.89205
4898,Azamgarh,61,9,Uttar Pradesh,09-01-2011,15081.79101
4899,Budaun,19,9,Uttar Pradesh,09-01-2011,15212.66812
4900,Agra,15,9,Uttar Pradesh,09-01-2011,15374.44884
4901,Aligarh,12,9,Uttar Pradesh,09-01-2011,15253.18017
4902,Allahabad,45,9,Uttar Pradesh,09-01-2011,15107.87651
4903,Ambedkar Nagar,48,9,Uttar Pradesh,09-01-2011,15091.52345
4904,Bareilly,20,9,Uttar Pradesh,09-01-2011,15131.81173
4905,Bijnor,3,9,Uttar Pradesh,09-01-2011,15139.08702
4906,Basti,55,9,Uttar Pradesh,09-01-2011,15083.06184
4907,Baghpat,8,9,Uttar Pradesh,09-01-2011,15162.97612
4908,Bahraich,50,9,Uttar Pradesh,09-01-2011,15101.24234
4909,Ballia,63,9,Uttar Pradesh,09-01-2011,15072.1042
4910,Balrampur,52,9,Uttar Pradesh,09-01-2011,15135.31682
4911,Banda,40,9,Uttar Pradesh,09-01-2011,15186.38865
4912,Barabanki,46,9,Uttar Pradesh,09-01-2011,15100.53084
4913,Chitrakoot,41,9,Uttar Pradesh,09-01-2011,15149.07082
4914,Chandauli,66,9,Uttar Pradesh,09-01-2011,15084.5138
4915,Deoria,60,9,Uttar Pradesh,09-01-2011,15065.75703
4916,Etah,17,9,Uttar Pradesh,09-01-2011,15256.51851
4917,Kanpur Dehat,33,9,Uttar Pradesh,09-01-2011,15242.64713
4918,Etawah,31,9,Uttar Pradesh,09-01-2011,15217.80563
4919,Faizabad,47,9,Uttar Pradesh,09-01-2011,15104.43795
4920,Ghazipur,65,9,Uttar Pradesh,09-01-2011,15102.38683
4921,Gonda,53,9,Uttar Pradesh,09-01-2011,15123.17386
4922,Gorakhpur,58,9,Uttar Pradesh,09-01-2011,15094.70717
4923,Farrukhabad,29,9,Uttar Pradesh,09-01-2011,15272.53713
4924,Fatehpur,42,9,Uttar Pradesh,09-01-2011,15167.35862
4925,Firozabad,16,9,Uttar Pradesh,09-01-2011,15330.38199
4926,Hamirpur,38,9,Uttar Pradesh,09-01-2011,15321.90824
4927,Hardoi,25,9,Uttar Pradesh,09-01-2011,15182.05626
4928,Shrawasti,51,9,Uttar Pradesh,09-01-2011,15125.18118
4929,Saharanpur,1,9,Uttar Pradesh,09-01-2011,15132.82029
4930,Sitapur,24,9,Uttar Pradesh,09-01-2011,15143.22184
4931,Sultanpur,49,9,Uttar Pradesh,09-01-2011,15102.22089
4932,Sonbhadra,70,9,Uttar Pradesh,09-01-2011,15080.87028
4933,Siddharthnagar,54,9,Uttar Pradesh,09-01-2011,15090.1373
4934,Unnao,26,9,Uttar Pradesh,09-01-2011,15172.0877
4935,Varanasi,67,9,Uttar Pradesh,09-01-2011,15116.93442
4936,Bulandshahr,11,9,Uttar Pradesh,09-01-2011,15187.06577
4937,Gautam Buddha Nagar,10,9,Uttar Pradesh,09-01-2011,15192.48566
4938,Ghaziabad,9,9,Uttar Pradesh,09-01-2011,15186.05446
4939,Jamui,37,10,Bihar,09-01-2011,15194.59754
4940,Kishanganj,8,10,Bihar,09-01-2011,15178.41648
4941,Muzaffarpur,14,10,Bihar,09-01-2011,15088.40657
4942,Purnia,9,10,Bihar,09-01-2011,15166.54742
4943,Khagaria,21,10,Bihar,09-01-2011,15208.8996
4944,Madhubani,5,10,Bihar,09-01-2011,15124.88964
4945,Lakhisarai,25,10,Bihar,09-01-2011,15167.76078
4946,Madhepura,11,10,Bihar,09-01-2011,15137.53071
4947,Purba Champaran,2,10,Bihar,09-01-2011,15092.4547
4948,Munger,24,10,Bihar,09-01-2011,15135.98772
4949,Nalanda,27,10,Bihar,09-01-2011,15102.74452
4950,Nawada,36,10,Bihar,09-01-2011,15122.63527
4951,Pashchim Champaran,1,10,Bihar,09-01-2011,15097.41724
4952,Patna,28,10,Bihar,09-01-2011,15119.84465
4953,Samastipur,19,10,Bihar,09-01-2011,15140.36421
4954,Araria,7,10,Bihar,09-01-2011,15173.21787
4955,Aurangabad,34,10,Bihar,09-01-2011,15081.24634
4956,Banka,23,10,Bihar,09-01-2011,15191.04986
4957,Bhagalpur,22,10,Bihar,09-01-2011,15146.75057
4958,Begusarai,20,10,Bihar,09-01-2011,15267.21252
4959,Saran,17,10,Bihar,09-01-2011,15091.30784
4960,Katihar,10,10,Bihar,09-01-2011,15146.90014
4961,Darbhanga,13,10,Bihar,09-01-2011,15143.90439
4962,Gopalganj,15,10,Bihar,09-01-2011,15078.87417
4963,Sheikhpura,26,10,Bihar,09-01-2011,15167.40457
4964,Sheohar,3,10,Bihar,09-01-2011,15064.16898
4965,Saharsa,12,10,Bihar,09-01-2011,15114.00428
4966,Sitamarhi,4,10,Bihar,09-01-2011,15114.18798
4967,Siwan,16,10,Bihar,09-01-2011,15045.91042
4968,Supaul,6,10,Bihar,09-01-2011,15151.06264
4969,Vaishali,18,10,Bihar,09-01-2011,15062.37889
4970,Kaimur (Bhabua),31,10,Bihar,09-01-2011,15097.62803
4971,Gaya,35,10,Bihar,09-01-2011,15120.84265
4972,Bhojpur,29,10,Bihar,09-01-2011,15093.41834
4973,Buxar,30,10,Bihar,09-01-2011,15076.15017
4974,Jehanabad,33,10,Bihar,09-01-2011,15088.08804
4975,Rohtas,32,10,Bihar,09-01-2011,15077.6328
4976,North,1,11,Sikkim,09-01-2011,14058.80447
4977,East,4,11,Sikkim,09-01-2011,14599.5226
4978,South,3,11,Sikkim,09-01-2011,14718.67493
4979,West,2,11,Sikkim,09-01-2011,14404.39058
4980,Lohit,11,12,Arunanchal Pradesh,09-01-2011,14642.52482
4981,Lower Subansiri,5,12,Arunanchal Pradesh,09-01-2011,14590.38214
4982,Papum Pare,4,12,Arunanchal Pradesh,09-01-2011,14842.41012
4983,Changlang,12,12,Arunanchal Pradesh,09-01-2011,14861.91458
4984,Dibang Valley,10,12,Arunanchal Pradesh,09-01-2011,14491.87809
4985,East Kameng,3,12,Arunanchal Pradesh,09-01-2011,14667.52458
4986,East Siang,8,12,Arunanchal Pradesh,09-01-2011,14942.49338
4987,Tawang,1,12,Arunanchal Pradesh,09-01-2011,14389.62319
4988,Tirap,13,12,Arunanchal Pradesh,09-01-2011,14945.6385
4989,West Kameng,2,12,Arunanchal Pradesh,09-01-2011,14659.6654
4990,West Siang,7,12,Arunanchal Pradesh,09-01-2011,14687.89104
4991,Upper Siang,9,12,Arunanchal Pradesh,09-01-2011,14546.59744
4992,Upper Subansiri,6,12,Arunanchal Pradesh,09-01-2011,14522.30325
4993,Mokokchung,3,13,Nagaland,09-01-2011,14998.41685
4994,Mon,1,13,Nagaland,09-01-2011,15011.60392
4995,Phek,8,13,Nagaland,09-01-2011,14837.90246
4996,Tuensang,2,13,Nagaland,09-01-2011,14842.39442
4997,Wokha,5,13,Nagaland,09-01-2011,15014.43441
4998,Zunheboto,4,13,Nagaland,09-01-2011,14862.56178
4999,Dimapur,6,13,Nagaland,09-01-2011,15013.79086
5000,Kohima,7,13,Nagaland,09-01-2011,14917.04961
5001,Imphal East,7,14,Manipur,09-01-2011,15001.58339
5002,Imphal West,6,14,Manipur,09-01-2011,15078.32245
5003,Senapati (Excl. 3 sub-divisions),1,14,Manipur,09-01-2011,14865.4415
5004,Bishnupur,4,14,Manipur,09-01-2011,14928.0579
5005,Chandel,9,14,Manipur,09-01-2011,14934.60841
5006,Churachandpur,3,14,Manipur,09-01-2011,14936.03952
5007,Tamenglong,2,14,Manipur,09-01-2011,14950.23358
5008,Thoubal,5,14,Manipur,09-01-2011,14974.69443
5009,Ukhrul,8,14,Manipur,09-01-2011,14906.97819
5010,Kolasib,2,15,Mizoram,09-01-2011,15035.58938
5011,Mamit,1,15,Mizoram,09-01-2011,14978.38359
5012,Lunglei,6,15,Mizoram,09-01-2011,14941.64786
5013,Lawngtlai,7,15,Mizoram,09-01-2011,14981.99342
5014,Saiha,8,15,Mizoram,09-01-2011,14869.5675
5015,Serchhip,5,15,Mizoram,09-01-2011,14915.80204
5016,Aizawl,3,15,Mizoram,09-01-2011,14962.70733
5017,Champhai,4,15,Mizoram,09-01-2011,14876.73226
5018,North Tripura,4,16,Tripura,09-01-2011,15046.74206
5019,Dhalai,3,16,Tripura,09-01-2011,15015.91657
5020,South Tripura,2,16,Tripura,09-01-2011,15044.127
5021,West Tripura,1,16,Tripura,09-01-2011,15064.15568
5022,Jaintia Hills,7,17,Meghalaya,09-01-2011,14985.63239
5023,East Garo Hills,2,17,Meghalaya,09-01-2011,15059.14961
5024,East Khasi Hills,6,17,Meghalaya,09-01-2011,14937.02284
5025,Ri Bhoi,5,17,Meghalaya,09-01-2011,15037.12823
5026,South Garo Hills,3,17,Meghalaya,09-01-2011,15077.19305
5027,West Garo Hills,1,17,Meghalaya,09-01-2011,15095.16223
5028,West Khasi Hills,4,17,Meghalaya,09-01-2011,14973.62093
5029,Jorhat,17,18,Assam,09-01-2011,15079.03548
5030,Karimganj,22,18,Assam,09-01-2011,15153.81178
5031,Kokrajhar,1,18,Assam,09-01-2011,15164.54604
5032,Lakhimpur,12,18,Assam,09-01-2011,15114.45492
5033,Nagaon,10,18,Assam,09-01-2011,15111.68136
5034,Marigaon,9,18,Assam,09-01-2011,15163.17938
5035,Nalbari,7,18,Assam,09-01-2011,15162.99264
5036,North Cachar Hills,20,18,Assam,09-01-2011,14983.48262
5037,Barpeta,5,18,Assam,09-01-2011,15146.65823
5038,Bongaigaon,4,18,Assam,09-01-2011,15151.07615
5039,Cachar,21,18,Assam,09-01-2011,15119.2886
5040,Darrang,8,18,Assam,09-01-2011,15135.10983
5041,Dhemaji,13,18,Assam,09-01-2011,15091.21555
5042,Dhubri,2,18,Assam,09-01-2011,15136.86462
5043,Dibrugarh,15,18,Assam,09-01-2011,15069.63515
5044,Kamrup,6,18,Assam,09-01-2011,15142.60564
5045,Karbi Anglong,19,18,Assam,09-01-2011,15017.64604
5046,Goalpara,3,18,Assam,09-01-2011,15138.01474
5047,Golaghat,18,18,Assam,09-01-2011,15103.12591
5048,Hailakandi,23,18,Assam,09-01-2011,15131.30802
5049,Sonitpur,11,18,Assam,09-01-2011,15140.64456
5050,Sibsagar,16,18,Assam,09-01-2011,15106.3675
5051,Tinsukia,14,18,Assam,09-01-2011,15092.41984
5052,Hugli,12,19,West Bengal,09-01-2011,15102.63698
5053,Jalpaiguri,2,19,West Bengal,09-01-2011,15174.24536
5054,Koch Bihar,3,19,West Bengal,09-01-2011,15140.63553
5055,Murshidabad,7,19,West Bengal,09-01-2011,15146.25717
5056,Puruliya,14,19,West Bengal,09-01-2011,15098.04818
5057,Kolkata,17,19,West Bengal,09-01-2011,15122.53156
5058,Maldah,6,19,West Bengal,09-01-2011,15127.63405
5059,Nadia,10,19,West Bengal,09-01-2011,15147.30557
5060,North Twenty Four Parganas,11,19,West Bengal,09-01-2011,15084.21425
5061,Medinipur,15,19,West Bengal,09-01-2011,15131.21421
5062,Barddhaman,9,19,West Bengal,09-01-2011,15097.42189
5063,Birbhum,8,19,West Bengal,09-01-2011,15126.43104
5064,Bankura,13,19,West Bengal,09-01-2011,15092.68265
5065,Dakshin Dinajpur,5,19,West Bengal,09-01-2011,15099.64742
5066,Darjiling,1,19,West Bengal,09-01-2011,14996.08533
5067,Haora,16,19,West Bengal,09-01-2011,15133.36522
5068,South  Twenty Four Parganas,18,19,West Bengal,09-01-2011,15129.6283
5069,Uttar Dinajpur,4,19,West Bengal,09-01-2011,15160.47161
5070,Purbi Singhbhum,18,20,Jharkhand,09-01-2011,15099.45366
5071,Lohardaga,15,20,Jharkhand,09-01-2011,14993.54458
5072,Pakaur,10,20,Jharkhand,09-01-2011,15196.56734
5073,Pashchimi Singhbhum,17,20,Jharkhand,09-01-2011,15060.85791
5074,Bokaro,13,20,Jharkhand,09-01-2011,15139.64615
5075,Deoghar,7,20,Jharkhand,09-01-2011,15192.06322
5076,Dhanbad,12,20,Jharkhand,09-01-2011,15153.13349
5077,Dumka,11,20,Jharkhand,09-01-2011,15178.65266
5078,Giridih,6,20,Jharkhand,09-01-2011,15163.53299
5079,Godda,8,20,Jharkhand,09-01-2011,15190.3703
5080,Gumla,16,20,Jharkhand,09-01-2011,15074.94705
5081,Ranchi,14,20,Jharkhand,09-01-2011,15060.48261
5082,Sahibganj,9,20,Jharkhand,09-01-2011,15163.52214
5083,Garhwa,1,20,Jharkhand,09-01-2011,15092.44778
5084,Palamu,2,20,Jharkhand,09-01-2011,15069.53914
5085,Chatra,3,20,Jharkhand,09-01-2011,15111.79578
5086,Hazaribagh,4,20,Jharkhand,09-01-2011,15099.52736
5087,Kodarma,5,20,Jharkhand,09-01-2011,15120.6293
5088,Jajapur,13,21,Orissa,09-01-2011,15108.11816
5089,Jagatsinghapur,11,21,Orissa,09-01-2011,15104.28039
5090,Jharsuguda,2,21,Orissa,09-01-2011,15106.78751
5091,Khordha,17,21,Orissa,09-01-2011,15106.36341
5092,Mayurbhanj,7,21,Orissa,09-01-2011,15080.7784
5093,Puri,18,21,Orissa,09-01-2011,15116.22595
5094,Koraput,29,21,Orissa,09-01-2011,15046.22301
5095,Malkangiri,30,21,Orissa,09-01-2011,15104.4371
5096,Nabarangapur,28,21,Orissa,09-01-2011,15080.78171
5097,Nayagarh,16,21,Orissa,09-01-2011,15080.18242
5098,Nuapada,25,21,Orissa,09-01-2011,15097.38752
5099,Kandhamal,21,21,Orissa,09-01-2011,15025.08345
5100,Sambalpur,3,21,Orissa,09-01-2011,15092.58763
5101,Anugul,15,21,Orissa,09-01-2011,15096.44232
5102,Bhadrak,9,21,Orissa,09-01-2011,15094.03471
5103,Baudh,22,21,Orissa,09-01-2011,15120.01904
5104,Balangir,24,21,Orissa,09-01-2011,15172.05529
5105,Baleshwar,8,21,Orissa,09-01-2011,15056.75637
5106,Bargarh,1,21,Orissa,09-01-2011,15122.19452
5107,Kendrapara,10,21,Orissa,09-01-2011,15073.9502
5108,Kendujhar,6,21,Orissa,09-01-2011,15065.94959
5109,Debagarh,4,21,Orissa,09-01-2011,15087.33479
5110,Cuttack,12,21,Orissa,09-01-2011,15098.17703
5111,Dhenkanal,14,21,Orissa,09-01-2011,15103.2949
5112,Kalahandi,26,21,Orissa,09-01-2011,15111.71831
5113,Ganjam,19,21,Orissa,09-01-2011,15134.62243
5114,Gajapati,20,21,Orissa,09-01-2011,15065.48842
5115,Rayagada,27,21,Orissa,09-01-2011,15104.4719
5116,Sundargarh,5,21,Orissa,09-01-2011,15087.36053
5117,Sonapur,23,21,Orissa,09-01-2011,15151.37607
5118,Jashpur,3,22,Chhattisgarh,09-01-2011,15068.85606
5119,Koriya,1,22,Chhattisgarh,09-01-2011,15047.58168
5120,Mahasamund,12,22,Chhattisgarh,09-01-2011,15092.53888
5121,Raigarh,4,22,Chhattisgarh,09-01-2011,15093.58095
5122,Raipur,11,22,Chhattisgarh,09-01-2011,15095.67796
5123,Rajnandgaon,9,22,Chhattisgarh,09-01-2011,15109.14493
5124,Bastar,15,22,Chhattisgarh,09-01-2011,15075.46847
5125,Dantewada,16,22,Chhattisgarh,09-01-2011,15099.22314
5126,Dhamtari,13,22,Chhattisgarh,09-01-2011,15073.06402
5127,Durg,10,22,Chhattisgarh,09-01-2011,15111.13433
5128,Kanker,14,22,Chhattisgarh,09-01-2011,15094.85523
5129,Surguja,2,22,Chhattisgarh,09-01-2011,15043.942
5130,Bilaspur,7,22,Chhattisgarh,09-01-2011,15076.44993
5131,Janjgir - Champa,6,22,Chhattisgarh,09-01-2011,15063.12541
5132,Korba,5,22,Chhattisgarh,09-01-2011,15083.34725
5133,Kawardha,8,22,Chhattisgarh,09-01-2011,15117.40035
5134,Hoshangabad,37,23,Madhya Pradesh,09-01-2011,15185.6959
5135,Indore,26,23,Madhya Pradesh,09-01-2011,15255.35829
5136,Jabalpur,39,23,Madhya Pradesh,09-01-2011,15153.82525
5137,Jhabua,24,23,Madhya Pradesh,09-01-2011,15172.53861
5138,Mandsaur,19,23,Madhya Pradesh,09-01-2011,15279.81017
5139,Tikamgarh,8,23,Madhya Pradesh,09-01-2011,15259.35272
5140,Narsimhapur,40,23,Madhya Pradesh,09-01-2011,15216.87593
5141,Neemuch,18,23,Madhya Pradesh,09-01-2011,15256.73306
5142,Panna,10,23,Madhya Pradesh,09-01-2011,15160.63974
5143,Raisen,34,23,Madhya Pradesh,09-01-2011,15182.48739
5144,Rajgarh,30,23,Madhya Pradesh,09-01-2011,15278.7612
5145,Satna,13,23,Madhya Pradesh,09-01-2011,15127.86873
5146,Sehore,33,23,Madhya Pradesh,09-01-2011,15230.42
5147,Seoni,44,23,Madhya Pradesh,09-01-2011,15162.98637
5148,Bhind,3,23,Madhya Pradesh,09-01-2011,15422.84506
5149,Bhopal,32,23,Madhya Pradesh,09-01-2011,15246.36832
5150,Barwani,28,23,Madhya Pradesh,09-01-2011,15241.49561
5151,Betul,35,23,Madhya Pradesh,09-01-2011,15139.6391
5152,Balaghat,45,23,Madhya Pradesh,09-01-2011,15063.05838
5153,Chhatarpur,9,23,Madhya Pradesh,09-01-2011,15186.83596
5154,Chhindwara,43,23,Madhya Pradesh,09-01-2011,15152.444
5155,Dewas,23,23,Madhya Pradesh,09-01-2011,15270.55276
5156,Katni,38,23,Madhya Pradesh,09-01-2011,15121.27602
5157,Datia,5,23,Madhya Pradesh,09-01-2011,15366.52358
5158,Damoh,12,23,Madhya Pradesh,09-01-2011,15203.3717
5159,Dhar,25,23,Madhya Pradesh,09-01-2011,15241.81496
5160,East Nimar,29,23,Madhya Pradesh,09-01-2011,15196.25062
5161,Guna,7,23,Madhya Pradesh,09-01-2011,15249.72636
5162,Gwalior,4,23,Madhya Pradesh,09-01-2011,15327.02546
5163,Harda,36,23,Madhya Pradesh,09-01-2011,15262.18169
5164,Shajapur,22,23,Madhya Pradesh,09-01-2011,15313.52603
5165,Shivpuri,6,23,Madhya Pradesh,09-01-2011,15223.20206
5166,Ratlam,20,23,Madhya Pradesh,09-01-2011,15275.57664
5167,Rewa,14,23,Madhya Pradesh,09-01-2011,15137.14047
5168,Sagar,11,23,Madhya Pradesh,09-01-2011,15208.92553
5169,Sidhi,17,23,Madhya Pradesh,09-01-2011,15103.10812
5170,Ujjain,21,23,Madhya Pradesh,09-01-2011,15336.28463
5171,Vidisha,31,23,Madhya Pradesh,09-01-2011,15251.94338
5172,West Nimar,27,23,Madhya Pradesh,09-01-2011,15278.73908
5173,Morena,2,23,Madhya Pradesh,09-01-2011,15380.71672
5174,Sheopur,1,23,Madhya Pradesh,09-01-2011,15216.04292
5175,Dindori,41,23,Madhya Pradesh,09-01-2011,15072.96139
5176,Mandla,42,23,Madhya Pradesh,09-01-2011,15087.31517
5177,Shahdol,16,23,Madhya Pradesh,09-01-2011,15090.48974
5178,Umaria,15,23,Madhya Pradesh,09-01-2011,15109.27207
5179,Jamnagar,10,24,Gujarat,09-01-2011,15186.66872
5180,Kheda,16,24,Gujarat,09-01-2011,15233.5086
5181,Mahesana,4,24,Gujarat,09-01-2011,15275.5389
5182,Narmada,20,24,Gujarat,09-01-2011,15093.56212
5183,Navsari,24,24,Gujarat,09-01-2011,15072.84319
5184,Panch Mahals,17,24,Gujarat,09-01-2011,15143.56769
5185,Patan,3,24,Gujarat,09-01-2011,15253.97768
5186,Porbandar,11,24,Gujarat,09-01-2011,15132.90312
5187,Rajkot,9,24,Gujarat,09-01-2011,15219.6744
5188,Anand,15,24,Gujarat,09-01-2011,15189.42164
5189,Ahmadabad,7,24,Gujarat,09-01-2011,15239.19983
5190,Amreli,13,24,Gujarat,09-01-2011,15246.45345
5191,Bhavnagar,14,24,Gujarat,09-01-2011,15245.82562
5192,Banas Kantha,2,24,Gujarat,09-01-2011,15255.61503
5193,Dohad,18,24,Gujarat,09-01-2011,15116.81816
5194,Junagadh,12,24,Gujarat,09-01-2011,15151.97814
5195,Kachchh,1,24,Gujarat,09-01-2011,15229.44766
5196,Gandhinagar,6,24,Gujarat,09-01-2011,15252.93623
5197,Sabar Kantha,5,24,Gujarat,09-01-2011,15180.00347
5198,Surendranagar,8,24,Gujarat,09-01-2011,15271.76807
5199,The Dangs,23,24,Gujarat,09-01-2011,14980.24732
5200,Vadodara,19,24,Gujarat,09-01-2011,15190.65547
5201,Valsad,25,24,Gujarat,09-01-2011,15056.13804
5202,Bharuch,21,24,Gujarat,09-01-2011,15190.17036
5203,Surat,22,24,Gujarat,09-01-2011,15079.88013
5204,Daman,2,25,Daman & Diu,09-01-2011,15096.93089
5205,Diu,1,25,Daman & Diu,09-01-2011,15116.49349
5206,Hingoli,16,27,Maharashtra,09-01-2011,15186.95028
5207,Jalgaon,3,27,Maharashtra,09-01-2011,15278.0162
5208,Jalna,18,27,Maharashtra,09-01-2011,15212.55525
5209,Kolhapur,34,27,Maharashtra,09-01-2011,15062.81609
5210,Latur,28,27,Maharashtra,09-01-2011,15130.39293
5211,Pune,25,27,Maharashtra,09-01-2011,15214.05116
5212,Nagpur,9,27,Maharashtra,09-01-2011,15207.92595
5213,Mumbai,23,27,Maharashtra,09-01-2011,15208.61458
5214,Mumbai (Suburban),22,27,Maharashtra,09-01-2011,15128.89409
5215,Nanded,15,27,Maharashtra,09-01-2011,15195.24572
5216,Nandurbar,1,27,Maharashtra,09-01-2011,15191.91201
5217,Nashik,20,27,Maharashtra,09-01-2011,15174.77688
5218,Osmanabad,29,27,Maharashtra,09-01-2011,15258.64682
5219,Parbhani,17,27,Maharashtra,09-01-2011,15232.3088
5220,Sangli,35,27,Maharashtra,09-01-2011,15421.83445
5221,Satara,31,27,Maharashtra,09-01-2011,15242.20091
5222,Aurangabad,19,27,Maharashtra,09-01-2011,15191.52704
5223,Ahmadnagar,26,27,Maharashtra,09-01-2011,15268.34754
5224,Akola,5,27,Maharashtra,09-01-2011,15275.82802
5225,Amravati,7,27,Maharashtra,09-01-2011,15224.09378
5226,Bid,27,27,Maharashtra,09-01-2011,15177.29811
5227,Bhandara,10,27,Maharashtra,09-01-2011,15105.87189
5228,Buldana,4,27,Maharashtra,09-01-2011,15218.83598
5229,Chandrapur,13,27,Maharashtra,09-01-2011,15146.80861
5230,Dhule,2,27,Maharashtra,09-01-2011,15283.06302
5231,Gadchiroli,12,27,Maharashtra,09-01-2011,15110.28446
5232,Gondiya,11,27,Maharashtra,09-01-2011,15090.41661
5233,Ratnagiri,32,27,Maharashtra,09-01-2011,15024.70487
5234,Raigarh,24,27,Maharashtra,09-01-2011,15055.40305
5235,Thane,21,27,Maharashtra,09-01-2011,15075.28375
5236,Solapur,30,27,Maharashtra,09-01-2011,15398.53628
5237,Sindhudurg,33,27,Maharashtra,09-01-2011,15054.72894
5238,Wardha,8,27,Maharashtra,09-01-2011,15244.2929
5239,Washim,6,27,Maharashtra,09-01-2011,15235.5386
5240,Yavatmal,14,27,Maharashtra,09-01-2011,15172.18859
5241,Hyderabad,5,28,Andhra Pradesh,09-01-2011,15387.109
5242,Khammam,10,28,Andhra Pradesh,09-01-2011,15209.0509
5243,Medak,4,28,Andhra Pradesh,09-01-2011,15183.52685
5244,Krishna,16,28,Andhra Pradesh,09-01-2011,15225.01217
5245,Kurnool,21,28,Andhra Pradesh,09-01-2011,15486.72223
5246,Mahbubnagar,7,28,Andhra Pradesh,09-01-2011,15356.83261
5247,Nalgonda,8,28,Andhra Pradesh,09-01-2011,15344.37786
5248,Nellore,19,28,Andhra Pradesh,09-01-2011,15507.92456
5249,Nizamabad,2,28,Andhra Pradesh,09-01-2011,15107.14236
5250,Prakasam,18,28,Andhra Pradesh,09-01-2011,15578.86574
5251,Anantapur,22,28,Andhra Pradesh,09-01-2011,15527.52434
5252,Adilabad,1,28,Andhra Pradesh,09-01-2011,15164.12587
5253,Chittoor,23,28,Andhra Pradesh,09-01-2011,15294.51986
5254,Cuddapah,20,28,Andhra Pradesh,09-01-2011,15416.42891
5255,East Godavari,14,28,Andhra Pradesh,09-01-2011,15173.24001
5256,Karimnagar,3,28,Andhra Pradesh,09-01-2011,15159.41445
5257,Guntur,17,28,Andhra Pradesh,09-01-2011,15388.22833
5258,Rangareddi,6,28,Andhra Pradesh,09-01-2011,15303.41825
5259,Srikakulam,11,28,Andhra Pradesh,09-01-2011,15185.5316
5260,West Godavari,15,28,Andhra Pradesh,09-01-2011,15226.48781
5261,Visakhapatnam,13,28,Andhra Pradesh,09-01-2011,15120.56672
5262,Vizianagaram,12,28,Andhra Pradesh,09-01-2011,15200.92288
5263,Warangal,9,28,Andhra Pradesh,09-01-2011,15224.73786
5264,Hassan,23,29,Karnataka,09-01-2011,15224.48392
5265,Haveri,11,29,Karnataka,09-01-2011,15196.33944
5266,Kodagu,25,29,Karnataka,09-01-2011,14956.19797
5267,Kolar,19,29,Karnataka,09-01-2011,15287.82136
5268,Mandya,22,29,Karnataka,09-01-2011,15327.47753
5269,Koppal,7,29,Karnataka,09-01-2011,15435.11984
5270,Mysore,26,29,Karnataka,09-01-2011,15240.69811
5271,Raichur,6,29,Karnataka,09-01-2011,15446.53826
5272,Bagalkot,2,29,Karnataka,09-01-2011,15426.01296
5273,Bangalore,20,29,Karnataka,09-01-2011,15185.39106
5274,Bidar,5,29,Karnataka,09-01-2011,15257.27734
5275,Bijapur,3,29,Karnataka,09-01-2011,15515.89215
5276,Belgaum,1,29,Karnataka,09-01-2011,15298.7197
5277,Bellary,12,29,Karnataka,09-01-2011,15410.07509
5278,Bangalore Rural,21,29,Karnataka,09-01-2011,15213.89288
5279,Chamarajanagar,27,29,Karnataka,09-01-2011,15312.1631
5280,Chikmagalur,17,29,Karnataka,09-01-2011,15095.86678
5281,Chitradurga,13,29,Karnataka,09-01-2011,15553.28613
5282,Dakshina Kannada,24,29,Karnataka,09-01-2011,15064.51073
5283,Davanagere,14,29,Karnataka,09-01-2011,15204.0382
5284,Dharwad,9,29,Karnataka,09-01-2011,15439.3405
5285,Gulbarga,4,29,Karnataka,09-01-2011,15401.19608
5286,Gadag,8,29,Karnataka,09-01-2011,15573.83459
5287,Shimoga,15,29,Karnataka,09-01-2011,14984.01453
5288,Tumkur,18,29,Karnataka,09-01-2011,15360.81286
5289,Udupi,16,29,Karnataka,09-01-2011,15089.37778
5290,Uttara Kannada,10,29,Karnataka,09-01-2011,14991.66014
5291,North Goa,1,30,Goa,09-01-2011,15065.37005
5292,South Goa,2,30,Goa,09-01-2011,15023.58258
5293,Idukki,9,32,Kerala,09-01-2011,14936.91109
5294,Kollam,13,32,Kerala,09-01-2011,15048.2482
5295,Kottayam,10,32,Kerala,09-01-2011,15067.82251
5296,Kozhikode,4,32,Kerala,09-01-2011,15031.39934
5297,Malappuram,5,32,Kerala,09-01-2011,15058.68147
5298,Palakkad,6,32,Kerala,09-01-2011,15050.43549
5299,Pathanamthitta,12,32,Kerala,09-01-2011,15010.67092
5300,Alappuzha,11,32,Kerala,09-01-2011,15029.24407
5301,Kasaragod,1,32,Kerala,09-01-2011,15079.21789
5302,Kannur,2,32,Kerala,09-01-2011,15081.46777
5303,Ernakulam,8,32,Kerala,09-01-2011,15093.4427
5304,Thrissur,7,32,Kerala,09-01-2011,15033.83156
5305,Thiruvananthapuram,14,32,Kerala,09-01-2011,15073.05815
5306,Wayanad,3,32,Kerala,09-01-2011,14922.66848
5307,Kanniyakumari,30,33,Tamil Nadu,09-01-2011,15128.74743
5308,Karur,14,33,Tamil Nadu,09-01-2011,15649.62819
5309,Madurai,24,33,Tamil Nadu,09-01-2011,15553.50974
5310,Namakkal,9,33,Tamil Nadu,09-01-2011,15405.04392
5311,The Nilgiris,11,33,Tamil Nadu,09-01-2011,14843.64483
5312,Perambalur,16,33,Tamil Nadu,09-01-2011,15564.36068
5313,Pudukkottai,22,33,Tamil Nadu,09-01-2011,15451.18815
5314,Ramanathapuram,27,33,Tamil Nadu,09-01-2011,15819.23745
5315,Salem,8,33,Tamil Nadu,09-01-2011,15274.73617
5316,Ariyalur,17,33,Tamil Nadu,09-01-2011,15405.00587
5317,Coimbatore,12,33,Tamil Nadu,09-01-2011,15482.82211
5318,Cuddalore,18,33,Tamil Nadu,09-01-2011,15397.05928
5319,Dharmapuri,5,33,Tamil Nadu,09-01-2011,15307.77317
5320,Dindigul,13,33,Tamil Nadu,09-01-2011,15481.26695
5321,Erode,10,33,Tamil Nadu,09-01-2011,15463.92089
5322,Sivaganga,23,33,Tamil Nadu,09-01-2011,15546.1179
5323,Tiruchirappalli,15,33,Tamil Nadu,09-01-2011,15413.14602
5324,Tirunelveli,29,33,Tamil Nadu,09-01-2011,15789.97855
5325,Tiruvannamalai,6,33,Tamil Nadu,09-01-2011,15284.62044
5326,Thoothukkudi,28,33,Tamil Nadu,09-01-2011,15981.98556
5327,Theni,25,33,Tamil Nadu,09-01-2011,15477.57731
5328,Vellore,4,33,Tamil Nadu,09-01-2011,15235.68586
5329,Viluppuram,7,33,Tamil Nadu,09-01-2011,15336.58982
5330,Virudhunagar,26,33,Tamil Nadu,09-01-2011,15828.47372
5331,Chennai,2,33,Tamil Nadu,09-01-2011,15446.23091
5332,Kancheepuram,3,33,Tamil Nadu,09-01-2011,15296.47331
5333,Thiruvallur,1,33,Tamil Nadu,09-01-2011,15338.12835
5334,Thanjavur,21,33,Tamil Nadu,09-01-2011,15332.74515
5335,Thiruvarur,20,33,Tamil Nadu,09-01-2011,15310.95985
5336,Nagapattinam,19,33,Tamil Nadu,09-01-2011,15364.81746
5337,Pondicherry,2,34,Puducherry,09-01-2011,15238.83337
5338,Yanam,1,34,Puducherry,09-01-2011,15263.21712
5339,Karaikal,4,34,Puducherry,09-01-2011,15422.56401
5340,Mahe,3,34,Puducherry,09-01-2011,15073.40979
5341,Nicobars,2,35,Andaman & Nicobar Island,09-01-2011,14923.9365
5342,Andamans,1,35,Andaman & Nicobar Island,09-01-2011,14936.42789
5343,Chandigarh,1,4,Chandigarh,10-01-2011,15218.8397
5344,Dadra & Nagar Haveli,1,26,Dadara & Nagar Havelli,10-01-2011,15262.5021
5345,Lakshadweep,1,31,Lakshadweep,10-01-2011,15114.20526
5346,Data Not Available,99,99,Jammu and Kashmir,10-01-2011,14095.00402
5347,Jammu,13,1,Jammu and Kashmir,10-01-2011,15070.79613
5348,Kargil,8,1,Jammu and Kashmir,10-01-2011,14299.9539
5349,Kathua,14,1,Jammu and Kashmir,10-01-2011,14923.51063
5350,Leh (Ladakh),7,1,Jammu and Kashmir,10-01-2011,14265.1199
5351,Kupwara,1,1,Jammu and Kashmir,10-01-2011,14520.0867
5352,Punch,11,1,Jammu and Kashmir,10-01-2011,14731.10612
5353,Pulwama,5,1,Jammu and Kashmir,10-01-2011,14674.17979
5354,Rajauri,12,1,Jammu and Kashmir,10-01-2011,14886.27611
5355,Anantnag,6,1,Jammu and Kashmir,10-01-2011,14430.25903
5356,Badgam,4,1,Jammu and Kashmir,10-01-2011,14548.92928
5357,Baramula,2,1,Jammu and Kashmir,10-01-2011,14447.59161
5358,Doda,9,1,Jammu and Kashmir,10-01-2011,14305.39651
5359,Srinagar,3,1,Jammu and Kashmir,10-01-2011,14386.51193
5360,Udhampur,10,1,Jammu and Kashmir,10-01-2011,14766.9571
5361,Kangra,2,2,Himachal Pradesh,10-01-2011,14769.0943
5362,Kinnaur,12,2,Himachal Pradesh,10-01-2011,14352.19907
5363,Lahul & Spiti,3,2,Himachal Pradesh,10-01-2011,14217.75414
5364,Kullu,4,2,Himachal Pradesh,10-01-2011,14323.95964
5365,Mandi,5,2,Himachal Pradesh,10-01-2011,14751.82253
5366,Bilaspur,8,2,Himachal Pradesh,10-01-2011,14930.93174
5367,Chamba,1,2,Himachal Pradesh,10-01-2011,14443.73107
5368,Hamirpur,6,2,Himachal Pradesh,10-01-2011,14945.83758
5369,Shimla,11,2,Himachal Pradesh,10-01-2011,14623.35019
5370,Sirmaur,10,2,Himachal Pradesh,10-01-2011,14891.08787
5371,Solan,9,2,Himachal Pradesh,10-01-2011,14937.27304
5372,Una,7,2,Himachal Pradesh,10-01-2011,15037.83223
5373,Hoshiarpur,5,3,Punjab,10-01-2011,15149.51873
5374,Jalandhar,4,3,Punjab,10-01-2011,15212.43425
5375,Kapurthala,3,3,Punjab,10-01-2011,15200.83973
5376,Ludhiana,9,3,Punjab,10-01-2011,15159.79445
5377,Mansa,15,3,Punjab,10-01-2011,15153.25018
5378,Moga,10,3,Punjab,10-01-2011,15142.48594
5379,Muktsar,12,3,Punjab,10-01-2011,15153.03188
5380,Nawanshahr,6,3,Punjab,10-01-2011,15174.71113
5381,Patiala,17,3,Punjab,10-01-2011,15170.13747
5382,Sangrur,16,3,Punjab,10-01-2011,15132.76614
5383,Amritsar,2,3,Punjab,10-01-2011,15143.3656
5384,Firozpur,11,3,Punjab,10-01-2011,15161.22501
5385,Bathinda,14,3,Punjab,10-01-2011,15157.7975
5386,Gurdaspur,1,3,Punjab,10-01-2011,15110.67808
5387,Faridkot,13,3,Punjab,10-01-2011,15187.68157
5388,Fatehgarh Sahib,8,3,Punjab,10-01-2011,15193.58524
5389,Rupnagar,7,3,Punjab,10-01-2011,15161.99448
5390,Hardwar,13,5,Uttarakhand,10-01-2011,15079.37651
5391,Nainital,11,5,Uttarakhand,10-01-2011,14928.96275
5392,Pithoragarh,7,5,Uttarakhand,10-01-2011,14468.05604
5393,Bageshwar,8,5,Uttarakhand,10-01-2011,14612.21062
5394,Almora,9,5,Uttarakhand,10-01-2011,14883.94829
5395,Chamoli,2,5,Uttarakhand,10-01-2011,14331.22879
5396,Champawat,10,5,Uttarakhand,10-01-2011,14862.12552
5397,Dehradun,5,5,Uttarakhand,10-01-2011,14897.94184
5398,Garhwal,6,5,Uttarakhand,10-01-2011,14858.34995
5399,Rudraprayag,3,5,Uttarakhand,10-01-2011,14509.59061
5400,Tehri Garhwal,4,5,Uttarakhand,10-01-2011,14691.41898
5401,Udham Singh Nagar,12,5,Uttarakhand,10-01-2011,15123.28308
5402,Uttarkashi,1,5,Uttarakhand,10-01-2011,14366.39763
5403,Hisar,12,6,Haryana,10-01-2011,15276.51263
5404,Jind,9,6,Haryana,10-01-2011,15142.6907
5405,Kaithal,5,6,Haryana,10-01-2011,15141.26877
5406,Karnal,6,6,Haryana,10-01-2011,15139.62047
5407,Kurukshetra,4,6,Haryana,10-01-2011,15164.92014
5408,Panchkula,1,6,Haryana,10-01-2011,15092.32748
5409,Panipat,7,6,Haryana,10-01-2011,15109.86655
5410,Ambala,2,6,Haryana,10-01-2011,15165.64305
5411,Gurgaon,18,6,Haryana,10-01-2011,15405.80941
5412,Faridabad,19,6,Haryana,10-01-2011,15276.69016
5413,Fatehabad,10,6,Haryana,10-01-2011,15174.39088
5414,Rohtak,14,6,Haryana,10-01-2011,15246.38121
5415,Sirsa,11,6,Haryana,10-01-2011,15235.00175
5416,Sonipat,8,6,Haryana,10-01-2011,15168.29542
5417,Yamunanagar,3,6,Haryana,10-01-2011,15113.73011
5418,Jhajjar,15,6,Haryana,10-01-2011,15378.80103
5419,Mahendragarh,16,6,Haryana,10-01-2011,15579.69986
5420,Rewari,17,6,Haryana,10-01-2011,15523.00139
5421,Bhiwani,13,6,Haryana,10-01-2011,15481.08489
5422,Central,6,7,Delhi  & NCR,10-01-2011,15238.72939
5423,East,4,7,Delhi  & NCR,10-01-2011,15250.29646
5424,New Delhi,5,7,Delhi  & NCR,10-01-2011,15187.89621
5425,North,2,7,Delhi  & NCR,10-01-2011,15213.80965
5426,North East,3,7,Delhi  & NCR,10-01-2011,15240.28365
5427,North West,1,7,Delhi  & NCR,10-01-2011,15270.28411
5428,South,9,7,Delhi  & NCR,10-01-2011,15214.12796
5429,South West,8,7,Delhi  & NCR,10-01-2011,15321.93715
5430,West,7,7,Delhi  & NCR,10-01-2011,15290.70935
5431,Jaipur,12,8,Rajasthan,10-01-2011,15566.60555
5432,Jaisalmer,16,8,Rajasthan,10-01-2011,15852.54675
5433,Jalor,18,8,Rajasthan,10-01-2011,15565.01799
5434,Jhalawar,32,8,Rajasthan,10-01-2011,15539.35642
5435,Jhunjhunun,5,8,Rajasthan,10-01-2011,15537.64026
5436,Jodhpur,15,8,Rajasthan,10-01-2011,15683.72682
5437,Kota,30,8,Rajasthan,10-01-2011,15512.76274
5438,Nagaur,14,8,Rajasthan,10-01-2011,15651.06573
5439,Pali,20,8,Rajasthan,10-01-2011,15549.83388
5440,Rajsamand,25,8,Rajasthan,10-01-2011,15321.96373
5441,Sawai Madhopur,10,8,Rajasthan,10-01-2011,15550.6631
5442,Ajmer,21,8,Rajasthan,10-01-2011,15527.63545
5443,Banswara,28,8,Rajasthan,10-01-2011,15430.55563
5444,Barmer,17,8,Rajasthan,10-01-2011,15653.89141
5445,Bhilwara,24,8,Rajasthan,10-01-2011,15467.46893
5446,Bikaner,3,8,Rajasthan,10-01-2011,15792.37719
5447,Bharatpur,7,8,Rajasthan,10-01-2011,15598.91764
5448,Bundi,23,8,Rajasthan,10-01-2011,15497.60832
5449,Chittaurgarh,29,8,Rajasthan,10-01-2011,15424.64322
5450,Churu,4,8,Rajasthan,10-01-2011,15684.10802
5451,Dausa,11,8,Rajasthan,10-01-2011,15587.42458
5452,Dhaulpur,8,8,Rajasthan,10-01-2011,15555.75215
5453,Dungarpur,27,8,Rajasthan,10-01-2011,15342.35236
5454,Karauli,9,8,Rajasthan,10-01-2011,15530.56432
5455,Sirohi,19,8,Rajasthan,10-01-2011,15431.14348
5456,Tonk,22,8,Rajasthan,10-01-2011,15607.00629
5457,Sikar,13,8,Rajasthan,10-01-2011,15537.33962
5458,Alwar,6,8,Rajasthan,10-01-2011,15485.05151
5459,Udaipur,26,8,Rajasthan,10-01-2011,15304.15119
5460,Ganganagar,1,8,Rajasthan,10-01-2011,15536.8712
5461,Hanumangarh,2,8,Rajasthan,10-01-2011,15488.15494
5462,Baran,31,8,Rajasthan,10-01-2011,15508.71201
5463,Hathras,13,9,Uttar Pradesh,10-01-2011,15404.34508
5464,Jalaun,35,9,Uttar Pradesh,10-01-2011,15463.84402
5465,Jaunpur,64,9,Uttar Pradesh,10-01-2011,15216.48749
5466,Jhansi,36,9,Uttar Pradesh,10-01-2011,15507.84055
5467,Jyotiba Phule Nagar,6,9,Uttar Pradesh,10-01-2011,15178.04395
5468,Kannauj,30,9,Uttar Pradesh,10-01-2011,15343.46394
5469,Kanpur Nagar,34,9,Uttar Pradesh,10-01-2011,15299.10895
5470,Kaushambi,44,9,Uttar Pradesh,10-01-2011,15251.10506
5471,Kheri,23,9,Uttar Pradesh,10-01-2011,15146.08881
5472,Mirzapur,69,9,Uttar Pradesh,10-01-2011,15214.61006
5473,Moradabad,4,9,Uttar Pradesh,10-01-2011,15174.84577
5474,Muzaffarnagar,2,9,Uttar Pradesh,10-01-2011,15122.97372
5475,Rae Bareli,28,9,Uttar Pradesh,10-01-2011,15191.67354
5476,Kushinagar,59,9,Uttar Pradesh,10-01-2011,15144.53276
5477,Lucknow,27,9,Uttar Pradesh,10-01-2011,15208.65861
5478,Lalitpur,37,9,Uttar Pradesh,10-01-2011,15459.42867
5479,Mahrajganj,57,9,Uttar Pradesh,10-01-2011,15136.26448
5480,Mahoba,39,9,Uttar Pradesh,10-01-2011,15482.66302
5481,Mainpuri,18,9,Uttar Pradesh,10-01-2011,15288.02829
5482,Mathura,14,9,Uttar Pradesh,10-01-2011,15354.52278
5483,Mau,62,9,Uttar Pradesh,10-01-2011,15156.10774
5484,Meerut,7,9,Uttar Pradesh,10-01-2011,15164.1606
5485,Pilibhit,21,9,Uttar Pradesh,10-01-2011,15136.99081
5486,Pratapgarh,43,9,Uttar Pradesh,10-01-2011,15200.4537
5487,Rampur,5,9,Uttar Pradesh,10-01-2011,15152.76353
5488,Sant Ravidas Nagar Bhadohi,68,9,Uttar Pradesh,10-01-2011,15190.83357
5489,Sant Kabir Nagar,56,9,Uttar Pradesh,10-01-2011,15167.7265
5490,Shahjahanpur,22,9,Uttar Pradesh,10-01-2011,15185.17692
5491,Auraiya,32,9,Uttar Pradesh,10-01-2011,15268.20322
5492,Azamgarh,61,9,Uttar Pradesh,10-01-2011,15154.14285
5493,Budaun,19,9,Uttar Pradesh,10-01-2011,15235.60603
5494,Agra,15,9,Uttar Pradesh,10-01-2011,15471.16671
5495,Aligarh,12,9,Uttar Pradesh,10-01-2011,15286.12516
5496,Allahabad,45,9,Uttar Pradesh,10-01-2011,15184.87235
5497,Ambedkar Nagar,48,9,Uttar Pradesh,10-01-2011,15133.25094
5498,Bareilly,20,9,Uttar Pradesh,10-01-2011,15173.89542
5499,Bijnor,3,9,Uttar Pradesh,10-01-2011,15120.16635
5500,Basti,55,9,Uttar Pradesh,10-01-2011,15156.70563
5501,Baghpat,8,9,Uttar Pradesh,10-01-2011,15158.13835
5502,Bahraich,50,9,Uttar Pradesh,10-01-2011,15158.2171
5503,Ballia,63,9,Uttar Pradesh,10-01-2011,15169.11511
5504,Balrampur,52,9,Uttar Pradesh,10-01-2011,15177.80433
5505,Banda,40,9,Uttar Pradesh,10-01-2011,15344.62768
5506,Barabanki,46,9,Uttar Pradesh,10-01-2011,15149.66284
5507,Chitrakoot,41,9,Uttar Pradesh,10-01-2011,15284.81082
5508,Chandauli,66,9,Uttar Pradesh,10-01-2011,15121.35965
5509,Deoria,60,9,Uttar Pradesh,10-01-2011,15171.13925
5510,Etah,17,9,Uttar Pradesh,10-01-2011,15307.25701
5511,Kanpur Dehat,33,9,Uttar Pradesh,10-01-2011,15322.50791
5512,Etawah,31,9,Uttar Pradesh,10-01-2011,15262.98492
5513,Faizabad,47,9,Uttar Pradesh,10-01-2011,15144.39245
5514,Ghazipur,65,9,Uttar Pradesh,10-01-2011,15162.89547
5515,Gonda,53,9,Uttar Pradesh,10-01-2011,15156.61254
5516,Gorakhpur,58,9,Uttar Pradesh,10-01-2011,15192.89343
5517,Farrukhabad,29,9,Uttar Pradesh,10-01-2011,15315.11623
5518,Fatehpur,42,9,Uttar Pradesh,10-01-2011,15288.75688
5519,Firozabad,16,9,Uttar Pradesh,10-01-2011,15385.76336
5520,Hamirpur,38,9,Uttar Pradesh,10-01-2011,15476.98147
5521,Hardoi,25,9,Uttar Pradesh,10-01-2011,15241.64799
5522,Shrawasti,51,9,Uttar Pradesh,10-01-2011,15186.55667
5523,Saharanpur,1,9,Uttar Pradesh,10-01-2011,15101.84293
5524,Sitapur,24,9,Uttar Pradesh,10-01-2011,15199.17142
5525,Sultanpur,49,9,Uttar Pradesh,10-01-2011,15173.46598
5526,Sonbhadra,70,9,Uttar Pradesh,10-01-2011,15138.86485
5527,Siddharthnagar,54,9,Uttar Pradesh,10-01-2011,15144.71951
5528,Unnao,26,9,Uttar Pradesh,10-01-2011,15256.3856
5529,Varanasi,67,9,Uttar Pradesh,10-01-2011,15216.35541
5530,Bulandshahr,11,9,Uttar Pradesh,10-01-2011,15204.67357
5531,Gautam Buddha Nagar,10,9,Uttar Pradesh,10-01-2011,15231.58065
5532,Ghaziabad,9,9,Uttar Pradesh,10-01-2011,15194.14787
5533,Jamui,37,10,Bihar,10-01-2011,15153.11343
5534,Kishanganj,8,10,Bihar,10-01-2011,15128.30142
5535,Muzaffarpur,14,10,Bihar,10-01-2011,15113.70136
5536,Purnia,9,10,Bihar,10-01-2011,15144.28097
5537,Khagaria,21,10,Bihar,10-01-2011,15162.14605
5538,Madhubani,5,10,Bihar,10-01-2011,15099.04244
5539,Lakhisarai,25,10,Bihar,10-01-2011,15125.39067
5540,Madhepura,11,10,Bihar,10-01-2011,15121.70803
5541,Purba Champaran,2,10,Bihar,10-01-2011,15109.17318
5542,Munger,24,10,Bihar,10-01-2011,15105.72963
5543,Nalanda,27,10,Bihar,10-01-2011,15107.1409
5544,Nawada,36,10,Bihar,10-01-2011,15121.70464
5545,Pashchim Champaran,1,10,Bihar,10-01-2011,15101.47846
5546,Patna,28,10,Bihar,10-01-2011,15145.9053
5547,Samastipur,19,10,Bihar,10-01-2011,15155.14973
5548,Araria,7,10,Bihar,10-01-2011,15123.42528
5549,Aurangabad,34,10,Bihar,10-01-2011,15104.19799
5550,Banka,23,10,Bihar,10-01-2011,15138.02219
5551,Bhagalpur,22,10,Bihar,10-01-2011,15131.29375
5552,Begusarai,20,10,Bihar,10-01-2011,15199.47848
5553,Saran,17,10,Bihar,10-01-2011,15136.67332
5554,Katihar,10,10,Bihar,10-01-2011,15141.06103
5555,Darbhanga,13,10,Bihar,10-01-2011,15101.23979
5556,Gopalganj,15,10,Bihar,10-01-2011,15134.05627
5557,Sheikhpura,26,10,Bihar,10-01-2011,15101.51904
5558,Sheohar,3,10,Bihar,10-01-2011,15106.87265
5559,Saharsa,12,10,Bihar,10-01-2011,15115.10694
5560,Sitamarhi,4,10,Bihar,10-01-2011,15095.11466
5561,Siwan,16,10,Bihar,10-01-2011,15135.79093
5562,Supaul,6,10,Bihar,10-01-2011,15120.12443
5563,Vaishali,18,10,Bihar,10-01-2011,15149.55912
5564,Kaimur (Bhabua),31,10,Bihar,10-01-2011,15113.23332
5565,Gaya,35,10,Bihar,10-01-2011,15157.57959
5566,Bhojpur,29,10,Bihar,10-01-2011,15145.3937
5567,Buxar,30,10,Bihar,10-01-2011,15117.95417
5568,Jehanabad,33,10,Bihar,10-01-2011,15124.58449
5569,Rohtas,32,10,Bihar,10-01-2011,15087.9094
5570,North,1,11,Sikkim,10-01-2011,14110.96744
5571,East,4,11,Sikkim,10-01-2011,14548.9782
5572,South,3,11,Sikkim,10-01-2011,14638.57892
5573,West,2,11,Sikkim,10-01-2011,14394.94669
5574,Lohit,11,12,Arunanchal Pradesh,10-01-2011,14571.82285
5575,Lower Subansiri,5,12,Arunanchal Pradesh,10-01-2011,14518.17296
5576,Papum Pare,4,12,Arunanchal Pradesh,10-01-2011,14724.74747
5577,Changlang,12,12,Arunanchal Pradesh,10-01-2011,14780.35653
5578,Dibang Valley,10,12,Arunanchal Pradesh,10-01-2011,14409.98185
5579,East Kameng,3,12,Arunanchal Pradesh,10-01-2011,14581.51696
5580,East Siang,8,12,Arunanchal Pradesh,10-01-2011,14876.24068
5581,Tawang,1,12,Arunanchal Pradesh,10-01-2011,14382.8723
5582,Tirap,13,12,Arunanchal Pradesh,10-01-2011,14822.39923
5583,West Kameng,2,12,Arunanchal Pradesh,10-01-2011,14535.32
5584,West Siang,7,12,Arunanchal Pradesh,10-01-2011,14598.24993
5585,Upper Siang,9,12,Arunanchal Pradesh,10-01-2011,14449.80763
5586,Upper Subansiri,6,12,Arunanchal Pradesh,10-01-2011,14452.78839
5587,Mokokchung,3,13,Nagaland,10-01-2011,14906.65613
5588,Mon,1,13,Nagaland,10-01-2011,14902.9805
5589,Phek,8,13,Nagaland,10-01-2011,14741.72509
5590,Tuensang,2,13,Nagaland,10-01-2011,14736.42933
5591,Wokha,5,13,Nagaland,10-01-2011,14932.0558
5592,Zunheboto,4,13,Nagaland,10-01-2011,14762.25624
5593,Dimapur,6,13,Nagaland,10-01-2011,14996.94793
5594,Kohima,7,13,Nagaland,10-01-2011,14830.50208
5595,Imphal East,7,14,Manipur,10-01-2011,14969.19895
5596,Imphal West,6,14,Manipur,10-01-2011,15010.56349
5597,Senapati (Excl. 3 sub-divisions),1,14,Manipur,10-01-2011,14791.42131
5598,Bishnupur,4,14,Manipur,10-01-2011,14919.29959
5599,Chandel,9,14,Manipur,10-01-2011,14865.08469
5600,Churachandpur,3,14,Manipur,10-01-2011,14890.9018
5601,Tamenglong,2,14,Manipur,10-01-2011,14882.02154
5602,Thoubal,5,14,Manipur,10-01-2011,14974.30478
5603,Ukhrul,8,14,Manipur,10-01-2011,14795.17004
5604,Kolasib,2,15,Mizoram,10-01-2011,14980.72381
5605,Mamit,1,15,Mizoram,10-01-2011,14972.41752
5606,Lunglei,6,15,Mizoram,10-01-2011,14937.07796
5607,Lawngtlai,7,15,Mizoram,10-01-2011,14964.39434
5608,Saiha,8,15,Mizoram,10-01-2011,14882.34427
5609,Serchhip,5,15,Mizoram,10-01-2011,14883.81197
5610,Aizawl,3,15,Mizoram,10-01-2011,14918.01919
5611,Champhai,4,15,Mizoram,10-01-2011,14851.99886
5612,North Tripura,4,16,Tripura,10-01-2011,15055.42492
5613,Dhalai,3,16,Tripura,10-01-2011,15048.98323
5614,South Tripura,2,16,Tripura,10-01-2011,15074.2346
5615,West Tripura,1,16,Tripura,10-01-2011,15084.09283
5616,Jaintia Hills,7,17,Meghalaya,10-01-2011,14893.95483
5617,East Garo Hills,2,17,Meghalaya,10-01-2011,15003.29596
5618,East Khasi Hills,6,17,Meghalaya,10-01-2011,14885.62724
5619,Ri Bhoi,5,17,Meghalaya,10-01-2011,14941.60702
5620,South Garo Hills,3,17,Meghalaya,10-01-2011,15038.76306
5621,West Garo Hills,1,17,Meghalaya,10-01-2011,15055.06589
5622,West Khasi Hills,4,17,Meghalaya,10-01-2011,14899.68892
5623,Jorhat,17,18,Assam,10-01-2011,15081.74597
5624,Karimganj,22,18,Assam,10-01-2011,15079.58352
5625,Kokrajhar,1,18,Assam,10-01-2011,15104.4463
5626,Lakhimpur,12,18,Assam,10-01-2011,15109.46133
5627,Nagaon,10,18,Assam,10-01-2011,15085.07808
5628,Marigaon,9,18,Assam,10-01-2011,15111.94614
5629,Nalbari,7,18,Assam,10-01-2011,15110.06406
5630,North Cachar Hills,20,18,Assam,10-01-2011,14926.47177
5631,Barpeta,5,18,Assam,10-01-2011,15102.5906
5632,Bongaigaon,4,18,Assam,10-01-2011,15111.2658
5633,Cachar,21,18,Assam,10-01-2011,15051.79757
5634,Darrang,8,18,Assam,10-01-2011,15113.06309
5635,Dhemaji,13,18,Assam,10-01-2011,15098.21792
5636,Dhubri,2,18,Assam,10-01-2011,15107.9935
5637,Dibrugarh,15,18,Assam,10-01-2011,15069.12413
5638,Kamrup,6,18,Assam,10-01-2011,15076.86376
5639,Karbi Anglong,19,18,Assam,10-01-2011,14958.5308
5640,Goalpara,3,18,Assam,10-01-2011,15084.28688
5641,Golaghat,18,18,Assam,10-01-2011,15087.01232
5642,Hailakandi,23,18,Assam,10-01-2011,15061.47961
5643,Sonitpur,11,18,Assam,10-01-2011,15105.53583
5644,Sibsagar,16,18,Assam,10-01-2011,15058.43593
5645,Tinsukia,14,18,Assam,10-01-2011,15048.19068
5646,Hugli,12,19,West Bengal,10-01-2011,15132.55884
5647,Jalpaiguri,2,19,West Bengal,10-01-2011,15099.94206
5648,Koch Bihar,3,19,West Bengal,10-01-2011,15106.28025
5649,Murshidabad,7,19,West Bengal,10-01-2011,15163.79293
5650,Puruliya,14,19,West Bengal,10-01-2011,15122.33401
5651,Kolkata,17,19,West Bengal,10-01-2011,15324.53369
5652,Maldah,6,19,West Bengal,10-01-2011,15124.88709
5653,Nadia,10,19,West Bengal,10-01-2011,15192.02918
5654,North Twenty Four Parganas,11,19,West Bengal,10-01-2011,15126.63773
5655,Medinipur,15,19,West Bengal,10-01-2011,15131.47844
5656,Barddhaman,9,19,West Bengal,10-01-2011,15130.73956
5657,Birbhum,8,19,West Bengal,10-01-2011,15136.54449
5658,Bankura,13,19,West Bengal,10-01-2011,15142.87813
5659,Dakshin Dinajpur,5,19,West Bengal,10-01-2011,15104.73528
5660,Darjiling,1,19,West Bengal,10-01-2011,14887.9068
5661,Haora,16,19,West Bengal,10-01-2011,15143.57373
5662,South  Twenty Four Parganas,18,19,West Bengal,10-01-2011,15110.87247
5663,Uttar Dinajpur,4,19,West Bengal,10-01-2011,15116.58721
5664,Purbi Singhbhum,18,20,Jharkhand,10-01-2011,15131.60595
5665,Lohardaga,15,20,Jharkhand,10-01-2011,15031.70286
5666,Pakaur,10,20,Jharkhand,10-01-2011,15171.73495
5667,Pashchimi Singhbhum,17,20,Jharkhand,10-01-2011,15073.98474
5668,Bokaro,13,20,Jharkhand,10-01-2011,15110.60608
5669,Deoghar,7,20,Jharkhand,10-01-2011,15184.53388
5670,Dhanbad,12,20,Jharkhand,10-01-2011,15130.04016
5671,Dumka,11,20,Jharkhand,10-01-2011,15152.9757
5672,Giridih,6,20,Jharkhand,10-01-2011,15156.88724
5673,Godda,8,20,Jharkhand,10-01-2011,15135.07995
5674,Gumla,16,20,Jharkhand,10-01-2011,15076.80113
5675,Ranchi,14,20,Jharkhand,10-01-2011,15063.99061
5676,Sahibganj,9,20,Jharkhand,10-01-2011,15125.43612
5677,Garhwa,1,20,Jharkhand,10-01-2011,15113.09624
5678,Palamu,2,20,Jharkhand,10-01-2011,15086.53472
5679,Chatra,3,20,Jharkhand,10-01-2011,15109.18669
5680,Hazaribagh,4,20,Jharkhand,10-01-2011,15089.52165
5681,Kodarma,5,20,Jharkhand,10-01-2011,15124.04875
5682,Jajapur,13,21,Orissa,10-01-2011,15168.95015
5683,Jagatsinghapur,11,21,Orissa,10-01-2011,15110.81835
5684,Jharsuguda,2,21,Orissa,10-01-2011,15132.2116
5685,Khordha,17,21,Orissa,10-01-2011,15156.84689
5686,Mayurbhanj,7,21,Orissa,10-01-2011,15089.76342
5687,Puri,18,21,Orissa,10-01-2011,15133.34392
5688,Koraput,29,21,Orissa,10-01-2011,15102.92693
5689,Malkangiri,30,21,Orissa,10-01-2011,15102.5004
5690,Nabarangapur,28,21,Orissa,10-01-2011,15156.92402
5691,Nayagarh,16,21,Orissa,10-01-2011,15114.61038
5692,Nuapada,25,21,Orissa,10-01-2011,15155.49551
5693,Kandhamal,21,21,Orissa,10-01-2011,15009.68265
5694,Sambalpur,3,21,Orissa,10-01-2011,15093.70818
5695,Anugul,15,21,Orissa,10-01-2011,15120.42903
5696,Bhadrak,9,21,Orissa,10-01-2011,15107.59608
5697,Baudh,22,21,Orissa,10-01-2011,15122.70663
5698,Balangir,24,21,Orissa,10-01-2011,15195.35311
5699,Baleshwar,8,21,Orissa,10-01-2011,15108.89067
5700,Bargarh,1,21,Orissa,10-01-2011,15138.73824
5701,Kendrapara,10,21,Orissa,10-01-2011,15102.20361
5702,Kendujhar,6,21,Orissa,10-01-2011,15091.47953
5703,Debagarh,4,21,Orissa,10-01-2011,15099.04874
5704,Cuttack,12,21,Orissa,10-01-2011,15154.02812
5705,Dhenkanal,14,21,Orissa,10-01-2011,15144.42861
5706,Kalahandi,26,21,Orissa,10-01-2011,15112.14477
5707,Ganjam,19,21,Orissa,10-01-2011,15129.35897
5708,Gajapati,20,21,Orissa,10-01-2011,15036.65654
5709,Rayagada,27,21,Orissa,10-01-2011,15091.95159
5710,Sundargarh,5,21,Orissa,10-01-2011,15096.25408
5711,Sonapur,23,21,Orissa,10-01-2011,15154.30434
5712,Jashpur,3,22,Chhattisgarh,10-01-2011,15087.8329
5713,Koriya,1,22,Chhattisgarh,10-01-2011,15091.49285
5714,Mahasamund,12,22,Chhattisgarh,10-01-2011,15136.73007
5715,Raigarh,4,22,Chhattisgarh,10-01-2011,15122.89964
5716,Raipur,11,22,Chhattisgarh,10-01-2011,15125.67701
5717,Rajnandgaon,9,22,Chhattisgarh,10-01-2011,15159.49583
5718,Bastar,15,22,Chhattisgarh,10-01-2011,15092.95625
5719,Dantewada,16,22,Chhattisgarh,10-01-2011,15081.4035
5720,Dhamtari,13,22,Chhattisgarh,10-01-2011,15096.08038
5721,Durg,10,22,Chhattisgarh,10-01-2011,15171.58304
5722,Kanker,14,22,Chhattisgarh,10-01-2011,15103.13449
5723,Surguja,2,22,Chhattisgarh,10-01-2011,15075.92524
5724,Bilaspur,7,22,Chhattisgarh,10-01-2011,15113.80615
5725,Janjgir - Champa,6,22,Chhattisgarh,10-01-2011,15098.28868
5726,Korba,5,22,Chhattisgarh,10-01-2011,15093.83513
5727,Kawardha,8,22,Chhattisgarh,10-01-2011,15185.66254
5728,Hoshangabad,37,23,Madhya Pradesh,10-01-2011,15353.74844
5729,Indore,26,23,Madhya Pradesh,10-01-2011,15498.47398
5730,Jabalpur,39,23,Madhya Pradesh,10-01-2011,15282.26202
5731,Jhabua,24,23,Madhya Pradesh,10-01-2011,15468.79495
5732,Mandsaur,19,23,Madhya Pradesh,10-01-2011,15535.04143
5733,Tikamgarh,8,23,Madhya Pradesh,10-01-2011,15454.6322
5734,Narsimhapur,40,23,Madhya Pradesh,10-01-2011,15359.42118
5735,Neemuch,18,23,Madhya Pradesh,10-01-2011,15490.2696
5736,Panna,10,23,Madhya Pradesh,10-01-2011,15319.35522
5737,Raisen,34,23,Madhya Pradesh,10-01-2011,15379.02281
5738,Rajgarh,30,23,Madhya Pradesh,10-01-2011,15540.75964
5739,Satna,13,23,Madhya Pradesh,10-01-2011,15262.67523
5740,Sehore,33,23,Madhya Pradesh,10-01-2011,15466.5335
5741,Seoni,44,23,Madhya Pradesh,10-01-2011,15301.34218
5742,Bhind,3,23,Madhya Pradesh,10-01-2011,15529.52734
5743,Bhopal,32,23,Madhya Pradesh,10-01-2011,15472.77491
5744,Barwani,28,23,Madhya Pradesh,10-01-2011,15497.13745
5745,Betul,35,23,Madhya Pradesh,10-01-2011,15310.59604
5746,Balaghat,45,23,Madhya Pradesh,10-01-2011,15096.29009
5747,Chhatarpur,9,23,Madhya Pradesh,10-01-2011,15384.30701
5748,Chhindwara,43,23,Madhya Pradesh,10-01-2011,15290.9013
5749,Dewas,23,23,Madhya Pradesh,10-01-2011,15445.19562
5750,Katni,38,23,Madhya Pradesh,10-01-2011,15232.67262
5751,Datia,5,23,Madhya Pradesh,10-01-2011,15511.11612
5752,Damoh,12,23,Madhya Pradesh,10-01-2011,15397.96578
5753,Dhar,25,23,Madhya Pradesh,10-01-2011,15509.54931
5754,East Nimar,29,23,Madhya Pradesh,10-01-2011,15379.89633
5755,Guna,7,23,Madhya Pradesh,10-01-2011,15502.59472
5756,Gwalior,4,23,Madhya Pradesh,10-01-2011,15442.43657
5757,Harda,36,23,Madhya Pradesh,10-01-2011,15447.29646
5758,Shajapur,22,23,Madhya Pradesh,10-01-2011,15580.70325
5759,Shivpuri,6,23,Madhya Pradesh,10-01-2011,15406.7805
5760,Ratlam,20,23,Madhya Pradesh,10-01-2011,15557.8099
5761,Rewa,14,23,Madhya Pradesh,10-01-2011,15257.34136
5762,Sagar,11,23,Madhya Pradesh,10-01-2011,15423.93448
5763,Sidhi,17,23,Madhya Pradesh,10-01-2011,15180.33303
5764,Ujjain,21,23,Madhya Pradesh,10-01-2011,15605.32029
5765,Vidisha,31,23,Madhya Pradesh,10-01-2011,15548.12098
5766,West Nimar,27,23,Madhya Pradesh,10-01-2011,15451.0254
5767,Morena,2,23,Madhya Pradesh,10-01-2011,15526.33391
5768,Sheopur,1,23,Madhya Pradesh,10-01-2011,15388.5109
5769,Dindori,41,23,Madhya Pradesh,10-01-2011,15180.37055
5770,Mandla,42,23,Madhya Pradesh,10-01-2011,15170.76064
5771,Shahdol,16,23,Madhya Pradesh,10-01-2011,15175.71017
5772,Umaria,15,23,Madhya Pradesh,10-01-2011,15178.93227
5773,Jamnagar,10,24,Gujarat,10-01-2011,15407.28813
5774,Kheda,16,24,Gujarat,10-01-2011,15399.39933
5775,Mahesana,4,24,Gujarat,10-01-2011,15483.08882
5776,Narmada,20,24,Gujarat,10-01-2011,15312.50888
5777,Navsari,24,24,Gujarat,10-01-2011,15276.72158
5778,Panch Mahals,17,24,Gujarat,10-01-2011,15338.7963
5779,Patan,3,24,Gujarat,10-01-2011,15535.46636
5780,Porbandar,11,24,Gujarat,10-01-2011,15464.16662
5781,Rajkot,9,24,Gujarat,10-01-2011,15397.76642
5782,Anand,15,24,Gujarat,10-01-2011,15342.53161
5783,Ahmadabad,7,24,Gujarat,10-01-2011,15470.82887
5784,Amreli,13,24,Gujarat,10-01-2011,15416.2979
5785,Bhavnagar,14,24,Gujarat,10-01-2011,15443.55026
5786,Banas Kantha,2,24,Gujarat,10-01-2011,15497.13037
5787,Dohad,18,24,Gujarat,10-01-2011,15358.10051
5788,Junagadh,12,24,Gujarat,10-01-2011,15420.77582
5789,Kachchh,1,24,Gujarat,10-01-2011,15477.5039
5790,Gandhinagar,6,24,Gujarat,10-01-2011,15413.39737
5791,Sabar Kantha,5,24,Gujarat,10-01-2011,15349.03356
5792,Surendranagar,8,24,Gujarat,10-01-2011,15501.79425
5793,The Dangs,23,24,Gujarat,10-01-2011,15181.27248
5794,Vadodara,19,24,Gujarat,10-01-2011,15400.50629
5795,Valsad,25,24,Gujarat,10-01-2011,15251.80972
5796,Bharuch,21,24,Gujarat,10-01-2011,15458.77103
5797,Surat,22,24,Gujarat,10-01-2011,15307.4762
5798,Daman,2,25,Daman & Diu,10-01-2011,15270.52691
5799,Diu,1,25,Daman & Diu,10-01-2011,15288.15373
5800,Hingoli,16,27,Maharashtra,10-01-2011,15382.56285
5801,Jalgaon,3,27,Maharashtra,10-01-2011,15407.67092
5802,Jalna,18,27,Maharashtra,10-01-2011,15372.42021
5803,Kolhapur,34,27,Maharashtra,10-01-2011,15103.85787
5804,Latur,28,27,Maharashtra,10-01-2011,15404.57198
5805,Pune,25,27,Maharashtra,10-01-2011,15253.16956
5806,Nagpur,9,27,Maharashtra,10-01-2011,15314.46075
5807,Mumbai,23,27,Maharashtra,10-01-2011,15311.59807
5808,Mumbai (Suburban),22,27,Maharashtra,10-01-2011,15309.39061
5809,Nanded,15,27,Maharashtra,10-01-2011,15366.48739
5810,Nandurbar,1,27,Maharashtra,10-01-2011,15417.43449
5811,Nashik,20,27,Maharashtra,10-01-2011,15350.55307
5812,Osmanabad,29,27,Maharashtra,10-01-2011,15406.75666
5813,Parbhani,17,27,Maharashtra,10-01-2011,15405.45938
5814,Sangli,35,27,Maharashtra,10-01-2011,15380.78016
5815,Satara,31,27,Maharashtra,10-01-2011,15266.87793
5816,Aurangabad,19,27,Maharashtra,10-01-2011,15321.70775
5817,Ahmadnagar,26,27,Maharashtra,10-01-2011,15389.43258
5818,Akola,5,27,Maharashtra,10-01-2011,15482.26906
5819,Amravati,7,27,Maharashtra,10-01-2011,15363.68913
5820,Bid,27,27,Maharashtra,10-01-2011,15386.67248
5821,Bhandara,10,27,Maharashtra,10-01-2011,15172.33258
5822,Buldana,4,27,Maharashtra,10-01-2011,15431.44121
5823,Chandrapur,13,27,Maharashtra,10-01-2011,15217.21864
5824,Dhule,2,27,Maharashtra,10-01-2011,15513.05488
5825,Gadchiroli,12,27,Maharashtra,10-01-2011,15109.82449
5826,Gondiya,11,27,Maharashtra,10-01-2011,15131.19449
5827,Ratnagiri,32,27,Maharashtra,10-01-2011,15154.02935
5828,Raigarh,24,27,Maharashtra,10-01-2011,15175.11044
5829,Thane,21,27,Maharashtra,10-01-2011,15208.9459
5830,Solapur,30,27,Maharashtra,10-01-2011,15442.95956
5831,Sindhudurg,33,27,Maharashtra,10-01-2011,15151.18136
5832,Wardha,8,27,Maharashtra,10-01-2011,15368.42506
5833,Washim,6,27,Maharashtra,10-01-2011,15455.11312
5834,Yavatmal,14,27,Maharashtra,10-01-2011,15337.96699
5835,Hyderabad,5,28,Andhra Pradesh,10-01-2011,15333.07122
5836,Khammam,10,28,Andhra Pradesh,10-01-2011,15196.18015
5837,Medak,4,28,Andhra Pradesh,10-01-2011,15278.04733
5838,Krishna,16,28,Andhra Pradesh,10-01-2011,15202.99498
5839,Kurnool,21,28,Andhra Pradesh,10-01-2011,15446.59129
5840,Mahbubnagar,7,28,Andhra Pradesh,10-01-2011,15365.12858
5841,Nalgonda,8,28,Andhra Pradesh,10-01-2011,15360.18459
5842,Nellore,19,28,Andhra Pradesh,10-01-2011,15538.90286
5843,Nizamabad,2,28,Andhra Pradesh,10-01-2011,15232.46964
5844,Prakasam,18,28,Andhra Pradesh,10-01-2011,15444.3952
5845,Anantapur,22,28,Andhra Pradesh,10-01-2011,15470.46935
5846,Adilabad,1,28,Andhra Pradesh,10-01-2011,15244.95044
5847,Chittoor,23,28,Andhra Pradesh,10-01-2011,15276.72696
5848,Cuddapah,20,28,Andhra Pradesh,10-01-2011,15405.95653
5849,East Godavari,14,28,Andhra Pradesh,10-01-2011,15109.79208
5850,Karimnagar,3,28,Andhra Pradesh,10-01-2011,15233.41656
5851,Guntur,17,28,Andhra Pradesh,10-01-2011,15302.40585
5852,Rangareddi,6,28,Andhra Pradesh,10-01-2011,15321.83829
5853,Srikakulam,11,28,Andhra Pradesh,10-01-2011,15164.76119
5854,West Godavari,15,28,Andhra Pradesh,10-01-2011,15199.95903
5855,Visakhapatnam,13,28,Andhra Pradesh,10-01-2011,15080.68529
5856,Vizianagaram,12,28,Andhra Pradesh,10-01-2011,15165.03032
5857,Warangal,9,28,Andhra Pradesh,10-01-2011,15244.39274
5858,Hassan,23,29,Karnataka,10-01-2011,15119.432
5859,Haveri,11,29,Karnataka,10-01-2011,15237.7631
5860,Kodagu,25,29,Karnataka,10-01-2011,14968.67301
5861,Kolar,19,29,Karnataka,10-01-2011,15220.09118
5862,Mandya,22,29,Karnataka,10-01-2011,15167.08896
5863,Koppal,7,29,Karnataka,10-01-2011,15414.07566
5864,Mysore,26,29,Karnataka,10-01-2011,15204.85404
5865,Raichur,6,29,Karnataka,10-01-2011,15453.91714
5866,Bagalkot,2,29,Karnataka,10-01-2011,15365.43653
5867,Bangalore,20,29,Karnataka,10-01-2011,15117.14276
5868,Bidar,5,29,Karnataka,10-01-2011,15395.77612
5869,Bijapur,3,29,Karnataka,10-01-2011,15542.00687
5870,Belgaum,1,29,Karnataka,10-01-2011,15235.85605
5871,Bellary,12,29,Karnataka,10-01-2011,15345.51951
5872,Bangalore Rural,21,29,Karnataka,10-01-2011,15150.46108
5873,Chamarajanagar,27,29,Karnataka,10-01-2011,15225.83062
5874,Chikmagalur,17,29,Karnataka,10-01-2011,15064.09075
5875,Chitradurga,13,29,Karnataka,10-01-2011,15386.86138
5876,Dakshina Kannada,24,29,Karnataka,10-01-2011,15099.04446
5877,Davanagere,14,29,Karnataka,10-01-2011,15197.06668
5878,Dharwad,9,29,Karnataka,10-01-2011,15331.12401
5879,Gulbarga,4,29,Karnataka,10-01-2011,15410.71415
5880,Gadag,8,29,Karnataka,10-01-2011,15463.79363
5881,Shimoga,15,29,Karnataka,10-01-2011,15035.84564
5882,Tumkur,18,29,Karnataka,10-01-2011,15279.63881
5883,Udupi,16,29,Karnataka,10-01-2011,15144.24233
5884,Uttara Kannada,10,29,Karnataka,10-01-2011,15040.70491
5885,North Goa,1,30,Goa,10-01-2011,15147.81085
5886,South Goa,2,30,Goa,10-01-2011,15123.17883
5887,Idukki,9,32,Kerala,10-01-2011,15008.18138
5888,Kollam,13,32,Kerala,10-01-2011,15114.37965
5889,Kottayam,10,32,Kerala,10-01-2011,15168.60183
5890,Kozhikode,4,32,Kerala,10-01-2011,15128.91716
5891,Malappuram,5,32,Kerala,10-01-2011,15120.50413
5892,Palakkad,6,32,Kerala,10-01-2011,15121.57264
5893,Pathanamthitta,12,32,Kerala,10-01-2011,15077.31596
5894,Alappuzha,11,32,Kerala,10-01-2011,15164.07036
5895,Kasaragod,1,32,Kerala,10-01-2011,15138.42749
5896,Kannur,2,32,Kerala,10-01-2011,15126.66679
5897,Ernakulam,8,32,Kerala,10-01-2011,15168.54434
5898,Thrissur,7,32,Kerala,10-01-2011,15112.74815
5899,Thiruvananthapuram,14,32,Kerala,10-01-2011,15136.84012
5900,Wayanad,3,32,Kerala,10-01-2011,15013.83179
5901,Kanniyakumari,30,33,Tamil Nadu,10-01-2011,15244.1404
5902,Karur,14,33,Tamil Nadu,10-01-2011,15384.96053
5903,Madurai,24,33,Tamil Nadu,10-01-2011,15368.64409
5904,Namakkal,9,33,Tamil Nadu,10-01-2011,15347.22586
5905,The Nilgiris,11,33,Tamil Nadu,10-01-2011,14903.11824
5906,Perambalur,16,33,Tamil Nadu,10-01-2011,15390.88263
5907,Pudukkottai,22,33,Tamil Nadu,10-01-2011,15394.93596
5908,Ramanathapuram,27,33,Tamil Nadu,10-01-2011,15726.32707
5909,Salem,8,33,Tamil Nadu,10-01-2011,15279.34568
5910,Ariyalur,17,33,Tamil Nadu,10-01-2011,15349.77739
5911,Coimbatore,12,33,Tamil Nadu,10-01-2011,15476.15873
5912,Cuddalore,18,33,Tamil Nadu,10-01-2011,15350.34007
5913,Dharmapuri,5,33,Tamil Nadu,10-01-2011,15192.92454
5914,Dindigul,13,33,Tamil Nadu,10-01-2011,15270.83131
5915,Erode,10,33,Tamil Nadu,10-01-2011,15389.54646
5916,Sivaganga,23,33,Tamil Nadu,10-01-2011,15489.53574
5917,Tiruchirappalli,15,33,Tamil Nadu,10-01-2011,15286.0168
5918,Tirunelveli,29,33,Tamil Nadu,10-01-2011,15793.40176
5919,Tiruvannamalai,6,33,Tamil Nadu,10-01-2011,15264.88427
5920,Thoothukkudi,28,33,Tamil Nadu,10-01-2011,15845.56329
5921,Theni,25,33,Tamil Nadu,10-01-2011,15391.2054
5922,Vellore,4,33,Tamil Nadu,10-01-2011,15228.6064
5923,Viluppuram,7,33,Tamil Nadu,10-01-2011,15319.3304
5924,Virudhunagar,26,33,Tamil Nadu,10-01-2011,15574.55526
5925,Chennai,2,33,Tamil Nadu,10-01-2011,15450.99197
5926,Kancheepuram,3,33,Tamil Nadu,10-01-2011,15319.8144
5927,Thiruvallur,1,33,Tamil Nadu,10-01-2011,15370.64102
5928,Thanjavur,21,33,Tamil Nadu,10-01-2011,15314.82974
5929,Thiruvarur,20,33,Tamil Nadu,10-01-2011,15269.88834
5930,Nagapattinam,19,33,Tamil Nadu,10-01-2011,15324.60727
5931,Pondicherry,2,34,Puducherry,10-01-2011,15259.58436
5932,Yanam,1,34,Puducherry,10-01-2011,15120.20985
5933,Karaikal,4,34,Puducherry,10-01-2011,15357.04033
5934,Mahe,3,34,Puducherry,10-01-2011,15119.65304
5935,Nicobars,2,35,Andaman & Nicobar Island,10-01-2011,14973.81305
5936,Andamans,1,35,Andaman & Nicobar Island,10-01-2011,14958.62939
5937,Chandigarh,1,4,Chandigarh,11-01-2011,14983.38518
5938,Dadra & Nagar Haveli,1,26,Dadara & Nagar Havelli,11-01-2011,15343.54966
5939,Lakshadweep,1,31,Lakshadweep,11-01-2011,15040.31465
5940,Data Not Available,99,99,Jammu and Kashmir,11-01-2011,13602.46827
5941,Anantnag,6,1,Jammu and Kashmir,11-01-2011,14068.94052
5942,Badgam,4,1,Jammu and Kashmir,11-01-2011,14184.13266
5943,Baramula,2,1,Jammu and Kashmir,11-01-2011,13990.53745
5944,Doda,9,1,Jammu and Kashmir,11-01-2011,13993.25299
5945,Srinagar,3,1,Jammu and Kashmir,11-01-2011,13929.54201
5946,Udhampur,10,1,Jammu and Kashmir,11-01-2011,14621.47984
5947,Jammu,13,1,Jammu and Kashmir,11-01-2011,14929.6279
5948,Kargil,8,1,Jammu and Kashmir,11-01-2011,13759.81582
5949,Kathua,14,1,Jammu and Kashmir,11-01-2011,14811.64791
5950,Leh (Ladakh),7,1,Jammu and Kashmir,11-01-2011,13844.39783
5951,Kupwara,1,1,Jammu and Kashmir,11-01-2011,14128.59589
5952,Punch,11,1,Jammu and Kashmir,11-01-2011,14558.80734
5953,Pulwama,5,1,Jammu and Kashmir,11-01-2011,14378.08898
5954,Rajauri,12,1,Jammu and Kashmir,11-01-2011,14748.71476
5955,Bilaspur,8,2,Himachal Pradesh,11-01-2011,14773.91417
5956,Chamba,1,2,Himachal Pradesh,11-01-2011,14266.05583
5957,Hamirpur,6,2,Himachal Pradesh,11-01-2011,14799.31995
5958,Shimla,11,2,Himachal Pradesh,11-01-2011,14539.33342
5959,Sirmaur,10,2,Himachal Pradesh,11-01-2011,14742.78003
5960,Solan,9,2,Himachal Pradesh,11-01-2011,14792.92066
5961,Una,7,2,Himachal Pradesh,11-01-2011,14895.91148
5962,Kangra,2,2,Himachal Pradesh,11-01-2011,14638.66791
5963,Kinnaur,12,2,Himachal Pradesh,11-01-2011,14105.53881
5964,Lahul & Spiti,3,2,Himachal Pradesh,11-01-2011,13868.20886
5965,Kullu,4,2,Himachal Pradesh,11-01-2011,14178.26777
5966,Mandi,5,2,Himachal Pradesh,11-01-2011,14652.15022
5967,Hoshiarpur,5,3,Punjab,11-01-2011,14970.50253
5968,Amritsar,2,3,Punjab,11-01-2011,15017.67643
5969,Firozpur,11,3,Punjab,11-01-2011,15109.1741
5970,Bathinda,14,3,Punjab,11-01-2011,15114.59256
5971,Gurdaspur,1,3,Punjab,11-01-2011,14993.76737
5972,Faridkot,13,3,Punjab,11-01-2011,15168.97164
5973,Fatehgarh Sahib,8,3,Punjab,11-01-2011,15118.23339
5974,Rupnagar,7,3,Punjab,11-01-2011,15010.69714
5975,Jalandhar,4,3,Punjab,11-01-2011,15041.32022
5976,Kapurthala,3,3,Punjab,11-01-2011,15028.28118
5977,Ludhiana,9,3,Punjab,11-01-2011,15120.99083
5978,Mansa,15,3,Punjab,11-01-2011,15135.48719
5979,Moga,10,3,Punjab,11-01-2011,15203.07033
5980,Muktsar,12,3,Punjab,11-01-2011,15108.23375
5981,Nawanshahr,6,3,Punjab,11-01-2011,15034.30716
5982,Patiala,17,3,Punjab,11-01-2011,15140.08007
5983,Sangrur,16,3,Punjab,11-01-2011,15218.52155
5984,Hardwar,13,5,Uttarakhand,11-01-2011,14883.49111
5985,Bageshwar,8,5,Uttarakhand,11-01-2011,14474.72157
5986,Almora,9,5,Uttarakhand,11-01-2011,14695.89402
5987,Chamoli,2,5,Uttarakhand,11-01-2011,14166.78567
5988,Champawat,10,5,Uttarakhand,11-01-2011,14676.59086
5989,Dehradun,5,5,Uttarakhand,11-01-2011,14726.13404
5990,Garhwal,6,5,Uttarakhand,11-01-2011,14683.22304
5991,Rudraprayag,3,5,Uttarakhand,11-01-2011,14396.04546
5992,Tehri Garhwal,4,5,Uttarakhand,11-01-2011,14544.35855
5993,Udham Singh Nagar,12,5,Uttarakhand,11-01-2011,14924.51902
5994,Uttarkashi,1,5,Uttarakhand,11-01-2011,14208.78756
5995,Nainital,11,5,Uttarakhand,11-01-2011,14742.15276
5996,Pithoragarh,7,5,Uttarakhand,11-01-2011,14305.5879
5997,Hisar,12,6,Haryana,11-01-2011,15149.43027
5998,Ambala,2,6,Haryana,11-01-2011,15017.42954
5999,Gurgaon,18,6,Haryana,11-01-2011,15199.05484
6000,Faridabad,19,6,Haryana,11-01-2011,15143.0505
6001,Fatehabad,10,6,Haryana,11-01-2011,15141.95861
6002,Rohtak,14,6,Haryana,11-01-2011,15122.68619
6003,Sirsa,11,6,Haryana,11-01-2011,15164.29993
6004,Sonipat,8,6,Haryana,11-01-2011,15104.10557
6005,Yamunanagar,3,6,Haryana,11-01-2011,14931.32176
6006,Jhajjar,15,6,Haryana,11-01-2011,15190.39682
6007,Mahendragarh,16,6,Haryana,11-01-2011,15304.25947
6008,Rewari,17,6,Haryana,11-01-2011,15279.33065
6009,Bhiwani,13,6,Haryana,11-01-2011,15261.07774
6010,Jind,9,6,Haryana,11-01-2011,15104.76028
6011,Kaithal,5,6,Haryana,11-01-2011,15120.61021
6012,Karnal,6,6,Haryana,11-01-2011,15098.25991
6013,Kurukshetra,4,6,Haryana,11-01-2011,15043.20209
6014,Panchkula,1,6,Haryana,11-01-2011,14929.07366
6015,Panipat,7,6,Haryana,11-01-2011,15098.2905
6016,Central,6,7,Delhi  & NCR,11-01-2011,15033.36245
6017,East,4,7,Delhi  & NCR,11-01-2011,15025.58849
6018,New Delhi,5,7,Delhi  & NCR,11-01-2011,15002.11863
6019,North,2,7,Delhi  & NCR,11-01-2011,15007.7204
6020,North East,3,7,Delhi  & NCR,11-01-2011,15041.61324
6021,North West,1,7,Delhi  & NCR,11-01-2011,15093.02381
6022,South,9,7,Delhi  & NCR,11-01-2011,15030.51372
6023,South West,8,7,Delhi  & NCR,11-01-2011,15090.06528
6024,West,7,7,Delhi  & NCR,11-01-2011,15093.16197
6025,Ajmer,21,8,Rajasthan,11-01-2011,15382.22156
6026,Banswara,28,8,Rajasthan,11-01-2011,15400.06408
6027,Barmer,17,8,Rajasthan,11-01-2011,15510.16662
6028,Bhilwara,24,8,Rajasthan,11-01-2011,15352.86331
6029,Bikaner,3,8,Rajasthan,11-01-2011,15535.5294
6030,Bharatpur,7,8,Rajasthan,11-01-2011,15251.77989
6031,Bundi,23,8,Rajasthan,11-01-2011,15324.65636
6032,Chittaurgarh,29,8,Rajasthan,11-01-2011,15308.32701
6033,Churu,4,8,Rajasthan,11-01-2011,15420.55926
6034,Dausa,11,8,Rajasthan,11-01-2011,15304.35815
6035,Dhaulpur,8,8,Rajasthan,11-01-2011,15282.9866
6036,Dungarpur,27,8,Rajasthan,11-01-2011,15332.79422
6037,Karauli,9,8,Rajasthan,11-01-2011,15304.06018
6038,Sirohi,19,8,Rajasthan,11-01-2011,15320.30433
6039,Tonk,22,8,Rajasthan,11-01-2011,15327.39434
6040,Sikar,13,8,Rajasthan,11-01-2011,15336.44079
6041,Alwar,6,8,Rajasthan,11-01-2011,15232.79783
6042,Udaipur,26,8,Rajasthan,11-01-2011,15268.75804
6043,Ganganagar,1,8,Rajasthan,11-01-2011,15285.61417
6044,Hanumangarh,2,8,Rajasthan,11-01-2011,15298.26075
6045,Baran,31,8,Rajasthan,11-01-2011,15341.73785
6046,Jaipur,12,8,Rajasthan,11-01-2011,15338.61798
6047,Jaisalmer,16,8,Rajasthan,11-01-2011,15626.57356
6048,Jalor,18,8,Rajasthan,11-01-2011,15438.96239
6049,Jhalawar,32,8,Rajasthan,11-01-2011,15374.95548
6050,Jhunjhunun,5,8,Rajasthan,11-01-2011,15320.2194
6051,Jodhpur,15,8,Rajasthan,11-01-2011,15514.20109
6052,Kota,30,8,Rajasthan,11-01-2011,15328.67252
6053,Nagaur,14,8,Rajasthan,11-01-2011,15460.60199
6054,Pali,20,8,Rajasthan,11-01-2011,15434.32961
6055,Rajsamand,25,8,Rajasthan,11-01-2011,15250.49134
6056,Sawai Madhopur,10,8,Rajasthan,11-01-2011,15285.70546
6057,Hathras,13,9,Uttar Pradesh,11-01-2011,15152.7744
6058,Auraiya,32,9,Uttar Pradesh,11-01-2011,15123.0187
6059,Azamgarh,61,9,Uttar Pradesh,11-01-2011,15053.8133
6060,Budaun,19,9,Uttar Pradesh,11-01-2011,15046.62593
6061,Agra,15,9,Uttar Pradesh,11-01-2011,15204.41724
6062,Aligarh,12,9,Uttar Pradesh,11-01-2011,15108.26276
6063,Allahabad,45,9,Uttar Pradesh,11-01-2011,15112.25814
6064,Ambedkar Nagar,48,9,Uttar Pradesh,11-01-2011,15048.80941
6065,Bareilly,20,9,Uttar Pradesh,11-01-2011,14973.65019
6066,Bijnor,3,9,Uttar Pradesh,11-01-2011,14907.05513
6067,Basti,55,9,Uttar Pradesh,11-01-2011,15019.59638
6068,Baghpat,8,9,Uttar Pradesh,11-01-2011,14998.90246
6069,Bahraich,50,9,Uttar Pradesh,11-01-2011,14989.72261
6070,Ballia,63,9,Uttar Pradesh,11-01-2011,15083.06336
6071,Balrampur,52,9,Uttar Pradesh,11-01-2011,15026.85872
6072,Banda,40,9,Uttar Pradesh,11-01-2011,15191.31604
6073,Barabanki,46,9,Uttar Pradesh,11-01-2011,15058.40731
6074,Chitrakoot,41,9,Uttar Pradesh,11-01-2011,15174.57396
6075,Chandauli,66,9,Uttar Pradesh,11-01-2011,15041.58696
6076,Deoria,60,9,Uttar Pradesh,11-01-2011,15066.96558
6077,Etah,17,9,Uttar Pradesh,11-01-2011,15113.00662
6078,Kanpur Dehat,33,9,Uttar Pradesh,11-01-2011,15159.79018
6079,Etawah,31,9,Uttar Pradesh,11-01-2011,15114.55387
6080,Faizabad,47,9,Uttar Pradesh,11-01-2011,15047.22461
6081,Ghazipur,65,9,Uttar Pradesh,11-01-2011,15078.43188
6082,Gonda,53,9,Uttar Pradesh,11-01-2011,15019.65804
6083,Gorakhpur,58,9,Uttar Pradesh,11-01-2011,15047.07756
6084,Farrukhabad,29,9,Uttar Pradesh,11-01-2011,15062.25092
6085,Fatehpur,42,9,Uttar Pradesh,11-01-2011,15134.73534
6086,Firozabad,16,9,Uttar Pradesh,11-01-2011,15164.86783
6087,Hamirpur,38,9,Uttar Pradesh,11-01-2011,15243.03915
6088,Hardoi,25,9,Uttar Pradesh,11-01-2011,15072.20794
6089,Shrawasti,51,9,Uttar Pradesh,11-01-2011,15040.45415
6090,Saharanpur,1,9,Uttar Pradesh,11-01-2011,14912.58512
6091,Sitapur,24,9,Uttar Pradesh,11-01-2011,15026.15092
6092,Sultanpur,49,9,Uttar Pradesh,11-01-2011,15091.04044
6093,Sonbhadra,70,9,Uttar Pradesh,11-01-2011,15060.00288
6094,Siddharthnagar,54,9,Uttar Pradesh,11-01-2011,15063.20118
6095,Unnao,26,9,Uttar Pradesh,11-01-2011,15098.98789
6096,Varanasi,67,9,Uttar Pradesh,11-01-2011,15108.05692
6097,Bulandshahr,11,9,Uttar Pradesh,11-01-2011,15018.50948
6098,Gautam Buddha Nagar,10,9,Uttar Pradesh,11-01-2011,15093.08998
6099,Ghaziabad,9,9,Uttar Pradesh,11-01-2011,15010.72037
6100,Jalaun,35,9,Uttar Pradesh,11-01-2011,15235.97344
6101,Jaunpur,64,9,Uttar Pradesh,11-01-2011,15114.79044
6102,Jhansi,36,9,Uttar Pradesh,11-01-2011,15284.69929
6103,Jyotiba Phule Nagar,6,9,Uttar Pradesh,11-01-2011,14948.65653
6104,Kannauj,30,9,Uttar Pradesh,11-01-2011,15099.3561
6105,Kanpur Nagar,34,9,Uttar Pradesh,11-01-2011,15132.63876
6106,Kaushambi,44,9,Uttar Pradesh,11-01-2011,15123.21194
6107,Kheri,23,9,Uttar Pradesh,11-01-2011,14952.27092
6108,Mirzapur,69,9,Uttar Pradesh,11-01-2011,15131.55938
6109,Moradabad,4,9,Uttar Pradesh,11-01-2011,14973.47746
6110,Muzaffarnagar,2,9,Uttar Pradesh,11-01-2011,14932.9461
6111,Rae Bareli,28,9,Uttar Pradesh,11-01-2011,15090.8838
6112,Kushinagar,59,9,Uttar Pradesh,11-01-2011,15039.40627
6113,Lucknow,27,9,Uttar Pradesh,11-01-2011,15076.94206
6114,Lalitpur,37,9,Uttar Pradesh,11-01-2011,15255.8879
6115,Mahrajganj,57,9,Uttar Pradesh,11-01-2011,15060.60444
6116,Mahoba,39,9,Uttar Pradesh,11-01-2011,15257.42608
6117,Mainpuri,18,9,Uttar Pradesh,11-01-2011,15120.70698
6118,Mathura,14,9,Uttar Pradesh,11-01-2011,15171.24768
6119,Mau,62,9,Uttar Pradesh,11-01-2011,15059.21766
6120,Meerut,7,9,Uttar Pradesh,11-01-2011,14960.42317
6121,Pilibhit,21,9,Uttar Pradesh,11-01-2011,14949.7097
6122,Pratapgarh,43,9,Uttar Pradesh,11-01-2011,15104.84451
6123,Rampur,5,9,Uttar Pradesh,11-01-2011,14942.78466
6124,Sant Ravidas Nagar Bhadohi,68,9,Uttar Pradesh,11-01-2011,15107.19288
6125,Sant Kabir Nagar,56,9,Uttar Pradesh,11-01-2011,15040.5544
6126,Shahjahanpur,22,9,Uttar Pradesh,11-01-2011,15018.53963
6127,Araria,7,10,Bihar,11-01-2011,15048.29377
6128,Aurangabad,34,10,Bihar,11-01-2011,15028.21431
6129,Banka,23,10,Bihar,11-01-2011,15081.63009
6130,Bhagalpur,22,10,Bihar,11-01-2011,15064.15081
6131,Begusarai,20,10,Bihar,11-01-2011,15084.76274
6132,Saran,17,10,Bihar,11-01-2011,15035.75472
6133,Katihar,10,10,Bihar,11-01-2011,15040.87638
6134,Darbhanga,13,10,Bihar,11-01-2011,15023.30059
6135,Gopalganj,15,10,Bihar,11-01-2011,15044.29604
6136,Sheikhpura,26,10,Bihar,11-01-2011,15058.81094
6137,Sheohar,3,10,Bihar,11-01-2011,15007.22213
6138,Saharsa,12,10,Bihar,11-01-2011,15036.55182
6139,Sitamarhi,4,10,Bihar,11-01-2011,15009.22789
6140,Siwan,16,10,Bihar,11-01-2011,15053.00837
6141,Supaul,6,10,Bihar,11-01-2011,15027.0633
6142,Vaishali,18,10,Bihar,11-01-2011,15025.9483
6143,Kaimur (Bhabua),31,10,Bihar,11-01-2011,15047.00021
6144,Gaya,35,10,Bihar,11-01-2011,15097.09146
6145,Bhojpur,29,10,Bihar,11-01-2011,15049.27508
6146,Buxar,30,10,Bihar,11-01-2011,15046.48144
6147,Jehanabad,33,10,Bihar,11-01-2011,15038.48293
6148,Rohtas,32,10,Bihar,11-01-2011,15019.53147
6149,Jamui,37,10,Bihar,11-01-2011,15078.03433
6150,Kishanganj,8,10,Bihar,11-01-2011,15065.01925
6151,Muzaffarpur,14,10,Bihar,11-01-2011,15004.36714
6152,Purnia,9,10,Bihar,11-01-2011,15055.27605
6153,Khagaria,21,10,Bihar,11-01-2011,15064.91657
6154,Madhubani,5,10,Bihar,11-01-2011,15014.74546
6155,Lakhisarai,25,10,Bihar,11-01-2011,15055.87628
6156,Madhepura,11,10,Bihar,11-01-2011,15047.86556
6157,Purba Champaran,2,10,Bihar,11-01-2011,15039.79351
6158,Munger,24,10,Bihar,11-01-2011,15034.61873
6159,Nalanda,27,10,Bihar,11-01-2011,15086.68027
6160,Nawada,36,10,Bihar,11-01-2011,15055.22562
6161,Pashchim Champaran,1,10,Bihar,11-01-2011,15019.29957
6162,Patna,28,10,Bihar,11-01-2011,15072.05807
6163,Samastipur,19,10,Bihar,11-01-2011,15053.78088
6164,East,4,11,Sikkim,11-01-2011,14420.36113
6165,South,3,11,Sikkim,11-01-2011,14493.05046
6166,West,2,11,Sikkim,11-01-2011,14330.09558
6167,North,1,11,Sikkim,11-01-2011,13975.24942
6168,Changlang,12,12,Arunanchal Pradesh,11-01-2011,14626.82676
6169,Dibang Valley,10,12,Arunanchal Pradesh,11-01-2011,14209.02684
6170,East Kameng,3,12,Arunanchal Pradesh,11-01-2011,14458.72551
6171,East Siang,8,12,Arunanchal Pradesh,11-01-2011,14704.65894
6172,Tawang,1,12,Arunanchal Pradesh,11-01-2011,14131.2299
6173,Tirap,13,12,Arunanchal Pradesh,11-01-2011,14685.94027
6174,West Kameng,2,12,Arunanchal Pradesh,11-01-2011,14418.54078
6175,West Siang,7,12,Arunanchal Pradesh,11-01-2011,14419.91997
6176,Upper Siang,9,12,Arunanchal Pradesh,11-01-2011,14270.79602
6177,Upper Subansiri,6,12,Arunanchal Pradesh,11-01-2011,14274.91659
6178,Lohit,11,12,Arunanchal Pradesh,11-01-2011,14396.7913
6179,Lower Subansiri,5,12,Arunanchal Pradesh,11-01-2011,14351.65892
6180,Papum Pare,4,12,Arunanchal Pradesh,11-01-2011,14605.64305
6181,Tuensang,2,13,Nagaland,11-01-2011,14579.24529
6182,Wokha,5,13,Nagaland,11-01-2011,14767.85601
6183,Zunheboto,4,13,Nagaland,11-01-2011,14609.0465
6184,Dimapur,6,13,Nagaland,11-01-2011,14865.44824
6185,Kohima,7,13,Nagaland,11-01-2011,14695.05413
6186,Mokokchung,3,13,Nagaland,11-01-2011,14751.97781
6187,Mon,1,13,Nagaland,11-01-2011,14754.07868
6188,Phek,8,13,Nagaland,11-01-2011,14561.22373
6189,Bishnupur,4,14,Manipur,11-01-2011,14800.28841
6190,Chandel,9,14,Manipur,11-01-2011,14718.94778
6191,Churachandpur,3,14,Manipur,11-01-2011,14732.46922
6192,Tamenglong,2,14,Manipur,11-01-2011,14726.61796
6193,Thoubal,5,14,Manipur,11-01-2011,14843.77967
6194,Ukhrul,8,14,Manipur,11-01-2011,14649.94623
6195,Imphal East,7,14,Manipur,11-01-2011,14875.62003
6196,Imphal West,6,14,Manipur,11-01-2011,14876.74362
6197,Senapati (Excl. 3 sub-divisions),1,14,Manipur,11-01-2011,14657.83637
6198,Aizawl,3,15,Mizoram,11-01-2011,14774.63049
6199,Champhai,4,15,Mizoram,11-01-2011,14688.69395
6200,Kolasib,2,15,Mizoram,11-01-2011,14857.09149
6201,Mamit,1,15,Mizoram,11-01-2011,14845.76179
6202,Lunglei,6,15,Mizoram,11-01-2011,14792.42344
6203,Lawngtlai,7,15,Mizoram,11-01-2011,14849.06761
6204,Saiha,8,15,Mizoram,11-01-2011,14736.49953
6205,Serchhip,5,15,Mizoram,11-01-2011,14718.91989
6206,Dhalai,3,16,Tripura,11-01-2011,14946.14114
6207,South Tripura,2,16,Tripura,11-01-2011,15000.05774
6208,West Tripura,1,16,Tripura,11-01-2011,15022.24958
6209,North Tripura,4,16,Tripura,11-01-2011,14942.51027
6210,East Garo Hills,2,17,Meghalaya,11-01-2011,14852.4158
6211,East Khasi Hills,6,17,Meghalaya,11-01-2011,14774.08177
6212,Ri Bhoi,5,17,Meghalaya,11-01-2011,14799.03822
6213,South Garo Hills,3,17,Meghalaya,11-01-2011,14893.93906
6214,West Garo Hills,1,17,Meghalaya,11-01-2011,14920.73277
6215,West Khasi Hills,4,17,Meghalaya,11-01-2011,14766.75617
6216,Jaintia Hills,7,17,Meghalaya,11-01-2011,14795.18231
6217,Barpeta,5,18,Assam,11-01-2011,14989.67614
6218,Bongaigaon,4,18,Assam,11-01-2011,14988.99695
6219,Cachar,21,18,Assam,11-01-2011,14943.6594
6220,Darrang,8,18,Assam,11-01-2011,15012.99353
6221,Dhemaji,13,18,Assam,11-01-2011,14995.44769
6222,Dhubri,2,18,Assam,11-01-2011,14981.86037
6223,Dibrugarh,15,18,Assam,11-01-2011,14948.4133
6224,Kamrup,6,18,Assam,11-01-2011,14944.52698
6225,Karbi Anglong,19,18,Assam,11-01-2011,14831.25544
6226,Goalpara,3,18,Assam,11-01-2011,14945.53708
6227,Golaghat,18,18,Assam,11-01-2011,14946.84344
6228,Hailakandi,23,18,Assam,11-01-2011,14945.91402
6229,Sonitpur,11,18,Assam,11-01-2011,14973.66189
6230,Sibsagar,16,18,Assam,11-01-2011,14919.68344
6231,Tinsukia,14,18,Assam,11-01-2011,14901.32694
6232,Jorhat,17,18,Assam,11-01-2011,14942.1851
6233,Karimganj,22,18,Assam,11-01-2011,14959.17516
6234,Kokrajhar,1,18,Assam,11-01-2011,14987.86401
6235,Lakhimpur,12,18,Assam,11-01-2011,14984.56342
6236,Nagaon,10,18,Assam,11-01-2011,14973.35064
6237,Marigaon,9,18,Assam,11-01-2011,15013.98431
6238,Nalbari,7,18,Assam,11-01-2011,15008.63478
6239,North Cachar Hills,20,18,Assam,11-01-2011,14799.57527
6240,Hugli,12,19,West Bengal,11-01-2011,15108.68602
6241,Barddhaman,9,19,West Bengal,11-01-2011,15106.11541
6242,Birbhum,8,19,West Bengal,11-01-2011,15122.63668
6243,Bankura,13,19,West Bengal,11-01-2011,15100.28659
6244,Dakshin Dinajpur,5,19,West Bengal,11-01-2011,15080.65759
6245,Darjiling,1,19,West Bengal,11-01-2011,14749.04644
6246,Haora,16,19,West Bengal,11-01-2011,15072.89442
6247,South  Twenty Four Parganas,18,19,West Bengal,11-01-2011,15070.30352
6248,Uttar Dinajpur,4,19,West Bengal,11-01-2011,15056.89425
6249,Jalpaiguri,2,19,West Bengal,11-01-2011,14995.47275
6250,Koch Bihar,3,19,West Bengal,11-01-2011,15015.56706
6251,Murshidabad,7,19,West Bengal,11-01-2011,15091.64183
6252,Puruliya,14,19,West Bengal,11-01-2011,15087.34454
6253,Kolkata,17,19,West Bengal,11-01-2011,15219.34992
6254,Maldah,6,19,West Bengal,11-01-2011,15029.66477
6255,Nadia,10,19,West Bengal,11-01-2011,15112.01033
6256,North Twenty Four Parganas,11,19,West Bengal,11-01-2011,15055.36859
6257,Medinipur,15,19,West Bengal,11-01-2011,15098.16013
6258,Bokaro,13,20,Jharkhand,11-01-2011,15047.51094
6259,Deoghar,7,20,Jharkhand,11-01-2011,15136.43899
6260,Dhanbad,12,20,Jharkhand,11-01-2011,15076.24467
6261,Dumka,11,20,Jharkhand,11-01-2011,15103.22094
6262,Giridih,6,20,Jharkhand,11-01-2011,15092.40807
6263,Godda,8,20,Jharkhand,11-01-2011,15064.41545
6264,Gumla,16,20,Jharkhand,11-01-2011,15024.75833
6265,Ranchi,14,20,Jharkhand,11-01-2011,15013.05439
6266,Sahibganj,9,20,Jharkhand,11-01-2011,15034.97645
6267,Garhwa,1,20,Jharkhand,11-01-2011,15036.38415
6268,Palamu,2,20,Jharkhand,11-01-2011,15007.48734
6269,Chatra,3,20,Jharkhand,11-01-2011,15022.96491
6270,Hazaribagh,4,20,Jharkhand,11-01-2011,15012.007
6271,Kodarma,5,20,Jharkhand,11-01-2011,15028.0624
6272,Purbi Singhbhum,18,20,Jharkhand,11-01-2011,15074.83405
6273,Lohardaga,15,20,Jharkhand,11-01-2011,14966.58267
6274,Pakaur,10,20,Jharkhand,11-01-2011,15118.16845
6275,Pashchimi Singhbhum,17,20,Jharkhand,11-01-2011,15009.17381
6276,Anugul,15,21,Orissa,11-01-2011,15071.93499
6277,Bhadrak,9,21,Orissa,11-01-2011,15114.67939
6278,Baudh,22,21,Orissa,11-01-2011,15058.25846
6279,Balangir,24,21,Orissa,11-01-2011,15161.3183
6280,Baleshwar,8,21,Orissa,11-01-2011,15124.38707
6281,Bargarh,1,21,Orissa,11-01-2011,15105.2664
6282,Kendrapara,10,21,Orissa,11-01-2011,15103.15058
6283,Kendujhar,6,21,Orissa,11-01-2011,15074.42062
6284,Debagarh,4,21,Orissa,11-01-2011,15042.58267
6285,Cuttack,12,21,Orissa,11-01-2011,15126.47087
6286,Dhenkanal,14,21,Orissa,11-01-2011,15126.61314
6287,Kalahandi,26,21,Orissa,11-01-2011,15092.52886
6288,Ganjam,19,21,Orissa,11-01-2011,15113.0356
6289,Gajapati,20,21,Orissa,11-01-2011,15009.30679
6290,Rayagada,27,21,Orissa,11-01-2011,15053.69103
6291,Sundargarh,5,21,Orissa,11-01-2011,15036.33235
6292,Sonapur,23,21,Orissa,11-01-2011,15103.72134
6293,Jajapur,13,21,Orissa,11-01-2011,15189.61087
6294,Jagatsinghapur,11,21,Orissa,11-01-2011,15092.31739
6295,Jharsuguda,2,21,Orissa,11-01-2011,15083.35867
6296,Khordha,17,21,Orissa,11-01-2011,15150.75911
6297,Mayurbhanj,7,21,Orissa,11-01-2011,15048.90805
6298,Puri,18,21,Orissa,11-01-2011,15104.38953
6299,Koraput,29,21,Orissa,11-01-2011,15112.69594
6300,Malkangiri,30,21,Orissa,11-01-2011,15091.88698
6301,Nabarangapur,28,21,Orissa,11-01-2011,15189.82861
6302,Nayagarh,16,21,Orissa,11-01-2011,15083.09043
6303,Nuapada,25,21,Orissa,11-01-2011,15137.83273
6304,Kandhamal,21,21,Orissa,11-01-2011,14957.78471
6305,Sambalpur,3,21,Orissa,11-01-2011,15036.45925
6306,Bastar,15,22,Chhattisgarh,11-01-2011,15088.73248
6307,Dantewada,16,22,Chhattisgarh,11-01-2011,15060.27108
6308,Dhamtari,13,22,Chhattisgarh,11-01-2011,15094.41376
6309,Durg,10,22,Chhattisgarh,11-01-2011,15178.2562
6310,Kanker,14,22,Chhattisgarh,11-01-2011,15085.35436
6311,Surguja,2,22,Chhattisgarh,11-01-2011,15009.02394
6312,Bilaspur,7,22,Chhattisgarh,11-01-2011,15078.25169
6313,Janjgir - Champa,6,22,Chhattisgarh,11-01-2011,15072.32451
6314,Korba,5,22,Chhattisgarh,11-01-2011,15028.2522
6315,Kawardha,8,22,Chhattisgarh,11-01-2011,15153.19473
6316,Jashpur,3,22,Chhattisgarh,11-01-2011,15035.23748
6317,Koriya,1,22,Chhattisgarh,11-01-2011,15005.25705
6318,Mahasamund,12,22,Chhattisgarh,11-01-2011,15143.82557
6319,Raigarh,4,22,Chhattisgarh,11-01-2011,15073.54708
6320,Raipur,11,22,Chhattisgarh,11-01-2011,15123.25393
6321,Rajnandgaon,9,22,Chhattisgarh,11-01-2011,15144.30414
6322,Hoshangabad,37,23,Madhya Pradesh,11-01-2011,15251.48727
6323,Indore,26,23,Madhya Pradesh,11-01-2011,15361.94594
6324,Bhind,3,23,Madhya Pradesh,11-01-2011,15241.60045
6325,Bhopal,32,23,Madhya Pradesh,11-01-2011,15346.68356
6326,Barwani,28,23,Madhya Pradesh,11-01-2011,15505.49243
6327,Betul,35,23,Madhya Pradesh,11-01-2011,15286.73366
6328,Balaghat,45,23,Madhya Pradesh,11-01-2011,15061.59768
6329,Chhatarpur,9,23,Madhya Pradesh,11-01-2011,15243.93797
6330,Chhindwara,43,23,Madhya Pradesh,11-01-2011,15259.27084
6331,Dewas,23,23,Madhya Pradesh,11-01-2011,15343.13677
6332,Katni,38,23,Madhya Pradesh,11-01-2011,15164.51829
6333,Datia,5,23,Madhya Pradesh,11-01-2011,15262.55816
6334,Damoh,12,23,Madhya Pradesh,11-01-2011,15293.9392
6335,Dhar,25,23,Madhya Pradesh,11-01-2011,15448.56484
6336,East Nimar,29,23,Madhya Pradesh,11-01-2011,15356.03101
6337,Guna,7,23,Madhya Pradesh,11-01-2011,15345.81227
6338,Gwalior,4,23,Madhya Pradesh,11-01-2011,15255.87616
6339,Harda,36,23,Madhya Pradesh,11-01-2011,15359.4109
6340,Shajapur,22,23,Madhya Pradesh,11-01-2011,15409.443
6341,Shivpuri,6,23,Madhya Pradesh,11-01-2011,15285.8978
6342,Ratlam,20,23,Madhya Pradesh,11-01-2011,15412.83925
6343,Rewa,14,23,Madhya Pradesh,11-01-2011,15172.0164
6344,Sagar,11,23,Madhya Pradesh,11-01-2011,15323.31625
6345,Sidhi,17,23,Madhya Pradesh,11-01-2011,15082.12726
6346,Ujjain,21,23,Madhya Pradesh,11-01-2011,15401.74211
6347,Vidisha,31,23,Madhya Pradesh,11-01-2011,15380.30091
6348,West Nimar,27,23,Madhya Pradesh,11-01-2011,15422.22971
6349,Morena,2,23,Madhya Pradesh,11-01-2011,15263.65034
6350,Sheopur,1,23,Madhya Pradesh,11-01-2011,15260.84253
6351,Dindori,41,23,Madhya Pradesh,11-01-2011,15135.9339
6352,Mandla,42,23,Madhya Pradesh,11-01-2011,15120.84536
6353,Shahdol,16,23,Madhya Pradesh,11-01-2011,15115.24518
6354,Umaria,15,23,Madhya Pradesh,11-01-2011,15087.60604
6355,Jabalpur,39,23,Madhya Pradesh,11-01-2011,15217.77826
6356,Jhabua,24,23,Madhya Pradesh,11-01-2011,15453.62932
6357,Mandsaur,19,23,Madhya Pradesh,11-01-2011,15317.80767
6358,Tikamgarh,8,23,Madhya Pradesh,11-01-2011,15283.39977
6359,Narsimhapur,40,23,Madhya Pradesh,11-01-2011,15262.7853
6360,Neemuch,18,23,Madhya Pradesh,11-01-2011,15317.57639
6361,Panna,10,23,Madhya Pradesh,11-01-2011,15220.65774
6362,Raisen,34,23,Madhya Pradesh,11-01-2011,15296.1187
6363,Rajgarh,30,23,Madhya Pradesh,11-01-2011,15398.97747
6364,Satna,13,23,Madhya Pradesh,11-01-2011,15180.73156
6365,Sehore,33,23,Madhya Pradesh,11-01-2011,15357.37673
6366,Seoni,44,23,Madhya Pradesh,11-01-2011,15251.52204
6367,Anand,15,24,Gujarat,11-01-2011,15326.9352
6368,Ahmadabad,7,24,Gujarat,11-01-2011,15443.11516
6369,Amreli,13,24,Gujarat,11-01-2011,15392.17391
6370,Bhavnagar,14,24,Gujarat,11-01-2011,15431.16931
6371,Banas Kantha,2,24,Gujarat,11-01-2011,15363.21042
6372,Dohad,18,24,Gujarat,11-01-2011,15347.81031
6373,Junagadh,12,24,Gujarat,11-01-2011,15379.68804
6374,Kachchh,1,24,Gujarat,11-01-2011,15409.65738
6375,Gandhinagar,6,24,Gujarat,11-01-2011,15335.80088
6376,Sabar Kantha,5,24,Gujarat,11-01-2011,15290.39688
6377,Surendranagar,8,24,Gujarat,11-01-2011,15441.93651
6378,The Dangs,23,24,Gujarat,11-01-2011,15244.44352
6379,Vadodara,19,24,Gujarat,11-01-2011,15347.34704
6380,Valsad,25,24,Gujarat,11-01-2011,15320.93894
6381,Bharuch,21,24,Gujarat,11-01-2011,15422.80565
6382,Surat,22,24,Gujarat,11-01-2011,15323.71306
6383,Jamnagar,10,24,Gujarat,11-01-2011,15382.90597
6384,Kheda,16,24,Gujarat,11-01-2011,15346.50986
6385,Mahesana,4,24,Gujarat,11-01-2011,15348.16295
6386,Narmada,20,24,Gujarat,11-01-2011,15339.65516
6387,Navsari,24,24,Gujarat,11-01-2011,15314.69653
6388,Panch Mahals,17,24,Gujarat,11-01-2011,15306.33153
6389,Patan,3,24,Gujarat,11-01-2011,15442.10037
6390,Porbandar,11,24,Gujarat,11-01-2011,15411.73455
6391,Rajkot,9,24,Gujarat,11-01-2011,15365.90935
6392,Daman,2,25,Daman & Diu,11-01-2011,15294.22921
6393,Diu,1,25,Daman & Diu,11-01-2011,15217.24718
6394,Hingoli,16,27,Maharashtra,11-01-2011,15402.76096
6395,Aurangabad,19,27,Maharashtra,11-01-2011,15379.77082
6396,Ahmadnagar,26,27,Maharashtra,11-01-2011,15409.55644
6397,Akola,5,27,Maharashtra,11-01-2011,15481.73538
6398,Amravati,7,27,Maharashtra,11-01-2011,15340.34595
6399,Bid,27,27,Maharashtra,11-01-2011,15412.54459
6400,Bhandara,10,27,Maharashtra,11-01-2011,15165.83703
6401,Buldana,4,27,Maharashtra,11-01-2011,15446.00786
6402,Chandrapur,13,27,Maharashtra,11-01-2011,15221.7252
6403,Dhule,2,27,Maharashtra,11-01-2011,15516.65069
6404,Gadchiroli,12,27,Maharashtra,11-01-2011,15090.91059
6405,Gondiya,11,27,Maharashtra,11-01-2011,15107.37586
6406,Ratnagiri,32,27,Maharashtra,11-01-2011,15212.23924
6407,Raigarh,24,27,Maharashtra,11-01-2011,15245.91643
6408,Thane,21,27,Maharashtra,11-01-2011,15305.88361
6409,Solapur,30,27,Maharashtra,11-01-2011,15446.13873
6410,Sindhudurg,33,27,Maharashtra,11-01-2011,15225.70423
6411,Wardha,8,27,Maharashtra,11-01-2011,15349.18623
6412,Washim,6,27,Maharashtra,11-01-2011,15440.61455
6413,Yavatmal,14,27,Maharashtra,11-01-2011,15343.19391
6414,Jalgaon,3,27,Maharashtra,11-01-2011,15411.09828
6415,Jalna,18,27,Maharashtra,11-01-2011,15421.08252
6416,Kolhapur,34,27,Maharashtra,11-01-2011,15163.75516
6417,Latur,28,27,Maharashtra,11-01-2011,15432.72271
6418,Pune,25,27,Maharashtra,11-01-2011,15277.83529
6419,Nagpur,9,27,Maharashtra,11-01-2011,15273.96193
6420,Mumbai,23,27,Maharashtra,11-01-2011,15341.11535
6421,Mumbai (Suburban),22,27,Maharashtra,11-01-2011,15328.07971
6422,Nanded,15,27,Maharashtra,11-01-2011,15401.31749
6423,Nandurbar,1,27,Maharashtra,11-01-2011,15435.82693
6424,Nashik,20,27,Maharashtra,11-01-2011,15408.05729
6425,Osmanabad,29,27,Maharashtra,11-01-2011,15440.33032
6426,Parbhani,17,27,Maharashtra,11-01-2011,15436.97411
6427,Sangli,35,27,Maharashtra,11-01-2011,15442.80605
6428,Satara,31,27,Maharashtra,11-01-2011,15330.66673
6429,Hyderabad,5,28,Andhra Pradesh,11-01-2011,15250.06421
6430,Anantapur,22,28,Andhra Pradesh,11-01-2011,15369.79204
6431,Adilabad,1,28,Andhra Pradesh,11-01-2011,15265.55611
6432,Chittoor,23,28,Andhra Pradesh,11-01-2011,15134.5096
6433,Cuddapah,20,28,Andhra Pradesh,11-01-2011,15223.13113
6434,East Godavari,14,28,Andhra Pradesh,11-01-2011,15111.42707
6435,Karimnagar,3,28,Andhra Pradesh,11-01-2011,15267.61232
6436,Guntur,17,28,Andhra Pradesh,11-01-2011,15202.69925
6437,Rangareddi,6,28,Andhra Pradesh,11-01-2011,15339.71
6438,Srikakulam,11,28,Andhra Pradesh,11-01-2011,15183.26248
6439,West Godavari,15,28,Andhra Pradesh,11-01-2011,15167.4923
6440,Visakhapatnam,13,28,Andhra Pradesh,11-01-2011,15085.9819
6441,Vizianagaram,12,28,Andhra Pradesh,11-01-2011,15169.08077
6442,Warangal,9,28,Andhra Pradesh,11-01-2011,15236.28681
6443,Khammam,10,28,Andhra Pradesh,11-01-2011,15181.19894
6444,Medak,4,28,Andhra Pradesh,11-01-2011,15321.75876
6445,Krishna,16,28,Andhra Pradesh,11-01-2011,15175.75874
6446,Kurnool,21,28,Andhra Pradesh,11-01-2011,15376.90698
6447,Mahbubnagar,7,28,Andhra Pradesh,11-01-2011,15365.07903
6448,Nalgonda,8,28,Andhra Pradesh,11-01-2011,15328.59403
6449,Nellore,19,28,Andhra Pradesh,11-01-2011,15184.21125
6450,Nizamabad,2,28,Andhra Pradesh,11-01-2011,15298.6507
6451,Prakasam,18,28,Andhra Pradesh,11-01-2011,15247.70846
6452,Hassan,23,29,Karnataka,11-01-2011,14984.70011
6453,Haveri,11,29,Karnataka,11-01-2011,15306.20688
6454,Bagalkot,2,29,Karnataka,11-01-2011,15390.49938
6455,Bangalore,20,29,Karnataka,11-01-2011,15077.14221
6456,Bidar,5,29,Karnataka,11-01-2011,15416.11032
6457,Bijapur,3,29,Karnataka,11-01-2011,15545.19026
6458,Belgaum,1,29,Karnataka,11-01-2011,15294.43084
6459,Bellary,12,29,Karnataka,11-01-2011,15319.5292
6460,Bangalore Rural,21,29,Karnataka,11-01-2011,15076.39141
6461,Chamarajanagar,27,29,Karnataka,11-01-2011,15049.16429
6462,Chikmagalur,17,29,Karnataka,11-01-2011,14986.5424
6463,Chitradurga,13,29,Karnataka,11-01-2011,15336.93984
6464,Dakshina Kannada,24,29,Karnataka,11-01-2011,15101.16415
6465,Davanagere,14,29,Karnataka,11-01-2011,15272.54957
6466,Dharwad,9,29,Karnataka,11-01-2011,15372.43011
6467,Gulbarga,4,29,Karnataka,11-01-2011,15412.0844
6468,Gadag,8,29,Karnataka,11-01-2011,15523.0801
6469,Shimoga,15,29,Karnataka,11-01-2011,15026.09834
6470,Tumkur,18,29,Karnataka,11-01-2011,15166.18132
6471,Udupi,16,29,Karnataka,11-01-2011,15144.0801
6472,Uttara Kannada,10,29,Karnataka,11-01-2011,15023.16097
6473,Kodagu,25,29,Karnataka,11-01-2011,14853.95925
6474,Kolar,19,29,Karnataka,11-01-2011,15138.18939
6475,Mandya,22,29,Karnataka,11-01-2011,15036.38022
6476,Koppal,7,29,Karnataka,11-01-2011,15435.38793
6477,Mysore,26,29,Karnataka,11-01-2011,15025.94544
6478,Raichur,6,29,Karnataka,11-01-2011,15390.03407
6479,South Goa,2,30,Goa,11-01-2011,15144.18745
6480,North Goa,1,30,Goa,11-01-2011,15194.45428
6481,Idukki,9,32,Kerala,11-01-2011,14929.8153
6482,Alappuzha,11,32,Kerala,11-01-2011,15159.95449
6483,Kasaragod,1,32,Kerala,11-01-2011,15109.38646
6484,Kannur,2,32,Kerala,11-01-2011,15091.98862
6485,Ernakulam,8,32,Kerala,11-01-2011,15141.50832
6486,Thrissur,7,32,Kerala,11-01-2011,15067.67986
6487,Thiruvananthapuram,14,32,Kerala,11-01-2011,15120.66395
6488,Wayanad,3,32,Kerala,11-01-2011,14886.4657
6489,Kollam,13,32,Kerala,11-01-2011,15096.30422
6490,Kottayam,10,32,Kerala,11-01-2011,15137.51056
6491,Kozhikode,4,32,Kerala,11-01-2011,15063.43085
6492,Malappuram,5,32,Kerala,11-01-2011,15047.86498
6493,Palakkad,6,32,Kerala,11-01-2011,15026.67418
6494,Pathanamthitta,12,32,Kerala,11-01-2011,15048.58783
6495,Ariyalur,17,33,Tamil Nadu,11-01-2011,15131.61817
6496,Coimbatore,12,33,Tamil Nadu,11-01-2011,15113.78898
6497,Cuddalore,18,33,Tamil Nadu,11-01-2011,15146.34012
6498,Dharmapuri,5,33,Tamil Nadu,11-01-2011,15092.66243
6499,Dindigul,13,33,Tamil Nadu,11-01-2011,15087.11919
6500,Erode,10,33,Tamil Nadu,11-01-2011,15134.45108
6501,Sivaganga,23,33,Tamil Nadu,11-01-2011,15151.17225
6502,Tiruchirappalli,15,33,Tamil Nadu,11-01-2011,15168.56923
6503,Tirunelveli,29,33,Tamil Nadu,11-01-2011,15202.81008
6504,Tiruvannamalai,6,33,Tamil Nadu,11-01-2011,15155.33465
6505,Thoothukkudi,28,33,Tamil Nadu,11-01-2011,15321.78438
6506,Theni,25,33,Tamil Nadu,11-01-2011,15073.13027
6507,Vellore,4,33,Tamil Nadu,11-01-2011,15113.12853
6508,Viluppuram,7,33,Tamil Nadu,11-01-2011,15169.53956
6509,Virudhunagar,26,33,Tamil Nadu,11-01-2011,15241.08936
6510,Chennai,2,33,Tamil Nadu,11-01-2011,15207.05433
6511,Kancheepuram,3,33,Tamil Nadu,11-01-2011,15122.42149
6512,Thiruvallur,1,33,Tamil Nadu,11-01-2011,15128.86944
6513,Thanjavur,21,33,Tamil Nadu,11-01-2011,15129.40086
6514,Thiruvarur,20,33,Tamil Nadu,11-01-2011,15086.31431
6515,Nagapattinam,19,33,Tamil Nadu,11-01-2011,15105.43891
6516,Kanniyakumari,30,33,Tamil Nadu,11-01-2011,15117.43419
6517,Karur,14,33,Tamil Nadu,11-01-2011,15239.12562
6518,Madurai,24,33,Tamil Nadu,11-01-2011,15167.71384
6519,Namakkal,9,33,Tamil Nadu,11-01-2011,15201.9106
6520,The Nilgiris,11,33,Tamil Nadu,11-01-2011,14824.48387
6521,Perambalur,16,33,Tamil Nadu,11-01-2011,15156.37294
6522,Pudukkottai,22,33,Tamil Nadu,11-01-2011,15162.68913
6523,Ramanathapuram,27,33,Tamil Nadu,11-01-2011,15233.77122
6524,Salem,8,33,Tamil Nadu,11-01-2011,15114.16407
6525,Yanam,1,34,Puducherry,11-01-2011,15131.43398
6526,Karaikal,4,34,Puducherry,11-01-2011,15099.44119
6527,Mahe,3,34,Puducherry,11-01-2011,15109.3877
6528,Pondicherry,2,34,Puducherry,11-01-2011,15134.24929
6529,Nicobars,2,35,Andaman & Nicobar Island,11-01-2011,14937.80524
6530,Andamans,1,35,Andaman & Nicobar Island,11-01-2011,14992.98302
6531,Chandigarh,1,4,Chandigarh,12-01-2011,14703.13525
6532,Dadra & Nagar Haveli,1,26,Dadara & Nagar Havelli,12-01-2011,15233.99192
6533,Lakshadweep,1,31,Lakshadweep,12-01-2011,15043.13627
6534,Data Not Available,99,99,Jammu and Kashmir,12-01-2011,13286.34919
6535,Anantnag,6,1,Jammu and Kashmir,12-01-2011,13698.34513
6536,Badgam,4,1,Jammu and Kashmir,12-01-2011,13829.44769
6537,Baramula,2,1,Jammu and Kashmir,12-01-2011,13666.72603
6538,Doda,9,1,Jammu and Kashmir,12-01-2011,13642.08855
6539,Srinagar,3,1,Jammu and Kashmir,12-01-2011,13637.12232
6540,Udhampur,10,1,Jammu and Kashmir,12-01-2011,14321.47338
6541,Jammu,13,1,Jammu and Kashmir,12-01-2011,14649.76004
6542,Kargil,8,1,Jammu and Kashmir,12-01-2011,13402.98339
6543,Kathua,14,1,Jammu and Kashmir,12-01-2011,14523.70209
6544,Leh (Ladakh),7,1,Jammu and Kashmir,12-01-2011,13466.71538
6545,Kupwara,1,1,Jammu and Kashmir,12-01-2011,13801.32998
6546,Punch,11,1,Jammu and Kashmir,12-01-2011,14267.49503
6547,Pulwama,5,1,Jammu and Kashmir,12-01-2011,14020.92451
6548,Rajauri,12,1,Jammu and Kashmir,12-01-2011,14444.28594
6549,Bilaspur,8,2,Himachal Pradesh,12-01-2011,14497.83663
6550,Chamba,1,2,Himachal Pradesh,12-01-2011,13961.14917
6551,Hamirpur,6,2,Himachal Pradesh,12-01-2011,14508.53588
6552,Shimla,11,2,Himachal Pradesh,12-01-2011,14256.10565
6553,Sirmaur,10,2,Himachal Pradesh,12-01-2011,14505.61841
6554,Solan,9,2,Himachal Pradesh,12-01-2011,14522.52794
6555,Una,7,2,Himachal Pradesh,12-01-2011,14618.75269
6556,Kangra,2,2,Himachal Pradesh,12-01-2011,14361.70687
6557,Kinnaur,12,2,Himachal Pradesh,12-01-2011,13705.39089
6558,Lahul & Spiti,3,2,Himachal Pradesh,12-01-2011,13445.99243
6559,Kullu,4,2,Himachal Pradesh,12-01-2011,13847.68996
6560,Mandi,5,2,Himachal Pradesh,12-01-2011,14370.23684
6561,Hoshiarpur,5,3,Punjab,12-01-2011,14640.20266
6562,Amritsar,2,3,Punjab,12-01-2011,14666.10177
6563,Firozpur,11,3,Punjab,12-01-2011,14721.94434
6564,Bathinda,14,3,Punjab,12-01-2011,14780.8497
6565,Gurdaspur,1,3,Punjab,12-01-2011,14616.66083
6566,Faridkot,13,3,Punjab,12-01-2011,14691.04642
6567,Fatehgarh Sahib,8,3,Punjab,12-01-2011,14645.84688
6568,Rupnagar,7,3,Punjab,12-01-2011,14639.50883
6569,Jalandhar,4,3,Punjab,12-01-2011,14651.53177
6570,Kapurthala,3,3,Punjab,12-01-2011,14611.52414
6571,Ludhiana,9,3,Punjab,12-01-2011,14656.92448
6572,Mansa,15,3,Punjab,12-01-2011,14822.04172
6573,Moga,10,3,Punjab,12-01-2011,14658.18761
6574,Muktsar,12,3,Punjab,12-01-2011,14750.00627
6575,Nawanshahr,6,3,Punjab,12-01-2011,14634.92548
6576,Patiala,17,3,Punjab,12-01-2011,14660.7942
6577,Sangrur,16,3,Punjab,12-01-2011,14666.76536
6578,Hardwar,13,5,Uttarakhand,12-01-2011,14724.16769
6579,Bageshwar,8,5,Uttarakhand,12-01-2011,14303.90747
6580,Almora,9,5,Uttarakhand,12-01-2011,14498.13195
6581,Chamoli,2,5,Uttarakhand,12-01-2011,13934.70262
6582,Champawat,10,5,Uttarakhand,12-01-2011,14498.8223
6583,Dehradun,5,5,Uttarakhand,12-01-2011,14520.32347
6584,Garhwal,6,5,Uttarakhand,12-01-2011,14498.16669
6585,Rudraprayag,3,5,Uttarakhand,12-01-2011,14215.64651
6586,Tehri Garhwal,4,5,Uttarakhand,12-01-2011,14340.66365
6587,Udham Singh Nagar,12,5,Uttarakhand,12-01-2011,14711.12694
6588,Uttarkashi,1,5,Uttarakhand,12-01-2011,13924.60619
6589,Nainital,11,5,Uttarakhand,12-01-2011,14585.32392
6590,Pithoragarh,7,5,Uttarakhand,12-01-2011,14084.099
6591,Hisar,12,6,Haryana,12-01-2011,14850.05396
6592,Ambala,2,6,Haryana,12-01-2011,14682.24824
6593,Gurgaon,18,6,Haryana,12-01-2011,14798.39055
6594,Faridabad,19,6,Haryana,12-01-2011,14774.25289
6595,Fatehabad,10,6,Haryana,12-01-2011,14818.17903
6596,Rohtak,14,6,Haryana,12-01-2011,14790.80172
6597,Sirsa,11,6,Haryana,12-01-2011,14893.89024
6598,Sonipat,8,6,Haryana,12-01-2011,14758.89238
6599,Yamunanagar,3,6,Haryana,12-01-2011,14710.50332
6600,Jhajjar,15,6,Haryana,12-01-2011,14807.29232
6601,Mahendragarh,16,6,Haryana,12-01-2011,14834.39112
6602,Rewari,17,6,Haryana,12-01-2011,14782.7976
6603,Bhiwani,13,6,Haryana,12-01-2011,14898.87421
6604,Jind,9,6,Haryana,12-01-2011,14772.72802
6605,Kaithal,5,6,Haryana,12-01-2011,14690.30574
6606,Karnal,6,6,Haryana,12-01-2011,14709.23872
6607,Kurukshetra,4,6,Haryana,12-01-2011,14661.77174
6608,Panchkula,1,6,Haryana,12-01-2011,14677.68268
6609,Panipat,7,6,Haryana,12-01-2011,14756.43292
6610,Central,6,7,Delhi  & NCR,12-01-2011,14726.68184
6611,East,4,7,Delhi  & NCR,12-01-2011,14706.11223
6612,New Delhi,5,7,Delhi  & NCR,12-01-2011,14709.63322
6613,North,2,7,Delhi  & NCR,12-01-2011,14697.76295
6614,North East,3,7,Delhi  & NCR,12-01-2011,14707.20278
6615,North West,1,7,Delhi  & NCR,12-01-2011,14753.64455
6616,South,9,7,Delhi  & NCR,12-01-2011,14726.8547
6617,South West,8,7,Delhi  & NCR,12-01-2011,14743.69639
6618,West,7,7,Delhi  & NCR,12-01-2011,14739.88011
6619,Ajmer,21,8,Rajasthan,12-01-2011,15055.35299
6620,Banswara,28,8,Rajasthan,12-01-2011,15140.2733
6621,Barmer,17,8,Rajasthan,12-01-2011,15210.65197
6622,Bhilwara,24,8,Rajasthan,12-01-2011,15045.45575
6623,Bikaner,3,8,Rajasthan,12-01-2011,15135.81705
6624,Bharatpur,7,8,Rajasthan,12-01-2011,14813.62931
6625,Bundi,23,8,Rajasthan,12-01-2011,14968.47142
6626,Chittaurgarh,29,8,Rajasthan,12-01-2011,15015.85719
6627,Churu,4,8,Rajasthan,12-01-2011,15102.92826
6628,Dausa,11,8,Rajasthan,12-01-2011,14923.33142
6629,Dhaulpur,8,8,Rajasthan,12-01-2011,14897.17858
6630,Dungarpur,27,8,Rajasthan,12-01-2011,15090.89841
6631,Karauli,9,8,Rajasthan,12-01-2011,14959.83247
6632,Sirohi,19,8,Rajasthan,12-01-2011,15065.48815
6633,Tonk,22,8,Rajasthan,12-01-2011,14927.05746
6634,Sikar,13,8,Rajasthan,12-01-2011,14996.00584
6635,Alwar,6,8,Rajasthan,12-01-2011,14847.28466
6636,Udaipur,26,8,Rajasthan,12-01-2011,15037.30684
6637,Ganganagar,1,8,Rajasthan,12-01-2011,14877.49519
6638,Hanumangarh,2,8,Rajasthan,12-01-2011,14987.4618
6639,Baran,31,8,Rajasthan,12-01-2011,15015.34869
6640,Jaipur,12,8,Rajasthan,12-01-2011,14977.74539
6641,Jaisalmer,16,8,Rajasthan,12-01-2011,15211.79585
6642,Jalor,18,8,Rajasthan,12-01-2011,15132.26088
6643,Jhalawar,32,8,Rajasthan,12-01-2011,15037.3384
6644,Jhunjhunun,5,8,Rajasthan,12-01-2011,14994.04803
6645,Jodhpur,15,8,Rajasthan,12-01-2011,15179.07268
6646,Kota,30,8,Rajasthan,12-01-2011,14982.15695
6647,Nagaur,14,8,Rajasthan,12-01-2011,15128.37222
6648,Pali,20,8,Rajasthan,12-01-2011,15147.42666
6649,Rajsamand,25,8,Rajasthan,12-01-2011,14993.35146
6650,Sawai Madhopur,10,8,Rajasthan,12-01-2011,14884.39849
6651,Hathras,13,9,Uttar Pradesh,12-01-2011,14749.91615
6652,Auraiya,32,9,Uttar Pradesh,12-01-2011,14858.39898
6653,Azamgarh,61,9,Uttar Pradesh,12-01-2011,14877.63583
6654,Budaun,19,9,Uttar Pradesh,12-01-2011,14775.10916
6655,Agra,15,9,Uttar Pradesh,12-01-2011,14791.21133
6656,Aligarh,12,9,Uttar Pradesh,12-01-2011,14766.54559
6657,Allahabad,45,9,Uttar Pradesh,12-01-2011,14861.75218
6658,Ambedkar Nagar,48,9,Uttar Pradesh,12-01-2011,14819.06604
6659,Bareilly,20,9,Uttar Pradesh,12-01-2011,14739.04776
6660,Bijnor,3,9,Uttar Pradesh,12-01-2011,14750.04489
6661,Basti,55,9,Uttar Pradesh,12-01-2011,14823.30336
6662,Baghpat,8,9,Uttar Pradesh,12-01-2011,14744.05618
6663,Bahraich,50,9,Uttar Pradesh,12-01-2011,14796.99098
6664,Ballia,63,9,Uttar Pradesh,12-01-2011,14866.0863
6665,Balrampur,52,9,Uttar Pradesh,12-01-2011,14858.39685
6666,Banda,40,9,Uttar Pradesh,12-01-2011,14904.66722
6667,Barabanki,46,9,Uttar Pradesh,12-01-2011,14796.20291
6668,Chitrakoot,41,9,Uttar Pradesh,12-01-2011,14909.9248
6669,Chandauli,66,9,Uttar Pradesh,12-01-2011,14861.52308
6670,Deoria,60,9,Uttar Pradesh,12-01-2011,14874.22318
6671,Etah,17,9,Uttar Pradesh,12-01-2011,14771.90795
6672,Kanpur Dehat,33,9,Uttar Pradesh,12-01-2011,14862.74847
6673,Etawah,31,9,Uttar Pradesh,12-01-2011,14834.33118
6674,Faizabad,47,9,Uttar Pradesh,12-01-2011,14782.78792
6675,Ghazipur,65,9,Uttar Pradesh,12-01-2011,14881.11463
6676,Gonda,53,9,Uttar Pradesh,12-01-2011,14823.6495
6677,Gorakhpur,58,9,Uttar Pradesh,12-01-2011,14805.72074
6678,Farrukhabad,29,9,Uttar Pradesh,12-01-2011,14743.79665
6679,Fatehpur,42,9,Uttar Pradesh,12-01-2011,14839.47946
6680,Firozabad,16,9,Uttar Pradesh,12-01-2011,14800.46369
6681,Hamirpur,38,9,Uttar Pradesh,12-01-2011,14893.82923
6682,Hardoi,25,9,Uttar Pradesh,12-01-2011,14813.29314
6683,Shrawasti,51,9,Uttar Pradesh,12-01-2011,14872.13463
6684,Saharanpur,1,9,Uttar Pradesh,12-01-2011,14711.26949
6685,Sitapur,24,9,Uttar Pradesh,12-01-2011,14794.98218
6686,Sultanpur,49,9,Uttar Pradesh,12-01-2011,14833.89307
6687,Sonbhadra,70,9,Uttar Pradesh,12-01-2011,14873.48385
6688,Siddharthnagar,54,9,Uttar Pradesh,12-01-2011,14841.56978
6689,Unnao,26,9,Uttar Pradesh,12-01-2011,14792.82571
6690,Varanasi,67,9,Uttar Pradesh,12-01-2011,14798.86484
6691,Bulandshahr,11,9,Uttar Pradesh,12-01-2011,14745.662
6692,Gautam Buddha Nagar,10,9,Uttar Pradesh,12-01-2011,14790.38108
6693,Ghaziabad,9,9,Uttar Pradesh,12-01-2011,14742.55512
6694,Jalaun,35,9,Uttar Pradesh,12-01-2011,14860.63659
6695,Jaunpur,64,9,Uttar Pradesh,12-01-2011,14810.58253
6696,Jhansi,36,9,Uttar Pradesh,12-01-2011,14913.03508
6697,Jyotiba Phule Nagar,6,9,Uttar Pradesh,12-01-2011,14730.13407
6698,Kannauj,30,9,Uttar Pradesh,12-01-2011,14797.81752
6699,Kanpur Nagar,34,9,Uttar Pradesh,12-01-2011,14848.25804
6700,Kaushambi,44,9,Uttar Pradesh,12-01-2011,14826.58366
6701,Kheri,23,9,Uttar Pradesh,12-01-2011,14771.83071
6702,Mirzapur,69,9,Uttar Pradesh,12-01-2011,14897.51367
6703,Moradabad,4,9,Uttar Pradesh,12-01-2011,14759.92056
6704,Muzaffarnagar,2,9,Uttar Pradesh,12-01-2011,14725.71017
6705,Rae Bareli,28,9,Uttar Pradesh,12-01-2011,14814.31479
6706,Kushinagar,59,9,Uttar Pradesh,12-01-2011,14850.05176
6707,Lucknow,27,9,Uttar Pradesh,12-01-2011,14813.97955
6708,Lalitpur,37,9,Uttar Pradesh,12-01-2011,14893.43438
6709,Mahrajganj,57,9,Uttar Pradesh,12-01-2011,14864.19117
6710,Mahoba,39,9,Uttar Pradesh,12-01-2011,14908.41133
6711,Mainpuri,18,9,Uttar Pradesh,12-01-2011,14834.9813
6712,Mathura,14,9,Uttar Pradesh,12-01-2011,14764.6514
6713,Mau,62,9,Uttar Pradesh,12-01-2011,14901.60249
6714,Meerut,7,9,Uttar Pradesh,12-01-2011,14724.92986
6715,Pilibhit,21,9,Uttar Pradesh,12-01-2011,14714.10379
6716,Pratapgarh,43,9,Uttar Pradesh,12-01-2011,14821.22589
6717,Rampur,5,9,Uttar Pradesh,12-01-2011,14720.43911
6718,Sant Ravidas Nagar Bhadohi,68,9,Uttar Pradesh,12-01-2011,14800.9503
6719,Sant Kabir Nagar,56,9,Uttar Pradesh,12-01-2011,14797.60904
6720,Shahjahanpur,22,9,Uttar Pradesh,12-01-2011,14767.64487
6721,Araria,7,10,Bihar,12-01-2011,14970.17903
6722,Aurangabad,34,10,Bihar,12-01-2011,14831.13771
6723,Banka,23,10,Bihar,12-01-2011,14912.67859
6724,Bhagalpur,22,10,Bihar,12-01-2011,14854.06293
6725,Begusarai,20,10,Bihar,12-01-2011,14770.43056
6726,Saran,17,10,Bihar,12-01-2011,14803.36078
6727,Katihar,10,10,Bihar,12-01-2011,14867.27341
6728,Darbhanga,13,10,Bihar,12-01-2011,14853.30575
6729,Gopalganj,15,10,Bihar,12-01-2011,14873.4428
6730,Sheikhpura,26,10,Bihar,12-01-2011,14826.69124
6731,Sheohar,3,10,Bihar,12-01-2011,14836.8073
6732,Saharsa,12,10,Bihar,12-01-2011,14865.77579
6733,Sitamarhi,4,10,Bihar,12-01-2011,14860.367
6734,Siwan,16,10,Bihar,12-01-2011,14859.31042
6735,Supaul,6,10,Bihar,12-01-2011,14918.51768
6736,Vaishali,18,10,Bihar,12-01-2011,14757.10113
6737,Kaimur (Bhabua),31,10,Bihar,12-01-2011,14844.5521
6738,Gaya,35,10,Bihar,12-01-2011,14887.93362
6739,Bhojpur,29,10,Bihar,12-01-2011,14847.2995
6740,Buxar,30,10,Bihar,12-01-2011,14856.22462
6741,Jehanabad,33,10,Bihar,12-01-2011,14836.05075
6742,Rohtas,32,10,Bihar,12-01-2011,14829.61752
6743,Jamui,37,10,Bihar,12-01-2011,14887.01008
6744,Kishanganj,8,10,Bihar,12-01-2011,14978.27932
6745,Muzaffarpur,14,10,Bihar,12-01-2011,14792.27451
6746,Purnia,9,10,Bihar,12-01-2011,14900.45317
6747,Khagaria,21,10,Bihar,12-01-2011,14830.6316
6748,Madhubani,5,10,Bihar,12-01-2011,14901.822
6749,Lakhisarai,25,10,Bihar,12-01-2011,14822.04959
6750,Madhepura,11,10,Bihar,12-01-2011,14900.74075
6751,Purba Champaran,2,10,Bihar,12-01-2011,14842.85724
6752,Munger,24,10,Bihar,12-01-2011,14819.30144
6753,Nalanda,27,10,Bihar,12-01-2011,14861.15094
6754,Nawada,36,10,Bihar,12-01-2011,14840.8969
6755,Pashchim Champaran,1,10,Bihar,12-01-2011,14871.08879
6756,Patna,28,10,Bihar,12-01-2011,14833.77921
6757,Samastipur,19,10,Bihar,12-01-2011,14810.73566
6758,East,4,11,Sikkim,12-01-2011,14282.34662
6759,South,3,11,Sikkim,12-01-2011,14361.94056
6760,West,2,11,Sikkim,12-01-2011,14215.4377
6761,North,1,11,Sikkim,12-01-2011,13926.32665
6762,Changlang,12,12,Arunanchal Pradesh,12-01-2011,14499.11191
6763,Dibang Valley,10,12,Arunanchal Pradesh,12-01-2011,14025.95322
6764,East Kameng,3,12,Arunanchal Pradesh,12-01-2011,14284.15703
6765,East Siang,8,12,Arunanchal Pradesh,12-01-2011,14563.15142
6766,Tawang,1,12,Arunanchal Pradesh,12-01-2011,14054.23764
6767,Tirap,13,12,Arunanchal Pradesh,12-01-2011,14563.94242
6768,West Kameng,2,12,Arunanchal Pradesh,12-01-2011,14252.77805
6769,West Siang,7,12,Arunanchal Pradesh,12-01-2011,14228.40431
6770,Upper Siang,9,12,Arunanchal Pradesh,12-01-2011,14078.20576
6771,Upper Subansiri,6,12,Arunanchal Pradesh,12-01-2011,14078.15759
6772,Lohit,11,12,Arunanchal Pradesh,12-01-2011,14217.97855
6773,Lower Subansiri,5,12,Arunanchal Pradesh,12-01-2011,14174.18173
6774,Papum Pare,4,12,Arunanchal Pradesh,12-01-2011,14438.49318
6775,Tuensang,2,13,Nagaland,12-01-2011,14452.83202
6776,Wokha,5,13,Nagaland,12-01-2011,14635.27885
6777,Zunheboto,4,13,Nagaland,12-01-2011,14485.44365
6778,Dimapur,6,13,Nagaland,12-01-2011,14747.86954
6779,Kohima,7,13,Nagaland,12-01-2011,14578.05266
6780,Mokokchung,3,13,Nagaland,12-01-2011,14625.20679
6781,Mon,1,13,Nagaland,12-01-2011,14636.5438
6782,Phek,8,13,Nagaland,12-01-2011,14431.35871
6783,Bishnupur,4,14,Manipur,12-01-2011,14653.86013
6784,Chandel,9,14,Manipur,12-01-2011,14577.19237
6785,Churachandpur,3,14,Manipur,12-01-2011,14592.9083
6786,Tamenglong,2,14,Manipur,12-01-2011,14589.63
6787,Thoubal,5,14,Manipur,12-01-2011,14691.61228
6788,Ukhrul,8,14,Manipur,12-01-2011,14513.95493
6789,Imphal East,7,14,Manipur,12-01-2011,14737.63216
6790,Imphal West,6,14,Manipur,12-01-2011,14734.54203
6791,Senapati (Excl. 3 sub-divisions),1,14,Manipur,12-01-2011,14525.22566
6792,Aizawl,3,15,Mizoram,12-01-2011,14651.43386
6793,Champhai,4,15,Mizoram,12-01-2011,14577.77929
6794,Kolasib,2,15,Mizoram,12-01-2011,14723.35891
6795,Mamit,1,15,Mizoram,12-01-2011,14734.93641
6796,Lunglei,6,15,Mizoram,12-01-2011,14683.97799
6797,Lawngtlai,7,15,Mizoram,12-01-2011,14748.24581
6798,Saiha,8,15,Mizoram,12-01-2011,14642.75839
6799,Serchhip,5,15,Mizoram,12-01-2011,14605.43238
6800,Dhalai,3,16,Tripura,12-01-2011,14884.65458
6801,South Tripura,2,16,Tripura,12-01-2011,14938.67455
6802,West Tripura,1,16,Tripura,12-01-2011,14963.14458
6803,North Tripura,4,16,Tripura,12-01-2011,14890.48263
6804,East Garo Hills,2,17,Meghalaya,12-01-2011,14733.69151
6805,East Khasi Hills,6,17,Meghalaya,12-01-2011,14644.80013
6806,Ri Bhoi,5,17,Meghalaya,12-01-2011,14683.26224
6807,South Garo Hills,3,17,Meghalaya,12-01-2011,14792.05466
6808,West Garo Hills,1,17,Meghalaya,12-01-2011,14831.99676
6809,West Khasi Hills,4,17,Meghalaya,12-01-2011,14641.28133
6810,Jaintia Hills,7,17,Meghalaya,12-01-2011,14682.8694
6811,Barpeta,5,18,Assam,12-01-2011,14876.7942
6812,Bongaigaon,4,18,Assam,12-01-2011,14867.08851
6813,Cachar,21,18,Assam,12-01-2011,14821.84751
6814,Darrang,8,18,Assam,12-01-2011,14888.32761
6815,Dhemaji,13,18,Assam,12-01-2011,14854.33448
6816,Dhubri,2,18,Assam,12-01-2011,14878.86997
6817,Dibrugarh,15,18,Assam,12-01-2011,14810.78978
6818,Kamrup,6,18,Assam,12-01-2011,14833.88147
6819,Karbi Anglong,19,18,Assam,12-01-2011,14721.08584
6820,Goalpara,3,18,Assam,12-01-2011,14841.89231
6821,Golaghat,18,18,Assam,12-01-2011,14837.20232
6822,Hailakandi,23,18,Assam,12-01-2011,14846.93423
6823,Sonitpur,11,18,Assam,12-01-2011,14847.53178
6824,Sibsagar,16,18,Assam,12-01-2011,14806.67781
6825,Tinsukia,14,18,Assam,12-01-2011,14777.43788
6826,Jorhat,17,18,Assam,12-01-2011,14823.40625
6827,Karimganj,22,18,Assam,12-01-2011,14883.45815
6828,Kokrajhar,1,18,Assam,12-01-2011,14871.8939
6829,Lakhimpur,12,18,Assam,12-01-2011,14838.64106
6830,Nagaon,10,18,Assam,12-01-2011,14861.95071
6831,Marigaon,9,18,Assam,12-01-2011,14898.38509
6832,Nalbari,7,18,Assam,12-01-2011,14890.66922
6833,North Cachar Hills,20,18,Assam,12-01-2011,14681.42763
6834,Hugli,12,19,West Bengal,12-01-2011,14910.37502
6835,Barddhaman,9,19,West Bengal,12-01-2011,14919.08974
6836,Birbhum,8,19,West Bengal,12-01-2011,14935.08611
6837,Bankura,13,19,West Bengal,12-01-2011,14928.79641
6838,Dakshin Dinajpur,5,19,West Bengal,12-01-2011,14960.60489
6839,Darjiling,1,19,West Bengal,12-01-2011,14618.66664
6840,Haora,16,19,West Bengal,12-01-2011,14856.25302
6841,South  Twenty Four Parganas,18,19,West Bengal,12-01-2011,14866.99031
6842,Uttar Dinajpur,4,19,West Bengal,12-01-2011,14949.67709
6843,Jalpaiguri,2,19,West Bengal,12-01-2011,14875.85142
6844,Koch Bihar,3,19,West Bengal,12-01-2011,14902.60569
6845,Murshidabad,7,19,West Bengal,12-01-2011,14892.66929
6846,Puruliya,14,19,West Bengal,12-01-2011,14943.00572
6847,Kolkata,17,19,West Bengal,12-01-2011,14979.68656
6848,Maldah,6,19,West Bengal,12-01-2011,14879.74412
6849,Nadia,10,19,West Bengal,12-01-2011,14891.79224
6850,North Twenty Four Parganas,11,19,West Bengal,12-01-2011,14855.57551
6851,Medinipur,15,19,West Bengal,12-01-2011,14909.29161
6852,Bokaro,13,20,Jharkhand,12-01-2011,14912.76698
6853,Deoghar,7,20,Jharkhand,12-01-2011,14953.37837
6854,Dhanbad,12,20,Jharkhand,12-01-2011,14925.2161
6855,Dumka,11,20,Jharkhand,12-01-2011,14929.46537
6856,Giridih,6,20,Jharkhand,12-01-2011,14914.51166
6857,Godda,8,20,Jharkhand,12-01-2011,14904.93414
6858,Gumla,16,20,Jharkhand,12-01-2011,14897.69666
6859,Ranchi,14,20,Jharkhand,12-01-2011,14891.14255
6860,Sahibganj,9,20,Jharkhand,12-01-2011,14863.99636
6861,Garhwa,1,20,Jharkhand,12-01-2011,14852.63127
6862,Palamu,2,20,Jharkhand,12-01-2011,14835.57668
6863,Chatra,3,20,Jharkhand,12-01-2011,14854.52027
6864,Hazaribagh,4,20,Jharkhand,12-01-2011,14866.84491
6865,Kodarma,5,20,Jharkhand,12-01-2011,14844.66819
6866,Purbi Singhbhum,18,20,Jharkhand,12-01-2011,14919.02221
6867,Lohardaga,15,20,Jharkhand,12-01-2011,14848.6447
6868,Pakaur,10,20,Jharkhand,12-01-2011,14949.91015
6869,Pashchimi Singhbhum,17,20,Jharkhand,12-01-2011,14873.83462
6870,Anugul,15,21,Orissa,12-01-2011,14939.20347
6871,Bhadrak,9,21,Orissa,12-01-2011,15030.34701
6872,Baudh,22,21,Orissa,12-01-2011,14947.4281
6873,Balangir,24,21,Orissa,12-01-2011,15046.26855
6874,Baleshwar,8,21,Orissa,12-01-2011,14996.57592
6875,Bargarh,1,21,Orissa,12-01-2011,15004.47929
6876,Kendrapara,10,21,Orissa,12-01-2011,14995.12057
6877,Kendujhar,6,21,Orissa,12-01-2011,14941.05688
6878,Debagarh,4,21,Orissa,12-01-2011,14896.32064
6879,Cuttack,12,21,Orissa,12-01-2011,15009.76549
6880,Dhenkanal,14,21,Orissa,12-01-2011,14984.25336
6881,Kalahandi,26,21,Orissa,12-01-2011,15003.1665
6882,Ganjam,19,21,Orissa,12-01-2011,15047.89381
6883,Gajapati,20,21,Orissa,12-01-2011,14941.80824
6884,Rayagada,27,21,Orissa,12-01-2011,14982.20251
6885,Sundargarh,5,21,Orissa,12-01-2011,14892.99452
6886,Sonapur,23,21,Orissa,12-01-2011,15001.35614
6887,Jajapur,13,21,Orissa,12-01-2011,15040.51473
6888,Jagatsinghapur,11,21,Orissa,12-01-2011,14998.22903
6889,Jharsuguda,2,21,Orissa,12-01-2011,14959.28812
6890,Khordha,17,21,Orissa,12-01-2011,15057.18275
6891,Mayurbhanj,7,21,Orissa,12-01-2011,14911.423
6892,Puri,18,21,Orissa,12-01-2011,15000.08644
6893,Koraput,29,21,Orissa,12-01-2011,15068.23071
6894,Malkangiri,30,21,Orissa,12-01-2011,15047.92274
6895,Nabarangapur,28,21,Orissa,12-01-2011,15130.25521
6896,Nayagarh,16,21,Orissa,12-01-2011,14981.80626
6897,Nuapada,25,21,Orissa,12-01-2011,15043.22798
6898,Kandhamal,21,21,Orissa,12-01-2011,14870.5939
6899,Sambalpur,3,21,Orissa,12-01-2011,14908.26741
6900,Bastar,15,22,Chhattisgarh,12-01-2011,15023.86234
6901,Dantewada,16,22,Chhattisgarh,12-01-2011,15015.08943
6902,Dhamtari,13,22,Chhattisgarh,12-01-2011,15004.36397
6903,Durg,10,22,Chhattisgarh,12-01-2011,15062.38527
6904,Kanker,14,22,Chhattisgarh,12-01-2011,15000.55768
6905,Surguja,2,22,Chhattisgarh,12-01-2011,14872.2304
6906,Bilaspur,7,22,Chhattisgarh,12-01-2011,14975.16485
6907,Janjgir - Champa,6,22,Chhattisgarh,12-01-2011,15013.38396
6908,Korba,5,22,Chhattisgarh,12-01-2011,14894.26356
6909,Kawardha,8,22,Chhattisgarh,12-01-2011,15034.51323
6910,Jashpur,3,22,Chhattisgarh,12-01-2011,14923.62482
6911,Koriya,1,22,Chhattisgarh,12-01-2011,14861.53271
6912,Mahasamund,12,22,Chhattisgarh,12-01-2011,15053.5024
6913,Raigarh,4,22,Chhattisgarh,12-01-2011,14963.39669
6914,Raipur,11,22,Chhattisgarh,12-01-2011,15030.48176
6915,Rajnandgaon,9,22,Chhattisgarh,12-01-2011,15029.06907
6916,Hoshangabad,37,23,Madhya Pradesh,12-01-2011,14944.02034
6917,Indore,26,23,Madhya Pradesh,12-01-2011,15043.15849
6918,Bhind,3,23,Madhya Pradesh,12-01-2011,14848.35732
6919,Bhopal,32,23,Madhya Pradesh,12-01-2011,15011.86407
6920,Barwani,28,23,Madhya Pradesh,12-01-2011,15296.83227
6921,Betul,35,23,Madhya Pradesh,12-01-2011,15125.79947
6922,Balaghat,45,23,Madhya Pradesh,12-01-2011,14953.34481
6923,Chhatarpur,9,23,Madhya Pradesh,12-01-2011,14970.23541
6924,Chhindwara,43,23,Madhya Pradesh,12-01-2011,15087.30458
6925,Dewas,23,23,Madhya Pradesh,12-01-2011,15043.9339
6926,Katni,38,23,Madhya Pradesh,12-01-2011,14972.77687
6927,Datia,5,23,Madhya Pradesh,12-01-2011,14927.81873
6928,Damoh,12,23,Madhya Pradesh,12-01-2011,15030.49627
6929,Dhar,25,23,Madhya Pradesh,12-01-2011,15163.49115
6930,East Nimar,29,23,Madhya Pradesh,12-01-2011,15160.04494
6931,Guna,7,23,Madhya Pradesh,12-01-2011,15022.21002
6932,Gwalior,4,23,Madhya Pradesh,12-01-2011,14936.86625
6933,Harda,36,23,Madhya Pradesh,12-01-2011,14987.09729
6934,Shajapur,22,23,Madhya Pradesh,12-01-2011,15049.41246
6935,Shivpuri,6,23,Madhya Pradesh,12-01-2011,14979.2101
6936,Ratlam,20,23,Madhya Pradesh,12-01-2011,15088.55669
6937,Rewa,14,23,Madhya Pradesh,12-01-2011,14948.10083
6938,Sagar,11,23,Madhya Pradesh,12-01-2011,15032.61214
6939,Sidhi,17,23,Madhya Pradesh,12-01-2011,14887.60436
6940,Ujjain,21,23,Madhya Pradesh,12-01-2011,15009.59036
6941,Vidisha,31,23,Madhya Pradesh,12-01-2011,15011.93909
6942,West Nimar,27,23,Madhya Pradesh,12-01-2011,15211.68112
6943,Morena,2,23,Madhya Pradesh,12-01-2011,14888.15683
6944,Sheopur,1,23,Madhya Pradesh,12-01-2011,14982.88223
6945,Dindori,41,23,Madhya Pradesh,12-01-2011,15009.2618
6946,Mandla,42,23,Madhya Pradesh,12-01-2011,14986.19532
6947,Shahdol,16,23,Madhya Pradesh,12-01-2011,14968.95552
6948,Umaria,15,23,Madhya Pradesh,12-01-2011,14923.80476
6949,Jabalpur,39,23,Madhya Pradesh,12-01-2011,14993.15505
6950,Jhabua,24,23,Madhya Pradesh,12-01-2011,15215.89177
6951,Mandsaur,19,23,Madhya Pradesh,12-01-2011,14981.7431
6952,Tikamgarh,8,23,Madhya Pradesh,12-01-2011,14944.19889
6953,Narsimhapur,40,23,Madhya Pradesh,12-01-2011,15006.76044
6954,Neemuch,18,23,Madhya Pradesh,12-01-2011,15014.78814
6955,Panna,10,23,Madhya Pradesh,12-01-2011,14999.07943
6956,Raisen,34,23,Madhya Pradesh,12-01-2011,15020.7406
6957,Rajgarh,30,23,Madhya Pradesh,12-01-2011,15059.63214
6958,Satna,13,23,Madhya Pradesh,12-01-2011,14964.55501
6959,Sehore,33,23,Madhya Pradesh,12-01-2011,15025.26953
6960,Seoni,44,23,Madhya Pradesh,12-01-2011,15062.32973
6961,Anand,15,24,Gujarat,12-01-2011,15118.95964
6962,Ahmadabad,7,24,Gujarat,12-01-2011,15207.96703
6963,Amreli,13,24,Gujarat,12-01-2011,15261.93821
6964,Bhavnagar,14,24,Gujarat,12-01-2011,15252.50661
6965,Banas Kantha,2,24,Gujarat,12-01-2011,15100.90945
6966,Dohad,18,24,Gujarat,12-01-2011,15114.50809
6967,Junagadh,12,24,Gujarat,12-01-2011,15174.31819
6968,Kachchh,1,24,Gujarat,12-01-2011,15150.21727
6969,Gandhinagar,6,24,Gujarat,12-01-2011,15136.27293
6970,Sabar Kantha,5,24,Gujarat,12-01-2011,15080.5894
6971,Surendranagar,8,24,Gujarat,12-01-2011,15229.54504
6972,The Dangs,23,24,Gujarat,12-01-2011,15180.63729
6973,Vadodara,19,24,Gujarat,12-01-2011,15158.86907
6974,Valsad,25,24,Gujarat,12-01-2011,15204.92602
6975,Bharuch,21,24,Gujarat,12-01-2011,15209.83545
6976,Surat,22,24,Gujarat,12-01-2011,15182.6464
6977,Jamnagar,10,24,Gujarat,12-01-2011,15198.98034
6978,Kheda,16,24,Gujarat,12-01-2011,15121.88797
6979,Mahesana,4,24,Gujarat,12-01-2011,15124.52503
6980,Narmada,20,24,Gujarat,12-01-2011,15194.30278
6981,Navsari,24,24,Gujarat,12-01-2011,15179.8893
6982,Panch Mahals,17,24,Gujarat,12-01-2011,15098.58313
6983,Patan,3,24,Gujarat,12-01-2011,15204.70478
6984,Porbandar,11,24,Gujarat,12-01-2011,15183.1158
6985,Rajkot,9,24,Gujarat,12-01-2011,15210.30008
6986,Daman,2,25,Daman & Diu,12-01-2011,15126.85751
6987,Diu,1,25,Daman & Diu,12-01-2011,15100.57382
6988,Hingoli,16,27,Maharashtra,12-01-2011,15248.98524
6989,Aurangabad,19,27,Maharashtra,12-01-2011,15263.07963
6990,Ahmadnagar,26,27,Maharashtra,12-01-2011,15286.80814
6991,Akola,5,27,Maharashtra,12-01-2011,15285.9339
6992,Amravati,7,27,Maharashtra,12-01-2011,15182.08835
6993,Bid,27,27,Maharashtra,12-01-2011,15307.31416
6994,Bhandara,10,27,Maharashtra,12-01-2011,15050.27597
6995,Buldana,4,27,Maharashtra,12-01-2011,15283.13839
6996,Chandrapur,13,27,Maharashtra,12-01-2011,15113.42135
6997,Dhule,2,27,Maharashtra,12-01-2011,15342.13954
6998,Gadchiroli,12,27,Maharashtra,12-01-2011,15012.38292
6999,Gondiya,11,27,Maharashtra,12-01-2011,15012.63654
7000,Ratnagiri,32,27,Maharashtra,12-01-2011,15178.51375
7001,Raigarh,24,27,Maharashtra,12-01-2011,15215.13569
7002,Thane,21,27,Maharashtra,12-01-2011,15250.57224
7003,Solapur,30,27,Maharashtra,12-01-2011,15339.96685
7004,Sindhudurg,33,27,Maharashtra,12-01-2011,15172.73018
7005,Wardha,8,27,Maharashtra,12-01-2011,15190.12085
7006,Washim,6,27,Maharashtra,12-01-2011,15279.95625
7007,Yavatmal,14,27,Maharashtra,12-01-2011,15202.12928
7008,Jalgaon,3,27,Maharashtra,12-01-2011,15233.11313
7009,Jalna,18,27,Maharashtra,12-01-2011,15286.74404
7010,Kolhapur,34,27,Maharashtra,12-01-2011,15123.54977
7011,Latur,28,27,Maharashtra,12-01-2011,15324.03715
7012,Pune,25,27,Maharashtra,12-01-2011,15201.26792
7013,Nagpur,9,27,Maharashtra,12-01-2011,15119.15688
7014,Mumbai,23,27,Maharashtra,12-01-2011,15200.35277
7015,Mumbai (Suburban),22,27,Maharashtra,12-01-2011,15216.08211
7016,Nanded,15,27,Maharashtra,12-01-2011,15275.26416
7017,Nandurbar,1,27,Maharashtra,12-01-2011,15271.43264
7018,Nashik,20,27,Maharashtra,12-01-2011,15293.35894
7019,Osmanabad,29,27,Maharashtra,12-01-2011,15338.89532
7020,Parbhani,17,27,Maharashtra,12-01-2011,15293.48075
7021,Sangli,35,27,Maharashtra,12-01-2011,15368.05176
7022,Satara,31,27,Maharashtra,12-01-2011,15253.42552
7023,Hyderabad,5,28,Andhra Pradesh,12-01-2011,15170.21918
7024,Anantapur,22,28,Andhra Pradesh,12-01-2011,15315.45605
7025,Adilabad,1,28,Andhra Pradesh,12-01-2011,15192.84029
7026,Chittoor,23,28,Andhra Pradesh,12-01-2011,15066.02749
7027,Cuddapah,20,28,Andhra Pradesh,12-01-2011,15133.29999
7028,East Godavari,14,28,Andhra Pradesh,12-01-2011,15051.96434
7029,Karimnagar,3,28,Andhra Pradesh,12-01-2011,15210.2543
7030,Guntur,17,28,Andhra Pradesh,12-01-2011,15154.42267
7031,Rangareddi,6,28,Andhra Pradesh,12-01-2011,15306.95259
7032,Srikakulam,11,28,Andhra Pradesh,12-01-2011,15121.37672
7033,West Godavari,15,28,Andhra Pradesh,12-01-2011,15112.30295
7034,Visakhapatnam,13,28,Andhra Pradesh,12-01-2011,15036.58391
7035,Vizianagaram,12,28,Andhra Pradesh,12-01-2011,15119.1389
7036,Warangal,9,28,Andhra Pradesh,12-01-2011,15185.32732
7037,Khammam,10,28,Andhra Pradesh,12-01-2011,15126.39855
7038,Medak,4,28,Andhra Pradesh,12-01-2011,15282.13104
7039,Krishna,16,28,Andhra Pradesh,12-01-2011,15137.48059
7040,Kurnool,21,28,Andhra Pradesh,12-01-2011,15269.73386
7041,Mahbubnagar,7,28,Andhra Pradesh,12-01-2011,15308.57804
7042,Nalgonda,8,28,Andhra Pradesh,12-01-2011,15271.64768
7043,Nellore,19,28,Andhra Pradesh,12-01-2011,15067.68937
7044,Nizamabad,2,28,Andhra Pradesh,12-01-2011,15223.62262
7045,Prakasam,18,28,Andhra Pradesh,12-01-2011,15183.28897
7046,Hassan,23,29,Karnataka,12-01-2011,15058.45806
7047,Haveri,11,29,Karnataka,12-01-2011,15289.10375
7048,Bagalkot,2,29,Karnataka,12-01-2011,15307.28312
7049,Bangalore,20,29,Karnataka,12-01-2011,15088.6246
7050,Bidar,5,29,Karnataka,12-01-2011,15334.04978
7051,Bijapur,3,29,Karnataka,12-01-2011,15458.60717
7052,Belgaum,1,29,Karnataka,12-01-2011,15234.78261
7053,Bellary,12,29,Karnataka,12-01-2011,15305.50094
7054,Bangalore Rural,21,29,Karnataka,12-01-2011,15112.98471
7055,Chamarajanagar,27,29,Karnataka,12-01-2011,15062.88867
7056,Chikmagalur,17,29,Karnataka,12-01-2011,14990.25588
7057,Chitradurga,13,29,Karnataka,12-01-2011,15334.03957
7058,Dakshina Kannada,24,29,Karnataka,12-01-2011,15094.88841
7059,Davanagere,14,29,Karnataka,12-01-2011,15283.75091
7060,Dharwad,9,29,Karnataka,12-01-2011,15303.24178
7061,Gulbarga,4,29,Karnataka,12-01-2011,15373.67772
7062,Gadag,8,29,Karnataka,12-01-2011,15466.24578
7063,Shimoga,15,29,Karnataka,12-01-2011,15028.00373
7064,Tumkur,18,29,Karnataka,12-01-2011,15214.49806
7065,Udupi,16,29,Karnataka,12-01-2011,15134.56736
7066,Uttara Kannada,10,29,Karnataka,12-01-2011,14999.69889
7067,Kodagu,25,29,Karnataka,12-01-2011,14886.62231
7068,Kolar,19,29,Karnataka,12-01-2011,15136.7646
7069,Mandya,22,29,Karnataka,12-01-2011,15058.47776
7070,Koppal,7,29,Karnataka,12-01-2011,15392.52849
7071,Mysore,26,29,Karnataka,12-01-2011,15087.63758
7072,Raichur,6,29,Karnataka,12-01-2011,15342.09101
7073,South Goa,2,30,Goa,12-01-2011,15115.9022
7074,North Goa,1,30,Goa,12-01-2011,15165.15746
7075,Idukki,9,32,Kerala,12-01-2011,14887.0136
7076,Alappuzha,11,32,Kerala,12-01-2011,15104.22673
7077,Kasaragod,1,32,Kerala,12-01-2011,15168.93188
7078,Kannur,2,32,Kerala,12-01-2011,15141.17674
7079,Ernakulam,8,32,Kerala,12-01-2011,15136.77768
7080,Thrissur,7,32,Kerala,12-01-2011,15074.93616
7081,Thiruvananthapuram,14,32,Kerala,12-01-2011,15095.91288
7082,Wayanad,3,32,Kerala,12-01-2011,14899.67785
7083,Kollam,13,32,Kerala,12-01-2011,15054.85786
7084,Kottayam,10,32,Kerala,12-01-2011,15105.25885
7085,Kozhikode,4,32,Kerala,12-01-2011,15081.19806
7086,Malappuram,5,32,Kerala,12-01-2011,15075.15662
7087,Palakkad,6,32,Kerala,12-01-2011,15011.57166
7088,Pathanamthitta,12,32,Kerala,12-01-2011,15001.2402
7089,Ariyalur,17,33,Tamil Nadu,12-01-2011,15082.94644
7090,Coimbatore,12,33,Tamil Nadu,12-01-2011,15072.24713
7091,Cuddalore,18,33,Tamil Nadu,12-01-2011,15077.57314
7092,Dharmapuri,5,33,Tamil Nadu,12-01-2011,15038.97964
7093,Dindigul,13,33,Tamil Nadu,12-01-2011,15001.06983
7094,Erode,10,33,Tamil Nadu,12-01-2011,15078.96714
7095,Sivaganga,23,33,Tamil Nadu,12-01-2011,15042.31303
7096,Tiruchirappalli,15,33,Tamil Nadu,12-01-2011,15068.44015
7097,Tirunelveli,29,33,Tamil Nadu,12-01-2011,15062.22334
7098,Tiruvannamalai,6,33,Tamil Nadu,12-01-2011,15041.3984
7099,Thoothukkudi,28,33,Tamil Nadu,12-01-2011,15160.40935
7100,Theni,25,33,Tamil Nadu,12-01-2011,15018.58498
7101,Vellore,4,33,Tamil Nadu,12-01-2011,15031.53969
7102,Viluppuram,7,33,Tamil Nadu,12-01-2011,15070.55587
7103,Virudhunagar,26,33,Tamil Nadu,12-01-2011,15144.36193
7104,Chennai,2,33,Tamil Nadu,12-01-2011,15178.76935
7105,Kancheepuram,3,33,Tamil Nadu,12-01-2011,15052.62895
7106,Thiruvallur,1,33,Tamil Nadu,12-01-2011,15065.07941
7107,Thanjavur,21,33,Tamil Nadu,12-01-2011,15038.6438
7108,Thiruvarur,20,33,Tamil Nadu,12-01-2011,15000.98545
7109,Nagapattinam,19,33,Tamil Nadu,12-01-2011,15011.35136
7110,Kanniyakumari,30,33,Tamil Nadu,12-01-2011,15058.28007
7111,Karur,14,33,Tamil Nadu,12-01-2011,15159.46589
7112,Madurai,24,33,Tamil Nadu,12-01-2011,15076.638
7113,Namakkal,9,33,Tamil Nadu,12-01-2011,15133.16287
7114,The Nilgiris,11,33,Tamil Nadu,12-01-2011,14828.35655
7115,Perambalur,16,33,Tamil Nadu,12-01-2011,15103.96813
7116,Pudukkottai,22,33,Tamil Nadu,12-01-2011,15024.88515
7117,Ramanathapuram,27,33,Tamil Nadu,12-01-2011,15085.24385
7118,Salem,8,33,Tamil Nadu,12-01-2011,15055.40274
7119,Yanam,1,34,Puducherry,12-01-2011,15042.42641
7120,Karaikal,4,34,Puducherry,12-01-2011,15024.43771
7121,Mahe,3,34,Puducherry,12-01-2011,15135.70658
7122,Pondicherry,2,34,Puducherry,12-01-2011,15070.185
7123,Nicobars,2,35,Andaman & Nicobar Island,12-01-2011,14919.99697
7124,Andamans,1,35,Andaman & Nicobar Island,12-01-2011,14968.62349
0,Lakshadweep,1,31,Lakshadweep,01-01-2012,15034.65411
1,Chandigarh,1,4,Chandigarh,01-01-2012,14533.50695
2,Dadra & Nagar Haveli,1,26,Dadara & Nagar Havelli,01-01-2012,15176.62679
3,North Goa,1,30,Goa,01-01-2012,15162.43878
4,South Goa,2,30,Goa,01-01-2012,15120.90469
5,Jorhat,17,18,Assam,01-01-2012,14706.27756
6,Karimganj,22,18,Assam,01-01-2012,14760.0809
7,Kokrajhar,1,18,Assam,01-01-2012,14761.51824
8,Lakhimpur,12,18,Assam,01-01-2012,14757.98386
9,Nagaon,10,18,Assam,01-01-2012,14751.13521
10,Marigaon,9,18,Assam,01-01-2012,14751.58235
11,Nalbari,7,18,Assam,01-01-2012,14758.1194
12,North Cachar Hills,20,18,Assam,01-01-2012,14582.19799
13,Sonitpur,11,18,Assam,01-01-2012,14752.56292
14,Sibsagar,16,18,Assam,01-01-2012,14697.82037
15,Tinsukia,14,18,Assam,01-01-2012,14667.14016
16,Barpeta,5,18,Assam,01-01-2012,14729.99537
17,Bongaigaon,4,18,Assam,01-01-2012,14743.9391
18,Cachar,21,18,Assam,01-01-2012,14729.10617
19,Darrang,8,18,Assam,01-01-2012,14755.50699
20,Dhemaji,13,18,Assam,01-01-2012,14749.52977
21,Dhubri,2,18,Assam,01-01-2012,14751.7438
22,Dibrugarh,15,18,Assam,01-01-2012,14710.63631
23,Kamrup,6,18,Assam,01-01-2012,14697.83144
24,Karbi Anglong,19,18,Assam,01-01-2012,14598.33799
25,Goalpara,3,18,Assam,01-01-2012,14720.74695
26,Golaghat,18,18,Assam,01-01-2012,14716.63915
27,Hailakandi,23,18,Assam,01-01-2012,14751.36461
28,Jamui,37,10,Bihar,01-01-2012,14771.85166
29,Kishanganj,8,10,Bihar,01-01-2012,14786.31353
30,Muzaffarpur,14,10,Bihar,01-01-2012,14645.98985
31,Purnia,9,10,Bihar,01-01-2012,14715.46138
32,Khagaria,21,10,Bihar,01-01-2012,14645.83713
33,Madhubani,5,10,Bihar,01-01-2012,14687.59932
34,Lakhisarai,25,10,Bihar,01-01-2012,14733.59912
35,Madhepura,11,10,Bihar,01-01-2012,14669.65576
36,Purba Champaran,2,10,Bihar,01-01-2012,14645.16889
37,Munger,24,10,Bihar,01-01-2012,14708.64668
38,Nalanda,27,10,Bihar,01-01-2012,14735.46108
39,Nawada,36,10,Bihar,01-01-2012,14736.76416
40,Pashchim Champaran,1,10,Bihar,01-01-2012,14650.60485
41,Patna,28,10,Bihar,01-01-2012,14715.99479
42,Samastipur,19,10,Bihar,01-01-2012,14654.9224
43,Sheikhpura,26,10,Bihar,01-01-2012,14775.06974
44,Sheohar,3,10,Bihar,01-01-2012,14640.02172
45,Saharsa,12,10,Bihar,01-01-2012,14653.19805
46,Sitamarhi,4,10,Bihar,01-01-2012,14649.38952
47,Siwan,16,10,Bihar,01-01-2012,14632.62674
48,Supaul,6,10,Bihar,01-01-2012,14662.47547
49,Vaishali,18,10,Bihar,01-01-2012,14625.95203
50,Kaimur (Bhabua),31,10,Bihar,01-01-2012,14776.20662
51,Gaya,35,10,Bihar,01-01-2012,14792.08552
52,Bhojpur,29,10,Bihar,01-01-2012,14739.55912
53,Buxar,30,10,Bihar,01-01-2012,14725.35846
54,Jehanabad,33,10,Bihar,01-01-2012,14767.45993
55,Rohtas,32,10,Bihar,01-01-2012,14756.41601
56,Araria,7,10,Bihar,01-01-2012,14704.26096
57,Aurangabad,34,10,Bihar,01-01-2012,14808.65417
58,Banka,23,10,Bihar,01-01-2012,14793.93391
59,Bhagalpur,22,10,Bihar,01-01-2012,14682.17206
60,Begusarai,20,10,Bihar,01-01-2012,14630.50629
61,Saran,17,10,Bihar,01-01-2012,14632.32973
62,Katihar,10,10,Bihar,01-01-2012,14663.52698
63,Darbhanga,13,10,Bihar,01-01-2012,14670.59868
64,Gopalganj,15,10,Bihar,01-01-2012,14644.68865
65,Kollam,13,32,Kerala,01-01-2012,15077.85818
66,Kottayam,10,32,Kerala,01-01-2012,15142.88908
67,Kozhikode,4,32,Kerala,01-01-2012,15123.02681
68,Malappuram,5,32,Kerala,01-01-2012,15118.079
69,Palakkad,6,32,Kerala,01-01-2012,15047.92329
70,Pathanamthitta,12,32,Kerala,01-01-2012,15031.80544
71,Idukki,9,32,Kerala,01-01-2012,14933.08479
72,Thrissur,7,32,Kerala,01-01-2012,15119.21024
73,Thiruvananthapuram,14,32,Kerala,01-01-2012,15102.14476
74,Wayanad,3,32,Kerala,01-01-2012,14956.27061
75,Alappuzha,11,32,Kerala,01-01-2012,15104.59154
76,Kasaragod,1,32,Kerala,01-01-2012,15182.60533
77,Kannur,2,32,Kerala,01-01-2012,15159.78482
78,Ernakulam,8,32,Kerala,01-01-2012,15177.73158
79,Jajapur,13,21,Orissa,01-01-2012,14922.88561
80,Jagatsinghapur,11,21,Orissa,01-01-2012,15001.84137
81,Jharsuguda,2,21,Orissa,01-01-2012,14851.64714
82,Khordha,17,21,Orissa,01-01-2012,14997.98433
83,Mayurbhanj,7,21,Orissa,01-01-2012,14814.27422
84,Puri,18,21,Orissa,01-01-2012,15014.89511
85,Koraput,29,21,Orissa,01-01-2012,15028.605
86,Malkangiri,30,21,Orissa,01-01-2012,15062.5171
87,Nabarangapur,28,21,Orissa,01-01-2012,15067.6033
88,Nayagarh,16,21,Orissa,01-01-2012,14927.41464
89,Nuapada,25,21,Orissa,01-01-2012,15011.32627
90,Kandhamal,21,21,Orissa,01-01-2012,14840.86208
91,Sambalpur,3,21,Orissa,01-01-2012,14817.12775
92,Rayagada,27,21,Orissa,01-01-2012,14941.49852
93,Sundargarh,5,21,Orissa,01-01-2012,14788.46712
94,Sonapur,23,21,Orissa,01-01-2012,14936.98704
95,Anugul,15,21,Orissa,01-01-2012,14862.20312
96,Bhadrak,9,21,Orissa,01-01-2012,14926.24922
97,Baudh,22,21,Orissa,01-01-2012,14907.86217
98,Balangir,24,21,Orissa,01-01-2012,15005.44447
99,Baleshwar,8,21,Orissa,01-01-2012,14862.76742
100,Bargarh,1,21,Orissa,01-01-2012,14905.67389
101,Kendrapara,10,21,Orissa,01-01-2012,14951.35133
102,Kendujhar,6,21,Orissa,01-01-2012,14852.47411
103,Debagarh,4,21,Orissa,01-01-2012,14790.20561
104,Cuttack,12,21,Orissa,01-01-2012,14948.93985
105,Dhenkanal,14,21,Orissa,01-01-2012,14907.82921
106,Kalahandi,26,21,Orissa,01-01-2012,15002.92619
107,Ganjam,19,21,Orissa,01-01-2012,15014.30861
108,Gajapati,20,21,Orissa,01-01-2012,14945.89525
109,Jalandhar,4,3,Punjab,01-01-2012,14417.70095
110,Kapurthala,3,3,Punjab,01-01-2012,14403.84488
111,Ludhiana,9,3,Punjab,01-01-2012,14440.54319
112,Mansa,15,3,Punjab,01-01-2012,14540.29418
113,Moga,10,3,Punjab,01-01-2012,14430.07785
114,Muktsar,12,3,Punjab,01-01-2012,14545.81297
115,Nawanshahr,6,3,Punjab,01-01-2012,14442.75894
116,Patiala,17,3,Punjab,01-01-2012,14449.48218
117,Sangrur,16,3,Punjab,01-01-2012,14446.69499
118,Hoshiarpur,5,3,Punjab,01-01-2012,14427.68066
119,Rupnagar,7,3,Punjab,01-01-2012,14462.93736
120,Amritsar,2,3,Punjab,01-01-2012,14412.34614
121,Firozpur,11,3,Punjab,01-01-2012,14512.47476
122,Bathinda,14,3,Punjab,01-01-2012,14574.00901
123,Gurdaspur,1,3,Punjab,01-01-2012,14402.45108
124,Faridkot,13,3,Punjab,01-01-2012,14471.40613
125,Fatehgarh Sahib,8,3,Punjab,01-01-2012,14439.2668
126,North,1,11,Sikkim,01-01-2012,13454.28502
127,South,3,11,Sikkim,01-01-2012,14190.18413
128,West,2,11,Sikkim,01-01-2012,13990.01153
129,East,4,11,Sikkim,01-01-2012,14052.61151
130,Jamnagar,10,24,Gujarat,01-01-2012,15121.77591
131,Kheda,16,24,Gujarat,01-01-2012,14975.6718
132,Mahesana,4,24,Gujarat,01-01-2012,14944.91252
133,Narmada,20,24,Gujarat,01-01-2012,15115.5841
134,Navsari,24,24,Gujarat,01-01-2012,15097.63022
135,Panch Mahals,17,24,Gujarat,01-01-2012,14973.31081
136,Patan,3,24,Gujarat,01-01-2012,15045.46018
137,Porbandar,11,24,Gujarat,01-01-2012,15099.17124
138,Rajkot,9,24,Gujarat,01-01-2012,15121.36874
139,Sabar Kantha,5,24,Gujarat,01-01-2012,14914.21498
140,Surendranagar,8,24,Gujarat,01-01-2012,15098.55485
141,The Dangs,23,24,Gujarat,01-01-2012,15114.56485
142,Vadodara,19,24,Gujarat,01-01-2012,15047.07926
143,Valsad,25,24,Gujarat,01-01-2012,15131.45516
144,Bharuch,21,24,Gujarat,01-01-2012,15114.11558
145,Surat,22,24,Gujarat,01-01-2012,15106.34536
146,Anand,15,24,Gujarat,01-01-2012,14935.61636
147,Ahmadabad,7,24,Gujarat,01-01-2012,15056.14522
148,Amreli,13,24,Gujarat,01-01-2012,15182.34089
149,Bhavnagar,14,24,Gujarat,01-01-2012,15182.48409
150,Banas Kantha,2,24,Gujarat,01-01-2012,14934.4064
151,Dohad,18,24,Gujarat,01-01-2012,14980.95792
152,Junagadh,12,24,Gujarat,01-01-2012,15079.68053
153,Kachchh,1,24,Gujarat,01-01-2012,15038.52441
154,Gandhinagar,6,24,Gujarat,01-01-2012,14974.92122
155,Jind,9,6,Haryana,01-01-2012,14501.79905
156,Kaithal,5,6,Haryana,01-01-2012,14451.6181
157,Karnal,6,6,Haryana,01-01-2012,14451.6502
158,Kurukshetra,4,6,Haryana,01-01-2012,14465.25957
159,Panchkula,1,6,Haryana,01-01-2012,14499.8856
160,Panipat,7,6,Haryana,01-01-2012,14483.15259
161,Hisar,12,6,Haryana,01-01-2012,14560.87744
162,Rohtak,14,6,Haryana,01-01-2012,14524.44511
163,Sirsa,11,6,Haryana,01-01-2012,14585.36523
164,Sonipat,8,6,Haryana,01-01-2012,14494.39765
165,Yamunanagar,3,6,Haryana,01-01-2012,14489.06363
166,Jhajjar,15,6,Haryana,01-01-2012,14522.78395
167,Mahendragarh,16,6,Haryana,01-01-2012,14559.65562
168,Rewari,17,6,Haryana,01-01-2012,14524.20892
169,Bhiwani,13,6,Haryana,01-01-2012,14590.70556
170,Ambala,2,6,Haryana,01-01-2012,14480.23357
171,Gurgaon,18,6,Haryana,01-01-2012,14559.87381
172,Faridabad,19,6,Haryana,01-01-2012,14521.0817
173,Fatehabad,10,6,Haryana,01-01-2012,14525.24497
174,Imphal East,7,14,Manipur,01-01-2012,14681.83653
175,Imphal West,6,14,Manipur,01-01-2012,14639.74011
176,Senapati (Excl. 3 sub-divisions),1,14,Manipur,01-01-2012,14448.53793
177,Tamenglong,2,14,Manipur,01-01-2012,14488.56692
178,Thoubal,5,14,Manipur,01-01-2012,14657.24944
179,Ukhrul,8,14,Manipur,01-01-2012,14465.19313
180,Bishnupur,4,14,Manipur,01-01-2012,14610.08758
181,Chandel,9,14,Manipur,01-01-2012,14543.21949
182,Churachandpur,3,14,Manipur,01-01-2012,14522.6094
183,Kolasib,2,15,Mizoram,01-01-2012,14625.15832
184,Mamit,1,15,Mizoram,01-01-2012,14634.07885
185,Lunglei,6,15,Mizoram,01-01-2012,14623.8889
186,Lawngtlai,7,15,Mizoram,01-01-2012,14702.50434
187,Saiha,8,15,Mizoram,01-01-2012,14618.57114
188,Serchhip,5,15,Mizoram,01-01-2012,14569.19234
189,Aizawl,3,15,Mizoram,01-01-2012,14576.53037
190,Champhai,4,15,Mizoram,01-01-2012,14530.11475
191,North Tripura,4,16,Tripura,01-01-2012,14727.0483
192,South Tripura,2,16,Tripura,01-01-2012,14795.78521
193,West Tripura,1,16,Tripura,01-01-2012,14804.65929
194,Dhalai,3,16,Tripura,01-01-2012,14733.95141
195,Mokokchung,3,13,Nagaland,01-01-2012,14495.22276
196,Mon,1,13,Nagaland,01-01-2012,14501.25299
197,Phek,8,13,Nagaland,01-01-2012,14349.57273
198,Tuensang,2,13,Nagaland,01-01-2012,14349.12113
199,Wokha,5,13,Nagaland,01-01-2012,14506.61741
200,Zunheboto,4,13,Nagaland,01-01-2012,14383.96719
201,Dimapur,6,13,Nagaland,01-01-2012,14628.58295
202,Kohima,7,13,Nagaland,01-01-2012,14464.83494
203,Purbi Singhbhum,18,20,Jharkhand,01-01-2012,14819.16067
204,Lohardaga,15,20,Jharkhand,01-01-2012,14672.34336
205,Pakaur,10,20,Jharkhand,01-01-2012,14853.50208
206,Pashchimi Singhbhum,17,20,Jharkhand,01-01-2012,14753.29346
207,Ranchi,14,20,Jharkhand,01-01-2012,14718.02659
208,Sahibganj,9,20,Jharkhand,01-01-2012,14755.1835
209,Garhwa,1,20,Jharkhand,01-01-2012,14732.10338
210,Palamu,2,20,Jharkhand,01-01-2012,14711.18255
211,Chatra,3,20,Jharkhand,01-01-2012,14719.06973
212,Hazaribagh,4,20,Jharkhand,01-01-2012,14715.24004
213,Kodarma,5,20,Jharkhand,01-01-2012,14736.71636
214,Bokaro,13,20,Jharkhand,01-01-2012,14767.35069
215,Deoghar,7,20,Jharkhand,01-01-2012,14843.75171
216,Dhanbad,12,20,Jharkhand,01-01-2012,14839.17213
217,Dumka,11,20,Jharkhand,01-01-2012,14849.06395
218,Giridih,6,20,Jharkhand,01-01-2012,14786.99944
219,Godda,8,20,Jharkhand,01-01-2012,14784.79863
220,Gumla,16,20,Jharkhand,01-01-2012,14725.98311
221,Kodagu,25,29,Karnataka,01-01-2012,14932.17513
222,Kolar,19,29,Karnataka,01-01-2012,15232.53421
223,Mandya,22,29,Karnataka,01-01-2012,15154.35357
224,Koppal,7,29,Karnataka,01-01-2012,15437.11486
225,Mysore,26,29,Karnataka,01-01-2012,15225.69547
226,Raichur,6,29,Karnataka,01-01-2012,15377.2688
227,Hassan,23,29,Karnataka,01-01-2012,15167.93093
228,Haveri,11,29,Karnataka,01-01-2012,15390.91869
229,Shimoga,15,29,Karnataka,01-01-2012,15119.40633
230,Tumkur,18,29,Karnataka,01-01-2012,15330.08578
231,Udupi,16,29,Karnataka,01-01-2012,15147.94473
232,Uttara Kannada,10,29,Karnataka,01-01-2012,15029.69482
233,Bagalkot,2,29,Karnataka,01-01-2012,15355.75483
234,Bangalore,20,29,Karnataka,01-01-2012,15173.05392
235,Bidar,5,29,Karnataka,01-01-2012,15341.3759
236,Bijapur,3,29,Karnataka,01-01-2012,15502.51702
237,Belgaum,1,29,Karnataka,01-01-2012,15290.80792
238,Bellary,12,29,Karnataka,01-01-2012,15375.85899
239,Bangalore Rural,21,29,Karnataka,01-01-2012,15219.95517
240,Chamarajanagar,27,29,Karnataka,01-01-2012,15190.89086
241,Chikmagalur,17,29,Karnataka,01-01-2012,15091.4524
242,Chitradurga,13,29,Karnataka,01-01-2012,15444.47375
243,Dakshina Kannada,24,29,Karnataka,01-01-2012,15118.2801
244,Davanagere,14,29,Karnataka,01-01-2012,15400.92056
245,Dharwad,9,29,Karnataka,01-01-2012,15379.96011
246,Gulbarga,4,29,Karnataka,01-01-2012,15406.9033
247,Gadag,8,29,Karnataka,01-01-2012,15528.59142
248,Jaintia Hills,7,17,Meghalaya,01-01-2012,14563.49641
249,Ri Bhoi,5,17,Meghalaya,01-01-2012,14567.33328
250,South Garo Hills,3,17,Meghalaya,01-01-2012,14664.75401
251,West Garo Hills,1,17,Meghalaya,01-01-2012,14721.60988
252,West Khasi Hills,4,17,Meghalaya,01-01-2012,14537.85259
253,East Garo Hills,2,17,Meghalaya,01-01-2012,14642.54873
254,East Khasi Hills,6,17,Meghalaya,01-01-2012,14529.76849
255,Jaipur,12,8,Rajasthan,01-01-2012,14790.522
256,Jaisalmer,16,8,Rajasthan,01-01-2012,15081.3311
257,Jalor,18,8,Rajasthan,01-01-2012,14989.83101
258,Jhalawar,32,8,Rajasthan,01-01-2012,14852.27145
259,Jhunjhunun,5,8,Rajasthan,01-01-2012,14753.1169
260,Jodhpur,15,8,Rajasthan,01-01-2012,15013.10871
261,Kota,30,8,Rajasthan,01-01-2012,14744.44117
262,Nagaur,14,8,Rajasthan,01-01-2012,14947.25528
263,Pali,20,8,Rajasthan,01-01-2012,14979.66145
264,Rajsamand,25,8,Rajasthan,01-01-2012,14802.5868
265,Sawai Madhopur,10,8,Rajasthan,01-01-2012,14692.6341
266,Sirohi,19,8,Rajasthan,01-01-2012,14900.4792
267,Tonk,22,8,Rajasthan,01-01-2012,14766.35409
268,Sikar,13,8,Rajasthan,01-01-2012,14789.42961
269,Alwar,6,8,Rajasthan,01-01-2012,14622.46364
270,Udaipur,26,8,Rajasthan,01-01-2012,14869.18238
271,Ganganagar,1,8,Rajasthan,01-01-2012,14707.30625
272,Hanumangarh,2,8,Rajasthan,01-01-2012,14780.71138
273,Baran,31,8,Rajasthan,01-01-2012,14784.79265
274,Ajmer,21,8,Rajasthan,01-01-2012,14885.58413
275,Banswara,28,8,Rajasthan,01-01-2012,14964.92125
276,Barmer,17,8,Rajasthan,01-01-2012,15071.61549
277,Bhilwara,24,8,Rajasthan,01-01-2012,14862.55788
278,Bikaner,3,8,Rajasthan,01-01-2012,15002.95193
279,Bharatpur,7,8,Rajasthan,01-01-2012,14590.34717
280,Bundi,23,8,Rajasthan,01-01-2012,14733.25476
281,Chittaurgarh,29,8,Rajasthan,01-01-2012,14847.81104
282,Churu,4,8,Rajasthan,01-01-2012,14946.62833
283,Dausa,11,8,Rajasthan,01-01-2012,14729.47121
284,Dhaulpur,8,8,Rajasthan,01-01-2012,14683.47715
285,Dungarpur,27,8,Rajasthan,01-01-2012,14932.72341
286,Karauli,9,8,Rajasthan,01-01-2012,14735.8448
287,Pondicherry,2,34,Puducherry,01-01-2012,15129.33687
288,Yanam,1,34,Puducherry,01-01-2012,15069.08094
289,Karaikal,4,34,Puducherry,01-01-2012,15046.10119
290,Mahe,3,34,Puducherry,01-01-2012,15141.35428
291,Kanniyakumari,30,33,Tamil Nadu,01-01-2012,15079.1314
292,Karur,14,33,Tamil Nadu,01-01-2012,15239.29573
293,Madurai,24,33,Tamil Nadu,01-01-2012,15121.7528
294,Namakkal,9,33,Tamil Nadu,01-01-2012,15219.6907
295,The Nilgiris,11,33,Tamil Nadu,01-01-2012,14886.88003
296,Perambalur,16,33,Tamil Nadu,01-01-2012,15142.97702
297,Pudukkottai,22,33,Tamil Nadu,01-01-2012,15128.41625
298,Ramanathapuram,27,33,Tamil Nadu,01-01-2012,15198.21656
299,Salem,8,33,Tamil Nadu,01-01-2012,15113.62291
300,Sivaganga,23,33,Tamil Nadu,01-01-2012,15153.34977
301,Tiruchirappalli,15,33,Tamil Nadu,01-01-2012,15146.98363
302,Tirunelveli,29,33,Tamil Nadu,01-01-2012,15104.71719
303,Tiruvannamalai,6,33,Tamil Nadu,01-01-2012,15067.88856
304,Thoothukkudi,28,33,Tamil Nadu,01-01-2012,15238.4841
305,Theni,25,33,Tamil Nadu,01-01-2012,15031.19688
306,Vellore,4,33,Tamil Nadu,01-01-2012,15073.44215
307,Viluppuram,7,33,Tamil Nadu,01-01-2012,15077.68512
308,Virudhunagar,26,33,Tamil Nadu,01-01-2012,15237.85449
309,Chennai,2,33,Tamil Nadu,01-01-2012,15167.84407
310,Kancheepuram,3,33,Tamil Nadu,01-01-2012,15070.4747
311,Thiruvallur,1,33,Tamil Nadu,01-01-2012,15113.74915
312,Thanjavur,21,33,Tamil Nadu,01-01-2012,15066.52545
313,Thiruvarur,20,33,Tamil Nadu,01-01-2012,15039.96843
314,Nagapattinam,19,33,Tamil Nadu,01-01-2012,15027.69375
315,Ariyalur,17,33,Tamil Nadu,01-01-2012,15109.32305
316,Coimbatore,12,33,Tamil Nadu,01-01-2012,15112.34917
317,Cuddalore,18,33,Tamil Nadu,01-01-2012,15119.48412
318,Dharmapuri,5,33,Tamil Nadu,01-01-2012,15132.44641
319,Dindigul,13,33,Tamil Nadu,01-01-2012,15046.60909
320,Erode,10,33,Tamil Nadu,01-01-2012,15137.60463
321,Daman,2,25,Daman & Diu,01-01-2012,15025.80565
322,Diu,1,25,Daman & Diu,01-01-2012,14989.61861
323,Jalgaon,3,27,Maharashtra,01-01-2012,15167.29764
324,Jalna,18,27,Maharashtra,01-01-2012,15242.99645
325,Kolhapur,34,27,Maharashtra,01-01-2012,15181.24217
326,Latur,28,27,Maharashtra,01-01-2012,15288.93282
327,Pune,25,27,Maharashtra,01-01-2012,15201.82274
328,Nagpur,9,27,Maharashtra,01-01-2012,15033.27409
329,Mumbai,23,27,Maharashtra,01-01-2012,15099.3572
330,Mumbai (Suburban),22,27,Maharashtra,01-01-2012,15123.50228
331,Nanded,15,27,Maharashtra,01-01-2012,15250.10805
332,Nandurbar,1,27,Maharashtra,01-01-2012,15184.57297
333,Nashik,20,27,Maharashtra,01-01-2012,15223.0374
334,Osmanabad,29,27,Maharashtra,01-01-2012,15310.50355
335,Parbhani,17,27,Maharashtra,01-01-2012,15244.71069
336,Sangli,35,27,Maharashtra,01-01-2012,15401.2425
337,Satara,31,27,Maharashtra,01-01-2012,15274.03788
338,Hingoli,16,27,Maharashtra,01-01-2012,15202.79953
339,Ratnagiri,32,27,Maharashtra,01-01-2012,15181.29639
340,Raigarh,24,27,Maharashtra,01-01-2012,15189.21779
341,Thane,21,27,Maharashtra,01-01-2012,15211.00915
342,Solapur,30,27,Maharashtra,01-01-2012,15340.27452
343,Sindhudurg,33,27,Maharashtra,01-01-2012,15184.03918
344,Wardha,8,27,Maharashtra,01-01-2012,15152.87264
345,Washim,6,27,Maharashtra,01-01-2012,15235.89328
346,Yavatmal,14,27,Maharashtra,01-01-2012,15204.87554
347,Aurangabad,19,27,Maharashtra,01-01-2012,15214.14508
348,Ahmadnagar,26,27,Maharashtra,01-01-2012,15264.83606
349,Akola,5,27,Maharashtra,01-01-2012,15237.1123
350,Amravati,7,27,Maharashtra,01-01-2012,15134.53147
351,Bid,27,27,Maharashtra,01-01-2012,15271.27814
352,Bhandara,10,27,Maharashtra,01-01-2012,14948.87311
353,Buldana,4,27,Maharashtra,01-01-2012,15231.46383
354,Chandrapur,13,27,Maharashtra,01-01-2012,15082.02254
355,Dhule,2,27,Maharashtra,01-01-2012,15242.82229
356,Gadchiroli,12,27,Maharashtra,01-01-2012,14987.4443
357,Gondiya,11,27,Maharashtra,01-01-2012,14889.97448
358,Nainital,11,5,Uttarakhand,01-01-2012,14447.26175
359,Pithoragarh,7,5,Uttarakhand,01-01-2012,13525.21342
360,Hardwar,13,5,Uttarakhand,01-01-2012,14558.80479
361,Rudraprayag,3,5,Uttarakhand,01-01-2012,13853.12626
362,Tehri Garhwal,4,5,Uttarakhand,01-01-2012,14112.14115
363,Udham Singh Nagar,12,5,Uttarakhand,01-01-2012,14545.30985
364,Uttarkashi,1,5,Uttarakhand,01-01-2012,13448.10121
365,Bageshwar,8,5,Uttarakhand,01-01-2012,14013.78165
366,Almora,9,5,Uttarakhand,01-01-2012,14337.66936
367,Chamoli,2,5,Uttarakhand,01-01-2012,13442.45851
368,Champawat,10,5,Uttarakhand,01-01-2012,14355.21694
369,Dehradun,5,5,Uttarakhand,01-01-2012,14370.01031
370,Garhwal,6,5,Uttarakhand,01-01-2012,14359.13037
371,Jalpaiguri,2,19,West Bengal,01-01-2012,14724.43051
372,Koch Bihar,3,19,West Bengal,01-01-2012,14730.48198
373,Murshidabad,7,19,West Bengal,01-01-2012,14744.24216
374,Puruliya,14,19,West Bengal,01-01-2012,14793.30723
375,Kolkata,17,19,West Bengal,01-01-2012,14893.4056
376,Maldah,6,19,West Bengal,01-01-2012,14717.77899
377,Nadia,10,19,West Bengal,01-01-2012,14758.96969
378,North Twenty Four Parganas,11,19,West Bengal,01-01-2012,14757.17605
379,Medinipur,15,19,West Bengal,01-01-2012,14799.12342
380,Hugli,12,19,West Bengal,01-01-2012,14768.74213
381,South  Twenty Four Parganas,18,19,West Bengal,01-01-2012,14785.66596
382,Uttar Dinajpur,4,19,West Bengal,01-01-2012,14756.50188
383,Barddhaman,9,19,West Bengal,01-01-2012,14795.26102
384,Birbhum,8,19,West Bengal,01-01-2012,14841.46403
385,Bankura,13,19,West Bengal,01-01-2012,14797.30113
386,Dakshin Dinajpur,5,19,West Bengal,01-01-2012,14796.77299
387,Darjiling,1,19,West Bengal,01-01-2012,14472.16846
388,Haora,16,19,West Bengal,01-01-2012,14782.49157
389,Jashpur,3,22,Chhattisgarh,01-01-2012,14725.08132
390,Koriya,1,22,Chhattisgarh,01-01-2012,14695.64247
391,Mahasamund,12,22,Chhattisgarh,01-01-2012,14928.94407
392,Raigarh,4,22,Chhattisgarh,01-01-2012,14799.74593
393,Raipur,11,22,Chhattisgarh,01-01-2012,14927.34251
394,Rajnandgaon,9,22,Chhattisgarh,01-01-2012,14892.76148
395,Surguja,2,22,Chhattisgarh,01-01-2012,14704.37369
396,Bilaspur,7,22,Chhattisgarh,01-01-2012,14796.81567
397,Janjgir - Champa,6,22,Chhattisgarh,01-01-2012,14854.0718
398,Korba,5,22,Chhattisgarh,01-01-2012,14735.7427
399,Kawardha,8,22,Chhattisgarh,01-01-2012,14845.53723
400,Bastar,15,22,Chhattisgarh,01-01-2012,14957.27195
401,Dantewada,16,22,Chhattisgarh,01-01-2012,14986.90565
402,Dhamtari,13,22,Chhattisgarh,01-01-2012,14919.36712
403,Durg,10,22,Chhattisgarh,01-01-2012,14908.19575
404,Kanker,14,22,Chhattisgarh,01-01-2012,14930.98268
405,Central,6,7,Delhi  & NCR,01-01-2012,14597.87855
406,East,4,7,Delhi  & NCR,01-01-2012,14601.84142
407,New Delhi,5,7,Delhi  & NCR,01-01-2012,14579.16372
408,North,2,7,Delhi  & NCR,01-01-2012,14580.56507
409,North East,3,7,Delhi  & NCR,01-01-2012,14585.05827
410,North West,1,7,Delhi  & NCR,01-01-2012,14572.65362
411,South,9,7,Delhi  & NCR,01-01-2012,14589.08397
412,South West,8,7,Delhi  & NCR,01-01-2012,14565.01457
413,West,7,7,Delhi  & NCR,01-01-2012,14587.49444
414,Jalaun,35,9,Uttar Pradesh,01-01-2012,14639.17186
415,Jaunpur,64,9,Uttar Pradesh,01-01-2012,14656.90019
416,Jhansi,36,9,Uttar Pradesh,01-01-2012,14665.22505
417,Jyotiba Phule Nagar,6,9,Uttar Pradesh,01-01-2012,14560.21375
418,Kannauj,30,9,Uttar Pradesh,01-01-2012,14570.38317
419,Kanpur Nagar,34,9,Uttar Pradesh,01-01-2012,14641.09364
420,Kaushambi,44,9,Uttar Pradesh,01-01-2012,14649.80536
421,Kheri,23,9,Uttar Pradesh,01-01-2012,14576.67787
422,Mirzapur,69,9,Uttar Pradesh,01-01-2012,14753.44113
423,Moradabad,4,9,Uttar Pradesh,01-01-2012,14546.44788
424,Muzaffarnagar,2,9,Uttar Pradesh,01-01-2012,14537.69702
425,Rae Bareli,28,9,Uttar Pradesh,01-01-2012,14611.76129
426,Kushinagar,59,9,Uttar Pradesh,01-01-2012,14639.72373
427,Lucknow,27,9,Uttar Pradesh,01-01-2012,14602.0098
428,Lalitpur,37,9,Uttar Pradesh,01-01-2012,14675.02047
429,Mahrajganj,57,9,Uttar Pradesh,01-01-2012,14607.9558
430,Mahoba,39,9,Uttar Pradesh,01-01-2012,14692.23873
431,Mainpuri,18,9,Uttar Pradesh,01-01-2012,14575.11423
432,Mathura,14,9,Uttar Pradesh,01-01-2012,14526.61725
433,Mau,62,9,Uttar Pradesh,01-01-2012,14648.72946
434,Meerut,7,9,Uttar Pradesh,01-01-2012,14546.55699
435,Pilibhit,21,9,Uttar Pradesh,01-01-2012,14530.09218
436,Pratapgarh,43,9,Uttar Pradesh,01-01-2012,14638.77653
437,Rampur,5,9,Uttar Pradesh,01-01-2012,14538.36984
438,Sant Ravidas Nagar Bhadohi,68,9,Uttar Pradesh,01-01-2012,14657.53604
439,Sant Kabir Nagar,56,9,Uttar Pradesh,01-01-2012,14605.47228
440,Shahjahanpur,22,9,Uttar Pradesh,01-01-2012,14542.46662
441,Hathras,13,9,Uttar Pradesh,01-01-2012,14534.33863
442,Shrawasti,51,9,Uttar Pradesh,01-01-2012,14596.58728
443,Saharanpur,1,9,Uttar Pradesh,01-01-2012,14516.52467
444,Sitapur,24,9,Uttar Pradesh,01-01-2012,14590.7318
445,Sultanpur,49,9,Uttar Pradesh,01-01-2012,14638.02003
446,Sonbhadra,70,9,Uttar Pradesh,01-01-2012,14756.085
447,Siddharthnagar,54,9,Uttar Pradesh,01-01-2012,14598.62553
448,Unnao,26,9,Uttar Pradesh,01-01-2012,14577.92654
449,Varanasi,67,9,Uttar Pradesh,01-01-2012,14664.82821
450,Bulandshahr,11,9,Uttar Pradesh,01-01-2012,14522.43796
451,Gautam Buddha Nagar,10,9,Uttar Pradesh,01-01-2012,14526.73641
452,Ghaziabad,9,9,Uttar Pradesh,01-01-2012,14553.21871
453,Auraiya,32,9,Uttar Pradesh,01-01-2012,14585.22693
454,Azamgarh,61,9,Uttar Pradesh,01-01-2012,14660.1441
455,Budaun,19,9,Uttar Pradesh,01-01-2012,14544.47392
456,Agra,15,9,Uttar Pradesh,01-01-2012,14581.05045
457,Aligarh,12,9,Uttar Pradesh,01-01-2012,14518.55971
458,Allahabad,45,9,Uttar Pradesh,01-01-2012,14683.17515
459,Ambedkar Nagar,48,9,Uttar Pradesh,01-01-2012,14627.58422
460,Bareilly,20,9,Uttar Pradesh,01-01-2012,14533.51971
461,Bijnor,3,9,Uttar Pradesh,01-01-2012,14564.06867
462,Basti,55,9,Uttar Pradesh,01-01-2012,14624.75572
463,Baghpat,8,9,Uttar Pradesh,01-01-2012,14555.10699
464,Bahraich,50,9,Uttar Pradesh,01-01-2012,14576.08132
465,Ballia,63,9,Uttar Pradesh,01-01-2012,14640.95137
466,Balrampur,52,9,Uttar Pradesh,01-01-2012,14643.18349
467,Banda,40,9,Uttar Pradesh,01-01-2012,14700.56067
468,Barabanki,46,9,Uttar Pradesh,01-01-2012,14592.55788
469,Chitrakoot,41,9,Uttar Pradesh,01-01-2012,14707.82644
470,Chandauli,66,9,Uttar Pradesh,01-01-2012,14742.17602
471,Deoria,60,9,Uttar Pradesh,01-01-2012,14621.40024
472,Etah,17,9,Uttar Pradesh,01-01-2012,14541.34675
473,Kanpur Dehat,33,9,Uttar Pradesh,01-01-2012,14610.89661
474,Etawah,31,9,Uttar Pradesh,01-01-2012,14597.79712
475,Faizabad,47,9,Uttar Pradesh,01-01-2012,14630.04016
476,Ghazipur,65,9,Uttar Pradesh,01-01-2012,14673.7708
477,Gonda,53,9,Uttar Pradesh,01-01-2012,14613.69297
478,Gorakhpur,58,9,Uttar Pradesh,01-01-2012,14602.70974
479,Farrukhabad,29,9,Uttar Pradesh,01-01-2012,14571.69809
480,Fatehpur,42,9,Uttar Pradesh,01-01-2012,14648.6822
481,Firozabad,16,9,Uttar Pradesh,01-01-2012,14568.51024
482,Hamirpur,38,9,Uttar Pradesh,01-01-2012,14666.08584
483,Hardoi,25,9,Uttar Pradesh,01-01-2012,14551.54013
484,Khammam,10,28,Andhra Pradesh,01-01-2012,15119.97309
485,Medak,4,28,Andhra Pradesh,01-01-2012,15286.816
486,Krishna,16,28,Andhra Pradesh,01-01-2012,15093.60682
487,Kurnool,21,28,Andhra Pradesh,01-01-2012,15371.21781
488,Mahbubnagar,7,28,Andhra Pradesh,01-01-2012,15363.27097
489,Nalgonda,8,28,Andhra Pradesh,01-01-2012,15274.55861
490,Nellore,19,28,Andhra Pradesh,01-01-2012,15067.21032
491,Nizamabad,2,28,Andhra Pradesh,01-01-2012,15152.03405
492,Prakasam,18,28,Andhra Pradesh,01-01-2012,15169.71695
493,Hyderabad,5,28,Andhra Pradesh,01-01-2012,15201.02576
494,Rangareddi,6,28,Andhra Pradesh,01-01-2012,15351.35921
495,Srikakulam,11,28,Andhra Pradesh,01-01-2012,15121.16401
496,West Godavari,15,28,Andhra Pradesh,01-01-2012,15062.13495
497,Visakhapatnam,13,28,Andhra Pradesh,01-01-2012,15029.39842
498,Vizianagaram,12,28,Andhra Pradesh,01-01-2012,15091.66073
499,Warangal,9,28,Andhra Pradesh,01-01-2012,15157.5343
500,Anantapur,22,28,Andhra Pradesh,01-01-2012,15434.33546
501,Adilabad,1,28,Andhra Pradesh,01-01-2012,15186.14374
502,Chittoor,23,28,Andhra Pradesh,01-01-2012,15126.9961
503,Cuddapah,20,28,Andhra Pradesh,01-01-2012,15232.2403
504,East Godavari,14,28,Andhra Pradesh,01-01-2012,15030.60941
505,Karimnagar,3,28,Andhra Pradesh,01-01-2012,15158.24087
506,Guntur,17,28,Andhra Pradesh,01-01-2012,15154.64874
507,Jabalpur,39,23,Madhya Pradesh,01-01-2012,14796.57066
508,Jhabua,24,23,Madhya Pradesh,01-01-2012,15096.31374
509,Mandsaur,19,23,Madhya Pradesh,01-01-2012,14822.2081
510,Tikamgarh,8,23,Madhya Pradesh,01-01-2012,14710.29533
511,Narsimhapur,40,23,Madhya Pradesh,01-01-2012,14818.43531
512,Neemuch,18,23,Madhya Pradesh,01-01-2012,14851.58233
513,Panna,10,23,Madhya Pradesh,01-01-2012,14776.11386
514,Raisen,34,23,Madhya Pradesh,01-01-2012,14846.76884
515,Rajgarh,30,23,Madhya Pradesh,01-01-2012,14908.2982
516,Satna,13,23,Madhya Pradesh,01-01-2012,14744.43023
517,Sehore,33,23,Madhya Pradesh,01-01-2012,14863.81742
518,Seoni,44,23,Madhya Pradesh,01-01-2012,14893.28875
519,Hoshangabad,37,23,Madhya Pradesh,01-01-2012,14741.86678
520,Indore,26,23,Madhya Pradesh,01-01-2012,14873.17556
521,Shajapur,22,23,Madhya Pradesh,01-01-2012,14892.77115
522,Shivpuri,6,23,Madhya Pradesh,01-01-2012,14777.68565
523,Ratlam,20,23,Madhya Pradesh,01-01-2012,14924.62414
524,Rewa,14,23,Madhya Pradesh,01-01-2012,14750.45738
525,Sagar,11,23,Madhya Pradesh,01-01-2012,14827.73857
526,Sidhi,17,23,Madhya Pradesh,01-01-2012,14724.18194
527,Ujjain,21,23,Madhya Pradesh,01-01-2012,14824.22057
528,Vidisha,31,23,Madhya Pradesh,01-01-2012,14801.30716
529,West Nimar,27,23,Madhya Pradesh,01-01-2012,15100.5051
530,Morena,2,23,Madhya Pradesh,01-01-2012,14681.59091
531,Sheopur,1,23,Madhya Pradesh,01-01-2012,14787.70555
532,Dindori,41,23,Madhya Pradesh,01-01-2012,14848.61636
533,Mandla,42,23,Madhya Pradesh,01-01-2012,14825.87807
534,Shahdol,16,23,Madhya Pradesh,01-01-2012,14792.00352
535,Umaria,15,23,Madhya Pradesh,01-01-2012,14747.96075
536,Bhind,3,23,Madhya Pradesh,01-01-2012,14630.58616
537,Bhopal,32,23,Madhya Pradesh,01-01-2012,14813.78187
538,Barwani,28,23,Madhya Pradesh,01-01-2012,15177.866
539,Betul,35,23,Madhya Pradesh,01-01-2012,15002.30443
540,Balaghat,45,23,Madhya Pradesh,01-01-2012,14806.50761
541,Chhatarpur,9,23,Madhya Pradesh,01-01-2012,14754.48064
542,Chhindwara,43,23,Madhya Pradesh,01-01-2012,14929.93229
543,Dewas,23,23,Madhya Pradesh,01-01-2012,14907.44314
544,Katni,38,23,Madhya Pradesh,01-01-2012,14768.19979
545,Datia,5,23,Madhya Pradesh,01-01-2012,14678.5484
546,Damoh,12,23,Madhya Pradesh,01-01-2012,14813.94162
547,Dhar,25,23,Madhya Pradesh,01-01-2012,15018.6463
548,East Nimar,29,23,Madhya Pradesh,01-01-2012,15052.43033
549,Guna,7,23,Madhya Pradesh,01-01-2012,14811.48107
550,Gwalior,4,23,Madhya Pradesh,01-01-2012,14714.63833
551,Harda,36,23,Madhya Pradesh,01-01-2012,14820.65306
552,Kangra,2,2,Himachal Pradesh,01-01-2012,14107.91722
553,Kinnaur,12,2,Himachal Pradesh,01-01-2012,13108.56048
554,Lahul & Spiti,3,2,Himachal Pradesh,01-01-2012,12912.27644
555,Kullu,4,2,Himachal Pradesh,01-01-2012,13405.21426
556,Mandi,5,2,Himachal Pradesh,01-01-2012,14159.60029
557,Shimla,11,2,Himachal Pradesh,01-01-2012,13867.64232
558,Sirmaur,10,2,Himachal Pradesh,01-01-2012,14338.02263
559,Solan,9,2,Himachal Pradesh,01-01-2012,14356.99737
560,Una,7,2,Himachal Pradesh,01-01-2012,14463.65294
561,Bilaspur,8,2,Himachal Pradesh,01-01-2012,14367.63528
562,Chamba,1,2,Himachal Pradesh,01-01-2012,13462.91435
563,Hamirpur,6,2,Himachal Pradesh,01-01-2012,14382.27052
564,Jammu,13,1,Jammu and Kashmir,01-01-2012,14440.00956
565,Kargil,8,1,Jammu and Kashmir,01-01-2012,12902.69672
566,Kathua,14,1,Jammu and Kashmir,01-01-2012,14278.56783
567,Leh (Ladakh),7,1,Jammu and Kashmir,01-01-2012,13156.76207
568,Kupwara,1,1,Jammu and Kashmir,01-01-2012,13487.28249
569,Punch,11,1,Jammu and Kashmir,01-01-2012,13927.8312
570,Pulwama,5,1,Jammu and Kashmir,01-01-2012,13669.17742
571,Rajauri,12,1,Jammu and Kashmir,01-01-2012,14222.99253
572,Srinagar,3,1,Jammu and Kashmir,01-01-2012,13301.49653
573,Udhampur,10,1,Jammu and Kashmir,01-01-2012,14012.8301
574,Anantnag,6,1,Jammu and Kashmir,01-01-2012,13294.07436
575,Badgam,4,1,Jammu and Kashmir,01-01-2012,13499.28681
576,Baramula,2,1,Jammu and Kashmir,01-01-2012,13366.27326
577,Data Not Available,99,99,Jammu and Kashmir,01-01-2012,13046.92771
578,Doda,9,1,Jammu and Kashmir,01-01-2012,13215.95347
579,Lohit,11,12,Arunanchal Pradesh,01-01-2012,13992.98936
580,Lower Subansiri,5,12,Arunanchal Pradesh,01-01-2012,13982.69978
581,Papum Pare,4,12,Arunanchal Pradesh,01-01-2012,14296.50185
582,Tawang,1,12,Arunanchal Pradesh,01-01-2012,13702.55093
583,Tirap,13,12,Arunanchal Pradesh,01-01-2012,14423.34422
584,West Kameng,2,12,Arunanchal Pradesh,01-01-2012,14069.85841
585,West Siang,7,12,Arunanchal Pradesh,01-01-2012,14061.5012
586,Upper Siang,9,12,Arunanchal Pradesh,01-01-2012,13864.71059
587,Upper Subansiri,6,12,Arunanchal Pradesh,01-01-2012,13870.90148
588,Changlang,12,12,Arunanchal Pradesh,01-01-2012,14350.63355
589,Dibang Valley,10,12,Arunanchal Pradesh,01-01-2012,13756.72187
590,East Kameng,3,12,Arunanchal Pradesh,01-01-2012,14107.61606
591,East Siang,8,12,Arunanchal Pradesh,01-01-2012,14426.01635
592,Nicobars,2,35,Andaman & Nicobar Island,01-01-2012,14921.58618
593,Andamans,1,35,Andaman & Nicobar Island,01-01-2012,14969.60334
594,Lakshadweep,1,31,Lakshadweep,02-01-2012,15054.89554
595,Chandigarh,1,4,Chandigarh,02-01-2012,14706.42713
596,Dadra & Nagar Haveli,1,26,Dadara & Nagar Havelli,02-01-2012,15399.11732
597,North Goa,1,30,Goa,02-01-2012,15287.32424
598,South Goa,2,30,Goa,02-01-2012,15234.64406
599,Jorhat,17,18,Assam,02-01-2012,14877.68754
600,Karimganj,22,18,Assam,02-01-2012,14964.54705
601,Kokrajhar,1,18,Assam,02-01-2012,14898.69203
602,Lakhimpur,12,18,Assam,02-01-2012,14890.86046
603,Nagaon,10,18,Assam,02-01-2012,14931.74071
604,Marigaon,9,18,Assam,02-01-2012,14914.85986
605,Nalbari,7,18,Assam,02-01-2012,14923.28814
606,North Cachar Hills,20,18,Assam,02-01-2012,14805.16672
607,Sonitpur,11,18,Assam,02-01-2012,14903.25511
608,Sibsagar,16,18,Assam,02-01-2012,14862.14474
609,Tinsukia,14,18,Assam,02-01-2012,14823.30678
610,Barpeta,5,18,Assam,02-01-2012,14886.19654
611,Bongaigaon,4,18,Assam,02-01-2012,14863.3764
612,Cachar,21,18,Assam,02-01-2012,14897.88242
613,Darrang,8,18,Assam,02-01-2012,14912.97107
614,Dhemaji,13,18,Assam,02-01-2012,14871.31192
615,Dhubri,2,18,Assam,02-01-2012,14892.95531
616,Dibrugarh,15,18,Assam,02-01-2012,14856.86379
617,Kamrup,6,18,Assam,02-01-2012,14897.62498
618,Karbi Anglong,19,18,Assam,02-01-2012,14792.33449
619,Goalpara,3,18,Assam,02-01-2012,14937.1001
620,Golaghat,18,18,Assam,02-01-2012,14907.04356
621,Hailakandi,23,18,Assam,02-01-2012,14943.92215
622,Jamui,37,10,Bihar,02-01-2012,15042.21146
623,Kishanganj,8,10,Bihar,02-01-2012,14916.26014
624,Muzaffarpur,14,10,Bihar,02-01-2012,14774.02992
625,Purnia,9,10,Bihar,02-01-2012,14889.09823
626,Khagaria,21,10,Bihar,02-01-2012,14831.66576
627,Madhubani,5,10,Bihar,02-01-2012,14824.0257
628,Lakhisarai,25,10,Bihar,02-01-2012,14917.65447
629,Madhepura,11,10,Bihar,02-01-2012,14860.28727
630,Purba Champaran,2,10,Bihar,02-01-2012,14773.18905
631,Munger,24,10,Bihar,02-01-2012,14931.93114
632,Nalanda,27,10,Bihar,02-01-2012,14882.20345
633,Nawada,36,10,Bihar,02-01-2012,14939.76515
634,Pashchim Champaran,1,10,Bihar,02-01-2012,14826.09075
635,Patna,28,10,Bihar,02-01-2012,14865.74478
636,Samastipur,19,10,Bihar,02-01-2012,14809.71609
637,Sheikhpura,26,10,Bihar,02-01-2012,14924.44486
638,Sheohar,3,10,Bihar,02-01-2012,14746.38574
639,Saharsa,12,10,Bihar,02-01-2012,14826.36298
640,Sitamarhi,4,10,Bihar,02-01-2012,14770.1895
641,Siwan,16,10,Bihar,02-01-2012,14778.47633
642,Supaul,6,10,Bihar,02-01-2012,14832.37285
643,Vaishali,18,10,Bihar,02-01-2012,14800.4249
644,Kaimur (Bhabua),31,10,Bihar,02-01-2012,14955.47676
645,Gaya,35,10,Bihar,02-01-2012,15001.57307
646,Bhojpur,29,10,Bihar,02-01-2012,14853.1437
647,Buxar,30,10,Bihar,02-01-2012,14824.24287
648,Jehanabad,33,10,Bihar,02-01-2012,14913.25796
649,Rohtas,32,10,Bihar,02-01-2012,14903.52385
650,Araria,7,10,Bihar,02-01-2012,14834.55782
651,Aurangabad,34,10,Bihar,02-01-2012,14983.81537
652,Banka,23,10,Bihar,02-01-2012,15051.26517
653,Bhagalpur,22,10,Bihar,02-01-2012,14882.78231
654,Begusarai,20,10,Bihar,02-01-2012,14829.17053
655,Saran,17,10,Bihar,02-01-2012,14785.83782
656,Katihar,10,10,Bihar,02-01-2012,14853.70978
657,Darbhanga,13,10,Bihar,02-01-2012,14785.29367
658,Gopalganj,15,10,Bihar,02-01-2012,14773.71524
659,Kollam,13,32,Kerala,02-01-2012,15193.69058
660,Kottayam,10,32,Kerala,02-01-2012,15208.479
661,Kozhikode,4,32,Kerala,02-01-2012,15196.54908
662,Malappuram,5,32,Kerala,02-01-2012,15210.84151
663,Palakkad,6,32,Kerala,02-01-2012,15201.2022
664,Pathanamthitta,12,32,Kerala,02-01-2012,15120.60425
665,Idukki,9,32,Kerala,02-01-2012,15018.80601
666,Thrissur,7,32,Kerala,02-01-2012,15230.31072
667,Thiruvananthapuram,14,32,Kerala,02-01-2012,15205.84121
668,Wayanad,3,32,Kerala,02-01-2012,15079.68036
669,Alappuzha,11,32,Kerala,02-01-2012,15176.7042
670,Kasaragod,1,32,Kerala,02-01-2012,15291.03608
671,Kannur,2,32,Kerala,02-01-2012,15250.81061
672,Ernakulam,8,32,Kerala,02-01-2012,15235.99716
673,Jajapur,13,21,Orissa,02-01-2012,15269.87152
674,Jagatsinghapur,11,21,Orissa,02-01-2012,15327.08841
675,Jharsuguda,2,21,Orissa,02-01-2012,15132.16723
676,Khordha,17,21,Orissa,02-01-2012,15303.62245
677,Mayurbhanj,7,21,Orissa,02-01-2012,15125.16973
678,Puri,18,21,Orissa,02-01-2012,15265.11945
679,Koraput,29,21,Orissa,02-01-2012,15302.18487
680,Malkangiri,30,21,Orissa,02-01-2012,15281.57125
681,Nabarangapur,28,21,Orissa,02-01-2012,15370.40347
682,Nayagarh,16,21,Orissa,02-01-2012,15205.13994
683,Nuapada,25,21,Orissa,02-01-2012,15303.90525
684,Kandhamal,21,21,Orissa,02-01-2012,15128.85286
685,Sambalpur,3,21,Orissa,02-01-2012,15087.36188
686,Rayagada,27,21,Orissa,02-01-2012,15228.09622
687,Sundargarh,5,21,Orissa,02-01-2012,15096.35075
688,Sonapur,23,21,Orissa,02-01-2012,15188.71051
689,Anugul,15,21,Orissa,02-01-2012,15131.18521
690,Bhadrak,9,21,Orissa,02-01-2012,15265.46765
691,Baudh,22,21,Orissa,02-01-2012,15177.2724
692,Balangir,24,21,Orissa,02-01-2012,15303.60732
693,Baleshwar,8,21,Orissa,02-01-2012,15184.81863
694,Bargarh,1,21,Orissa,02-01-2012,15169.90243
695,Kendrapara,10,21,Orissa,02-01-2012,15271.36716
696,Kendujhar,6,21,Orissa,02-01-2012,15164.72955
697,Debagarh,4,21,Orissa,02-01-2012,15083.05313
698,Cuttack,12,21,Orissa,02-01-2012,15261.93309
699,Dhenkanal,14,21,Orissa,02-01-2012,15198.85064
700,Kalahandi,26,21,Orissa,02-01-2012,15270.8732
701,Ganjam,19,21,Orissa,02-01-2012,15281.90218
702,Gajapati,20,21,Orissa,02-01-2012,15198.90741
703,Jalandhar,4,3,Punjab,02-01-2012,14557.10428
704,Kapurthala,3,3,Punjab,02-01-2012,14525.75116
705,Ludhiana,9,3,Punjab,02-01-2012,14530.96213
706,Mansa,15,3,Punjab,02-01-2012,14567.79026
707,Moga,10,3,Punjab,02-01-2012,14492.27614
708,Muktsar,12,3,Punjab,02-01-2012,14565.4691
709,Nawanshahr,6,3,Punjab,02-01-2012,14555.92367
710,Patiala,17,3,Punjab,02-01-2012,14536.07337
711,Sangrur,16,3,Punjab,02-01-2012,14493.53549
712,Hoshiarpur,5,3,Punjab,02-01-2012,14561.006
713,Rupnagar,7,3,Punjab,02-01-2012,14606.04309
714,Amritsar,2,3,Punjab,02-01-2012,14474.46692
715,Firozpur,11,3,Punjab,02-01-2012,14550.34284
716,Bathinda,14,3,Punjab,02-01-2012,14589.10256
717,Gurdaspur,1,3,Punjab,02-01-2012,14497.17826
718,Faridkot,13,3,Punjab,02-01-2012,14518.68787
719,Fatehgarh Sahib,8,3,Punjab,02-01-2012,14526.20213
720,North,1,11,Sikkim,02-01-2012,13711.31751
721,South,3,11,Sikkim,02-01-2012,14397.87748
722,West,2,11,Sikkim,02-01-2012,14204.9624
723,East,4,11,Sikkim,02-01-2012,14286.18244
724,Jamnagar,10,24,Gujarat,02-01-2012,15323.09315
725,Kheda,16,24,Gujarat,02-01-2012,15184.06514
726,Mahesana,4,24,Gujarat,02-01-2012,15150.0095
727,Narmada,20,24,Gujarat,02-01-2012,15358.25881
728,Navsari,24,24,Gujarat,02-01-2012,15266.89094
729,Panch Mahals,17,24,Gujarat,02-01-2012,15204.62523
730,Patan,3,24,Gujarat,02-01-2012,15231.32747
731,Porbandar,11,24,Gujarat,02-01-2012,15310.13426
732,Rajkot,9,24,Gujarat,02-01-2012,15360.79809
733,Sabar Kantha,5,24,Gujarat,02-01-2012,15141.9177
734,Surendranagar,8,24,Gujarat,02-01-2012,15314.47827
735,The Dangs,23,24,Gujarat,02-01-2012,15384.77925
736,Vadodara,19,24,Gujarat,02-01-2012,15255.17907
737,Valsad,25,24,Gujarat,02-01-2012,15343.44935
738,Bharuch,21,24,Gujarat,02-01-2012,15325.50858
739,Surat,22,24,Gujarat,02-01-2012,15301.60014
740,Anand,15,24,Gujarat,02-01-2012,15095.94418
741,Ahmadabad,7,24,Gujarat,02-01-2012,15275.42113
742,Amreli,13,24,Gujarat,02-01-2012,15457.36142
743,Bhavnagar,14,24,Gujarat,02-01-2012,15439.34928
744,Banas Kantha,2,24,Gujarat,02-01-2012,15137.54383
745,Dohad,18,24,Gujarat,02-01-2012,15251.35308
746,Junagadh,12,24,Gujarat,02-01-2012,15337.63453
747,Kachchh,1,24,Gujarat,02-01-2012,15207.65489
748,Gandhinagar,6,24,Gujarat,02-01-2012,15183.27597
749,Jind,9,6,Haryana,02-01-2012,14564.38727
750,Kaithal,5,6,Haryana,02-01-2012,14506.51481
751,Karnal,6,6,Haryana,02-01-2012,14526.92992
752,Kurukshetra,4,6,Haryana,02-01-2012,14568.6098
753,Panchkula,1,6,Haryana,02-01-2012,14687.21863
754,Panipat,7,6,Haryana,02-01-2012,14559.41338
755,Hisar,12,6,Haryana,02-01-2012,14651.82338
756,Rohtak,14,6,Haryana,02-01-2012,14658.89565
757,Sirsa,11,6,Haryana,02-01-2012,14631.09153
758,Sonipat,8,6,Haryana,02-01-2012,14614.59295
759,Yamunanagar,3,6,Haryana,02-01-2012,14656.24764
760,Jhajjar,15,6,Haryana,02-01-2012,14671.32638
761,Mahendragarh,16,6,Haryana,02-01-2012,14715.51508
762,Rewari,17,6,Haryana,02-01-2012,14662.41308
763,Bhiwani,13,6,Haryana,02-01-2012,14714.65842
764,Ambala,2,6,Haryana,02-01-2012,14634.47236
765,Gurgaon,18,6,Haryana,02-01-2012,14731.97085
766,Faridabad,19,6,Haryana,02-01-2012,14679.41459
767,Fatehabad,10,6,Haryana,02-01-2012,14574.14652
768,Imphal East,7,14,Manipur,02-01-2012,14939.42563
769,Imphal West,6,14,Manipur,02-01-2012,14801.25948
770,Senapati (Excl. 3 sub-divisions),1,14,Manipur,02-01-2012,14687.47495
771,Tamenglong,2,14,Manipur,02-01-2012,14670.45261
772,Thoubal,5,14,Manipur,02-01-2012,14933.37314
773,Ukhrul,8,14,Manipur,02-01-2012,14694.89632
774,Bishnupur,4,14,Manipur,02-01-2012,14843.15086
775,Chandel,9,14,Manipur,02-01-2012,14778.61602
776,Churachandpur,3,14,Manipur,02-01-2012,14746.14123
777,Kolasib,2,15,Mizoram,02-01-2012,14819.70046
778,Mamit,1,15,Mizoram,02-01-2012,14852.24533
779,Lunglei,6,15,Mizoram,02-01-2012,14828.06165
780,Lawngtlai,7,15,Mizoram,02-01-2012,14907.17044
781,Saiha,8,15,Mizoram,02-01-2012,14833.74947
782,Serchhip,5,15,Mizoram,02-01-2012,14785.45239
783,Aizawl,3,15,Mizoram,02-01-2012,14798.80483
784,Champhai,4,15,Mizoram,02-01-2012,14749.60449
785,North Tripura,4,16,Tripura,02-01-2012,14964.64739
786,South Tripura,2,16,Tripura,02-01-2012,15023.10552
787,West Tripura,1,16,Tripura,02-01-2012,15027.64693
788,Dhalai,3,16,Tripura,02-01-2012,14968.504
789,Mokokchung,3,13,Nagaland,02-01-2012,14672.98338
790,Mon,1,13,Nagaland,02-01-2012,14690.03743
791,Phek,8,13,Nagaland,02-01-2012,14579.86726
792,Tuensang,2,13,Nagaland,02-01-2012,14580.40007
793,Wokha,5,13,Nagaland,02-01-2012,14700.9708
794,Zunheboto,4,13,Nagaland,02-01-2012,14611.17634
795,Dimapur,6,13,Nagaland,02-01-2012,14868.61707
796,Kohima,7,13,Nagaland,02-01-2012,14682.96905
797,Purbi Singhbhum,18,20,Jharkhand,02-01-2012,15140.316
798,Lohardaga,15,20,Jharkhand,02-01-2012,14963.65691
799,Pakaur,10,20,Jharkhand,02-01-2012,15167.11858
800,Pashchimi Singhbhum,17,20,Jharkhand,02-01-2012,15079.78171
801,Ranchi,14,20,Jharkhand,02-01-2012,15040.46059
802,Sahibganj,9,20,Jharkhand,02-01-2012,15029.1638
803,Garhwa,1,20,Jharkhand,02-01-2012,15025.31232
804,Palamu,2,20,Jharkhand,02-01-2012,15005.72059
805,Chatra,3,20,Jharkhand,02-01-2012,15026.05662
806,Hazaribagh,4,20,Jharkhand,02-01-2012,15040.32774
807,Kodarma,5,20,Jharkhand,02-01-2012,15025.34189
808,Bokaro,13,20,Jharkhand,02-01-2012,15092.52903
809,Deoghar,7,20,Jharkhand,02-01-2012,15146.99754
810,Dhanbad,12,20,Jharkhand,02-01-2012,15148.07665
811,Dumka,11,20,Jharkhand,02-01-2012,15160.96244
812,Giridih,6,20,Jharkhand,02-01-2012,15110.59404
813,Godda,8,20,Jharkhand,02-01-2012,15052.57629
814,Gumla,16,20,Jharkhand,02-01-2012,15048.03679
815,Kodagu,25,29,Karnataka,02-01-2012,15063.60934
816,Kolar,19,29,Karnataka,02-01-2012,15483.36403
817,Mandya,22,29,Karnataka,02-01-2012,15359.72518
818,Koppal,7,29,Karnataka,02-01-2012,15561.9493
819,Mysore,26,29,Karnataka,02-01-2012,15433.63985
820,Raichur,6,29,Karnataka,02-01-2012,15504.83609
821,Hassan,23,29,Karnataka,02-01-2012,15353.03496
822,Haveri,11,29,Karnataka,02-01-2012,15530.296
823,Shimoga,15,29,Karnataka,02-01-2012,15259.03381
824,Tumkur,18,29,Karnataka,02-01-2012,15499.73651
825,Udupi,16,29,Karnataka,02-01-2012,15257.93025
826,Uttara Kannada,10,29,Karnataka,02-01-2012,15143.66655
827,Bagalkot,2,29,Karnataka,02-01-2012,15532.91413
828,Bangalore,20,29,Karnataka,02-01-2012,15377.71441
829,Bidar,5,29,Karnataka,02-01-2012,15566.45205
830,Bijapur,3,29,Karnataka,02-01-2012,15670.65875
831,Belgaum,1,29,Karnataka,02-01-2012,15492.84157
832,Bellary,12,29,Karnataka,02-01-2012,15516.33281
833,Bangalore Rural,21,29,Karnataka,02-01-2012,15445.97102
834,Chamarajanagar,27,29,Karnataka,02-01-2012,15425.95679
835,Chikmagalur,17,29,Karnataka,02-01-2012,15241.56745
836,Chitradurga,13,29,Karnataka,02-01-2012,15577.27169
837,Dakshina Kannada,24,29,Karnataka,02-01-2012,15221.29261
838,Davanagere,14,29,Karnataka,02-01-2012,15485.03912
839,Dharwad,9,29,Karnataka,02-01-2012,15570.37564
840,Gulbarga,4,29,Karnataka,02-01-2012,15584.75713
841,Gadag,8,29,Karnataka,02-01-2012,15663.23263
842,Jaintia Hills,7,17,Meghalaya,02-01-2012,14779.59098
843,Ri Bhoi,5,17,Meghalaya,02-01-2012,14775.8141
844,South Garo Hills,3,17,Meghalaya,02-01-2012,14848.77288
845,West Garo Hills,1,17,Meghalaya,02-01-2012,14909.33258
846,West Khasi Hills,4,17,Meghalaya,02-01-2012,14761.22668
847,East Garo Hills,2,17,Meghalaya,02-01-2012,14886.47623
848,East Khasi Hills,6,17,Meghalaya,02-01-2012,14743.67629
849,Jaipur,12,8,Rajasthan,02-01-2012,15020.99456
850,Jaisalmer,16,8,Rajasthan,02-01-2012,15263.28567
851,Jalor,18,8,Rajasthan,02-01-2012,15187.804
852,Jhalawar,32,8,Rajasthan,02-01-2012,15097.58926
853,Jhunjhunun,5,8,Rajasthan,02-01-2012,14942.22323
854,Jodhpur,15,8,Rajasthan,02-01-2012,15226.59137
855,Kota,30,8,Rajasthan,02-01-2012,14967.67063
856,Nagaur,14,8,Rajasthan,02-01-2012,15179.92959
857,Pali,20,8,Rajasthan,02-01-2012,15199.28759
858,Rajsamand,25,8,Rajasthan,02-01-2012,15047.78669
859,Sawai Madhopur,10,8,Rajasthan,02-01-2012,14988.40636
860,Sirohi,19,8,Rajasthan,02-01-2012,15116.86111
861,Tonk,22,8,Rajasthan,02-01-2012,15051.59812
862,Sikar,13,8,Rajasthan,02-01-2012,14998.18088
863,Alwar,6,8,Rajasthan,02-01-2012,14806.51705
864,Udaipur,26,8,Rajasthan,02-01-2012,15123.65925
865,Ganganagar,1,8,Rajasthan,02-01-2012,14821.82642
866,Hanumangarh,2,8,Rajasthan,02-01-2012,14891.82414
867,Baran,31,8,Rajasthan,02-01-2012,15017.44381
868,Ajmer,21,8,Rajasthan,02-01-2012,15130.22286
869,Banswara,28,8,Rajasthan,02-01-2012,15196.08211
870,Barmer,17,8,Rajasthan,02-01-2012,15265.48786
871,Bhilwara,24,8,Rajasthan,02-01-2012,15118.17336
872,Bikaner,3,8,Rajasthan,02-01-2012,15182.96916
873,Bharatpur,7,8,Rajasthan,02-01-2012,14814.40993
874,Bundi,23,8,Rajasthan,02-01-2012,14968.76003
875,Chittaurgarh,29,8,Rajasthan,02-01-2012,15095.4127
876,Churu,4,8,Rajasthan,02-01-2012,15133.18157
877,Dausa,11,8,Rajasthan,02-01-2012,14968.4477
878,Dhaulpur,8,8,Rajasthan,02-01-2012,14926.97392
879,Dungarpur,27,8,Rajasthan,02-01-2012,15193.52984
880,Karauli,9,8,Rajasthan,02-01-2012,15014.27826
881,Pondicherry,2,34,Puducherry,02-01-2012,15330.32595
882,Yanam,1,34,Puducherry,02-01-2012,15161.76786
883,Karaikal,4,34,Puducherry,02-01-2012,15164.68748
884,Mahe,3,34,Puducherry,02-01-2012,15188.81342
885,Kanniyakumari,30,33,Tamil Nadu,02-01-2012,15185.38006
886,Karur,14,33,Tamil Nadu,02-01-2012,15493.05556
887,Madurai,24,33,Tamil Nadu,02-01-2012,15358.94788
888,Namakkal,9,33,Tamil Nadu,02-01-2012,15443.78724
889,The Nilgiris,11,33,Tamil Nadu,02-01-2012,15027.61197
890,Perambalur,16,33,Tamil Nadu,02-01-2012,15366.64278
891,Pudukkottai,22,33,Tamil Nadu,02-01-2012,15338.27251
892,Ramanathapuram,27,33,Tamil Nadu,02-01-2012,15334.60818
893,Salem,8,33,Tamil Nadu,02-01-2012,15323.93871
894,Sivaganga,23,33,Tamil Nadu,02-01-2012,15369.8852
895,Tiruchirappalli,15,33,Tamil Nadu,02-01-2012,15380.01729
896,Tirunelveli,29,33,Tamil Nadu,02-01-2012,15299.62536
897,Tiruvannamalai,6,33,Tamil Nadu,02-01-2012,15247.22549
898,Thoothukkudi,28,33,Tamil Nadu,02-01-2012,15442.92375
899,Theni,25,33,Tamil Nadu,02-01-2012,15215.57315
900,Vellore,4,33,Tamil Nadu,02-01-2012,15290.32378
901,Viluppuram,7,33,Tamil Nadu,02-01-2012,15297.64698
902,Virudhunagar,26,33,Tamil Nadu,02-01-2012,15469.9327
903,Chennai,2,33,Tamil Nadu,02-01-2012,15298.95888
904,Kancheepuram,3,33,Tamil Nadu,02-01-2012,15236.26012
905,Thiruvallur,1,33,Tamil Nadu,02-01-2012,15309.77029
906,Thanjavur,21,33,Tamil Nadu,02-01-2012,15239.0071
907,Thiruvarur,20,33,Tamil Nadu,02-01-2012,15230.78996
908,Nagapattinam,19,33,Tamil Nadu,02-01-2012,15181.96323
909,Ariyalur,17,33,Tamil Nadu,02-01-2012,15281.24309
910,Coimbatore,12,33,Tamil Nadu,02-01-2012,15327.46981
911,Cuddalore,18,33,Tamil Nadu,02-01-2012,15314.88742
912,Dharmapuri,5,33,Tamil Nadu,02-01-2012,15358.91945
913,Dindigul,13,33,Tamil Nadu,02-01-2012,15274.319
914,Erode,10,33,Tamil Nadu,02-01-2012,15362.73853
915,Daman,2,25,Daman & Diu,02-01-2012,15182.15636
916,Diu,1,25,Daman & Diu,02-01-2012,15151.19913
917,Jalgaon,3,27,Maharashtra,02-01-2012,15420.16169
918,Jalna,18,27,Maharashtra,02-01-2012,15524.42507
919,Kolhapur,34,27,Maharashtra,02-01-2012,15385.75713
920,Latur,28,27,Maharashtra,02-01-2012,15531.50473
921,Pune,25,27,Maharashtra,02-01-2012,15436.69615
922,Nagpur,9,27,Maharashtra,02-01-2012,15302.11018
923,Mumbai,23,27,Maharashtra,02-01-2012,15222.58874
924,Mumbai (Suburban),22,27,Maharashtra,02-01-2012,15281.87947
925,Nanded,15,27,Maharashtra,02-01-2012,15483.0083
926,Nandurbar,1,27,Maharashtra,02-01-2012,15432.21612
927,Nashik,20,27,Maharashtra,02-01-2012,15467.43464
928,Osmanabad,29,27,Maharashtra,02-01-2012,15556.94081
929,Parbhani,17,27,Maharashtra,02-01-2012,15483.97769
930,Sangli,35,27,Maharashtra,02-01-2012,15621.72827
931,Satara,31,27,Maharashtra,02-01-2012,15510.97388
932,Hingoli,16,27,Maharashtra,02-01-2012,15446.20158
933,Ratnagiri,32,27,Maharashtra,02-01-2012,15393.50778
934,Raigarh,24,27,Maharashtra,02-01-2012,15423.64877
935,Thane,21,27,Maharashtra,02-01-2012,15443.64695
936,Solapur,30,27,Maharashtra,02-01-2012,15565.18322
937,Sindhudurg,33,27,Maharashtra,02-01-2012,15344.49929
938,Wardha,8,27,Maharashtra,02-01-2012,15437.68925
939,Washim,6,27,Maharashtra,02-01-2012,15545.09563
940,Yavatmal,14,27,Maharashtra,02-01-2012,15463.63839
941,Aurangabad,19,27,Maharashtra,02-01-2012,15465.42071
942,Ahmadnagar,26,27,Maharashtra,02-01-2012,15514.33158
943,Akola,5,27,Maharashtra,02-01-2012,15536.50609
944,Amravati,7,27,Maharashtra,02-01-2012,15430.46827
945,Bid,27,27,Maharashtra,02-01-2012,15541.81505
946,Bhandara,10,27,Maharashtra,02-01-2012,15204.99382
947,Buldana,4,27,Maharashtra,02-01-2012,15523.08916
948,Chandrapur,13,27,Maharashtra,02-01-2012,15329.84674
949,Dhule,2,27,Maharashtra,02-01-2012,15511.00385
950,Gadchiroli,12,27,Maharashtra,02-01-2012,15225.16863
951,Gondiya,11,27,Maharashtra,02-01-2012,15172.3523
952,Nainital,11,5,Uttarakhand,02-01-2012,14662.00997
953,Pithoragarh,7,5,Uttarakhand,02-01-2012,13731.52395
954,Hardwar,13,5,Uttarakhand,02-01-2012,14725.42812
955,Rudraprayag,3,5,Uttarakhand,02-01-2012,14021.47666
956,Tehri Garhwal,4,5,Uttarakhand,02-01-2012,14293.18219
957,Udham Singh Nagar,12,5,Uttarakhand,02-01-2012,14721.74287
958,Uttarkashi,1,5,Uttarakhand,02-01-2012,13571.49005
959,Bageshwar,8,5,Uttarakhand,02-01-2012,14210.99409
960,Almora,9,5,Uttarakhand,02-01-2012,14588.60048
961,Chamoli,2,5,Uttarakhand,02-01-2012,13597.08494
962,Champawat,10,5,Uttarakhand,02-01-2012,14600.59556
963,Dehradun,5,5,Uttarakhand,02-01-2012,14567.08565
964,Garhwal,6,5,Uttarakhand,02-01-2012,14566.12804
965,Jalpaiguri,2,19,West Bengal,02-01-2012,14869.7733
966,Koch Bihar,3,19,West Bengal,02-01-2012,14835.59944
967,Murshidabad,7,19,West Bengal,02-01-2012,14976.15194
968,Puruliya,14,19,West Bengal,02-01-2012,15106.04422
969,Kolkata,17,19,West Bengal,02-01-2012,15156.56404
970,Maldah,6,19,West Bengal,02-01-2012,14930.9349
971,Nadia,10,19,West Bengal,02-01-2012,15018.13202
972,North Twenty Four Parganas,11,19,West Bengal,02-01-2012,14977.20156
973,Medinipur,15,19,West Bengal,02-01-2012,15079.14623
974,Hugli,12,19,West Bengal,02-01-2012,15002.36699
975,South  Twenty Four Parganas,18,19,West Bengal,02-01-2012,15028.42082
976,Uttar Dinajpur,4,19,West Bengal,02-01-2012,14871.19557
977,Barddhaman,9,19,West Bengal,02-01-2012,15036.5954
978,Birbhum,8,19,West Bengal,02-01-2012,15096.33157
979,Bankura,13,19,West Bengal,02-01-2012,15103.65836
980,Dakshin Dinajpur,5,19,West Bengal,02-01-2012,14967.75561
981,Darjiling,1,19,West Bengal,02-01-2012,14661.24003
982,Haora,16,19,West Bengal,02-01-2012,15005.12318
983,Jashpur,3,22,Chhattisgarh,02-01-2012,15068.4107
984,Koriya,1,22,Chhattisgarh,02-01-2012,14977.7629
985,Mahasamund,12,22,Chhattisgarh,02-01-2012,15244.17719
986,Raigarh,4,22,Chhattisgarh,02-01-2012,15109.98946
987,Raipur,11,22,Chhattisgarh,02-01-2012,15246.99468
988,Rajnandgaon,9,22,Chhattisgarh,02-01-2012,15199.16113
989,Surguja,2,22,Chhattisgarh,02-01-2012,14990.47908
990,Bilaspur,7,22,Chhattisgarh,02-01-2012,15063.49039
991,Janjgir - Champa,6,22,Chhattisgarh,02-01-2012,15145.05999
992,Korba,5,22,Chhattisgarh,02-01-2012,15003.44331
993,Kawardha,8,22,Chhattisgarh,02-01-2012,15111.15856
994,Bastar,15,22,Chhattisgarh,02-01-2012,15236.4603
995,Dantewada,16,22,Chhattisgarh,02-01-2012,15218.71466
996,Dhamtari,13,22,Chhattisgarh,02-01-2012,15188.56033
997,Durg,10,22,Chhattisgarh,02-01-2012,15203.42581
998,Kanker,14,22,Chhattisgarh,02-01-2012,15205.33853
999,Central,6,7,Delhi  & NCR,02-01-2012,14788.51034
1000,East,4,7,Delhi  & NCR,02-01-2012,14770.1033
1001,New Delhi,5,7,Delhi  & NCR,02-01-2012,14744.39142
1002,North,2,7,Delhi  & NCR,02-01-2012,14746.47302
1003,North East,3,7,Delhi  & NCR,02-01-2012,14762.24992
1004,North West,1,7,Delhi  & NCR,02-01-2012,14748.16977
1005,South,9,7,Delhi  & NCR,02-01-2012,14781.94306
1006,South West,8,7,Delhi  & NCR,02-01-2012,14776.18054
1007,West,7,7,Delhi  & NCR,02-01-2012,14803.99175
1008,Jalaun,35,9,Uttar Pradesh,02-01-2012,14851.08066
1009,Jaunpur,64,9,Uttar Pradesh,02-01-2012,14819.33997
1010,Jhansi,36,9,Uttar Pradesh,02-01-2012,14900.02916
1011,Jyotiba Phule Nagar,6,9,Uttar Pradesh,02-01-2012,14714.19182
1012,Kannauj,30,9,Uttar Pradesh,02-01-2012,14830.32306
1013,Kanpur Nagar,34,9,Uttar Pradesh,02-01-2012,14779.32152
1014,Kaushambi,44,9,Uttar Pradesh,02-01-2012,14848.91824
1015,Kheri,23,9,Uttar Pradesh,02-01-2012,14793.33892
1016,Mirzapur,69,9,Uttar Pradesh,02-01-2012,14972.03635
1017,Moradabad,4,9,Uttar Pradesh,02-01-2012,14715.91534
1018,Muzaffarnagar,2,9,Uttar Pradesh,02-01-2012,14655.79589
1019,Rae Bareli,28,9,Uttar Pradesh,02-01-2012,14759.57275
1020,Kushinagar,59,9,Uttar Pradesh,02-01-2012,14769.63043
1021,Lucknow,27,9,Uttar Pradesh,02-01-2012,14764.48076
1022,Lalitpur,37,9,Uttar Pradesh,02-01-2012,14916.64594
1023,Mahrajganj,57,9,Uttar Pradesh,02-01-2012,14716.36333
1024,Mahoba,39,9,Uttar Pradesh,02-01-2012,14938.2508
1025,Mainpuri,18,9,Uttar Pradesh,02-01-2012,14779.70214
1026,Mathura,14,9,Uttar Pradesh,02-01-2012,14707.10519
1027,Mau,62,9,Uttar Pradesh,02-01-2012,14768.43856
1028,Meerut,7,9,Uttar Pradesh,02-01-2012,14690.18132
1029,Pilibhit,21,9,Uttar Pradesh,02-01-2012,14721.10383
1030,Pratapgarh,43,9,Uttar Pradesh,02-01-2012,14808.92923
1031,Rampur,5,9,Uttar Pradesh,02-01-2012,14707.99225
1032,Sant Ravidas Nagar Bhadohi,68,9,Uttar Pradesh,02-01-2012,14827.79909
1033,Sant Kabir Nagar,56,9,Uttar Pradesh,02-01-2012,14734.18972
1034,Shahjahanpur,22,9,Uttar Pradesh,02-01-2012,14729.86897
1035,Hathras,13,9,Uttar Pradesh,02-01-2012,14779.8099
1036,Shrawasti,51,9,Uttar Pradesh,02-01-2012,14732.39436
1037,Saharanpur,1,9,Uttar Pradesh,02-01-2012,14653.56286
1038,Sitapur,24,9,Uttar Pradesh,02-01-2012,14769.85456
1039,Sultanpur,49,9,Uttar Pradesh,02-01-2012,14779.59141
1040,Sonbhadra,70,9,Uttar Pradesh,02-01-2012,15006.8385
1041,Siddharthnagar,54,9,Uttar Pradesh,02-01-2012,14712.44015
1042,Unnao,26,9,Uttar Pradesh,02-01-2012,14741.28545
1043,Varanasi,67,9,Uttar Pradesh,02-01-2012,14827.06318
1044,Bulandshahr,11,9,Uttar Pradesh,02-01-2012,14671.41804
1045,Gautam Buddha Nagar,10,9,Uttar Pradesh,02-01-2012,14716.49243
1046,Ghaziabad,9,9,Uttar Pradesh,02-01-2012,14703.4454
1047,Auraiya,32,9,Uttar Pradesh,02-01-2012,14780.74596
1048,Azamgarh,61,9,Uttar Pradesh,02-01-2012,14789.06956
1049,Budaun,19,9,Uttar Pradesh,02-01-2012,14721.8982
1050,Agra,15,9,Uttar Pradesh,02-01-2012,14816.01526
1051,Aligarh,12,9,Uttar Pradesh,02-01-2012,14707.09996
1052,Allahabad,45,9,Uttar Pradesh,02-01-2012,14865.31093
1053,Ambedkar Nagar,48,9,Uttar Pradesh,02-01-2012,14759.65207
1054,Bareilly,20,9,Uttar Pradesh,02-01-2012,14724.70244
1055,Bijnor,3,9,Uttar Pradesh,02-01-2012,14739.18633
1056,Basti,55,9,Uttar Pradesh,02-01-2012,14762.42456
1057,Baghpat,8,9,Uttar Pradesh,02-01-2012,14664.91138
1058,Bahraich,50,9,Uttar Pradesh,02-01-2012,14737.78861
1059,Ballia,63,9,Uttar Pradesh,02-01-2012,14784.38898
1060,Balrampur,52,9,Uttar Pradesh,02-01-2012,14789.59887
1061,Banda,40,9,Uttar Pradesh,02-01-2012,14879.80719
1062,Barabanki,46,9,Uttar Pradesh,02-01-2012,14749.07005
1063,Chitrakoot,41,9,Uttar Pradesh,02-01-2012,14956.19332
1064,Chandauli,66,9,Uttar Pradesh,02-01-2012,14893.82768
1065,Deoria,60,9,Uttar Pradesh,02-01-2012,14736.30971
1066,Etah,17,9,Uttar Pradesh,02-01-2012,14732.401
1067,Kanpur Dehat,33,9,Uttar Pradesh,02-01-2012,14785.99769
1068,Etawah,31,9,Uttar Pradesh,02-01-2012,14801.87287
1069,Faizabad,47,9,Uttar Pradesh,02-01-2012,14768.81233
1070,Ghazipur,65,9,Uttar Pradesh,02-01-2012,14797.01145
1071,Gonda,53,9,Uttar Pradesh,02-01-2012,14763.85176
1072,Gorakhpur,58,9,Uttar Pradesh,02-01-2012,14724.54013
1073,Farrukhabad,29,9,Uttar Pradesh,02-01-2012,14790.32383
1074,Fatehpur,42,9,Uttar Pradesh,02-01-2012,14792.44492
1075,Firozabad,16,9,Uttar Pradesh,02-01-2012,14811.26291
1076,Hamirpur,38,9,Uttar Pradesh,02-01-2012,14875.44294
1077,Hardoi,25,9,Uttar Pradesh,02-01-2012,14743.0573
1078,Khammam,10,28,Andhra Pradesh,02-01-2012,15332.27568
1079,Medak,4,28,Andhra Pradesh,02-01-2012,15468.36898
1080,Krishna,16,28,Andhra Pradesh,02-01-2012,15294.37083
1081,Kurnool,21,28,Andhra Pradesh,02-01-2012,15552.84543
1082,Mahbubnagar,7,28,Andhra Pradesh,02-01-2012,15527.65033
1083,Nalgonda,8,28,Andhra Pradesh,02-01-2012,15432.10094
1084,Nellore,19,28,Andhra Pradesh,02-01-2012,15281.06025
1085,Nizamabad,2,28,Andhra Pradesh,02-01-2012,15302.08435
1086,Prakasam,18,28,Andhra Pradesh,02-01-2012,15427.07876
1087,Hyderabad,5,28,Andhra Pradesh,02-01-2012,15327.06985
1088,Rangareddi,6,28,Andhra Pradesh,02-01-2012,15526.98957
1089,Srikakulam,11,28,Andhra Pradesh,02-01-2012,15371.01879
1090,West Godavari,15,28,Andhra Pradesh,02-01-2012,15208.22862
1091,Visakhapatnam,13,28,Andhra Pradesh,02-01-2012,15282.73991
1092,Vizianagaram,12,28,Andhra Pradesh,02-01-2012,15342.33578
1093,Warangal,9,28,Andhra Pradesh,02-01-2012,15369.1809
1094,Anantapur,22,28,Andhra Pradesh,02-01-2012,15599.10723
1095,Adilabad,1,28,Andhra Pradesh,02-01-2012,15421.72886
1096,Chittoor,23,28,Andhra Pradesh,02-01-2012,15359.09145
1097,Cuddapah,20,28,Andhra Pradesh,02-01-2012,15438.73025
1098,East Godavari,14,28,Andhra Pradesh,02-01-2012,15195.84237
1099,Karimnagar,3,28,Andhra Pradesh,02-01-2012,15331.69193
1100,Guntur,17,28,Andhra Pradesh,02-01-2012,15322.13753
1101,Jabalpur,39,23,Madhya Pradesh,02-01-2012,14999.96535
1102,Jhabua,24,23,Madhya Pradesh,02-01-2012,15362.26177
1103,Mandsaur,19,23,Madhya Pradesh,02-01-2012,15087.06436
1104,Tikamgarh,8,23,Madhya Pradesh,02-01-2012,14955.25277
1105,Narsimhapur,40,23,Madhya Pradesh,02-01-2012,15044.38085
1106,Neemuch,18,23,Madhya Pradesh,02-01-2012,15105.08466
1107,Panna,10,23,Madhya Pradesh,02-01-2012,15081.81357
1108,Raisen,34,23,Madhya Pradesh,02-01-2012,15092.38355
1109,Rajgarh,30,23,Madhya Pradesh,02-01-2012,15189.26542
1110,Satna,13,23,Madhya Pradesh,02-01-2012,15003.30217
1111,Sehore,33,23,Madhya Pradesh,02-01-2012,15138.41235
1112,Seoni,44,23,Madhya Pradesh,02-01-2012,15110.72286
1113,Hoshangabad,37,23,Madhya Pradesh,02-01-2012,14933.60415
1114,Indore,26,23,Madhya Pradesh,02-01-2012,15125.55297
1115,Shajapur,22,23,Madhya Pradesh,02-01-2012,15162.25059
1116,Shivpuri,6,23,Madhya Pradesh,02-01-2012,15033.88326
1117,Ratlam,20,23,Madhya Pradesh,02-01-2012,15184.2338
1118,Rewa,14,23,Madhya Pradesh,02-01-2012,15000.72892
1119,Sagar,11,23,Madhya Pradesh,02-01-2012,15107.42939
1120,Sidhi,17,23,Madhya Pradesh,02-01-2012,15020.80575
1121,Ujjain,21,23,Madhya Pradesh,02-01-2012,15082.21141
1122,Vidisha,31,23,Madhya Pradesh,02-01-2012,15071.73831
1123,West Nimar,27,23,Madhya Pradesh,02-01-2012,15362.4972
1124,Morena,2,23,Madhya Pradesh,02-01-2012,14918.57213
1125,Sheopur,1,23,Madhya Pradesh,02-01-2012,15060.18718
1126,Dindori,41,23,Madhya Pradesh,02-01-2012,15093.93807
1127,Mandla,42,23,Madhya Pradesh,02-01-2012,15065.35755
1128,Shahdol,16,23,Madhya Pradesh,02-01-2012,15070.2843
1129,Umaria,15,23,Madhya Pradesh,02-01-2012,15039.99511
1130,Bhind,3,23,Madhya Pradesh,02-01-2012,14872.60103
1131,Bhopal,32,23,Madhya Pradesh,02-01-2012,15087.57327
1132,Barwani,28,23,Madhya Pradesh,02-01-2012,15455.36185
1133,Betul,35,23,Madhya Pradesh,02-01-2012,15273.57327
1134,Balaghat,45,23,Madhya Pradesh,02-01-2012,15073.98128
1135,Chhatarpur,9,23,Madhya Pradesh,02-01-2012,15014.38129
1136,Chhindwara,43,23,Madhya Pradesh,02-01-2012,15180.06937
1137,Dewas,23,23,Madhya Pradesh,02-01-2012,15186.96903
1138,Katni,38,23,Madhya Pradesh,02-01-2012,15039.11833
1139,Datia,5,23,Madhya Pradesh,02-01-2012,14860.66338
1140,Damoh,12,23,Madhya Pradesh,02-01-2012,15104.50549
1141,Dhar,25,23,Madhya Pradesh,02-01-2012,15291.1872
1142,East Nimar,29,23,Madhya Pradesh,02-01-2012,15319.12447
1143,Guna,7,23,Madhya Pradesh,02-01-2012,15047.81787
1144,Gwalior,4,23,Madhya Pradesh,02-01-2012,14956.01866
1145,Harda,36,23,Madhya Pradesh,02-01-2012,15068.3829
1146,Kangra,2,2,Himachal Pradesh,02-01-2012,14201.17196
1147,Kinnaur,12,2,Himachal Pradesh,02-01-2012,13185.61269
1148,Lahul & Spiti,3,2,Himachal Pradesh,02-01-2012,12933.38346
1149,Kullu,4,2,Himachal Pradesh,02-01-2012,13553.74856
1150,Mandi,5,2,Himachal Pradesh,02-01-2012,14313.53156
1151,Shimla,11,2,Himachal Pradesh,02-01-2012,14081.69948
1152,Sirmaur,10,2,Himachal Pradesh,02-01-2012,14551.15322
1153,Solan,9,2,Himachal Pradesh,02-01-2012,14537.53563
1154,Una,7,2,Himachal Pradesh,02-01-2012,14574.38798
1155,Bilaspur,8,2,Himachal Pradesh,02-01-2012,14486.66856
1156,Chamba,1,2,Himachal Pradesh,02-01-2012,13562.40898
1157,Hamirpur,6,2,Himachal Pradesh,02-01-2012,14495.75021
1158,Jammu,13,1,Jammu and Kashmir,02-01-2012,14547.71259
1159,Kargil,8,1,Jammu and Kashmir,02-01-2012,12983.60237
1160,Kathua,14,1,Jammu and Kashmir,02-01-2012,14391.04034
1161,Leh (Ladakh),7,1,Jammu and Kashmir,02-01-2012,13306.97165
1162,Kupwara,1,1,Jammu and Kashmir,02-01-2012,13612.8533
1163,Punch,11,1,Jammu and Kashmir,02-01-2012,13987.81864
1164,Pulwama,5,1,Jammu and Kashmir,02-01-2012,13923.74937
1165,Rajauri,12,1,Jammu and Kashmir,02-01-2012,14323.20806
1166,Srinagar,3,1,Jammu and Kashmir,02-01-2012,13426.08355
1167,Udhampur,10,1,Jammu and Kashmir,02-01-2012,14149.672
1168,Anantnag,6,1,Jammu and Kashmir,02-01-2012,13440.8749
1169,Badgam,4,1,Jammu and Kashmir,02-01-2012,13698.05996
1170,Baramula,2,1,Jammu and Kashmir,02-01-2012,13547.84736
1171,Data Not Available,99,99,Jammu and Kashmir,02-01-2012,13177.40152
1172,Doda,9,1,Jammu and Kashmir,02-01-2012,13334.093
1173,Lohit,11,12,Arunanchal Pradesh,02-01-2012,14148.82936
1174,Lower Subansiri,5,12,Arunanchal Pradesh,02-01-2012,14136.44946
1175,Papum Pare,4,12,Arunanchal Pradesh,02-01-2012,14431.58206
1176,Tawang,1,12,Arunanchal Pradesh,02-01-2012,13980.83794
1177,Tirap,13,12,Arunanchal Pradesh,02-01-2012,14601.02776
1178,West Kameng,2,12,Arunanchal Pradesh,02-01-2012,14249.47341
1179,West Siang,7,12,Arunanchal Pradesh,02-01-2012,14213.3046
1180,Upper Siang,9,12,Arunanchal Pradesh,02-01-2012,14002.8386
1181,Upper Subansiri,6,12,Arunanchal Pradesh,02-01-2012,14028.87514
1182,Changlang,12,12,Arunanchal Pradesh,02-01-2012,14492.6496
1183,Dibang Valley,10,12,Arunanchal Pradesh,02-01-2012,13943.49797
1184,East Kameng,3,12,Arunanchal Pradesh,02-01-2012,14258.3335
1185,East Siang,8,12,Arunanchal Pradesh,02-01-2012,14561.25665
1186,Nicobars,2,35,Andaman & Nicobar Island,02-01-2012,14967.80317
1187,Andamans,1,35,Andaman & Nicobar Island,02-01-2012,15051.99567
1188,Lakshadweep,1,31,Lakshadweep,03-01-2012,15067.00846
1189,Chandigarh,1,4,Chandigarh,03-01-2012,15087.89163
1190,Dadra & Nagar Haveli,1,26,Dadara & Nagar Havelli,03-01-2012,15663.52928
1191,Data Not Available,99,99,Jammu and Kashmir,03-01-2012,13588.58927
1192,Srinagar,3,1,Jammu and Kashmir,03-01-2012,13827.14628
1193,Udhampur,10,1,Jammu and Kashmir,03-01-2012,14520.98803
1194,Anantnag,6,1,Jammu and Kashmir,03-01-2012,13893.11114
1195,Badgam,4,1,Jammu and Kashmir,03-01-2012,14164.37651
1196,Baramula,2,1,Jammu and Kashmir,03-01-2012,13921.45531
1197,Doda,9,1,Jammu and Kashmir,03-01-2012,13725.8872
1198,Jammu,13,1,Jammu and Kashmir,03-01-2012,14882.98242
1199,Kargil,8,1,Jammu and Kashmir,03-01-2012,13385.04267
1200,Kathua,14,1,Jammu and Kashmir,03-01-2012,14735.56027
1201,Leh (Ladakh),7,1,Jammu and Kashmir,03-01-2012,13746.60371
1202,Kupwara,1,1,Jammu and Kashmir,03-01-2012,14040.85538
1203,Punch,11,1,Jammu and Kashmir,03-01-2012,14465.74938
1204,Pulwama,5,1,Jammu and Kashmir,03-01-2012,14414.42224
1205,Rajauri,12,1,Jammu and Kashmir,03-01-2012,14724.35311
1206,Shimla,11,2,Himachal Pradesh,03-01-2012,14476.25768
1207,Sirmaur,10,2,Himachal Pradesh,03-01-2012,14917.7321
1208,Solan,9,2,Himachal Pradesh,03-01-2012,14888.26956
1209,Una,7,2,Himachal Pradesh,03-01-2012,14895.44682
1210,Bilaspur,8,2,Himachal Pradesh,03-01-2012,14831.87082
1211,Chamba,1,2,Himachal Pradesh,03-01-2012,13967.62154
1212,Hamirpur,6,2,Himachal Pradesh,03-01-2012,14813.36191
1213,Kangra,2,2,Himachal Pradesh,03-01-2012,14524.86957
1214,Kinnaur,12,2,Himachal Pradesh,03-01-2012,13607.13444
1215,Lahul & Spiti,3,2,Himachal Pradesh,03-01-2012,13361.25217
1216,Kullu,4,2,Himachal Pradesh,03-01-2012,13910.70833
1217,Mandi,5,2,Himachal Pradesh,03-01-2012,14649.47883
1218,Rupnagar,7,3,Punjab,03-01-2012,14920.42223
1219,Amritsar,2,3,Punjab,03-01-2012,14762.09864
1220,Firozpur,11,3,Punjab,03-01-2012,14810.4943
1221,Bathinda,14,3,Punjab,03-01-2012,14843.10109
1222,Gurdaspur,1,3,Punjab,03-01-2012,14797.56715
1223,Faridkot,13,3,Punjab,03-01-2012,14800.34748
1224,Fatehgarh Sahib,8,3,Punjab,03-01-2012,14821.92649
1225,Hoshiarpur,5,3,Punjab,03-01-2012,14903.31009
1226,Jalandhar,4,3,Punjab,03-01-2012,14869.50508
1227,Kapurthala,3,3,Punjab,03-01-2012,14831.2737
1228,Ludhiana,9,3,Punjab,03-01-2012,14827.26038
1229,Mansa,15,3,Punjab,03-01-2012,14822.19863
1230,Moga,10,3,Punjab,03-01-2012,14785.55408
1231,Muktsar,12,3,Punjab,03-01-2012,14816.87188
1232,Nawanshahr,6,3,Punjab,03-01-2012,14875.81198
1233,Patiala,17,3,Punjab,03-01-2012,14850.02775
1234,Sangrur,16,3,Punjab,03-01-2012,14792.4393
1235,Rudraprayag,3,5,Uttarakhand,03-01-2012,14342.34222
1236,Tehri Garhwal,4,5,Uttarakhand,03-01-2012,14622.32336
1237,Udham Singh Nagar,12,5,Uttarakhand,03-01-2012,15016.29229
1238,Uttarkashi,1,5,Uttarakhand,03-01-2012,13962.26492
1239,Bageshwar,8,5,Uttarakhand,03-01-2012,14531.45819
1240,Almora,9,5,Uttarakhand,03-01-2012,14881.06077
1241,Chamoli,2,5,Uttarakhand,03-01-2012,13982.44068
1242,Champawat,10,5,Uttarakhand,03-01-2012,14881.15624
1243,Dehradun,5,5,Uttarakhand,03-01-2012,14880.60274
1244,Garhwal,6,5,Uttarakhand,03-01-2012,14867.46043
1245,Hardwar,13,5,Uttarakhand,03-01-2012,15008.9498
1246,Nainital,11,5,Uttarakhand,03-01-2012,14946.06343
1247,Pithoragarh,7,5,Uttarakhand,03-01-2012,14089.78624
1248,Rohtak,14,6,Haryana,03-01-2012,14980.09536
1249,Sirsa,11,6,Haryana,03-01-2012,14881.78706
1250,Sonipat,8,6,Haryana,03-01-2012,14937.64737
1251,Yamunanagar,3,6,Haryana,03-01-2012,14981.79232
1252,Jhajjar,15,6,Haryana,03-01-2012,15035.40632
1253,Mahendragarh,16,6,Haryana,03-01-2012,15136.90085
1254,Rewari,17,6,Haryana,03-01-2012,15086.34896
1255,Bhiwani,13,6,Haryana,03-01-2012,15074.05263
1256,Ambala,2,6,Haryana,03-01-2012,14958.53685
1257,Gurgaon,18,6,Haryana,03-01-2012,15105.72355
1258,Faridabad,19,6,Haryana,03-01-2012,15024.932
1259,Fatehabad,10,6,Haryana,03-01-2012,14833.4399
1260,Hisar,12,6,Haryana,03-01-2012,14952.89404
1261,Jind,9,6,Haryana,03-01-2012,14840.56696
1262,Kaithal,5,6,Haryana,03-01-2012,14828.40961
1263,Karnal,6,6,Haryana,03-01-2012,14867.26296
1264,Kurukshetra,4,6,Haryana,03-01-2012,14882.78874
1265,Panchkula,1,6,Haryana,03-01-2012,15052.3368
1266,Panipat,7,6,Haryana,03-01-2012,14908.88432
1267,Central,6,7,Delhi  & NCR,03-01-2012,15113.1666
1268,East,4,7,Delhi  & NCR,03-01-2012,15095.39209
1269,New Delhi,5,7,Delhi  & NCR,03-01-2012,15078.87173
1270,North,2,7,Delhi  & NCR,03-01-2012,15065.36266
1271,North East,3,7,Delhi  & NCR,03-01-2012,15081.11034
1272,North West,1,7,Delhi  & NCR,03-01-2012,15081.20714
1273,South,9,7,Delhi  & NCR,03-01-2012,15130.30673
1274,South West,8,7,Delhi  & NCR,03-01-2012,15142.55833
1275,West,7,7,Delhi  & NCR,03-01-2012,15157.60289
1276,Sirohi,19,8,Rajasthan,03-01-2012,15494.81763
1277,Tonk,22,8,Rajasthan,03-01-2012,15476.74209
1278,Sikar,13,8,Rajasthan,03-01-2012,15342.87022
1279,Alwar,6,8,Rajasthan,03-01-2012,15204.08012
1280,Udaipur,26,8,Rajasthan,03-01-2012,15530.51966
1281,Ganganagar,1,8,Rajasthan,03-01-2012,15186.63452
1282,Hanumangarh,2,8,Rajasthan,03-01-2012,15202.9187
1283,Baran,31,8,Rajasthan,03-01-2012,15489.06522
1284,Ajmer,21,8,Rajasthan,03-01-2012,15536.54832
1285,Banswara,28,8,Rajasthan,03-01-2012,15599.49025
1286,Barmer,17,8,Rajasthan,03-01-2012,15632.22577
1287,Bhilwara,24,8,Rajasthan,03-01-2012,15532.0208
1288,Bikaner,3,8,Rajasthan,03-01-2012,15553.54177
1289,Bharatpur,7,8,Rajasthan,03-01-2012,15269.53961
1290,Bundi,23,8,Rajasthan,03-01-2012,15377.51383
1291,Chittaurgarh,29,8,Rajasthan,03-01-2012,15532.66675
1292,Churu,4,8,Rajasthan,03-01-2012,15493.34796
1293,Dausa,11,8,Rajasthan,03-01-2012,15333.54298
1294,Dhaulpur,8,8,Rajasthan,03-01-2012,15389.11363
1295,Dungarpur,27,8,Rajasthan,03-01-2012,15593.04209
1296,Karauli,9,8,Rajasthan,03-01-2012,15433.84545
1297,Jaipur,12,8,Rajasthan,03-01-2012,15378.36311
1298,Jaisalmer,16,8,Rajasthan,03-01-2012,15661.55801
1299,Jalor,18,8,Rajasthan,03-01-2012,15566.0632
1300,Jhalawar,32,8,Rajasthan,03-01-2012,15594.329
1301,Jhunjhunun,5,8,Rajasthan,03-01-2012,15299.4481
1302,Jodhpur,15,8,Rajasthan,03-01-2012,15587.64715
1303,Kota,30,8,Rajasthan,03-01-2012,15414.05284
1304,Nagaur,14,8,Rajasthan,03-01-2012,15537.31372
1305,Pali,20,8,Rajasthan,03-01-2012,15609.28189
1306,Rajsamand,25,8,Rajasthan,03-01-2012,15476.22434
1307,Sawai Madhopur,10,8,Rajasthan,03-01-2012,15423.87414
1308,Shrawasti,51,9,Uttar Pradesh,03-01-2012,15062.5942
1309,Saharanpur,1,9,Uttar Pradesh,03-01-2012,14982.97327
1310,Sitapur,24,9,Uttar Pradesh,03-01-2012,15115.78498
1311,Sultanpur,49,9,Uttar Pradesh,03-01-2012,15156.43076
1312,Sonbhadra,70,9,Uttar Pradesh,03-01-2012,15361.17684
1313,Siddharthnagar,54,9,Uttar Pradesh,03-01-2012,15039.48673
1314,Unnao,26,9,Uttar Pradesh,03-01-2012,15108.55358
1315,Varanasi,67,9,Uttar Pradesh,03-01-2012,15144.36139
1316,Bulandshahr,11,9,Uttar Pradesh,03-01-2012,15005.89979
1317,Gautam Buddha Nagar,10,9,Uttar Pradesh,03-01-2012,15044.52267
1318,Ghaziabad,9,9,Uttar Pradesh,03-01-2012,15001.06336
1319,Auraiya,32,9,Uttar Pradesh,03-01-2012,15125.00972
1320,Azamgarh,61,9,Uttar Pradesh,03-01-2012,15138.23482
1321,Budaun,19,9,Uttar Pradesh,03-01-2012,15034.46135
1322,Agra,15,9,Uttar Pradesh,03-01-2012,15226.31195
1323,Aligarh,12,9,Uttar Pradesh,03-01-2012,15048.28974
1324,Allahabad,45,9,Uttar Pradesh,03-01-2012,15214.5701
1325,Ambedkar Nagar,48,9,Uttar Pradesh,03-01-2012,15121.9141
1326,Bareilly,20,9,Uttar Pradesh,03-01-2012,15052.62551
1327,Bijnor,3,9,Uttar Pradesh,03-01-2012,15053.19262
1328,Basti,55,9,Uttar Pradesh,03-01-2012,15110.59412
1329,Baghpat,8,9,Uttar Pradesh,03-01-2012,14978.30376
1330,Bahraich,50,9,Uttar Pradesh,03-01-2012,15070.31248
1331,Ballia,63,9,Uttar Pradesh,03-01-2012,15120.60169
1332,Balrampur,52,9,Uttar Pradesh,03-01-2012,15126.15418
1333,Banda,40,9,Uttar Pradesh,03-01-2012,15311.78762
1334,Barabanki,46,9,Uttar Pradesh,03-01-2012,15090.04815
1335,Chitrakoot,41,9,Uttar Pradesh,03-01-2012,15362.93855
1336,Chandauli,66,9,Uttar Pradesh,03-01-2012,15223.05377
1337,Deoria,60,9,Uttar Pradesh,03-01-2012,15094.43272
1338,Etah,17,9,Uttar Pradesh,03-01-2012,15054.99067
1339,Kanpur Dehat,33,9,Uttar Pradesh,03-01-2012,15145.22658
1340,Etawah,31,9,Uttar Pradesh,03-01-2012,15159.27596
1341,Faizabad,47,9,Uttar Pradesh,03-01-2012,15122.52723
1342,Ghazipur,65,9,Uttar Pradesh,03-01-2012,15136.9299
1343,Gonda,53,9,Uttar Pradesh,03-01-2012,15123.83568
1344,Gorakhpur,58,9,Uttar Pradesh,03-01-2012,15074.70439
1345,Farrukhabad,29,9,Uttar Pradesh,03-01-2012,15116.0689
1346,Fatehpur,42,9,Uttar Pradesh,03-01-2012,15151.08181
1347,Firozabad,16,9,Uttar Pradesh,03-01-2012,15166.72823
1348,Hamirpur,38,9,Uttar Pradesh,03-01-2012,15318.05204
1349,Hardoi,25,9,Uttar Pradesh,03-01-2012,15092.14501
1350,Hathras,13,9,Uttar Pradesh,03-01-2012,15137.54441
1351,Jalaun,35,9,Uttar Pradesh,03-01-2012,15269.10817
1352,Jaunpur,64,9,Uttar Pradesh,03-01-2012,15167.23512
1353,Jhansi,36,9,Uttar Pradesh,03-01-2012,15368.30303
1354,Jyotiba Phule Nagar,6,9,Uttar Pradesh,03-01-2012,15011.80485
1355,Kannauj,30,9,Uttar Pradesh,03-01-2012,15145.78403
1356,Kanpur Nagar,34,9,Uttar Pradesh,03-01-2012,15126.60521
1357,Kaushambi,44,9,Uttar Pradesh,03-01-2012,15168.93015
1358,Kheri,23,9,Uttar Pradesh,03-01-2012,15111.69177
1359,Mirzapur,69,9,Uttar Pradesh,03-01-2012,15328.9354
1360,Moradabad,4,9,Uttar Pradesh,03-01-2012,15013.40113
1361,Muzaffarnagar,2,9,Uttar Pradesh,03-01-2012,14971.66905
1362,Rae Bareli,28,9,Uttar Pradesh,03-01-2012,15112.98423
1363,Kushinagar,59,9,Uttar Pradesh,03-01-2012,15077.09262
1364,Lucknow,27,9,Uttar Pradesh,03-01-2012,15119.36727
1365,Lalitpur,37,9,Uttar Pradesh,03-01-2012,15386.41548
1366,Mahrajganj,57,9,Uttar Pradesh,03-01-2012,15036.99778
1367,Mahoba,39,9,Uttar Pradesh,03-01-2012,15401.71091
1368,Mainpuri,18,9,Uttar Pradesh,03-01-2012,15108.13404
1369,Mathura,14,9,Uttar Pradesh,03-01-2012,15083.31525
1370,Mau,62,9,Uttar Pradesh,03-01-2012,15117.81931
1371,Meerut,7,9,Uttar Pradesh,03-01-2012,14998.87933
1372,Pilibhit,21,9,Uttar Pradesh,03-01-2012,15053.44326
1373,Pratapgarh,43,9,Uttar Pradesh,03-01-2012,15165.96853
1374,Rampur,5,9,Uttar Pradesh,03-01-2012,14985.93537
1375,Sant Ravidas Nagar Bhadohi,68,9,Uttar Pradesh,03-01-2012,15139.58878
1376,Sant Kabir Nagar,56,9,Uttar Pradesh,03-01-2012,15073.76877
1377,Shahjahanpur,22,9,Uttar Pradesh,03-01-2012,15072.26387
1378,Sheikhpura,26,10,Bihar,03-01-2012,15256.32369
1379,Sheohar,3,10,Bihar,03-01-2012,15047.10252
1380,Saharsa,12,10,Bihar,03-01-2012,15067.20022
1381,Sitamarhi,4,10,Bihar,03-01-2012,15072.72508
1382,Siwan,16,10,Bihar,03-01-2012,15117.81619
1383,Supaul,6,10,Bihar,03-01-2012,15073.01608
1384,Vaishali,18,10,Bihar,03-01-2012,15124.30495
1385,Kaimur (Bhabua),31,10,Bihar,03-01-2012,15295.88084
1386,Gaya,35,10,Bihar,03-01-2012,15334.86783
1387,Bhojpur,29,10,Bihar,03-01-2012,15178.70799
1388,Buxar,30,10,Bihar,03-01-2012,15143.00837
1389,Jehanabad,33,10,Bihar,03-01-2012,15232.25847
1390,Rohtas,32,10,Bihar,03-01-2012,15220.66476
1391,Araria,7,10,Bihar,03-01-2012,15034.44148
1392,Aurangabad,34,10,Bihar,03-01-2012,15308.26403
1393,Banka,23,10,Bihar,03-01-2012,15371.01452
1394,Bhagalpur,22,10,Bihar,03-01-2012,15177.42633
1395,Begusarai,20,10,Bihar,03-01-2012,15168.22489
1396,Saran,17,10,Bihar,03-01-2012,15099.65818
1397,Katihar,10,10,Bihar,03-01-2012,15057.24373
1398,Darbhanga,13,10,Bihar,03-01-2012,15105.16773
1399,Gopalganj,15,10,Bihar,03-01-2012,15109.30449
1400,Jamui,37,10,Bihar,03-01-2012,15376.41981
1401,Kishanganj,8,10,Bihar,03-01-2012,15142.08215
1402,Muzaffarpur,14,10,Bihar,03-01-2012,15067.11987
1403,Purnia,9,10,Bihar,03-01-2012,15047.61138
1404,Khagaria,21,10,Bihar,03-01-2012,15051.0036
1405,Madhubani,5,10,Bihar,03-01-2012,15107.33233
1406,Lakhisarai,25,10,Bihar,03-01-2012,15260.97956
1407,Madhepura,11,10,Bihar,03-01-2012,15058.03683
1408,Purba Champaran,2,10,Bihar,03-01-2012,15077.19664
1409,Munger,24,10,Bihar,03-01-2012,15266.18049
1410,Nalanda,27,10,Bihar,03-01-2012,15241.40856
1411,Nawada,36,10,Bihar,03-01-2012,15279.21567
1412,Pashchim Champaran,1,10,Bihar,03-01-2012,15109.30304
1413,Patna,28,10,Bihar,03-01-2012,15203.65932
1414,Samastipur,19,10,Bihar,03-01-2012,15113.60479
1415,South,3,11,Sikkim,03-01-2012,14597.96537
1416,West,2,11,Sikkim,03-01-2012,14377.99774
1417,East,4,11,Sikkim,03-01-2012,14468.28497
1418,North,1,11,Sikkim,03-01-2012,13875.86443
1419,Tawang,1,12,Arunanchal Pradesh,03-01-2012,13972.18436
1420,Tirap,13,12,Arunanchal Pradesh,03-01-2012,14758.88296
1421,West Kameng,2,12,Arunanchal Pradesh,03-01-2012,14444.78875
1422,West Siang,7,12,Arunanchal Pradesh,03-01-2012,14461.01765
1423,Upper Siang,9,12,Arunanchal Pradesh,03-01-2012,14269.27888
1424,Upper Subansiri,6,12,Arunanchal Pradesh,03-01-2012,14297.85492
1425,Changlang,12,12,Arunanchal Pradesh,03-01-2012,14687.18915
1426,Dibang Valley,10,12,Arunanchal Pradesh,03-01-2012,14144.05701
1427,East Kameng,3,12,Arunanchal Pradesh,03-01-2012,14476.80144
1428,East Siang,8,12,Arunanchal Pradesh,03-01-2012,14748.54561
1429,Lohit,11,12,Arunanchal Pradesh,03-01-2012,14332.94409
1430,Lower Subansiri,5,12,Arunanchal Pradesh,03-01-2012,14408.95604
1431,Papum Pare,4,12,Arunanchal Pradesh,03-01-2012,14644.15834
1432,Tuensang,2,13,Nagaland,03-01-2012,14786.88999
1433,Wokha,5,13,Nagaland,03-01-2012,14897.71199
1434,Zunheboto,4,13,Nagaland,03-01-2012,14818.71238
1435,Dimapur,6,13,Nagaland,03-01-2012,15078.9446
1436,Kohima,7,13,Nagaland,03-01-2012,14907.35229
1437,Mokokchung,3,13,Nagaland,03-01-2012,14854.3911
1438,Mon,1,13,Nagaland,03-01-2012,14840.84853
1439,Phek,8,13,Nagaland,03-01-2012,14812.16669
1440,Tamenglong,2,14,Manipur,03-01-2012,14826.09147
1441,Thoubal,5,14,Manipur,03-01-2012,15121.28125
1442,Ukhrul,8,14,Manipur,03-01-2012,14896.63089
1443,Bishnupur,4,14,Manipur,03-01-2012,14997.35329
1444,Chandel,9,14,Manipur,03-01-2012,14994.19602
1445,Churachandpur,3,14,Manipur,03-01-2012,14948.91664
1446,Imphal East,7,14,Manipur,03-01-2012,15067.69524
1447,Imphal West,6,14,Manipur,03-01-2012,14935.87378
1448,Senapati (Excl. 3 sub-divisions),1,14,Manipur,03-01-2012,14873.71357
1449,Aizawl,3,15,Mizoram,03-01-2012,14987.04814
1450,Champhai,4,15,Mizoram,03-01-2012,14930.27664
1451,Kolasib,2,15,Mizoram,03-01-2012,14997.68941
1452,Mamit,1,15,Mizoram,03-01-2012,15017.43922
1453,Lunglei,6,15,Mizoram,03-01-2012,14999.16049
1454,Lawngtlai,7,15,Mizoram,03-01-2012,15071.10332
1455,Saiha,8,15,Mizoram,03-01-2012,14971.28035
1456,Serchhip,5,15,Mizoram,03-01-2012,14952.2677
1457,South Tripura,2,16,Tripura,03-01-2012,15160.34421
1458,West Tripura,1,16,Tripura,03-01-2012,15189.88671
1459,Dhalai,3,16,Tripura,03-01-2012,15118.50038
1460,North Tripura,4,16,Tripura,03-01-2012,15116.70764
1461,Ri Bhoi,5,17,Meghalaya,03-01-2012,15036.16011
1462,South Garo Hills,3,17,Meghalaya,03-01-2012,15049.02499
1463,West Garo Hills,1,17,Meghalaya,03-01-2012,15139.7776
1464,West Khasi Hills,4,17,Meghalaya,03-01-2012,14977.96455
1465,East Garo Hills,2,17,Meghalaya,03-01-2012,15134.94496
1466,East Khasi Hills,6,17,Meghalaya,03-01-2012,14922.26356
1467,Jaintia Hills,7,17,Meghalaya,03-01-2012,14949.03004
1468,Sonitpur,11,18,Assam,03-01-2012,15085.94979
1469,Sibsagar,16,18,Assam,03-01-2012,15009.43014
1470,Tinsukia,14,18,Assam,03-01-2012,14987.9864
1471,Barpeta,5,18,Assam,03-01-2012,15136.04301
1472,Bongaigaon,4,18,Assam,03-01-2012,15104.03539
1473,Cachar,21,18,Assam,03-01-2012,14994.7992
1474,Darrang,8,18,Assam,03-01-2012,15097.86351
1475,Dhemaji,13,18,Assam,03-01-2012,15056.92417
1476,Dhubri,2,18,Assam,03-01-2012,15141.72069
1477,Dibrugarh,15,18,Assam,03-01-2012,15060.49953
1478,Kamrup,6,18,Assam,03-01-2012,15096.66497
1479,Karbi Anglong,19,18,Assam,03-01-2012,15009.51648
1480,Goalpara,3,18,Assam,03-01-2012,15171.62147
1481,Golaghat,18,18,Assam,03-01-2012,15087.64731
1482,Hailakandi,23,18,Assam,03-01-2012,15074.05786
1483,Jorhat,17,18,Assam,03-01-2012,15029.1007
1484,Karimganj,22,18,Assam,03-01-2012,15082.59848
1485,Kokrajhar,1,18,Assam,03-01-2012,15161.93385
1486,Lakhimpur,12,18,Assam,03-01-2012,15114.17008
1487,Nagaon,10,18,Assam,03-01-2012,15132.73844
1488,Marigaon,9,18,Assam,03-01-2012,15077.90386
1489,Nalbari,7,18,Assam,03-01-2012,15146.13777
1490,North Cachar Hills,20,18,Assam,03-01-2012,15029.75603
1491,South  Twenty Four Parganas,18,19,West Bengal,03-01-2012,15194.53764
1492,Uttar Dinajpur,4,19,West Bengal,03-01-2012,15081.23993
1493,Barddhaman,9,19,West Bengal,03-01-2012,15244.29185
1494,Birbhum,8,19,West Bengal,03-01-2012,15278.74286
1495,Bankura,13,19,West Bengal,03-01-2012,15342.01851
1496,Dakshin Dinajpur,5,19,West Bengal,03-01-2012,15176.70781
1497,Darjiling,1,19,West Bengal,03-01-2012,14874.46841
1498,Haora,16,19,West Bengal,03-01-2012,15171.00328
1499,Hugli,12,19,West Bengal,03-01-2012,15247.99104
1500,Jalpaiguri,2,19,West Bengal,03-01-2012,15101.43999
1501,Koch Bihar,3,19,West Bengal,03-01-2012,15082.3041
1502,Murshidabad,7,19,West Bengal,03-01-2012,15185.2491
1503,Puruliya,14,19,West Bengal,03-01-2012,15390.69984
1504,Kolkata,17,19,West Bengal,03-01-2012,15345.41243
1505,Maldah,6,19,West Bengal,03-01-2012,15164.54017
1506,Nadia,10,19,West Bengal,03-01-2012,15234.21165
1507,North Twenty Four Parganas,11,19,West Bengal,03-01-2012,15144.86478
1508,Medinipur,15,19,West Bengal,03-01-2012,15292.45744
1509,Ranchi,14,20,Jharkhand,03-01-2012,15343.06171
1510,Sahibganj,9,20,Jharkhand,03-01-2012,15318.45607
1511,Garhwa,1,20,Jharkhand,03-01-2012,15386.92025
1512,Palamu,2,20,Jharkhand,03-01-2012,15354.92977
1513,Chatra,3,20,Jharkhand,03-01-2012,15388.74596
1514,Hazaribagh,4,20,Jharkhand,03-01-2012,15356.65847
1515,Kodarma,5,20,Jharkhand,03-01-2012,15372.13323
1516,Bokaro,13,20,Jharkhand,03-01-2012,15382.03787
1517,Deoghar,7,20,Jharkhand,03-01-2012,15444.57769
1518,Dhanbad,12,20,Jharkhand,03-01-2012,15407.03976
1519,Dumka,11,20,Jharkhand,03-01-2012,15432.34367
1520,Giridih,6,20,Jharkhand,03-01-2012,15427.01679
1521,Godda,8,20,Jharkhand,03-01-2012,15361.38794
1522,Gumla,16,20,Jharkhand,03-01-2012,15389.40178
1523,Purbi Singhbhum,18,20,Jharkhand,03-01-2012,15438.66679
1524,Lohardaga,15,20,Jharkhand,03-01-2012,15282.24615
1525,Pakaur,10,20,Jharkhand,03-01-2012,15447.02802
1526,Pashchimi Singhbhum,17,20,Jharkhand,03-01-2012,15403.17922
1527,Rayagada,27,21,Orissa,03-01-2012,15510.43945
1528,Sundargarh,5,21,Orissa,03-01-2012,15445.15856
1529,Sonapur,23,21,Orissa,03-01-2012,15432.49511
1530,Anugul,15,21,Orissa,03-01-2012,15419.60131
1531,Bhadrak,9,21,Orissa,03-01-2012,15442.57242
1532,Baudh,22,21,Orissa,03-01-2012,15485.58083
1533,Balangir,24,21,Orissa,03-01-2012,15627.32448
1534,Baleshwar,8,21,Orissa,03-01-2012,15378.24016
1535,Bargarh,1,21,Orissa,03-01-2012,15464.54434
1536,Kendrapara,10,21,Orissa,03-01-2012,15365.03135
1537,Kendujhar,6,21,Orissa,03-01-2012,15460.74331
1538,Debagarh,4,21,Orissa,03-01-2012,15388.17652
1539,Cuttack,12,21,Orissa,03-01-2012,15452.94567
1540,Dhenkanal,14,21,Orissa,03-01-2012,15454.91152
1541,Kalahandi,26,21,Orissa,03-01-2012,15580.17391
1542,Ganjam,19,21,Orissa,03-01-2012,15527.65508
1543,Gajapati,20,21,Orissa,03-01-2012,15462.47173
1544,Jajapur,13,21,Orissa,03-01-2012,15476.46696
1545,Jagatsinghapur,11,21,Orissa,03-01-2012,15431.27282
1546,Jharsuguda,2,21,Orissa,03-01-2012,15447.3784
1547,Khordha,17,21,Orissa,03-01-2012,15494.35744
1548,Mayurbhanj,7,21,Orissa,03-01-2012,15399.49967
1549,Puri,18,21,Orissa,03-01-2012,15373.0526
1550,Koraput,29,21,Orissa,03-01-2012,15550.30727
1551,Malkangiri,30,21,Orissa,03-01-2012,15536.78951
1552,Nabarangapur,28,21,Orissa,03-01-2012,15666.36195
1553,Nayagarh,16,21,Orissa,03-01-2012,15464.74061
1554,Nuapada,25,21,Orissa,03-01-2012,15646.94956
1555,Kandhamal,21,21,Orissa,03-01-2012,15441.47939
1556,Sambalpur,3,21,Orissa,03-01-2012,15392.40588
1557,Surguja,2,22,Chhattisgarh,03-01-2012,15374.16425
1558,Bilaspur,7,22,Chhattisgarh,03-01-2012,15448.99704
1559,Janjgir - Champa,6,22,Chhattisgarh,03-01-2012,15435.69198
1560,Korba,5,22,Chhattisgarh,03-01-2012,15389.96977
1561,Kawardha,8,22,Chhattisgarh,03-01-2012,15551.25442
1562,Bastar,15,22,Chhattisgarh,03-01-2012,15556.62544
1563,Dantewada,16,22,Chhattisgarh,03-01-2012,15557.29031
1564,Dhamtari,13,22,Chhattisgarh,03-01-2012,15491.57587
1565,Durg,10,22,Chhattisgarh,03-01-2012,15571.98619
1566,Kanker,14,22,Chhattisgarh,03-01-2012,15556.47005
1567,Jashpur,3,22,Chhattisgarh,03-01-2012,15412.79748
1568,Koriya,1,22,Chhattisgarh,03-01-2012,15385.36169
1569,Mahasamund,12,22,Chhattisgarh,03-01-2012,15557.19512
1570,Raigarh,4,22,Chhattisgarh,03-01-2012,15453.01693
1571,Raipur,11,22,Chhattisgarh,03-01-2012,15581.20948
1572,Rajnandgaon,9,22,Chhattisgarh,03-01-2012,15584.25562
1573,Shajapur,22,23,Madhya Pradesh,03-01-2012,15645.50946
1574,Shivpuri,6,23,Madhya Pradesh,03-01-2012,15484.14248
1575,Ratlam,20,23,Madhya Pradesh,03-01-2012,15664.74094
1576,Rewa,14,23,Madhya Pradesh,03-01-2012,15380.14446
1577,Sagar,11,23,Madhya Pradesh,03-01-2012,15581.0475
1578,Sidhi,17,23,Madhya Pradesh,03-01-2012,15383.48198
1579,Ujjain,21,23,Madhya Pradesh,03-01-2012,15572.43409
1580,Vidisha,31,23,Madhya Pradesh,03-01-2012,15554.61472
1581,West Nimar,27,23,Madhya Pradesh,03-01-2012,15764.31697
1582,Morena,2,23,Madhya Pradesh,03-01-2012,15357.91752
1583,Sheopur,1,23,Madhya Pradesh,03-01-2012,15498.89014
1584,Dindori,41,23,Madhya Pradesh,03-01-2012,15531.47735
1585,Mandla,42,23,Madhya Pradesh,03-01-2012,15500.6638
1586,Shahdol,16,23,Madhya Pradesh,03-01-2012,15473.47444
1587,Umaria,15,23,Madhya Pradesh,03-01-2012,15434.51847
1588,Bhind,3,23,Madhya Pradesh,03-01-2012,15338.34566
1589,Bhopal,32,23,Madhya Pradesh,03-01-2012,15519.25863
1590,Barwani,28,23,Madhya Pradesh,03-01-2012,15815.4534
1591,Betul,35,23,Madhya Pradesh,03-01-2012,15714.0256
1592,Balaghat,45,23,Madhya Pradesh,03-01-2012,15455.0449
1593,Chhatarpur,9,23,Madhya Pradesh,03-01-2012,15442.22379
1594,Chhindwara,43,23,Madhya Pradesh,03-01-2012,15669.31044
1595,Dewas,23,23,Madhya Pradesh,03-01-2012,15646.3862
1596,Katni,38,23,Madhya Pradesh,03-01-2012,15441.24546
1597,Datia,5,23,Madhya Pradesh,03-01-2012,15283.99136
1598,Damoh,12,23,Madhya Pradesh,03-01-2012,15587.66057
1599,Dhar,25,23,Madhya Pradesh,03-01-2012,15730.20868
1600,East Nimar,29,23,Madhya Pradesh,03-01-2012,15730.57931
1601,Guna,7,23,Madhya Pradesh,03-01-2012,15534.77265
1602,Gwalior,4,23,Madhya Pradesh,03-01-2012,15373.44674
1603,Harda,36,23,Madhya Pradesh,03-01-2012,15525.9313
1604,Hoshangabad,37,23,Madhya Pradesh,03-01-2012,15373.45613
1605,Indore,26,23,Madhya Pradesh,03-01-2012,15566.28663
1606,Jabalpur,39,23,Madhya Pradesh,03-01-2012,15434.14892
1607,Jhabua,24,23,Madhya Pradesh,03-01-2012,15752.73983
1608,Mandsaur,19,23,Madhya Pradesh,03-01-2012,15603.47726
1609,Tikamgarh,8,23,Madhya Pradesh,03-01-2012,15385.48554
1610,Narsimhapur,40,23,Madhya Pradesh,03-01-2012,15511.18313
1611,Neemuch,18,23,Madhya Pradesh,03-01-2012,15569.77942
1612,Panna,10,23,Madhya Pradesh,03-01-2012,15511.10281
1613,Raisen,34,23,Madhya Pradesh,03-01-2012,15535.72072
1614,Rajgarh,30,23,Madhya Pradesh,03-01-2012,15674.72172
1615,Satna,13,23,Madhya Pradesh,03-01-2012,15388.44684
1616,Sehore,33,23,Madhya Pradesh,03-01-2012,15597.42105
1617,Seoni,44,23,Madhya Pradesh,03-01-2012,15597.64774
1618,Sabar Kantha,5,24,Gujarat,03-01-2012,15483.13276
1619,Surendranagar,8,24,Gujarat,03-01-2012,15671.34285
1620,The Dangs,23,24,Gujarat,03-01-2012,15706.80252
1621,Vadodara,19,24,Gujarat,03-01-2012,15530.84818
1622,Valsad,25,24,Gujarat,03-01-2012,15593.8733
1623,Bharuch,21,24,Gujarat,03-01-2012,15601.22657
1624,Surat,22,24,Gujarat,03-01-2012,15560.44479
1625,Anand,15,24,Gujarat,03-01-2012,15409.14418
1626,Ahmadabad,7,24,Gujarat,03-01-2012,15618.71572
1627,Amreli,13,24,Gujarat,03-01-2012,15787.77425
1628,Bhavnagar,14,24,Gujarat,03-01-2012,15763.10309
1629,Banas Kantha,2,24,Gujarat,03-01-2012,15498.42872
1630,Dohad,18,24,Gujarat,03-01-2012,15623.61304
1631,Junagadh,12,24,Gujarat,03-01-2012,15687.04077
1632,Kachchh,1,24,Gujarat,03-01-2012,15546.43791
1633,Gandhinagar,6,24,Gujarat,03-01-2012,15478.66668
1634,Jamnagar,10,24,Gujarat,03-01-2012,15663.61651
1635,Kheda,16,24,Gujarat,03-01-2012,15498.0264
1636,Mahesana,4,24,Gujarat,03-01-2012,15451.82031
1637,Narmada,20,24,Gujarat,03-01-2012,15658.03588
1638,Navsari,24,24,Gujarat,03-01-2012,15495.1122
1639,Panch Mahals,17,24,Gujarat,03-01-2012,15529.68793
1640,Patan,3,24,Gujarat,03-01-2012,15589.39666
1641,Porbandar,11,24,Gujarat,03-01-2012,15627.2949
1642,Rajkot,9,24,Gujarat,03-01-2012,15729.258
1643,Daman,2,25,Daman & Diu,03-01-2012,15390.95091
1644,Diu,1,25,Daman & Diu,03-01-2012,15375.45455
1645,Ratnagiri,32,27,Maharashtra,03-01-2012,15508.37896
1646,Raigarh,24,27,Maharashtra,03-01-2012,15592.92642
1647,Thane,21,27,Maharashtra,03-01-2012,15678.65031
1648,Solapur,30,27,Maharashtra,03-01-2012,15863.4449
1649,Sindhudurg,33,27,Maharashtra,03-01-2012,15417.74603
1650,Wardha,8,27,Maharashtra,03-01-2012,15845.47953
1651,Washim,6,27,Maharashtra,03-01-2012,15916.98489
1652,Yavatmal,14,27,Maharashtra,03-01-2012,15849.35315
1653,Aurangabad,19,27,Maharashtra,03-01-2012,15810.75199
1654,Ahmadnagar,26,27,Maharashtra,03-01-2012,15800.53152
1655,Akola,5,27,Maharashtra,03-01-2012,15924.73346
1656,Amravati,7,27,Maharashtra,03-01-2012,15830.8073
1657,Bid,27,27,Maharashtra,03-01-2012,15853.73708
1658,Bhandara,10,27,Maharashtra,03-01-2012,15592.5879
1659,Buldana,4,27,Maharashtra,03-01-2012,15899.30168
1660,Chandrapur,13,27,Maharashtra,03-01-2012,15698.20005
1661,Dhule,2,27,Maharashtra,03-01-2012,15848.23642
1662,Gadchiroli,12,27,Maharashtra,03-01-2012,15564.4048
1663,Gondiya,11,27,Maharashtra,03-01-2012,15526.23784
1664,Hingoli,16,27,Maharashtra,03-01-2012,15814.44177
1665,Jalgaon,3,27,Maharashtra,03-01-2012,15789.39981
1666,Jalna,18,27,Maharashtra,03-01-2012,15896.92086
1667,Kolhapur,34,27,Maharashtra,03-01-2012,15595.30728
1668,Latur,28,27,Maharashtra,03-01-2012,15864.49586
1669,Pune,25,27,Maharashtra,03-01-2012,15703.26545
1670,Nagpur,9,27,Maharashtra,03-01-2012,15722.43016
1671,Mumbai,23,27,Maharashtra,03-01-2012,15320.95552
1672,Mumbai (Suburban),22,27,Maharashtra,03-01-2012,15397.91126
1673,Nanded,15,27,Maharashtra,03-01-2012,15820.89045
1674,Nandurbar,1,27,Maharashtra,03-01-2012,15763.12319
1675,Nashik,20,27,Maharashtra,03-01-2012,15784.19578
1676,Osmanabad,29,27,Maharashtra,03-01-2012,15893.13266
1677,Parbhani,17,27,Maharashtra,03-01-2012,15827.9008
1678,Sangli,35,27,Maharashtra,03-01-2012,15874.74063
1679,Satara,31,27,Maharashtra,03-01-2012,15777.04412
1680,Rangareddi,6,28,Andhra Pradesh,03-01-2012,15799.84799
1681,Srikakulam,11,28,Andhra Pradesh,03-01-2012,15534.28268
1682,West Godavari,15,28,Andhra Pradesh,03-01-2012,15313.63656
1683,Visakhapatnam,13,28,Andhra Pradesh,03-01-2012,15459.43929
1684,Vizianagaram,12,28,Andhra Pradesh,03-01-2012,15540.42128
1685,Warangal,9,28,Andhra Pradesh,03-01-2012,15627.23309
1686,Anantapur,22,28,Andhra Pradesh,03-01-2012,15822.50473
1687,Adilabad,1,28,Andhra Pradesh,03-01-2012,15756.26313
1688,Chittoor,23,28,Andhra Pradesh,03-01-2012,15597.73499
1689,Cuddapah,20,28,Andhra Pradesh,03-01-2012,15702.16477
1690,East Godavari,14,28,Andhra Pradesh,03-01-2012,15317.8875
1691,Karimnagar,3,28,Andhra Pradesh,03-01-2012,15572.71176
1692,Guntur,17,28,Andhra Pradesh,03-01-2012,15481.30081
1693,Hyderabad,5,28,Andhra Pradesh,03-01-2012,15578.38842
1694,Khammam,10,28,Andhra Pradesh,03-01-2012,15566.21215
1695,Medak,4,28,Andhra Pradesh,03-01-2012,15747.0029
1696,Krishna,16,28,Andhra Pradesh,03-01-2012,15425.63956
1697,Kurnool,21,28,Andhra Pradesh,03-01-2012,15814.26885
1698,Mahbubnagar,7,28,Andhra Pradesh,03-01-2012,15785.38473
1699,Nalgonda,8,28,Andhra Pradesh,03-01-2012,15640.15869
1700,Nellore,19,28,Andhra Pradesh,03-01-2012,15487.62673
1701,Nizamabad,2,28,Andhra Pradesh,03-01-2012,15558.47637
1702,Prakasam,18,28,Andhra Pradesh,03-01-2012,15657.08566
1703,Shimoga,15,29,Karnataka,03-01-2012,15388.51615
1704,Tumkur,18,29,Karnataka,03-01-2012,15678.05392
1705,Udupi,16,29,Karnataka,03-01-2012,15273.98264
1706,Uttara Kannada,10,29,Karnataka,03-01-2012,15272.41305
1707,Bagalkot,2,29,Karnataka,03-01-2012,15750.4473
1708,Bangalore,20,29,Karnataka,03-01-2012,15579.33094
1709,Bidar,5,29,Karnataka,03-01-2012,15884.76772
1710,Bijapur,3,29,Karnataka,03-01-2012,15954.79355
1711,Belgaum,1,29,Karnataka,03-01-2012,15698.34867
1712,Bellary,12,29,Karnataka,03-01-2012,15721.74266
1713,Bangalore Rural,21,29,Karnataka,03-01-2012,15627.8622
1714,Chamarajanagar,27,29,Karnataka,03-01-2012,15602.56397
1715,Chikmagalur,17,29,Karnataka,03-01-2012,15393.68267
1716,Chitradurga,13,29,Karnataka,03-01-2012,15799.76302
1717,Dakshina Kannada,24,29,Karnataka,03-01-2012,15239.14034
1718,Davanagere,14,29,Karnataka,03-01-2012,15631.50001
1719,Dharwad,9,29,Karnataka,03-01-2012,15799.53005
1720,Gulbarga,4,29,Karnataka,03-01-2012,15906.90826
1721,Gadag,8,29,Karnataka,03-01-2012,15906.78216
1722,Hassan,23,29,Karnataka,03-01-2012,15528.47242
1723,Haveri,11,29,Karnataka,03-01-2012,15728.97697
1724,Kodagu,25,29,Karnataka,03-01-2012,15163.61151
1725,Kolar,19,29,Karnataka,03-01-2012,15707.92801
1726,Mandya,22,29,Karnataka,03-01-2012,15511.3537
1727,Koppal,7,29,Karnataka,03-01-2012,15784.28097
1728,Mysore,26,29,Karnataka,03-01-2012,15611.79785
1729,Raichur,6,29,Karnataka,03-01-2012,15762.6185
1730,South Goa,2,30,Goa,03-01-2012,15273.31993
1731,North Goa,1,30,Goa,03-01-2012,15326.34976
1732,Thrissur,7,32,Kerala,03-01-2012,15249.58202
1733,Thiruvananthapuram,14,32,Kerala,03-01-2012,15215.46657
1734,Wayanad,3,32,Kerala,03-01-2012,15183.03318
1735,Alappuzha,11,32,Kerala,03-01-2012,15194.05516
1736,Kasaragod,1,32,Kerala,03-01-2012,15299.46822
1737,Kannur,2,32,Kerala,03-01-2012,15254.18041
1738,Ernakulam,8,32,Kerala,03-01-2012,15253.46399
1739,Idukki,9,32,Kerala,03-01-2012,15128.84051
1740,Kollam,13,32,Kerala,03-01-2012,15213.97101
1741,Kottayam,10,32,Kerala,03-01-2012,15217.38075
1742,Kozhikode,4,32,Kerala,03-01-2012,15212.26675
1743,Malappuram,5,32,Kerala,03-01-2012,15230.16782
1744,Palakkad,6,32,Kerala,03-01-2012,15269.55825
1745,Pathanamthitta,12,32,Kerala,03-01-2012,15167.58195
1746,Sivaganga,23,33,Tamil Nadu,03-01-2012,15604.83885
1747,Tiruchirappalli,15,33,Tamil Nadu,03-01-2012,15582.18015
1748,Tirunelveli,29,33,Tamil Nadu,03-01-2012,15496.35049
1749,Tiruvannamalai,6,33,Tamil Nadu,03-01-2012,15493.17675
1750,Thoothukkudi,28,33,Tamil Nadu,03-01-2012,15636.35205
1751,Theni,25,33,Tamil Nadu,03-01-2012,15412.91434
1752,Vellore,4,33,Tamil Nadu,03-01-2012,15535.81118
1753,Viluppuram,7,33,Tamil Nadu,03-01-2012,15501.87069
1754,Virudhunagar,26,33,Tamil Nadu,03-01-2012,15700.10844
1755,Chennai,2,33,Tamil Nadu,03-01-2012,15430.85513
1756,Kancheepuram,3,33,Tamil Nadu,03-01-2012,15415.46523
1757,Thiruvallur,1,33,Tamil Nadu,03-01-2012,15465.44282
1758,Thanjavur,21,33,Tamil Nadu,03-01-2012,15456.27153
1759,Thiruvarur,20,33,Tamil Nadu,03-01-2012,15430.77941
1760,Nagapattinam,19,33,Tamil Nadu,03-01-2012,15409.81959
1761,Ariyalur,17,33,Tamil Nadu,03-01-2012,15509.05539
1762,Coimbatore,12,33,Tamil Nadu,03-01-2012,15475.45024
1763,Cuddalore,18,33,Tamil Nadu,03-01-2012,15512.68194
1764,Dharmapuri,5,33,Tamil Nadu,03-01-2012,15592.06567
1765,Dindigul,13,33,Tamil Nadu,03-01-2012,15466.11729
1766,Erode,10,33,Tamil Nadu,03-01-2012,15547.66584
1767,Kanniyakumari,30,33,Tamil Nadu,03-01-2012,15254.84975
1768,Karur,14,33,Tamil Nadu,03-01-2012,15695.91004
1769,Madurai,24,33,Tamil Nadu,03-01-2012,15587.36928
1770,Namakkal,9,33,Tamil Nadu,03-01-2012,15601.91473
1771,The Nilgiris,11,33,Tamil Nadu,03-01-2012,15168.70938
1772,Perambalur,16,33,Tamil Nadu,03-01-2012,15605.67601
1773,Pudukkottai,22,33,Tamil Nadu,03-01-2012,15585.97866
1774,Ramanathapuram,27,33,Tamil Nadu,03-01-2012,15601.08809
1775,Salem,8,33,Tamil Nadu,03-01-2012,15527.0796
1776,Yanam,1,34,Puducherry,03-01-2012,15253.56175
1777,Karaikal,4,34,Puducherry,03-01-2012,15401.42036
1778,Mahe,3,34,Puducherry,03-01-2012,15224.56745
1779,Pondicherry,2,34,Puducherry,03-01-2012,15466.93908
1780,Nicobars,2,35,Andaman & Nicobar Island,03-01-2012,15080.92599
1781,Andamans,1,35,Andaman & Nicobar Island,03-01-2012,15097.53286
1782,Lakshadweep,1,31,Lakshadweep,04-01-2012,15118.75709
1783,Chandigarh,1,4,Chandigarh,04-01-2012,15404.82353
1784,Dadra & Nagar Haveli,1,26,Dadara & Nagar Havelli,04-01-2012,15830.57603
1785,Data Not Available,99,99,Jammu and Kashmir,04-01-2012,13959.65093
1786,Srinagar,3,1,Jammu and Kashmir,04-01-2012,14134.93662
1787,Udhampur,10,1,Jammu and Kashmir,04-01-2012,14799.35812
1788,Anantnag,6,1,Jammu and Kashmir,04-01-2012,14136.98472
1789,Badgam,4,1,Jammu and Kashmir,04-01-2012,14430.03993
1790,Baramula,2,1,Jammu and Kashmir,04-01-2012,14250.99631
1791,Doda,9,1,Jammu and Kashmir,04-01-2012,14006.51717
1792,Jammu,13,1,Jammu and Kashmir,04-01-2012,15243.14339
1793,Kargil,8,1,Jammu and Kashmir,04-01-2012,13878.15621
1794,Kathua,14,1,Jammu and Kashmir,04-01-2012,15057.28246
1795,Leh (Ladakh),7,1,Jammu and Kashmir,04-01-2012,14122.86051
1796,Kupwara,1,1,Jammu and Kashmir,04-01-2012,14371.76631
1797,Punch,11,1,Jammu and Kashmir,04-01-2012,14747.05316
1798,Pulwama,5,1,Jammu and Kashmir,04-01-2012,14634.9021
1799,Rajauri,12,1,Jammu and Kashmir,04-01-2012,15043.25412
1800,Shimla,11,2,Himachal Pradesh,04-01-2012,14635.46129
1801,Sirmaur,10,2,Himachal Pradesh,04-01-2012,15143.89448
1802,Solan,9,2,Himachal Pradesh,04-01-2012,15170.40775
1803,Una,7,2,Himachal Pradesh,04-01-2012,15213.18174
1804,Bilaspur,8,2,Himachal Pradesh,04-01-2012,15129.06808
1805,Chamba,1,2,Himachal Pradesh,04-01-2012,14231.90539
1806,Hamirpur,6,2,Himachal Pradesh,04-01-2012,15120.61916
1807,Kangra,2,2,Himachal Pradesh,04-01-2012,14821.24914
1808,Kinnaur,12,2,Himachal Pradesh,04-01-2012,13978.19508
1809,Lahul & Spiti,3,2,Himachal Pradesh,04-01-2012,13776.94963
1810,Kullu,4,2,Himachal Pradesh,04-01-2012,14151.07747
1811,Mandi,5,2,Himachal Pradesh,04-01-2012,14853.14598
1812,Rupnagar,7,3,Punjab,04-01-2012,15297.20429
1813,Amritsar,2,3,Punjab,04-01-2012,15173.58315
1814,Firozpur,11,3,Punjab,04-01-2012,15260.31119
1815,Bathinda,14,3,Punjab,04-01-2012,15283.51713
1816,Gurdaspur,1,3,Punjab,04-01-2012,15196.71139
1817,Faridkot,13,3,Punjab,04-01-2012,15284.91781
1818,Fatehgarh Sahib,8,3,Punjab,04-01-2012,15301.59213
1819,Hoshiarpur,5,3,Punjab,04-01-2012,15221.15001
1820,Jalandhar,4,3,Punjab,04-01-2012,15256.00048
1821,Kapurthala,3,3,Punjab,04-01-2012,15229.2879
1822,Ludhiana,9,3,Punjab,04-01-2012,15266.98781
1823,Mansa,15,3,Punjab,04-01-2012,15302.88671
1824,Moga,10,3,Punjab,04-01-2012,15269.44964
1825,Muktsar,12,3,Punjab,04-01-2012,15265.28094
1826,Nawanshahr,6,3,Punjab,04-01-2012,15238.32498
1827,Patiala,17,3,Punjab,04-01-2012,15369.74941
1828,Sangrur,16,3,Punjab,04-01-2012,15312.79235
1829,Rudraprayag,3,5,Uttarakhand,04-01-2012,14495.54561
1830,Tehri Garhwal,4,5,Uttarakhand,04-01-2012,14851.65223
1831,Udham Singh Nagar,12,5,Uttarakhand,04-01-2012,15410.21296
1832,Uttarkashi,1,5,Uttarakhand,04-01-2012,14230.3247
1833,Bageshwar,8,5,Uttarakhand,04-01-2012,14682.38512
1834,Almora,9,5,Uttarakhand,04-01-2012,15159.00398
1835,Chamoli,2,5,Uttarakhand,04-01-2012,14208.30523
1836,Champawat,10,5,Uttarakhand,04-01-2012,15099.00285
1837,Dehradun,5,5,Uttarakhand,04-01-2012,15174.42854
1838,Garhwal,6,5,Uttarakhand,04-01-2012,15185.70533
1839,Hardwar,13,5,Uttarakhand,04-01-2012,15403.42934
1840,Nainital,11,5,Uttarakhand,04-01-2012,15261.66849
1841,Pithoragarh,7,5,Uttarakhand,04-01-2012,14329.10012
1842,Rohtak,14,6,Haryana,04-01-2012,15453.45976
1843,Sirsa,11,6,Haryana,04-01-2012,15375.62504
1844,Sonipat,8,6,Haryana,04-01-2012,15441.10429
1845,Yamunanagar,3,6,Haryana,04-01-2012,15378.08361
1846,Jhajjar,15,6,Haryana,04-01-2012,15575.74721
1847,Mahendragarh,16,6,Haryana,04-01-2012,15748.25317
1848,Rewari,17,6,Haryana,04-01-2012,15680.86648
1849,Bhiwani,13,6,Haryana,04-01-2012,15626.26127
1850,Ambala,2,6,Haryana,04-01-2012,15400.03043
1851,Gurgaon,18,6,Haryana,04-01-2012,15645.64148
1852,Faridabad,19,6,Haryana,04-01-2012,15544.09946
1853,Fatehabad,10,6,Haryana,04-01-2012,15325.65366
1854,Hisar,12,6,Haryana,04-01-2012,15426.57114
1855,Jind,9,6,Haryana,04-01-2012,15363.65339
1856,Kaithal,5,6,Haryana,04-01-2012,15383.15668
1857,Karnal,6,6,Haryana,04-01-2012,15387.59991
1858,Kurukshetra,4,6,Haryana,04-01-2012,15366.87903
1859,Panchkula,1,6,Haryana,04-01-2012,15363.10744
1860,Panipat,7,6,Haryana,04-01-2012,15407.14117
1861,Central,6,7,Delhi  & NCR,04-01-2012,15466.29565
1862,East,4,7,Delhi  & NCR,04-01-2012,15455.31955
1863,New Delhi,5,7,Delhi  & NCR,04-01-2012,15409.70417
1864,North,2,7,Delhi  & NCR,04-01-2012,15448.38891
1865,North East,3,7,Delhi  & NCR,04-01-2012,15483.01494
1866,North West,1,7,Delhi  & NCR,04-01-2012,15531.88035
1867,South,9,7,Delhi  & NCR,04-01-2012,15470.69874
1868,South West,8,7,Delhi  & NCR,04-01-2012,15574.98977
1869,West,7,7,Delhi  & NCR,04-01-2012,15532.77653
1870,Sirohi,19,8,Rajasthan,04-01-2012,15837.37062
1871,Tonk,22,8,Rajasthan,04-01-2012,15887.06972
1872,Sikar,13,8,Rajasthan,04-01-2012,15797.13548
1873,Alwar,6,8,Rajasthan,04-01-2012,15724.69654
1874,Udaipur,26,8,Rajasthan,04-01-2012,15850.11802
1875,Ganganagar,1,8,Rajasthan,04-01-2012,15610.03888
1876,Hanumangarh,2,8,Rajasthan,04-01-2012,15654.61327
1877,Baran,31,8,Rajasthan,04-01-2012,15930.66812
1878,Ajmer,21,8,Rajasthan,04-01-2012,15906.16998
1879,Banswara,28,8,Rajasthan,04-01-2012,15954.17041
1880,Barmer,17,8,Rajasthan,04-01-2012,15992.97455
1881,Bhilwara,24,8,Rajasthan,04-01-2012,15911.90844
1882,Bikaner,3,8,Rajasthan,04-01-2012,15978.71148
1883,Bharatpur,7,8,Rajasthan,04-01-2012,15777.64813
1884,Bundi,23,8,Rajasthan,04-01-2012,15828.11362
1885,Chittaurgarh,29,8,Rajasthan,04-01-2012,15910.85404
1886,Churu,4,8,Rajasthan,04-01-2012,15938.00219
1887,Dausa,11,8,Rajasthan,04-01-2012,15808.93704
1888,Dhaulpur,8,8,Rajasthan,04-01-2012,15828.62081
1889,Dungarpur,27,8,Rajasthan,04-01-2012,15924.79224
1890,Karauli,9,8,Rajasthan,04-01-2012,15844.81437
1891,Jaipur,12,8,Rajasthan,04-01-2012,15816.78105
1892,Jaisalmer,16,8,Rajasthan,04-01-2012,16056.04939
1893,Jalor,18,8,Rajasthan,04-01-2012,15927.97987
1894,Jhalawar,32,8,Rajasthan,04-01-2012,15992.81456
1895,Jhunjhunun,5,8,Rajasthan,04-01-2012,15769.9659
1896,Jodhpur,15,8,Rajasthan,04-01-2012,15955.79929
1897,Kota,30,8,Rajasthan,04-01-2012,15879.57445
1898,Nagaur,14,8,Rajasthan,04-01-2012,15919.15374
1899,Pali,20,8,Rajasthan,04-01-2012,15957.99455
1900,Rajsamand,25,8,Rajasthan,04-01-2012,15790.33328
1901,Sawai Madhopur,10,8,Rajasthan,04-01-2012,15841.64594
1902,Shrawasti,51,9,Uttar Pradesh,04-01-2012,15497.88586
1903,Saharanpur,1,9,Uttar Pradesh,04-01-2012,15312.33457
1904,Sitapur,24,9,Uttar Pradesh,04-01-2012,15468.98361
1905,Sultanpur,49,9,Uttar Pradesh,04-01-2012,15589.22272
1906,Sonbhadra,70,9,Uttar Pradesh,04-01-2012,15773.60011
1907,Siddharthnagar,54,9,Uttar Pradesh,04-01-2012,15507.92417
1908,Unnao,26,9,Uttar Pradesh,04-01-2012,15582.97985
1909,Varanasi,67,9,Uttar Pradesh,04-01-2012,15590.04168
1910,Bulandshahr,11,9,Uttar Pradesh,04-01-2012,15426.20285
1911,Gautam Buddha Nagar,10,9,Uttar Pradesh,04-01-2012,15517.64835
1912,Ghaziabad,9,9,Uttar Pradesh,04-01-2012,15407.40069
1913,Auraiya,32,9,Uttar Pradesh,04-01-2012,15627.50187
1914,Azamgarh,61,9,Uttar Pradesh,04-01-2012,15574.19066
1915,Budaun,19,9,Uttar Pradesh,04-01-2012,15431.79602
1916,Agra,15,9,Uttar Pradesh,04-01-2012,15705.47873
1917,Aligarh,12,9,Uttar Pradesh,04-01-2012,15541.27956
1918,Allahabad,45,9,Uttar Pradesh,04-01-2012,15713.75227
1919,Ambedkar Nagar,48,9,Uttar Pradesh,04-01-2012,15522.67283
1920,Bareilly,20,9,Uttar Pradesh,04-01-2012,15444.64092
1921,Bijnor,3,9,Uttar Pradesh,04-01-2012,15464.07239
1922,Basti,55,9,Uttar Pradesh,04-01-2012,15503.54725
1923,Baghpat,8,9,Uttar Pradesh,04-01-2012,15323.63981
1924,Bahraich,50,9,Uttar Pradesh,04-01-2012,15439.69871
1925,Ballia,63,9,Uttar Pradesh,04-01-2012,15584.49953
1926,Balrampur,52,9,Uttar Pradesh,04-01-2012,15502.69131
1927,Banda,40,9,Uttar Pradesh,04-01-2012,15844.55711
1928,Barabanki,46,9,Uttar Pradesh,04-01-2012,15419.92871
1929,Chitrakoot,41,9,Uttar Pradesh,04-01-2012,15849.22334
1930,Chandauli,66,9,Uttar Pradesh,04-01-2012,15686.66143
1931,Deoria,60,9,Uttar Pradesh,04-01-2012,15516.12262
1932,Etah,17,9,Uttar Pradesh,04-01-2012,15514.84908
1933,Kanpur Dehat,33,9,Uttar Pradesh,04-01-2012,15649.79753
1934,Etawah,31,9,Uttar Pradesh,04-01-2012,15626.20864
1935,Faizabad,47,9,Uttar Pradesh,04-01-2012,15508.86995
1936,Ghazipur,65,9,Uttar Pradesh,04-01-2012,15603.12118
1937,Gonda,53,9,Uttar Pradesh,04-01-2012,15485.64782
1938,Gorakhpur,58,9,Uttar Pradesh,04-01-2012,15512.66876
1939,Farrukhabad,29,9,Uttar Pradesh,04-01-2012,15507.05865
1940,Fatehpur,42,9,Uttar Pradesh,04-01-2012,15667.75344
1941,Firozabad,16,9,Uttar Pradesh,04-01-2012,15606.01903
1942,Hamirpur,38,9,Uttar Pradesh,04-01-2012,15803.04795
1943,Hardoi,25,9,Uttar Pradesh,04-01-2012,15522.83374
1944,Hathras,13,9,Uttar Pradesh,04-01-2012,15610.81819
1945,Jalaun,35,9,Uttar Pradesh,04-01-2012,15751.05881
1946,Jaunpur,64,9,Uttar Pradesh,04-01-2012,15645.18927
1947,Jhansi,36,9,Uttar Pradesh,04-01-2012,15838.86531
1948,Jyotiba Phule Nagar,6,9,Uttar Pradesh,04-01-2012,15390.32525
1949,Kannauj,30,9,Uttar Pradesh,04-01-2012,15532.98614
1950,Kanpur Nagar,34,9,Uttar Pradesh,04-01-2012,15612.35927
1951,Kaushambi,44,9,Uttar Pradesh,04-01-2012,15696.02464
1952,Kheri,23,9,Uttar Pradesh,04-01-2012,15470.11361
1953,Mirzapur,69,9,Uttar Pradesh,04-01-2012,15752.61214
1954,Moradabad,4,9,Uttar Pradesh,04-01-2012,15388.47353
1955,Muzaffarnagar,2,9,Uttar Pradesh,04-01-2012,15319.07679
1956,Rae Bareli,28,9,Uttar Pradesh,04-01-2012,15573.56247
1957,Kushinagar,59,9,Uttar Pradesh,04-01-2012,15457.65519
1958,Lucknow,27,9,Uttar Pradesh,04-01-2012,15514.78427
1959,Lalitpur,37,9,Uttar Pradesh,04-01-2012,15854.01723
1960,Mahrajganj,57,9,Uttar Pradesh,04-01-2012,15450.32109
1961,Mahoba,39,9,Uttar Pradesh,04-01-2012,15878.14147
1962,Mainpuri,18,9,Uttar Pradesh,04-01-2012,15551.7036
1963,Mathura,14,9,Uttar Pradesh,04-01-2012,15639.34503
1964,Mau,62,9,Uttar Pradesh,04-01-2012,15578.24452
1965,Meerut,7,9,Uttar Pradesh,04-01-2012,15348.37524
1966,Pilibhit,21,9,Uttar Pradesh,04-01-2012,15455.52543
1967,Pratapgarh,43,9,Uttar Pradesh,04-01-2012,15649.71565
1968,Rampur,5,9,Uttar Pradesh,04-01-2012,15306.56687
1969,Sant Ravidas Nagar Bhadohi,68,9,Uttar Pradesh,04-01-2012,15642.59116
1970,Sant Kabir Nagar,56,9,Uttar Pradesh,04-01-2012,15509.00751
1971,Shahjahanpur,22,9,Uttar Pradesh,04-01-2012,15488.28871
1972,Sheikhpura,26,10,Bihar,04-01-2012,15620.44142
1973,Sheohar,3,10,Bihar,04-01-2012,15465.62249
1974,Saharsa,12,10,Bihar,04-01-2012,15389.46888
1975,Sitamarhi,4,10,Bihar,04-01-2012,15455.03477
1976,Siwan,16,10,Bihar,04-01-2012,15514.90466
1977,Supaul,6,10,Bihar,04-01-2012,15376.22774
1978,Vaishali,18,10,Bihar,04-01-2012,15485.16489
1979,Kaimur (Bhabua),31,10,Bihar,04-01-2012,15746.59449
1980,Gaya,35,10,Bihar,04-01-2012,15730.00725
1981,Bhojpur,29,10,Bihar,04-01-2012,15618.8419
1982,Buxar,30,10,Bihar,04-01-2012,15612.58825
1983,Jehanabad,33,10,Bihar,04-01-2012,15608.28743
1984,Rohtas,32,10,Bihar,04-01-2012,15674.16753
1985,Araria,7,10,Bihar,04-01-2012,15294.96251
1986,Aurangabad,34,10,Bihar,04-01-2012,15724.26765
1987,Banka,23,10,Bihar,04-01-2012,15626.56765
1988,Bhagalpur,22,10,Bihar,04-01-2012,15506.0003
1989,Begusarai,20,10,Bihar,04-01-2012,15522.93249
1990,Saran,17,10,Bihar,04-01-2012,15483.19058
1991,Katihar,10,10,Bihar,04-01-2012,15276.22533
1992,Darbhanga,13,10,Bihar,04-01-2012,15452.50151
1993,Gopalganj,15,10,Bihar,04-01-2012,15497.91758
1994,Jamui,37,10,Bihar,04-01-2012,15618.93859
1995,Kishanganj,8,10,Bihar,04-01-2012,15275.78227
1996,Muzaffarpur,14,10,Bihar,04-01-2012,15427.86301
1997,Purnia,9,10,Bihar,04-01-2012,15229.95966
1998,Khagaria,21,10,Bihar,04-01-2012,15349.66923
1999,Madhubani,5,10,Bihar,04-01-2012,15394.73601
2000,Lakhisarai,25,10,Bihar,04-01-2012,15641.83296
2001,Madhepura,11,10,Bihar,04-01-2012,15350.81494
2002,Purba Champaran,2,10,Bihar,04-01-2012,15452.10038
2003,Munger,24,10,Bihar,04-01-2012,15584.53503
2004,Nalanda,27,10,Bihar,04-01-2012,15597.03074
2005,Nawada,36,10,Bihar,04-01-2012,15624.90938
2006,Pashchim Champaran,1,10,Bihar,04-01-2012,15445.15966
2007,Patna,28,10,Bihar,04-01-2012,15583.86681
2008,Samastipur,19,10,Bihar,04-01-2012,15448.27573
2009,South,3,11,Sikkim,04-01-2012,14770.18144
2010,West,2,11,Sikkim,04-01-2012,14467.63017
2011,East,4,11,Sikkim,04-01-2012,14577.14523
2012,North,1,11,Sikkim,04-01-2012,14055.67453
2013,Tawang,1,12,Arunanchal Pradesh,04-01-2012,14149.30407
2014,Tirap,13,12,Arunanchal Pradesh,04-01-2012,14937.64638
2015,West Kameng,2,12,Arunanchal Pradesh,04-01-2012,14624.89336
2016,West Siang,7,12,Arunanchal Pradesh,04-01-2012,14655.44657
2017,Upper Siang,9,12,Arunanchal Pradesh,04-01-2012,14484.23612
2018,Upper Subansiri,6,12,Arunanchal Pradesh,04-01-2012,14473.33939
2019,Changlang,12,12,Arunanchal Pradesh,04-01-2012,14854.53285
2020,Dibang Valley,10,12,Arunanchal Pradesh,04-01-2012,14327.48988
2021,East Kameng,3,12,Arunanchal Pradesh,04-01-2012,14635.17438
2022,East Siang,8,12,Arunanchal Pradesh,04-01-2012,14944.54815
2023,Lohit,11,12,Arunanchal Pradesh,04-01-2012,14514.28082
2024,Lower Subansiri,5,12,Arunanchal Pradesh,04-01-2012,14582.88402
2025,Papum Pare,4,12,Arunanchal Pradesh,04-01-2012,14796.05768
2026,Tuensang,2,13,Nagaland,04-01-2012,14941.39557
2027,Wokha,5,13,Nagaland,04-01-2012,15013.97882
2028,Zunheboto,4,13,Nagaland,04-01-2012,14976.77486
2029,Dimapur,6,13,Nagaland,04-01-2012,15191.41801
2030,Kohima,7,13,Nagaland,04-01-2012,15041.86956
2031,Mokokchung,3,13,Nagaland,04-01-2012,14968.3206
2032,Mon,1,13,Nagaland,04-01-2012,14990.67891
2033,Phek,8,13,Nagaland,04-01-2012,14992.22613
2034,Tamenglong,2,14,Manipur,04-01-2012,14960.18098
2035,Thoubal,5,14,Manipur,04-01-2012,15131.91131
2036,Ukhrul,8,14,Manipur,04-01-2012,14995.41703
2037,Bishnupur,4,14,Manipur,04-01-2012,15037.52978
2038,Chandel,9,14,Manipur,04-01-2012,15053.11119
2039,Churachandpur,3,14,Manipur,04-01-2012,15037.50481
2040,Imphal East,7,14,Manipur,04-01-2012,15129.12848
2041,Imphal West,6,14,Manipur,04-01-2012,15036.43458
2042,Senapati (Excl. 3 sub-divisions),1,14,Manipur,04-01-2012,14981.54824
2043,Aizawl,3,15,Mizoram,04-01-2012,15059.09222
2044,Champhai,4,15,Mizoram,04-01-2012,15035.05029
2045,Kolasib,2,15,Mizoram,04-01-2012,15065.8616
2046,Mamit,1,15,Mizoram,04-01-2012,15091.97547
2047,Lunglei,6,15,Mizoram,04-01-2012,15073.53065
2048,Lawngtlai,7,15,Mizoram,04-01-2012,15168.69467
2049,Saiha,8,15,Mizoram,04-01-2012,15069.57086
2050,Serchhip,5,15,Mizoram,04-01-2012,15045.36844
2051,South Tripura,2,16,Tripura,04-01-2012,15213.54609
2052,West Tripura,1,16,Tripura,04-01-2012,15219.70815
2053,Dhalai,3,16,Tripura,04-01-2012,15196.50946
2054,North Tripura,4,16,Tripura,04-01-2012,15161.1003
2055,Ri Bhoi,5,17,Meghalaya,04-01-2012,15157.46994
2056,South Garo Hills,3,17,Meghalaya,04-01-2012,15102.75923
2057,West Garo Hills,1,17,Meghalaya,04-01-2012,15190.33034
2058,West Khasi Hills,4,17,Meghalaya,04-01-2012,15047.32945
2059,East Garo Hills,2,17,Meghalaya,04-01-2012,15192.46192
2060,East Khasi Hills,6,17,Meghalaya,04-01-2012,14994.56878
2061,Jaintia Hills,7,17,Meghalaya,04-01-2012,15016.64639
2062,Sonitpur,11,18,Assam,04-01-2012,15150.96955
2063,Sibsagar,16,18,Assam,04-01-2012,15133.359
2064,Tinsukia,14,18,Assam,04-01-2012,15090.91975
2065,Barpeta,5,18,Assam,04-01-2012,15133.23581
2066,Bongaigaon,4,18,Assam,04-01-2012,15133.75959
2067,Cachar,21,18,Assam,04-01-2012,15080.18655
2068,Darrang,8,18,Assam,04-01-2012,15111.8722
2069,Dhemaji,13,18,Assam,04-01-2012,15153.35078
2070,Dhubri,2,18,Assam,04-01-2012,15164.06354
2071,Dibrugarh,15,18,Assam,04-01-2012,15106.00328
2072,Kamrup,6,18,Assam,04-01-2012,15154.00917
2073,Karbi Anglong,19,18,Assam,04-01-2012,15138.0884
2074,Goalpara,3,18,Assam,04-01-2012,15257.3028
2075,Golaghat,18,18,Assam,04-01-2012,15177.23163
2076,Hailakandi,23,18,Assam,04-01-2012,15125.21003
2077,Jorhat,17,18,Assam,04-01-2012,15134.43104
2078,Karimganj,22,18,Assam,04-01-2012,15102.33872
2079,Kokrajhar,1,18,Assam,04-01-2012,15170.91562
2080,Lakhimpur,12,18,Assam,04-01-2012,15185.51127
2081,Nagaon,10,18,Assam,04-01-2012,15221.43241
2082,Marigaon,9,18,Assam,04-01-2012,15121.07241
2083,Nalbari,7,18,Assam,04-01-2012,15152.17432
2084,North Cachar Hills,20,18,Assam,04-01-2012,15161.49681
2085,South  Twenty Four Parganas,18,19,West Bengal,04-01-2012,15296.1577
2086,Uttar Dinajpur,4,19,West Bengal,04-01-2012,15243.13272
2087,Barddhaman,9,19,West Bengal,04-01-2012,15389.61549
2088,Birbhum,8,19,West Bengal,04-01-2012,15459.31296
2089,Bankura,13,19,West Bengal,04-01-2012,15457.41674
2090,Dakshin Dinajpur,5,19,West Bengal,04-01-2012,15370.08523
2091,Darjiling,1,19,West Bengal,04-01-2012,15010.46399
2092,Haora,16,19,West Bengal,04-01-2012,15275.46671
2093,Hugli,12,19,West Bengal,04-01-2012,15323.8579
2094,Jalpaiguri,2,19,West Bengal,04-01-2012,15166.70072
2095,Koch Bihar,3,19,West Bengal,04-01-2012,15120.91179
2096,Murshidabad,7,19,West Bengal,04-01-2012,15329.73617
2097,Puruliya,14,19,West Bengal,04-01-2012,15566.8289
2098,Kolkata,17,19,West Bengal,04-01-2012,15504.81002
2099,Maldah,6,19,West Bengal,04-01-2012,15333.98104
2100,Nadia,10,19,West Bengal,04-01-2012,15351.41109
2101,North Twenty Four Parganas,11,19,West Bengal,04-01-2012,15229.09487
2102,Medinipur,15,19,West Bengal,04-01-2012,15367.44373
2103,Ranchi,14,20,Jharkhand,04-01-2012,15613.85009
2104,Sahibganj,9,20,Jharkhand,04-01-2012,15521.24276
2105,Garhwa,1,20,Jharkhand,04-01-2012,15815.52504
2106,Palamu,2,20,Jharkhand,04-01-2012,15757.99367
2107,Chatra,3,20,Jharkhand,04-01-2012,15770.81982
2108,Hazaribagh,4,20,Jharkhand,04-01-2012,15699.43209
2109,Kodarma,5,20,Jharkhand,04-01-2012,15701.2849
2110,Bokaro,13,20,Jharkhand,04-01-2012,15688.26009
2111,Deoghar,7,20,Jharkhand,04-01-2012,15657.61535
2112,Dhanbad,12,20,Jharkhand,04-01-2012,15652.29258
2113,Dumka,11,20,Jharkhand,04-01-2012,15640.13537
2114,Giridih,6,20,Jharkhand,04-01-2012,15698.31613
2115,Godda,8,20,Jharkhand,04-01-2012,15602.32625
2116,Gumla,16,20,Jharkhand,04-01-2012,15633.20285
2117,Purbi Singhbhum,18,20,Jharkhand,04-01-2012,15555.50875
2118,Lohardaga,15,20,Jharkhand,04-01-2012,15619.8952
2119,Pakaur,10,20,Jharkhand,04-01-2012,15601.58676
2120,Pashchimi Singhbhum,17,20,Jharkhand,04-01-2012,15600.1443
2121,Rayagada,27,21,Orissa,04-01-2012,15542.89325
2122,Sundargarh,5,21,Orissa,04-01-2012,15635.82688
2123,Sonapur,23,21,Orissa,04-01-2012,15600.6289
2124,Anugul,15,21,Orissa,04-01-2012,15593.83007
2125,Bhadrak,9,21,Orissa,04-01-2012,15484.91455
2126,Baudh,22,21,Orissa,04-01-2012,15668.11734
2127,Balangir,24,21,Orissa,04-01-2012,15791.11248
2128,Baleshwar,8,21,Orissa,04-01-2012,15375.48125
2129,Bargarh,1,21,Orissa,04-01-2012,15629.37659
2130,Kendrapara,10,21,Orissa,04-01-2012,15484.29514
2131,Kendujhar,6,21,Orissa,04-01-2012,15565.83623
2132,Debagarh,4,21,Orissa,04-01-2012,15550.56961
2133,Cuttack,12,21,Orissa,04-01-2012,15566.18509
2134,Dhenkanal,14,21,Orissa,04-01-2012,15589.54338
2135,Kalahandi,26,21,Orissa,04-01-2012,15690.2935
2136,Ganjam,19,21,Orissa,04-01-2012,15594.20441
2137,Gajapati,20,21,Orissa,04-01-2012,15462.16703
2138,Jajapur,13,21,Orissa,04-01-2012,15570.39889
2139,Jagatsinghapur,11,21,Orissa,04-01-2012,15482.68952
2140,Jharsuguda,2,21,Orissa,04-01-2012,15597.85906
2141,Khordha,17,21,Orissa,04-01-2012,15552.41044
2142,Mayurbhanj,7,21,Orissa,04-01-2012,15486.75434
2143,Puri,18,21,Orissa,04-01-2012,15394.88435
2144,Koraput,29,21,Orissa,04-01-2012,15550.29975
2145,Malkangiri,30,21,Orissa,04-01-2012,15542.72847
2146,Nabarangapur,28,21,Orissa,04-01-2012,15680.53257
2147,Nayagarh,16,21,Orissa,04-01-2012,15593.57445
2148,Nuapada,25,21,Orissa,04-01-2012,15716.36339
2149,Kandhamal,21,21,Orissa,04-01-2012,15562.58738
2150,Sambalpur,3,21,Orissa,04-01-2012,15568.68725
2151,Surguja,2,22,Chhattisgarh,04-01-2012,15704.34184
2152,Bilaspur,7,22,Chhattisgarh,04-01-2012,15704.92053
2153,Janjgir - Champa,6,22,Chhattisgarh,04-01-2012,15613.5929
2154,Korba,5,22,Chhattisgarh,04-01-2012,15669.30907
2155,Kawardha,8,22,Chhattisgarh,04-01-2012,15829.50405
2156,Bastar,15,22,Chhattisgarh,04-01-2012,15558.58319
2157,Dantewada,16,22,Chhattisgarh,04-01-2012,15580.58349
2158,Dhamtari,13,22,Chhattisgarh,04-01-2012,15605.01346
2159,Durg,10,22,Chhattisgarh,04-01-2012,15760.2622
2160,Kanker,14,22,Chhattisgarh,04-01-2012,15668.83778
2161,Jashpur,3,22,Chhattisgarh,04-01-2012,15641.59224
2162,Koriya,1,22,Chhattisgarh,04-01-2012,15754.33318
2163,Mahasamund,12,22,Chhattisgarh,04-01-2012,15705.36977
2164,Raigarh,4,22,Chhattisgarh,04-01-2012,15662.50351
2165,Raipur,11,22,Chhattisgarh,04-01-2012,15723.26923
2166,Rajnandgaon,9,22,Chhattisgarh,04-01-2012,15776.63743
2167,Shajapur,22,23,Madhya Pradesh,04-01-2012,16027.36812
2168,Shivpuri,6,23,Madhya Pradesh,04-01-2012,15857.59309
2169,Ratlam,20,23,Madhya Pradesh,04-01-2012,16019.18823
2170,Rewa,14,23,Madhya Pradesh,04-01-2012,15822.40402
2171,Sagar,11,23,Madhya Pradesh,04-01-2012,16014.86145
2172,Sidhi,17,23,Madhya Pradesh,04-01-2012,15817.88479
2173,Ujjain,21,23,Madhya Pradesh,04-01-2012,15970.3721
2174,Vidisha,31,23,Madhya Pradesh,04-01-2012,15989.56064
2175,West Nimar,27,23,Madhya Pradesh,04-01-2012,16087.10636
2176,Morena,2,23,Madhya Pradesh,04-01-2012,15785.11735
2177,Sheopur,1,23,Madhya Pradesh,04-01-2012,15883.04852
2178,Dindori,41,23,Madhya Pradesh,04-01-2012,15839.9303
2179,Mandla,42,23,Madhya Pradesh,04-01-2012,15828.39218
2180,Shahdol,16,23,Madhya Pradesh,04-01-2012,15831.71787
2181,Umaria,15,23,Madhya Pradesh,04-01-2012,15812.42064
2182,Bhind,3,23,Madhya Pradesh,04-01-2012,15810.9031
2183,Bhopal,32,23,Madhya Pradesh,04-01-2012,15936.03926
2184,Barwani,28,23,Madhya Pradesh,04-01-2012,16065.28342
2185,Betul,35,23,Madhya Pradesh,04-01-2012,15988.95197
2186,Balaghat,45,23,Madhya Pradesh,04-01-2012,15722.97027
2187,Chhatarpur,9,23,Madhya Pradesh,04-01-2012,15907.21987
2188,Chhindwara,43,23,Madhya Pradesh,04-01-2012,15943.02053
2189,Dewas,23,23,Madhya Pradesh,04-01-2012,16025.31602
2190,Katni,38,23,Madhya Pradesh,04-01-2012,15848.04338
2191,Datia,5,23,Madhya Pradesh,04-01-2012,15746.76041
2192,Damoh,12,23,Madhya Pradesh,04-01-2012,15996.35002
2193,Dhar,25,23,Madhya Pradesh,04-01-2012,16031.68755
2194,East Nimar,29,23,Madhya Pradesh,04-01-2012,16040.81133
2195,Guna,7,23,Madhya Pradesh,04-01-2012,15952.59884
2196,Gwalior,4,23,Madhya Pradesh,04-01-2012,15780.79947
2197,Harda,36,23,Madhya Pradesh,04-01-2012,15989.27454
2198,Hoshangabad,37,23,Madhya Pradesh,04-01-2012,15865.03059
2199,Indore,26,23,Madhya Pradesh,04-01-2012,15949.06578
2200,Jabalpur,39,23,Madhya Pradesh,04-01-2012,15873.84001
2201,Jhabua,24,23,Madhya Pradesh,04-01-2012,16017.63533
2202,Mandsaur,19,23,Madhya Pradesh,04-01-2012,15972.95001
2203,Tikamgarh,8,23,Madhya Pradesh,04-01-2012,15863.0918
2204,Narsimhapur,40,23,Madhya Pradesh,04-01-2012,15911.33149
2205,Neemuch,18,23,Madhya Pradesh,04-01-2012,15943.22491
2206,Panna,10,23,Madhya Pradesh,04-01-2012,15927.01086
2207,Raisen,34,23,Madhya Pradesh,04-01-2012,15962.55698
2208,Rajgarh,30,23,Madhya Pradesh,04-01-2012,16043.16099
2209,Satna,13,23,Madhya Pradesh,04-01-2012,15829.44693
2210,Sehore,33,23,Madhya Pradesh,04-01-2012,16007.13622
2211,Seoni,44,23,Madhya Pradesh,04-01-2012,15909.46925
2212,Sabar Kantha,5,24,Gujarat,04-01-2012,15809.89022
2213,Surendranagar,8,24,Gujarat,04-01-2012,15964.00855
2214,The Dangs,23,24,Gujarat,04-01-2012,15920.27524
2215,Vadodara,19,24,Gujarat,04-01-2012,15787.88532
2216,Valsad,25,24,Gujarat,04-01-2012,15738.12858
2217,Bharuch,21,24,Gujarat,04-01-2012,15812.2556
2218,Surat,22,24,Gujarat,04-01-2012,15732.85319
2219,Anand,15,24,Gujarat,04-01-2012,15698.64305
2220,Ahmadabad,7,24,Gujarat,04-01-2012,15927.05912
2221,Amreli,13,24,Gujarat,04-01-2012,16007.36748
2222,Bhavnagar,14,24,Gujarat,04-01-2012,16015.05686
2223,Banas Kantha,2,24,Gujarat,04-01-2012,15789.77882
2224,Dohad,18,24,Gujarat,04-01-2012,15922.26107
2225,Junagadh,12,24,Gujarat,04-01-2012,15872.36548
2226,Kachchh,1,24,Gujarat,04-01-2012,15778.23525
2227,Gandhinagar,6,24,Gujarat,04-01-2012,15757.5868
2228,Jamnagar,10,24,Gujarat,04-01-2012,15868.34274
2229,Kheda,16,24,Gujarat,04-01-2012,15781.42868
2230,Mahesana,4,24,Gujarat,04-01-2012,15777.66984
2231,Narmada,20,24,Gujarat,04-01-2012,15896.59353
2232,Navsari,24,24,Gujarat,04-01-2012,15635.9354
2233,Panch Mahals,17,24,Gujarat,04-01-2012,15817.05622
2234,Patan,3,24,Gujarat,04-01-2012,15897.42534
2235,Porbandar,11,24,Gujarat,04-01-2012,15810.47409
2236,Rajkot,9,24,Gujarat,04-01-2012,15974.58784
2237,Daman,2,25,Daman & Diu,04-01-2012,15517.93622
2238,Diu,1,25,Daman & Diu,04-01-2012,15487.69646
2239,Ratnagiri,32,27,Maharashtra,04-01-2012,15581.60827
2240,Raigarh,24,27,Maharashtra,04-01-2012,15708.49184
2241,Thane,21,27,Maharashtra,04-01-2012,15823.06806
2242,Solapur,30,27,Maharashtra,04-01-2012,15925.76588
2243,Sindhudurg,33,27,Maharashtra,04-01-2012,15507.63338
2244,Wardha,8,27,Maharashtra,04-01-2012,16066.83193
2245,Washim,6,27,Maharashtra,04-01-2012,16094.29314
2246,Yavatmal,14,27,Maharashtra,04-01-2012,16056.60892
2247,Aurangabad,19,27,Maharashtra,04-01-2012,16010.7371
2248,Ahmadnagar,26,27,Maharashtra,04-01-2012,15947.69968
2249,Akola,5,27,Maharashtra,04-01-2012,16128.64848
2250,Amravati,7,27,Maharashtra,04-01-2012,16058.55026
2251,Bid,27,27,Maharashtra,04-01-2012,15975.16122
2252,Bhandara,10,27,Maharashtra,04-01-2012,15822.00554
2253,Buldana,4,27,Maharashtra,04-01-2012,16094.65557
2254,Chandrapur,13,27,Maharashtra,04-01-2012,15859.55559
2255,Dhule,2,27,Maharashtra,04-01-2012,16067.94008
2256,Gadchiroli,12,27,Maharashtra,04-01-2012,15723.17389
2257,Gondiya,11,27,Maharashtra,04-01-2012,15763.04624
2258,Hingoli,16,27,Maharashtra,04-01-2012,16005.36246
2259,Jalgaon,3,27,Maharashtra,04-01-2012,16035.58125
2260,Jalna,18,27,Maharashtra,04-01-2012,16076.23896
2261,Kolhapur,34,27,Maharashtra,04-01-2012,15527.41705
2262,Latur,28,27,Maharashtra,04-01-2012,15966.06313
2263,Pune,25,27,Maharashtra,04-01-2012,15817.25383
2264,Nagpur,9,27,Maharashtra,04-01-2012,15969.08276
2265,Mumbai,23,27,Maharashtra,04-01-2012,15403.92043
2266,Mumbai (Suburban),22,27,Maharashtra,04-01-2012,15473.13487
2267,Nanded,15,27,Maharashtra,04-01-2012,15985.92081
2268,Nandurbar,1,27,Maharashtra,04-01-2012,15996.24951
2269,Nashik,20,27,Maharashtra,04-01-2012,15991.82451
2270,Osmanabad,29,27,Maharashtra,04-01-2012,16004.2652
2271,Parbhani,17,27,Maharashtra,04-01-2012,16026.34421
2272,Sangli,35,27,Maharashtra,04-01-2012,15873.21041
2273,Satara,31,27,Maharashtra,04-01-2012,15816.75454
2274,Rangareddi,6,28,Andhra Pradesh,04-01-2012,15781.03103
2275,Srikakulam,11,28,Andhra Pradesh,04-01-2012,15624.7436
2276,West Godavari,15,28,Andhra Pradesh,04-01-2012,15470.3606
2277,Visakhapatnam,13,28,Andhra Pradesh,04-01-2012,15478.63065
2278,Vizianagaram,12,28,Andhra Pradesh,04-01-2012,15616.25835
2279,Warangal,9,28,Andhra Pradesh,04-01-2012,15717.62615
2280,Anantapur,22,28,Andhra Pradesh,04-01-2012,15851.29827
2281,Adilabad,1,28,Andhra Pradesh,04-01-2012,15850.32608
2282,Chittoor,23,28,Andhra Pradesh,04-01-2012,15736.32279
2283,Cuddapah,20,28,Andhra Pradesh,04-01-2012,15826.71015
2284,East Godavari,14,28,Andhra Pradesh,04-01-2012,15419.65466
2285,Karimnagar,3,28,Andhra Pradesh,04-01-2012,15677.50386
2286,Guntur,17,28,Andhra Pradesh,04-01-2012,15661.58728
2287,Hyderabad,5,28,Andhra Pradesh,04-01-2012,15603.23815
2288,Khammam,10,28,Andhra Pradesh,04-01-2012,15662.5785
2289,Medak,4,28,Andhra Pradesh,04-01-2012,15795.40079
2290,Krishna,16,28,Andhra Pradesh,04-01-2012,15583.2671
2291,Kurnool,21,28,Andhra Pradesh,04-01-2012,15870.91016
2292,Mahbubnagar,7,28,Andhra Pradesh,04-01-2012,15789.74252
2293,Nalgonda,8,28,Andhra Pradesh,04-01-2012,15771.90885
2294,Nellore,19,28,Andhra Pradesh,04-01-2012,15681.91129
2295,Nizamabad,2,28,Andhra Pradesh,04-01-2012,15706.53718
2296,Prakasam,18,28,Andhra Pradesh,04-01-2012,15784.59221
2297,Shimoga,15,29,Karnataka,04-01-2012,15366.45066
2298,Tumkur,18,29,Karnataka,04-01-2012,15670.879
2299,Udupi,16,29,Karnataka,04-01-2012,15350.40192
2300,Uttara Kannada,10,29,Karnataka,04-01-2012,15262.29108
2301,Bagalkot,2,29,Karnataka,04-01-2012,15765.96951
2302,Bangalore,20,29,Karnataka,04-01-2012,15676.83121
2303,Bidar,5,29,Karnataka,04-01-2012,15965.22786
2304,Bijapur,3,29,Karnataka,04-01-2012,15947.5774
2305,Belgaum,1,29,Karnataka,04-01-2012,15669.15393
2306,Bellary,12,29,Karnataka,04-01-2012,15713.62206
2307,Bangalore Rural,21,29,Karnataka,04-01-2012,15693.9684
2308,Chamarajanagar,27,29,Karnataka,04-01-2012,15633.98441
2309,Chikmagalur,17,29,Karnataka,04-01-2012,15329.12124
2310,Chitradurga,13,29,Karnataka,04-01-2012,15724.55056
2311,Dakshina Kannada,24,29,Karnataka,04-01-2012,15258.66611
2312,Davanagere,14,29,Karnataka,04-01-2012,15561.64956
2313,Dharwad,9,29,Karnataka,04-01-2012,15727.08107
2314,Gulbarga,4,29,Karnataka,04-01-2012,15943.99231
2315,Gadag,8,29,Karnataka,04-01-2012,15843.83599
2316,Hassan,23,29,Karnataka,04-01-2012,15502.52469
2317,Haveri,11,29,Karnataka,04-01-2012,15660.03072
2318,Kodagu,25,29,Karnataka,04-01-2012,15174.61824
2319,Kolar,19,29,Karnataka,04-01-2012,15814.68485
2320,Mandya,22,29,Karnataka,04-01-2012,15510.14976
2321,Koppal,7,29,Karnataka,04-01-2012,15785.21646
2322,Mysore,26,29,Karnataka,04-01-2012,15628.49568
2323,Raichur,6,29,Karnataka,04-01-2012,15823.84406
2324,South Goa,2,30,Goa,04-01-2012,15336.96946
2325,North Goa,1,30,Goa,04-01-2012,15409.83514
2326,Thrissur,7,32,Kerala,04-01-2012,15249.85924
2327,Thiruvananthapuram,14,32,Kerala,04-01-2012,15215.01095
2328,Wayanad,3,32,Kerala,04-01-2012,15150.29819
2329,Alappuzha,11,32,Kerala,04-01-2012,15190.9543
2330,Kasaragod,1,32,Kerala,04-01-2012,15327.33426
2331,Kannur,2,32,Kerala,04-01-2012,15296.69667
2332,Ernakulam,8,32,Kerala,04-01-2012,15217.29605
2333,Idukki,9,32,Kerala,04-01-2012,15117.85479
2334,Kollam,13,32,Kerala,04-01-2012,15172.61013
2335,Kottayam,10,32,Kerala,04-01-2012,15185.9135
2336,Kozhikode,4,32,Kerala,04-01-2012,15249.6806
2337,Malappuram,5,32,Kerala,04-01-2012,15276.80721
2338,Palakkad,6,32,Kerala,04-01-2012,15311.39735
2339,Pathanamthitta,12,32,Kerala,04-01-2012,15126.70371
2340,Sivaganga,23,33,Tamil Nadu,04-01-2012,15760.28173
2341,Tiruchirappalli,15,33,Tamil Nadu,04-01-2012,15749.40906
2342,Tirunelveli,29,33,Tamil Nadu,04-01-2012,15572.70638
2343,Tiruvannamalai,6,33,Tamil Nadu,04-01-2012,15652.37874
2344,Thoothukkudi,28,33,Tamil Nadu,04-01-2012,15770.61988
2345,Theni,25,33,Tamil Nadu,04-01-2012,15493.57196
2346,Vellore,4,33,Tamil Nadu,04-01-2012,15702.10025
2347,Viluppuram,7,33,Tamil Nadu,04-01-2012,15639.3997
2348,Virudhunagar,26,33,Tamil Nadu,04-01-2012,15832.23313
2349,Chennai,2,33,Tamil Nadu,04-01-2012,15532.82484
2350,Kancheepuram,3,33,Tamil Nadu,04-01-2012,15561.46242
2351,Thiruvallur,1,33,Tamil Nadu,04-01-2012,15629.42641
2352,Thanjavur,21,33,Tamil Nadu,04-01-2012,15603.76479
2353,Thiruvarur,20,33,Tamil Nadu,04-01-2012,15535.63774
2354,Nagapattinam,19,33,Tamil Nadu,04-01-2012,15518.21844
2355,Ariyalur,17,33,Tamil Nadu,04-01-2012,15681.36793
2356,Coimbatore,12,33,Tamil Nadu,04-01-2012,15583.75035
2357,Cuddalore,18,33,Tamil Nadu,04-01-2012,15665.88102
2358,Dharmapuri,5,33,Tamil Nadu,04-01-2012,15705.50081
2359,Dindigul,13,33,Tamil Nadu,04-01-2012,15585.85054
2360,Erode,10,33,Tamil Nadu,04-01-2012,15652.97352
2361,Kanniyakumari,30,33,Tamil Nadu,04-01-2012,15255.89332
2362,Karur,14,33,Tamil Nadu,04-01-2012,15870.89349
2363,Madurai,24,33,Tamil Nadu,04-01-2012,15712.60939
2364,Namakkal,9,33,Tamil Nadu,04-01-2012,15724.45241
2365,The Nilgiris,11,33,Tamil Nadu,04-01-2012,15169.99344
2366,Perambalur,16,33,Tamil Nadu,04-01-2012,15796.18225
2367,Pudukkottai,22,33,Tamil Nadu,04-01-2012,15733.16659
2368,Ramanathapuram,27,33,Tamil Nadu,04-01-2012,15745.63523
2369,Salem,8,33,Tamil Nadu,04-01-2012,15640.96415
2370,Yanam,1,34,Puducherry,04-01-2012,15366.17087
2371,Karaikal,4,34,Puducherry,04-01-2012,15506.57657
2372,Mahe,3,34,Puducherry,04-01-2012,15301.37812
2373,Pondicherry,2,34,Puducherry,04-01-2012,15532.4909
2374,Nicobars,2,35,Andaman & Nicobar Island,04-01-2012,15011.68726
2375,Andamans,1,35,Andaman & Nicobar Island,04-01-2012,15123.99583
2376,Chandigarh,1,4,Chandigarh,05-01-2012,15654.41308
2377,Dadra & Nagar Haveli,1,26,Dadara & Nagar Havelli,05-01-2012,15808.61207
2378,Lakshadweep,1,31,Lakshadweep,05-01-2012,15082.11444
2379,Data Not Available,99,99,Jammu and Kashmir,05-01-2012,14181.04691
2380,Jammu,13,1,Jammu and Kashmir,05-01-2012,15671.44933
2381,Kargil,8,1,Jammu and Kashmir,05-01-2012,14275.74125
2382,Kathua,14,1,Jammu and Kashmir,05-01-2012,15389.48663
2383,Leh (Ladakh),7,1,Jammu and Kashmir,05-01-2012,14402.69761
2384,Kupwara,1,1,Jammu and Kashmir,05-01-2012,14581.87632
2385,Punch,11,1,Jammu and Kashmir,05-01-2012,14925.61623
2386,Pulwama,5,1,Jammu and Kashmir,05-01-2012,14773.5349
2387,Rajauri,12,1,Jammu and Kashmir,05-01-2012,15294.77553
2388,Anantnag,6,1,Jammu and Kashmir,05-01-2012,14356.13457
2389,Badgam,4,1,Jammu and Kashmir,05-01-2012,14592.48172
2390,Baramula,2,1,Jammu and Kashmir,05-01-2012,14443.13685
2391,Doda,9,1,Jammu and Kashmir,05-01-2012,14250.37125
2392,Srinagar,3,1,Jammu and Kashmir,05-01-2012,14342.01417
2393,Udhampur,10,1,Jammu and Kashmir,05-01-2012,15081.1846
2394,Kangra,2,2,Himachal Pradesh,05-01-2012,15170.29026
2395,Kinnaur,12,2,Himachal Pradesh,05-01-2012,14306.09259
2396,Lahul & Spiti,3,2,Himachal Pradesh,05-01-2012,14135.85169
2397,Kullu,4,2,Himachal Pradesh,05-01-2012,14390.97261
2398,Mandi,5,2,Himachal Pradesh,05-01-2012,15222.68379
2399,Bilaspur,8,2,Himachal Pradesh,05-01-2012,15556.69199
2400,Chamba,1,2,Himachal Pradesh,05-01-2012,14489.07926
2401,Hamirpur,6,2,Himachal Pradesh,05-01-2012,15557.46576
2402,Shimla,11,2,Himachal Pradesh,05-01-2012,14907.89666
2403,Sirmaur,10,2,Himachal Pradesh,05-01-2012,15416.77786
2404,Solan,9,2,Himachal Pradesh,05-01-2012,15520.75354
2405,Una,7,2,Himachal Pradesh,05-01-2012,15612.86724
2406,Hoshiarpur,5,3,Punjab,05-01-2012,15626.76552
2407,Jalandhar,4,3,Punjab,05-01-2012,15645.74395
2408,Kapurthala,3,3,Punjab,05-01-2012,15626.41279
2409,Ludhiana,9,3,Punjab,05-01-2012,15705.12353
2410,Mansa,15,3,Punjab,05-01-2012,15741.04755
2411,Moga,10,3,Punjab,05-01-2012,15717.50503
2412,Muktsar,12,3,Punjab,05-01-2012,15727.76866
2413,Nawanshahr,6,3,Punjab,05-01-2012,15660.17032
2414,Patiala,17,3,Punjab,05-01-2012,15737.30696
2415,Sangrur,16,3,Punjab,05-01-2012,15741.18904
2416,Amritsar,2,3,Punjab,05-01-2012,15698.1071
2417,Firozpur,11,3,Punjab,05-01-2012,15736.17563
2418,Bathinda,14,3,Punjab,05-01-2012,15726.47978
2419,Gurdaspur,1,3,Punjab,05-01-2012,15659.23469
2420,Faridkot,13,3,Punjab,05-01-2012,15739.94907
2421,Fatehgarh Sahib,8,3,Punjab,05-01-2012,15721.06705
2422,Rupnagar,7,3,Punjab,05-01-2012,15692.61537
2423,Hardwar,13,5,Uttarakhand,05-01-2012,15547.9692
2424,Nainital,11,5,Uttarakhand,05-01-2012,15414.31938
2425,Pithoragarh,7,5,Uttarakhand,05-01-2012,14550.38478
2426,Bageshwar,8,5,Uttarakhand,05-01-2012,14909.75172
2427,Almora,9,5,Uttarakhand,05-01-2012,15384.47779
2428,Chamoli,2,5,Uttarakhand,05-01-2012,14463.26915
2429,Champawat,10,5,Uttarakhand,05-01-2012,15306.57691
2430,Dehradun,5,5,Uttarakhand,05-01-2012,15425.97835
2431,Garhwal,6,5,Uttarakhand,05-01-2012,15413.87883
2432,Rudraprayag,3,5,Uttarakhand,05-01-2012,14748.9925
2433,Tehri Garhwal,4,5,Uttarakhand,05-01-2012,15118.23191
2434,Udham Singh Nagar,12,5,Uttarakhand,05-01-2012,15507.60299
2435,Uttarkashi,1,5,Uttarakhand,05-01-2012,14473.04591
2436,Hisar,12,6,Haryana,05-01-2012,15799.27896
2437,Jind,9,6,Haryana,05-01-2012,15753.13265
2438,Kaithal,5,6,Haryana,05-01-2012,15690.71301
2439,Karnal,6,6,Haryana,05-01-2012,15656.21665
2440,Kurukshetra,4,6,Haryana,05-01-2012,15612.66099
2441,Panchkula,1,6,Haryana,05-01-2012,15643.30042
2442,Panipat,7,6,Haryana,05-01-2012,15701.71935
2443,Ambala,2,6,Haryana,05-01-2012,15667.97908
2444,Gurgaon,18,6,Haryana,05-01-2012,15865.10737
2445,Faridabad,19,6,Haryana,05-01-2012,15817.21151
2446,Fatehabad,10,6,Haryana,05-01-2012,15742.45138
2447,Rohtak,14,6,Haryana,05-01-2012,15811.32364
2448,Sirsa,11,6,Haryana,05-01-2012,15794.34124
2449,Sonipat,8,6,Haryana,05-01-2012,15757.88836
2450,Yamunanagar,3,6,Haryana,05-01-2012,15584.83065
2451,Jhajjar,15,6,Haryana,05-01-2012,15877.37236
2452,Mahendragarh,16,6,Haryana,05-01-2012,15935.14495
2453,Rewari,17,6,Haryana,05-01-2012,15929.21127
2454,Bhiwani,13,6,Haryana,05-01-2012,15924.09926
2455,Central,6,7,Delhi  & NCR,05-01-2012,15631.35015
2456,East,4,7,Delhi  & NCR,05-01-2012,15612.48187
2457,New Delhi,5,7,Delhi  & NCR,05-01-2012,15580.50958
2458,North,2,7,Delhi  & NCR,05-01-2012,15609.88213
2459,North East,3,7,Delhi  & NCR,05-01-2012,15638.46897
2460,North West,1,7,Delhi  & NCR,05-01-2012,15762.51213
2461,South,9,7,Delhi  & NCR,05-01-2012,15668.95122
2462,South West,8,7,Delhi  & NCR,05-01-2012,15796.06818
2463,West,7,7,Delhi  & NCR,05-01-2012,15715.77335
2464,Jaipur,12,8,Rajasthan,05-01-2012,15883.42423
2465,Jaisalmer,16,8,Rajasthan,05-01-2012,16132.14201
2466,Jalor,18,8,Rajasthan,05-01-2012,15936.91068
2467,Jhalawar,32,8,Rajasthan,05-01-2012,16037.86919
2468,Jhunjhunun,5,8,Rajasthan,05-01-2012,15908.91801
2469,Jodhpur,15,8,Rajasthan,05-01-2012,16002.4443
2470,Kota,30,8,Rajasthan,05-01-2012,15948.79473
2471,Nagaur,14,8,Rajasthan,05-01-2012,15908.69515
2472,Pali,20,8,Rajasthan,05-01-2012,15911.13069
2473,Rajsamand,25,8,Rajasthan,05-01-2012,15823.6573
2474,Sawai Madhopur,10,8,Rajasthan,05-01-2012,15893.51945
2475,Ajmer,21,8,Rajasthan,05-01-2012,15868.16233
2476,Banswara,28,8,Rajasthan,05-01-2012,15896.1887
2477,Barmer,17,8,Rajasthan,05-01-2012,16023.77289
2478,Bhilwara,24,8,Rajasthan,05-01-2012,15906.21046
2479,Bikaner,3,8,Rajasthan,05-01-2012,16008.78521
2480,Bharatpur,7,8,Rajasthan,05-01-2012,15907.66935
2481,Bundi,23,8,Rajasthan,05-01-2012,15924.14639
2482,Chittaurgarh,29,8,Rajasthan,05-01-2012,15900.79795
2483,Churu,4,8,Rajasthan,05-01-2012,15940.09218
2484,Dausa,11,8,Rajasthan,05-01-2012,15900.86337
2485,Dhaulpur,8,8,Rajasthan,05-01-2012,15913.27309
2486,Dungarpur,27,8,Rajasthan,05-01-2012,15893.27854
2487,Karauli,9,8,Rajasthan,05-01-2012,15908.38941
2488,Sirohi,19,8,Rajasthan,05-01-2012,15865.06017
2489,Tonk,22,8,Rajasthan,05-01-2012,15905.312
2490,Sikar,13,8,Rajasthan,05-01-2012,15887.20477
2491,Alwar,6,8,Rajasthan,05-01-2012,15849.81521
2492,Udaipur,26,8,Rajasthan,05-01-2012,15836.93198
2493,Ganganagar,1,8,Rajasthan,05-01-2012,15878.34425
2494,Hanumangarh,2,8,Rajasthan,05-01-2012,15871.39799
2495,Baran,31,8,Rajasthan,05-01-2012,16024.45534
2496,Hathras,13,9,Uttar Pradesh,05-01-2012,15712.48279
2497,Jalaun,35,9,Uttar Pradesh,05-01-2012,15821.2588
2498,Jaunpur,64,9,Uttar Pradesh,05-01-2012,15783.09073
2499,Jhansi,36,9,Uttar Pradesh,05-01-2012,15942.95296
2500,Jyotiba Phule Nagar,6,9,Uttar Pradesh,05-01-2012,15575.57175
2501,Kannauj,30,9,Uttar Pradesh,05-01-2012,15665.13736
2502,Kanpur Nagar,34,9,Uttar Pradesh,05-01-2012,15774.3283
2503,Kaushambi,44,9,Uttar Pradesh,05-01-2012,15772.30185
2504,Kheri,23,9,Uttar Pradesh,05-01-2012,15557.59067
2505,Mirzapur,69,9,Uttar Pradesh,05-01-2012,15809.82899
2506,Moradabad,4,9,Uttar Pradesh,05-01-2012,15516.98737
2507,Muzaffarnagar,2,9,Uttar Pradesh,05-01-2012,15516.25344
2508,Rae Bareli,28,9,Uttar Pradesh,05-01-2012,15719.39293
2509,Kushinagar,59,9,Uttar Pradesh,05-01-2012,15504.11315
2510,Lucknow,27,9,Uttar Pradesh,05-01-2012,15638.20925
2511,Lalitpur,37,9,Uttar Pradesh,05-01-2012,15947.15372
2512,Mahrajganj,57,9,Uttar Pradesh,05-01-2012,15558.24481
2513,Mahoba,39,9,Uttar Pradesh,05-01-2012,15948.88641
2514,Mainpuri,18,9,Uttar Pradesh,05-01-2012,15721.63756
2515,Mathura,14,9,Uttar Pradesh,05-01-2012,15834.93811
2516,Mau,62,9,Uttar Pradesh,05-01-2012,15795.48874
2517,Meerut,7,9,Uttar Pradesh,05-01-2012,15569.57364
2518,Pilibhit,21,9,Uttar Pradesh,05-01-2012,15528.38596
2519,Pratapgarh,43,9,Uttar Pradesh,05-01-2012,15742.52099
2520,Rampur,5,9,Uttar Pradesh,05-01-2012,15413.74331
2521,Sant Ravidas Nagar Bhadohi,68,9,Uttar Pradesh,05-01-2012,15758.40303
2522,Sant Kabir Nagar,56,9,Uttar Pradesh,05-01-2012,15702.98518
2523,Shahjahanpur,22,9,Uttar Pradesh,05-01-2012,15591.12318
2524,Auraiya,32,9,Uttar Pradesh,05-01-2012,15765.39767
2525,Azamgarh,61,9,Uttar Pradesh,05-01-2012,15768.81827
2526,Budaun,19,9,Uttar Pradesh,05-01-2012,15604.74102
2527,Agra,15,9,Uttar Pradesh,05-01-2012,15849.51368
2528,Aligarh,12,9,Uttar Pradesh,05-01-2012,15755.56294
2529,Allahabad,45,9,Uttar Pradesh,05-01-2012,15805.61756
2530,Ambedkar Nagar,48,9,Uttar Pradesh,05-01-2012,15650.76774
2531,Bareilly,20,9,Uttar Pradesh,05-01-2012,15548.26586
2532,Bijnor,3,9,Uttar Pradesh,05-01-2012,15589.37059
2533,Basti,55,9,Uttar Pradesh,05-01-2012,15647.2206
2534,Baghpat,8,9,Uttar Pradesh,05-01-2012,15583.45938
2535,Bahraich,50,9,Uttar Pradesh,05-01-2012,15588.77115
2536,Ballia,63,9,Uttar Pradesh,05-01-2012,15764.50206
2537,Balrampur,52,9,Uttar Pradesh,05-01-2012,15620.28366
2538,Banda,40,9,Uttar Pradesh,05-01-2012,15942.24011
2539,Barabanki,46,9,Uttar Pradesh,05-01-2012,15502.19054
2540,Chitrakoot,41,9,Uttar Pradesh,05-01-2012,15894.14871
2541,Chandauli,66,9,Uttar Pradesh,05-01-2012,15814.61594
2542,Deoria,60,9,Uttar Pradesh,05-01-2012,15723.5537
2543,Etah,17,9,Uttar Pradesh,05-01-2012,15725.26037
2544,Kanpur Dehat,33,9,Uttar Pradesh,05-01-2012,15789.70549
2545,Etawah,31,9,Uttar Pradesh,05-01-2012,15773.76258
2546,Faizabad,47,9,Uttar Pradesh,05-01-2012,15623.57995
2547,Ghazipur,65,9,Uttar Pradesh,05-01-2012,15786.00447
2548,Gonda,53,9,Uttar Pradesh,05-01-2012,15613.45966
2549,Gorakhpur,58,9,Uttar Pradesh,05-01-2012,15724.25031
2550,Farrukhabad,29,9,Uttar Pradesh,05-01-2012,15633.82433
2551,Fatehpur,42,9,Uttar Pradesh,05-01-2012,15806.67837
2552,Firozabad,16,9,Uttar Pradesh,05-01-2012,15785.82701
2553,Hamirpur,38,9,Uttar Pradesh,05-01-2012,15910.78624
2554,Hardoi,25,9,Uttar Pradesh,05-01-2012,15679.21368
2555,Shrawasti,51,9,Uttar Pradesh,05-01-2012,15653.24834
2556,Saharanpur,1,9,Uttar Pradesh,05-01-2012,15505.25424
2557,Sitapur,24,9,Uttar Pradesh,05-01-2012,15566.8674
2558,Sultanpur,49,9,Uttar Pradesh,05-01-2012,15737.50905
2559,Sonbhadra,70,9,Uttar Pradesh,05-01-2012,15799.11024
2560,Siddharthnagar,54,9,Uttar Pradesh,05-01-2012,15715.8297
2561,Unnao,26,9,Uttar Pradesh,05-01-2012,15750.76348
2562,Varanasi,67,9,Uttar Pradesh,05-01-2012,15697.91748
2563,Bulandshahr,11,9,Uttar Pradesh,05-01-2012,15680.82507
2564,Gautam Buddha Nagar,10,9,Uttar Pradesh,05-01-2012,15775.56839
2565,Ghaziabad,9,9,Uttar Pradesh,05-01-2012,15638.17282
2566,Jamui,37,10,Bihar,05-01-2012,15742.47456
2567,Kishanganj,8,10,Bihar,05-01-2012,15280.15956
2568,Muzaffarpur,14,10,Bihar,05-01-2012,15467.96982
2569,Purnia,9,10,Bihar,05-01-2012,15320.05423
2570,Khagaria,21,10,Bihar,05-01-2012,15466.19552
2571,Madhubani,5,10,Bihar,05-01-2012,15442.30721
2572,Lakhisarai,25,10,Bihar,05-01-2012,15736.20642
2573,Madhepura,11,10,Bihar,05-01-2012,15401.29847
2574,Purba Champaran,2,10,Bihar,05-01-2012,15490.63909
2575,Munger,24,10,Bihar,05-01-2012,15649.98618
2576,Nalanda,27,10,Bihar,05-01-2012,15761.17354
2577,Nawada,36,10,Bihar,05-01-2012,15782.65839
2578,Pashchim Champaran,1,10,Bihar,05-01-2012,15467.64497
2579,Patna,28,10,Bihar,05-01-2012,15721.93018
2580,Samastipur,19,10,Bihar,05-01-2012,15530.80039
2581,Araria,7,10,Bihar,05-01-2012,15362.78155
2582,Aurangabad,34,10,Bihar,05-01-2012,15898.94454
2583,Banka,23,10,Bihar,05-01-2012,15733.03782
2584,Bhagalpur,22,10,Bihar,05-01-2012,15585.88046
2585,Begusarai,20,10,Bihar,05-01-2012,15600.02252
2586,Saran,17,10,Bihar,05-01-2012,15626.24565
2587,Katihar,10,10,Bihar,05-01-2012,15354.30131
2588,Darbhanga,13,10,Bihar,05-01-2012,15460.64585
2589,Gopalganj,15,10,Bihar,05-01-2012,15608.51852
2590,Sheikhpura,26,10,Bihar,05-01-2012,15774.83599
2591,Sheohar,3,10,Bihar,05-01-2012,15468.81551
2592,Saharsa,12,10,Bihar,05-01-2012,15421.71578
2593,Sitamarhi,4,10,Bihar,05-01-2012,15458.10381
2594,Siwan,16,10,Bihar,05-01-2012,15677.81759
2595,Supaul,6,10,Bihar,05-01-2012,15388.38393
2596,Vaishali,18,10,Bihar,05-01-2012,15576.12868
2597,Kaimur (Bhabua),31,10,Bihar,05-01-2012,15867.97854
2598,Gaya,35,10,Bihar,05-01-2012,15851.17362
2599,Bhojpur,29,10,Bihar,05-01-2012,15845.76368
2600,Buxar,30,10,Bihar,05-01-2012,15843.32586
2601,Jehanabad,33,10,Bihar,05-01-2012,15812.41498
2602,Rohtas,32,10,Bihar,05-01-2012,15879.95214
2603,North,1,11,Sikkim,05-01-2012,14179.25928
2604,East,4,11,Sikkim,05-01-2012,14598.16889
2605,South,3,11,Sikkim,05-01-2012,14758.45553
2606,West,2,11,Sikkim,05-01-2012,14479.53972
2607,Lohit,11,12,Arunanchal Pradesh,05-01-2012,14637.02529
2608,Lower Subansiri,5,12,Arunanchal Pradesh,05-01-2012,14697.52703
2609,Papum Pare,4,12,Arunanchal Pradesh,05-01-2012,14901.78495
2610,Changlang,12,12,Arunanchal Pradesh,05-01-2012,14944.75987
2611,Dibang Valley,10,12,Arunanchal Pradesh,05-01-2012,14488.99726
2612,East Kameng,3,12,Arunanchal Pradesh,05-01-2012,14790.89473
2613,East Siang,8,12,Arunanchal Pradesh,05-01-2012,15034.61577
2614,Tawang,1,12,Arunanchal Pradesh,05-01-2012,14308.80231
2615,Tirap,13,12,Arunanchal Pradesh,05-01-2012,14985.18018
2616,West Kameng,2,12,Arunanchal Pradesh,05-01-2012,14766.10454
2617,West Siang,7,12,Arunanchal Pradesh,05-01-2012,14788.61955
2618,Upper Siang,9,12,Arunanchal Pradesh,05-01-2012,14597.0357
2619,Upper Subansiri,6,12,Arunanchal Pradesh,05-01-2012,14612.97037
2620,Mokokchung,3,13,Nagaland,05-01-2012,15048.25125
2621,Mon,1,13,Nagaland,05-01-2012,15063.05116
2622,Phek,8,13,Nagaland,05-01-2012,15032.04839
2623,Tuensang,2,13,Nagaland,05-01-2012,14971.45354
2624,Wokha,5,13,Nagaland,05-01-2012,15070.06684
2625,Zunheboto,4,13,Nagaland,05-01-2012,14959.48427
2626,Dimapur,6,13,Nagaland,05-01-2012,15247.13545
2627,Kohima,7,13,Nagaland,05-01-2012,15038.34662
2628,Imphal East,7,14,Manipur,05-01-2012,15239.37819
2629,Imphal West,6,14,Manipur,05-01-2012,15120.11356
2630,Senapati (Excl. 3 sub-divisions),1,14,Manipur,05-01-2012,15026.75412
2631,Bishnupur,4,14,Manipur,05-01-2012,15082.74083
2632,Chandel,9,14,Manipur,05-01-2012,15082.8864
2633,Churachandpur,3,14,Manipur,05-01-2012,15012.24289
2634,Tamenglong,2,14,Manipur,05-01-2012,14986.6659
2635,Thoubal,5,14,Manipur,05-01-2012,15234.0896
2636,Ukhrul,8,14,Manipur,05-01-2012,15107.24318
2637,Kolasib,2,15,Mizoram,05-01-2012,15099.16027
2638,Mamit,1,15,Mizoram,05-01-2012,15072.64383
2639,Lunglei,6,15,Mizoram,05-01-2012,15037.5314
2640,Lawngtlai,7,15,Mizoram,05-01-2012,15061.85404
2641,Saiha,8,15,Mizoram,05-01-2012,14981.24731
2642,Serchhip,5,15,Mizoram,05-01-2012,14988.48609
2643,Aizawl,3,15,Mizoram,05-01-2012,15020.18798
2644,Champhai,4,15,Mizoram,05-01-2012,14960.73498
2645,North Tripura,4,16,Tripura,05-01-2012,15174.48488
2646,Dhalai,3,16,Tripura,05-01-2012,15176.62483
2647,South Tripura,2,16,Tripura,05-01-2012,15179.28391
2648,West Tripura,1,16,Tripura,05-01-2012,15200.11113
2649,Jaintia Hills,7,17,Meghalaya,05-01-2012,15068.28023
2650,East Garo Hills,2,17,Meghalaya,05-01-2012,15102.84225
2651,East Khasi Hills,6,17,Meghalaya,05-01-2012,15042.20921
2652,Ri Bhoi,5,17,Meghalaya,05-01-2012,15117.25888
2653,South Garo Hills,3,17,Meghalaya,05-01-2012,15120.1019
2654,West Garo Hills,1,17,Meghalaya,05-01-2012,15124.34414
2655,West Khasi Hills,4,17,Meghalaya,05-01-2012,15033.11178
2656,Jorhat,17,18,Assam,05-01-2012,15146.10036
2657,Karimganj,22,18,Assam,05-01-2012,15146.7587
2658,Kokrajhar,1,18,Assam,05-01-2012,15205.56903
2659,Lakhimpur,12,18,Assam,05-01-2012,15212.84425
2660,Nagaon,10,18,Assam,05-01-2012,15271.27533
2661,Marigaon,9,18,Assam,05-01-2012,15171.71688
2662,Nalbari,7,18,Assam,05-01-2012,15170.09731
2663,North Cachar Hills,20,18,Assam,05-01-2012,15160.06812
2664,Barpeta,5,18,Assam,05-01-2012,15128.39051
2665,Bongaigaon,4,18,Assam,05-01-2012,15138.42026
2666,Cachar,21,18,Assam,05-01-2012,15134.81833
2667,Darrang,8,18,Assam,05-01-2012,15178.573
2668,Dhemaji,13,18,Assam,05-01-2012,15241.38532
2669,Dhubri,2,18,Assam,05-01-2012,15147.01815
2670,Dibrugarh,15,18,Assam,05-01-2012,15166.30788
2671,Kamrup,6,18,Assam,05-01-2012,15148.50997
2672,Karbi Anglong,19,18,Assam,05-01-2012,15157.02451
2673,Goalpara,3,18,Assam,05-01-2012,15173.77191
2674,Golaghat,18,18,Assam,05-01-2012,15207.48375
2675,Hailakandi,23,18,Assam,05-01-2012,15146.26486
2676,Sonitpur,11,18,Assam,05-01-2012,15200.8821
2677,Sibsagar,16,18,Assam,05-01-2012,15174.76758
2678,Tinsukia,14,18,Assam,05-01-2012,15169.83431
2679,Hugli,12,19,West Bengal,05-01-2012,15283.169
2680,Jalpaiguri,2,19,West Bengal,05-01-2012,15173.95247
2681,Koch Bihar,3,19,West Bengal,05-01-2012,15134.89585
2682,Murshidabad,7,19,West Bengal,05-01-2012,15408.04962
2683,Puruliya,14,19,West Bengal,05-01-2012,15647.60873
2684,Kolkata,17,19,West Bengal,05-01-2012,15461.15335
2685,Maldah,6,19,West Bengal,05-01-2012,15385.57777
2686,Nadia,10,19,West Bengal,05-01-2012,15311.99795
2687,North Twenty Four Parganas,11,19,West Bengal,05-01-2012,15225.31301
2688,Medinipur,15,19,West Bengal,05-01-2012,15400.42364
2689,Barddhaman,9,19,West Bengal,05-01-2012,15418.79563
2690,Birbhum,8,19,West Bengal,05-01-2012,15496.00503
2691,Bankura,13,19,West Bengal,05-01-2012,15455.91994
2692,Dakshin Dinajpur,5,19,West Bengal,05-01-2012,15364.74836
2693,Darjiling,1,19,West Bengal,05-01-2012,15004.64811
2694,Haora,16,19,West Bengal,05-01-2012,15333.9865
2695,South  Twenty Four Parganas,18,19,West Bengal,05-01-2012,15328.18191
2696,Uttar Dinajpur,4,19,West Bengal,05-01-2012,15235.89874
2697,Purbi Singhbhum,18,20,Jharkhand,05-01-2012,15533.08654
2698,Lohardaga,15,20,Jharkhand,05-01-2012,15704.18161
2699,Pakaur,10,20,Jharkhand,05-01-2012,15657.38506
2700,Pashchimi Singhbhum,17,20,Jharkhand,05-01-2012,15633.97147
2701,Bokaro,13,20,Jharkhand,05-01-2012,15751.18346
2702,Deoghar,7,20,Jharkhand,05-01-2012,15748.7406
2703,Dhanbad,12,20,Jharkhand,05-01-2012,15702.87597
2704,Dumka,11,20,Jharkhand,05-01-2012,15649.06707
2705,Giridih,6,20,Jharkhand,05-01-2012,15772.45157
2706,Godda,8,20,Jharkhand,05-01-2012,15689.90053
2707,Gumla,16,20,Jharkhand,05-01-2012,15696.12089
2708,Ranchi,14,20,Jharkhand,05-01-2012,15681.92569
2709,Sahibganj,9,20,Jharkhand,05-01-2012,15570.81226
2710,Garhwa,1,20,Jharkhand,05-01-2012,15831.99756
2711,Palamu,2,20,Jharkhand,05-01-2012,15828.77633
2712,Chatra,3,20,Jharkhand,05-01-2012,15811.86953
2713,Hazaribagh,4,20,Jharkhand,05-01-2012,15748.32084
2714,Kodarma,5,20,Jharkhand,05-01-2012,15770.84074
2715,Jajapur,13,21,Orissa,05-01-2012,15553.38401
2716,Jagatsinghapur,11,21,Orissa,05-01-2012,15511.23952
2717,Jharsuguda,2,21,Orissa,05-01-2012,15661.85331
2718,Khordha,17,21,Orissa,05-01-2012,15478.3447
2719,Mayurbhanj,7,21,Orissa,05-01-2012,15455.79684
2720,Puri,18,21,Orissa,05-01-2012,15397.64294
2721,Koraput,29,21,Orissa,05-01-2012,15486.01262
2722,Malkangiri,30,21,Orissa,05-01-2012,15523.48099
2723,Nabarangapur,28,21,Orissa,05-01-2012,15719.12471
2724,Nayagarh,16,21,Orissa,05-01-2012,15484.26761
2725,Nuapada,25,21,Orissa,05-01-2012,15820.17404
2726,Kandhamal,21,21,Orissa,05-01-2012,15484.8823
2727,Sambalpur,3,21,Orissa,05-01-2012,15604.91072
2728,Anugul,15,21,Orissa,05-01-2012,15599.00911
2729,Bhadrak,9,21,Orissa,05-01-2012,15534.56402
2730,Baudh,22,21,Orissa,05-01-2012,15718.43051
2731,Balangir,24,21,Orissa,05-01-2012,15844.37602
2732,Baleshwar,8,21,Orissa,05-01-2012,15410.8927
2733,Bargarh,1,21,Orissa,05-01-2012,15732.71012
2734,Kendrapara,10,21,Orissa,05-01-2012,15474.84368
2735,Kendujhar,6,21,Orissa,05-01-2012,15533.51963
2736,Debagarh,4,21,Orissa,05-01-2012,15559.57517
2737,Cuttack,12,21,Orissa,05-01-2012,15520.47347
2738,Dhenkanal,14,21,Orissa,05-01-2012,15520.51501
2739,Kalahandi,26,21,Orissa,05-01-2012,15703.96879
2740,Ganjam,19,21,Orissa,05-01-2012,15452.79567
2741,Gajapati,20,21,Orissa,05-01-2012,15319.97665
2742,Rayagada,27,21,Orissa,05-01-2012,15429.8884
2743,Sundargarh,5,21,Orissa,05-01-2012,15677.82542
2744,Sonapur,23,21,Orissa,05-01-2012,15692.20175
2745,Jashpur,3,22,Chhattisgarh,05-01-2012,15713.88396
2746,Koriya,1,22,Chhattisgarh,05-01-2012,15731.15107
2747,Mahasamund,12,22,Chhattisgarh,05-01-2012,15834.3241
2748,Raigarh,4,22,Chhattisgarh,05-01-2012,15750.7153
2749,Raipur,11,22,Chhattisgarh,05-01-2012,15858.98541
2750,Rajnandgaon,9,22,Chhattisgarh,05-01-2012,15914.42835
2751,Bastar,15,22,Chhattisgarh,05-01-2012,15609.89625
2752,Dantewada,16,22,Chhattisgarh,05-01-2012,15575.6572
2753,Dhamtari,13,22,Chhattisgarh,05-01-2012,15762.57453
2754,Durg,10,22,Chhattisgarh,05-01-2012,15944.97313
2755,Kanker,14,22,Chhattisgarh,05-01-2012,15757.65471
2756,Surguja,2,22,Chhattisgarh,05-01-2012,15739.40663
2757,Bilaspur,7,22,Chhattisgarh,05-01-2012,15810.57723
2758,Janjgir - Champa,6,22,Chhattisgarh,05-01-2012,15747.4112
2759,Korba,5,22,Chhattisgarh,05-01-2012,15715.36483
2760,Kawardha,8,22,Chhattisgarh,05-01-2012,15931.22465
2761,Hoshangabad,37,23,Madhya Pradesh,05-01-2012,15955.04476
2762,Indore,26,23,Madhya Pradesh,05-01-2012,15912.55979
2763,Jabalpur,39,23,Madhya Pradesh,05-01-2012,15949.52633
2764,Jhabua,24,23,Madhya Pradesh,05-01-2012,15912.99494
2765,Mandsaur,19,23,Madhya Pradesh,05-01-2012,15966.89167
2766,Tikamgarh,8,23,Madhya Pradesh,05-01-2012,15976.24149
2767,Narsimhapur,40,23,Madhya Pradesh,05-01-2012,15916.29136
2768,Neemuch,18,23,Madhya Pradesh,05-01-2012,15916.27016
2769,Panna,10,23,Madhya Pradesh,05-01-2012,15974.22321
2770,Raisen,34,23,Madhya Pradesh,05-01-2012,16019.63809
2771,Rajgarh,30,23,Madhya Pradesh,05-01-2012,16085.52945
2772,Satna,13,23,Madhya Pradesh,05-01-2012,15896.99354
2773,Sehore,33,23,Madhya Pradesh,05-01-2012,16034.64313
2774,Seoni,44,23,Madhya Pradesh,05-01-2012,16004.47732
2775,Bhind,3,23,Madhya Pradesh,05-01-2012,15926.70328
2776,Bhopal,32,23,Madhya Pradesh,05-01-2012,16037.01458
2777,Barwani,28,23,Madhya Pradesh,05-01-2012,15989.51269
2778,Betul,35,23,Madhya Pradesh,05-01-2012,15985.83562
2779,Balaghat,45,23,Madhya Pradesh,05-01-2012,15821.21365
2780,Chhatarpur,9,23,Madhya Pradesh,05-01-2012,15972.38822
2781,Chhindwara,43,23,Madhya Pradesh,05-01-2012,15998.31103
2782,Dewas,23,23,Madhya Pradesh,05-01-2012,15984.44278
2783,Katni,38,23,Madhya Pradesh,05-01-2012,15891.86927
2784,Datia,5,23,Madhya Pradesh,05-01-2012,15924.47084
2785,Damoh,12,23,Madhya Pradesh,05-01-2012,16021.66464
2786,Dhar,25,23,Madhya Pradesh,05-01-2012,15921.88402
2787,East Nimar,29,23,Madhya Pradesh,05-01-2012,15976.85409
2788,Guna,7,23,Madhya Pradesh,05-01-2012,16043.88717
2789,Gwalior,4,23,Madhya Pradesh,05-01-2012,15894.62898
2790,Harda,36,23,Madhya Pradesh,05-01-2012,16009.82497
2791,Shajapur,22,23,Madhya Pradesh,05-01-2012,16040.36169
2792,Shivpuri,6,23,Madhya Pradesh,05-01-2012,15968.53486
2793,Ratlam,20,23,Madhya Pradesh,05-01-2012,15962.04648
2794,Rewa,14,23,Madhya Pradesh,05-01-2012,15898.26254
2795,Sagar,11,23,Madhya Pradesh,05-01-2012,16043.62708
2796,Sidhi,17,23,Madhya Pradesh,05-01-2012,15821.84866
2797,Ujjain,21,23,Madhya Pradesh,05-01-2012,15961.6718
2798,Vidisha,31,23,Madhya Pradesh,05-01-2012,16086.86469
2799,West Nimar,27,23,Madhya Pradesh,05-01-2012,15992.29663
2800,Morena,2,23,Madhya Pradesh,05-01-2012,15892.78184
2801,Sheopur,1,23,Madhya Pradesh,05-01-2012,15955.43119
2802,Dindori,41,23,Madhya Pradesh,05-01-2012,15876.19
2803,Mandla,42,23,Madhya Pradesh,05-01-2012,15913.21985
2804,Shahdol,16,23,Madhya Pradesh,05-01-2012,15840.01813
2805,Umaria,15,23,Madhya Pradesh,05-01-2012,15837.0691
2806,Jamnagar,10,24,Gujarat,05-01-2012,15812.6694
2807,Kheda,16,24,Gujarat,05-01-2012,15798.55974
2808,Mahesana,4,24,Gujarat,05-01-2012,15866.84885
2809,Narmada,20,24,Gujarat,05-01-2012,15785.78684
2810,Navsari,24,24,Gujarat,05-01-2012,15551.70861
2811,Panch Mahals,17,24,Gujarat,05-01-2012,15813.9092
2812,Patan,3,24,Gujarat,05-01-2012,15945.80521
2813,Porbandar,11,24,Gujarat,05-01-2012,15697.28143
2814,Rajkot,9,24,Gujarat,05-01-2012,15941.49339
2815,Anand,15,24,Gujarat,05-01-2012,15724.12234
2816,Ahmadabad,7,24,Gujarat,05-01-2012,15973.50159
2817,Amreli,13,24,Gujarat,05-01-2012,15980.82389
2818,Bhavnagar,14,24,Gujarat,05-01-2012,16014.15308
2819,Banas Kantha,2,24,Gujarat,05-01-2012,15801.49145
2820,Dohad,18,24,Gujarat,05-01-2012,15867.2671
2821,Junagadh,12,24,Gujarat,05-01-2012,15799.26911
2822,Kachchh,1,24,Gujarat,05-01-2012,15761.08752
2823,Gandhinagar,6,24,Gujarat,05-01-2012,15807.42412
2824,Sabar Kantha,5,24,Gujarat,05-01-2012,15835.75598
2825,Surendranagar,8,24,Gujarat,05-01-2012,15988.16241
2826,The Dangs,23,24,Gujarat,05-01-2012,15852.67266
2827,Vadodara,19,24,Gujarat,05-01-2012,15776.51992
2828,Valsad,25,24,Gujarat,05-01-2012,15677.64124
2829,Bharuch,21,24,Gujarat,05-01-2012,15744.02375
2830,Surat,22,24,Gujarat,05-01-2012,15625.25044
2831,Daman,2,25,Daman & Diu,05-01-2012,15482.34664
2832,Diu,1,25,Daman & Diu,05-01-2012,15404.3273
2833,Hingoli,16,27,Maharashtra,05-01-2012,16046.23044
2834,Jalgaon,3,27,Maharashtra,05-01-2012,15976.78509
2835,Jalna,18,27,Maharashtra,05-01-2012,16081.3063
2836,Kolhapur,34,27,Maharashtra,05-01-2012,15591.83257
2837,Latur,28,27,Maharashtra,05-01-2012,16020.49968
2838,Pune,25,27,Maharashtra,05-01-2012,15817.59408
2839,Nagpur,9,27,Maharashtra,05-01-2012,16078.75737
2840,Mumbai,23,27,Maharashtra,05-01-2012,15390.60555
2841,Mumbai (Suburban),22,27,Maharashtra,05-01-2012,15432.46463
2842,Nanded,15,27,Maharashtra,05-01-2012,16056.82341
2843,Nandurbar,1,27,Maharashtra,05-01-2012,15879.04669
2844,Nashik,20,27,Maharashtra,05-01-2012,15948.14579
2845,Osmanabad,29,27,Maharashtra,05-01-2012,16046.76582
2846,Parbhani,17,27,Maharashtra,05-01-2012,16057.77397
2847,Sangli,35,27,Maharashtra,05-01-2012,15943.80117
2848,Satara,31,27,Maharashtra,05-01-2012,15871.92796
2849,Aurangabad,19,27,Maharashtra,05-01-2012,15996.46859
2850,Ahmadnagar,26,27,Maharashtra,05-01-2012,15967.29236
2851,Akola,5,27,Maharashtra,05-01-2012,16074.94247
2852,Amravati,7,27,Maharashtra,05-01-2012,16057.67257
2853,Bid,27,27,Maharashtra,05-01-2012,16001.01427
2854,Bhandara,10,27,Maharashtra,05-01-2012,15947.75219
2855,Buldana,4,27,Maharashtra,05-01-2012,16045.7538
2856,Chandrapur,13,27,Maharashtra,05-01-2012,15990.37105
2857,Dhule,2,27,Maharashtra,05-01-2012,15981.93769
2858,Gadchiroli,12,27,Maharashtra,05-01-2012,15799.97842
2859,Gondiya,11,27,Maharashtra,05-01-2012,15857.29654
2860,Ratnagiri,32,27,Maharashtra,05-01-2012,15618.78724
2861,Raigarh,24,27,Maharashtra,05-01-2012,15700.16454
2862,Thane,21,27,Maharashtra,05-01-2012,15806.65006
2863,Solapur,30,27,Maharashtra,05-01-2012,15945.57395
2864,Sindhudurg,33,27,Maharashtra,05-01-2012,15526.38403
2865,Wardha,8,27,Maharashtra,05-01-2012,16145.11788
2866,Washim,6,27,Maharashtra,05-01-2012,16061.13231
2867,Yavatmal,14,27,Maharashtra,05-01-2012,16108.51241
2868,Hyderabad,5,28,Andhra Pradesh,05-01-2012,15662.07373
2869,Khammam,10,28,Andhra Pradesh,05-01-2012,15614.02711
2870,Medak,4,28,Andhra Pradesh,05-01-2012,15875.49346
2871,Krishna,16,28,Andhra Pradesh,05-01-2012,15576.47723
2872,Kurnool,21,28,Andhra Pradesh,05-01-2012,15744.68747
2873,Mahbubnagar,7,28,Andhra Pradesh,05-01-2012,15778.90521
2874,Nalgonda,8,28,Andhra Pradesh,05-01-2012,15845.30756
2875,Nellore,19,28,Andhra Pradesh,05-01-2012,15617.6476
2876,Nizamabad,2,28,Andhra Pradesh,05-01-2012,15849.48102
2877,Prakasam,18,28,Andhra Pradesh,05-01-2012,15713.0702
2878,Anantapur,22,28,Andhra Pradesh,05-01-2012,15631.84144
2879,Adilabad,1,28,Andhra Pradesh,05-01-2012,15981.91767
2880,Chittoor,23,28,Andhra Pradesh,05-01-2012,15493.10758
2881,Cuddapah,20,28,Andhra Pradesh,05-01-2012,15622.37303
2882,East Godavari,14,28,Andhra Pradesh,05-01-2012,15407.07293
2883,Karimnagar,3,28,Andhra Pradesh,05-01-2012,15882.10178
2884,Guntur,17,28,Andhra Pradesh,05-01-2012,15740.43629
2885,Rangareddi,6,28,Andhra Pradesh,05-01-2012,15866.66713
2886,Srikakulam,11,28,Andhra Pradesh,05-01-2012,15466.97157
2887,West Godavari,15,28,Andhra Pradesh,05-01-2012,15488.15807
2888,Visakhapatnam,13,28,Andhra Pradesh,05-01-2012,15388.95278
2889,Vizianagaram,12,28,Andhra Pradesh,05-01-2012,15454.05769
2890,Warangal,9,28,Andhra Pradesh,05-01-2012,15822.01671
2891,Hassan,23,29,Karnataka,05-01-2012,15302.88462
2892,Haveri,11,29,Karnataka,05-01-2012,15590.88701
2893,Kodagu,25,29,Karnataka,05-01-2012,15036.77448
2894,Kolar,19,29,Karnataka,05-01-2012,15397.91342
2895,Mandya,22,29,Karnataka,05-01-2012,15298.60033
2896,Koppal,7,29,Karnataka,05-01-2012,15789.82611
2897,Mysore,26,29,Karnataka,05-01-2012,15371.85954
2898,Raichur,6,29,Karnataka,05-01-2012,15851.05207
2899,Bagalkot,2,29,Karnataka,05-01-2012,15792.92857
2900,Bangalore,20,29,Karnataka,05-01-2012,15341.85455
2901,Bidar,5,29,Karnataka,05-01-2012,16010.84341
2902,Bijapur,3,29,Karnataka,05-01-2012,15955.09134
2903,Belgaum,1,29,Karnataka,05-01-2012,15727.36723
2904,Bellary,12,29,Karnataka,05-01-2012,15633.72164
2905,Bangalore Rural,21,29,Karnataka,05-01-2012,15378.76119
2906,Chamarajanagar,27,29,Karnataka,05-01-2012,15331.43042
2907,Chikmagalur,17,29,Karnataka,05-01-2012,15186.59555
2908,Chitradurga,13,29,Karnataka,05-01-2012,15542.0389
2909,Dakshina Kannada,24,29,Karnataka,05-01-2012,15156.963
2910,Davanagere,14,29,Karnataka,05-01-2012,15461.16929
2911,Dharwad,9,29,Karnataka,05-01-2012,15752.88174
2912,Gulbarga,4,29,Karnataka,05-01-2012,15983.09922
2913,Gadag,8,29,Karnataka,05-01-2012,15817.14736
2914,Shimoga,15,29,Karnataka,05-01-2012,15245.69754
2915,Tumkur,18,29,Karnataka,05-01-2012,15446.26781
2916,Udupi,16,29,Karnataka,05-01-2012,15264.3695
2917,Uttara Kannada,10,29,Karnataka,05-01-2012,15208.81285
2918,North Goa,1,30,Goa,05-01-2012,15393.06324
2919,South Goa,2,30,Goa,05-01-2012,15302.82138
2920,Idukki,9,32,Kerala,05-01-2012,14970.42996
2921,Kollam,13,32,Kerala,05-01-2012,15045.61887
2922,Kottayam,10,32,Kerala,05-01-2012,15056.81061
2923,Kozhikode,4,32,Kerala,05-01-2012,15110.65709
2924,Malappuram,5,32,Kerala,05-01-2012,15147.10243
2925,Palakkad,6,32,Kerala,05-01-2012,15164.59277
2926,Pathanamthitta,12,32,Kerala,05-01-2012,14997.38197
2927,Alappuzha,11,32,Kerala,05-01-2012,15076.3008
2928,Kasaragod,1,32,Kerala,05-01-2012,15228.70349
2929,Kannur,2,32,Kerala,05-01-2012,15234.12223
2930,Ernakulam,8,32,Kerala,05-01-2012,15118.69613
2931,Thrissur,7,32,Kerala,05-01-2012,15133.27532
2932,Thiruvananthapuram,14,32,Kerala,05-01-2012,15072.39816
2933,Wayanad,3,32,Kerala,05-01-2012,15031.65021
2934,Kanniyakumari,30,33,Tamil Nadu,05-01-2012,15124.07772
2935,Karur,14,33,Tamil Nadu,05-01-2012,15509.82856
2936,Madurai,24,33,Tamil Nadu,05-01-2012,15496.78737
2937,Namakkal,9,33,Tamil Nadu,05-01-2012,15485.78704
2938,The Nilgiris,11,33,Tamil Nadu,05-01-2012,14969.49922
2939,Perambalur,16,33,Tamil Nadu,05-01-2012,15554.0436
2940,Pudukkottai,22,33,Tamil Nadu,05-01-2012,15531.73445
2941,Ramanathapuram,27,33,Tamil Nadu,05-01-2012,15622.60215
2942,Salem,8,33,Tamil Nadu,05-01-2012,15421.89989
2943,Ariyalur,17,33,Tamil Nadu,05-01-2012,15515.86448
2944,Coimbatore,12,33,Tamil Nadu,05-01-2012,15409.79785
2945,Cuddalore,18,33,Tamil Nadu,05-01-2012,15558.60313
2946,Dharmapuri,5,33,Tamil Nadu,05-01-2012,15389.0518
2947,Dindigul,13,33,Tamil Nadu,05-01-2012,15335.76796
2948,Erode,10,33,Tamil Nadu,05-01-2012,15433.28228
2949,Sivaganga,23,33,Tamil Nadu,05-01-2012,15545.74265
2950,Tiruchirappalli,15,33,Tamil Nadu,05-01-2012,15453.43261
2951,Tirunelveli,29,33,Tamil Nadu,05-01-2012,15523.59401
2952,Tiruvannamalai,6,33,Tamil Nadu,05-01-2012,15487.28061
2953,Thoothukkudi,28,33,Tamil Nadu,05-01-2012,15656.84283
2954,Theni,25,33,Tamil Nadu,05-01-2012,15343.28574
2955,Vellore,4,33,Tamil Nadu,05-01-2012,15469.60781
2956,Viluppuram,7,33,Tamil Nadu,05-01-2012,15542.60519
2957,Virudhunagar,26,33,Tamil Nadu,05-01-2012,15582.53006
2958,Chennai,2,33,Tamil Nadu,05-01-2012,15520.62439
2959,Kancheepuram,3,33,Tamil Nadu,05-01-2012,15586.14128
2960,Thiruvallur,1,33,Tamil Nadu,05-01-2012,15590.33983
2961,Thanjavur,21,33,Tamil Nadu,05-01-2012,15487.68973
2962,Thiruvarur,20,33,Tamil Nadu,05-01-2012,15499.49686
2963,Nagapattinam,19,33,Tamil Nadu,05-01-2012,15498.03654
2964,Pondicherry,2,34,Puducherry,05-01-2012,15527.29532
2965,Yanam,1,34,Puducherry,05-01-2012,15413.59895
2966,Karaikal,4,34,Puducherry,05-01-2012,15517.41587
2967,Mahe,3,34,Puducherry,05-01-2012,15112.90195
2968,Nicobars,2,35,Andaman & Nicobar Island,05-01-2012,14957.72826
2969,Andamans,1,35,Andaman & Nicobar Island,05-01-2012,15008.97892
2970,Chandigarh,1,4,Chandigarh,06-01-2012,15720.51207
2971,Dadra & Nagar Haveli,1,26,Dadara & Nagar Havelli,06-01-2012,15616.68335
2972,Lakshadweep,1,31,Lakshadweep,06-01-2012,15074.11597
2973,Data Not Available,99,99,Jammu and Kashmir,06-01-2012,14406.95108
2974,Jammu,13,1,Jammu and Kashmir,06-01-2012,15851.24014
2975,Kargil,8,1,Jammu and Kashmir,06-01-2012,14553.91987
2976,Kathua,14,1,Jammu and Kashmir,06-01-2012,15586.3179
2977,Leh (Ladakh),7,1,Jammu and Kashmir,06-01-2012,14614.1497
2978,Kupwara,1,1,Jammu and Kashmir,06-01-2012,14807.04877
2979,Punch,11,1,Jammu and Kashmir,06-01-2012,15258.3384
2980,Pulwama,5,1,Jammu and Kashmir,06-01-2012,15008.60895
2981,Rajauri,12,1,Jammu and Kashmir,06-01-2012,15579.87611
2982,Anantnag,6,1,Jammu and Kashmir,06-01-2012,14624.79542
2983,Badgam,4,1,Jammu and Kashmir,06-01-2012,14790.69496
2984,Baramula,2,1,Jammu and Kashmir,06-01-2012,14681.33743
2985,Doda,9,1,Jammu and Kashmir,06-01-2012,14530.51146
2986,Srinagar,3,1,Jammu and Kashmir,06-01-2012,14581.17366
2987,Udhampur,10,1,Jammu and Kashmir,06-01-2012,15348.46731
2988,Kangra,2,2,Himachal Pradesh,06-01-2012,15343.82444
2989,Kinnaur,12,2,Himachal Pradesh,06-01-2012,14592.97491
2990,Lahul & Spiti,3,2,Himachal Pradesh,06-01-2012,14458.78828
2991,Kullu,4,2,Himachal Pradesh,06-01-2012,14574.50991
2992,Mandi,5,2,Himachal Pradesh,06-01-2012,15359.54282
2993,Bilaspur,8,2,Himachal Pradesh,06-01-2012,15662.08508
2994,Chamba,1,2,Himachal Pradesh,06-01-2012,14756.88899
2995,Hamirpur,6,2,Himachal Pradesh,06-01-2012,15722.02958
2996,Shimla,11,2,Himachal Pradesh,06-01-2012,15063.77114
2997,Sirmaur,10,2,Himachal Pradesh,06-01-2012,15519.61953
2998,Solan,9,2,Himachal Pradesh,06-01-2012,15616.89668
2999,Una,7,2,Himachal Pradesh,06-01-2012,15762.64567
3000,Hoshiarpur,5,3,Punjab,06-01-2012,15693.66398
3001,Jalandhar,4,3,Punjab,06-01-2012,15674.62741
3002,Kapurthala,3,3,Punjab,06-01-2012,15644.40184
3003,Ludhiana,9,3,Punjab,06-01-2012,15641.77433
3004,Mansa,15,3,Punjab,06-01-2012,15635.91054
3005,Moga,10,3,Punjab,06-01-2012,15587.60973
3006,Muktsar,12,3,Punjab,06-01-2012,15609.41447
3007,Nawanshahr,6,3,Punjab,06-01-2012,15676.15752
3008,Patiala,17,3,Punjab,06-01-2012,15633.26939
3009,Sangrur,16,3,Punjab,06-01-2012,15566.22646
3010,Amritsar,2,3,Punjab,06-01-2012,15667.56545
3011,Firozpur,11,3,Punjab,06-01-2012,15630.94982
3012,Bathinda,14,3,Punjab,06-01-2012,15603.79814
3013,Gurdaspur,1,3,Punjab,06-01-2012,15745.12446
3014,Faridkot,13,3,Punjab,06-01-2012,15606.91892
3015,Fatehgarh Sahib,8,3,Punjab,06-01-2012,15618.88422
3016,Rupnagar,7,3,Punjab,06-01-2012,15738.1664
3017,Hardwar,13,5,Uttarakhand,06-01-2012,15488.89035
3018,Nainital,11,5,Uttarakhand,06-01-2012,15450.69048
3019,Pithoragarh,7,5,Uttarakhand,06-01-2012,14727.85871
3020,Bageshwar,8,5,Uttarakhand,06-01-2012,15061.36875
3021,Almora,9,5,Uttarakhand,06-01-2012,15540.07741
3022,Chamoli,2,5,Uttarakhand,06-01-2012,14638.19737
3023,Champawat,10,5,Uttarakhand,06-01-2012,15434.148
3024,Dehradun,5,5,Uttarakhand,06-01-2012,15509.65238
3025,Garhwal,6,5,Uttarakhand,06-01-2012,15495.77191
3026,Rudraprayag,3,5,Uttarakhand,06-01-2012,14866.60219
3027,Tehri Garhwal,4,5,Uttarakhand,06-01-2012,15270.64869
3028,Udham Singh Nagar,12,5,Uttarakhand,06-01-2012,15494.34167
3029,Uttarkashi,1,5,Uttarakhand,06-01-2012,14732.58732
3030,Hisar,12,6,Haryana,06-01-2012,15705.09934
3031,Jind,9,6,Haryana,06-01-2012,15746.53171
3032,Kaithal,5,6,Haryana,06-01-2012,15613.18931
3033,Karnal,6,6,Haryana,06-01-2012,15624.53769
3034,Kurukshetra,4,6,Haryana,06-01-2012,15575.27424
3035,Panchkula,1,6,Haryana,06-01-2012,15719.96893
3036,Panipat,7,6,Haryana,06-01-2012,15711.97411
3037,Ambala,2,6,Haryana,06-01-2012,15731.30228
3038,Gurgaon,18,6,Haryana,06-01-2012,15749.3761
3039,Faridabad,19,6,Haryana,06-01-2012,15656.38163
3040,Fatehabad,10,6,Haryana,06-01-2012,15647.8561
3041,Rohtak,14,6,Haryana,06-01-2012,15737.53641
3042,Sirsa,11,6,Haryana,06-01-2012,15640.36826
3043,Sonipat,8,6,Haryana,06-01-2012,15740.03875
3044,Yamunanagar,3,6,Haryana,06-01-2012,15604.13672
3045,Jhajjar,15,6,Haryana,06-01-2012,15772.68963
3046,Mahendragarh,16,6,Haryana,06-01-2012,15825.90297
3047,Rewari,17,6,Haryana,06-01-2012,15868.48349
3048,Bhiwani,13,6,Haryana,06-01-2012,15713.76576
3049,Central,6,7,Delhi  & NCR,06-01-2012,15485.28836
3050,East,4,7,Delhi  & NCR,06-01-2012,15486.13996
3051,New Delhi,5,7,Delhi  & NCR,06-01-2012,15456.09014
3052,North,2,7,Delhi  & NCR,06-01-2012,15479.52278
3053,North East,3,7,Delhi  & NCR,06-01-2012,15508.48409
3054,North West,1,7,Delhi  & NCR,06-01-2012,15652.38761
3055,South,9,7,Delhi  & NCR,06-01-2012,15534.75959
3056,South West,8,7,Delhi  & NCR,06-01-2012,15640.6199
3057,West,7,7,Delhi  & NCR,06-01-2012,15552.47127
3058,Jaipur,12,8,Rajasthan,06-01-2012,15761.8536
3059,Jaisalmer,16,8,Rajasthan,06-01-2012,15885.33979
3060,Jalor,18,8,Rajasthan,06-01-2012,15659.83607
3061,Jhalawar,32,8,Rajasthan,06-01-2012,15810.84994
3062,Jhunjhunun,5,8,Rajasthan,06-01-2012,15766.36443
3063,Jodhpur,15,8,Rajasthan,06-01-2012,15793.09881
3064,Kota,30,8,Rajasthan,06-01-2012,15838.92843
3065,Nagaur,14,8,Rajasthan,06-01-2012,15784.53733
3066,Pali,20,8,Rajasthan,06-01-2012,15722.86649
3067,Rajsamand,25,8,Rajasthan,06-01-2012,15697.41206
3068,Sawai Madhopur,10,8,Rajasthan,06-01-2012,15782.79416
3069,Ajmer,21,8,Rajasthan,06-01-2012,15757.87226
3070,Banswara,28,8,Rajasthan,06-01-2012,15659.85127
3071,Barmer,17,8,Rajasthan,06-01-2012,15738.53197
3072,Bhilwara,24,8,Rajasthan,06-01-2012,15824.18313
3073,Bikaner,3,8,Rajasthan,06-01-2012,15858.98745
3074,Bharatpur,7,8,Rajasthan,06-01-2012,15852.31147
3075,Bundi,23,8,Rajasthan,06-01-2012,15843.99664
3076,Chittaurgarh,29,8,Rajasthan,06-01-2012,15725.45561
3077,Churu,4,8,Rajasthan,06-01-2012,15766.21911
3078,Dausa,11,8,Rajasthan,06-01-2012,15746.84422
3079,Dhaulpur,8,8,Rajasthan,06-01-2012,15807.98886
3080,Dungarpur,27,8,Rajasthan,06-01-2012,15649.49509
3081,Karauli,9,8,Rajasthan,06-01-2012,15754.21946
3082,Sirohi,19,8,Rajasthan,06-01-2012,15631.41197
3083,Tonk,22,8,Rajasthan,06-01-2012,15818.10433
3084,Sikar,13,8,Rajasthan,06-01-2012,15776.71714
3085,Alwar,6,8,Rajasthan,06-01-2012,15791.63725
3086,Udaipur,26,8,Rajasthan,06-01-2012,15654.30416
3087,Ganganagar,1,8,Rajasthan,06-01-2012,15708.60037
3088,Hanumangarh,2,8,Rajasthan,06-01-2012,15663.09543
3089,Baran,31,8,Rajasthan,06-01-2012,15832.10069
3090,Hathras,13,9,Uttar Pradesh,06-01-2012,15619.0524
3091,Jalaun,35,9,Uttar Pradesh,06-01-2012,15804.8541
3092,Jaunpur,64,9,Uttar Pradesh,06-01-2012,15814.79807
3093,Jhansi,36,9,Uttar Pradesh,06-01-2012,15832.64652
3094,Jyotiba Phule Nagar,6,9,Uttar Pradesh,06-01-2012,15416.52607
3095,Kannauj,30,9,Uttar Pradesh,06-01-2012,15647.98841
3096,Kanpur Nagar,34,9,Uttar Pradesh,06-01-2012,15793.19137
3097,Kaushambi,44,9,Uttar Pradesh,06-01-2012,15751.58062
3098,Kheri,23,9,Uttar Pradesh,06-01-2012,15503.93937
3099,Mirzapur,69,9,Uttar Pradesh,06-01-2012,15748.03177
3100,Moradabad,4,9,Uttar Pradesh,06-01-2012,15447.79119
3101,Muzaffarnagar,2,9,Uttar Pradesh,06-01-2012,15400.56695
3102,Rae Bareli,28,9,Uttar Pradesh,06-01-2012,15723.89793
3103,Kushinagar,59,9,Uttar Pradesh,06-01-2012,15638.58995
3104,Lucknow,27,9,Uttar Pradesh,06-01-2012,15606.21642
3105,Lalitpur,37,9,Uttar Pradesh,06-01-2012,15834.03804
3106,Mahrajganj,57,9,Uttar Pradesh,06-01-2012,15654.01682
3107,Mahoba,39,9,Uttar Pradesh,06-01-2012,15887.04344
3108,Mainpuri,18,9,Uttar Pradesh,06-01-2012,15613.21398
3109,Mathura,14,9,Uttar Pradesh,06-01-2012,15766.29475
3110,Mau,62,9,Uttar Pradesh,06-01-2012,15917.92365
3111,Meerut,7,9,Uttar Pradesh,06-01-2012,15399.25257
3112,Pilibhit,21,9,Uttar Pradesh,06-01-2012,15482.56588
3113,Pratapgarh,43,9,Uttar Pradesh,06-01-2012,15776.53271
3114,Rampur,5,9,Uttar Pradesh,06-01-2012,15424.67451
3115,Sant Ravidas Nagar Bhadohi,68,9,Uttar Pradesh,06-01-2012,15710.14003
3116,Sant Kabir Nagar,56,9,Uttar Pradesh,06-01-2012,15781.53019
3117,Shahjahanpur,22,9,Uttar Pradesh,06-01-2012,15574.79549
3118,Auraiya,32,9,Uttar Pradesh,06-01-2012,15749.43488
3119,Azamgarh,61,9,Uttar Pradesh,06-01-2012,15798.84131
3120,Budaun,19,9,Uttar Pradesh,06-01-2012,15558.25677
3121,Agra,15,9,Uttar Pradesh,06-01-2012,15756.94859
3122,Aligarh,12,9,Uttar Pradesh,06-01-2012,15660.78546
3123,Allahabad,45,9,Uttar Pradesh,06-01-2012,15750.17429
3124,Ambedkar Nagar,48,9,Uttar Pradesh,06-01-2012,15707.7628
3125,Bareilly,20,9,Uttar Pradesh,06-01-2012,15532.09938
3126,Bijnor,3,9,Uttar Pradesh,06-01-2012,15491.11992
3127,Basti,55,9,Uttar Pradesh,06-01-2012,15708.77946
3128,Baghpat,8,9,Uttar Pradesh,06-01-2012,15480.76318
3129,Bahraich,50,9,Uttar Pradesh,06-01-2012,15632.73076
3130,Ballia,63,9,Uttar Pradesh,06-01-2012,15854.76019
3131,Balrampur,52,9,Uttar Pradesh,06-01-2012,15625.68934
3132,Banda,40,9,Uttar Pradesh,06-01-2012,15916.06584
3133,Barabanki,46,9,Uttar Pradesh,06-01-2012,15498.33072
3134,Chitrakoot,41,9,Uttar Pradesh,06-01-2012,15887.46264
3135,Chandauli,66,9,Uttar Pradesh,06-01-2012,15772.27274
3136,Deoria,60,9,Uttar Pradesh,06-01-2012,15869.59933
3137,Etah,17,9,Uttar Pradesh,06-01-2012,15646.04588
3138,Kanpur Dehat,33,9,Uttar Pradesh,06-01-2012,15832.47425
3139,Etawah,31,9,Uttar Pradesh,06-01-2012,15685.70286
3140,Faizabad,47,9,Uttar Pradesh,06-01-2012,15625.08306
3141,Ghazipur,65,9,Uttar Pradesh,06-01-2012,15793.24649
3142,Gonda,53,9,Uttar Pradesh,06-01-2012,15619.28466
3143,Gorakhpur,58,9,Uttar Pradesh,06-01-2012,15883.90101
3144,Farrukhabad,29,9,Uttar Pradesh,06-01-2012,15598.36792
3145,Fatehpur,42,9,Uttar Pradesh,06-01-2012,15802.85677
3146,Firozabad,16,9,Uttar Pradesh,06-01-2012,15712.53605
3147,Hamirpur,38,9,Uttar Pradesh,06-01-2012,15836.33188
3148,Hardoi,25,9,Uttar Pradesh,06-01-2012,15665.37143
3149,Shrawasti,51,9,Uttar Pradesh,06-01-2012,15649.80275
3150,Saharanpur,1,9,Uttar Pradesh,06-01-2012,15479.34283
3151,Sitapur,24,9,Uttar Pradesh,06-01-2012,15542.72254
3152,Sultanpur,49,9,Uttar Pradesh,06-01-2012,15781.71248
3153,Sonbhadra,70,9,Uttar Pradesh,06-01-2012,15721.7037
3154,Siddharthnagar,54,9,Uttar Pradesh,06-01-2012,15688.61396
3155,Unnao,26,9,Uttar Pradesh,06-01-2012,15756.01758
3156,Varanasi,67,9,Uttar Pradesh,06-01-2012,15573.71146
3157,Bulandshahr,11,9,Uttar Pradesh,06-01-2012,15467.66748
3158,Gautam Buddha Nagar,10,9,Uttar Pradesh,06-01-2012,15619.62972
3159,Ghaziabad,9,9,Uttar Pradesh,06-01-2012,15456.99077
3160,Jamui,37,10,Bihar,06-01-2012,15716.72758
3161,Kishanganj,8,10,Bihar,06-01-2012,15132.2356
3162,Muzaffarpur,14,10,Bihar,06-01-2012,15607.33197
3163,Purnia,9,10,Bihar,06-01-2012,15308.30373
3164,Khagaria,21,10,Bihar,06-01-2012,15651.94923
3165,Madhubani,5,10,Bihar,06-01-2012,15303.07919
3166,Lakhisarai,25,10,Bihar,06-01-2012,15804.35002
3167,Madhepura,11,10,Bihar,06-01-2012,15331.86127
3168,Purba Champaran,2,10,Bihar,06-01-2012,15571.12859
3169,Munger,24,10,Bihar,06-01-2012,15699.86663
3170,Nalanda,27,10,Bihar,06-01-2012,15806.53894
3171,Nawada,36,10,Bihar,06-01-2012,15704.05914
3172,Pashchim Champaran,1,10,Bihar,06-01-2012,15456.00857
3173,Patna,28,10,Bihar,06-01-2012,15735.12788
3174,Samastipur,19,10,Bihar,06-01-2012,15651.85687
3175,Araria,7,10,Bihar,06-01-2012,15228.381
3176,Aurangabad,34,10,Bihar,06-01-2012,15752.8934
3177,Banka,23,10,Bihar,06-01-2012,15692.97449
3178,Bhagalpur,22,10,Bihar,06-01-2012,15610.06903
3179,Begusarai,20,10,Bihar,06-01-2012,15727.8784
3180,Saran,17,10,Bihar,06-01-2012,15803.65486
3181,Katihar,10,10,Bihar,06-01-2012,15363.33394
3182,Darbhanga,13,10,Bihar,06-01-2012,15455.7714
3183,Gopalganj,15,10,Bihar,06-01-2012,15775.82005
3184,Sheikhpura,26,10,Bihar,06-01-2012,15820.11806
3185,Sheohar,3,10,Bihar,06-01-2012,15528.33366
3186,Saharsa,12,10,Bihar,06-01-2012,15450.50419
3187,Sitamarhi,4,10,Bihar,06-01-2012,15368.03364
3188,Siwan,16,10,Bihar,06-01-2012,15891.80818
3189,Supaul,6,10,Bihar,06-01-2012,15233.47959
3190,Vaishali,18,10,Bihar,06-01-2012,15635.979
3191,Kaimur (Bhabua),31,10,Bihar,06-01-2012,15782.20697
3192,Gaya,35,10,Bihar,06-01-2012,15662.989
3193,Bhojpur,29,10,Bihar,06-01-2012,15837.91036
3194,Buxar,30,10,Bihar,06-01-2012,15888.01326
3195,Jehanabad,33,10,Bihar,06-01-2012,15783.66589
3196,Rohtas,32,10,Bihar,06-01-2012,15777.63744
3197,North,1,11,Sikkim,06-01-2012,14124.3466
3198,East,4,11,Sikkim,06-01-2012,14739.96412
3199,South,3,11,Sikkim,06-01-2012,14829.66311
3200,West,2,11,Sikkim,06-01-2012,14463.32711
3201,Lohit,11,12,Arunanchal Pradesh,06-01-2012,14678.2839
3202,Lower Subansiri,5,12,Arunanchal Pradesh,06-01-2012,14627.51574
3203,Papum Pare,4,12,Arunanchal Pradesh,06-01-2012,14876.78393
3204,Changlang,12,12,Arunanchal Pradesh,06-01-2012,15007.35592
3205,Dibang Valley,10,12,Arunanchal Pradesh,06-01-2012,14637.83375
3206,East Kameng,3,12,Arunanchal Pradesh,06-01-2012,14588.28933
3207,East Siang,8,12,Arunanchal Pradesh,06-01-2012,15092.82661
3208,Tawang,1,12,Arunanchal Pradesh,06-01-2012,14274.51911
3209,Tirap,13,12,Arunanchal Pradesh,06-01-2012,14995.93445
3210,West Kameng,2,12,Arunanchal Pradesh,06-01-2012,14694.64516
3211,West Siang,7,12,Arunanchal Pradesh,06-01-2012,14834.49405
3212,Upper Siang,9,12,Arunanchal Pradesh,06-01-2012,14776.59624
3213,Upper Subansiri,6,12,Arunanchal Pradesh,06-01-2012,14589.49075
3214,Mokokchung,3,13,Nagaland,06-01-2012,15101.37406
3215,Mon,1,13,Nagaland,06-01-2012,15042.07356
3216,Phek,8,13,Nagaland,06-01-2012,14864.99207
3217,Tuensang,2,13,Nagaland,06-01-2012,14896.84742
3218,Wokha,5,13,Nagaland,06-01-2012,15093.94153
3219,Zunheboto,4,13,Nagaland,06-01-2012,14911.37109
3220,Dimapur,6,13,Nagaland,06-01-2012,15202.4083
3221,Kohima,7,13,Nagaland,06-01-2012,15011.91322
3222,Imphal East,7,14,Manipur,06-01-2012,15070.87753
3223,Imphal West,6,14,Manipur,06-01-2012,15026.4315
3224,Senapati (Excl. 3 sub-divisions),1,14,Manipur,06-01-2012,14901.93454
3225,Bishnupur,4,14,Manipur,06-01-2012,15008.90009
3226,Chandel,9,14,Manipur,06-01-2012,14982.71881
3227,Churachandpur,3,14,Manipur,06-01-2012,14975.77204
3228,Tamenglong,2,14,Manipur,06-01-2012,14988.53958
3229,Thoubal,5,14,Manipur,06-01-2012,15161.92472
3230,Ukhrul,8,14,Manipur,06-01-2012,14895.41231
3231,Kolasib,2,15,Mizoram,06-01-2012,15032.90209
3232,Mamit,1,15,Mizoram,06-01-2012,15033.539
3233,Lunglei,6,15,Mizoram,06-01-2012,14928.02211
3234,Lawngtlai,7,15,Mizoram,06-01-2012,14975.17112
3235,Saiha,8,15,Mizoram,06-01-2012,14905.82688
3236,Serchhip,5,15,Mizoram,06-01-2012,14883.92853
3237,Aizawl,3,15,Mizoram,06-01-2012,14958.8907
3238,Champhai,4,15,Mizoram,06-01-2012,14910.15114
3239,North Tripura,4,16,Tripura,06-01-2012,15005.86895
3240,Dhalai,3,16,Tripura,06-01-2012,14994.14381
3241,South Tripura,2,16,Tripura,06-01-2012,15065.01223
3242,West Tripura,1,16,Tripura,06-01-2012,15089.23433
3243,Jaintia Hills,7,17,Meghalaya,06-01-2012,15005.63389
3244,East Garo Hills,2,17,Meghalaya,06-01-2012,14952.36783
3245,East Khasi Hills,6,17,Meghalaya,06-01-2012,14885.95229
3246,Ri Bhoi,5,17,Meghalaya,06-01-2012,15061.47722
3247,South Garo Hills,3,17,Meghalaya,06-01-2012,14957.87679
3248,West Garo Hills,1,17,Meghalaya,06-01-2012,14957.42764
3249,West Khasi Hills,4,17,Meghalaya,06-01-2012,14870.12273
3250,Jorhat,17,18,Assam,06-01-2012,15068.93969
3251,Karimganj,22,18,Assam,06-01-2012,15142.50566
3252,Kokrajhar,1,18,Assam,06-01-2012,15209.6875
3253,Lakhimpur,12,18,Assam,06-01-2012,15135.70601
3254,Nagaon,10,18,Assam,06-01-2012,15087.50877
3255,Marigaon,9,18,Assam,06-01-2012,15010.00489
3256,Nalbari,7,18,Assam,06-01-2012,15104.29161
3257,North Cachar Hills,20,18,Assam,06-01-2012,15049.30009
3258,Barpeta,5,18,Assam,06-01-2012,15009.52761
3259,Bongaigaon,4,18,Assam,06-01-2012,15051.61938
3260,Cachar,21,18,Assam,06-01-2012,15081.59211
3261,Darrang,8,18,Assam,06-01-2012,15049.84875
3262,Dhemaji,13,18,Assam,06-01-2012,15174.5178
3263,Dhubri,2,18,Assam,06-01-2012,14970.58525
3264,Dibrugarh,15,18,Assam,06-01-2012,15023.15419
3265,Kamrup,6,18,Assam,06-01-2012,15054.0699
3266,Karbi Anglong,19,18,Assam,06-01-2012,15082.06979
3267,Goalpara,3,18,Assam,06-01-2012,14903.52352
3268,Golaghat,18,18,Assam,06-01-2012,15124.86671
3269,Hailakandi,23,18,Assam,06-01-2012,15127.75556
3270,Sonitpur,11,18,Assam,06-01-2012,15014.32318
3271,Sibsagar,16,18,Assam,06-01-2012,15233.56081
3272,Tinsukia,14,18,Assam,06-01-2012,15188.34415
3273,Hugli,12,19,West Bengal,06-01-2012,15386.95186
3274,Jalpaiguri,2,19,West Bengal,06-01-2012,15087.04151
3275,Koch Bihar,3,19,West Bengal,06-01-2012,15030.44151
3276,Murshidabad,7,19,West Bengal,06-01-2012,15386.37016
3277,Puruliya,14,19,West Bengal,06-01-2012,15649.31342
3278,Kolkata,17,19,West Bengal,06-01-2012,15441.12119
3279,Maldah,6,19,West Bengal,06-01-2012,15408.64163
3280,Nadia,10,19,West Bengal,06-01-2012,15322.57644
3281,North Twenty Four Parganas,11,19,West Bengal,06-01-2012,15250.45157
3282,Medinipur,15,19,West Bengal,06-01-2012,15536.86665
3283,Barddhaman,9,19,West Bengal,06-01-2012,15535.93423
3284,Birbhum,8,19,West Bengal,06-01-2012,15646.04282
3285,Bankura,13,19,West Bengal,06-01-2012,15582.62603
3286,Dakshin Dinajpur,5,19,West Bengal,06-01-2012,15244.22376
3287,Darjiling,1,19,West Bengal,06-01-2012,14986.21111
3288,Haora,16,19,West Bengal,06-01-2012,15372.48787
3289,South  Twenty Four Parganas,18,19,West Bengal,06-01-2012,15369.34333
3290,Uttar Dinajpur,4,19,West Bengal,06-01-2012,15228.89469
3291,Purbi Singhbhum,18,20,Jharkhand,06-01-2012,15663.90428
3292,Lohardaga,15,20,Jharkhand,06-01-2012,15605.92924
3293,Pakaur,10,20,Jharkhand,06-01-2012,15588.96638
3294,Pashchimi Singhbhum,17,20,Jharkhand,06-01-2012,15630.15074
3295,Bokaro,13,20,Jharkhand,06-01-2012,15698.24785
3296,Deoghar,7,20,Jharkhand,06-01-2012,15719.20478
3297,Dhanbad,12,20,Jharkhand,06-01-2012,15680.71883
3298,Dumka,11,20,Jharkhand,06-01-2012,15647.92072
3299,Giridih,6,20,Jharkhand,06-01-2012,15748.68945
3300,Godda,8,20,Jharkhand,06-01-2012,15598.74054
3301,Gumla,16,20,Jharkhand,06-01-2012,15645.56055
3302,Ranchi,14,20,Jharkhand,06-01-2012,15611.94172
3303,Sahibganj,9,20,Jharkhand,06-01-2012,15521.96966
3304,Garhwa,1,20,Jharkhand,06-01-2012,15724.95089
3305,Palamu,2,20,Jharkhand,06-01-2012,15680.61078
3306,Chatra,3,20,Jharkhand,06-01-2012,15714.99193
3307,Hazaribagh,4,20,Jharkhand,06-01-2012,15683.54589
3308,Kodarma,5,20,Jharkhand,06-01-2012,15688.91499
3309,Jajapur,13,21,Orissa,06-01-2012,15687.88241
3310,Jagatsinghapur,11,21,Orissa,06-01-2012,15711.15296
3311,Jharsuguda,2,21,Orissa,06-01-2012,15650.44553
3312,Khordha,17,21,Orissa,06-01-2012,15659.06502
3313,Mayurbhanj,7,21,Orissa,06-01-2012,15553.56438
3314,Puri,18,21,Orissa,06-01-2012,15575.26867
3315,Koraput,29,21,Orissa,06-01-2012,15518.263
3316,Malkangiri,30,21,Orissa,06-01-2012,15674.82665
3317,Nabarangapur,28,21,Orissa,06-01-2012,15690.0771
3318,Nayagarh,16,21,Orissa,06-01-2012,15651.75512
3319,Nuapada,25,21,Orissa,06-01-2012,15703.87087
3320,Kandhamal,21,21,Orissa,06-01-2012,15503.00798
3321,Sambalpur,3,21,Orissa,06-01-2012,15623.944
3322,Anugul,15,21,Orissa,06-01-2012,15644.37552
3323,Bhadrak,9,21,Orissa,06-01-2012,15714.97393
3324,Baudh,22,21,Orissa,06-01-2012,15765.22796
3325,Balangir,24,21,Orissa,06-01-2012,15792.95111
3326,Baleshwar,8,21,Orissa,06-01-2012,15595.93298
3327,Bargarh,1,21,Orissa,06-01-2012,15743.32911
3328,Kendrapara,10,21,Orissa,06-01-2012,15636.63777
3329,Kendujhar,6,21,Orissa,06-01-2012,15585.25788
3330,Debagarh,4,21,Orissa,06-01-2012,15580.66179
3331,Cuttack,12,21,Orissa,06-01-2012,15635.70261
3332,Dhenkanal,14,21,Orissa,06-01-2012,15626.61026
3333,Kalahandi,26,21,Orissa,06-01-2012,15692.38197
3334,Ganjam,19,21,Orissa,06-01-2012,15685.50691
3335,Gajapati,20,21,Orissa,06-01-2012,15475.89785
3336,Rayagada,27,21,Orissa,06-01-2012,15589.07049
3337,Sundargarh,5,21,Orissa,06-01-2012,15623.06149
3338,Sonapur,23,21,Orissa,06-01-2012,15749.11648
3339,Jashpur,3,22,Chhattisgarh,06-01-2012,15629.929
3340,Koriya,1,22,Chhattisgarh,06-01-2012,15654.56277
3341,Mahasamund,12,22,Chhattisgarh,06-01-2012,15813.11768
3342,Raigarh,4,22,Chhattisgarh,06-01-2012,15685.73653
3343,Raipur,11,22,Chhattisgarh,06-01-2012,15767.82981
3344,Rajnandgaon,9,22,Chhattisgarh,06-01-2012,15762.78555
3345,Bastar,15,22,Chhattisgarh,06-01-2012,15595.86812
3346,Dantewada,16,22,Chhattisgarh,06-01-2012,15641.17975
3347,Dhamtari,13,22,Chhattisgarh,06-01-2012,15659.68587
3348,Durg,10,22,Chhattisgarh,06-01-2012,15836.41593
3349,Kanker,14,22,Chhattisgarh,06-01-2012,15695.48345
3350,Surguja,2,22,Chhattisgarh,06-01-2012,15627.40543
3351,Bilaspur,7,22,Chhattisgarh,06-01-2012,15695.09198
3352,Janjgir - Champa,6,22,Chhattisgarh,06-01-2012,15707.70154
3353,Korba,5,22,Chhattisgarh,06-01-2012,15602.98985
3354,Kawardha,8,22,Chhattisgarh,06-01-2012,15728.56398
3355,Hoshangabad,37,23,Madhya Pradesh,06-01-2012,15778.15153
3356,Indore,26,23,Madhya Pradesh,06-01-2012,15721.40231
3357,Jabalpur,39,23,Madhya Pradesh,06-01-2012,15760.20494
3358,Jhabua,24,23,Madhya Pradesh,06-01-2012,15691.14763
3359,Mandsaur,19,23,Madhya Pradesh,06-01-2012,15759.08974
3360,Tikamgarh,8,23,Madhya Pradesh,06-01-2012,15839.61745
3361,Narsimhapur,40,23,Madhya Pradesh,06-01-2012,15764.53245
3362,Neemuch,18,23,Madhya Pradesh,06-01-2012,15760.21914
3363,Panna,10,23,Madhya Pradesh,06-01-2012,15861.66069
3364,Raisen,34,23,Madhya Pradesh,06-01-2012,15819.82647
3365,Rajgarh,30,23,Madhya Pradesh,06-01-2012,15819.96482
3366,Satna,13,23,Madhya Pradesh,06-01-2012,15867.03594
3367,Sehore,33,23,Madhya Pradesh,06-01-2012,15825.63881
3368,Seoni,44,23,Madhya Pradesh,06-01-2012,15789.82945
3369,Bhind,3,23,Madhya Pradesh,06-01-2012,15831.16307
3370,Bhopal,32,23,Madhya Pradesh,06-01-2012,15796.96066
3371,Barwani,28,23,Madhya Pradesh,06-01-2012,15734.09756
3372,Betul,35,23,Madhya Pradesh,06-01-2012,15722.83423
3373,Balaghat,45,23,Madhya Pradesh,06-01-2012,15644.81134
3374,Chhatarpur,9,23,Madhya Pradesh,06-01-2012,15880.91686
3375,Chhindwara,43,23,Madhya Pradesh,06-01-2012,15788.02088
3376,Dewas,23,23,Madhya Pradesh,06-01-2012,15814.77413
3377,Katni,38,23,Madhya Pradesh,06-01-2012,15765.14239
3378,Datia,5,23,Madhya Pradesh,06-01-2012,15813.52764
3379,Damoh,12,23,Madhya Pradesh,06-01-2012,15842.28556
3380,Dhar,25,23,Madhya Pradesh,06-01-2012,15714.79139
3381,East Nimar,29,23,Madhya Pradesh,06-01-2012,15765.42163
3382,Guna,7,23,Madhya Pradesh,06-01-2012,15804.1942
3383,Gwalior,4,23,Madhya Pradesh,06-01-2012,15790.06136
3384,Harda,36,23,Madhya Pradesh,06-01-2012,15806.5636
3385,Shajapur,22,23,Madhya Pradesh,06-01-2012,15816.70456
3386,Shivpuri,6,23,Madhya Pradesh,06-01-2012,15779.07009
3387,Ratlam,20,23,Madhya Pradesh,06-01-2012,15735.83386
3388,Rewa,14,23,Madhya Pradesh,06-01-2012,15908.12192
3389,Sagar,11,23,Madhya Pradesh,06-01-2012,15858.11032
3390,Sidhi,17,23,Madhya Pradesh,06-01-2012,15788.62149
3391,Ujjain,21,23,Madhya Pradesh,06-01-2012,15771.66462
3392,Vidisha,31,23,Madhya Pradesh,06-01-2012,15835.99826
3393,West Nimar,27,23,Madhya Pradesh,06-01-2012,15763.40774
3394,Morena,2,23,Madhya Pradesh,06-01-2012,15809.29402
3395,Sheopur,1,23,Madhya Pradesh,06-01-2012,15799.05684
3396,Dindori,41,23,Madhya Pradesh,06-01-2012,15699.5758
3397,Mandla,42,23,Madhya Pradesh,06-01-2012,15693.55418
3398,Shahdol,16,23,Madhya Pradesh,06-01-2012,15773.89666
3399,Umaria,15,23,Madhya Pradesh,06-01-2012,15748.82847
3400,Jamnagar,10,24,Gujarat,06-01-2012,15464.25008
3401,Kheda,16,24,Gujarat,06-01-2012,15592.86926
3402,Mahesana,4,24,Gujarat,06-01-2012,15647.91929
3403,Narmada,20,24,Gujarat,06-01-2012,15641.04004
3404,Navsari,24,24,Gujarat,06-01-2012,15420.08391
3405,Panch Mahals,17,24,Gujarat,06-01-2012,15626.90863
3406,Patan,3,24,Gujarat,06-01-2012,15586.20586
3407,Porbandar,11,24,Gujarat,06-01-2012,15461.91554
3408,Rajkot,9,24,Gujarat,06-01-2012,15551.25505
3409,Anand,15,24,Gujarat,06-01-2012,15594.51717
3410,Ahmadabad,7,24,Gujarat,06-01-2012,15621.92907
3411,Amreli,13,24,Gujarat,06-01-2012,15576.74302
3412,Bhavnagar,14,24,Gujarat,06-01-2012,15626.77423
3413,Banas Kantha,2,24,Gujarat,06-01-2012,15605.28822
3414,Dohad,18,24,Gujarat,06-01-2012,15640.63995
3415,Junagadh,12,24,Gujarat,06-01-2012,15518.99273
3416,Kachchh,1,24,Gujarat,06-01-2012,15438.78904
3417,Gandhinagar,6,24,Gujarat,06-01-2012,15607.39535
3418,Sabar Kantha,5,24,Gujarat,06-01-2012,15630.76528
3419,Surendranagar,8,24,Gujarat,06-01-2012,15565.72627
3420,The Dangs,23,24,Gujarat,06-01-2012,15639.47888
3421,Vadodara,19,24,Gujarat,06-01-2012,15613.63771
3422,Valsad,25,24,Gujarat,06-01-2012,15498.59217
3423,Bharuch,21,24,Gujarat,06-01-2012,15479.60027
3424,Surat,22,24,Gujarat,06-01-2012,15471.08544
3425,Daman,2,25,Daman & Diu,06-01-2012,15360.8892
3426,Diu,1,25,Daman & Diu,06-01-2012,15261.32447
3427,Hingoli,16,27,Maharashtra,06-01-2012,15835.54775
3428,Jalgaon,3,27,Maharashtra,06-01-2012,15797.73262
3429,Jalna,18,27,Maharashtra,06-01-2012,15785.82238
3430,Kolhapur,34,27,Maharashtra,06-01-2012,15453.96435
3431,Latur,28,27,Maharashtra,06-01-2012,15875.58562
3432,Pune,25,27,Maharashtra,06-01-2012,15610.22184
3433,Nagpur,9,27,Maharashtra,06-01-2012,15842.50316
3434,Mumbai,23,27,Maharashtra,06-01-2012,15196.97685
3435,Mumbai (Suburban),22,27,Maharashtra,06-01-2012,15211.49139
3436,Nanded,15,27,Maharashtra,06-01-2012,15841.71887
3437,Nandurbar,1,27,Maharashtra,06-01-2012,15679.40563
3438,Nashik,20,27,Maharashtra,06-01-2012,15660.22108
3439,Osmanabad,29,27,Maharashtra,06-01-2012,15832.12532
3440,Parbhani,17,27,Maharashtra,06-01-2012,15825.723
3441,Sangli,35,27,Maharashtra,06-01-2012,15666.29162
3442,Satara,31,27,Maharashtra,06-01-2012,15637.98817
3443,Aurangabad,19,27,Maharashtra,06-01-2012,15739.30805
3444,Ahmadnagar,26,27,Maharashtra,06-01-2012,15742.10282
3445,Akola,5,27,Maharashtra,06-01-2012,15818.11076
3446,Amravati,7,27,Maharashtra,06-01-2012,15801.94208
3447,Bid,27,27,Maharashtra,06-01-2012,15784.05919
3448,Bhandara,10,27,Maharashtra,06-01-2012,15797.67686
3449,Buldana,4,27,Maharashtra,06-01-2012,15806.17456
3450,Chandrapur,13,27,Maharashtra,06-01-2012,15825.15226
3451,Dhule,2,27,Maharashtra,06-01-2012,15736.32354
3452,Gadchiroli,12,27,Maharashtra,06-01-2012,15737.01994
3453,Gondiya,11,27,Maharashtra,06-01-2012,15725.89954
3454,Ratnagiri,32,27,Maharashtra,06-01-2012,15532.80323
3455,Raigarh,24,27,Maharashtra,06-01-2012,15543.80799
3456,Thane,21,27,Maharashtra,06-01-2012,15579.71023
3457,Solapur,30,27,Maharashtra,06-01-2012,15764.67753
3458,Sindhudurg,33,27,Maharashtra,06-01-2012,15472.84523
3459,Wardha,8,27,Maharashtra,06-01-2012,15806.94314
3460,Washim,6,27,Maharashtra,06-01-2012,15781.80002
3461,Yavatmal,14,27,Maharashtra,06-01-2012,15804.37404
3462,Hyderabad,5,28,Andhra Pradesh,06-01-2012,15603.06639
3463,Khammam,10,28,Andhra Pradesh,06-01-2012,15738.74685
3464,Medak,4,28,Andhra Pradesh,06-01-2012,15820.76598
3465,Krishna,16,28,Andhra Pradesh,06-01-2012,15669.29573
3466,Kurnool,21,28,Andhra Pradesh,06-01-2012,15714.25356
3467,Mahbubnagar,7,28,Andhra Pradesh,06-01-2012,15741.79605
3468,Nalgonda,8,28,Andhra Pradesh,06-01-2012,15822.99937
3469,Nellore,19,28,Andhra Pradesh,06-01-2012,15692.23111
3470,Nizamabad,2,28,Andhra Pradesh,06-01-2012,15819.1778
3471,Prakasam,18,28,Andhra Pradesh,06-01-2012,15789.25786
3472,Anantapur,22,28,Andhra Pradesh,06-01-2012,15689.35368
3473,Adilabad,1,28,Andhra Pradesh,06-01-2012,15845.42148
3474,Chittoor,23,28,Andhra Pradesh,06-01-2012,15581.88482
3475,Cuddapah,20,28,Andhra Pradesh,06-01-2012,15653.09674
3476,East Godavari,14,28,Andhra Pradesh,06-01-2012,15528.62741
3477,Karimnagar,3,28,Andhra Pradesh,06-01-2012,15824.78195
3478,Guntur,17,28,Andhra Pradesh,06-01-2012,15772.4602
3479,Rangareddi,6,28,Andhra Pradesh,06-01-2012,15789.22184
3480,Srikakulam,11,28,Andhra Pradesh,06-01-2012,15702.50502
3481,West Godavari,15,28,Andhra Pradesh,06-01-2012,15594.47981
3482,Visakhapatnam,13,28,Andhra Pradesh,06-01-2012,15536.06102
3483,Vizianagaram,12,28,Andhra Pradesh,06-01-2012,15664.78069
3484,Warangal,9,28,Andhra Pradesh,06-01-2012,15845.71554
3485,Hassan,23,29,Karnataka,06-01-2012,15234.86382
3486,Haveri,11,29,Karnataka,06-01-2012,15441.79151
3487,Kodagu,25,29,Karnataka,06-01-2012,14931.85825
3488,Kolar,19,29,Karnataka,06-01-2012,15503.29677
3489,Mandya,22,29,Karnataka,06-01-2012,15292.4895
3490,Koppal,7,29,Karnataka,06-01-2012,15637.77146
3491,Mysore,26,29,Karnataka,06-01-2012,15269.37931
3492,Raichur,6,29,Karnataka,06-01-2012,15771.51482
3493,Bagalkot,2,29,Karnataka,06-01-2012,15605.56757
3494,Bangalore,20,29,Karnataka,06-01-2012,15331.32428
3495,Bidar,5,29,Karnataka,06-01-2012,15878.79528
3496,Bijapur,3,29,Karnataka,06-01-2012,15741.74793
3497,Belgaum,1,29,Karnataka,06-01-2012,15525.44557
3498,Bellary,12,29,Karnataka,06-01-2012,15598.96908
3499,Bangalore Rural,21,29,Karnataka,06-01-2012,15377.94361
3500,Chamarajanagar,27,29,Karnataka,06-01-2012,15280.94917
3501,Chikmagalur,17,29,Karnataka,06-01-2012,15160.03513
3502,Chitradurga,13,29,Karnataka,06-01-2012,15485.93833
3503,Dakshina Kannada,24,29,Karnataka,06-01-2012,15056.36556
3504,Davanagere,14,29,Karnataka,06-01-2012,15386.17746
3505,Dharwad,9,29,Karnataka,06-01-2012,15481.24531
3506,Gulbarga,4,29,Karnataka,06-01-2012,15845.79785
3507,Gadag,8,29,Karnataka,06-01-2012,15550.24616
3508,Shimoga,15,29,Karnataka,06-01-2012,15196.48666
3509,Tumkur,18,29,Karnataka,06-01-2012,15462.87733
3510,Udupi,16,29,Karnataka,06-01-2012,15187.89632
3511,Uttara Kannada,10,29,Karnataka,06-01-2012,15076.78121
3512,North Goa,1,30,Goa,06-01-2012,15319.88506
3513,South Goa,2,30,Goa,06-01-2012,15186.34473
3514,Idukki,9,32,Kerala,06-01-2012,14833.64005
3515,Kollam,13,32,Kerala,06-01-2012,14959.9764
3516,Kottayam,10,32,Kerala,06-01-2012,14987.51823
3517,Kozhikode,4,32,Kerala,06-01-2012,15051.15977
3518,Malappuram,5,32,Kerala,06-01-2012,15091.50142
3519,Palakkad,6,32,Kerala,06-01-2012,15106.86039
3520,Pathanamthitta,12,32,Kerala,06-01-2012,14921.3197
3521,Alappuzha,11,32,Kerala,06-01-2012,14970.75604
3522,Kasaragod,1,32,Kerala,06-01-2012,15071.95888
3523,Kannur,2,32,Kerala,06-01-2012,15107.01562
3524,Ernakulam,8,32,Kerala,06-01-2012,15044.48665
3525,Thrissur,7,32,Kerala,06-01-2012,15074.87748
3526,Thiruvananthapuram,14,32,Kerala,06-01-2012,14965.48127
3527,Wayanad,3,32,Kerala,06-01-2012,14838.65024
3528,Kanniyakumari,30,33,Tamil Nadu,06-01-2012,14966.9911
3529,Karur,14,33,Tamil Nadu,06-01-2012,15698.46546
3530,Madurai,24,33,Tamil Nadu,06-01-2012,15619.9703
3531,Namakkal,9,33,Tamil Nadu,06-01-2012,15604.35998
3532,The Nilgiris,11,33,Tamil Nadu,06-01-2012,14879.84905
3533,Perambalur,16,33,Tamil Nadu,06-01-2012,15781.94782
3534,Pudukkottai,22,33,Tamil Nadu,06-01-2012,15723.88795
3535,Ramanathapuram,27,33,Tamil Nadu,06-01-2012,15804.23472
3536,Salem,8,33,Tamil Nadu,06-01-2012,15517.17739
3537,Ariyalur,17,33,Tamil Nadu,06-01-2012,15734.97715
3538,Coimbatore,12,33,Tamil Nadu,06-01-2012,15413.23643
3539,Cuddalore,18,33,Tamil Nadu,06-01-2012,15701.34811
3540,Dharmapuri,5,33,Tamil Nadu,06-01-2012,15501.08738
3541,Dindigul,13,33,Tamil Nadu,06-01-2012,15432.71422
3542,Erode,10,33,Tamil Nadu,06-01-2012,15494.24471
3543,Sivaganga,23,33,Tamil Nadu,06-01-2012,15728.7709
3544,Tiruchirappalli,15,33,Tamil Nadu,06-01-2012,15605.30881
3545,Tirunelveli,29,33,Tamil Nadu,06-01-2012,15577.65206
3546,Tiruvannamalai,6,33,Tamil Nadu,06-01-2012,15668.70971
3547,Thoothukkudi,28,33,Tamil Nadu,06-01-2012,15762.8255
3548,Theni,25,33,Tamil Nadu,06-01-2012,15334.8653
3549,Vellore,4,33,Tamil Nadu,06-01-2012,15593.83387
3550,Viluppuram,7,33,Tamil Nadu,06-01-2012,15718.14108
3551,Virudhunagar,26,33,Tamil Nadu,06-01-2012,15759.40443
3552,Chennai,2,33,Tamil Nadu,06-01-2012,15633.75613
3553,Kancheepuram,3,33,Tamil Nadu,06-01-2012,15746.82978
3554,Thiruvallur,1,33,Tamil Nadu,06-01-2012,15719.15026
3555,Thanjavur,21,33,Tamil Nadu,06-01-2012,15598.18309
3556,Thiruvarur,20,33,Tamil Nadu,06-01-2012,15615.57974
3557,Nagapattinam,19,33,Tamil Nadu,06-01-2012,15618.21684
3558,Pondicherry,2,34,Puducherry,06-01-2012,15639.67235
3559,Yanam,1,34,Puducherry,06-01-2012,15481.7277
3560,Karaikal,4,34,Puducherry,06-01-2012,15632.57503
3561,Mahe,3,34,Puducherry,06-01-2012,15104.62944
3562,Nicobars,2,35,Andaman & Nicobar Island,06-01-2012,14953.83863
3563,Andamans,1,35,Andaman & Nicobar Island,06-01-2012,14939.50853
3564,Chandigarh,1,4,Chandigarh,07-01-2012,15470.48955
3565,Dadra & Nagar Haveli,1,26,Dadara & Nagar Havelli,07-01-2012,14874.32616
3566,Lakshadweep,1,31,Lakshadweep,07-01-2012,15022.64567
3567,Data Not Available,99,99,Jammu and Kashmir,07-01-2012,14629.00737
3568,Jammu,13,1,Jammu and Kashmir,07-01-2012,15413.40222
3569,Kargil,8,1,Jammu and Kashmir,07-01-2012,14839.05534
3570,Kathua,14,1,Jammu and Kashmir,07-01-2012,15232.76179
3571,Leh (Ladakh),7,1,Jammu and Kashmir,07-01-2012,14963.15939
3572,Kupwara,1,1,Jammu and Kashmir,07-01-2012,14902.23051
3573,Punch,11,1,Jammu and Kashmir,07-01-2012,15011.86323
3574,Pulwama,5,1,Jammu and Kashmir,07-01-2012,15034.00984
3575,Rajauri,12,1,Jammu and Kashmir,07-01-2012,15171.54405
3576,Anantnag,6,1,Jammu and Kashmir,07-01-2012,14684.99185
3577,Badgam,4,1,Jammu and Kashmir,07-01-2012,14920.37109
3578,Baramula,2,1,Jammu and Kashmir,07-01-2012,14828.41901
3579,Doda,9,1,Jammu and Kashmir,07-01-2012,14584.88729
3580,Srinagar,3,1,Jammu and Kashmir,07-01-2012,14686.09202
3581,Udhampur,10,1,Jammu and Kashmir,07-01-2012,15016.33587
3582,Kangra,2,2,Himachal Pradesh,07-01-2012,15035.45528
3583,Kinnaur,12,2,Himachal Pradesh,07-01-2012,14595.79153
3584,Lahul & Spiti,3,2,Himachal Pradesh,07-01-2012,14685.66682
3585,Kullu,4,2,Himachal Pradesh,07-01-2012,14426.64642
3586,Mandi,5,2,Himachal Pradesh,07-01-2012,15004.06813
3587,Bilaspur,8,2,Himachal Pradesh,07-01-2012,15260.63849
3588,Chamba,1,2,Himachal Pradesh,07-01-2012,14687.07308
3589,Hamirpur,6,2,Himachal Pradesh,07-01-2012,15279.09548
3590,Shimla,11,2,Himachal Pradesh,07-01-2012,14754.55301
3591,Sirmaur,10,2,Himachal Pradesh,07-01-2012,15145.54191
3592,Solan,9,2,Himachal Pradesh,07-01-2012,15242.3492
3593,Una,7,2,Himachal Pradesh,07-01-2012,15348.19552
3594,Hoshiarpur,5,3,Punjab,07-01-2012,15334.55428
3595,Jalandhar,4,3,Punjab,07-01-2012,15292.8652
3596,Kapurthala,3,3,Punjab,07-01-2012,15275.31186
3597,Ludhiana,9,3,Punjab,07-01-2012,15297.58146
3598,Mansa,15,3,Punjab,07-01-2012,15488.10694
3599,Moga,10,3,Punjab,07-01-2012,15267.04814
3600,Muktsar,12,3,Punjab,07-01-2012,15396.77063
3601,Nawanshahr,6,3,Punjab,07-01-2012,15349.47862
3602,Patiala,17,3,Punjab,07-01-2012,15325.70714
3603,Sangrur,16,3,Punjab,07-01-2012,15312.97375
3604,Amritsar,2,3,Punjab,07-01-2012,15316.61614
3605,Firozpur,11,3,Punjab,07-01-2012,15362.85479
3606,Bathinda,14,3,Punjab,07-01-2012,15438.53587
3607,Gurdaspur,1,3,Punjab,07-01-2012,15330.15349
3608,Faridkot,13,3,Punjab,07-01-2012,15318.55397
3609,Fatehgarh Sahib,8,3,Punjab,07-01-2012,15274.14937
3610,Rupnagar,7,3,Punjab,07-01-2012,15355.90595
3611,Hardwar,13,5,Uttarakhand,07-01-2012,15258.05636
3612,Nainital,11,5,Uttarakhand,07-01-2012,14985.31119
3613,Pithoragarh,7,5,Uttarakhand,07-01-2012,14484.61201
3614,Bageshwar,8,5,Uttarakhand,07-01-2012,14689.69806
3615,Almora,9,5,Uttarakhand,07-01-2012,15080.14205
3616,Chamoli,2,5,Uttarakhand,07-01-2012,14422.90806
3617,Champawat,10,5,Uttarakhand,07-01-2012,14948.47256
3618,Dehradun,5,5,Uttarakhand,07-01-2012,15115.85531
3619,Garhwal,6,5,Uttarakhand,07-01-2012,15039.65071
3620,Rudraprayag,3,5,Uttarakhand,07-01-2012,14530.2137
3621,Tehri Garhwal,4,5,Uttarakhand,07-01-2012,14883.18901
3622,Udham Singh Nagar,12,5,Uttarakhand,07-01-2012,15125.72943
3623,Uttarkashi,1,5,Uttarakhand,07-01-2012,14540.40946
3624,Hisar,12,6,Haryana,07-01-2012,15655.81056
3625,Jind,9,6,Haryana,07-01-2012,15542.19966
3626,Kaithal,5,6,Haryana,07-01-2012,15334.15404
3627,Karnal,6,6,Haryana,07-01-2012,15300.30332
3628,Kurukshetra,4,6,Haryana,07-01-2012,15257.56598
3629,Panchkula,1,6,Haryana,07-01-2012,15320.82022
3630,Panipat,7,6,Haryana,07-01-2012,15385.06552
3631,Ambala,2,6,Haryana,07-01-2012,15307.93283
3632,Gurgaon,18,6,Haryana,07-01-2012,15614.0554
3633,Faridabad,19,6,Haryana,07-01-2012,15509.83824
3634,Fatehabad,10,6,Haryana,07-01-2012,15505.99582
3635,Rohtak,14,6,Haryana,07-01-2012,15636.7214
3636,Sirsa,11,6,Haryana,07-01-2012,15582.88413
3637,Sonipat,8,6,Haryana,07-01-2012,15601.4774
3638,Yamunanagar,3,6,Haryana,07-01-2012,15300.78508
3639,Jhajjar,15,6,Haryana,07-01-2012,15644.41822
3640,Mahendragarh,16,6,Haryana,07-01-2012,15731.72403
3641,Rewari,17,6,Haryana,07-01-2012,15610.24131
3642,Bhiwani,13,6,Haryana,07-01-2012,15751.71241
3643,Central,6,7,Delhi  & NCR,07-01-2012,15450.39666
3644,East,4,7,Delhi  & NCR,07-01-2012,15436.47082
3645,New Delhi,5,7,Delhi  & NCR,07-01-2012,15389.04087
3646,North,2,7,Delhi  & NCR,07-01-2012,15470.81975
3647,North East,3,7,Delhi  & NCR,07-01-2012,15495.06482
3648,North West,1,7,Delhi  & NCR,07-01-2012,15520.09144
3649,South,9,7,Delhi  & NCR,07-01-2012,15443.25143
3650,South West,8,7,Delhi  & NCR,07-01-2012,15508.98462
3651,West,7,7,Delhi  & NCR,07-01-2012,15520.42452
3652,Jaipur,12,8,Rajasthan,07-01-2012,15763.52622
3653,Jaisalmer,16,8,Rajasthan,07-01-2012,15894.56473
3654,Jalor,18,8,Rajasthan,07-01-2012,15820.88204
3655,Jhalawar,32,8,Rajasthan,07-01-2012,15799.30752
3656,Jhunjhunun,5,8,Rajasthan,07-01-2012,15790.52215
3657,Jodhpur,15,8,Rajasthan,07-01-2012,15814.96023
3658,Kota,30,8,Rajasthan,07-01-2012,15830.37272
3659,Nagaur,14,8,Rajasthan,07-01-2012,15781.25652
3660,Pali,20,8,Rajasthan,07-01-2012,15741.66873
3661,Rajsamand,25,8,Rajasthan,07-01-2012,15518.7173
3662,Sawai Madhopur,10,8,Rajasthan,07-01-2012,15749.92711
3663,Ajmer,21,8,Rajasthan,07-01-2012,15728.12383
3664,Banswara,28,8,Rajasthan,07-01-2012,15534.97372
3665,Barmer,17,8,Rajasthan,07-01-2012,15730.87989
3666,Bhilwara,24,8,Rajasthan,07-01-2012,15756.73537
3667,Bikaner,3,8,Rajasthan,07-01-2012,15918.05461
3668,Bharatpur,7,8,Rajasthan,07-01-2012,15464.04189
3669,Bundi,23,8,Rajasthan,07-01-2012,15783.88818
3670,Chittaurgarh,29,8,Rajasthan,07-01-2012,15693.9681
3671,Churu,4,8,Rajasthan,07-01-2012,15801.85703
3672,Dausa,11,8,Rajasthan,07-01-2012,15708.19226
3673,Dhaulpur,8,8,Rajasthan,07-01-2012,15657.40087
3674,Dungarpur,27,8,Rajasthan,07-01-2012,15587.23142
3675,Karauli,9,8,Rajasthan,07-01-2012,15670.077
3676,Sirohi,19,8,Rajasthan,07-01-2012,15814.23428
3677,Tonk,22,8,Rajasthan,07-01-2012,15786.48067
3678,Sikar,13,8,Rajasthan,07-01-2012,15793.02177
3679,Alwar,6,8,Rajasthan,07-01-2012,15625.46357
3680,Udaipur,26,8,Rajasthan,07-01-2012,15614.495
3681,Ganganagar,1,8,Rajasthan,07-01-2012,15784.17576
3682,Hanumangarh,2,8,Rajasthan,07-01-2012,15741.63841
3683,Baran,31,8,Rajasthan,07-01-2012,15834.70272
3684,Hathras,13,9,Uttar Pradesh,07-01-2012,15380.91114
3685,Jalaun,35,9,Uttar Pradesh,07-01-2012,15560.5328
3686,Jaunpur,64,9,Uttar Pradesh,07-01-2012,15482.37854
3687,Jhansi,36,9,Uttar Pradesh,07-01-2012,15655.05415
3688,Jyotiba Phule Nagar,6,9,Uttar Pradesh,07-01-2012,15361.56386
3689,Kannauj,30,9,Uttar Pradesh,07-01-2012,15447.87527
3690,Kanpur Nagar,34,9,Uttar Pradesh,07-01-2012,15430.98378
3691,Kaushambi,44,9,Uttar Pradesh,07-01-2012,15424.77907
3692,Kheri,23,9,Uttar Pradesh,07-01-2012,15138.15343
3693,Mirzapur,69,9,Uttar Pradesh,07-01-2012,15643.68481
3694,Moradabad,4,9,Uttar Pradesh,07-01-2012,15393.26162
3695,Muzaffarnagar,2,9,Uttar Pradesh,07-01-2012,15249.04622
3696,Rae Bareli,28,9,Uttar Pradesh,07-01-2012,15608.71979
3697,Kushinagar,59,9,Uttar Pradesh,07-01-2012,15493.25661
3698,Lucknow,27,9,Uttar Pradesh,07-01-2012,15576.23636
3699,Lalitpur,37,9,Uttar Pradesh,07-01-2012,15763.64956
3700,Mahrajganj,57,9,Uttar Pradesh,07-01-2012,15388.64189
3701,Mahoba,39,9,Uttar Pradesh,07-01-2012,15697.28978
3702,Mainpuri,18,9,Uttar Pradesh,07-01-2012,15387.05183
3703,Mathura,14,9,Uttar Pradesh,07-01-2012,15385.91429
3704,Mau,62,9,Uttar Pradesh,07-01-2012,14166.35485
3705,Meerut,7,9,Uttar Pradesh,07-01-2012,15288.91781
3706,Pilibhit,21,9,Uttar Pradesh,07-01-2012,15024.41294
3707,Pratapgarh,43,9,Uttar Pradesh,07-01-2012,15549.08315
3708,Rampur,5,9,Uttar Pradesh,07-01-2012,15253.51106
3709,Sant Kabir Nagar,56,9,Uttar Pradesh,07-01-2012,14980.84401
3710,Shahjahanpur,22,9,Uttar Pradesh,07-01-2012,15265.77843
3711,Auraiya,32,9,Uttar Pradesh,07-01-2012,15470.59235
3712,Azamgarh,61,9,Uttar Pradesh,07-01-2012,15601.82823
3713,Budaun,19,9,Uttar Pradesh,07-01-2012,15380.0275
3714,Agra,15,9,Uttar Pradesh,07-01-2012,15514.11875
3715,Aligarh,12,9,Uttar Pradesh,07-01-2012,15455.32117
3716,Allahabad,45,9,Uttar Pradesh,07-01-2012,15524.47405
3717,Ambedkar Nagar,48,9,Uttar Pradesh,07-01-2012,15504.57353
3718,Bareilly,20,9,Uttar Pradesh,07-01-2012,15268.3405
3719,Bijnor,3,9,Uttar Pradesh,07-01-2012,15267.26842
3720,Basti,55,9,Uttar Pradesh,07-01-2012,15496.63317
3721,Baghpat,8,9,Uttar Pradesh,07-01-2012,15320.49122
3722,Bahraich,50,9,Uttar Pradesh,07-01-2012,15233.16353
3723,Ballia,63,9,Uttar Pradesh,07-01-2012,15444.08172
3724,Balrampur,52,9,Uttar Pradesh,07-01-2012,15243.52004
3725,Banda,40,9,Uttar Pradesh,07-01-2012,15618.00463
3726,Barabanki,46,9,Uttar Pradesh,07-01-2012,15611.36941
3727,Chitrakoot,41,9,Uttar Pradesh,07-01-2012,15589.61855
3728,Chandauli,66,9,Uttar Pradesh,07-01-2012,15749.76827
3729,Deoria,60,9,Uttar Pradesh,07-01-2012,15131.47561
3730,Etah,17,9,Uttar Pradesh,07-01-2012,15330.05346
3731,Kanpur Dehat,33,9,Uttar Pradesh,07-01-2012,15380.21385
3732,Etawah,31,9,Uttar Pradesh,07-01-2012,15474.1193
3733,Faizabad,47,9,Uttar Pradesh,07-01-2012,15649.4038
3734,Ghazipur,65,9,Uttar Pradesh,07-01-2012,15762.98841
3735,Gonda,53,9,Uttar Pradesh,07-01-2012,15506.92369
3736,Gorakhpur,58,9,Uttar Pradesh,07-01-2012,15369.50169
3737,Farrukhabad,29,9,Uttar Pradesh,07-01-2012,15380.72998
3738,Fatehpur,42,9,Uttar Pradesh,07-01-2012,15492.9582
3739,Firozabad,16,9,Uttar Pradesh,07-01-2012,15435.66822
3740,Hamirpur,38,9,Uttar Pradesh,07-01-2012,15613.39492
3741,Hardoi,25,9,Uttar Pradesh,07-01-2012,15354.86392
3742,Shrawasti,51,9,Uttar Pradesh,07-01-2012,15235.02162
3743,Saharanpur,1,9,Uttar Pradesh,07-01-2012,15239.63843
3744,Sitapur,24,9,Uttar Pradesh,07-01-2012,15390.31312
3745,Sultanpur,49,9,Uttar Pradesh,07-01-2012,15694.61616
3746,Sonbhadra,70,9,Uttar Pradesh,07-01-2012,15561.37342
3747,Siddharthnagar,54,9,Uttar Pradesh,07-01-2012,15609.15225
3748,Unnao,26,9,Uttar Pradesh,07-01-2012,15348.68833
3749,Varanasi,67,9,Uttar Pradesh,07-01-2012,15458.86425
3750,Bulandshahr,11,9,Uttar Pradesh,07-01-2012,15350.36032
3751,Gautam Buddha Nagar,10,9,Uttar Pradesh,07-01-2012,15409.0422
3752,Ghaziabad,9,9,Uttar Pradesh,07-01-2012,15356.60043
3753,Jamui,37,10,Bihar,07-01-2012,15536.94963
3754,Kishanganj,8,10,Bihar,07-01-2012,13661.55436
3755,Muzaffarpur,14,10,Bihar,07-01-2012,15596.20972
3756,Purnia,9,10,Bihar,07-01-2012,13777.13517
3757,Khagaria,21,10,Bihar,07-01-2012,15072.20644
3758,Madhubani,5,10,Bihar,07-01-2012,15066.16749
3759,Lakhisarai,25,10,Bihar,07-01-2012,15582.5169
3760,Madhepura,11,10,Bihar,07-01-2012,14982.69723
3761,Purba Champaran,2,10,Bihar,07-01-2012,15480.5272
3762,Munger,24,10,Bihar,07-01-2012,15593.57843
3763,Nalanda,27,10,Bihar,07-01-2012,15717.78853
3764,Nawada,36,10,Bihar,07-01-2012,15612.296
3765,Pashchim Champaran,1,10,Bihar,07-01-2012,15231.73085
3766,Patna,28,10,Bihar,07-01-2012,15617.54645
3767,Samastipur,19,10,Bihar,07-01-2012,15443.7714
3768,Araria,7,10,Bihar,07-01-2012,13296.20488
3769,Aurangabad,34,10,Bihar,07-01-2012,15831.69853
3770,Banka,23,10,Bihar,07-01-2012,15369.55503
3771,Bhagalpur,22,10,Bihar,07-01-2012,15297.72085
3772,Begusarai,20,10,Bihar,07-01-2012,15644.28392
3773,Saran,17,10,Bihar,07-01-2012,15512.13446
3774,Katihar,10,10,Bihar,07-01-2012,15035.58253
3775,Darbhanga,13,10,Bihar,07-01-2012,15550.73784
3776,Gopalganj,15,10,Bihar,07-01-2012,15631.77699
3777,Sheikhpura,26,10,Bihar,07-01-2012,15672.89027
3778,Sheohar,3,10,Bihar,07-01-2012,15516.43134
3779,Saharsa,12,10,Bihar,07-01-2012,14971.54888
3780,Sitamarhi,4,10,Bihar,07-01-2012,15546.76798
3781,Siwan,16,10,Bihar,07-01-2012,15689.12821
3782,Supaul,6,10,Bihar,07-01-2012,14799.49672
3783,Vaishali,18,10,Bihar,07-01-2012,15199.65823
3784,Kaimur (Bhabua),31,10,Bihar,07-01-2012,15775.73424
3785,Gaya,35,10,Bihar,07-01-2012,15770.27913
3786,Bhojpur,29,10,Bihar,07-01-2012,15680.48193
3787,Buxar,30,10,Bihar,07-01-2012,15696.47473
3788,Jehanabad,33,10,Bihar,07-01-2012,15774.97513
3789,Rohtas,32,10,Bihar,07-01-2012,15718.36839
3790,North,1,11,Sikkim,07-01-2012,14019.78191
3791,East,4,11,Sikkim,07-01-2012,14678.65762
3792,South,3,11,Sikkim,07-01-2012,14657.51909
3793,West,2,11,Sikkim,07-01-2012,14286.55322
3794,Lohit,11,12,Arunanchal Pradesh,07-01-2012,14531.39791
3795,Lower Subansiri,5,12,Arunanchal Pradesh,07-01-2012,14439.98976
3796,Papum Pare,4,12,Arunanchal Pradesh,07-01-2012,14532.01683
3797,Changlang,12,12,Arunanchal Pradesh,07-01-2012,14871.36563
3798,Dibang Valley,10,12,Arunanchal Pradesh,07-01-2012,14494.92318
3799,East Kameng,3,12,Arunanchal Pradesh,07-01-2012,14177.42893
3800,East Siang,8,12,Arunanchal Pradesh,07-01-2012,15088.30426
3801,Tawang,1,12,Arunanchal Pradesh,07-01-2012,14190.51919
3802,Tirap,13,12,Arunanchal Pradesh,07-01-2012,14922.68729
3803,West Kameng,2,12,Arunanchal Pradesh,07-01-2012,14267.70551
3804,West Siang,7,12,Arunanchal Pradesh,07-01-2012,14507.92718
3805,Upper Siang,9,12,Arunanchal Pradesh,07-01-2012,14439.40668
3806,Upper Subansiri,6,12,Arunanchal Pradesh,07-01-2012,14259.85424
3807,Mokokchung,3,13,Nagaland,07-01-2012,15080.89921
3808,Mon,1,13,Nagaland,07-01-2012,15047.62542
3809,Phek,8,13,Nagaland,07-01-2012,14956.11319
3810,Tuensang,2,13,Nagaland,07-01-2012,14943.83117
3811,Wokha,5,13,Nagaland,07-01-2012,15115.39785
3812,Zunheboto,4,13,Nagaland,07-01-2012,14958.63387
3813,Dimapur,6,13,Nagaland,07-01-2012,15177.47479
3814,Kohima,7,13,Nagaland,07-01-2012,15023.38351
3815,Imphal East,7,14,Manipur,07-01-2012,15134.74544
3816,Imphal West,6,14,Manipur,07-01-2012,15141.04823
3817,Senapati (Excl. 3 sub-divisions),1,14,Manipur,07-01-2012,14936.16688
3818,Bishnupur,4,14,Manipur,07-01-2012,14985.00875
3819,Chandel,9,14,Manipur,07-01-2012,14988.45743
3820,Churachandpur,3,14,Manipur,07-01-2012,15034.82453
3821,Tamenglong,2,14,Manipur,07-01-2012,15017.43112
3822,Thoubal,5,14,Manipur,07-01-2012,15188.89379
3823,Ukhrul,8,14,Manipur,07-01-2012,14893.08313
3824,Kolasib,2,15,Mizoram,07-01-2012,15072.81484
3825,Mamit,1,15,Mizoram,07-01-2012,15056.49142
3826,Lunglei,6,15,Mizoram,07-01-2012,15064.25642
3827,Lawngtlai,7,15,Mizoram,07-01-2012,14993.64086
3828,Saiha,8,15,Mizoram,07-01-2012,14936.29235
3829,Serchhip,5,15,Mizoram,07-01-2012,15002.94182
3830,Aizawl,3,15,Mizoram,07-01-2012,15064.01764
3831,Champhai,4,15,Mizoram,07-01-2012,14944.7102
3832,North Tripura,4,16,Tripura,07-01-2012,15120.30731
3833,Dhalai,3,16,Tripura,07-01-2012,14972.81284
3834,South Tripura,2,16,Tripura,07-01-2012,14953.50087
3835,West Tripura,1,16,Tripura,07-01-2012,15014.86094
3836,Jaintia Hills,7,17,Meghalaya,07-01-2012,15018.77353
3837,East Garo Hills,2,17,Meghalaya,07-01-2012,14939.89958
3838,East Khasi Hills,6,17,Meghalaya,07-01-2012,14927.76107
3839,Ri Bhoi,5,17,Meghalaya,07-01-2012,15022.14557
3840,South Garo Hills,3,17,Meghalaya,07-01-2012,15038.7006
3841,West Garo Hills,1,17,Meghalaya,07-01-2012,15007.45687
3842,West Khasi Hills,4,17,Meghalaya,07-01-2012,14932.99694
3843,Jorhat,17,18,Assam,07-01-2012,15012.05004
3844,Karimganj,22,18,Assam,07-01-2012,15235.95031
3845,Kokrajhar,1,18,Assam,07-01-2012,14995.84326
3846,Lakhimpur,12,18,Assam,07-01-2012,14922.9688
3847,Nagaon,10,18,Assam,07-01-2012,15149.62864
3848,Marigaon,9,18,Assam,07-01-2012,14978.21301
3849,Nalbari,7,18,Assam,07-01-2012,14782.26769
3850,North Cachar Hills,20,18,Assam,07-01-2012,15073.93386
3851,Barpeta,5,18,Assam,07-01-2012,14789.27607
3852,Bongaigaon,4,18,Assam,07-01-2012,14848.43174
3853,Cachar,21,18,Assam,07-01-2012,15192.32397
3854,Darrang,8,18,Assam,07-01-2012,14869.86681
3855,Dhemaji,13,18,Assam,07-01-2012,14934.12096
3856,Dhubri,2,18,Assam,07-01-2012,14850.61608
3857,Dibrugarh,15,18,Assam,07-01-2012,14823.20905
3858,Kamrup,6,18,Assam,07-01-2012,15009.54814
3859,Karbi Anglong,19,18,Assam,07-01-2012,15091.90315
3860,Goalpara,3,18,Assam,07-01-2012,14817.59685
3861,Golaghat,18,18,Assam,07-01-2012,15085.44106
3862,Hailakandi,23,18,Assam,07-01-2012,15185.06155
3863,Sonitpur,11,18,Assam,07-01-2012,14963.90332
3864,Sibsagar,16,18,Assam,07-01-2012,15106.73976
3865,Tinsukia,14,18,Assam,07-01-2012,14981.93672
3866,Hugli,12,19,West Bengal,07-01-2012,15145.70144
3867,Jalpaiguri,2,19,West Bengal,07-01-2012,14813.67319
3868,Koch Bihar,3,19,West Bengal,07-01-2012,14771.93751
3869,Murshidabad,7,19,West Bengal,07-01-2012,15051.62974
3870,Puruliya,14,19,West Bengal,07-01-2012,15339.53205
3871,Kolkata,17,19,West Bengal,07-01-2012,15270
3872,Maldah,6,19,West Bengal,07-01-2012,15014.48634
3873,Nadia,10,19,West Bengal,07-01-2012,15049.72056
3874,North Twenty Four Parganas,11,19,West Bengal,07-01-2012,15010.35721
3875,Medinipur,15,19,West Bengal,07-01-2012,15116.79356
3876,Barddhaman,9,19,West Bengal,07-01-2012,15158.35877
3877,Birbhum,8,19,West Bengal,07-01-2012,15156.31452
3878,Bankura,13,19,West Bengal,07-01-2012,15284.24061
3879,Dakshin Dinajpur,5,19,West Bengal,07-01-2012,15071.08583
3880,Darjiling,1,19,West Bengal,07-01-2012,14075.8229
3881,Haora,16,19,West Bengal,07-01-2012,15143.57674
3882,South  Twenty Four Parganas,18,19,West Bengal,07-01-2012,15045.65447
3883,Uttar Dinajpur,4,19,West Bengal,07-01-2012,14510.91085
3884,Purbi Singhbhum,18,20,Jharkhand,07-01-2012,15177.04117
3885,Lohardaga,15,20,Jharkhand,07-01-2012,15276.54798
3886,Pakaur,10,20,Jharkhand,07-01-2012,15016.42403
3887,Pashchimi Singhbhum,17,20,Jharkhand,07-01-2012,15167.7544
3888,Bokaro,13,20,Jharkhand,07-01-2012,15515.83112
3889,Deoghar,7,20,Jharkhand,07-01-2012,15641.15338
3890,Dhanbad,12,20,Jharkhand,07-01-2012,15405.18572
3891,Dumka,11,20,Jharkhand,07-01-2012,15272.78344
3892,Giridih,6,20,Jharkhand,07-01-2012,15648.28617
3893,Godda,8,20,Jharkhand,07-01-2012,15489.14052
3894,Gumla,16,20,Jharkhand,07-01-2012,15291.27466
3895,Ranchi,14,20,Jharkhand,07-01-2012,15369.62083
3896,Sahibganj,9,20,Jharkhand,07-01-2012,15238.60093
3897,Garhwa,1,20,Jharkhand,07-01-2012,15594.32905
3898,Palamu,2,20,Jharkhand,07-01-2012,15569.19096
3899,Chatra,3,20,Jharkhand,07-01-2012,15617.65884
3900,Hazaribagh,4,20,Jharkhand,07-01-2012,15550.30773
3901,Kodarma,5,20,Jharkhand,07-01-2012,15626.88
3902,Jajapur,13,21,Orissa,07-01-2012,15182.31933
3903,Jagatsinghapur,11,21,Orissa,07-01-2012,15150.76341
3904,Jharsuguda,2,21,Orissa,07-01-2012,15190.38676
3905,Khordha,17,21,Orissa,07-01-2012,15170.18511
3906,Mayurbhanj,7,21,Orissa,07-01-2012,15082.9352
3907,Puri,18,21,Orissa,07-01-2012,15137.84785
3908,Koraput,29,21,Orissa,07-01-2012,15102.15257
3909,Malkangiri,30,21,Orissa,07-01-2012,15093.30047
3910,Nabarangapur,28,21,Orissa,07-01-2012,15069.91629
3911,Nayagarh,16,21,Orissa,07-01-2012,15219.6371
3912,Kandhamal,21,21,Orissa,07-01-2012,15127.62905
3913,Sambalpur,3,21,Orissa,07-01-2012,15160.93935
3914,Anugul,15,21,Orissa,07-01-2012,15212.43259
3915,Bhadrak,9,21,Orissa,07-01-2012,15187.1027
3916,Baudh,22,21,Orissa,07-01-2012,15175.38375
3917,Balangir,24,21,Orissa,07-01-2012,15130.22685
3918,Baleshwar,8,21,Orissa,07-01-2012,15090.80377
3919,Bargarh,1,21,Orissa,07-01-2012,15120.10591
3920,Kendrapara,10,21,Orissa,07-01-2012,15127.21758
3921,Kendujhar,6,21,Orissa,07-01-2012,15232.50223
3922,Debagarh,4,21,Orissa,07-01-2012,15243.80201
3923,Cuttack,12,21,Orissa,07-01-2012,15170.45075
3924,Dhenkanal,14,21,Orissa,07-01-2012,15192.91456
3925,Kalahandi,26,21,Orissa,07-01-2012,15158.25758
3926,Ganjam,19,21,Orissa,07-01-2012,15175.38546
3927,Gajapati,20,21,Orissa,07-01-2012,15126.08426
3928,Rayagada,27,21,Orissa,07-01-2012,15158.53581
3929,Sundargarh,5,21,Orissa,07-01-2012,15307.81668
3930,Sonapur,23,21,Orissa,07-01-2012,15122.45639
3931,Jashpur,3,22,Chhattisgarh,07-01-2012,15185.71882
3932,Koriya,1,22,Chhattisgarh,07-01-2012,15436.35056
3933,Mahasamund,12,22,Chhattisgarh,07-01-2012,15059.4221
3934,Raigarh,4,22,Chhattisgarh,07-01-2012,15345.9683
3935,Raipur,11,22,Chhattisgarh,07-01-2012,15439.79885
3936,Rajnandgaon,9,22,Chhattisgarh,07-01-2012,15402.74611
3937,Bastar,15,22,Chhattisgarh,07-01-2012,15047.61259
3938,Dantewada,16,22,Chhattisgarh,07-01-2012,14992.5428
3939,Dhamtari,13,22,Chhattisgarh,07-01-2012,15133.83363
3940,Durg,10,22,Chhattisgarh,07-01-2012,15448.51147
3941,Kanker,14,22,Chhattisgarh,07-01-2012,15189.08093
3942,Surguja,2,22,Chhattisgarh,07-01-2012,15343.89036
3943,Bilaspur,7,22,Chhattisgarh,07-01-2012,15355.56859
3944,Janjgir - Champa,6,22,Chhattisgarh,07-01-2012,15378.90973
3945,Korba,5,22,Chhattisgarh,07-01-2012,15188.47079
3946,Kawardha,8,22,Chhattisgarh,07-01-2012,15460.20094
3947,Hoshangabad,37,23,Madhya Pradesh,07-01-2012,15335.97061
3948,Indore,26,23,Madhya Pradesh,07-01-2012,15586.35332
3949,Jabalpur,39,23,Madhya Pradesh,07-01-2012,15608.38086
3950,Jhabua,24,23,Madhya Pradesh,07-01-2012,15560.31208
3951,Mandsaur,19,23,Madhya Pradesh,07-01-2012,15758.41622
3952,Tikamgarh,8,23,Madhya Pradesh,07-01-2012,15766.23166
3953,Narsimhapur,40,23,Madhya Pradesh,07-01-2012,15475.66185
3954,Neemuch,18,23,Madhya Pradesh,07-01-2012,15698.40509
3955,Panna,10,23,Madhya Pradesh,07-01-2012,15700.65509
3956,Raisen,34,23,Madhya Pradesh,07-01-2012,15564.68408
3957,Rajgarh,30,23,Madhya Pradesh,07-01-2012,15725.5815
3958,Satna,13,23,Madhya Pradesh,07-01-2012,15644.22734
3959,Sehore,33,23,Madhya Pradesh,07-01-2012,15464.97072
3960,Seoni,44,23,Madhya Pradesh,07-01-2012,15585.42343
3961,Bhind,3,23,Madhya Pradesh,07-01-2012,15436.17571
3962,Bhopal,32,23,Madhya Pradesh,07-01-2012,15527.35814
3963,Barwani,28,23,Madhya Pradesh,07-01-2012,15445.94787
3964,Betul,35,23,Madhya Pradesh,07-01-2012,15119.35169
3965,Balaghat,45,23,Madhya Pradesh,07-01-2012,15236.87698
3966,Chhatarpur,9,23,Madhya Pradesh,07-01-2012,15700.04542
3967,Chhindwara,43,23,Madhya Pradesh,07-01-2012,15341.04508
3968,Dewas,23,23,Madhya Pradesh,07-01-2012,15551.56193
3969,Katni,38,23,Madhya Pradesh,07-01-2012,15616.544
3970,Datia,5,23,Madhya Pradesh,07-01-2012,15462.89187
3971,Damoh,12,23,Madhya Pradesh,07-01-2012,15604.33943
3972,Dhar,25,23,Madhya Pradesh,07-01-2012,15490.34263
3973,East Nimar,29,23,Madhya Pradesh,07-01-2012,15376.82142
3974,Guna,7,23,Madhya Pradesh,07-01-2012,15708.35562
3975,Gwalior,4,23,Madhya Pradesh,07-01-2012,15525.68358
3976,Harda,36,23,Madhya Pradesh,07-01-2012,15409.28722
3977,Shajapur,22,23,Madhya Pradesh,07-01-2012,15597.75272
3978,Shivpuri,6,23,Madhya Pradesh,07-01-2012,15588.74618
3979,Ratlam,20,23,Madhya Pradesh,07-01-2012,15444.68828
3980,Rewa,14,23,Madhya Pradesh,07-01-2012,15568.15307
3981,Sagar,11,23,Madhya Pradesh,07-01-2012,15723.33
3982,Sidhi,17,23,Madhya Pradesh,07-01-2012,15629.34098
3983,Ujjain,21,23,Madhya Pradesh,07-01-2012,15412.19183
3984,Vidisha,31,23,Madhya Pradesh,07-01-2012,15762.90167
3985,West Nimar,27,23,Madhya Pradesh,07-01-2012,15453.09699
3986,Morena,2,23,Madhya Pradesh,07-01-2012,15635.04369
3987,Sheopur,1,23,Madhya Pradesh,07-01-2012,15779.58817
3988,Dindori,41,23,Madhya Pradesh,07-01-2012,15506.70135
3989,Mandla,42,23,Madhya Pradesh,07-01-2012,15513.56966
3990,Shahdol,16,23,Madhya Pradesh,07-01-2012,15569.85018
3991,Umaria,15,23,Madhya Pradesh,07-01-2012,15679.01961
3992,Jamnagar,10,24,Gujarat,07-01-2012,15663.31146
3993,Kheda,16,24,Gujarat,07-01-2012,15464.34767
3994,Mahesana,4,24,Gujarat,07-01-2012,15861.58015
3995,Narmada,20,24,Gujarat,07-01-2012,15003.03218
3996,Navsari,24,24,Gujarat,07-01-2012,14959.9412
3997,Panch Mahals,17,24,Gujarat,07-01-2012,15410.4212
3998,Patan,3,24,Gujarat,07-01-2012,15888.20555
3999,Porbandar,11,24,Gujarat,07-01-2012,15611.57334
4000,Rajkot,9,24,Gujarat,07-01-2012,15696.73349
4001,Anand,15,24,Gujarat,07-01-2012,15230.50644
4002,Ahmadabad,7,24,Gujarat,07-01-2012,15652.92464
4003,Amreli,13,24,Gujarat,07-01-2012,15521.49589
4004,Bhavnagar,14,24,Gujarat,07-01-2012,15395.9891
4005,Banas Kantha,2,24,Gujarat,07-01-2012,15905.95904
4006,Dohad,18,24,Gujarat,07-01-2012,15460.03714
4007,Junagadh,12,24,Gujarat,07-01-2012,15657.60228
4008,Kachchh,1,24,Gujarat,07-01-2012,15522.03599
4009,Gandhinagar,6,24,Gujarat,07-01-2012,15674.2975
4010,Sabar Kantha,5,24,Gujarat,07-01-2012,15694.7694
4011,Surendranagar,8,24,Gujarat,07-01-2012,15682.64381
4012,The Dangs,23,24,Gujarat,07-01-2012,14923.60988
4013,Vadodara,19,24,Gujarat,07-01-2012,15097.65691
4014,Valsad,25,24,Gujarat,07-01-2012,14833.06706
4015,Bharuch,21,24,Gujarat,07-01-2012,15243.09052
4016,Surat,22,24,Gujarat,07-01-2012,15076.93299
4017,Daman,2,25,Daman & Diu,07-01-2012,15090.52788
4018,Diu,1,25,Daman & Diu,07-01-2012,15404.18776
4019,Hingoli,16,27,Maharashtra,07-01-2012,15544.43898
4020,Jalgaon,3,27,Maharashtra,07-01-2012,15530.72498
4021,Jalna,18,27,Maharashtra,07-01-2012,15533.08315
4022,Kolhapur,34,27,Maharashtra,07-01-2012,15013.92206
4023,Latur,28,27,Maharashtra,07-01-2012,15169.6301
4024,Pune,25,27,Maharashtra,07-01-2012,15368.84438
4025,Nagpur,9,27,Maharashtra,07-01-2012,15080.37505
4026,Mumbai,23,27,Maharashtra,07-01-2012,14995.40851
4027,Mumbai (Suburban),22,27,Maharashtra,07-01-2012,15013.55051
4028,Nanded,15,27,Maharashtra,07-01-2012,15554.02103
4029,Nandurbar,1,27,Maharashtra,07-01-2012,15212.36012
4030,Nashik,20,27,Maharashtra,07-01-2012,15376.82234
4031,Osmanabad,29,27,Maharashtra,07-01-2012,15253.0119
4032,Parbhani,17,27,Maharashtra,07-01-2012,15536.90194
4033,Sangli,35,27,Maharashtra,07-01-2012,15261.57264
4034,Satara,31,27,Maharashtra,07-01-2012,15309.50633
4035,Aurangabad,19,27,Maharashtra,07-01-2012,15383.77913
4036,Ahmadnagar,26,27,Maharashtra,07-01-2012,15392.08142
4037,Akola,5,27,Maharashtra,07-01-2012,15503.38726
4038,Amravati,7,27,Maharashtra,07-01-2012,15352.85583
4039,Bid,27,27,Maharashtra,07-01-2012,15386.47187
4040,Bhandara,10,27,Maharashtra,07-01-2012,15183.7988
4041,Buldana,4,27,Maharashtra,07-01-2012,15503.04913
4042,Chandrapur,13,27,Maharashtra,07-01-2012,15219.61215
4043,Dhule,2,27,Maharashtra,07-01-2012,15312.81574
4044,Gadchiroli,12,27,Maharashtra,07-01-2012,15169.46615
4045,Gondiya,11,27,Maharashtra,07-01-2012,15160.17481
4046,Ratnagiri,32,27,Maharashtra,07-01-2012,15000.71713
4047,Raigarh,24,27,Maharashtra,07-01-2012,14993.20461
4048,Thane,21,27,Maharashtra,07-01-2012,14877.08836
4049,Solapur,30,27,Maharashtra,07-01-2012,15384.64484
4050,Sindhudurg,33,27,Maharashtra,07-01-2012,15007.0252
4051,Wardha,8,27,Maharashtra,07-01-2012,15536.25483
4052,Washim,6,27,Maharashtra,07-01-2012,15383.38939
4053,Yavatmal,14,27,Maharashtra,07-01-2012,15384.5607
4054,Hyderabad,5,28,Andhra Pradesh,07-01-2012,15389.03444
4055,Khammam,10,28,Andhra Pradesh,07-01-2012,15221.49052
4056,Medak,4,28,Andhra Pradesh,07-01-2012,15380.43353
4057,Krishna,16,28,Andhra Pradesh,07-01-2012,15444.90134
4058,Kurnool,21,28,Andhra Pradesh,07-01-2012,15565.44431
4059,Mahbubnagar,7,28,Andhra Pradesh,07-01-2012,15431.07879
4060,Nalgonda,8,28,Andhra Pradesh,07-01-2012,15514.08102
4061,Nellore,19,28,Andhra Pradesh,07-01-2012,15499.45873
4062,Nizamabad,2,28,Andhra Pradesh,07-01-2012,15347.56987
4063,Prakasam,18,28,Andhra Pradesh,07-01-2012,15545.3816
4064,Anantapur,22,28,Andhra Pradesh,07-01-2012,15507.32418
4065,Adilabad,1,28,Andhra Pradesh,07-01-2012,15568.69929
4066,Chittoor,23,28,Andhra Pradesh,07-01-2012,15429.98086
4067,Cuddapah,20,28,Andhra Pradesh,07-01-2012,15519.29755
4068,East Godavari,14,28,Andhra Pradesh,07-01-2012,15166.86124
4069,Karimnagar,3,28,Andhra Pradesh,07-01-2012,15532.13356
4070,Guntur,17,28,Andhra Pradesh,07-01-2012,15577.70836
4071,Rangareddi,6,28,Andhra Pradesh,07-01-2012,15404.01538
4072,Srikakulam,11,28,Andhra Pradesh,07-01-2012,15336.75368
4073,West Godavari,15,28,Andhra Pradesh,07-01-2012,15210.11411
4074,Visakhapatnam,13,28,Andhra Pradesh,07-01-2012,15249.68587
4075,Vizianagaram,12,28,Andhra Pradesh,07-01-2012,15424.92348
4076,Warangal,9,28,Andhra Pradesh,07-01-2012,15476.17689
4077,Hassan,23,29,Karnataka,07-01-2012,15129.84778
4078,Haveri,11,29,Karnataka,07-01-2012,15246.69178
4079,Kodagu,25,29,Karnataka,07-01-2012,14813.40451
4080,Kolar,19,29,Karnataka,07-01-2012,15455.18349
4081,Mandya,22,29,Karnataka,07-01-2012,15267.75709
4082,Koppal,7,29,Karnataka,07-01-2012,15448.86356
4083,Mysore,26,29,Karnataka,07-01-2012,15201.56755
4084,Raichur,6,29,Karnataka,07-01-2012,15511.4957
4085,Bagalkot,2,29,Karnataka,07-01-2012,15337.88615
4086,Bangalore,20,29,Karnataka,07-01-2012,15320.13305
4087,Bidar,5,29,Karnataka,07-01-2012,15357.07399
4088,Bijapur,3,29,Karnataka,07-01-2012,15373.36029
4089,Belgaum,1,29,Karnataka,07-01-2012,15250.76468
4090,Bellary,12,29,Karnataka,07-01-2012,15447.26948
4091,Bangalore Rural,21,29,Karnataka,07-01-2012,15391.76455
4092,Chamarajanagar,27,29,Karnataka,07-01-2012,15304.59502
4093,Chikmagalur,17,29,Karnataka,07-01-2012,15062.93847
4094,Chitradurga,13,29,Karnataka,07-01-2012,15318.54627
4095,Dakshina Kannada,24,29,Karnataka,07-01-2012,14979.58035
4096,Davanagere,14,29,Karnataka,07-01-2012,15257.91688
4097,Dharwad,9,29,Karnataka,07-01-2012,15258.47601
4098,Gulbarga,4,29,Karnataka,07-01-2012,15464.55706
4099,Gadag,8,29,Karnataka,07-01-2012,15455.15018
4100,Shimoga,15,29,Karnataka,07-01-2012,14971.3331
4101,Tumkur,18,29,Karnataka,07-01-2012,15390.44963
4102,Udupi,16,29,Karnataka,07-01-2012,15042.0367
4103,Uttara Kannada,10,29,Karnataka,07-01-2012,14923.4578
4104,North Goa,1,30,Goa,07-01-2012,14984.64734
4105,South Goa,2,30,Goa,07-01-2012,14943.30379
4106,Idukki,9,32,Kerala,07-01-2012,14824.46828
4107,Kollam,13,32,Kerala,07-01-2012,14965.78072
4108,Kottayam,10,32,Kerala,07-01-2012,14959.35338
4109,Kozhikode,4,32,Kerala,07-01-2012,14967.45312
4110,Malappuram,5,32,Kerala,07-01-2012,14996.84102
4111,Palakkad,6,32,Kerala,07-01-2012,14993.42107
4112,Pathanamthitta,12,32,Kerala,07-01-2012,14868.14289
4113,Alappuzha,11,32,Kerala,07-01-2012,14971.33553
4114,Kasaragod,1,32,Kerala,07-01-2012,14959.43706
4115,Kannur,2,32,Kerala,07-01-2012,14967.77864
4116,Ernakulam,8,32,Kerala,07-01-2012,15010.55858
4117,Thrissur,7,32,Kerala,07-01-2012,14996.82505
4118,Thiruvananthapuram,14,32,Kerala,07-01-2012,14960.67428
4119,Wayanad,3,32,Kerala,07-01-2012,14862.27743
4120,Kanniyakumari,30,33,Tamil Nadu,07-01-2012,15027.8252
4121,Karur,14,33,Tamil Nadu,07-01-2012,15751.58615
4122,Madurai,24,33,Tamil Nadu,07-01-2012,15671.84667
4123,Namakkal,9,33,Tamil Nadu,07-01-2012,15656.07932
4124,The Nilgiris,11,33,Tamil Nadu,07-01-2012,14866.00362
4125,Perambalur,16,33,Tamil Nadu,07-01-2012,15819.4404
4126,Pudukkottai,22,33,Tamil Nadu,07-01-2012,15684.59628
4127,Ramanathapuram,27,33,Tamil Nadu,07-01-2012,15831.18843
4128,Salem,8,33,Tamil Nadu,07-01-2012,15517.91749
4129,Ariyalur,17,33,Tamil Nadu,07-01-2012,15702.67486
4130,Coimbatore,12,33,Tamil Nadu,07-01-2012,15454.9144
4131,Cuddalore,18,33,Tamil Nadu,07-01-2012,15649.64088
4132,Dharmapuri,5,33,Tamil Nadu,07-01-2012,15503.29887
4133,Dindigul,13,33,Tamil Nadu,07-01-2012,15485.98799
4134,Erode,10,33,Tamil Nadu,07-01-2012,15568.39735
4135,Sivaganga,23,33,Tamil Nadu,07-01-2012,15740.57027
4136,Tiruchirappalli,15,33,Tamil Nadu,07-01-2012,15652.99738
4137,Tirunelveli,29,33,Tamil Nadu,07-01-2012,15560.67027
4138,Tiruvannamalai,6,33,Tamil Nadu,07-01-2012,15528.00762
4139,Thoothukkudi,28,33,Tamil Nadu,07-01-2012,15842.58012
4140,Theni,25,33,Tamil Nadu,07-01-2012,15391.93931
4141,Vellore,4,33,Tamil Nadu,07-01-2012,15442.49005
4142,Viluppuram,7,33,Tamil Nadu,07-01-2012,15625.82097
4143,Virudhunagar,26,33,Tamil Nadu,07-01-2012,15852.68138
4144,Chennai,2,33,Tamil Nadu,07-01-2012,15531.81356
4145,Kancheepuram,3,33,Tamil Nadu,07-01-2012,15510.58178
4146,Thiruvallur,1,33,Tamil Nadu,07-01-2012,15497.62712
4147,Thanjavur,21,33,Tamil Nadu,07-01-2012,15581.63563
4148,Thiruvarur,20,33,Tamil Nadu,07-01-2012,15556.41453
4149,Nagapattinam,19,33,Tamil Nadu,07-01-2012,15572.17622
4150,Pondicherry,2,34,Puducherry,07-01-2012,15553.57583
4151,Yanam,1,34,Puducherry,07-01-2012,15251.57925
4152,Karaikal,4,34,Puducherry,07-01-2012,15582.35853
4153,Mahe,3,34,Puducherry,07-01-2012,14892.40892
4154,Nicobars,2,35,Andaman & Nicobar Island,07-01-2012,14933.01326
4155,Andamans,1,35,Andaman & Nicobar Island,07-01-2012,14920.03132
4156,Chandigarh,1,4,Chandigarh,08-01-2012,15200.81955
4157,Dadra & Nagar Haveli,1,26,Dadara & Nagar Havelli,08-01-2012,14962.71305
4158,Lakshadweep,1,31,Lakshadweep,08-01-2012,14983.53709
4159,Data Not Available,99,99,Jammu and Kashmir,08-01-2012,14653.69857
4160,Jammu,13,1,Jammu and Kashmir,08-01-2012,15131.96826
4161,Kargil,8,1,Jammu and Kashmir,08-01-2012,14836.11015
4162,Kathua,14,1,Jammu and Kashmir,08-01-2012,15005.32904
4163,Leh (Ladakh),7,1,Jammu and Kashmir,08-01-2012,14798.12932
4164,Kupwara,1,1,Jammu and Kashmir,08-01-2012,14828.28408
4165,Punch,11,1,Jammu and Kashmir,08-01-2012,14854.89276
4166,Pulwama,5,1,Jammu and Kashmir,08-01-2012,14882.0468
4167,Rajauri,12,1,Jammu and Kashmir,08-01-2012,14942.75051
4168,Anantnag,6,1,Jammu and Kashmir,08-01-2012,14606.16107
4169,Badgam,4,1,Jammu and Kashmir,08-01-2012,14787.46879
4170,Baramula,2,1,Jammu and Kashmir,08-01-2012,14768.05589
4171,Doda,9,1,Jammu and Kashmir,08-01-2012,14506.46181
4172,Srinagar,3,1,Jammu and Kashmir,08-01-2012,14621.20076
4173,Udhampur,10,1,Jammu and Kashmir,08-01-2012,14839.82049
4174,Kangra,2,2,Himachal Pradesh,08-01-2012,14823.62813
4175,Kinnaur,12,2,Himachal Pradesh,08-01-2012,14403.16426
4176,Lahul & Spiti,3,2,Himachal Pradesh,08-01-2012,14547.48234
4177,Kullu,4,2,Himachal Pradesh,08-01-2012,14375.20938
4178,Mandi,5,2,Himachal Pradesh,08-01-2012,14837.12305
4179,Bilaspur,8,2,Himachal Pradesh,08-01-2012,15005.77486
4180,Chamba,1,2,Himachal Pradesh,08-01-2012,14536.27751
4181,Hamirpur,6,2,Himachal Pradesh,08-01-2012,15030.4624
4182,Shimla,11,2,Himachal Pradesh,08-01-2012,14637.4437
4183,Sirmaur,10,2,Himachal Pradesh,08-01-2012,14941.21705
4184,Solan,9,2,Himachal Pradesh,08-01-2012,15015.75327
4185,Una,7,2,Himachal Pradesh,08-01-2012,15025.86193
4186,Hoshiarpur,5,3,Punjab,08-01-2012,15139.03482
4187,Jalandhar,4,3,Punjab,08-01-2012,15110.91165
4188,Kapurthala,3,3,Punjab,08-01-2012,15087.3005
4189,Ludhiana,9,3,Punjab,08-01-2012,15137.30866
4190,Mansa,15,3,Punjab,08-01-2012,15281.00607
4191,Moga,10,3,Punjab,08-01-2012,15136.8255
4192,Muktsar,12,3,Punjab,08-01-2012,15208.24451
4193,Nawanshahr,6,3,Punjab,08-01-2012,15095.02016
4194,Patiala,17,3,Punjab,08-01-2012,15124.38481
4195,Sangrur,16,3,Punjab,08-01-2012,15162.22096
4196,Amritsar,2,3,Punjab,08-01-2012,15151.93627
4197,Firozpur,11,3,Punjab,08-01-2012,15210.37198
4198,Bathinda,14,3,Punjab,08-01-2012,15235.85209
4199,Gurdaspur,1,3,Punjab,08-01-2012,15117.73677
4200,Faridkot,13,3,Punjab,08-01-2012,15164.35497
4201,Fatehgarh Sahib,8,3,Punjab,08-01-2012,15114.29499
4202,Rupnagar,7,3,Punjab,08-01-2012,15170.20314
4203,Hardwar,13,5,Uttarakhand,08-01-2012,15165.70306
4204,Nainital,11,5,Uttarakhand,08-01-2012,15032.60241
4205,Pithoragarh,7,5,Uttarakhand,08-01-2012,14343.48058
4206,Bageshwar,8,5,Uttarakhand,08-01-2012,14621.67897
4207,Almora,9,5,Uttarakhand,08-01-2012,14973.47011
4208,Chamoli,2,5,Uttarakhand,08-01-2012,14272.74645
4209,Champawat,10,5,Uttarakhand,08-01-2012,14951.26944
4210,Dehradun,5,5,Uttarakhand,08-01-2012,15000.20425
4211,Garhwal,6,5,Uttarakhand,08-01-2012,14967.47851
4212,Rudraprayag,3,5,Uttarakhand,08-01-2012,14472.73724
4213,Tehri Garhwal,4,5,Uttarakhand,08-01-2012,14758.59107
4214,Udham Singh Nagar,12,5,Uttarakhand,08-01-2012,15086.16503
4215,Uttarkashi,1,5,Uttarakhand,08-01-2012,14344.77066
4216,Hisar,12,6,Haryana,08-01-2012,15488.55932
4217,Jind,9,6,Haryana,08-01-2012,15260.7105
4218,Kaithal,5,6,Haryana,08-01-2012,15112.92798
4219,Karnal,6,6,Haryana,08-01-2012,15081.40479
4220,Kurukshetra,4,6,Haryana,08-01-2012,15077.24527
4221,Panchkula,1,6,Haryana,08-01-2012,15049.27695
4222,Panipat,7,6,Haryana,08-01-2012,15103.4838
4223,Ambala,2,6,Haryana,08-01-2012,15104.92014
4224,Gurgaon,18,6,Haryana,08-01-2012,15218.50878
4225,Faridabad,19,6,Haryana,08-01-2012,15134.50678
4226,Fatehabad,10,6,Haryana,08-01-2012,15305.96689
4227,Rohtak,14,6,Haryana,08-01-2012,15296.27279
4228,Sirsa,11,6,Haryana,08-01-2012,15417.80959
4229,Sonipat,8,6,Haryana,08-01-2012,15128.07688
4230,Yamunanagar,3,6,Haryana,08-01-2012,15200.63961
4231,Jhajjar,15,6,Haryana,08-01-2012,15415.49261
4232,Mahendragarh,16,6,Haryana,08-01-2012,15544.33284
4233,Rewari,17,6,Haryana,08-01-2012,15494.95046
4234,Bhiwani,13,6,Haryana,08-01-2012,15671.23954
4235,Central,6,7,Delhi  & NCR,08-01-2012,14925.89832
4236,East,4,7,Delhi  & NCR,08-01-2012,14671.52627
4237,New Delhi,5,7,Delhi  & NCR,08-01-2012,14960.18296
4238,North,2,7,Delhi  & NCR,08-01-2012,15118.61505
4239,North East,3,7,Delhi  & NCR,08-01-2012,15109.1377
4240,North West,1,7,Delhi  & NCR,08-01-2012,15141.04072
4241,South,9,7,Delhi  & NCR,08-01-2012,14910.38428
4242,South West,8,7,Delhi  & NCR,08-01-2012,15141.37214
4243,Jaipur,12,8,Rajasthan,08-01-2012,15528.08586
4244,Jaisalmer,16,8,Rajasthan,08-01-2012,15895.97313
4245,Jalor,18,8,Rajasthan,08-01-2012,15510.59862
4246,Jhalawar,32,8,Rajasthan,08-01-2012,15086.60646
4247,Jhunjhunun,5,8,Rajasthan,08-01-2012,15657.4142
4248,Jodhpur,15,8,Rajasthan,08-01-2012,15740.25469
4249,Kota,30,8,Rajasthan,08-01-2012,15146.09301
4250,Nagaur,14,8,Rajasthan,08-01-2012,15700.60043
4251,Pali,20,8,Rajasthan,08-01-2012,15557.93304
4252,Rajsamand,25,8,Rajasthan,08-01-2012,15273.88953
4253,Sawai Madhopur,10,8,Rajasthan,08-01-2012,15332.14244
4254,Ajmer,21,8,Rajasthan,08-01-2012,15475.4077
4255,Banswara,28,8,Rajasthan,08-01-2012,15070.21372
4256,Barmer,17,8,Rajasthan,08-01-2012,15740.14606
4257,Bhilwara,24,8,Rajasthan,08-01-2012,15381.68679
4258,Bikaner,3,8,Rajasthan,08-01-2012,15820.54298
4259,Bharatpur,7,8,Rajasthan,08-01-2012,15337.34339
4260,Bundi,23,8,Rajasthan,08-01-2012,15195.08258
4261,Chittaurgarh,29,8,Rajasthan,08-01-2012,15219.60421
4262,Churu,4,8,Rajasthan,08-01-2012,15784.9684
4263,Dausa,11,8,Rajasthan,08-01-2012,15355.84246
4264,Dhaulpur,8,8,Rajasthan,08-01-2012,15163.84526
4265,Dungarpur,27,8,Rajasthan,08-01-2012,15095.06098
4266,Karauli,9,8,Rajasthan,08-01-2012,15241.452
4267,Sirohi,19,8,Rajasthan,08-01-2012,15210.01507
4268,Tonk,22,8,Rajasthan,08-01-2012,15521.97734
4269,Sikar,13,8,Rajasthan,08-01-2012,15604.65237
4270,Alwar,6,8,Rajasthan,08-01-2012,15129.54511
4271,Udaipur,26,8,Rajasthan,08-01-2012,15182.48717
4272,Ganganagar,1,8,Rajasthan,08-01-2012,15587.57952
4273,Hanumangarh,2,8,Rajasthan,08-01-2012,15643.44434
4274,Baran,31,8,Rajasthan,08-01-2012,15069.26205
4275,Hathras,13,9,Uttar Pradesh,08-01-2012,15077.47077
4276,Jalaun,35,9,Uttar Pradesh,08-01-2012,15110.13213
4277,Jaunpur,64,9,Uttar Pradesh,08-01-2012,15179.56258
4278,Jhansi,36,9,Uttar Pradesh,08-01-2012,15082.07743
4279,Jyotiba Phule Nagar,6,9,Uttar Pradesh,08-01-2012,15111.14892
4280,Kannauj,30,9,Uttar Pradesh,08-01-2012,15058.51835
4281,Kanpur Nagar,34,9,Uttar Pradesh,08-01-2012,15045.65684
4282,Kaushambi,44,9,Uttar Pradesh,08-01-2012,15152.36414
4283,Kheri,23,9,Uttar Pradesh,08-01-2012,15216.18133
4284,Mirzapur,69,9,Uttar Pradesh,08-01-2012,15099.79809
4285,Moradabad,4,9,Uttar Pradesh,08-01-2012,15126.62448
4286,Muzaffarnagar,2,9,Uttar Pradesh,08-01-2012,15124.80376
4287,Rae Bareli,28,9,Uttar Pradesh,08-01-2012,15139.15436
4288,Kushinagar,59,9,Uttar Pradesh,08-01-2012,15183.22404
4289,Lucknow,27,9,Uttar Pradesh,08-01-2012,15173.47447
4290,Lalitpur,37,9,Uttar Pradesh,08-01-2012,15089.34523
4291,Mahrajganj,57,9,Uttar Pradesh,08-01-2012,15135.95314
4292,Mahoba,39,9,Uttar Pradesh,08-01-2012,15049.0236
4293,Mainpuri,18,9,Uttar Pradesh,08-01-2012,15137.8493
4294,Mathura,14,9,Uttar Pradesh,08-01-2012,15129.29936
4295,Mau,62,9,Uttar Pradesh,08-01-2012,15211.46841
4296,Meerut,7,9,Uttar Pradesh,08-01-2012,15104.19276
4297,Pilibhit,21,9,Uttar Pradesh,08-01-2012,15108.14618
4298,Pratapgarh,43,9,Uttar Pradesh,08-01-2012,15153.51833
4299,Rampur,5,9,Uttar Pradesh,08-01-2012,15082.15739
4300,Sant Ravidas Nagar Bhadohi,68,9,Uttar Pradesh,08-01-2012,15133.57911
4301,Sant Kabir Nagar,56,9,Uttar Pradesh,08-01-2012,15190.84034
4302,Shahjahanpur,22,9,Uttar Pradesh,08-01-2012,15048.50559
4303,Auraiya,32,9,Uttar Pradesh,08-01-2012,15142.81327
4304,Azamgarh,61,9,Uttar Pradesh,08-01-2012,15187.51494
4305,Budaun,19,9,Uttar Pradesh,08-01-2012,14685.46196
4306,Agra,15,9,Uttar Pradesh,08-01-2012,15136.62663
4307,Aligarh,12,9,Uttar Pradesh,08-01-2012,15082.93956
4308,Allahabad,45,9,Uttar Pradesh,08-01-2012,15152.49826
4309,Ambedkar Nagar,48,9,Uttar Pradesh,08-01-2012,15171.69724
4310,Bareilly,20,9,Uttar Pradesh,08-01-2012,15069.11509
4311,Bijnor,3,9,Uttar Pradesh,08-01-2012,15179.76293
4312,Basti,55,9,Uttar Pradesh,08-01-2012,15190.26919
4313,Baghpat,8,9,Uttar Pradesh,08-01-2012,15093.10758
4314,Bahraich,50,9,Uttar Pradesh,08-01-2012,15301.0215
4315,Ballia,63,9,Uttar Pradesh,08-01-2012,15194.37401
4316,Balrampur,52,9,Uttar Pradesh,08-01-2012,15198.18961
4317,Banda,40,9,Uttar Pradesh,08-01-2012,15029.0658
4318,Barabanki,46,9,Uttar Pradesh,08-01-2012,15077.72416
4319,Chitrakoot,41,9,Uttar Pradesh,08-01-2012,15162.21983
4320,Chandauli,66,9,Uttar Pradesh,08-01-2012,15163.91705
4321,Deoria,60,9,Uttar Pradesh,08-01-2012,15195.63817
4322,Etah,17,9,Uttar Pradesh,08-01-2012,15143.89199
4323,Kanpur Dehat,33,9,Uttar Pradesh,08-01-2012,14999.26913
4324,Etawah,31,9,Uttar Pradesh,08-01-2012,15117.84818
4325,Faizabad,47,9,Uttar Pradesh,08-01-2012,15159.26029
4326,Ghazipur,65,9,Uttar Pradesh,08-01-2012,15259.89883
4327,Gonda,53,9,Uttar Pradesh,08-01-2012,15196.32981
4328,Gorakhpur,58,9,Uttar Pradesh,08-01-2012,15169.12819
4329,Farrukhabad,29,9,Uttar Pradesh,08-01-2012,15035.688
4330,Fatehpur,42,9,Uttar Pradesh,08-01-2012,15087.58089
4331,Firozabad,16,9,Uttar Pradesh,08-01-2012,15158.85808
4332,Hamirpur,38,9,Uttar Pradesh,08-01-2012,15022.15129
4333,Hardoi,25,9,Uttar Pradesh,08-01-2012,14647.99741
4334,Shrawasti,51,9,Uttar Pradesh,08-01-2012,15261.22754
4335,Saharanpur,1,9,Uttar Pradesh,08-01-2012,15120.60625
4336,Sitapur,24,9,Uttar Pradesh,08-01-2012,15288.92937
4337,Sultanpur,49,9,Uttar Pradesh,08-01-2012,15210.45495
4338,Sonbhadra,70,9,Uttar Pradesh,08-01-2012,15085.49792
4339,Siddharthnagar,54,9,Uttar Pradesh,08-01-2012,15180.42995
4340,Unnao,26,9,Uttar Pradesh,08-01-2012,15055.1862
4341,Varanasi,67,9,Uttar Pradesh,08-01-2012,15168.56909
4342,Bulandshahr,11,9,Uttar Pradesh,08-01-2012,15127.3766
4343,Gautam Buddha Nagar,10,9,Uttar Pradesh,08-01-2012,15159.5546
4344,Ghaziabad,9,9,Uttar Pradesh,08-01-2012,15150.43014
4345,Jamui,37,10,Bihar,08-01-2012,15156.88604
4346,Kishanganj,8,10,Bihar,08-01-2012,15128.28762
4347,Muzaffarpur,14,10,Bihar,08-01-2012,15084.43945
4348,Purnia,9,10,Bihar,08-01-2012,15123.96008
4349,Khagaria,21,10,Bihar,08-01-2012,15154.24307
4350,Madhubani,5,10,Bihar,08-01-2012,15152.85956
4351,Lakhisarai,25,10,Bihar,08-01-2012,15294.64721
4352,Madhepura,11,10,Bihar,08-01-2012,15106.93698
4353,Purba Champaran,2,10,Bihar,08-01-2012,15179.18497
4354,Munger,24,10,Bihar,08-01-2012,15126.34369
4355,Nalanda,27,10,Bihar,08-01-2012,15197.59077
4356,Nawada,36,10,Bihar,08-01-2012,15087.65226
4357,Pashchim Champaran,1,10,Bihar,08-01-2012,15165.42957
4358,Patna,28,10,Bihar,08-01-2012,15166.84632
4359,Samastipur,19,10,Bihar,08-01-2012,15173.24711
4360,Araria,7,10,Bihar,08-01-2012,15114.14848
4361,Aurangabad,34,10,Bihar,08-01-2012,15195.27514
4362,Banka,23,10,Bihar,08-01-2012,15161.96231
4363,Bhagalpur,22,10,Bihar,08-01-2012,15097.29333
4364,Begusarai,20,10,Bihar,08-01-2012,15195.53893
4365,Saran,17,10,Bihar,08-01-2012,15076.14997
4366,Katihar,10,10,Bihar,08-01-2012,15076.14234
4367,Darbhanga,13,10,Bihar,08-01-2012,15120.19992
4368,Gopalganj,15,10,Bihar,08-01-2012,15201.75707
4369,Sheikhpura,26,10,Bihar,08-01-2012,15305.34248
4370,Sheohar,3,10,Bihar,08-01-2012,15183.08353
4371,Saharsa,12,10,Bihar,08-01-2012,15071.22678
4372,Sitamarhi,4,10,Bihar,08-01-2012,15196.19602
4373,Siwan,16,10,Bihar,08-01-2012,15198.09599
4374,Supaul,6,10,Bihar,08-01-2012,15045.63472
4375,Vaishali,18,10,Bihar,08-01-2012,15129.24603
4376,Kaimur (Bhabua),31,10,Bihar,08-01-2012,15151.86578
4377,Gaya,35,10,Bihar,08-01-2012,15148.05617
4378,Bhojpur,29,10,Bihar,08-01-2012,15182.33672
4379,Buxar,30,10,Bihar,08-01-2012,15202.65548
4380,Jehanabad,33,10,Bihar,08-01-2012,15184.96528
4381,Rohtas,32,10,Bihar,08-01-2012,15147.17736
4382,North,1,11,Sikkim,08-01-2012,14123.65465
4383,East,4,11,Sikkim,08-01-2012,14607.82119
4384,South,3,11,Sikkim,08-01-2012,14699.74787
4385,West,2,11,Sikkim,08-01-2012,14447.994
4386,Lohit,11,12,Arunanchal Pradesh,08-01-2012,14660.1953
4387,Lower Subansiri,5,12,Arunanchal Pradesh,08-01-2012,14693.31331
4388,Papum Pare,4,12,Arunanchal Pradesh,08-01-2012,14925.66925
4389,Changlang,12,12,Arunanchal Pradesh,08-01-2012,14954.32296
4390,Dibang Valley,10,12,Arunanchal Pradesh,08-01-2012,14553.39926
4391,East Kameng,3,12,Arunanchal Pradesh,08-01-2012,14757.03723
4392,East Siang,8,12,Arunanchal Pradesh,08-01-2012,15086.20263
4393,Tawang,1,12,Arunanchal Pradesh,08-01-2012,14278.93786
4394,Tirap,13,12,Arunanchal Pradesh,08-01-2012,15020.30847
4395,West Kameng,2,12,Arunanchal Pradesh,08-01-2012,14667.38304
4396,West Siang,7,12,Arunanchal Pradesh,08-01-2012,14823.90672
4397,Upper Siang,9,12,Arunanchal Pradesh,08-01-2012,14629.56944
4398,Upper Subansiri,6,12,Arunanchal Pradesh,08-01-2012,14674.20916
4399,Mokokchung,3,13,Nagaland,08-01-2012,15098.81075
4400,Mon,1,13,Nagaland,08-01-2012,15078.33053
4401,Phek,8,13,Nagaland,08-01-2012,14903.04135
4402,Tuensang,2,13,Nagaland,08-01-2012,14911.87585
4403,Wokha,5,13,Nagaland,08-01-2012,15063.45629
4404,Zunheboto,4,13,Nagaland,08-01-2012,14935.59529
4405,Dimapur,6,13,Nagaland,08-01-2012,15158.43276
4406,Kohima,7,13,Nagaland,08-01-2012,15036.73396
4407,Imphal East,7,14,Manipur,08-01-2012,15128.57079
4408,Imphal West,6,14,Manipur,08-01-2012,15153.41815
4409,Senapati (Excl. 3 sub-divisions),1,14,Manipur,08-01-2012,14936.32083
4410,Bishnupur,4,14,Manipur,08-01-2012,15062.60763
4411,Chandel,9,14,Manipur,08-01-2012,14940.36238
4412,Churachandpur,3,14,Manipur,08-01-2012,14972.5968
4413,Tamenglong,2,14,Manipur,08-01-2012,15038.00991
4414,Thoubal,5,14,Manipur,08-01-2012,15095.51632
4415,Ukhrul,8,14,Manipur,08-01-2012,14919.91054
4416,Kolasib,2,15,Mizoram,08-01-2012,15066.17232
4417,Mamit,1,15,Mizoram,08-01-2012,15008.35154
4418,Lunglei,6,15,Mizoram,08-01-2012,14976.84423
4419,Lawngtlai,7,15,Mizoram,08-01-2012,14947.6091
4420,Saiha,8,15,Mizoram,08-01-2012,14901.01288
4421,Serchhip,5,15,Mizoram,08-01-2012,15021.96548
4422,Aizawl,3,15,Mizoram,08-01-2012,15045.32976
4423,Champhai,4,15,Mizoram,08-01-2012,14955.60412
4424,North Tripura,4,16,Tripura,08-01-2012,15059.7646
4425,Dhalai,3,16,Tripura,08-01-2012,15025.46509
4426,South Tripura,2,16,Tripura,08-01-2012,15109.61323
4427,West Tripura,1,16,Tripura,08-01-2012,15081.12354
4428,Jaintia Hills,7,17,Meghalaya,08-01-2012,15039.50761
4429,East Garo Hills,2,17,Meghalaya,08-01-2012,15092.62205
4430,East Khasi Hills,6,17,Meghalaya,08-01-2012,15024.33449
4431,Ri Bhoi,5,17,Meghalaya,08-01-2012,15083.72248
4432,South Garo Hills,3,17,Meghalaya,08-01-2012,15099.1518
4433,West Garo Hills,1,17,Meghalaya,08-01-2012,15117.24509
4434,West Khasi Hills,4,17,Meghalaya,08-01-2012,15020.8975
4435,Jorhat,17,18,Assam,08-01-2012,15165.62432
4436,Karimganj,22,18,Assam,08-01-2012,15194.7398
4437,Kokrajhar,1,18,Assam,08-01-2012,15144.95905
4438,Lakhimpur,12,18,Assam,08-01-2012,15202.58191
4439,Nagaon,10,18,Assam,08-01-2012,15203.39635
4440,Marigaon,9,18,Assam,08-01-2012,15192.20265
4441,Nalbari,7,18,Assam,08-01-2012,15194.31598
4442,North Cachar Hills,20,18,Assam,08-01-2012,15053.22133
4443,Barpeta,5,18,Assam,08-01-2012,15139.90165
4444,Bongaigaon,4,18,Assam,08-01-2012,15131.10475
4445,Cachar,21,18,Assam,08-01-2012,15208.46165
4446,Darrang,8,18,Assam,08-01-2012,15233.66814
4447,Dhemaji,13,18,Assam,08-01-2012,15200.7879
4448,Dhubri,2,18,Assam,08-01-2012,15083.38379
4449,Dibrugarh,15,18,Assam,08-01-2012,14963.12076
4450,Kamrup,6,18,Assam,08-01-2012,15154.9632
4451,Karbi Anglong,19,18,Assam,08-01-2012,15101.28054
4452,Goalpara,3,18,Assam,08-01-2012,15126.32835
4453,Golaghat,18,18,Assam,08-01-2012,15179.3078
4454,Hailakandi,23,18,Assam,08-01-2012,15186.79004
4455,Sonitpur,11,18,Assam,08-01-2012,15218.45651
4456,Sibsagar,16,18,Assam,08-01-2012,15179.15398
4457,Tinsukia,14,18,Assam,08-01-2012,15197.34342
4458,Hugli,12,19,West Bengal,08-01-2012,15081.39819
4459,Jalpaiguri,2,19,West Bengal,08-01-2012,15162.86512
4460,Koch Bihar,3,19,West Bengal,08-01-2012,15107.42266
4461,Murshidabad,7,19,West Bengal,08-01-2012,15113.87765
4462,Puruliya,14,19,West Bengal,08-01-2012,15133.54054
4463,Kolkata,17,19,West Bengal,08-01-2012,15277.37681
4464,Maldah,6,19,West Bengal,08-01-2012,15097.19011
4465,Nadia,10,19,West Bengal,08-01-2012,15050.03791
4466,North Twenty Four Parganas,11,19,West Bengal,08-01-2012,15045.86993
4467,Medinipur,15,19,West Bengal,08-01-2012,15186.11916
4468,Barddhaman,9,19,West Bengal,08-01-2012,15125.09761
4469,Birbhum,8,19,West Bengal,08-01-2012,15176.5261
4470,Bankura,13,19,West Bengal,08-01-2012,15143.7281
4471,Dakshin Dinajpur,5,19,West Bengal,08-01-2012,15103.95731
4472,Darjiling,1,19,West Bengal,08-01-2012,14884.95414
4473,Haora,16,19,West Bengal,08-01-2012,15056.8614
4474,South  Twenty Four Parganas,18,19,West Bengal,08-01-2012,15106.62247
4475,Uttar Dinajpur,4,19,West Bengal,08-01-2012,15131.61066
4476,Purbi Singhbhum,18,20,Jharkhand,08-01-2012,15166.48464
4477,Lohardaga,15,20,Jharkhand,08-01-2012,14989.1518
4478,Pakaur,10,20,Jharkhand,08-01-2012,15096.54212
4479,Pashchimi Singhbhum,17,20,Jharkhand,08-01-2012,15073.16827
4480,Bokaro,13,20,Jharkhand,08-01-2012,15053.69317
4481,Deoghar,7,20,Jharkhand,08-01-2012,15198.99905
4482,Dhanbad,12,20,Jharkhand,08-01-2012,15122.89073
4483,Dumka,11,20,Jharkhand,08-01-2012,15148.51602
4484,Giridih,6,20,Jharkhand,08-01-2012,15114.13636
4485,Godda,8,20,Jharkhand,08-01-2012,15094.34633
4486,Gumla,16,20,Jharkhand,08-01-2012,15063.46915
4487,Ranchi,14,20,Jharkhand,08-01-2012,15004.0948
4488,Sahibganj,9,20,Jharkhand,08-01-2012,15113.99775
4489,Garhwa,1,20,Jharkhand,08-01-2012,15110.12888
4490,Palamu,2,20,Jharkhand,08-01-2012,15091.25642
4491,Chatra,3,20,Jharkhand,08-01-2012,15056.48279
4492,Hazaribagh,4,20,Jharkhand,08-01-2012,15042.03925
4493,Kodarma,5,20,Jharkhand,08-01-2012,15078.62987
4494,Jajapur,13,21,Orissa,08-01-2012,15205.62022
4495,Jagatsinghapur,11,21,Orissa,08-01-2012,15101.49592
4496,Jharsuguda,2,21,Orissa,08-01-2012,15047.61119
4497,Khordha,17,21,Orissa,08-01-2012,15187.62003
4498,Mayurbhanj,7,21,Orissa,08-01-2012,15144.59153
4499,Puri,18,21,Orissa,08-01-2012,15150.63
4500,Koraput,29,21,Orissa,08-01-2012,15027.60802
4501,Malkangiri,30,21,Orissa,08-01-2012,14967.69579
4502,Nabarangapur,28,21,Orissa,08-01-2012,15006.2839
4503,Nayagarh,16,21,Orissa,08-01-2012,15159.10582
4504,Nuapada,25,21,Orissa,08-01-2012,15028.11135
4505,Kandhamal,21,21,Orissa,08-01-2012,15040.62461
4506,Sambalpur,3,21,Orissa,08-01-2012,15104.21535
4507,Anugul,15,21,Orissa,08-01-2012,15116.80475
4508,Bhadrak,9,21,Orissa,08-01-2012,15206.92279
4509,Baudh,22,21,Orissa,08-01-2012,15122.78123
4510,Balangir,24,21,Orissa,08-01-2012,15108.56369
4511,Baleshwar,8,21,Orissa,08-01-2012,15182.24895
4512,Bargarh,1,21,Orissa,08-01-2012,15082.384
4513,Kendrapara,10,21,Orissa,08-01-2012,15152.12872
4514,Kendujhar,6,21,Orissa,08-01-2012,15176.50396
4515,Debagarh,4,21,Orissa,08-01-2012,15109.13971
4516,Cuttack,12,21,Orissa,08-01-2012,15132.25013
4517,Dhenkanal,14,21,Orissa,08-01-2012,15167.82572
4518,Kalahandi,26,21,Orissa,08-01-2012,15064.92532
4519,Ganjam,19,21,Orissa,08-01-2012,15192.53928
4520,Gajapati,20,21,Orissa,08-01-2012,15045.1848
4521,Rayagada,27,21,Orissa,08-01-2012,15093.95427
4522,Sundargarh,5,21,Orissa,08-01-2012,15069.43368
4523,Sonapur,23,21,Orissa,08-01-2012,15132.58016
4524,Jashpur,3,22,Chhattisgarh,08-01-2012,15066.03237
4525,Koriya,1,22,Chhattisgarh,08-01-2012,15027.62341
4526,Mahasamund,12,22,Chhattisgarh,08-01-2012,15060.78938
4527,Raigarh,4,22,Chhattisgarh,08-01-2012,15062.29197
4528,Raipur,11,22,Chhattisgarh,08-01-2012,15000.05542
4529,Rajnandgaon,9,22,Chhattisgarh,08-01-2012,14994.6179
4530,Bastar,15,22,Chhattisgarh,08-01-2012,14984.41866
4531,Dantewada,16,22,Chhattisgarh,08-01-2012,15016.44905
4532,Dhamtari,13,22,Chhattisgarh,08-01-2012,14962.56547
4533,Durg,10,22,Chhattisgarh,08-01-2012,14957.73073
4534,Kanker,14,22,Chhattisgarh,08-01-2012,15008.96698
4535,Surguja,2,22,Chhattisgarh,08-01-2012,15049.71049
4536,Bilaspur,7,22,Chhattisgarh,08-01-2012,15023.65807
4537,Janjgir - Champa,6,22,Chhattisgarh,08-01-2012,15056.37695
4538,Korba,5,22,Chhattisgarh,08-01-2012,15046.90801
4539,Kawardha,8,22,Chhattisgarh,08-01-2012,14999.10907
4540,Hoshangabad,37,23,Madhya Pradesh,08-01-2012,15090.96014
4541,Indore,26,23,Madhya Pradesh,08-01-2012,15038.46018
4542,Jabalpur,39,23,Madhya Pradesh,08-01-2012,15068.22606
4543,Jhabua,24,23,Madhya Pradesh,08-01-2012,15065.39568
4544,Mandsaur,19,23,Madhya Pradesh,08-01-2012,15019.22112
4545,Tikamgarh,8,23,Madhya Pradesh,08-01-2012,15072.69143
4546,Narsimhapur,40,23,Madhya Pradesh,08-01-2012,15052.45338
4547,Neemuch,18,23,Madhya Pradesh,08-01-2012,15108.23146
4548,Panna,10,23,Madhya Pradesh,08-01-2012,15101.95894
4549,Raisen,34,23,Madhya Pradesh,08-01-2012,15186.15916
4550,Rajgarh,30,23,Madhya Pradesh,08-01-2012,15050.74007
4551,Satna,13,23,Madhya Pradesh,08-01-2012,15136.70434
4552,Sehore,33,23,Madhya Pradesh,08-01-2012,15106.7785
4553,Seoni,44,23,Madhya Pradesh,08-01-2012,15048.8659
4554,Bhind,3,23,Madhya Pradesh,08-01-2012,15162.46039
4555,Bhopal,32,23,Madhya Pradesh,08-01-2012,15091.43503
4556,Barwani,28,23,Madhya Pradesh,08-01-2012,15218.21148
4557,Betul,35,23,Madhya Pradesh,08-01-2012,15062.35283
4558,Balaghat,45,23,Madhya Pradesh,08-01-2012,15014.83821
4559,Chhatarpur,9,23,Madhya Pradesh,08-01-2012,15041.95807
4560,Chhindwara,43,23,Madhya Pradesh,08-01-2012,15049.74095
4561,Dewas,23,23,Madhya Pradesh,08-01-2012,15078.83334
4562,Katni,38,23,Madhya Pradesh,08-01-2012,15118.10505
4563,Datia,5,23,Madhya Pradesh,08-01-2012,15151.77125
4564,Damoh,12,23,Madhya Pradesh,08-01-2012,15089.46503
4565,Dhar,25,23,Madhya Pradesh,08-01-2012,15127.80672
4566,East Nimar,29,23,Madhya Pradesh,08-01-2012,15082.57791
4567,Guna,7,23,Madhya Pradesh,08-01-2012,15076.15315
4568,Gwalior,4,23,Madhya Pradesh,08-01-2012,15106.46254
4569,Harda,36,23,Madhya Pradesh,08-01-2012,15074.1019
4570,Shajapur,22,23,Madhya Pradesh,08-01-2012,15039.84591
4571,Shivpuri,6,23,Madhya Pradesh,08-01-2012,15090.76203
4572,Ratlam,20,23,Madhya Pradesh,08-01-2012,15097.08929
4573,Rewa,14,23,Madhya Pradesh,08-01-2012,15166.98557
4574,Sagar,11,23,Madhya Pradesh,08-01-2012,15086.34068
4575,Sidhi,17,23,Madhya Pradesh,08-01-2012,15097.40101
4576,Ujjain,21,23,Madhya Pradesh,08-01-2012,15044.80155
4577,Vidisha,31,23,Madhya Pradesh,08-01-2012,15038.93213
4578,West Nimar,27,23,Madhya Pradesh,08-01-2012,15187.0856
4579,Morena,2,23,Madhya Pradesh,08-01-2012,15146.52707
4580,Sheopur,1,23,Madhya Pradesh,08-01-2012,15080.2623
4581,Dindori,41,23,Madhya Pradesh,08-01-2012,15021.29
4582,Mandla,42,23,Madhya Pradesh,08-01-2012,15036.55478
4583,Shahdol,16,23,Madhya Pradesh,08-01-2012,15076.01951
4584,Umaria,15,23,Madhya Pradesh,08-01-2012,15086.67459
4585,Jamnagar,10,24,Gujarat,08-01-2012,15334.21186
4586,Kheda,16,24,Gujarat,08-01-2012,15204.94906
4587,Mahesana,4,24,Gujarat,08-01-2012,15451.89857
4588,Narmada,20,24,Gujarat,08-01-2012,15053.828
4589,Navsari,24,24,Gujarat,08-01-2012,14987.04302
4590,Panch Mahals,17,24,Gujarat,08-01-2012,15018.32487
4591,Patan,3,24,Gujarat,08-01-2012,15653.33261
4592,Porbandar,11,24,Gujarat,08-01-2012,15305.68763
4593,Rajkot,9,24,Gujarat,08-01-2012,15470.01766
4594,Anand,15,24,Gujarat,08-01-2012,15053.24523
4595,Ahmadabad,7,24,Gujarat,08-01-2012,15338.22556
4596,Amreli,13,24,Gujarat,08-01-2012,15416.06201
4597,Bhavnagar,14,24,Gujarat,08-01-2012,15347.52026
4598,Banas Kantha,2,24,Gujarat,08-01-2012,15526.33985
4599,Dohad,18,24,Gujarat,08-01-2012,14986.38383
4600,Junagadh,12,24,Gujarat,08-01-2012,15058.53644
4601,Kachchh,1,24,Gujarat,08-01-2012,15486.44182
4602,Gandhinagar,6,24,Gujarat,08-01-2012,15298.12602
4603,Sabar Kantha,5,24,Gujarat,08-01-2012,15174.72955
4604,Surendranagar,8,24,Gujarat,08-01-2012,15567.7158
4605,The Dangs,23,24,Gujarat,08-01-2012,15037.70103
4606,Vadodara,19,24,Gujarat,08-01-2012,15027.34901
4607,Valsad,25,24,Gujarat,08-01-2012,14999.6871
4608,Bharuch,21,24,Gujarat,08-01-2012,15114.27343
4609,Surat,22,24,Gujarat,08-01-2012,15029.25397
4610,Daman,2,25,Daman & Diu,08-01-2012,14998.28415
4611,Diu,1,25,Daman & Diu,08-01-2012,15256.67007
4612,Hingoli,16,27,Maharashtra,08-01-2012,15017.525
4613,Jalgaon,3,27,Maharashtra,08-01-2012,15200.72897
4614,Jalna,18,27,Maharashtra,08-01-2012,15368.46441
4615,Kolhapur,34,27,Maharashtra,08-01-2012,14934.42854
4616,Latur,28,27,Maharashtra,08-01-2012,15019.1424
4617,Pune,25,27,Maharashtra,08-01-2012,15294.87227
4618,Nagpur,9,27,Maharashtra,08-01-2012,15142.51393
4619,Mumbai,23,27,Maharashtra,08-01-2012,15046.71946
4620,Mumbai (Suburban),22,27,Maharashtra,08-01-2012,15038.2438
4621,Nanded,15,27,Maharashtra,08-01-2012,15056.77653
4622,Nandurbar,1,27,Maharashtra,08-01-2012,15075.88784
4623,Nashik,20,27,Maharashtra,08-01-2012,15181.41443
4624,Osmanabad,29,27,Maharashtra,08-01-2012,15225.45746
4625,Parbhani,17,27,Maharashtra,08-01-2012,15093.93099
4626,Sangli,35,27,Maharashtra,08-01-2012,15293.79161
4627,Satara,31,27,Maharashtra,08-01-2012,15285.40749
4628,Aurangabad,19,27,Maharashtra,08-01-2012,15400.69239
4629,Ahmadnagar,26,27,Maharashtra,08-01-2012,15396.10371
4630,Akola,5,27,Maharashtra,08-01-2012,15096.86553
4631,Amravati,7,27,Maharashtra,08-01-2012,15112.84608
4632,Bid,27,27,Maharashtra,08-01-2012,15266.3134
4633,Bhandara,10,27,Maharashtra,08-01-2012,15116.91484
4634,Buldana,4,27,Maharashtra,08-01-2012,15009.14788
4635,Chandrapur,13,27,Maharashtra,08-01-2012,15114.84788
4636,Dhule,2,27,Maharashtra,08-01-2012,15240.74146
4637,Gadchiroli,12,27,Maharashtra,08-01-2012,15044.7155
4638,Gondiya,11,27,Maharashtra,08-01-2012,15079.3366
4639,Ratnagiri,32,27,Maharashtra,08-01-2012,14954.83751
4640,Raigarh,24,27,Maharashtra,08-01-2012,14938.74828
4641,Thane,21,27,Maharashtra,08-01-2012,14969.68559
4642,Solapur,30,27,Maharashtra,08-01-2012,15425.97078
4643,Sindhudurg,33,27,Maharashtra,08-01-2012,14938.41991
4644,Wardha,8,27,Maharashtra,08-01-2012,15148.14457
4645,Washim,6,27,Maharashtra,08-01-2012,14969.08993
4646,Yavatmal,14,27,Maharashtra,08-01-2012,15082.52137
4647,Hyderabad,5,28,Andhra Pradesh,08-01-2012,15380.11935
4648,Khammam,10,28,Andhra Pradesh,08-01-2012,15089.79403
4649,Medak,4,28,Andhra Pradesh,08-01-2012,15075.06204
4650,Krishna,16,28,Andhra Pradesh,08-01-2012,15147.69436
4651,Kurnool,21,28,Andhra Pradesh,08-01-2012,15411.12986
4652,Mahbubnagar,7,28,Andhra Pradesh,08-01-2012,15279.95459
4653,Nalgonda,8,28,Andhra Pradesh,08-01-2012,15275.77019
4654,Nellore,19,28,Andhra Pradesh,08-01-2012,15439.48271
4655,Nizamabad,2,28,Andhra Pradesh,08-01-2012,15008.98962
4656,Prakasam,18,28,Andhra Pradesh,08-01-2012,15486.91196
4657,Anantapur,22,28,Andhra Pradesh,08-01-2012,15522.58053
4658,Adilabad,1,28,Andhra Pradesh,08-01-2012,15084.53548
4659,Chittoor,23,28,Andhra Pradesh,08-01-2012,15349.24892
4660,Cuddapah,20,28,Andhra Pradesh,08-01-2012,15411.31817
4661,East Godavari,14,28,Andhra Pradesh,08-01-2012,15053.79967
4662,Karimnagar,3,28,Andhra Pradesh,08-01-2012,15133.14002
4663,Guntur,17,28,Andhra Pradesh,08-01-2012,15471.36275
4664,Rangareddi,6,28,Andhra Pradesh,08-01-2012,15078.95744
4665,Srikakulam,11,28,Andhra Pradesh,08-01-2012,15220.38588
4666,West Godavari,15,28,Andhra Pradesh,08-01-2012,15073.74451
4667,Visakhapatnam,13,28,Andhra Pradesh,08-01-2012,15193.81335
4668,Vizianagaram,12,28,Andhra Pradesh,08-01-2012,15256.99723
4669,Warangal,9,28,Andhra Pradesh,08-01-2012,15126.97204
4670,Hassan,23,29,Karnataka,08-01-2012,15133.25533
4671,Haveri,11,29,Karnataka,08-01-2012,15097.13331
4672,Kodagu,25,29,Karnataka,08-01-2012,14731.26674
4673,Kolar,19,29,Karnataka,08-01-2012,15343.33923
4674,Mandya,22,29,Karnataka,08-01-2012,15212.50494
4675,Koppal,7,29,Karnataka,08-01-2012,15309.83127
4676,Mysore,26,29,Karnataka,08-01-2012,15201.91713
4677,Raichur,6,29,Karnataka,08-01-2012,15465.57735
4678,Bagalkot,2,29,Karnataka,08-01-2012,15338.02193
4679,Bangalore,20,29,Karnataka,08-01-2012,15264.97572
4680,Bidar,5,29,Karnataka,08-01-2012,15109.96867
4681,Bijapur,3,29,Karnataka,08-01-2012,15427.40341
4682,Belgaum,1,29,Karnataka,08-01-2012,15220.49163
4683,Bellary,12,29,Karnataka,08-01-2012,15362.27968
4684,Bangalore Rural,21,29,Karnataka,08-01-2012,15291.72338
4685,Chamarajanagar,27,29,Karnataka,08-01-2012,15272.89025
4686,Chikmagalur,17,29,Karnataka,08-01-2012,15084.82134
4687,Chitradurga,13,29,Karnataka,08-01-2012,15422.89162
4688,Dakshina Kannada,24,29,Karnataka,08-01-2012,15068.18353
4689,Davanagere,14,29,Karnataka,08-01-2012,15159.89995
4690,Dharwad,9,29,Karnataka,08-01-2012,15053.82136
4691,Gulbarga,4,29,Karnataka,08-01-2012,15342.49404
4692,Gadag,8,29,Karnataka,08-01-2012,15347.58786
4693,Shimoga,15,29,Karnataka,08-01-2012,14930.95948
4694,Tumkur,18,29,Karnataka,08-01-2012,15388.26059
4695,Udupi,16,29,Karnataka,08-01-2012,14939.97915
4696,Uttara Kannada,10,29,Karnataka,08-01-2012,14862.28814
4697,North Goa,1,30,Goa,08-01-2012,14927.82009
4698,South Goa,2,30,Goa,08-01-2012,14902.43489
4699,Idukki,9,32,Kerala,08-01-2012,14859.20521
4700,Kollam,13,32,Kerala,08-01-2012,15030.71891
4701,Kottayam,10,32,Kerala,08-01-2012,15023.02746
4702,Kozhikode,4,32,Kerala,08-01-2012,14941.38258
4703,Malappuram,5,32,Kerala,08-01-2012,14975.37732
4704,Palakkad,6,32,Kerala,08-01-2012,14981.38354
4705,Pathanamthitta,12,32,Kerala,08-01-2012,14977.95655
4706,Alappuzha,11,32,Kerala,08-01-2012,15019.82938
4707,Kasaragod,1,32,Kerala,08-01-2012,14978.63592
4708,Kannur,2,32,Kerala,08-01-2012,14909.87692
4709,Ernakulam,8,32,Kerala,08-01-2012,15033.72048
4710,Thrissur,7,32,Kerala,08-01-2012,14940.6553
4711,Thiruvananthapuram,14,32,Kerala,08-01-2012,15064.88792
4712,Wayanad,3,32,Kerala,08-01-2012,14858.20592
4713,Kanniyakumari,30,33,Tamil Nadu,08-01-2012,15118.18511
4714,Karur,14,33,Tamil Nadu,08-01-2012,15528.5174
4715,Madurai,24,33,Tamil Nadu,08-01-2012,15645.78485
4716,Namakkal,9,33,Tamil Nadu,08-01-2012,15493.22472
4717,The Nilgiris,11,33,Tamil Nadu,08-01-2012,14842.9155
4718,Perambalur,16,33,Tamil Nadu,08-01-2012,15747.67162
4719,Pudukkottai,22,33,Tamil Nadu,08-01-2012,15693.11318
4720,Ramanathapuram,27,33,Tamil Nadu,08-01-2012,15876.27881
4721,Salem,8,33,Tamil Nadu,08-01-2012,15377.93008
4722,Ariyalur,17,33,Tamil Nadu,08-01-2012,15673.18739
4723,Coimbatore,12,33,Tamil Nadu,08-01-2012,15396.21801
4724,Cuddalore,18,33,Tamil Nadu,08-01-2012,15593.94403
4725,Dharmapuri,5,33,Tamil Nadu,08-01-2012,15306.06661
4726,Dindigul,13,33,Tamil Nadu,08-01-2012,15402.70413
4727,Erode,10,33,Tamil Nadu,08-01-2012,15437.96528
4728,Sivaganga,23,33,Tamil Nadu,08-01-2012,15701.20786
4729,Tiruchirappalli,15,33,Tamil Nadu,08-01-2012,15582.31046
4730,Tirunelveli,29,33,Tamil Nadu,08-01-2012,15715.3964
4731,Tiruvannamalai,6,33,Tamil Nadu,08-01-2012,15385.57533
4732,Thoothukkudi,28,33,Tamil Nadu,08-01-2012,15919.06228
4733,Theni,25,33,Tamil Nadu,08-01-2012,15413.04711
4734,Vellore,4,33,Tamil Nadu,08-01-2012,15312.54637
4735,Viluppuram,7,33,Tamil Nadu,08-01-2012,15528.7154
4736,Virudhunagar,26,33,Tamil Nadu,08-01-2012,15874.31445
4737,Chennai,2,33,Tamil Nadu,08-01-2012,15430.56395
4738,Kancheepuram,3,33,Tamil Nadu,08-01-2012,15387.42874
4739,Thiruvallur,1,33,Tamil Nadu,08-01-2012,15447.00165
4740,Thanjavur,21,33,Tamil Nadu,08-01-2012,15612.4773
4741,Thiruvarur,20,33,Tamil Nadu,08-01-2012,15698.38369
4742,Nagapattinam,19,33,Tamil Nadu,08-01-2012,15694.09833
4743,Pondicherry,2,34,Puducherry,08-01-2012,15528.64989
4744,Yanam,1,34,Puducherry,08-01-2012,14996.23325
4745,Karaikal,4,34,Puducherry,08-01-2012,15699.12982
4746,Mahe,3,34,Puducherry,08-01-2012,14978.56104
4747,Nicobars,2,35,Andaman & Nicobar Island,08-01-2012,15019.44195
4748,Andamans,1,35,Andaman & Nicobar Island,08-01-2012,14966.72921
4749,Chandigarh,1,4,Chandigarh,09-01-2012,15261.32157
4750,Dadra & Nagar Haveli,1,26,Dadara & Nagar Havelli,09-01-2012,15105.90107
4751,Lakshadweep,1,31,Lakshadweep,09-01-2012,15031.81654
4752,Data Not Available,99,99,Jammu and Kashmir,09-01-2012,14291.59081
4753,Anantnag,6,1,Jammu and Kashmir,09-01-2012,14479.80243
4754,Badgam,4,1,Jammu and Kashmir,09-01-2012,14663.14896
4755,Baramula,2,1,Jammu and Kashmir,09-01-2012,14564.13093
4756,Doda,9,1,Jammu and Kashmir,09-01-2012,14365.65883
4757,Srinagar,3,1,Jammu and Kashmir,09-01-2012,14482.18543
4758,Udhampur,10,1,Jammu and Kashmir,09-01-2012,14809.76721
4759,Jammu,13,1,Jammu and Kashmir,09-01-2012,15104.99063
4760,Kargil,8,1,Jammu and Kashmir,09-01-2012,14481.44788
4761,Kathua,14,1,Jammu and Kashmir,09-01-2012,14966.92078
4762,Leh (Ladakh),7,1,Jammu and Kashmir,09-01-2012,14527.09793
4763,Kupwara,1,1,Jammu and Kashmir,09-01-2012,14626.02702
4764,Punch,11,1,Jammu and Kashmir,09-01-2012,14782.77812
4765,Pulwama,5,1,Jammu and Kashmir,09-01-2012,14762.11624
4766,Rajauri,12,1,Jammu and Kashmir,09-01-2012,14927.0497
4767,Bilaspur,8,2,Himachal Pradesh,09-01-2012,14980.97648
4768,Chamba,1,2,Himachal Pradesh,09-01-2012,14504.88771
4769,Hamirpur,6,2,Himachal Pradesh,09-01-2012,14987.35712
4770,Shimla,11,2,Himachal Pradesh,09-01-2012,14639.69658
4771,Sirmaur,10,2,Himachal Pradesh,09-01-2012,14944.23234
4772,Solan,9,2,Himachal Pradesh,09-01-2012,14967.17658
4773,Una,7,2,Himachal Pradesh,09-01-2012,15048.6591
4774,Kangra,2,2,Himachal Pradesh,09-01-2012,14807.80482
4775,Kinnaur,12,2,Himachal Pradesh,09-01-2012,14497.85042
4776,Lahul & Spiti,3,2,Himachal Pradesh,09-01-2012,14386.3325
4777,Kullu,4,2,Himachal Pradesh,09-01-2012,14384.79951
4778,Mandi,5,2,Himachal Pradesh,09-01-2012,14819.66428
4779,Hoshiarpur,5,3,Punjab,09-01-2012,15125.47755
4780,Amritsar,2,3,Punjab,09-01-2012,15092.26532
4781,Firozpur,11,3,Punjab,09-01-2012,15132.88651
4782,Bathinda,14,3,Punjab,09-01-2012,15158.68823
4783,Gurdaspur,1,3,Punjab,09-01-2012,15092.86514
4784,Faridkot,13,3,Punjab,09-01-2012,15122.87784
4785,Fatehgarh Sahib,8,3,Punjab,09-01-2012,15086.17118
4786,Rupnagar,7,3,Punjab,09-01-2012,15114.06648
4787,Jalandhar,4,3,Punjab,09-01-2012,15125.7649
4788,Kapurthala,3,3,Punjab,09-01-2012,15100.30728
4789,Ludhiana,9,3,Punjab,09-01-2012,15103.95911
4790,Mansa,15,3,Punjab,09-01-2012,15131.37418
4791,Moga,10,3,Punjab,09-01-2012,15072.54773
4792,Muktsar,12,3,Punjab,09-01-2012,15147.55163
4793,Nawanshahr,6,3,Punjab,09-01-2012,15116.24622
4794,Patiala,17,3,Punjab,09-01-2012,15104.23407
4795,Sangrur,16,3,Punjab,09-01-2012,15077.06103
4796,Hardwar,13,5,Uttarakhand,09-01-2012,15141.26359
4797,Bageshwar,8,5,Uttarakhand,09-01-2012,14664.26357
4798,Almora,9,5,Uttarakhand,09-01-2012,14900.22393
4799,Chamoli,2,5,Uttarakhand,09-01-2012,14377.89524
4800,Champawat,10,5,Uttarakhand,09-01-2012,14901.77631
4801,Dehradun,5,5,Uttarakhand,09-01-2012,14962.4874
4802,Garhwal,6,5,Uttarakhand,09-01-2012,14914.23507
4803,Rudraprayag,3,5,Uttarakhand,09-01-2012,14569.00942
4804,Tehri Garhwal,4,5,Uttarakhand,09-01-2012,14744.81286
4805,Udham Singh Nagar,12,5,Uttarakhand,09-01-2012,15097.38425
4806,Uttarkashi,1,5,Uttarakhand,09-01-2012,14447.09127
4807,Nainital,11,5,Uttarakhand,09-01-2012,14979.74024
4808,Pithoragarh,7,5,Uttarakhand,09-01-2012,14445.19007
4809,Hisar,12,6,Haryana,09-01-2012,15283.87674
4810,Ambala,2,6,Haryana,09-01-2012,15146.70329
4811,Gurgaon,18,6,Haryana,09-01-2012,15378.21657
4812,Faridabad,19,6,Haryana,09-01-2012,15255.84653
4813,Fatehabad,10,6,Haryana,09-01-2012,15144.15755
4814,Rohtak,14,6,Haryana,09-01-2012,15234.90818
4815,Sirsa,11,6,Haryana,09-01-2012,15227.03682
4816,Sonipat,8,6,Haryana,09-01-2012,15204.66624
4817,Yamunanagar,3,6,Haryana,09-01-2012,15127.74749
4818,Jhajjar,15,6,Haryana,09-01-2012,15343.98581
4819,Mahendragarh,16,6,Haryana,09-01-2012,15371.54388
4820,Rewari,17,6,Haryana,09-01-2012,15445.0983
4821,Bhiwani,13,6,Haryana,09-01-2012,15364.91724
4822,Jind,9,6,Haryana,09-01-2012,15172.37027
4823,Kaithal,5,6,Haryana,09-01-2012,15096.1034
4824,Karnal,6,6,Haryana,09-01-2012,15096.43976
4825,Kurukshetra,4,6,Haryana,09-01-2012,15101.46947
4826,Panchkula,1,6,Haryana,09-01-2012,15111.89873
4827,Panipat,7,6,Haryana,09-01-2012,15134.24709
4828,Central,6,7,Delhi  & NCR,09-01-2012,15384.09025
4829,East,4,7,Delhi  & NCR,09-01-2012,15385.88106
4830,New Delhi,5,7,Delhi  & NCR,09-01-2012,15302.38281
4831,North,2,7,Delhi  & NCR,09-01-2012,15325.36643
4832,North East,3,7,Delhi  & NCR,09-01-2012,15372.1731
4833,North West,1,7,Delhi  & NCR,09-01-2012,15325.58706
4834,South,9,7,Delhi  & NCR,09-01-2012,15283.44559
4835,South West,8,7,Delhi  & NCR,09-01-2012,15366.83102
4836,West,7,7,Delhi  & NCR,09-01-2012,15406.15557
4837,Ajmer,21,8,Rajasthan,09-01-2012,15306.6851
4838,Banswara,28,8,Rajasthan,09-01-2012,15174.46576
4839,Barmer,17,8,Rajasthan,09-01-2012,15569.28371
4840,Bhilwara,24,8,Rajasthan,09-01-2012,15267.65848
4841,Bikaner,3,8,Rajasthan,09-01-2012,15798.80682
4842,Bharatpur,7,8,Rajasthan,09-01-2012,15418.61751
4843,Bundi,23,8,Rajasthan,09-01-2012,15318.9467
4844,Chittaurgarh,29,8,Rajasthan,09-01-2012,15193.53705
4845,Churu,4,8,Rajasthan,09-01-2012,15610.29311
4846,Dausa,11,8,Rajasthan,09-01-2012,15371.17223
4847,Dhaulpur,8,8,Rajasthan,09-01-2012,15343.70463
4848,Dungarpur,27,8,Rajasthan,09-01-2012,15179.52256
4849,Karauli,9,8,Rajasthan,09-01-2012,15312.83313
4850,Sirohi,19,8,Rajasthan,09-01-2012,15238.67586
4851,Tonk,22,8,Rajasthan,09-01-2012,15473.16604
4852,Sikar,13,8,Rajasthan,09-01-2012,15410.82293
4853,Alwar,6,8,Rajasthan,09-01-2012,15327.22241
4854,Udaipur,26,8,Rajasthan,09-01-2012,15127.11662
4855,Ganganagar,1,8,Rajasthan,09-01-2012,15511.67704
4856,Hanumangarh,2,8,Rajasthan,09-01-2012,15440.71822
4857,Baran,31,8,Rajasthan,09-01-2012,15262.89659
4858,Jaipur,12,8,Rajasthan,09-01-2012,15413.87535
4859,Jaisalmer,16,8,Rajasthan,09-01-2012,15845.3852
4860,Jalor,18,8,Rajasthan,09-01-2012,15416.1324
4861,Jhalawar,32,8,Rajasthan,09-01-2012,15282.95628
4862,Jhunjhunun,5,8,Rajasthan,09-01-2012,15411.02225
4863,Jodhpur,15,8,Rajasthan,09-01-2012,15561.79902
4864,Kota,30,8,Rajasthan,09-01-2012,15282.89457
4865,Nagaur,14,8,Rajasthan,09-01-2012,15546.25464
4866,Pali,20,8,Rajasthan,09-01-2012,15289.91889
4867,Rajsamand,25,8,Rajasthan,09-01-2012,15159.24691
4868,Sawai Madhopur,10,8,Rajasthan,09-01-2012,15404.62308
4869,Hathras,13,9,Uttar Pradesh,09-01-2012,15331.28141
4870,Auraiya,32,9,Uttar Pradesh,09-01-2012,15223.96208
4871,Azamgarh,61,9,Uttar Pradesh,09-01-2012,15157.11978
4872,Budaun,19,9,Uttar Pradesh,09-01-2012,15227.86473
4873,Agra,15,9,Uttar Pradesh,09-01-2012,15319.60674
4874,Aligarh,12,9,Uttar Pradesh,09-01-2012,15246.3077
4875,Allahabad,45,9,Uttar Pradesh,09-01-2012,15163.61338
4876,Ambedkar Nagar,48,9,Uttar Pradesh,09-01-2012,15137.76407
4877,Bareilly,20,9,Uttar Pradesh,09-01-2012,15144.84142
4878,Bijnor,3,9,Uttar Pradesh,09-01-2012,15167.03752
4879,Basti,55,9,Uttar Pradesh,09-01-2012,15138.39458
4880,Baghpat,8,9,Uttar Pradesh,09-01-2012,15203.2358
4881,Bahraich,50,9,Uttar Pradesh,09-01-2012,15117.17486
4882,Ballia,63,9,Uttar Pradesh,09-01-2012,15163.67727
4883,Balrampur,52,9,Uttar Pradesh,09-01-2012,15131.93169
4884,Banda,40,9,Uttar Pradesh,09-01-2012,15237.54039
4885,Barabanki,46,9,Uttar Pradesh,09-01-2012,15132.07536
4886,Chitrakoot,41,9,Uttar Pradesh,09-01-2012,15213.64115
4887,Chandauli,66,9,Uttar Pradesh,09-01-2012,15119.54747
4888,Deoria,60,9,Uttar Pradesh,09-01-2012,15135.8544
4889,Etah,17,9,Uttar Pradesh,09-01-2012,15261.72625
4890,Kanpur Dehat,33,9,Uttar Pradesh,09-01-2012,15251.32228
4891,Etawah,31,9,Uttar Pradesh,09-01-2012,15228.42091
4892,Faizabad,47,9,Uttar Pradesh,09-01-2012,15150.24561
4893,Ghazipur,65,9,Uttar Pradesh,09-01-2012,15174.31683
4894,Gonda,53,9,Uttar Pradesh,09-01-2012,15145.49656
4895,Gorakhpur,58,9,Uttar Pradesh,09-01-2012,15136.9482
4896,Farrukhabad,29,9,Uttar Pradesh,09-01-2012,15291.13439
4897,Fatehpur,42,9,Uttar Pradesh,09-01-2012,15212.12822
4898,Firozabad,16,9,Uttar Pradesh,09-01-2012,15288.94551
4899,Hamirpur,38,9,Uttar Pradesh,09-01-2012,15314.87561
4900,Hardoi,25,9,Uttar Pradesh,09-01-2012,15166.18794
4901,Shrawasti,51,9,Uttar Pradesh,09-01-2012,15124.06676
4902,Saharanpur,1,9,Uttar Pradesh,09-01-2012,15142.88396
4903,Sitapur,24,9,Uttar Pradesh,09-01-2012,15157.92779
4904,Sultanpur,49,9,Uttar Pradesh,09-01-2012,15163.21203
4905,Sonbhadra,70,9,Uttar Pradesh,09-01-2012,15136.53638
4906,Siddharthnagar,54,9,Uttar Pradesh,09-01-2012,15105.33468
4907,Unnao,26,9,Uttar Pradesh,09-01-2012,15191.89261
4908,Varanasi,67,9,Uttar Pradesh,09-01-2012,15191.57728
4909,Bulandshahr,11,9,Uttar Pradesh,09-01-2012,15212.46807
4910,Gautam Buddha Nagar,10,9,Uttar Pradesh,09-01-2012,15224.32635
4911,Ghaziabad,9,9,Uttar Pradesh,09-01-2012,15221.50931
4912,Jalaun,35,9,Uttar Pradesh,09-01-2012,15323.2058
4913,Jaunpur,64,9,Uttar Pradesh,09-01-2012,15186.57541
4914,Jhansi,36,9,Uttar Pradesh,09-01-2012,15314.76386
4915,Jyotiba Phule Nagar,6,9,Uttar Pradesh,09-01-2012,15197.63527
4916,Kannauj,30,9,Uttar Pradesh,09-01-2012,15294.06141
4917,Kanpur Nagar,34,9,Uttar Pradesh,09-01-2012,15277.69183
4918,Kaushambi,44,9,Uttar Pradesh,09-01-2012,15197.02129
4919,Kheri,23,9,Uttar Pradesh,09-01-2012,15131.49389
4920,Mirzapur,69,9,Uttar Pradesh,09-01-2012,15159.57069
4921,Moradabad,4,9,Uttar Pradesh,09-01-2012,15182.7765
4922,Muzaffarnagar,2,9,Uttar Pradesh,09-01-2012,15158.73027
4923,Rae Bareli,28,9,Uttar Pradesh,09-01-2012,15156.08927
4924,Kushinagar,59,9,Uttar Pradesh,09-01-2012,15123.86657
4925,Lucknow,27,9,Uttar Pradesh,09-01-2012,15180.72741
4926,Lalitpur,37,9,Uttar Pradesh,09-01-2012,15238.31388
4927,Mahrajganj,57,9,Uttar Pradesh,09-01-2012,15103.97151
4928,Mahoba,39,9,Uttar Pradesh,09-01-2012,15270.25055
4929,Mainpuri,18,9,Uttar Pradesh,09-01-2012,15265.18279
4930,Mathura,14,9,Uttar Pradesh,09-01-2012,15280.3694
4931,Mau,62,9,Uttar Pradesh,09-01-2012,15143.53514
4932,Meerut,7,9,Uttar Pradesh,09-01-2012,15195.7034
4933,Pilibhit,21,9,Uttar Pradesh,09-01-2012,15106.55612
4934,Pratapgarh,43,9,Uttar Pradesh,09-01-2012,15163.43057
4935,Rampur,5,9,Uttar Pradesh,09-01-2012,15135.20716
4936,Sant Ravidas Nagar Bhadohi,68,9,Uttar Pradesh,09-01-2012,15136.34061
4937,Sant Kabir Nagar,56,9,Uttar Pradesh,09-01-2012,15119.5664
4938,Shahjahanpur,22,9,Uttar Pradesh,09-01-2012,15140.54451
4939,Araria,7,10,Bihar,09-01-2012,15165.89769
4940,Aurangabad,34,10,Bihar,09-01-2012,15128.3006
4941,Banka,23,10,Bihar,09-01-2012,15172.25827
4942,Bhagalpur,22,10,Bihar,09-01-2012,15139.54405
4943,Begusarai,20,10,Bihar,09-01-2012,15178.7597
4944,Saran,17,10,Bihar,09-01-2012,15139.60625
4945,Katihar,10,10,Bihar,09-01-2012,15140.04617
4946,Darbhanga,13,10,Bihar,09-01-2012,15168.1507
4947,Gopalganj,15,10,Bihar,09-01-2012,15119.74649
4948,Sheikhpura,26,10,Bihar,09-01-2012,15148.31892
4949,Sheohar,3,10,Bihar,09-01-2012,15141.24947
4950,Saharsa,12,10,Bihar,09-01-2012,15132.71635
4951,Sitamarhi,4,10,Bihar,09-01-2012,15160.13025
4952,Siwan,16,10,Bihar,09-01-2012,15129.10214
4953,Supaul,6,10,Bihar,09-01-2012,15158.36264
4954,Vaishali,18,10,Bihar,09-01-2012,15134.82684
4955,Kaimur (Bhabua),31,10,Bihar,09-01-2012,15110.00714
4956,Gaya,35,10,Bihar,09-01-2012,15180.47483
4957,Bhojpur,29,10,Bihar,09-01-2012,15142.86067
4958,Buxar,30,10,Bihar,09-01-2012,15137.68179
4959,Jehanabad,33,10,Bihar,09-01-2012,15130.39156
4960,Rohtas,32,10,Bihar,09-01-2012,15092.89841
4961,Jamui,37,10,Bihar,09-01-2012,15200.85171
4962,Kishanganj,8,10,Bihar,09-01-2012,15165.05634
4963,Muzaffarpur,14,10,Bihar,09-01-2012,15151.70358
4964,Purnia,9,10,Bihar,09-01-2012,15156.47948
4965,Khagaria,21,10,Bihar,09-01-2012,15143.22733
4966,Madhubani,5,10,Bihar,09-01-2012,15207.18707
4967,Lakhisarai,25,10,Bihar,09-01-2012,15191.32955
4968,Madhepura,11,10,Bihar,09-01-2012,15156.04552
4969,Purba Champaran,2,10,Bihar,09-01-2012,15127.26713
4970,Munger,24,10,Bihar,09-01-2012,15124.14568
4971,Nalanda,27,10,Bihar,09-01-2012,15132.6952
4972,Nawada,36,10,Bihar,09-01-2012,15148.14983
4973,Pashchim Champaran,1,10,Bihar,09-01-2012,15133.98652
4974,Patna,28,10,Bihar,09-01-2012,15145.16056
4975,Samastipur,19,10,Bihar,09-01-2012,15192.73634
4976,East,4,11,Sikkim,09-01-2012,14624.56696
4977,South,3,11,Sikkim,09-01-2012,14717.18553
4978,West,2,11,Sikkim,09-01-2012,14434.1969
4979,North,1,11,Sikkim,09-01-2012,14153.30995
4980,Changlang,12,12,Arunanchal Pradesh,09-01-2012,14934.09855
4981,Dibang Valley,10,12,Arunanchal Pradesh,09-01-2012,14498.68746
4982,East Kameng,3,12,Arunanchal Pradesh,09-01-2012,14695.8965
4983,East Siang,8,12,Arunanchal Pradesh,09-01-2012,15008.17265
4984,Tawang,1,12,Arunanchal Pradesh,09-01-2012,14302.95219
4985,Tirap,13,12,Arunanchal Pradesh,09-01-2012,14981.45449
4986,West Kameng,2,12,Arunanchal Pradesh,09-01-2012,14639.41455
4987,West Siang,7,12,Arunanchal Pradesh,09-01-2012,14712.64015
4988,Upper Siang,9,12,Arunanchal Pradesh,09-01-2012,14567.75849
4989,Upper Subansiri,6,12,Arunanchal Pradesh,09-01-2012,14496.685
4990,Lohit,11,12,Arunanchal Pradesh,09-01-2012,14658.19624
4991,Lower Subansiri,5,12,Arunanchal Pradesh,09-01-2012,14574.23559
4992,Papum Pare,4,12,Arunanchal Pradesh,09-01-2012,14878.74407
4993,Tuensang,2,13,Nagaland,09-01-2012,14859.77457
4994,Wokha,5,13,Nagaland,09-01-2012,15051.81457
4995,Zunheboto,4,13,Nagaland,09-01-2012,14894.74847
4996,Dimapur,6,13,Nagaland,09-01-2012,15076.91958
4997,Kohima,7,13,Nagaland,09-01-2012,14973.05248
4998,Mokokchung,3,13,Nagaland,09-01-2012,15028.4545
4999,Mon,1,13,Nagaland,09-01-2012,14973.36044
5000,Phek,8,13,Nagaland,09-01-2012,14846.04449
5001,Bishnupur,4,14,Manipur,09-01-2012,14975.56358
5002,Chandel,9,14,Manipur,09-01-2012,14926.53513
5003,Churachandpur,3,14,Manipur,09-01-2012,14950.697
5004,Tamenglong,2,14,Manipur,09-01-2012,14994.02442
5005,Thoubal,5,14,Manipur,09-01-2012,15032.9402
5006,Ukhrul,8,14,Manipur,09-01-2012,14905.03249
5007,Imphal East,7,14,Manipur,09-01-2012,15043.67471
5008,Imphal West,6,14,Manipur,09-01-2012,15079.58716
5009,Senapati (Excl. 3 sub-divisions),1,14,Manipur,09-01-2012,14880.65383
5010,Aizawl,3,15,Mizoram,09-01-2012,14977.35433
5011,Champhai,4,15,Mizoram,09-01-2012,14910.02418
5012,Kolasib,2,15,Mizoram,09-01-2012,15036.22339
5013,Mamit,1,15,Mizoram,09-01-2012,15002.80949
5014,Lunglei,6,15,Mizoram,09-01-2012,15007.51022
5015,Lawngtlai,7,15,Mizoram,09-01-2012,15015.1102
5016,Saiha,8,15,Mizoram,09-01-2012,14924.33309
5017,Serchhip,5,15,Mizoram,09-01-2012,14959.04604
5018,Dhalai,3,16,Tripura,09-01-2012,15059.66847
5019,South Tripura,2,16,Tripura,09-01-2012,15090.99299
5020,West Tripura,1,16,Tripura,09-01-2012,15142.20057
5021,North Tripura,4,16,Tripura,09-01-2012,15138.34346
5022,East Garo Hills,2,17,Meghalaya,09-01-2012,15090.79707
5023,East Khasi Hills,6,17,Meghalaya,09-01-2012,15038.27636
5024,Ri Bhoi,5,17,Meghalaya,09-01-2012,15053.16432
5025,South Garo Hills,3,17,Meghalaya,09-01-2012,15159.80395
5026,West Garo Hills,1,17,Meghalaya,09-01-2012,15161.93829
5027,West Khasi Hills,4,17,Meghalaya,09-01-2012,15029.32405
5028,Jaintia Hills,7,17,Meghalaya,09-01-2012,15058.60688
5029,Barpeta,5,18,Assam,09-01-2012,15093.37169
5030,Bongaigaon,4,18,Assam,09-01-2012,15144.92714
5031,Cachar,21,18,Assam,09-01-2012,15156.56488
5032,Darrang,8,18,Assam,09-01-2012,15128.87059
5033,Dhemaji,13,18,Assam,09-01-2012,15144.46388
5034,Dhubri,2,18,Assam,09-01-2012,15075.08757
5035,Dibrugarh,15,18,Assam,09-01-2012,15100.512
5036,Kamrup,6,18,Assam,09-01-2012,15110.32923
5037,Karbi Anglong,19,18,Assam,09-01-2012,15060.36509
5038,Goalpara,3,18,Assam,09-01-2012,15090.68009
5039,Golaghat,18,18,Assam,09-01-2012,15113.31005
5040,Hailakandi,23,18,Assam,09-01-2012,15162.29351
5041,Sonitpur,11,18,Assam,09-01-2012,15140.05937
5042,Sibsagar,16,18,Assam,09-01-2012,15154.86564
5043,Tinsukia,14,18,Assam,09-01-2012,15181.70302
5044,Jorhat,17,18,Assam,09-01-2012,15123.66089
5045,Karimganj,22,18,Assam,09-01-2012,15205.31022
5046,Kokrajhar,1,18,Assam,09-01-2012,15164.84902
5047,Lakhimpur,12,18,Assam,09-01-2012,15106.98347
5048,Nagaon,10,18,Assam,09-01-2012,15144.55778
5049,Marigaon,9,18,Assam,09-01-2012,15131.73135
5050,Nalbari,7,18,Assam,09-01-2012,15138.28628
5051,North Cachar Hills,20,18,Assam,09-01-2012,15022.33452
5052,Hugli,12,19,West Bengal,09-01-2012,15117.6646
5053,Barddhaman,9,19,West Bengal,09-01-2012,15134.50548
5054,Birbhum,8,19,West Bengal,09-01-2012,15144.36143
5055,Bankura,13,19,West Bengal,09-01-2012,15131.36559
5056,Dakshin Dinajpur,5,19,West Bengal,09-01-2012,15109.27011
5057,Darjiling,1,19,West Bengal,09-01-2012,14996.66372
5058,Haora,16,19,West Bengal,09-01-2012,15152.89263
5059,South  Twenty Four Parganas,18,19,West Bengal,09-01-2012,15118.34164
5060,Uttar Dinajpur,4,19,West Bengal,09-01-2012,15137.70035
5061,Jalpaiguri,2,19,West Bengal,09-01-2012,15143.88797
5062,Koch Bihar,3,19,West Bengal,09-01-2012,15139.99489
5063,Murshidabad,7,19,West Bengal,09-01-2012,15203.95247
5064,Puruliya,14,19,West Bengal,09-01-2012,15110.61403
5065,Kolkata,17,19,West Bengal,09-01-2012,15366.26788
5066,Maldah,6,19,West Bengal,09-01-2012,15137.55133
5067,Nadia,10,19,West Bengal,09-01-2012,15238.63396
5068,North Twenty Four Parganas,11,19,West Bengal,09-01-2012,15131.44212
5069,Medinipur,15,19,West Bengal,09-01-2012,15136.987
5070,Bokaro,13,20,Jharkhand,09-01-2012,15131.42868
5071,Deoghar,7,20,Jharkhand,09-01-2012,15212.4444
5072,Dhanbad,12,20,Jharkhand,09-01-2012,15166.35154
5073,Dumka,11,20,Jharkhand,09-01-2012,15186.4955
5074,Giridih,6,20,Jharkhand,09-01-2012,15200.40813
5075,Godda,8,20,Jharkhand,09-01-2012,15168.12531
5076,Gumla,16,20,Jharkhand,09-01-2012,15108.22075
5077,Ranchi,14,20,Jharkhand,09-01-2012,15081.38378
5078,Sahibganj,9,20,Jharkhand,09-01-2012,15126.56284
5079,Garhwa,1,20,Jharkhand,09-01-2012,15128.88121
5080,Palamu,2,20,Jharkhand,09-01-2012,15120.96018
5081,Chatra,3,20,Jharkhand,09-01-2012,15134.8591
5082,Hazaribagh,4,20,Jharkhand,09-01-2012,15122.97741
5083,Kodarma,5,20,Jharkhand,09-01-2012,15151.35511
5084,Purbi Singhbhum,18,20,Jharkhand,09-01-2012,15135.09605
5085,Lohardaga,15,20,Jharkhand,09-01-2012,15059.29213
5086,Pakaur,10,20,Jharkhand,09-01-2012,15158.58739
5087,Pashchimi Singhbhum,17,20,Jharkhand,09-01-2012,15109.63031
5088,Anugul,15,21,Orissa,09-01-2012,15132.76314
5089,Bhadrak,9,21,Orissa,09-01-2012,15147.78119
5090,Baudh,22,21,Orissa,09-01-2012,15102.13698
5091,Balangir,24,21,Orissa,09-01-2012,15119.32665
5092,Baleshwar,8,21,Orissa,09-01-2012,15137.97515
5093,Bargarh,1,21,Orissa,09-01-2012,15099.88991
5094,Kendrapara,10,21,Orissa,09-01-2012,15124.86178
5095,Kendujhar,6,21,Orissa,09-01-2012,15123.02362
5096,Debagarh,4,21,Orissa,09-01-2012,15121.18926
5097,Cuttack,12,21,Orissa,09-01-2012,15151.74168
5098,Dhenkanal,14,21,Orissa,09-01-2012,15168.48129
5099,Kalahandi,26,21,Orissa,09-01-2012,15071.04438
5100,Ganjam,19,21,Orissa,09-01-2012,15126.52911
5101,Gajapati,20,21,Orissa,09-01-2012,15024.86421
5102,Rayagada,27,21,Orissa,09-01-2012,15067.53223
5103,Sundargarh,5,21,Orissa,09-01-2012,15114.23703
5104,Sonapur,23,21,Orissa,09-01-2012,15127.24645
5105,Jajapur,13,21,Orissa,09-01-2012,15187.54138
5106,Jagatsinghapur,11,21,Orissa,09-01-2012,15142.59453
5107,Jharsuguda,2,21,Orissa,09-01-2012,15118.46499
5108,Khordha,17,21,Orissa,09-01-2012,15152.52872
5109,Mayurbhanj,7,21,Orissa,09-01-2012,15106.71314
5110,Puri,18,21,Orissa,09-01-2012,15160.20586
5111,Koraput,29,21,Orissa,09-01-2012,15057.31474
5112,Malkangiri,30,21,Orissa,09-01-2012,15153.40217
5113,Nabarangapur,28,21,Orissa,09-01-2012,15024.94955
5114,Nayagarh,16,21,Orissa,09-01-2012,15104.75611
5115,Nuapada,25,21,Orissa,09-01-2012,15060.80058
5116,Kandhamal,21,21,Orissa,09-01-2012,14991.27127
5117,Sambalpur,3,21,Orissa,09-01-2012,15098.02902
5118,Bastar,15,22,Chhattisgarh,09-01-2012,15035.83698
5119,Dantewada,16,22,Chhattisgarh,09-01-2012,15102.79166
5120,Dhamtari,13,22,Chhattisgarh,09-01-2012,15046.2617
5121,Durg,10,22,Chhattisgarh,09-01-2012,15117.35625
5122,Kanker,14,22,Chhattisgarh,09-01-2012,15074.32718
5123,Surguja,2,22,Chhattisgarh,09-01-2012,15083.69966
5124,Bilaspur,7,22,Chhattisgarh,09-01-2012,15075.97173
5125,Janjgir - Champa,6,22,Chhattisgarh,09-01-2012,15072.49455
5126,Korba,5,22,Chhattisgarh,09-01-2012,15086.81672
5127,Kawardha,8,22,Chhattisgarh,09-01-2012,15102.87944
5128,Jashpur,3,22,Chhattisgarh,09-01-2012,15090.88166
5129,Koriya,1,22,Chhattisgarh,09-01-2012,15080.29996
5130,Mahasamund,12,22,Chhattisgarh,09-01-2012,15081.20096
5131,Raigarh,4,22,Chhattisgarh,09-01-2012,15099.85523
5132,Raipur,11,22,Chhattisgarh,09-01-2012,15076.93093
5133,Rajnandgaon,9,22,Chhattisgarh,09-01-2012,15115.25523
5134,Hoshangabad,37,23,Madhya Pradesh,09-01-2012,15219.50669
5135,Indore,26,23,Madhya Pradesh,09-01-2012,15213.06038
5136,Bhind,3,23,Madhya Pradesh,09-01-2012,15378.3278
5137,Bhopal,32,23,Madhya Pradesh,09-01-2012,15229.5447
5138,Barwani,28,23,Madhya Pradesh,09-01-2012,15249.31362
5139,Betul,35,23,Madhya Pradesh,09-01-2012,15126.44269
5140,Balaghat,45,23,Madhya Pradesh,09-01-2012,15072.4797
5141,Chhatarpur,9,23,Madhya Pradesh,09-01-2012,15204.39453
5142,Chhindwara,43,23,Madhya Pradesh,09-01-2012,15159.20012
5143,Dewas,23,23,Madhya Pradesh,09-01-2012,15229.04176
5144,Katni,38,23,Madhya Pradesh,09-01-2012,15142.45305
5145,Datia,5,23,Madhya Pradesh,09-01-2012,15326.79341
5146,Damoh,12,23,Madhya Pradesh,09-01-2012,15206.77525
5147,Dhar,25,23,Madhya Pradesh,09-01-2012,15180.74634
5148,East Nimar,29,23,Madhya Pradesh,09-01-2012,15210.23767
5149,Guna,7,23,Madhya Pradesh,09-01-2012,15224.40726
5150,Gwalior,4,23,Madhya Pradesh,09-01-2012,15284.17189
5151,Harda,36,23,Madhya Pradesh,09-01-2012,15237.22594
5152,Shajapur,22,23,Madhya Pradesh,09-01-2012,15276.79432
5153,Shivpuri,6,23,Madhya Pradesh,09-01-2012,15193.51871
5154,Ratlam,20,23,Madhya Pradesh,09-01-2012,15277.57283
5155,Rewa,14,23,Madhya Pradesh,09-01-2012,15171.3193
5156,Sagar,11,23,Madhya Pradesh,09-01-2012,15224.41973
5157,Sidhi,17,23,Madhya Pradesh,09-01-2012,15141.14933
5158,Ujjain,21,23,Madhya Pradesh,09-01-2012,15263.2268
5159,Vidisha,31,23,Madhya Pradesh,09-01-2012,15249.85462
5160,West Nimar,27,23,Madhya Pradesh,09-01-2012,15272.73637
5161,Morena,2,23,Madhya Pradesh,09-01-2012,15313.0667
5162,Sheopur,1,23,Madhya Pradesh,09-01-2012,15224.29884
5163,Dindori,41,23,Madhya Pradesh,09-01-2012,15108.54524
5164,Mandla,42,23,Madhya Pradesh,09-01-2012,15132.36663
5165,Shahdol,16,23,Madhya Pradesh,09-01-2012,15142.8006
5166,Umaria,15,23,Madhya Pradesh,09-01-2012,15152.58281
5167,Jabalpur,39,23,Madhya Pradesh,09-01-2012,15175.14231
5168,Jhabua,24,23,Madhya Pradesh,09-01-2012,15169.84411
5169,Mandsaur,19,23,Madhya Pradesh,09-01-2012,15240.34471
5170,Tikamgarh,8,23,Madhya Pradesh,09-01-2012,15223.19676
5171,Narsimhapur,40,23,Madhya Pradesh,09-01-2012,15246.62039
5172,Neemuch,18,23,Madhya Pradesh,09-01-2012,15227.08494
5173,Panna,10,23,Madhya Pradesh,09-01-2012,15164.30998
5174,Raisen,34,23,Madhya Pradesh,09-01-2012,15195.44151
5175,Rajgarh,30,23,Madhya Pradesh,09-01-2012,15271.2721
5176,Satna,13,23,Madhya Pradesh,09-01-2012,15159.23268
5177,Sehore,33,23,Madhya Pradesh,09-01-2012,15230.11078
5178,Seoni,44,23,Madhya Pradesh,09-01-2012,15171.14836
5179,Anand,15,24,Gujarat,09-01-2012,15221.30718
5180,Ahmadabad,7,24,Gujarat,09-01-2012,15327.4599
5181,Amreli,13,24,Gujarat,09-01-2012,15459.30489
5182,Bhavnagar,14,24,Gujarat,09-01-2012,15409.807
5183,Banas Kantha,2,24,Gujarat,09-01-2012,15352.84063
5184,Dohad,18,24,Gujarat,09-01-2012,15160.42223
5185,Junagadh,12,24,Gujarat,09-01-2012,15336.9126
5186,Kachchh,1,24,Gujarat,09-01-2012,15423.77712
5187,Gandhinagar,6,24,Gujarat,09-01-2012,15286.05274
5188,Sabar Kantha,5,24,Gujarat,09-01-2012,15267.84064
5189,Surendranagar,8,24,Gujarat,09-01-2012,15415.28502
5190,The Dangs,23,24,Gujarat,09-01-2012,15009.97665
5191,Vadodara,19,24,Gujarat,09-01-2012,15247.16479
5192,Valsad,25,24,Gujarat,09-01-2012,15084.2562
5193,Bharuch,21,24,Gujarat,09-01-2012,15317.74013
5194,Surat,22,24,Gujarat,09-01-2012,15156.05997
5195,Jamnagar,10,24,Gujarat,09-01-2012,15416.67661
5196,Kheda,16,24,Gujarat,09-01-2012,15293.03408
5197,Mahesana,4,24,Gujarat,09-01-2012,15305.33544
5198,Narmada,20,24,Gujarat,09-01-2012,15142.13635
5199,Navsari,24,24,Gujarat,09-01-2012,15100.09233
5200,Panch Mahals,17,24,Gujarat,09-01-2012,15222.36187
5201,Patan,3,24,Gujarat,09-01-2012,15400.44338
5202,Porbandar,11,24,Gujarat,09-01-2012,15361.19446
5203,Rajkot,9,24,Gujarat,09-01-2012,15462.24588
5204,Daman,2,25,Daman & Diu,09-01-2012,15096.47735
5205,Diu,1,25,Daman & Diu,09-01-2012,15185.28634
5206,Hingoli,16,27,Maharashtra,09-01-2012,15152.52774
5207,Aurangabad,19,27,Maharashtra,09-01-2012,15262.20932
5208,Ahmadnagar,26,27,Maharashtra,09-01-2012,15365.08435
5209,Akola,5,27,Maharashtra,09-01-2012,15225.05554
5210,Amravati,7,27,Maharashtra,09-01-2012,15178.28996
5211,Bid,27,27,Maharashtra,09-01-2012,15330.29876
5212,Bhandara,10,27,Maharashtra,09-01-2012,15113.37215
5213,Buldana,4,27,Maharashtra,09-01-2012,15218.18582
5214,Chandrapur,13,27,Maharashtra,09-01-2012,15153.75938
5215,Dhule,2,27,Maharashtra,09-01-2012,15334.65312
5216,Gadchiroli,12,27,Maharashtra,09-01-2012,15121.95092
5217,Gondiya,11,27,Maharashtra,09-01-2012,15106.79719
5218,Ratnagiri,32,27,Maharashtra,09-01-2012,15065.04953
5219,Raigarh,24,27,Maharashtra,09-01-2012,15064.68856
5220,Thane,21,27,Maharashtra,09-01-2012,15093.83919
5221,Solapur,30,27,Maharashtra,09-01-2012,15491.86305
5222,Sindhudurg,33,27,Maharashtra,09-01-2012,15078.03465
5223,Wardha,8,27,Maharashtra,09-01-2012,15210.49142
5224,Washim,6,27,Maharashtra,09-01-2012,15167.28227
5225,Yavatmal,14,27,Maharashtra,09-01-2012,15165.73978
5226,Jalgaon,3,27,Maharashtra,09-01-2012,15255.77948
5227,Jalna,18,27,Maharashtra,09-01-2012,15340.13524
5228,Kolhapur,34,27,Maharashtra,09-01-2012,15044.83367
5229,Latur,28,27,Maharashtra,09-01-2012,15176.26538
5230,Pune,25,27,Maharashtra,09-01-2012,15275.61599
5231,Nagpur,9,27,Maharashtra,09-01-2012,15190.52236
5232,Mumbai,23,27,Maharashtra,09-01-2012,15201.97779
5233,Mumbai (Suburban),22,27,Maharashtra,09-01-2012,15212.13962
5234,Nanded,15,27,Maharashtra,09-01-2012,15177.52436
5235,Nandurbar,1,27,Maharashtra,09-01-2012,15174.90657
5236,Nashik,20,27,Maharashtra,09-01-2012,15190.68305
5237,Osmanabad,29,27,Maharashtra,09-01-2012,15295.98924
5238,Parbhani,17,27,Maharashtra,09-01-2012,15206.93944
5239,Sangli,35,27,Maharashtra,09-01-2012,15500.28999
5240,Satara,31,27,Maharashtra,09-01-2012,15296.44522
5241,Hyderabad,5,28,Andhra Pradesh,09-01-2012,15273.39914
5242,Anantapur,22,28,Andhra Pradesh,09-01-2012,15530.80248
5243,Adilabad,1,28,Andhra Pradesh,09-01-2012,15152.95965
5244,Chittoor,23,28,Andhra Pradesh,09-01-2012,15359.21611
5245,Cuddapah,20,28,Andhra Pradesh,09-01-2012,15537.74868
5246,East Godavari,14,28,Andhra Pradesh,09-01-2012,15117.71509
5247,Karimnagar,3,28,Andhra Pradesh,09-01-2012,15148.44091
5248,Guntur,17,28,Andhra Pradesh,09-01-2012,15408.15007
5249,Rangareddi,6,28,Andhra Pradesh,09-01-2012,15196.28056
5250,Srikakulam,11,28,Andhra Pradesh,09-01-2012,15162.81034
5251,West Godavari,15,28,Andhra Pradesh,09-01-2012,15165.30165
5252,Visakhapatnam,13,28,Andhra Pradesh,09-01-2012,15115.00844
5253,Vizianagaram,12,28,Andhra Pradesh,09-01-2012,15197.15819
5254,Warangal,9,28,Andhra Pradesh,09-01-2012,15188.2734
5255,Khammam,10,28,Andhra Pradesh,09-01-2012,15175.12079
5256,Medak,4,28,Andhra Pradesh,09-01-2012,15153.63954
5257,Krishna,16,28,Andhra Pradesh,09-01-2012,15180.09957
5258,Kurnool,21,28,Andhra Pradesh,09-01-2012,15460.09388
5259,Mahbubnagar,7,28,Andhra Pradesh,09-01-2012,15388.09082
5260,Nalgonda,8,28,Andhra Pradesh,09-01-2012,15328.01608
5261,Nellore,19,28,Andhra Pradesh,09-01-2012,15559.13752
5262,Nizamabad,2,28,Andhra Pradesh,09-01-2012,15091.82525
5263,Prakasam,18,28,Andhra Pradesh,09-01-2012,15507.56307
5264,Hassan,23,29,Karnataka,09-01-2012,15211.95603
5265,Haveri,11,29,Karnataka,09-01-2012,15257.63718
5266,Bagalkot,2,29,Karnataka,09-01-2012,15422.35049
5267,Bangalore,20,29,Karnataka,09-01-2012,15363.09575
5268,Bidar,5,29,Karnataka,09-01-2012,15244.4734
5269,Bijapur,3,29,Karnataka,09-01-2012,15553.63151
5270,Belgaum,1,29,Karnataka,09-01-2012,15301.19389
5271,Bellary,12,29,Karnataka,09-01-2012,15396.63262
5272,Bangalore Rural,21,29,Karnataka,09-01-2012,15374.62903
5273,Chamarajanagar,27,29,Karnataka,09-01-2012,15360.18135
5274,Chikmagalur,17,29,Karnataka,09-01-2012,15056.99549
5275,Chitradurga,13,29,Karnataka,09-01-2012,15406.04312
5276,Dakshina Kannada,24,29,Karnataka,09-01-2012,15040.2826
5277,Davanagere,14,29,Karnataka,09-01-2012,15161.4817
5278,Dharwad,9,29,Karnataka,09-01-2012,15468.21654
5279,Gulbarga,4,29,Karnataka,09-01-2012,15373.79323
5280,Gadag,8,29,Karnataka,09-01-2012,15644.3689
5281,Shimoga,15,29,Karnataka,09-01-2012,14994.84612
5282,Tumkur,18,29,Karnataka,09-01-2012,15383.55598
5283,Udupi,16,29,Karnataka,09-01-2012,15073.00606
5284,Uttara Kannada,10,29,Karnataka,09-01-2012,14996.59987
5285,Kodagu,25,29,Karnataka,09-01-2012,14907.05575
5286,Kolar,19,29,Karnataka,09-01-2012,15381.65817
5287,Mandya,22,29,Karnataka,09-01-2012,15340.04719
5288,Koppal,7,29,Karnataka,09-01-2012,15471.65322
5289,Mysore,26,29,Karnataka,09-01-2012,15272.49539
5290,Raichur,6,29,Karnataka,09-01-2012,15475.27143
5291,South Goa,2,30,Goa,09-01-2012,15037.84519
5292,North Goa,1,30,Goa,09-01-2012,15032.75111
5293,Idukki,9,32,Kerala,09-01-2012,14945.32662
5294,Alappuzha,11,32,Kerala,09-01-2012,15073.63269
5295,Kasaragod,1,32,Kerala,09-01-2012,15055.94104
5296,Kannur,2,32,Kerala,09-01-2012,15087.24182
5297,Ernakulam,8,32,Kerala,09-01-2012,15071.32875
5298,Thrissur,7,32,Kerala,09-01-2012,15013.10168
5299,Thiruvananthapuram,14,32,Kerala,09-01-2012,15046.46191
5300,Wayanad,3,32,Kerala,09-01-2012,14969.30673
5301,Kollam,13,32,Kerala,09-01-2012,15012.38243
5302,Kottayam,10,32,Kerala,09-01-2012,15075.92471
5303,Kozhikode,4,32,Kerala,09-01-2012,15093.36792
5304,Malappuram,5,32,Kerala,09-01-2012,15064.32182
5305,Palakkad,6,32,Kerala,09-01-2012,15028.37756
5306,Pathanamthitta,12,32,Kerala,09-01-2012,15037.04071
5307,Ariyalur,17,33,Tamil Nadu,09-01-2012,15567.62791
5308,Coimbatore,12,33,Tamil Nadu,09-01-2012,15504.53177
5309,Cuddalore,18,33,Tamil Nadu,09-01-2012,15610.27205
5310,Dharmapuri,5,33,Tamil Nadu,09-01-2012,15419.06415
5311,Dindigul,13,33,Tamil Nadu,09-01-2012,15518.34543
5312,Erode,10,33,Tamil Nadu,09-01-2012,15484.53525
5313,Sivaganga,23,33,Tamil Nadu,09-01-2012,15598.13647
5314,Tiruchirappalli,15,33,Tamil Nadu,09-01-2012,15589.76565
5315,Tirunelveli,29,33,Tamil Nadu,09-01-2012,15743.95408
5316,Tiruvannamalai,6,33,Tamil Nadu,09-01-2012,15362.52718
5317,Thoothukkudi,28,33,Tamil Nadu,09-01-2012,15959.54712
5318,Theni,25,33,Tamil Nadu,09-01-2012,15505.26755
5319,Vellore,4,33,Tamil Nadu,09-01-2012,15349.88167
5320,Viluppuram,7,33,Tamil Nadu,09-01-2012,15476.71408
5321,Virudhunagar,26,33,Tamil Nadu,09-01-2012,15894.06319
5322,Chennai,2,33,Tamil Nadu,09-01-2012,15466.09034
5323,Kancheepuram,3,33,Tamil Nadu,09-01-2012,15398.72208
5324,Thiruvallur,1,33,Tamil Nadu,09-01-2012,15372.87522
5325,Thanjavur,21,33,Tamil Nadu,09-01-2012,15458.57439
5326,Thiruvarur,20,33,Tamil Nadu,09-01-2012,15513.2637
5327,Nagapattinam,19,33,Tamil Nadu,09-01-2012,15512.83016
5328,Kanniyakumari,30,33,Tamil Nadu,09-01-2012,15168.80638
5329,Karur,14,33,Tamil Nadu,09-01-2012,15694.20931
5330,Madurai,24,33,Tamil Nadu,09-01-2012,15647.06118
5331,Namakkal,9,33,Tamil Nadu,09-01-2012,15523.60874
5332,The Nilgiris,11,33,Tamil Nadu,09-01-2012,14933.7426
5333,Perambalur,16,33,Tamil Nadu,09-01-2012,15719.49712
5334,Pudukkottai,22,33,Tamil Nadu,09-01-2012,15473.97732
5335,Ramanathapuram,27,33,Tamil Nadu,09-01-2012,15738.50466
5336,Salem,8,33,Tamil Nadu,09-01-2012,15361.11543
5337,Yanam,1,34,Puducherry,09-01-2012,15133.52417
5338,Karaikal,4,34,Puducherry,09-01-2012,15484.60253
5339,Mahe,3,34,Puducherry,09-01-2012,15111.59923
5340,Pondicherry,2,34,Puducherry,09-01-2012,15484.8008
5341,Nicobars,2,35,Andaman & Nicobar Island,09-01-2012,14998.76971
5342,Andamans,1,35,Andaman & Nicobar Island,09-01-2012,14920.19108
5343,Chandigarh,1,4,Chandigarh,10-01-2012,15198.99601
5344,Dadra & Nagar Haveli,1,26,Dadara & Nagar Havelli,10-01-2012,15212.83309
5345,Lakshadweep,1,31,Lakshadweep,10-01-2012,15047.48767
5346,Data Not Available,99,99,Jammu and Kashmir,10-01-2012,13948.4402
5347,Anantnag,6,1,Jammu and Kashmir,10-01-2012,14347.70163
5348,Badgam,4,1,Jammu and Kashmir,10-01-2012,14475.34219
5349,Baramula,2,1,Jammu and Kashmir,10-01-2012,14364.2363
5350,Doda,9,1,Jammu and Kashmir,10-01-2012,14212.17229
5351,Srinagar,3,1,Jammu and Kashmir,10-01-2012,14302.49492
5352,Udhampur,10,1,Jammu and Kashmir,10-01-2012,14756.79773
5353,Jammu,13,1,Jammu and Kashmir,10-01-2012,15049.62087
5354,Kargil,8,1,Jammu and Kashmir,10-01-2012,14171.48932
5355,Kathua,14,1,Jammu and Kashmir,10-01-2012,14931.60739
5356,Leh (Ladakh),7,1,Jammu and Kashmir,10-01-2012,14036.03807
5357,Kupwara,1,1,Jammu and Kashmir,10-01-2012,14427.74416
5358,Punch,11,1,Jammu and Kashmir,10-01-2012,14698.15598
5359,Pulwama,5,1,Jammu and Kashmir,10-01-2012,14611.77529
5360,Rajauri,12,1,Jammu and Kashmir,10-01-2012,14881.90459
5361,Bilaspur,8,2,Himachal Pradesh,10-01-2012,14904.90187
5362,Chamba,1,2,Himachal Pradesh,10-01-2012,14404.09343
5363,Hamirpur,6,2,Himachal Pradesh,10-01-2012,14929.4321
5364,Shimla,11,2,Himachal Pradesh,10-01-2012,14586.82065
5365,Sirmaur,10,2,Himachal Pradesh,10-01-2012,14881.97472
5366,Solan,9,2,Himachal Pradesh,10-01-2012,14906.61618
5367,Una,7,2,Himachal Pradesh,10-01-2012,15020.83329
5368,Kangra,2,2,Himachal Pradesh,10-01-2012,14759.46316
5369,Kinnaur,12,2,Himachal Pradesh,10-01-2012,14214.16404
5370,Lahul & Spiti,3,2,Himachal Pradesh,10-01-2012,14067.28836
5371,Kullu,4,2,Himachal Pradesh,10-01-2012,14248.60489
5372,Mandi,5,2,Himachal Pradesh,10-01-2012,14744.90036
5373,Hoshiarpur,5,3,Punjab,10-01-2012,15130.82508
5374,Amritsar,2,3,Punjab,10-01-2012,15127.88031
5375,Firozpur,11,3,Punjab,10-01-2012,15157.6565
5376,Bathinda,14,3,Punjab,10-01-2012,15149.24244
5377,Gurdaspur,1,3,Punjab,10-01-2012,15100.75784
5378,Faridkot,13,3,Punjab,10-01-2012,15179.13643
5379,Fatehgarh Sahib,8,3,Punjab,10-01-2012,15135.56097
5380,Rupnagar,7,3,Punjab,10-01-2012,15130.59755
5381,Jalandhar,4,3,Punjab,10-01-2012,15178.51173
5382,Kapurthala,3,3,Punjab,10-01-2012,15166.82557
5383,Ludhiana,9,3,Punjab,10-01-2012,15122.5189
5384,Mansa,15,3,Punjab,10-01-2012,15123.69007
5385,Moga,10,3,Punjab,10-01-2012,15105.35863
5386,Muktsar,12,3,Punjab,10-01-2012,15155.69763
5387,Nawanshahr,6,3,Punjab,10-01-2012,15133.97937
5388,Patiala,17,3,Punjab,10-01-2012,15129.71392
5389,Sangrur,16,3,Punjab,10-01-2012,15088.91203
5390,Hardwar,13,5,Uttarakhand,10-01-2012,15085.4306
5391,Bageshwar,8,5,Uttarakhand,10-01-2012,14584.56166
5392,Almora,9,5,Uttarakhand,10-01-2012,14868.05711
5393,Chamoli,2,5,Uttarakhand,10-01-2012,14248.15212
5394,Champawat,10,5,Uttarakhand,10-01-2012,14832.45695
5395,Dehradun,5,5,Uttarakhand,10-01-2012,14898.62407
5396,Garhwal,6,5,Uttarakhand,10-01-2012,14838.11133
5397,Rudraprayag,3,5,Uttarakhand,10-01-2012,14468.41703
5398,Tehri Garhwal,4,5,Uttarakhand,10-01-2012,14661.65146
5399,Udham Singh Nagar,12,5,Uttarakhand,10-01-2012,15111.54451
5400,Uttarkashi,1,5,Uttarakhand,10-01-2012,14278.63625
5401,Nainital,11,5,Uttarakhand,10-01-2012,14921.06395
5402,Pithoragarh,7,5,Uttarakhand,10-01-2012,14335.35611
5403,Hisar,12,6,Haryana,10-01-2012,15264.14608
5404,Ambala,2,6,Haryana,10-01-2012,15130.56247
5405,Gurgaon,18,6,Haryana,10-01-2012,15411.96783
5406,Faridabad,19,6,Haryana,10-01-2012,15278.85197
5407,Fatehabad,10,6,Haryana,10-01-2012,15151.96209
5408,Rohtak,14,6,Haryana,10-01-2012,15225.35527
5409,Sirsa,11,6,Haryana,10-01-2012,15239.18705
5410,Sonipat,8,6,Haryana,10-01-2012,15174.52641
5411,Yamunanagar,3,6,Haryana,10-01-2012,15083.45032
5412,Jhajjar,15,6,Haryana,10-01-2012,15377.60418
5413,Mahendragarh,16,6,Haryana,10-01-2012,15449.76433
5414,Rewari,17,6,Haryana,10-01-2012,15498.8826
5415,Bhiwani,13,6,Haryana,10-01-2012,15406.90019
5416,Jind,9,6,Haryana,10-01-2012,15132.96788
5417,Kaithal,5,6,Haryana,10-01-2012,15123.01568
5418,Karnal,6,6,Haryana,10-01-2012,15120.89221
5419,Kurukshetra,4,6,Haryana,10-01-2012,15135.05904
5420,Panchkula,1,6,Haryana,10-01-2012,15070.39306
5421,Panipat,7,6,Haryana,10-01-2012,15100.36484
5422,Central,6,7,Delhi  & NCR,10-01-2012,15253.13592
5423,East,4,7,Delhi  & NCR,10-01-2012,15256.31279
5424,New Delhi,5,7,Delhi  & NCR,10-01-2012,15201.66124
5425,North,2,7,Delhi  & NCR,10-01-2012,15252.09314
5426,North East,3,7,Delhi  & NCR,10-01-2012,15280.9201
5427,North West,1,7,Delhi  & NCR,10-01-2012,15303.73886
5428,South,9,7,Delhi  & NCR,10-01-2012,15224.76745
5429,South West,8,7,Delhi  & NCR,10-01-2012,15339.07102
5430,West,7,7,Delhi  & NCR,10-01-2012,15298.72216
5431,Ajmer,21,8,Rajasthan,10-01-2012,15477.69529
5432,Banswara,28,8,Rajasthan,10-01-2012,15393.10659
5433,Barmer,17,8,Rajasthan,10-01-2012,15711.32523
5434,Bhilwara,24,8,Rajasthan,10-01-2012,15415.51423
5435,Bikaner,3,8,Rajasthan,10-01-2012,15786.34285
5436,Bharatpur,7,8,Rajasthan,10-01-2012,15544.27926
5437,Bundi,23,8,Rajasthan,10-01-2012,15482.8805
5438,Chittaurgarh,29,8,Rajasthan,10-01-2012,15396.9657
5439,Churu,4,8,Rajasthan,10-01-2012,15678.70644
5440,Dausa,11,8,Rajasthan,10-01-2012,15504.26094
5441,Dhaulpur,8,8,Rajasthan,10-01-2012,15469.01801
5442,Dungarpur,27,8,Rajasthan,10-01-2012,15326.19948
5443,Karauli,9,8,Rajasthan,10-01-2012,15453.61939
5444,Sirohi,19,8,Rajasthan,10-01-2012,15426.63285
5445,Tonk,22,8,Rajasthan,10-01-2012,15585.88129
5446,Sikar,13,8,Rajasthan,10-01-2012,15495.11656
5447,Alwar,6,8,Rajasthan,10-01-2012,15403.74703
5448,Udaipur,26,8,Rajasthan,10-01-2012,15290.39213
5449,Ganganagar,1,8,Rajasthan,10-01-2012,15489.6999
5450,Hanumangarh,2,8,Rajasthan,10-01-2012,15463.11345
5451,Baran,31,8,Rajasthan,10-01-2012,15506.73653
5452,Jaipur,12,8,Rajasthan,10-01-2012,15521.31813
5453,Jaisalmer,16,8,Rajasthan,10-01-2012,15893.38466
5454,Jalor,18,8,Rajasthan,10-01-2012,15662.78558
5455,Jhalawar,32,8,Rajasthan,10-01-2012,15541.51798
5456,Jhunjhunun,5,8,Rajasthan,10-01-2012,15477.1223
5457,Jodhpur,15,8,Rajasthan,10-01-2012,15696.72564
5458,Kota,30,8,Rajasthan,10-01-2012,15505.37269
5459,Nagaur,14,8,Rajasthan,10-01-2012,15638.82575
5460,Pali,20,8,Rajasthan,10-01-2012,15531.01058
5461,Rajsamand,25,8,Rajasthan,10-01-2012,15297.84421
5462,Sawai Madhopur,10,8,Rajasthan,10-01-2012,15512.10009
5463,Hathras,13,9,Uttar Pradesh,10-01-2012,15385.8748
5464,Auraiya,32,9,Uttar Pradesh,10-01-2012,15272.78408
5465,Azamgarh,61,9,Uttar Pradesh,10-01-2012,15186.52635
5466,Budaun,19,9,Uttar Pradesh,10-01-2012,15245.25205
5467,Agra,15,9,Uttar Pradesh,10-01-2012,15414.39293
5468,Aligarh,12,9,Uttar Pradesh,10-01-2012,15283.15041
5469,Allahabad,45,9,Uttar Pradesh,10-01-2012,15219.25343
5470,Ambedkar Nagar,48,9,Uttar Pradesh,10-01-2012,15151.06522
5471,Bareilly,20,9,Uttar Pradesh,10-01-2012,15181.90167
5472,Bijnor,3,9,Uttar Pradesh,10-01-2012,15111.98067
5473,Basti,55,9,Uttar Pradesh,10-01-2012,15148.62252
5474,Baghpat,8,9,Uttar Pradesh,10-01-2012,15163.02177
5475,Bahraich,50,9,Uttar Pradesh,10-01-2012,15128.40009
5476,Ballia,63,9,Uttar Pradesh,10-01-2012,15200.49114
5477,Balrampur,52,9,Uttar Pradesh,10-01-2012,15149.26614
5478,Banda,40,9,Uttar Pradesh,10-01-2012,15370.26551
5479,Barabanki,46,9,Uttar Pradesh,10-01-2012,15164.33673
5480,Chitrakoot,41,9,Uttar Pradesh,10-01-2012,15346.18245
5481,Chandauli,66,9,Uttar Pradesh,10-01-2012,15134.8337
5482,Deoria,60,9,Uttar Pradesh,10-01-2012,15170.56356
5483,Etah,17,9,Uttar Pradesh,10-01-2012,15309.85947
5484,Kanpur Dehat,33,9,Uttar Pradesh,10-01-2012,15327.95515
5485,Etawah,31,9,Uttar Pradesh,10-01-2012,15261.00554
5486,Faizabad,47,9,Uttar Pradesh,10-01-2012,15179.45027
5487,Ghazipur,65,9,Uttar Pradesh,10-01-2012,15200.94536
5488,Gonda,53,9,Uttar Pradesh,10-01-2012,15149.7515
5489,Gorakhpur,58,9,Uttar Pradesh,10-01-2012,15170.73926
5490,Farrukhabad,29,9,Uttar Pradesh,10-01-2012,15355.23411
5491,Fatehpur,42,9,Uttar Pradesh,10-01-2012,15328.13436
5492,Firozabad,16,9,Uttar Pradesh,10-01-2012,15370.19357
5493,Hamirpur,38,9,Uttar Pradesh,10-01-2012,15468.95182
5494,Hardoi,25,9,Uttar Pradesh,10-01-2012,15246.18557
5495,Shrawasti,51,9,Uttar Pradesh,10-01-2012,15139.01809
5496,Saharanpur,1,9,Uttar Pradesh,10-01-2012,15098.95749
5497,Sitapur,24,9,Uttar Pradesh,10-01-2012,15190.77302
5498,Sultanpur,49,9,Uttar Pradesh,10-01-2012,15207.33799
5499,Sonbhadra,70,9,Uttar Pradesh,10-01-2012,15165.13526
5500,Siddharthnagar,54,9,Uttar Pradesh,10-01-2012,15132.81999
5501,Unnao,26,9,Uttar Pradesh,10-01-2012,15283.0561
5502,Varanasi,67,9,Uttar Pradesh,10-01-2012,15246.09081
5503,Bulandshahr,11,9,Uttar Pradesh,10-01-2012,15195.85193
5504,Gautam Buddha Nagar,10,9,Uttar Pradesh,10-01-2012,15236.11443
5505,Ghaziabad,9,9,Uttar Pradesh,10-01-2012,15192.03571
5506,Jalaun,35,9,Uttar Pradesh,10-01-2012,15441.05236
5507,Jaunpur,64,9,Uttar Pradesh,10-01-2012,15253.44292
5508,Jhansi,36,9,Uttar Pradesh,10-01-2012,15482.45867
5509,Jyotiba Phule Nagar,6,9,Uttar Pradesh,10-01-2012,15173.85498
5510,Kannauj,30,9,Uttar Pradesh,10-01-2012,15380.29444
5511,Kanpur Nagar,34,9,Uttar Pradesh,10-01-2012,15325.97677
5512,Kaushambi,44,9,Uttar Pradesh,10-01-2012,15308.65318
5513,Kheri,23,9,Uttar Pradesh,10-01-2012,15126.12472
5514,Mirzapur,69,9,Uttar Pradesh,10-01-2012,15230.01711
5515,Moradabad,4,9,Uttar Pradesh,10-01-2012,15184.00961
5516,Muzaffarnagar,2,9,Uttar Pradesh,10-01-2012,15113.52564
5517,Rae Bareli,28,9,Uttar Pradesh,10-01-2012,15228.12183
5518,Kushinagar,59,9,Uttar Pradesh,10-01-2012,15141.84368
5519,Lucknow,27,9,Uttar Pradesh,10-01-2012,15235.27918
5520,Lalitpur,37,9,Uttar Pradesh,10-01-2012,15456.59473
5521,Mahrajganj,57,9,Uttar Pradesh,10-01-2012,15112.79725
5522,Mahoba,39,9,Uttar Pradesh,10-01-2012,15482.74307
5523,Mainpuri,18,9,Uttar Pradesh,10-01-2012,15304.44663
5524,Mathura,14,9,Uttar Pradesh,10-01-2012,15342.65332
5525,Mau,62,9,Uttar Pradesh,10-01-2012,15178.56291
5526,Meerut,7,9,Uttar Pradesh,10-01-2012,15152.03582
5527,Pilibhit,21,9,Uttar Pradesh,10-01-2012,15112.70006
5528,Pratapgarh,43,9,Uttar Pradesh,10-01-2012,15234.22097
5529,Rampur,5,9,Uttar Pradesh,10-01-2012,15179.20707
5530,Sant Ravidas Nagar Bhadohi,68,9,Uttar Pradesh,10-01-2012,15208.81373
5531,Sant Kabir Nagar,56,9,Uttar Pradesh,10-01-2012,15134.6661
5532,Shahjahanpur,22,9,Uttar Pradesh,10-01-2012,15182.6114
5533,Araria,7,10,Bihar,10-01-2012,15145.19541
5534,Aurangabad,34,10,Bihar,10-01-2012,15101.45275
5535,Banka,23,10,Bihar,10-01-2012,15173.45437
5536,Bhagalpur,22,10,Bihar,10-01-2012,15193.06575
5537,Begusarai,20,10,Bihar,10-01-2012,15248.9743
5538,Saran,17,10,Bihar,10-01-2012,15143.00721
5539,Katihar,10,10,Bihar,10-01-2012,15170.72543
5540,Darbhanga,13,10,Bihar,10-01-2012,15132.54511
5541,Gopalganj,15,10,Bihar,10-01-2012,15145.74306
5542,Sheikhpura,26,10,Bihar,10-01-2012,15128.06249
5543,Sheohar,3,10,Bihar,10-01-2012,15119.36387
5544,Saharsa,12,10,Bihar,10-01-2012,15117.12261
5545,Sitamarhi,4,10,Bihar,10-01-2012,15104.23147
5546,Siwan,16,10,Bihar,10-01-2012,15152.13777
5547,Supaul,6,10,Bihar,10-01-2012,15118.74137
5548,Vaishali,18,10,Bihar,10-01-2012,15150.44063
5549,Kaimur (Bhabua),31,10,Bihar,10-01-2012,15125.37898
5550,Gaya,35,10,Bihar,10-01-2012,15164.13913
5551,Bhojpur,29,10,Bihar,10-01-2012,15157.31908
5552,Buxar,30,10,Bihar,10-01-2012,15148.23513
5553,Jehanabad,33,10,Bihar,10-01-2012,15123.5736
5554,Rohtas,32,10,Bihar,10-01-2012,15092.49079
5555,Jamui,37,10,Bihar,10-01-2012,15185.53731
5556,Kishanganj,8,10,Bihar,10-01-2012,15138.66738
5557,Muzaffarpur,14,10,Bihar,10-01-2012,15124.41674
5558,Purnia,9,10,Bihar,10-01-2012,15179.74004
5559,Khagaria,21,10,Bihar,10-01-2012,15178.74204
5560,Madhubani,5,10,Bihar,10-01-2012,15152.2155
5561,Lakhisarai,25,10,Bihar,10-01-2012,15178.99262
5562,Madhepura,11,10,Bihar,10-01-2012,15150.07007
5563,Purba Champaran,2,10,Bihar,10-01-2012,15133.94563
5564,Munger,24,10,Bihar,10-01-2012,15132.00451
5565,Nalanda,27,10,Bihar,10-01-2012,15121.28942
5566,Nawada,36,10,Bihar,10-01-2012,15129.06356
5567,Pashchim Champaran,1,10,Bihar,10-01-2012,15118.17192
5568,Patna,28,10,Bihar,10-01-2012,15159.95041
5569,Samastipur,19,10,Bihar,10-01-2012,15193.63324
5570,East,4,11,Sikkim,10-01-2012,14552.61007
5571,South,3,11,Sikkim,10-01-2012,14615.58401
5572,West,2,11,Sikkim,10-01-2012,14427.4103
5573,North,1,11,Sikkim,10-01-2012,14109.90075
5574,Changlang,12,12,Arunanchal Pradesh,10-01-2012,14769.70003
5575,Dibang Valley,10,12,Arunanchal Pradesh,10-01-2012,14379.96225
5576,East Kameng,3,12,Arunanchal Pradesh,10-01-2012,14566.65057
5577,East Siang,8,12,Arunanchal Pradesh,10-01-2012,14840.30172
5578,Tawang,1,12,Arunanchal Pradesh,10-01-2012,14364.62925
5579,Tirap,13,12,Arunanchal Pradesh,10-01-2012,14827.74378
5580,West Kameng,2,12,Arunanchal Pradesh,10-01-2012,14528.03564
5581,West Siang,7,12,Arunanchal Pradesh,10-01-2012,14549.52068
5582,Upper Siang,9,12,Arunanchal Pradesh,10-01-2012,14395.48555
5583,Upper Subansiri,6,12,Arunanchal Pradesh,10-01-2012,14378.5189
5584,Lohit,11,12,Arunanchal Pradesh,10-01-2012,14526.32145
5585,Lower Subansiri,5,12,Arunanchal Pradesh,10-01-2012,14458.38724
5586,Papum Pare,4,12,Arunanchal Pradesh,10-01-2012,14715.84594
5587,Tuensang,2,13,Nagaland,10-01-2012,14726.89718
5588,Wokha,5,13,Nagaland,10-01-2012,14903.83165
5589,Zunheboto,4,13,Nagaland,10-01-2012,14760.04478
5590,Dimapur,6,13,Nagaland,10-01-2012,14976.95888
5591,Kohima,7,13,Nagaland,10-01-2012,14822.82751
5592,Mokokchung,3,13,Nagaland,10-01-2012,14893.2246
5593,Mon,1,13,Nagaland,10-01-2012,14899.42236
5594,Phek,8,13,Nagaland,10-01-2012,14711.43697
5595,Bishnupur,4,14,Manipur,10-01-2012,14884.33087
5596,Chandel,9,14,Manipur,10-01-2012,14852.2112
5597,Churachandpur,3,14,Manipur,10-01-2012,14878.96303
5598,Tamenglong,2,14,Manipur,10-01-2012,14858.50881
5599,Thoubal,5,14,Manipur,10-01-2012,14907.56497
5600,Ukhrul,8,14,Manipur,10-01-2012,14797.00935
5601,Imphal East,7,14,Manipur,10-01-2012,14941.99775
5602,Imphal West,6,14,Manipur,10-01-2012,15012.02452
5603,Senapati (Excl. 3 sub-divisions),1,14,Manipur,10-01-2012,14768.16126
5604,Aizawl,3,15,Mizoram,10-01-2012,14920.88051
5605,Champhai,4,15,Mizoram,10-01-2012,14841.95883
5606,Kolasib,2,15,Mizoram,10-01-2012,14994.943
5607,Mamit,1,15,Mizoram,10-01-2012,14986.29344
5608,Lunglei,6,15,Mizoram,10-01-2012,14946.63983
5609,Lawngtlai,7,15,Mizoram,10-01-2012,14989.71279
5610,Saiha,8,15,Mizoram,10-01-2012,14889.2031
5611,Serchhip,5,15,Mizoram,10-01-2012,14871.29184
5612,Dhalai,3,16,Tripura,10-01-2012,15047.86888
5613,South Tripura,2,16,Tripura,10-01-2012,15079.10703
5614,West Tripura,1,16,Tripura,10-01-2012,15093.79985
5615,North Tripura,4,16,Tripura,10-01-2012,15067.3547
5616,East Garo Hills,2,17,Meghalaya,10-01-2012,14977.74072
5617,East Khasi Hills,6,17,Meghalaya,10-01-2012,14879.84797
5618,Ri Bhoi,5,17,Meghalaya,10-01-2012,14924.51516
5619,South Garo Hills,3,17,Meghalaya,10-01-2012,15023.82379
5620,West Garo Hills,1,17,Meghalaya,10-01-2012,15038.18084
5621,West Khasi Hills,4,17,Meghalaya,10-01-2012,14887.1016
5622,Jaintia Hills,7,17,Meghalaya,10-01-2012,14910.38182
5623,Barpeta,5,18,Assam,10-01-2012,15068.3389
5624,Bongaigaon,4,18,Assam,10-01-2012,15088.5866
5625,Cachar,21,18,Assam,10-01-2012,15041.93712
5626,Darrang,8,18,Assam,10-01-2012,15073.44193
5627,Dhemaji,13,18,Assam,10-01-2012,15051.55117
5628,Dhubri,2,18,Assam,10-01-2012,15070.0725
5629,Dibrugarh,15,18,Assam,10-01-2012,15013.90227
5630,Kamrup,6,18,Assam,10-01-2012,15044.7118
5631,Karbi Anglong,19,18,Assam,10-01-2012,14939.97493
5632,Goalpara,3,18,Assam,10-01-2012,15043.05695
5633,Golaghat,18,18,Assam,10-01-2012,15024.14272
5634,Hailakandi,23,18,Assam,10-01-2012,15057.4428
5635,Sonitpur,11,18,Assam,10-01-2012,15062.90164
5636,Sibsagar,16,18,Assam,10-01-2012,15026.84536
5637,Tinsukia,14,18,Assam,10-01-2012,15006.70086
5638,Jorhat,17,18,Assam,10-01-2012,15021.44824
5639,Karimganj,22,18,Assam,10-01-2012,15072.39893
5640,Kokrajhar,1,18,Assam,10-01-2012,15084.19323
5641,Lakhimpur,12,18,Assam,10-01-2012,15067.32429
5642,Nagaon,10,18,Assam,10-01-2012,15038.00661
5643,Marigaon,9,18,Assam,10-01-2012,15045.40802
5644,Nalbari,7,18,Assam,10-01-2012,15084.12611
5645,North Cachar Hills,20,18,Assam,10-01-2012,14907.42564
5646,Hugli,12,19,West Bengal,10-01-2012,15105.99405
5647,Barddhaman,9,19,West Bengal,10-01-2012,15105.44558
5648,Birbhum,8,19,West Bengal,10-01-2012,15117.81112
5649,Bankura,13,19,West Bengal,10-01-2012,15149.86616
5650,Dakshin Dinajpur,5,19,West Bengal,10-01-2012,15092.15568
5651,Darjiling,1,19,West Bengal,10-01-2012,14867.38258
5652,Haora,16,19,West Bengal,10-01-2012,15100.1237
5653,South  Twenty Four Parganas,18,19,West Bengal,10-01-2012,15068.98136
5654,Uttar Dinajpur,4,19,West Bengal,10-01-2012,15123.91061
5655,Jalpaiguri,2,19,West Bengal,10-01-2012,15089.0536
5656,Koch Bihar,3,19,West Bengal,10-01-2012,15097.83605
5657,Murshidabad,7,19,West Bengal,10-01-2012,15168.15585
5658,Puruliya,14,19,West Bengal,10-01-2012,15132.31213
5659,Kolkata,17,19,West Bengal,10-01-2012,15309.82173
5660,Maldah,6,19,West Bengal,10-01-2012,15121.09506
5661,Nadia,10,19,West Bengal,10-01-2012,15229.10965
5662,North Twenty Four Parganas,11,19,West Bengal,10-01-2012,15094.9629
5663,Medinipur,15,19,West Bengal,10-01-2012,15116.24707
5664,Bokaro,13,20,Jharkhand,10-01-2012,15135.6549
5665,Deoghar,7,20,Jharkhand,10-01-2012,15205.50121
5666,Dhanbad,12,20,Jharkhand,10-01-2012,15162.52097
5667,Dumka,11,20,Jharkhand,10-01-2012,15173.81284
5668,Giridih,6,20,Jharkhand,10-01-2012,15185.14531
5669,Godda,8,20,Jharkhand,10-01-2012,15163.66185
5670,Gumla,16,20,Jharkhand,10-01-2012,15080.52192
5671,Ranchi,14,20,Jharkhand,10-01-2012,15064.509
5672,Sahibganj,9,20,Jharkhand,10-01-2012,15106.56183
5673,Garhwa,1,20,Jharkhand,10-01-2012,15127.65496
5674,Palamu,2,20,Jharkhand,10-01-2012,15098.47221
5675,Chatra,3,20,Jharkhand,10-01-2012,15126.43925
5676,Hazaribagh,4,20,Jharkhand,10-01-2012,15090.41835
5677,Kodarma,5,20,Jharkhand,10-01-2012,15131.48967
5678,Purbi Singhbhum,18,20,Jharkhand,10-01-2012,15123.36482
5679,Lohardaga,15,20,Jharkhand,10-01-2012,15045.11455
5680,Pakaur,10,20,Jharkhand,10-01-2012,15164.88355
5681,Pashchimi Singhbhum,17,20,Jharkhand,10-01-2012,15052.73976
5682,Anugul,15,21,Orissa,10-01-2012,15089.88068
5683,Bhadrak,9,21,Orissa,10-01-2012,15091.81085
5684,Baudh,22,21,Orissa,10-01-2012,15059.02365
5685,Balangir,24,21,Orissa,10-01-2012,15106.6521
5686,Baleshwar,8,21,Orissa,10-01-2012,15109.64941
5687,Bargarh,1,21,Orissa,10-01-2012,15087.68904
5688,Kendrapara,10,21,Orissa,10-01-2012,15085.83763
5689,Kendujhar,6,21,Orissa,10-01-2012,15075.16092
5690,Debagarh,4,21,Orissa,10-01-2012,15049.18089
5691,Cuttack,12,21,Orissa,10-01-2012,15130.32791
5692,Dhenkanal,14,21,Orissa,10-01-2012,15138.6245
5693,Kalahandi,26,21,Orissa,10-01-2012,15057.14224
5694,Ganjam,19,21,Orissa,10-01-2012,15074.06585
5695,Gajapati,20,21,Orissa,10-01-2012,14996.61271
5696,Rayagada,27,21,Orissa,10-01-2012,15033.56324
5697,Sundargarh,5,21,Orissa,10-01-2012,15062.64025
5698,Sonapur,23,21,Orissa,10-01-2012,15071.26405
5699,Jajapur,13,21,Orissa,10-01-2012,15170.24318
5700,Jagatsinghapur,11,21,Orissa,10-01-2012,15091.56298
5701,Jharsuguda,2,21,Orissa,10-01-2012,15089.00287
5702,Khordha,17,21,Orissa,10-01-2012,15123.64177
5703,Mayurbhanj,7,21,Orissa,10-01-2012,15075.64466
5704,Puri,18,21,Orissa,10-01-2012,15105.01461
5705,Koraput,29,21,Orissa,10-01-2012,15047.08638
5706,Malkangiri,30,21,Orissa,10-01-2012,15065.04436
5707,Nabarangapur,28,21,Orissa,10-01-2012,15063.69796
5708,Nayagarh,16,21,Orissa,10-01-2012,15075.19824
5709,Nuapada,25,21,Orissa,10-01-2012,15078.60995
5710,Kandhamal,21,21,Orissa,10-01-2012,14974.08647
5711,Sambalpur,3,21,Orissa,10-01-2012,15053.94442
5712,Bastar,15,22,Chhattisgarh,10-01-2012,15048.11618
5713,Dantewada,16,22,Chhattisgarh,10-01-2012,15054.72525
5714,Dhamtari,13,22,Chhattisgarh,10-01-2012,15075.44496
5715,Durg,10,22,Chhattisgarh,10-01-2012,15149.16991
5716,Kanker,14,22,Chhattisgarh,10-01-2012,15095.98352
5717,Surguja,2,22,Chhattisgarh,10-01-2012,15074.0727
5718,Bilaspur,7,22,Chhattisgarh,10-01-2012,15082.94179
5719,Janjgir - Champa,6,22,Chhattisgarh,10-01-2012,15074.78468
5720,Korba,5,22,Chhattisgarh,10-01-2012,15079.78512
5721,Kawardha,8,22,Chhattisgarh,10-01-2012,15144.98377
5722,Jashpur,3,22,Chhattisgarh,10-01-2012,15064.76865
5723,Koriya,1,22,Chhattisgarh,10-01-2012,15090.7167
5724,Mahasamund,12,22,Chhattisgarh,10-01-2012,15102.70503
5725,Raigarh,4,22,Chhattisgarh,10-01-2012,15089.87653
5726,Raipur,11,22,Chhattisgarh,10-01-2012,15099.30541
5727,Rajnandgaon,9,22,Chhattisgarh,10-01-2012,15145.01406
5728,Hoshangabad,37,23,Madhya Pradesh,10-01-2012,15359.11228
5729,Indore,26,23,Madhya Pradesh,10-01-2012,15447.31361
5730,Bhind,3,23,Madhya Pradesh,10-01-2012,15470.20544
5731,Bhopal,32,23,Madhya Pradesh,10-01-2012,15474.30861
5732,Barwani,28,23,Madhya Pradesh,10-01-2012,15466.36838
5733,Betul,35,23,Madhya Pradesh,10-01-2012,15256.98885
5734,Balaghat,45,23,Madhya Pradesh,10-01-2012,15075.95045
5735,Chhatarpur,9,23,Madhya Pradesh,10-01-2012,15402.54391
5736,Chhindwara,43,23,Madhya Pradesh,10-01-2012,15245.54676
5737,Dewas,23,23,Madhya Pradesh,10-01-2012,15418.55946
5738,Katni,38,23,Madhya Pradesh,10-01-2012,15228.35452
5739,Datia,5,23,Madhya Pradesh,10-01-2012,15445.34044
5740,Damoh,12,23,Madhya Pradesh,10-01-2012,15412.66313
5741,Dhar,25,23,Madhya Pradesh,10-01-2012,15471.45555
5742,East Nimar,29,23,Madhya Pradesh,10-01-2012,15355.95952
5743,Guna,7,23,Madhya Pradesh,10-01-2012,15487.69951
5744,Gwalior,4,23,Madhya Pradesh,10-01-2012,15386.26502
5745,Harda,36,23,Madhya Pradesh,10-01-2012,15445.03956
5746,Shajapur,22,23,Madhya Pradesh,10-01-2012,15557.62552
5747,Shivpuri,6,23,Madhya Pradesh,10-01-2012,15359.98715
5748,Ratlam,20,23,Madhya Pradesh,10-01-2012,15557.70529
5749,Rewa,14,23,Madhya Pradesh,10-01-2012,15279.0574
5750,Sagar,11,23,Madhya Pradesh,10-01-2012,15464.63218
5751,Sidhi,17,23,Madhya Pradesh,10-01-2012,15197.04061
5752,Ujjain,21,23,Madhya Pradesh,10-01-2012,15575.16673
5753,Vidisha,31,23,Madhya Pradesh,10-01-2012,15558.45941
5754,West Nimar,27,23,Madhya Pradesh,10-01-2012,15412.01753
5755,Morena,2,23,Madhya Pradesh,10-01-2012,15445.9144
5756,Sheopur,1,23,Madhya Pradesh,10-01-2012,15362.80651
5757,Dindori,41,23,Madhya Pradesh,10-01-2012,15165.9806
5758,Mandla,42,23,Madhya Pradesh,10-01-2012,15164.01039
5759,Shahdol,16,23,Madhya Pradesh,10-01-2012,15183.27519
5760,Umaria,15,23,Madhya Pradesh,10-01-2012,15187.05886
5761,Jabalpur,39,23,Madhya Pradesh,10-01-2012,15267.09009
5762,Jhabua,24,23,Madhya Pradesh,10-01-2012,15455.17134
5763,Mandsaur,19,23,Madhya Pradesh,10-01-2012,15509.83683
5764,Tikamgarh,8,23,Madhya Pradesh,10-01-2012,15434.30183
5765,Narsimhapur,40,23,Madhya Pradesh,10-01-2012,15378.81597
5766,Neemuch,18,23,Madhya Pradesh,10-01-2012,15466.3794
5767,Panna,10,23,Madhya Pradesh,10-01-2012,15337.81321
5768,Raisen,34,23,Madhya Pradesh,10-01-2012,15384.56996
5769,Rajgarh,30,23,Madhya Pradesh,10-01-2012,15536.52064
5770,Satna,13,23,Madhya Pradesh,10-01-2012,15283.86348
5771,Sehore,33,23,Madhya Pradesh,10-01-2012,15464.34788
5772,Seoni,44,23,Madhya Pradesh,10-01-2012,15267.7481
5773,Anand,15,24,Gujarat,10-01-2012,15340.4435
5774,Ahmadabad,7,24,Gujarat,10-01-2012,15540.88537
5775,Amreli,13,24,Gujarat,10-01-2012,15585.87962
5776,Bhavnagar,14,24,Gujarat,10-01-2012,15588.85295
5777,Banas Kantha,2,24,Gujarat,10-01-2012,15529.36794
5778,Dohad,18,24,Gujarat,10-01-2012,15366.89621
5779,Junagadh,12,24,Gujarat,10-01-2012,15526.66634
5780,Kachchh,1,24,Gujarat,10-01-2012,15661.41402
5781,Gandhinagar,6,24,Gujarat,10-01-2012,15407.47334
5782,Sabar Kantha,5,24,Gujarat,10-01-2012,15344.5656
5783,Surendranagar,8,24,Gujarat,10-01-2012,15629.00678
5784,The Dangs,23,24,Gujarat,10-01-2012,15131.52349
5785,Vadodara,19,24,Gujarat,10-01-2012,15371.72799
5786,Valsad,25,24,Gujarat,10-01-2012,15212.78749
5787,Bharuch,21,24,Gujarat,10-01-2012,15466.01616
5788,Surat,22,24,Gujarat,10-01-2012,15296.82031
5789,Jamnagar,10,24,Gujarat,10-01-2012,15608.52568
5790,Kheda,16,24,Gujarat,10-01-2012,15373.02268
5791,Mahesana,4,24,Gujarat,10-01-2012,15442.44354
5792,Narmada,20,24,Gujarat,10-01-2012,15284.90143
5793,Navsari,24,24,Gujarat,10-01-2012,15252.99727
5794,Panch Mahals,17,24,Gujarat,10-01-2012,15331.90665
5795,Patan,3,24,Gujarat,10-01-2012,15629.89658
5796,Porbandar,11,24,Gujarat,10-01-2012,15605.15788
5797,Rajkot,9,24,Gujarat,10-01-2012,15636.49398
5798,Daman,2,25,Daman & Diu,10-01-2012,15247.56782
5799,Diu,1,25,Daman & Diu,10-01-2012,15368.31167
5800,Hingoli,16,27,Maharashtra,10-01-2012,15350.59827
5801,Aurangabad,19,27,Maharashtra,10-01-2012,15400.22798
5802,Ahmadnagar,26,27,Maharashtra,10-01-2012,15410.6712
5803,Akola,5,27,Maharashtra,10-01-2012,15376.03682
5804,Amravati,7,27,Maharashtra,10-01-2012,15307.03699
5805,Bid,27,27,Maharashtra,10-01-2012,15412.73078
5806,Bhandara,10,27,Maharashtra,10-01-2012,15137.12256
5807,Buldana,4,27,Maharashtra,10-01-2012,15376.98008
5808,Chandrapur,13,27,Maharashtra,10-01-2012,15187.10223
5809,Dhule,2,27,Maharashtra,10-01-2012,15496.9679
5810,Gadchiroli,12,27,Maharashtra,10-01-2012,15104.3581
5811,Gondiya,11,27,Maharashtra,10-01-2012,15116.79487
5812,Ratnagiri,32,27,Maharashtra,10-01-2012,15170.81175
5813,Raigarh,24,27,Maharashtra,10-01-2012,15180.20258
5814,Thane,21,27,Maharashtra,10-01-2012,15203.87885
5815,Solapur,30,27,Maharashtra,10-01-2012,15478.78021
5816,Sindhudurg,33,27,Maharashtra,10-01-2012,15193.50996
5817,Wardha,8,27,Maharashtra,10-01-2012,15293.65388
5818,Washim,6,27,Maharashtra,10-01-2012,15341.79031
5819,Yavatmal,14,27,Maharashtra,10-01-2012,15265.13738
5820,Jalgaon,3,27,Maharashtra,10-01-2012,15444.49224
5821,Jalna,18,27,Maharashtra,10-01-2012,15471.33616
5822,Kolhapur,34,27,Maharashtra,10-01-2012,15121.42972
5823,Latur,28,27,Maharashtra,10-01-2012,15341.59221
5824,Pune,25,27,Maharashtra,10-01-2012,15280.66196
5825,Nagpur,9,27,Maharashtra,10-01-2012,15246.58647
5826,Mumbai,23,27,Maharashtra,10-01-2012,15308.71338
5827,Mumbai (Suburban),22,27,Maharashtra,10-01-2012,15305.8076
5828,Nanded,15,27,Maharashtra,10-01-2012,15333.37316
5829,Nandurbar,1,27,Maharashtra,10-01-2012,15368.54858
5830,Nashik,20,27,Maharashtra,10-01-2012,15324.76447
5831,Osmanabad,29,27,Maharashtra,10-01-2012,15439.43925
5832,Parbhani,17,27,Maharashtra,10-01-2012,15371.62502
5833,Sangli,35,27,Maharashtra,10-01-2012,15416.11
5834,Satara,31,27,Maharashtra,10-01-2012,15294.729
5835,Hyderabad,5,28,Andhra Pradesh,10-01-2012,15315.31379
5836,Anantapur,22,28,Andhra Pradesh,10-01-2012,15385.24079
5837,Adilabad,1,28,Andhra Pradesh,10-01-2012,15185.58693
5838,Chittoor,23,28,Andhra Pradesh,10-01-2012,15280.90991
5839,Cuddapah,20,28,Andhra Pradesh,10-01-2012,15455.25574
5840,East Godavari,14,28,Andhra Pradesh,10-01-2012,15062.26764
5841,Karimnagar,3,28,Andhra Pradesh,10-01-2012,15188.03127
5842,Guntur,17,28,Andhra Pradesh,10-01-2012,15284.49247
5843,Rangareddi,6,28,Andhra Pradesh,10-01-2012,15205.53394
5844,Srikakulam,11,28,Andhra Pradesh,10-01-2012,15117.84768
5845,West Godavari,15,28,Andhra Pradesh,10-01-2012,15126.86626
5846,Visakhapatnam,13,28,Andhra Pradesh,10-01-2012,15044.92573
5847,Vizianagaram,12,28,Andhra Pradesh,10-01-2012,15119.54193
5848,Warangal,9,28,Andhra Pradesh,10-01-2012,15200.6703
5849,Khammam,10,28,Andhra Pradesh,10-01-2012,15141.66682
5850,Medak,4,28,Andhra Pradesh,10-01-2012,15197.02284
5851,Krishna,16,28,Andhra Pradesh,10-01-2012,15126.05633
5852,Kurnool,21,28,Andhra Pradesh,10-01-2012,15385.42299
5853,Mahbubnagar,7,28,Andhra Pradesh,10-01-2012,15284.37676
5854,Nalgonda,8,28,Andhra Pradesh,10-01-2012,15288.50788
5855,Nellore,19,28,Andhra Pradesh,10-01-2012,15464.72582
5856,Nizamabad,2,28,Andhra Pradesh,10-01-2012,15188.22451
5857,Prakasam,18,28,Andhra Pradesh,10-01-2012,15340.54119
5858,Hassan,23,29,Karnataka,10-01-2012,15147.83994
5859,Haveri,11,29,Karnataka,10-01-2012,15364.00475
5860,Bagalkot,2,29,Karnataka,10-01-2012,15436.62915
5861,Bangalore,20,29,Karnataka,10-01-2012,15223.29027
5862,Bidar,5,29,Karnataka,10-01-2012,15298.56024
5863,Bijapur,3,29,Karnataka,10-01-2012,15492.80708
5864,Belgaum,1,29,Karnataka,10-01-2012,15349.06465
5865,Bellary,12,29,Karnataka,10-01-2012,15374.0802
5866,Bangalore Rural,21,29,Karnataka,10-01-2012,15236.87651
5867,Chamarajanagar,27,29,Karnataka,10-01-2012,15302.64435
5868,Chikmagalur,17,29,Karnataka,10-01-2012,15075.955
5869,Chitradurga,13,29,Karnataka,10-01-2012,15427.62643
5870,Dakshina Kannada,24,29,Karnataka,10-01-2012,15101.24851
5871,Davanagere,14,29,Karnataka,10-01-2012,15251.32718
5872,Dharwad,9,29,Karnataka,10-01-2012,15536.50415
5873,Gulbarga,4,29,Karnataka,10-01-2012,15352.28322
5874,Gadag,8,29,Karnataka,10-01-2012,15617.35053
5875,Shimoga,15,29,Karnataka,10-01-2012,15034.12536
5876,Tumkur,18,29,Karnataka,10-01-2012,15312.92225
5877,Udupi,16,29,Karnataka,10-01-2012,15139.18445
5878,Uttara Kannada,10,29,Karnataka,10-01-2012,15055.96021
5879,Kodagu,25,29,Karnataka,10-01-2012,14914.44088
5880,Kolar,19,29,Karnataka,10-01-2012,15206.11004
5881,Mandya,22,29,Karnataka,10-01-2012,15228.39032
5882,Koppal,7,29,Karnataka,10-01-2012,15412.75268
5883,Mysore,26,29,Karnataka,10-01-2012,15221.04403
5884,Raichur,6,29,Karnataka,10-01-2012,15412.03118
5885,South Goa,2,30,Goa,10-01-2012,15176.7917
5886,North Goa,1,30,Goa,10-01-2012,15194.72863
5887,Idukki,9,32,Kerala,10-01-2012,14968.28935
5888,Alappuzha,11,32,Kerala,10-01-2012,15154.12119
5889,Kasaragod,1,32,Kerala,10-01-2012,15114.90738
5890,Kannur,2,32,Kerala,10-01-2012,15090.26656
5891,Ernakulam,8,32,Kerala,10-01-2012,15157.05677
5892,Thrissur,7,32,Kerala,10-01-2012,15107.68418
5893,Thiruvananthapuram,14,32,Kerala,10-01-2012,15148.83041
5894,Wayanad,3,32,Kerala,10-01-2012,14922.22293
5895,Kollam,13,32,Kerala,10-01-2012,15107.31933
5896,Kottayam,10,32,Kerala,10-01-2012,15144.53369
5897,Kozhikode,4,32,Kerala,10-01-2012,15076.48821
5898,Malappuram,5,32,Kerala,10-01-2012,15100.43785
5899,Palakkad,6,32,Kerala,10-01-2012,15101.64425
5900,Pathanamthitta,12,32,Kerala,10-01-2012,15059.83223
5901,Ariyalur,17,33,Tamil Nadu,10-01-2012,15426.64526
5902,Coimbatore,12,33,Tamil Nadu,10-01-2012,15500.02515
5903,Cuddalore,18,33,Tamil Nadu,10-01-2012,15476.60517
5904,Dharmapuri,5,33,Tamil Nadu,10-01-2012,15246.3582
5905,Dindigul,13,33,Tamil Nadu,10-01-2012,15433.369
5906,Erode,10,33,Tamil Nadu,10-01-2012,15455.12926
5907,Sivaganga,23,33,Tamil Nadu,10-01-2012,15615.84151
5908,Tiruchirappalli,15,33,Tamil Nadu,10-01-2012,15459.54444
5909,Tirunelveli,29,33,Tamil Nadu,10-01-2012,15838.4674
5910,Tiruvannamalai,6,33,Tamil Nadu,10-01-2012,15272.47042
5911,Thoothukkudi,28,33,Tamil Nadu,10-01-2012,16059.61849
5912,Theni,25,33,Tamil Nadu,10-01-2012,15482.51486
5913,Vellore,4,33,Tamil Nadu,10-01-2012,15254.74528
5914,Viluppuram,7,33,Tamil Nadu,10-01-2012,15345.79824
5915,Virudhunagar,26,33,Tamil Nadu,10-01-2012,15900.10729
5916,Chennai,2,33,Tamil Nadu,10-01-2012,15435.96872
5917,Kancheepuram,3,33,Tamil Nadu,10-01-2012,15327.08564
5918,Thiruvallur,1,33,Tamil Nadu,10-01-2012,15339.82129
5919,Thanjavur,21,33,Tamil Nadu,10-01-2012,15416.28473
5920,Thiruvarur,20,33,Tamil Nadu,10-01-2012,15520.13212
5921,Nagapattinam,19,33,Tamil Nadu,10-01-2012,15444.87449
5922,Kanniyakumari,30,33,Tamil Nadu,10-01-2012,15244.85327
5923,Karur,14,33,Tamil Nadu,10-01-2012,15608.12655
5924,Madurai,24,33,Tamil Nadu,10-01-2012,15613.53513
5925,Namakkal,9,33,Tamil Nadu,10-01-2012,15446.64382
5926,The Nilgiris,11,33,Tamil Nadu,10-01-2012,14922.51851
5927,Perambalur,16,33,Tamil Nadu,10-01-2012,15588.35518
5928,Pudukkottai,22,33,Tamil Nadu,10-01-2012,15475.89751
5929,Ramanathapuram,27,33,Tamil Nadu,10-01-2012,15824.24565
5930,Salem,8,33,Tamil Nadu,10-01-2012,15289.54933
5931,Yanam,1,34,Puducherry,10-01-2012,15092.05807
5932,Karaikal,4,34,Puducherry,10-01-2012,15534.83258
5933,Mahe,3,34,Puducherry,10-01-2012,15095.24573
5934,Pondicherry,2,34,Puducherry,10-01-2012,15363.37489
5935,Nicobars,2,35,Andaman & Nicobar Island,10-01-2012,14923.66871
5936,Andamans,1,35,Andaman & Nicobar Island,10-01-2012,14959.57555
5937,Chandigarh,1,4,Chandigarh,11-01-2012,14935.39378
5938,Dadra & Nagar Haveli,1,26,Dadara & Nagar Havelli,11-01-2012,15254.92072
5939,Lakshadweep,1,31,Lakshadweep,11-01-2012,15068.28839
5940,Data Not Available,99,99,Jammu and Kashmir,11-01-2012,13709.2189
5941,Anantnag,6,1,Jammu and Kashmir,11-01-2012,14140.49273
5942,Badgam,4,1,Jammu and Kashmir,11-01-2012,14275.80452
5943,Baramula,2,1,Jammu and Kashmir,11-01-2012,14153.71947
5944,Doda,9,1,Jammu and Kashmir,11-01-2012,13984.30722
5945,Srinagar,3,1,Jammu and Kashmir,11-01-2012,14112.23106
5946,Udhampur,10,1,Jammu and Kashmir,11-01-2012,14575.62507
5947,Jammu,13,1,Jammu and Kashmir,11-01-2012,14860.86579
5948,Kargil,8,1,Jammu and Kashmir,11-01-2012,13810.14216
5949,Kathua,14,1,Jammu and Kashmir,11-01-2012,14759.59394
5950,Leh (Ladakh),7,1,Jammu and Kashmir,11-01-2012,13745.77158
5951,Kupwara,1,1,Jammu and Kashmir,11-01-2012,14235.88824
5952,Punch,11,1,Jammu and Kashmir,11-01-2012,14512.31083
5953,Pulwama,5,1,Jammu and Kashmir,11-01-2012,14444.06137
5954,Rajauri,12,1,Jammu and Kashmir,11-01-2012,14707.19753
5955,Bilaspur,8,2,Himachal Pradesh,11-01-2012,14706.69778
5956,Chamba,1,2,Himachal Pradesh,11-01-2012,14213.63783
5957,Hamirpur,6,2,Himachal Pradesh,11-01-2012,14735.22286
5958,Shimla,11,2,Himachal Pradesh,11-01-2012,14426.76754
5959,Sirmaur,10,2,Himachal Pradesh,11-01-2012,14692.63255
5960,Solan,9,2,Himachal Pradesh,11-01-2012,14723.24694
5961,Una,7,2,Himachal Pradesh,11-01-2012,14831.33081
5962,Kangra,2,2,Himachal Pradesh,11-01-2012,14571.88203
5963,Kinnaur,12,2,Himachal Pradesh,11-01-2012,13953.62858
5964,Lahul & Spiti,3,2,Himachal Pradesh,11-01-2012,13756.36755
5965,Kullu,4,2,Himachal Pradesh,11-01-2012,14068.31121
5966,Mandi,5,2,Himachal Pradesh,11-01-2012,14572.3471
5967,Hoshiarpur,5,3,Punjab,11-01-2012,14915.96823
5968,Amritsar,2,3,Punjab,11-01-2012,14961.70945
5969,Firozpur,11,3,Punjab,11-01-2012,15062.75227
5970,Bathinda,14,3,Punjab,11-01-2012,15073.94694
5971,Gurdaspur,1,3,Punjab,11-01-2012,14946.45945
5972,Faridkot,13,3,Punjab,11-01-2012,15114.4186
5973,Fatehgarh Sahib,8,3,Punjab,11-01-2012,15066.58271
5974,Rupnagar,7,3,Punjab,11-01-2012,14950.75188
5975,Jalandhar,4,3,Punjab,11-01-2012,14993.89617
5976,Kapurthala,3,3,Punjab,11-01-2012,14978.98642
5977,Ludhiana,9,3,Punjab,11-01-2012,15065.82473
5978,Mansa,15,3,Punjab,11-01-2012,15070.17299
5979,Moga,10,3,Punjab,11-01-2012,15132.22329
5980,Muktsar,12,3,Punjab,11-01-2012,15072.22672
5981,Nawanshahr,6,3,Punjab,11-01-2012,14964.50309
5982,Patiala,17,3,Punjab,11-01-2012,15076.06337
5983,Sangrur,16,3,Punjab,11-01-2012,15127.55527
5984,Hardwar,13,5,Uttarakhand,11-01-2012,14880.10318
5985,Bageshwar,8,5,Uttarakhand,11-01-2012,14425.41965
5986,Almora,9,5,Uttarakhand,11-01-2012,14672.20094
5987,Chamoli,2,5,Uttarakhand,11-01-2012,14043.29019
5988,Champawat,10,5,Uttarakhand,11-01-2012,14642.33757
5989,Dehradun,5,5,Uttarakhand,11-01-2012,14699.83122
5990,Garhwal,6,5,Uttarakhand,11-01-2012,14653.93331
5991,Rudraprayag,3,5,Uttarakhand,11-01-2012,14329.41224
5992,Tehri Garhwal,4,5,Uttarakhand,11-01-2012,14483.27998
5993,Udham Singh Nagar,12,5,Uttarakhand,11-01-2012,14939.01231
5994,Uttarkashi,1,5,Uttarakhand,11-01-2012,14059.25216
5995,Nainital,11,5,Uttarakhand,11-01-2012,14736.17928
5996,Pithoragarh,7,5,Uttarakhand,11-01-2012,14172.18467
5997,Hisar,12,6,Haryana,11-01-2012,15052.91315
5998,Ambala,2,6,Haryana,11-01-2012,14971.73759
5999,Gurgaon,18,6,Haryana,11-01-2012,15046.66028
6000,Faridabad,19,6,Haryana,11-01-2012,15029.53316
6001,Fatehabad,10,6,Haryana,11-01-2012,15076.07475
6002,Rohtak,14,6,Haryana,11-01-2012,15009.16058
6003,Sirsa,11,6,Haryana,11-01-2012,15088.11593
6004,Sonipat,8,6,Haryana,11-01-2012,15016.6043
6005,Yamunanagar,3,6,Haryana,11-01-2012,14910.16693
6006,Jhajjar,15,6,Haryana,11-01-2012,15065.94498
6007,Mahendragarh,16,6,Haryana,11-01-2012,15197.817
6008,Rewari,17,6,Haryana,11-01-2012,15107.41931
6009,Bhiwani,13,6,Haryana,11-01-2012,15154.88362
6010,Jind,9,6,Haryana,11-01-2012,15010.45793
6011,Kaithal,5,6,Haryana,11-01-2012,15063.57362
6012,Karnal,6,6,Haryana,11-01-2012,15043.87076
6013,Kurukshetra,4,6,Haryana,11-01-2012,14991.72821
6014,Panchkula,1,6,Haryana,11-01-2012,14876.29724
6015,Panipat,7,6,Haryana,11-01-2012,15035.81519
6016,Central,6,7,Delhi  & NCR,11-01-2012,14928.01527
6017,East,4,7,Delhi  & NCR,11-01-2012,14938.48699
6018,New Delhi,5,7,Delhi  & NCR,11-01-2012,14897.09661
6019,North,2,7,Delhi  & NCR,11-01-2012,14936.09418
6020,North East,3,7,Delhi  & NCR,11-01-2012,14952.76564
6021,North West,1,7,Delhi  & NCR,11-01-2012,14993.10716
6022,South,9,7,Delhi  & NCR,11-01-2012,14918.97008
6023,South West,8,7,Delhi  & NCR,11-01-2012,14946.65343
6024,West,7,7,Delhi  & NCR,11-01-2012,14953.7144
6025,Ajmer,21,8,Rajasthan,11-01-2012,15253.03227
6026,Banswara,28,8,Rajasthan,11-01-2012,15308.60117
6027,Barmer,17,8,Rajasthan,11-01-2012,15476.78179
6028,Bhilwara,24,8,Rajasthan,11-01-2012,15222.37947
6029,Bikaner,3,8,Rajasthan,11-01-2012,15441.85581
6030,Bharatpur,7,8,Rajasthan,11-01-2012,15129.42994
6031,Bundi,23,8,Rajasthan,11-01-2012,15220.89315
6032,Chittaurgarh,29,8,Rajasthan,11-01-2012,15194.14581
6033,Churu,4,8,Rajasthan,11-01-2012,15357.74663
6034,Dausa,11,8,Rajasthan,11-01-2012,15198.85134
6035,Dhaulpur,8,8,Rajasthan,11-01-2012,15138.95779
6036,Dungarpur,27,8,Rajasthan,11-01-2012,15240.80933
6037,Karauli,9,8,Rajasthan,11-01-2012,15181.62456
6038,Sirohi,19,8,Rajasthan,11-01-2012,15255.92752
6039,Tonk,22,8,Rajasthan,11-01-2012,15247.9615
6040,Sikar,13,8,Rajasthan,11-01-2012,15256.1884
6041,Alwar,6,8,Rajasthan,11-01-2012,15117.86254
6042,Udaipur,26,8,Rajasthan,11-01-2012,15173.24159
6043,Ganganagar,1,8,Rajasthan,11-01-2012,15225.29136
6044,Hanumangarh,2,8,Rajasthan,11-01-2012,15226.20661
6045,Baran,31,8,Rajasthan,11-01-2012,15254.31973
6046,Jaipur,12,8,Rajasthan,11-01-2012,15232.35644
6047,Jaisalmer,16,8,Rajasthan,11-01-2012,15576.68277
6048,Jalor,18,8,Rajasthan,11-01-2012,15422.1106
6049,Jhalawar,32,8,Rajasthan,11-01-2012,15273.06619
6050,Jhunjhunun,5,8,Rajasthan,11-01-2012,15253.27038
6051,Jodhpur,15,8,Rajasthan,11-01-2012,15438.99159
6052,Kota,30,8,Rajasthan,11-01-2012,15232.32754
6053,Nagaur,14,8,Rajasthan,11-01-2012,15357.29033
6054,Pali,20,8,Rajasthan,11-01-2012,15339.34408
6055,Rajsamand,25,8,Rajasthan,11-01-2012,15151.48566
6056,Sawai Madhopur,10,8,Rajasthan,11-01-2012,15196.06448
6057,Hathras,13,9,Uttar Pradesh,11-01-2012,15048.26692
6058,Auraiya,32,9,Uttar Pradesh,11-01-2012,15066.20135
6059,Azamgarh,61,9,Uttar Pradesh,11-01-2012,15028.06487
6060,Budaun,19,9,Uttar Pradesh,11-01-2012,15021.32602
6061,Agra,15,9,Uttar Pradesh,11-01-2012,15077.73397
6062,Aligarh,12,9,Uttar Pradesh,11-01-2012,15013.06573
6063,Allahabad,45,9,Uttar Pradesh,11-01-2012,15058.38008
6064,Ambedkar Nagar,48,9,Uttar Pradesh,11-01-2012,15006.74499
6065,Bareilly,20,9,Uttar Pradesh,11-01-2012,14976.87558
6066,Bijnor,3,9,Uttar Pradesh,11-01-2012,14892.3015
6067,Basti,55,9,Uttar Pradesh,11-01-2012,14998.75832
6068,Baghpat,8,9,Uttar Pradesh,11-01-2012,14933.75476
6069,Bahraich,50,9,Uttar Pradesh,11-01-2012,14953.32069
6070,Ballia,63,9,Uttar Pradesh,11-01-2012,15034.04529
6071,Balrampur,52,9,Uttar Pradesh,11-01-2012,14996.5193
6072,Banda,40,9,Uttar Pradesh,11-01-2012,15137.91886
6073,Barabanki,46,9,Uttar Pradesh,11-01-2012,15031.63956
6074,Chitrakoot,41,9,Uttar Pradesh,11-01-2012,15129.9011
6075,Chandauli,66,9,Uttar Pradesh,11-01-2012,15001.98145
6076,Deoria,60,9,Uttar Pradesh,11-01-2012,15021.57664
6077,Etah,17,9,Uttar Pradesh,11-01-2012,15040.85671
6078,Kanpur Dehat,33,9,Uttar Pradesh,11-01-2012,15081.29107
6079,Etawah,31,9,Uttar Pradesh,11-01-2012,15044.80504
6080,Faizabad,47,9,Uttar Pradesh,11-01-2012,15016.48474
6081,Ghazipur,65,9,Uttar Pradesh,11-01-2012,15041.1157
6082,Gonda,53,9,Uttar Pradesh,11-01-2012,14993.32539
6083,Gorakhpur,58,9,Uttar Pradesh,11-01-2012,15013.95729
6084,Farrukhabad,29,9,Uttar Pradesh,11-01-2012,15036.96294
6085,Fatehpur,42,9,Uttar Pradesh,11-01-2012,15074.9352
6086,Firozabad,16,9,Uttar Pradesh,11-01-2012,15045.42392
6087,Hamirpur,38,9,Uttar Pradesh,11-01-2012,15173.73186
6088,Hardoi,25,9,Uttar Pradesh,11-01-2012,15046.22915
6089,Shrawasti,51,9,Uttar Pradesh,11-01-2012,15001.67589
6090,Saharanpur,1,9,Uttar Pradesh,11-01-2012,14883.15076
6091,Sitapur,24,9,Uttar Pradesh,11-01-2012,15000.14721
6092,Sultanpur,49,9,Uttar Pradesh,11-01-2012,15055.48812
6093,Sonbhadra,70,9,Uttar Pradesh,11-01-2012,15006.64866
6094,Siddharthnagar,54,9,Uttar Pradesh,11-01-2012,15049.061
6095,Unnao,26,9,Uttar Pradesh,11-01-2012,15049.08581
6096,Varanasi,67,9,Uttar Pradesh,11-01-2012,15047.00672
6097,Bulandshahr,11,9,Uttar Pradesh,11-01-2012,14956.06657
6098,Gautam Buddha Nagar,10,9,Uttar Pradesh,11-01-2012,15001.44208
6099,Ghaziabad,9,9,Uttar Pradesh,11-01-2012,14957.96178
6100,Jalaun,35,9,Uttar Pradesh,11-01-2012,15164.56295
6101,Jaunpur,64,9,Uttar Pradesh,11-01-2012,15062.7124
6102,Jhansi,36,9,Uttar Pradesh,11-01-2012,15202.66277
6103,Jyotiba Phule Nagar,6,9,Uttar Pradesh,11-01-2012,14933.44515
6104,Kannauj,30,9,Uttar Pradesh,11-01-2012,15055.60577
6105,Kanpur Nagar,34,9,Uttar Pradesh,11-01-2012,15059.81746
6106,Kaushambi,44,9,Uttar Pradesh,11-01-2012,15082.44151
6107,Kheri,23,9,Uttar Pradesh,11-01-2012,14920.74985
6108,Mirzapur,69,9,Uttar Pradesh,11-01-2012,15082.95779
6109,Moradabad,4,9,Uttar Pradesh,11-01-2012,14960.87649
6110,Muzaffarnagar,2,9,Uttar Pradesh,11-01-2012,14907.73449
6111,Rae Bareli,28,9,Uttar Pradesh,11-01-2012,15049.50034
6112,Kushinagar,59,9,Uttar Pradesh,11-01-2012,14998.37584
6113,Lucknow,27,9,Uttar Pradesh,11-01-2012,15034.92808
6114,Lalitpur,37,9,Uttar Pradesh,11-01-2012,15198.68629
6115,Mahrajganj,57,9,Uttar Pradesh,11-01-2012,15034.18884
6116,Mahoba,39,9,Uttar Pradesh,11-01-2012,15205.62848
6117,Mainpuri,18,9,Uttar Pradesh,11-01-2012,15045.36991
6118,Mathura,14,9,Uttar Pradesh,11-01-2012,15036.55493
6119,Mau,62,9,Uttar Pradesh,11-01-2012,15011.82391
6120,Meerut,7,9,Uttar Pradesh,11-01-2012,14922.11228
6121,Pilibhit,21,9,Uttar Pradesh,11-01-2012,14940.94933
6122,Pratapgarh,43,9,Uttar Pradesh,11-01-2012,15063.23828
6123,Rampur,5,9,Uttar Pradesh,11-01-2012,14948.13209
6124,Sant Ravidas Nagar Bhadohi,68,9,Uttar Pradesh,11-01-2012,15042.62678
6125,Sant Kabir Nagar,56,9,Uttar Pradesh,11-01-2012,15009.87472
6126,Shahjahanpur,22,9,Uttar Pradesh,11-01-2012,15010.36997
6127,Araria,7,10,Bihar,11-01-2012,15073.16372
6128,Aurangabad,34,10,Bihar,11-01-2012,14943.78627
6129,Banka,23,10,Bihar,11-01-2012,14979.46316
6130,Bhagalpur,22,10,Bihar,11-01-2012,15034.83626
6131,Begusarai,20,10,Bihar,11-01-2012,15058.96173
6132,Saran,17,10,Bihar,11-01-2012,14997.0762
6133,Katihar,10,10,Bihar,11-01-2012,15058.77836
6134,Darbhanga,13,10,Bihar,11-01-2012,15019.84678
6135,Gopalganj,15,10,Bihar,11-01-2012,15004.9876
6136,Sheikhpura,26,10,Bihar,11-01-2012,14974.66644
6137,Sheohar,3,10,Bihar,11-01-2012,14995.76227
6138,Saharsa,12,10,Bihar,11-01-2012,15005.16072
6139,Sitamarhi,4,10,Bihar,11-01-2012,15004.43125
6140,Siwan,16,10,Bihar,11-01-2012,15007.93791
6141,Supaul,6,10,Bihar,11-01-2012,15022.40793
6142,Vaishali,18,10,Bihar,11-01-2012,14975.67565
6143,Kaimur (Bhabua),31,10,Bihar,11-01-2012,15009.14481
6144,Gaya,35,10,Bihar,11-01-2012,15014.6225
6145,Bhojpur,29,10,Bihar,11-01-2012,15005.42512
6146,Buxar,30,10,Bihar,11-01-2012,15014.04485
6147,Jehanabad,33,10,Bihar,11-01-2012,14972.0515
6148,Rohtas,32,10,Bihar,11-01-2012,14962.53057
6149,Jamui,37,10,Bihar,11-01-2012,14969.02842
6150,Kishanganj,8,10,Bihar,11-01-2012,15071.59664
6151,Muzaffarpur,14,10,Bihar,11-01-2012,14987.03926
6152,Purnia,9,10,Bihar,11-01-2012,15094.01219
6153,Khagaria,21,10,Bihar,11-01-2012,15045.12944
6154,Madhubani,5,10,Bihar,11-01-2012,15058.0365
6155,Lakhisarai,25,10,Bihar,11-01-2012,15002.90329
6156,Madhepura,11,10,Bihar,11-01-2012,15076.52386
6157,Purba Champaran,2,10,Bihar,11-01-2012,15005.66911
6158,Munger,24,10,Bihar,11-01-2012,14974.35381
6159,Nalanda,27,10,Bihar,11-01-2012,15014.13948
6160,Nawada,36,10,Bihar,11-01-2012,14955.41002
6161,Pashchim Champaran,1,10,Bihar,11-01-2012,14982.0911
6162,Patna,28,10,Bihar,11-01-2012,15012.10828
6163,Samastipur,19,10,Bihar,11-01-2012,15036.013
6164,East,4,11,Sikkim,11-01-2012,14428.16912
6165,South,3,11,Sikkim,11-01-2012,14510.14143
6166,West,2,11,Sikkim,11-01-2012,14342.1514
6167,North,1,11,Sikkim,11-01-2012,14018.88668
6168,Changlang,12,12,Arunanchal Pradesh,11-01-2012,14622.04613
6169,Dibang Valley,10,12,Arunanchal Pradesh,11-01-2012,14252.22523
6170,East Kameng,3,12,Arunanchal Pradesh,11-01-2012,14450.77899
6171,East Siang,8,12,Arunanchal Pradesh,11-01-2012,14687.2684
6172,Tawang,1,12,Arunanchal Pradesh,11-01-2012,14224.95872
6173,Tirap,13,12,Arunanchal Pradesh,11-01-2012,14671.1069
6174,West Kameng,2,12,Arunanchal Pradesh,11-01-2012,14405.36804
6175,West Siang,7,12,Arunanchal Pradesh,11-01-2012,14419.90449
6176,Upper Siang,9,12,Arunanchal Pradesh,11-01-2012,14293.26929
6177,Upper Subansiri,6,12,Arunanchal Pradesh,11-01-2012,14288.63097
6178,Lohit,11,12,Arunanchal Pradesh,11-01-2012,14408.35635
6179,Lower Subansiri,5,12,Arunanchal Pradesh,11-01-2012,14356.47492
6180,Papum Pare,4,12,Arunanchal Pradesh,11-01-2012,14575.01795
6181,Tuensang,2,13,Nagaland,11-01-2012,14552.3622
6182,Wokha,5,13,Nagaland,11-01-2012,14747.09266
6183,Zunheboto,4,13,Nagaland,11-01-2012,14574.59275
6184,Dimapur,6,13,Nagaland,11-01-2012,14842.31533
6185,Kohima,7,13,Nagaland,11-01-2012,14661.03855
6186,Mokokchung,3,13,Nagaland,11-01-2012,14729.68282
6187,Mon,1,13,Nagaland,11-01-2012,14739.96943
6188,Phek,8,13,Nagaland,11-01-2012,14525.25116
6189,Bishnupur,4,14,Manipur,11-01-2012,14748.23542
6190,Chandel,9,14,Manipur,11-01-2012,14687.92003
6191,Churachandpur,3,14,Manipur,11-01-2012,14699.10939
6192,Tamenglong,2,14,Manipur,11-01-2012,14678.58135
6193,Thoubal,5,14,Manipur,11-01-2012,14787.24718
6194,Ukhrul,8,14,Manipur,11-01-2012,14629.25887
6195,Imphal East,7,14,Manipur,11-01-2012,14816.9337
6196,Imphal West,6,14,Manipur,11-01-2012,14851.12691
6197,Senapati (Excl. 3 sub-divisions),1,14,Manipur,11-01-2012,14607.57765
6198,Aizawl,3,15,Mizoram,11-01-2012,14750.0891
6199,Champhai,4,15,Mizoram,11-01-2012,14658.29035
6200,Kolasib,2,15,Mizoram,11-01-2012,14834.32616
6201,Mamit,1,15,Mizoram,11-01-2012,14803.33749
6202,Lunglei,6,15,Mizoram,11-01-2012,14763.40699
6203,Lawngtlai,7,15,Mizoram,11-01-2012,14831.87213
6204,Saiha,8,15,Mizoram,11-01-2012,14734.40327
6205,Serchhip,5,15,Mizoram,11-01-2012,14687.80495
6206,Dhalai,3,16,Tripura,11-01-2012,14887.49855
6207,South Tripura,2,16,Tripura,11-01-2012,14922.03479
6208,West Tripura,1,16,Tripura,11-01-2012,14939.96717
6209,North Tripura,4,16,Tripura,11-01-2012,14901.39653
6210,East Garo Hills,2,17,Meghalaya,11-01-2012,14825.38231
6211,East Khasi Hills,6,17,Meghalaya,11-01-2012,14739.49478
6212,Ri Bhoi,5,17,Meghalaya,11-01-2012,14779.88794
6213,South Garo Hills,3,17,Meghalaya,11-01-2012,14876.56044
6214,West Garo Hills,1,17,Meghalaya,11-01-2012,14899.97649
6215,West Khasi Hills,4,17,Meghalaya,11-01-2012,14743.06398
6216,Jaintia Hills,7,17,Meghalaya,11-01-2012,14751.57652
6217,Barpeta,5,18,Assam,11-01-2012,14993.14013
6218,Bongaigaon,4,18,Assam,11-01-2012,15003.03831
6219,Cachar,21,18,Assam,11-01-2012,14904.21517
6220,Darrang,8,18,Assam,11-01-2012,14997.79634
6221,Dhemaji,13,18,Assam,11-01-2012,14968.54289
6222,Dhubri,2,18,Assam,11-01-2012,14980.00934
6223,Dibrugarh,15,18,Assam,11-01-2012,14916.9148
6224,Kamrup,6,18,Assam,11-01-2012,14930.17119
6225,Karbi Anglong,19,18,Assam,11-01-2012,14806.26764
6226,Goalpara,3,18,Assam,11-01-2012,14936.79136
6227,Golaghat,18,18,Assam,11-01-2012,14930.08544
6228,Hailakandi,23,18,Assam,11-01-2012,14907.83805
6229,Sonitpur,11,18,Assam,11-01-2012,14980.33832
6230,Sibsagar,16,18,Assam,11-01-2012,14906.11534
6231,Tinsukia,14,18,Assam,11-01-2012,14878.40681
6232,Jorhat,17,18,Assam,11-01-2012,14919.50705
6233,Karimganj,22,18,Assam,11-01-2012,14928.41955
6234,Kokrajhar,1,18,Assam,11-01-2012,15009.18105
6235,Lakhimpur,12,18,Assam,11-01-2012,14978.38889
6236,Nagaon,10,18,Assam,11-01-2012,14936.36035
6237,Marigaon,9,18,Assam,11-01-2012,14980.26205
6238,Nalbari,7,18,Assam,11-01-2012,14994.70495
6239,North Cachar Hills,20,18,Assam,11-01-2012,14758.89147
6240,Hugli,12,19,West Bengal,11-01-2012,15019.44437
6241,Barddhaman,9,19,West Bengal,11-01-2012,15003.01608
6242,Birbhum,8,19,West Bengal,11-01-2012,15005.35268
6243,Bankura,13,19,West Bengal,11-01-2012,15007.25282
6244,Dakshin Dinajpur,5,19,West Bengal,11-01-2012,15029.42263
6245,Darjiling,1,19,West Bengal,11-01-2012,14752.89166
6246,Haora,16,19,West Bengal,11-01-2012,14994.2926
6247,South  Twenty Four Parganas,18,19,West Bengal,11-01-2012,14965.9248
6248,Uttar Dinajpur,4,19,West Bengal,11-01-2012,15050.78196
6249,Jalpaiguri,2,19,West Bengal,11-01-2012,15012.69406
6250,Koch Bihar,3,19,West Bengal,11-01-2012,15023.21474
6251,Murshidabad,7,19,West Bengal,11-01-2012,14984.50169
6252,Puruliya,14,19,West Bengal,11-01-2012,14994.10425
6253,Kolkata,17,19,West Bengal,11-01-2012,15155.79779
6254,Maldah,6,19,West Bengal,11-01-2012,14979.90318
6255,Nadia,10,19,West Bengal,11-01-2012,15021.78413
6256,North Twenty Four Parganas,11,19,West Bengal,11-01-2012,14966.85989
6257,Medinipur,15,19,West Bengal,11-01-2012,15003.90277
6258,Bokaro,13,20,Jharkhand,11-01-2012,14957.25536
6259,Deoghar,7,20,Jharkhand,11-01-2012,15004.35124
6260,Dhanbad,12,20,Jharkhand,11-01-2012,14987.4914
6261,Dumka,11,20,Jharkhand,11-01-2012,14987.43095
6262,Giridih,6,20,Jharkhand,11-01-2012,14970.75778
6263,Godda,8,20,Jharkhand,11-01-2012,14968.51744
6264,Gumla,16,20,Jharkhand,11-01-2012,14929.71795
6265,Ranchi,14,20,Jharkhand,11-01-2012,14921.26517
6266,Sahibganj,9,20,Jharkhand,11-01-2012,14952.92644
6267,Garhwa,1,20,Jharkhand,11-01-2012,14965.17109
6268,Palamu,2,20,Jharkhand,11-01-2012,14912.13728
6269,Chatra,3,20,Jharkhand,11-01-2012,14917.32631
6270,Hazaribagh,4,20,Jharkhand,11-01-2012,14905.88892
6271,Kodarma,5,20,Jharkhand,11-01-2012,14921.17466
6272,Purbi Singhbhum,18,20,Jharkhand,11-01-2012,15002.94276
6273,Lohardaga,15,20,Jharkhand,11-01-2012,14881.05568
6274,Pakaur,10,20,Jharkhand,11-01-2012,15012.94164
6275,Pashchimi Singhbhum,17,20,Jharkhand,11-01-2012,14934.2037
6276,Anugul,15,21,Orissa,11-01-2012,14950.46797
6277,Bhadrak,9,21,Orissa,11-01-2012,14996.99909
6278,Baudh,22,21,Orissa,11-01-2012,14935.31557
6279,Balangir,24,21,Orissa,11-01-2012,15038.06722
6280,Baleshwar,8,21,Orissa,11-01-2012,15013.17077
6281,Bargarh,1,21,Orissa,11-01-2012,15017.53619
6282,Kendrapara,10,21,Orissa,11-01-2012,14979.62266
6283,Kendujhar,6,21,Orissa,11-01-2012,14952.24939
6284,Debagarh,4,21,Orissa,11-01-2012,14932.22087
6285,Cuttack,12,21,Orissa,11-01-2012,15010.35269
6286,Dhenkanal,14,21,Orissa,11-01-2012,14988.247
6287,Kalahandi,26,21,Orissa,11-01-2012,14966.18365
6288,Ganjam,19,21,Orissa,11-01-2012,14978.30857
6289,Gajapati,20,21,Orissa,11-01-2012,14911.04809
6290,Rayagada,27,21,Orissa,11-01-2012,14908.5453
6291,Sundargarh,5,21,Orissa,11-01-2012,14940.3814
6292,Sonapur,23,21,Orissa,11-01-2012,14992.16746
6293,Jajapur,13,21,Orissa,11-01-2012,15036.77267
6294,Jagatsinghapur,11,21,Orissa,11-01-2012,14991.67916
6295,Jharsuguda,2,21,Orissa,11-01-2012,14988.48955
6296,Khordha,17,21,Orissa,11-01-2012,15017.74199
6297,Mayurbhanj,7,21,Orissa,11-01-2012,14961.82479
6298,Puri,18,21,Orissa,11-01-2012,14997.41077
6299,Koraput,29,21,Orissa,11-01-2012,14952.40015
6300,Malkangiri,30,21,Orissa,11-01-2012,14968.03301
6301,Nabarangapur,28,21,Orissa,11-01-2012,15025.00913
6302,Nayagarh,16,21,Orissa,11-01-2012,14956.04195
6303,Nuapada,25,21,Orissa,11-01-2012,15022.21261
6304,Kandhamal,21,21,Orissa,11-01-2012,14851.68343
6305,Sambalpur,3,21,Orissa,11-01-2012,14939.72536
6306,Bastar,15,22,Chhattisgarh,11-01-2012,14975.09953
6307,Dantewada,16,22,Chhattisgarh,11-01-2012,14956.19353
6308,Dhamtari,13,22,Chhattisgarh,11-01-2012,15018.08055
6309,Durg,10,22,Chhattisgarh,11-01-2012,15087.42103
6310,Kanker,14,22,Chhattisgarh,11-01-2012,15006.06523
6311,Surguja,2,22,Chhattisgarh,11-01-2012,14910.70167
6312,Bilaspur,7,22,Chhattisgarh,11-01-2012,14993.22756
6313,Janjgir - Champa,6,22,Chhattisgarh,11-01-2012,15041.39406
6314,Korba,5,22,Chhattisgarh,11-01-2012,14951.24838
6315,Kawardha,8,22,Chhattisgarh,11-01-2012,15038.11523
6316,Jashpur,3,22,Chhattisgarh,11-01-2012,14937.43588
6317,Koriya,1,22,Chhattisgarh,11-01-2012,14910.77351
6318,Mahasamund,12,22,Chhattisgarh,11-01-2012,15068.56876
6319,Raigarh,4,22,Chhattisgarh,11-01-2012,14988.89956
6320,Raipur,11,22,Chhattisgarh,11-01-2012,15047.20718
6321,Rajnandgaon,9,22,Chhattisgarh,11-01-2012,15069.60897
6322,Hoshangabad,37,23,Madhya Pradesh,11-01-2012,15147.38011
6323,Indore,26,23,Madhya Pradesh,11-01-2012,15272.31853
6324,Bhind,3,23,Madhya Pradesh,11-01-2012,15130.162
6325,Bhopal,32,23,Madhya Pradesh,11-01-2012,15271.26531
6326,Barwani,28,23,Madhya Pradesh,11-01-2012,15422.4481
6327,Betul,35,23,Madhya Pradesh,11-01-2012,15190.79652
6328,Balaghat,45,23,Madhya Pradesh,11-01-2012,14974.36907
6329,Chhatarpur,9,23,Madhya Pradesh,11-01-2012,15192.55971
6330,Chhindwara,43,23,Madhya Pradesh,11-01-2012,15170.36634
6331,Dewas,23,23,Madhya Pradesh,11-01-2012,15255.1746
6332,Katni,38,23,Madhya Pradesh,11-01-2012,15108.30668
6333,Datia,5,23,Madhya Pradesh,11-01-2012,15148.88219
6334,Damoh,12,23,Madhya Pradesh,11-01-2012,15232.5853
6335,Dhar,25,23,Madhya Pradesh,11-01-2012,15349.2095
6336,East Nimar,29,23,Madhya Pradesh,11-01-2012,15266.49073
6337,Guna,7,23,Madhya Pradesh,11-01-2012,15300.54589
6338,Gwalior,4,23,Madhya Pradesh,11-01-2012,15152.07124
6339,Harda,36,23,Madhya Pradesh,11-01-2012,15251.02134
6340,Shajapur,22,23,Madhya Pradesh,11-01-2012,15310.60785
6341,Shivpuri,6,23,Madhya Pradesh,11-01-2012,15199.31513
6342,Ratlam,20,23,Madhya Pradesh,11-01-2012,15309.51453
6343,Rewa,14,23,Madhya Pradesh,11-01-2012,15123.62601
6344,Sagar,11,23,Madhya Pradesh,11-01-2012,15269.64011
6345,Sidhi,17,23,Madhya Pradesh,11-01-2012,15009.93736
6346,Ujjain,21,23,Madhya Pradesh,11-01-2012,15293.10522
6347,Vidisha,31,23,Madhya Pradesh,11-01-2012,15327.73288
6348,West Nimar,27,23,Madhya Pradesh,11-01-2012,15328.99377
6349,Morena,2,23,Madhya Pradesh,11-01-2012,15120.61841
6350,Sheopur,1,23,Madhya Pradesh,11-01-2012,15156.70488
6351,Dindori,41,23,Madhya Pradesh,11-01-2012,15041.46304
6352,Mandla,42,23,Madhya Pradesh,11-01-2012,15039.53469
6353,Shahdol,16,23,Madhya Pradesh,11-01-2012,15026.47166
6354,Umaria,15,23,Madhya Pradesh,11-01-2012,15026.80561
6355,Jabalpur,39,23,Madhya Pradesh,11-01-2012,15157.77428
6356,Jhabua,24,23,Madhya Pradesh,11-01-2012,15353.27089
6357,Mandsaur,19,23,Madhya Pradesh,11-01-2012,15211.43513
6358,Tikamgarh,8,23,Madhya Pradesh,11-01-2012,15206.97767
6359,Narsimhapur,40,23,Madhya Pradesh,11-01-2012,15188.27501
6360,Neemuch,18,23,Madhya Pradesh,11-01-2012,15211.47944
6361,Panna,10,23,Madhya Pradesh,11-01-2012,15172.57169
6362,Raisen,34,23,Madhya Pradesh,11-01-2012,15208.92592
6363,Rajgarh,30,23,Madhya Pradesh,11-01-2012,15316.72492
6364,Satna,13,23,Madhya Pradesh,11-01-2012,15130.19341
6365,Sehore,33,23,Madhya Pradesh,11-01-2012,15265.57098
6366,Seoni,44,23,Madhya Pradesh,11-01-2012,15159.95938
6367,Anand,15,24,Gujarat,11-01-2012,15262.59397
6368,Ahmadabad,7,24,Gujarat,11-01-2012,15418.89174
6369,Amreli,13,24,Gujarat,11-01-2012,15553.62018
6370,Bhavnagar,14,24,Gujarat,11-01-2012,15546.81017
6371,Banas Kantha,2,24,Gujarat,11-01-2012,15339.38397
6372,Dohad,18,24,Gujarat,11-01-2012,15254.19815
6373,Junagadh,12,24,Gujarat,11-01-2012,15490.93809
6374,Kachchh,1,24,Gujarat,11-01-2012,15442.48553
6375,Gandhinagar,6,24,Gujarat,11-01-2012,15279.86679
6376,Sabar Kantha,5,24,Gujarat,11-01-2012,15220.96357
6377,Surendranagar,8,24,Gujarat,11-01-2012,15474.71713
6378,The Dangs,23,24,Gujarat,11-01-2012,15171.19696
6379,Vadodara,19,24,Gujarat,11-01-2012,15259.03984
6380,Valsad,25,24,Gujarat,11-01-2012,15230.54408
6381,Bharuch,21,24,Gujarat,11-01-2012,15345.60431
6382,Surat,22,24,Gujarat,11-01-2012,15253.13537
6383,Jamnagar,10,24,Gujarat,11-01-2012,15486.99806
6384,Kheda,16,24,Gujarat,11-01-2012,15262.39006
6385,Mahesana,4,24,Gujarat,11-01-2012,15295.83869
6386,Narmada,20,24,Gujarat,11-01-2012,15250.98807
6387,Navsari,24,24,Gujarat,11-01-2012,15227.88941
6388,Panch Mahals,17,24,Gujarat,11-01-2012,15222.29693
6389,Patan,3,24,Gujarat,11-01-2012,15454.16453
6390,Porbandar,11,24,Gujarat,11-01-2012,15501.93824
6391,Rajkot,9,24,Gujarat,11-01-2012,15545.86062
6392,Daman,2,25,Daman & Diu,11-01-2012,15195.68928
6393,Diu,1,25,Daman & Diu,11-01-2012,15253.7664
6394,Hingoli,16,27,Maharashtra,11-01-2012,15290.31937
6395,Aurangabad,19,27,Maharashtra,11-01-2012,15396.48426
6396,Ahmadnagar,26,27,Maharashtra,11-01-2012,15389.46937
6397,Akola,5,27,Maharashtra,11-01-2012,15341.8642
6398,Amravati,7,27,Maharashtra,11-01-2012,15238.99708
6399,Bid,27,27,Maharashtra,11-01-2012,15371.1056
6400,Bhandara,10,27,Maharashtra,11-01-2012,15064.25855
6401,Buldana,4,27,Maharashtra,11-01-2012,15351.93766
6402,Chandrapur,13,27,Maharashtra,11-01-2012,15105.12345
6403,Dhule,2,27,Maharashtra,11-01-2012,15458.7524
6404,Gadchiroli,12,27,Maharashtra,11-01-2012,15016.71058
6405,Gondiya,11,27,Maharashtra,11-01-2012,15036.01241
6406,Ratnagiri,32,27,Maharashtra,11-01-2012,15187.02287
6407,Raigarh,24,27,Maharashtra,11-01-2012,15211.39153
6408,Thane,21,27,Maharashtra,11-01-2012,15250.6661
6409,Solapur,30,27,Maharashtra,11-01-2012,15411.87694
6410,Sindhudurg,33,27,Maharashtra,11-01-2012,15181.65767
6411,Wardha,8,27,Maharashtra,11-01-2012,15226.49944
6412,Washim,6,27,Maharashtra,11-01-2012,15290.36674
6413,Yavatmal,14,27,Maharashtra,11-01-2012,15202.264
6414,Jalgaon,3,27,Maharashtra,11-01-2012,15390.70976
6415,Jalna,18,27,Maharashtra,11-01-2012,15422.25489
6416,Kolhapur,34,27,Maharashtra,11-01-2012,15119.30006
6417,Latur,28,27,Maharashtra,11-01-2012,15278.05797
6418,Pune,25,27,Maharashtra,11-01-2012,15278.16697
6419,Nagpur,9,27,Maharashtra,11-01-2012,15160.46731
6420,Mumbai,23,27,Maharashtra,11-01-2012,15257.76881
6421,Mumbai (Suburban),22,27,Maharashtra,11-01-2012,15260.21725
6422,Nanded,15,27,Maharashtra,11-01-2012,15261.72896
6423,Nandurbar,1,27,Maharashtra,11-01-2012,15352.67527
6424,Nashik,20,27,Maharashtra,11-01-2012,15359.41178
6425,Osmanabad,29,27,Maharashtra,11-01-2012,15400.98421
6426,Parbhani,17,27,Maharashtra,11-01-2012,15314.55459
6427,Sangli,35,27,Maharashtra,11-01-2012,15367.71469
6428,Satara,31,27,Maharashtra,11-01-2012,15289.58589
6429,Hyderabad,5,28,Andhra Pradesh,11-01-2012,15182.08137
6430,Anantapur,22,28,Andhra Pradesh,11-01-2012,15319.39676
6431,Adilabad,1,28,Andhra Pradesh,11-01-2012,15137.07083
6432,Chittoor,23,28,Andhra Pradesh,11-01-2012,15135.90874
6433,Cuddapah,20,28,Andhra Pradesh,11-01-2012,15247.04048
6434,East Godavari,14,28,Andhra Pradesh,11-01-2012,15009.04898
6435,Karimnagar,3,28,Andhra Pradesh,11-01-2012,15138.99895
6436,Guntur,17,28,Andhra Pradesh,11-01-2012,15146.16642
6437,Rangareddi,6,28,Andhra Pradesh,11-01-2012,15182.14986
6438,Srikakulam,11,28,Andhra Pradesh,11-01-2012,15045.36577
6439,West Godavari,15,28,Andhra Pradesh,11-01-2012,15075.55318
6440,Visakhapatnam,13,28,Andhra Pradesh,11-01-2012,14958.16969
6441,Vizianagaram,12,28,Andhra Pradesh,11-01-2012,15017.26072
6442,Warangal,9,28,Andhra Pradesh,11-01-2012,15099.66799
6443,Khammam,10,28,Andhra Pradesh,11-01-2012,15045.71528
6444,Medak,4,28,Andhra Pradesh,11-01-2012,15158.86888
6445,Krishna,16,28,Andhra Pradesh,11-01-2012,15052.43843
6446,Kurnool,21,28,Andhra Pradesh,11-01-2012,15268.67362
6447,Mahbubnagar,7,28,Andhra Pradesh,11-01-2012,15231.94837
6448,Nalgonda,8,28,Andhra Pradesh,11-01-2012,15204.85274
6449,Nellore,19,28,Andhra Pradesh,11-01-2012,15199.09462
6450,Nizamabad,2,28,Andhra Pradesh,11-01-2012,15173.6471
6451,Prakasam,18,28,Andhra Pradesh,11-01-2012,15186.65245
6452,Hassan,23,29,Karnataka,11-01-2012,15129.08164
6453,Haveri,11,29,Karnataka,11-01-2012,15277.68265
6454,Bagalkot,2,29,Karnataka,11-01-2012,15296.51484
6455,Bangalore,20,29,Karnataka,11-01-2012,15137.13584
6456,Bidar,5,29,Karnataka,11-01-2012,15247.95657
6457,Bijapur,3,29,Karnataka,11-01-2012,15350.80675
6458,Belgaum,1,29,Karnataka,11-01-2012,15252.1311
6459,Bellary,12,29,Karnataka,11-01-2012,15240.70275
6460,Bangalore Rural,21,29,Karnataka,11-01-2012,15132.44567
6461,Chamarajanagar,27,29,Karnataka,11-01-2012,15132.63541
6462,Chikmagalur,17,29,Karnataka,11-01-2012,15037.68601
6463,Chitradurga,13,29,Karnataka,11-01-2012,15301.18207
6464,Dakshina Kannada,24,29,Karnataka,11-01-2012,15097.8769
6465,Davanagere,14,29,Karnataka,11-01-2012,15209.05037
6466,Dharwad,9,29,Karnataka,11-01-2012,15364.25173
6467,Gulbarga,4,29,Karnataka,11-01-2012,15303.52413
6468,Gadag,8,29,Karnataka,11-01-2012,15373.13156
6469,Shimoga,15,29,Karnataka,11-01-2012,15041.64195
6470,Tumkur,18,29,Karnataka,11-01-2012,15216.19947
6471,Udupi,16,29,Karnataka,11-01-2012,15142.27154
6472,Uttara Kannada,10,29,Karnataka,11-01-2012,14995.45181
6473,Kodagu,25,29,Karnataka,11-01-2012,14936.60111
6474,Kolar,19,29,Karnataka,11-01-2012,15146.08148
6475,Mandya,22,29,Karnataka,11-01-2012,15155.85839
6476,Koppal,7,29,Karnataka,11-01-2012,15301.87834
6477,Mysore,26,29,Karnataka,11-01-2012,15173.11557
6478,Raichur,6,29,Karnataka,11-01-2012,15286.65966
6479,South Goa,2,30,Goa,11-01-2012,15083.12626
6480,North Goa,1,30,Goa,11-01-2012,15174.56977
6481,Idukki,9,32,Kerala,11-01-2012,14948.72195
6482,Alappuzha,11,32,Kerala,11-01-2012,15175.36291
6483,Kasaragod,1,32,Kerala,11-01-2012,15143.61906
6484,Kannur,2,32,Kerala,11-01-2012,15109.96454
6485,Ernakulam,8,32,Kerala,11-01-2012,15162.85452
6486,Thrissur,7,32,Kerala,11-01-2012,15108.43058
6487,Thiruvananthapuram,14,32,Kerala,11-01-2012,15111.29792
6488,Wayanad,3,32,Kerala,11-01-2012,14940.20064
6489,Kollam,13,32,Kerala,11-01-2012,15098.85122
6490,Kottayam,10,32,Kerala,11-01-2012,15151.12761
6491,Kozhikode,4,32,Kerala,11-01-2012,15110.96667
6492,Malappuram,5,32,Kerala,11-01-2012,15096.37181
6493,Palakkad,6,32,Kerala,11-01-2012,15054.84885
6494,Pathanamthitta,12,32,Kerala,11-01-2012,15050.63537
6495,Ariyalur,17,33,Tamil Nadu,11-01-2012,15245.29623
6496,Coimbatore,12,33,Tamil Nadu,11-01-2012,15227.06182
6497,Cuddalore,18,33,Tamil Nadu,11-01-2012,15224.2779
6498,Dharmapuri,5,33,Tamil Nadu,11-01-2012,15147.18328
6499,Dindigul,13,33,Tamil Nadu,11-01-2012,15198.27357
6500,Erode,10,33,Tamil Nadu,11-01-2012,15249.5508
6501,Sivaganga,23,33,Tamil Nadu,11-01-2012,15240.14763
6502,Tiruchirappalli,15,33,Tamil Nadu,11-01-2012,15259.02883
6503,Tirunelveli,29,33,Tamil Nadu,11-01-2012,15295.7312
6504,Tiruvannamalai,6,33,Tamil Nadu,11-01-2012,15184.3059
6505,Thoothukkudi,28,33,Tamil Nadu,11-01-2012,15419.21781
6506,Theni,25,33,Tamil Nadu,11-01-2012,15161.90615
6507,Vellore,4,33,Tamil Nadu,11-01-2012,15133.24042
6508,Viluppuram,7,33,Tamil Nadu,11-01-2012,15223.97806
6509,Virudhunagar,26,33,Tamil Nadu,11-01-2012,15428.25758
6510,Chennai,2,33,Tamil Nadu,11-01-2012,15267.89033
6511,Kancheepuram,3,33,Tamil Nadu,11-01-2012,15189.38712
6512,Thiruvallur,1,33,Tamil Nadu,11-01-2012,15149.83173
6513,Thanjavur,21,33,Tamil Nadu,11-01-2012,15184.0111
6514,Thiruvarur,20,33,Tamil Nadu,11-01-2012,15130.02781
6515,Nagapattinam,19,33,Tamil Nadu,11-01-2012,15131.16615
6516,Kanniyakumari,30,33,Tamil Nadu,11-01-2012,15107.95908
6517,Karur,14,33,Tamil Nadu,11-01-2012,15364.80486
6518,Madurai,24,33,Tamil Nadu,11-01-2012,15334.31356
6519,Namakkal,9,33,Tamil Nadu,11-01-2012,15276.4338
6520,The Nilgiris,11,33,Tamil Nadu,11-01-2012,14875.04077
6521,Perambalur,16,33,Tamil Nadu,11-01-2012,15267.99276
6522,Pudukkottai,22,33,Tamil Nadu,11-01-2012,15229.40346
6523,Ramanathapuram,27,33,Tamil Nadu,11-01-2012,15283.40702
6524,Salem,8,33,Tamil Nadu,11-01-2012,15191.73202
6525,Yanam,1,34,Puducherry,11-01-2012,15048.71165
6526,Karaikal,4,34,Puducherry,11-01-2012,15186.52156
6527,Mahe,3,34,Puducherry,11-01-2012,15142.73007
6528,Pondicherry,2,34,Puducherry,11-01-2012,15206.70207
6529,Nicobars,2,35,Andaman & Nicobar Island,11-01-2012,14954.76454
6530,Andamans,1,35,Andaman & Nicobar Island,11-01-2012,14910.99248
6531,Chandigarh,1,4,Chandigarh,12-01-2012,14679.84898
6532,Dadra & Nagar Haveli,1,26,Dadara & Nagar Havelli,12-01-2012,15195.85268
6533,Lakshadweep,1,31,Lakshadweep,12-01-2012,15060.66237
6534,Data Not Available,99,99,Jammu and Kashmir,12-01-2012,13181.57526
6535,Anantnag,6,1,Jammu and Kashmir,12-01-2012,13557.06877
6536,Badgam,4,1,Jammu and Kashmir,12-01-2012,13781.65595
6537,Baramula,2,1,Jammu and Kashmir,12-01-2012,13605.5691
6538,Doda,9,1,Jammu and Kashmir,12-01-2012,13472.03747
6539,Srinagar,3,1,Jammu and Kashmir,12-01-2012,13539.07467
6540,Udhampur,10,1,Jammu and Kashmir,12-01-2012,14259.95215
6541,Jammu,13,1,Jammu and Kashmir,12-01-2012,14614.07855
6542,Kargil,8,1,Jammu and Kashmir,12-01-2012,13068.32695
6543,Kathua,14,1,Jammu and Kashmir,12-01-2012,14513.88011
6544,Leh (Ladakh),7,1,Jammu and Kashmir,12-01-2012,13282.31031
6545,Kupwara,1,1,Jammu and Kashmir,12-01-2012,13715.72842
6546,Punch,11,1,Jammu and Kashmir,12-01-2012,14171.20788
6547,Pulwama,5,1,Jammu and Kashmir,12-01-2012,13982.97946
6548,Rajauri,12,1,Jammu and Kashmir,12-01-2012,14407.79695
6549,Bilaspur,8,2,Himachal Pradesh,12-01-2012,14490.54835
6550,Chamba,1,2,Himachal Pradesh,12-01-2012,13765.92067
6551,Hamirpur,6,2,Himachal Pradesh,12-01-2012,14504.25522
6552,Shimla,11,2,Himachal Pradesh,12-01-2012,14205.64959
6553,Sirmaur,10,2,Himachal Pradesh,12-01-2012,14499.55955
6554,Solan,9,2,Himachal Pradesh,12-01-2012,14540.60581
6555,Una,7,2,Himachal Pradesh,12-01-2012,14598.29542
6556,Kangra,2,2,Himachal Pradesh,12-01-2012,14299.26973
6557,Kinnaur,12,2,Himachal Pradesh,12-01-2012,13426.73447
6558,Lahul & Spiti,3,2,Himachal Pradesh,12-01-2012,13104.46558
6559,Kullu,4,2,Himachal Pradesh,12-01-2012,13710.01573
6560,Mandi,5,2,Himachal Pradesh,12-01-2012,14389.00445
6561,Hoshiarpur,5,3,Punjab,12-01-2012,14640.31252
6562,Amritsar,2,3,Punjab,12-01-2012,14686.47323
6563,Firozpur,11,3,Punjab,12-01-2012,14781.46151
6564,Bathinda,14,3,Punjab,12-01-2012,14800.8564
6565,Gurdaspur,1,3,Punjab,12-01-2012,14614.99539
6566,Faridkot,13,3,Punjab,12-01-2012,14748.91623
6567,Fatehgarh Sahib,8,3,Punjab,12-01-2012,14709.75151
6568,Rupnagar,7,3,Punjab,12-01-2012,14682.88791
6569,Jalandhar,4,3,Punjab,12-01-2012,14677.90284
6570,Kapurthala,3,3,Punjab,12-01-2012,14638.04685
6571,Ludhiana,9,3,Punjab,12-01-2012,14720.4386
6572,Mansa,15,3,Punjab,12-01-2012,14847.69682
6573,Moga,10,3,Punjab,12-01-2012,14729.27187
6574,Muktsar,12,3,Punjab,12-01-2012,14773.18428
6575,Nawanshahr,6,3,Punjab,12-01-2012,14679.4049
6576,Patiala,17,3,Punjab,12-01-2012,14714.00181
6577,Sangrur,16,3,Punjab,12-01-2012,14774.39048
6578,Hardwar,13,5,Uttarakhand,12-01-2012,14665.57488
6579,Bageshwar,8,5,Uttarakhand,12-01-2012,14199.22847
6580,Almora,9,5,Uttarakhand,12-01-2012,14449.89526
6581,Chamoli,2,5,Uttarakhand,12-01-2012,13734.84851
6582,Champawat,10,5,Uttarakhand,12-01-2012,14471.43881
6583,Dehradun,5,5,Uttarakhand,12-01-2012,14504.63588
6584,Garhwal,6,5,Uttarakhand,12-01-2012,14458.88947
6585,Rudraprayag,3,5,Uttarakhand,12-01-2012,14104.36066
6586,Tehri Garhwal,4,5,Uttarakhand,12-01-2012,14286.02533
6587,Udham Singh Nagar,12,5,Uttarakhand,12-01-2012,14695.33361
6588,Uttarkashi,1,5,Uttarakhand,12-01-2012,13771.35421
6589,Nainital,11,5,Uttarakhand,12-01-2012,14570.01938
6590,Pithoragarh,7,5,Uttarakhand,12-01-2012,13824.90402
6591,Hisar,12,6,Haryana,12-01-2012,14786.66075
6592,Ambala,2,6,Haryana,12-01-2012,14679.22952
6593,Gurgaon,18,6,Haryana,12-01-2012,14823.20884
6594,Faridabad,19,6,Haryana,12-01-2012,14861.57915
6595,Fatehabad,10,6,Haryana,12-01-2012,14812.32214
6596,Rohtak,14,6,Haryana,12-01-2012,14703.22811
6597,Sirsa,11,6,Haryana,12-01-2012,14902.3674
6598,Sonipat,8,6,Haryana,12-01-2012,14677.80303
6599,Yamunanagar,3,6,Haryana,12-01-2012,14664.7463
6600,Jhajjar,15,6,Haryana,12-01-2012,14779.55174
6601,Mahendragarh,16,6,Haryana,12-01-2012,14883.05192
6602,Rewari,17,6,Haryana,12-01-2012,14795.59144
6603,Bhiwani,13,6,Haryana,12-01-2012,14849.34356
6604,Jind,9,6,Haryana,12-01-2012,14742.60656
6605,Kaithal,5,6,Haryana,12-01-2012,14707.75583
6606,Karnal,6,6,Haryana,12-01-2012,14689.72649
6607,Kurukshetra,4,6,Haryana,12-01-2012,14651.31271
6608,Panchkula,1,6,Haryana,12-01-2012,14652.30914
6609,Panipat,7,6,Haryana,12-01-2012,14716.71215
6610,Central,6,7,Delhi  & NCR,12-01-2012,14711.56921
6611,East,4,7,Delhi  & NCR,12-01-2012,14719.54603
6612,New Delhi,5,7,Delhi  & NCR,12-01-2012,14703.02575
6613,North,2,7,Delhi  & NCR,12-01-2012,14714.19298
6614,North East,3,7,Delhi  & NCR,12-01-2012,14720.02131
6615,North West,1,7,Delhi  & NCR,12-01-2012,14712.44882
6616,South,9,7,Delhi  & NCR,12-01-2012,14729.02603
6617,South West,8,7,Delhi  & NCR,12-01-2012,14717.97748
6618,West,7,7,Delhi  & NCR,12-01-2012,14708.3498
6619,Ajmer,21,8,Rajasthan,12-01-2012,15034.7405
6620,Banswara,28,8,Rajasthan,12-01-2012,15152.78371
6621,Barmer,17,8,Rajasthan,12-01-2012,15222.50953
6622,Bhilwara,24,8,Rajasthan,12-01-2012,15035.48264
6623,Bikaner,3,8,Rajasthan,12-01-2012,15147.9991
6624,Bharatpur,7,8,Rajasthan,12-01-2012,14833.3033
6625,Bundi,23,8,Rajasthan,12-01-2012,14975.49982
6626,Chittaurgarh,29,8,Rajasthan,12-01-2012,14994.5884
6627,Churu,4,8,Rajasthan,12-01-2012,15056.35515
6628,Dausa,11,8,Rajasthan,12-01-2012,14916.8588
6629,Dhaulpur,8,8,Rajasthan,12-01-2012,14910.48442
6630,Dungarpur,27,8,Rajasthan,12-01-2012,15085.13567
6631,Karauli,9,8,Rajasthan,12-01-2012,14948.25462
6632,Sirohi,19,8,Rajasthan,12-01-2012,15079.80938
6633,Tonk,22,8,Rajasthan,12-01-2012,14916.37331
6634,Sikar,13,8,Rajasthan,12-01-2012,14981.37452
6635,Alwar,6,8,Rajasthan,12-01-2012,14868.61633
6636,Udaipur,26,8,Rajasthan,12-01-2012,15031.10801
6637,Ganganagar,1,8,Rajasthan,12-01-2012,14957.80104
6638,Hanumangarh,2,8,Rajasthan,12-01-2012,14981.65865
6639,Baran,31,8,Rajasthan,12-01-2012,15017.06964
6640,Jaipur,12,8,Rajasthan,12-01-2012,14987.21432
6641,Jaisalmer,16,8,Rajasthan,12-01-2012,15266.59108
6642,Jalor,18,8,Rajasthan,12-01-2012,15165.50219
6643,Jhalawar,32,8,Rajasthan,12-01-2012,15050.87408
6644,Jhunjhunun,5,8,Rajasthan,12-01-2012,14969.34956
6645,Jodhpur,15,8,Rajasthan,12-01-2012,15173.58018
6646,Kota,30,8,Rajasthan,12-01-2012,14985.21636
6647,Nagaur,14,8,Rajasthan,12-01-2012,15090.68058
6648,Pali,20,8,Rajasthan,12-01-2012,15137.84033
6649,Rajsamand,25,8,Rajasthan,12-01-2012,14991.26309
6650,Sawai Madhopur,10,8,Rajasthan,12-01-2012,14884.34248
6651,Hathras,13,9,Uttar Pradesh,12-01-2012,14841.8817
6652,Auraiya,32,9,Uttar Pradesh,12-01-2012,14910.80004
6653,Azamgarh,61,9,Uttar Pradesh,12-01-2012,14920.40441
6654,Budaun,19,9,Uttar Pradesh,12-01-2012,14809.05652
6655,Agra,15,9,Uttar Pradesh,12-01-2012,14846.91607
6656,Aligarh,12,9,Uttar Pradesh,12-01-2012,14835.05055
6657,Allahabad,45,9,Uttar Pradesh,12-01-2012,14921.2407
6658,Ambedkar Nagar,48,9,Uttar Pradesh,12-01-2012,14886.69823
6659,Bareilly,20,9,Uttar Pradesh,12-01-2012,14771.33955
6660,Bijnor,3,9,Uttar Pradesh,12-01-2012,14684.28269
6661,Basti,55,9,Uttar Pradesh,12-01-2012,14856.79439
6662,Baghpat,8,9,Uttar Pradesh,12-01-2012,14668.25346
6663,Bahraich,50,9,Uttar Pradesh,12-01-2012,14788.76063
6664,Ballia,63,9,Uttar Pradesh,12-01-2012,14878.64971
6665,Balrampur,52,9,Uttar Pradesh,12-01-2012,14835.35755
6666,Banda,40,9,Uttar Pradesh,12-01-2012,14948.20968
6667,Barabanki,46,9,Uttar Pradesh,12-01-2012,14855.80551
6668,Chitrakoot,41,9,Uttar Pradesh,12-01-2012,14937.63822
6669,Chandauli,66,9,Uttar Pradesh,12-01-2012,14882.95032
6670,Deoria,60,9,Uttar Pradesh,12-01-2012,14949.64102
6671,Etah,17,9,Uttar Pradesh,12-01-2012,14836.66416
6672,Kanpur Dehat,33,9,Uttar Pradesh,12-01-2012,14909.85175
6673,Etawah,31,9,Uttar Pradesh,12-01-2012,14884.46661
6674,Faizabad,47,9,Uttar Pradesh,12-01-2012,14867.35114
6675,Ghazipur,65,9,Uttar Pradesh,12-01-2012,14905.68786
6676,Gonda,53,9,Uttar Pradesh,12-01-2012,14829.48606
6677,Gorakhpur,58,9,Uttar Pradesh,12-01-2012,14915.04838
6678,Farrukhabad,29,9,Uttar Pradesh,12-01-2012,14818.59443
6679,Fatehpur,42,9,Uttar Pradesh,12-01-2012,14900.52702
6680,Firozabad,16,9,Uttar Pradesh,12-01-2012,14865.27524
6681,Hamirpur,38,9,Uttar Pradesh,12-01-2012,14960.08215
6682,Hardoi,25,9,Uttar Pradesh,12-01-2012,14857.78997
6683,Shrawasti,51,9,Uttar Pradesh,12-01-2012,14828.30849
6684,Saharanpur,1,9,Uttar Pradesh,12-01-2012,14645.58472
6685,Sitapur,24,9,Uttar Pradesh,12-01-2012,14798.98718
6686,Sultanpur,49,9,Uttar Pradesh,12-01-2012,14929.98996
6687,Sonbhadra,70,9,Uttar Pradesh,12-01-2012,14845.69226
6688,Siddharthnagar,54,9,Uttar Pradesh,12-01-2012,14957.2681
6689,Unnao,26,9,Uttar Pradesh,12-01-2012,14865.68522
6690,Varanasi,67,9,Uttar Pradesh,12-01-2012,14896.53218
6691,Bulandshahr,11,9,Uttar Pradesh,12-01-2012,14801.38908
6692,Gautam Buddha Nagar,10,9,Uttar Pradesh,12-01-2012,14839.64505
6693,Ghaziabad,9,9,Uttar Pradesh,12-01-2012,14732.8804
6694,Jalaun,35,9,Uttar Pradesh,12-01-2012,14971.76918
6695,Jaunpur,64,9,Uttar Pradesh,12-01-2012,14931.22336
6696,Jhansi,36,9,Uttar Pradesh,12-01-2012,14973.86138
6697,Jyotiba Phule Nagar,6,9,Uttar Pradesh,12-01-2012,14723.72779
6698,Kannauj,30,9,Uttar Pradesh,12-01-2012,14835.74108
6699,Kanpur Nagar,34,9,Uttar Pradesh,12-01-2012,14878.11427
6700,Kaushambi,44,9,Uttar Pradesh,12-01-2012,14883.18816
6701,Kheri,23,9,Uttar Pradesh,12-01-2012,14746.25335
6702,Mirzapur,69,9,Uttar Pradesh,12-01-2012,14943.35507
6703,Moradabad,4,9,Uttar Pradesh,12-01-2012,14759.54865
6704,Muzaffarnagar,2,9,Uttar Pradesh,12-01-2012,14675.29584
6705,Rae Bareli,28,9,Uttar Pradesh,12-01-2012,14899.03783
6706,Kushinagar,59,9,Uttar Pradesh,12-01-2012,14901.05951
6707,Lucknow,27,9,Uttar Pradesh,12-01-2012,14864.67545
6708,Lalitpur,37,9,Uttar Pradesh,12-01-2012,14944.3549
6709,Mahrajganj,57,9,Uttar Pradesh,12-01-2012,14919.97521
6710,Mahoba,39,9,Uttar Pradesh,12-01-2012,14982.64813
6711,Mainpuri,18,9,Uttar Pradesh,12-01-2012,14876.30608
6712,Mathura,14,9,Uttar Pradesh,12-01-2012,14846.10252
6713,Mau,62,9,Uttar Pradesh,12-01-2012,14913.56932
6714,Meerut,7,9,Uttar Pradesh,12-01-2012,14684.65673
6715,Pilibhit,21,9,Uttar Pradesh,12-01-2012,14706.02966
6716,Pratapgarh,43,9,Uttar Pradesh,12-01-2012,14909.92976
6717,Rampur,5,9,Uttar Pradesh,12-01-2012,14723.47911
6718,Sant Ravidas Nagar Bhadohi,68,9,Uttar Pradesh,12-01-2012,14902.05867
6719,Sant Kabir Nagar,56,9,Uttar Pradesh,12-01-2012,14913.24038
6720,Shahjahanpur,22,9,Uttar Pradesh,12-01-2012,14794.48551
6721,Araria,7,10,Bihar,12-01-2012,14853.91112
6722,Aurangabad,34,10,Bihar,12-01-2012,14874.46639
6723,Banka,23,10,Bihar,12-01-2012,14851.01631
6724,Bhagalpur,22,10,Bihar,12-01-2012,14807.39291
6725,Begusarai,20,10,Bihar,12-01-2012,14780.00156
6726,Saran,17,10,Bihar,12-01-2012,14731.42371
6727,Katihar,10,10,Bihar,12-01-2012,14822.18789
6728,Darbhanga,13,10,Bihar,12-01-2012,14806.01198
6729,Gopalganj,15,10,Bihar,12-01-2012,14866.28286
6730,Sheikhpura,26,10,Bihar,12-01-2012,14822.05966
6731,Sheohar,3,10,Bihar,12-01-2012,14804.47918
6732,Saharsa,12,10,Bihar,12-01-2012,14870.02979
6733,Sitamarhi,4,10,Bihar,12-01-2012,14847.32375
6734,Siwan,16,10,Bihar,12-01-2012,14889.26672
6735,Supaul,6,10,Bihar,12-01-2012,14819.56846
6736,Vaishali,18,10,Bihar,12-01-2012,14740.8314
6737,Kaimur (Bhabua),31,10,Bihar,12-01-2012,14889.21682
6738,Gaya,35,10,Bihar,12-01-2012,14895.8221
6739,Bhojpur,29,10,Bihar,12-01-2012,14847.718
6740,Buxar,30,10,Bihar,12-01-2012,14869.24092
6741,Jehanabad,33,10,Bihar,12-01-2012,14854.77183
6742,Rohtas,32,10,Bihar,12-01-2012,14877.17076
6743,Jamui,37,10,Bihar,12-01-2012,14831.24508
6744,Kishanganj,8,10,Bihar,12-01-2012,14812.88651
6745,Muzaffarpur,14,10,Bihar,12-01-2012,14727.51976
6746,Purnia,9,10,Bihar,12-01-2012,14869.4167
6747,Khagaria,21,10,Bihar,12-01-2012,14808.63423
6748,Madhubani,5,10,Bihar,12-01-2012,14877.55208
6749,Lakhisarai,25,10,Bihar,12-01-2012,14795.75744
6750,Madhepura,11,10,Bihar,12-01-2012,14896.19386
6751,Purba Champaran,2,10,Bihar,12-01-2012,14805.32798
6752,Munger,24,10,Bihar,12-01-2012,14790.78694
6753,Nalanda,27,10,Bihar,12-01-2012,14847.85049
6754,Nawada,36,10,Bihar,12-01-2012,14832.61669
6755,Pashchim Champaran,1,10,Bihar,12-01-2012,14843.29473
6756,Patna,28,10,Bihar,12-01-2012,14808.65897
6757,Samastipur,19,10,Bihar,12-01-2012,14800.0474
6758,East,4,11,Sikkim,12-01-2012,14306.94126
6759,South,3,11,Sikkim,12-01-2012,14372.74663
6760,West,2,11,Sikkim,12-01-2012,14237.7788
6761,North,1,11,Sikkim,12-01-2012,13912.53826
6762,Changlang,12,12,Arunanchal Pradesh,12-01-2012,14457.81605
6763,Dibang Valley,10,12,Arunanchal Pradesh,12-01-2012,13984.62951
6764,East Kameng,3,12,Arunanchal Pradesh,12-01-2012,14280.89668
6765,East Siang,8,12,Arunanchal Pradesh,12-01-2012,14520.46694
6766,Tawang,1,12,Arunanchal Pradesh,12-01-2012,14090.15683
6767,Tirap,13,12,Arunanchal Pradesh,12-01-2012,14536.45461
6768,West Kameng,2,12,Arunanchal Pradesh,12-01-2012,14255.51562
6769,West Siang,7,12,Arunanchal Pradesh,12-01-2012,14220.41664
6770,Upper Siang,9,12,Arunanchal Pradesh,12-01-2012,14062.08077
6771,Upper Subansiri,6,12,Arunanchal Pradesh,12-01-2012,14070.00758
6772,Lohit,11,12,Arunanchal Pradesh,12-01-2012,14191.0612
6773,Lower Subansiri,5,12,Arunanchal Pradesh,12-01-2012,14171.24232
6774,Papum Pare,4,12,Arunanchal Pradesh,12-01-2012,14422.30657
6775,Tuensang,2,13,Nagaland,12-01-2012,14425.83432
6776,Wokha,5,13,Nagaland,12-01-2012,14590.47786
6777,Zunheboto,4,13,Nagaland,12-01-2012,14457.83253
6778,Dimapur,6,13,Nagaland,12-01-2012,14712.01835
6779,Kohima,7,13,Nagaland,12-01-2012,14539.00225
6780,Mokokchung,3,13,Nagaland,12-01-2012,14586.47218
6781,Mon,1,13,Nagaland,12-01-2012,14608.22268
6782,Phek,8,13,Nagaland,12-01-2012,14391.26308
6783,Bishnupur,4,14,Manipur,12-01-2012,14555.97296
6784,Chandel,9,14,Manipur,12-01-2012,14541.64599
6785,Churachandpur,3,14,Manipur,12-01-2012,14530.79045
6786,Tamenglong,2,14,Manipur,12-01-2012,14534.54087
6787,Thoubal,5,14,Manipur,12-01-2012,14553.52774
6788,Ukhrul,8,14,Manipur,12-01-2012,14487.28386
6789,Imphal East,7,14,Manipur,12-01-2012,14635.37028
6790,Imphal West,6,14,Manipur,12-01-2012,14681.71101
6791,Senapati (Excl. 3 sub-divisions),1,14,Manipur,12-01-2012,14480.95379
6792,Aizawl,3,15,Mizoram,12-01-2012,14597.03274
6793,Champhai,4,15,Mizoram,12-01-2012,14536.02968
6794,Kolasib,2,15,Mizoram,12-01-2012,14658.51857
6795,Mamit,1,15,Mizoram,12-01-2012,14665.49499
6796,Lunglei,6,15,Mizoram,12-01-2012,14617.2106
6797,Lawngtlai,7,15,Mizoram,12-01-2012,14672.03766
6798,Saiha,8,15,Mizoram,12-01-2012,14609.17668
6799,Serchhip,5,15,Mizoram,12-01-2012,14560.11131
6800,Dhalai,3,16,Tripura,12-01-2012,14766.97636
6801,South Tripura,2,16,Tripura,12-01-2012,14813.31443
6802,West Tripura,1,16,Tripura,12-01-2012,14821.00355
6803,North Tripura,4,16,Tripura,12-01-2012,14782.68617
6804,East Garo Hills,2,17,Meghalaya,12-01-2012,14684.44535
6805,East Khasi Hills,6,17,Meghalaya,12-01-2012,14612.89309
6806,Ri Bhoi,5,17,Meghalaya,12-01-2012,14649.21164
6807,South Garo Hills,3,17,Meghalaya,12-01-2012,14694.96815
6808,West Garo Hills,1,17,Meghalaya,12-01-2012,14740.20959
6809,West Khasi Hills,4,17,Meghalaya,12-01-2012,14616.51269
6810,Jaintia Hills,7,17,Meghalaya,12-01-2012,14640.21377
6811,Barpeta,5,18,Assam,12-01-2012,14827.87663
6812,Bongaigaon,4,18,Assam,12-01-2012,14823.25773
6813,Cachar,21,18,Assam,12-01-2012,14753.73119
6814,Darrang,8,18,Assam,12-01-2012,14836.61248
6815,Dhemaji,13,18,Assam,12-01-2012,14798.21871
6816,Dhubri,2,18,Assam,12-01-2012,14799.20941
6817,Dibrugarh,15,18,Assam,12-01-2012,14762.30414
6818,Kamrup,6,18,Assam,12-01-2012,14774.3067
6819,Karbi Anglong,19,18,Assam,12-01-2012,14665.3608
6820,Goalpara,3,18,Assam,12-01-2012,14783.23062
6821,Golaghat,18,18,Assam,12-01-2012,14795.06025
6822,Hailakandi,23,18,Assam,12-01-2012,14770.82725
6823,Sonitpur,11,18,Assam,12-01-2012,14827.34029
6824,Sibsagar,16,18,Assam,12-01-2012,14775.11187
6825,Tinsukia,14,18,Assam,12-01-2012,14723.36419
6826,Jorhat,17,18,Assam,12-01-2012,14783.07626
6827,Karimganj,22,18,Assam,12-01-2012,14808.22434
6828,Kokrajhar,1,18,Assam,12-01-2012,14827.89349
6829,Lakhimpur,12,18,Assam,12-01-2012,14806.45812
6830,Nagaon,10,18,Assam,12-01-2012,14796.15163
6831,Marigaon,9,18,Assam,12-01-2012,14832.62012
6832,Nalbari,7,18,Assam,12-01-2012,14831.62075
6833,North Cachar Hills,20,18,Assam,12-01-2012,14628.62484
6834,Hugli,12,19,West Bengal,12-01-2012,14879.0898
6835,Barddhaman,9,19,West Bengal,12-01-2012,14858.83278
6836,Birbhum,8,19,West Bengal,12-01-2012,14881.72368
6837,Bankura,13,19,West Bengal,12-01-2012,14858.94549
6838,Dakshin Dinajpur,5,19,West Bengal,12-01-2012,14808.40556
6839,Darjiling,1,19,West Bengal,12-01-2012,14600.89993
6840,Haora,16,19,West Bengal,12-01-2012,14843.35446
6841,South  Twenty Four Parganas,18,19,West Bengal,12-01-2012,14844.30498
6842,Uttar Dinajpur,4,19,West Bengal,12-01-2012,14836.49678
6843,Jalpaiguri,2,19,West Bengal,12-01-2012,14829.06451
6844,Koch Bihar,3,19,West Bengal,12-01-2012,14828.94445
6845,Murshidabad,7,19,West Bengal,12-01-2012,14813.41662
6846,Puruliya,14,19,West Bengal,12-01-2012,14866.26015
6847,Kolkata,17,19,West Bengal,12-01-2012,14971.5941
6848,Maldah,6,19,West Bengal,12-01-2012,14773.41137
6849,Nadia,10,19,West Bengal,12-01-2012,14823.813
6850,North Twenty Four Parganas,11,19,West Bengal,12-01-2012,14824.22636
6851,Medinipur,15,19,West Bengal,12-01-2012,14860.34077
6852,Bokaro,13,20,Jharkhand,12-01-2012,14822.58348
6853,Deoghar,7,20,Jharkhand,12-01-2012,14885.02511
6854,Dhanbad,12,20,Jharkhand,12-01-2012,14842.41084
6855,Dumka,11,20,Jharkhand,12-01-2012,14857.08508
6856,Giridih,6,20,Jharkhand,12-01-2012,14860.82101
6857,Godda,8,20,Jharkhand,12-01-2012,14811.05947
6858,Gumla,16,20,Jharkhand,12-01-2012,14842.87762
6859,Ranchi,14,20,Jharkhand,12-01-2012,14820.98871
6860,Sahibganj,9,20,Jharkhand,12-01-2012,14769.00616
6861,Garhwa,1,20,Jharkhand,12-01-2012,14825.97724
6862,Palamu,2,20,Jharkhand,12-01-2012,14787.13335
6863,Chatra,3,20,Jharkhand,12-01-2012,14799.52994
6864,Hazaribagh,4,20,Jharkhand,12-01-2012,14793.55026
6865,Kodarma,5,20,Jharkhand,12-01-2012,14809.26675
6866,Purbi Singhbhum,18,20,Jharkhand,12-01-2012,14871.44941
6867,Lohardaga,15,20,Jharkhand,12-01-2012,14782.82027
6868,Pakaur,10,20,Jharkhand,12-01-2012,14869.51395
6869,Pashchimi Singhbhum,17,20,Jharkhand,12-01-2012,14838.39551
6870,Anugul,15,21,Orissa,12-01-2012,14918.58173
6871,Bhadrak,9,21,Orissa,12-01-2012,14978.4972
6872,Baudh,22,21,Orissa,12-01-2012,14943.22203
6873,Balangir,24,21,Orissa,12-01-2012,15027.03287
6874,Baleshwar,8,21,Orissa,12-01-2012,14933.80584
6875,Bargarh,1,21,Orissa,12-01-2012,14986.34667
6876,Kendrapara,10,21,Orissa,12-01-2012,14970.73622
6877,Kendujhar,6,21,Orissa,12-01-2012,14917.4278
6878,Debagarh,4,21,Orissa,12-01-2012,14876.39924
6879,Cuttack,12,21,Orissa,12-01-2012,15011.13143
6880,Dhenkanal,14,21,Orissa,12-01-2012,14971.01053
6881,Kalahandi,26,21,Orissa,12-01-2012,14979.76466
6882,Ganjam,19,21,Orissa,12-01-2012,14996.38595
6883,Gajapati,20,21,Orissa,12-01-2012,14924.40094
6884,Rayagada,27,21,Orissa,12-01-2012,14936.47858
6885,Sundargarh,5,21,Orissa,12-01-2012,14863.95207
6886,Sonapur,23,21,Orissa,12-01-2012,14998.25076
6887,Jajapur,13,21,Orissa,12-01-2012,15031.78711
6888,Jagatsinghapur,11,21,Orissa,12-01-2012,14998.16286
6889,Jharsuguda,2,21,Orissa,12-01-2012,14928.5072
6890,Khordha,17,21,Orissa,12-01-2012,15020.30831
6891,Mayurbhanj,7,21,Orissa,12-01-2012,14875.68832
6892,Puri,18,21,Orissa,12-01-2012,15009.60284
6893,Koraput,29,21,Orissa,12-01-2012,15020.48381
6894,Malkangiri,30,21,Orissa,12-01-2012,14995.67408
6895,Nabarangapur,28,21,Orissa,12-01-2012,15070.35844
6896,Nayagarh,16,21,Orissa,12-01-2012,14939.57162
6897,Nuapada,25,21,Orissa,12-01-2012,15016.57835
6898,Kandhamal,21,21,Orissa,12-01-2012,14857.69097
6899,Sambalpur,3,21,Orissa,12-01-2012,14890.33582
6900,Bastar,15,22,Chhattisgarh,12-01-2012,14979.97713
6901,Dantewada,16,22,Chhattisgarh,12-01-2012,14947.24825
6902,Dhamtari,13,22,Chhattisgarh,12-01-2012,14988.81282
6903,Durg,10,22,Chhattisgarh,12-01-2012,15042.39575
6904,Kanker,14,22,Chhattisgarh,12-01-2012,14976.0178
6905,Surguja,2,22,Chhattisgarh,12-01-2012,14803.74346
6906,Bilaspur,7,22,Chhattisgarh,12-01-2012,14925.30699
6907,Janjgir - Champa,6,22,Chhattisgarh,12-01-2012,15001.61491
6908,Korba,5,22,Chhattisgarh,12-01-2012,14851.41936
6909,Kawardha,8,22,Chhattisgarh,12-01-2012,14981.23537
6910,Jashpur,3,22,Chhattisgarh,12-01-2012,14866.0824
6911,Koriya,1,22,Chhattisgarh,12-01-2012,14798.67513
6912,Mahasamund,12,22,Chhattisgarh,12-01-2012,15036.30998
6913,Raigarh,4,22,Chhattisgarh,12-01-2012,14923.27629
6914,Raipur,11,22,Chhattisgarh,12-01-2012,15004.7657
6915,Rajnandgaon,9,22,Chhattisgarh,12-01-2012,15012.69248
6916,Hoshangabad,37,23,Madhya Pradesh,12-01-2012,14945.80978
6917,Indore,26,23,Madhya Pradesh,12-01-2012,15025.80115
6918,Bhind,3,23,Madhya Pradesh,12-01-2012,14868.90539
6919,Bhopal,32,23,Madhya Pradesh,12-01-2012,15051.15306
6920,Barwani,28,23,Madhya Pradesh,12-01-2012,15309.46616
6921,Betul,35,23,Madhya Pradesh,12-01-2012,15099.51251
6922,Balaghat,45,23,Madhya Pradesh,12-01-2012,14901.97053
6923,Chhatarpur,9,23,Madhya Pradesh,12-01-2012,15002.37136
6924,Chhindwara,43,23,Madhya Pradesh,12-01-2012,15067.68706
6925,Dewas,23,23,Madhya Pradesh,12-01-2012,15043.78441
6926,Katni,38,23,Madhya Pradesh,12-01-2012,14975.8965
6927,Datia,5,23,Madhya Pradesh,12-01-2012,14971.99279
6928,Damoh,12,23,Madhya Pradesh,12-01-2012,15062.7549
6929,Dhar,25,23,Madhya Pradesh,12-01-2012,15153.10525
6930,East Nimar,29,23,Madhya Pradesh,12-01-2012,15153.42905
6931,Guna,7,23,Madhya Pradesh,12-01-2012,15097.09426
6932,Gwalior,4,23,Madhya Pradesh,12-01-2012,14957.6927
6933,Harda,36,23,Madhya Pradesh,12-01-2012,14995.24525
6934,Shajapur,22,23,Madhya Pradesh,12-01-2012,15059.43524
6935,Shivpuri,6,23,Madhya Pradesh,12-01-2012,15013.0113
6936,Ratlam,20,23,Madhya Pradesh,12-01-2012,15077.38354
6937,Rewa,14,23,Madhya Pradesh,12-01-2012,14959.88385
6938,Sagar,11,23,Madhya Pradesh,12-01-2012,15076.93454
6939,Sidhi,17,23,Madhya Pradesh,12-01-2012,14850.37682
6940,Ujjain,21,23,Madhya Pradesh,12-01-2012,14987.90945
6941,Vidisha,31,23,Madhya Pradesh,12-01-2012,15102.43725
6942,West Nimar,27,23,Madhya Pradesh,12-01-2012,15215.35727
6943,Morena,2,23,Madhya Pradesh,12-01-2012,14882.02131
6944,Sheopur,1,23,Madhya Pradesh,12-01-2012,14968.1735
6945,Dindori,41,23,Madhya Pradesh,12-01-2012,14979.86478
6946,Mandla,42,23,Madhya Pradesh,12-01-2012,14960.69599
6947,Shahdol,16,23,Madhya Pradesh,12-01-2012,14920.19906
6948,Umaria,15,23,Madhya Pradesh,12-01-2012,14900.64227
6949,Jabalpur,39,23,Madhya Pradesh,12-01-2012,15027.00084
6950,Jhabua,24,23,Madhya Pradesh,12-01-2012,15214.77255
6951,Mandsaur,19,23,Madhya Pradesh,12-01-2012,14969.97215
6952,Tikamgarh,8,23,Madhya Pradesh,12-01-2012,14987.23324
6953,Narsimhapur,40,23,Madhya Pradesh,12-01-2012,15021.64106
6954,Neemuch,18,23,Madhya Pradesh,12-01-2012,15006.55301
6955,Panna,10,23,Madhya Pradesh,12-01-2012,15005.1169
6956,Raisen,34,23,Madhya Pradesh,12-01-2012,15047.91364
6957,Rajgarh,30,23,Madhya Pradesh,12-01-2012,15084.7925
6958,Satna,13,23,Madhya Pradesh,12-01-2012,14968.99409
6959,Sehore,33,23,Madhya Pradesh,12-01-2012,15040.98536
6960,Seoni,44,23,Madhya Pradesh,12-01-2012,15033.54481
6961,Anand,15,24,Gujarat,12-01-2012,15124.18176
6962,Ahmadabad,7,24,Gujarat,12-01-2012,15226.4161
6963,Amreli,13,24,Gujarat,12-01-2012,15426.91847
6964,Bhavnagar,14,24,Gujarat,12-01-2012,15403.33708
6965,Banas Kantha,2,24,Gujarat,12-01-2012,15114.34427
6966,Dohad,18,24,Gujarat,12-01-2012,15109.44092
6967,Junagadh,12,24,Gujarat,12-01-2012,15367.15137
6968,Kachchh,1,24,Gujarat,12-01-2012,15221.96118
6969,Gandhinagar,6,24,Gujarat,12-01-2012,15128.81894
6970,Sabar Kantha,5,24,Gujarat,12-01-2012,15075.6581
6971,Surendranagar,8,24,Gujarat,12-01-2012,15277.13548
6972,The Dangs,23,24,Gujarat,12-01-2012,15130.77684
6973,Vadodara,19,24,Gujarat,12-01-2012,15152.54112
6974,Valsad,25,24,Gujarat,12-01-2012,15164.10716
6975,Bharuch,21,24,Gujarat,12-01-2012,15213.56767
6976,Surat,22,24,Gujarat,12-01-2012,15165.79965
6977,Jamnagar,10,24,Gujarat,12-01-2012,15350.71181
6978,Kheda,16,24,Gujarat,12-01-2012,15113.41776
6979,Mahesana,4,24,Gujarat,12-01-2012,15126.22285
6980,Narmada,20,24,Gujarat,12-01-2012,15179.04304
6981,Navsari,24,24,Gujarat,12-01-2012,15148.65757
6982,Panch Mahals,17,24,Gujarat,12-01-2012,15106.01564
6983,Patan,3,24,Gujarat,12-01-2012,15246.56479
6984,Porbandar,11,24,Gujarat,12-01-2012,15376.36992
6985,Rajkot,9,24,Gujarat,12-01-2012,15397.17453
6986,Daman,2,25,Daman & Diu,12-01-2012,15101.87427
6987,Diu,1,25,Daman & Diu,12-01-2012,15126.08345
6988,Hingoli,16,27,Maharashtra,12-01-2012,15211.09707
6989,Aurangabad,19,27,Maharashtra,12-01-2012,15351.7468
6990,Ahmadnagar,26,27,Maharashtra,12-01-2012,15336.70346
6991,Akola,5,27,Maharashtra,12-01-2012,15221.09493
6992,Amravati,7,27,Maharashtra,12-01-2012,15159.37391
6993,Bid,27,27,Maharashtra,12-01-2012,15357.36605
6994,Bhandara,10,27,Maharashtra,12-01-2012,15014.66386
6995,Buldana,4,27,Maharashtra,12-01-2012,15275.66682
6996,Chandrapur,13,27,Maharashtra,12-01-2012,15076.18536
6997,Dhule,2,27,Maharashtra,12-01-2012,15342.48245
6998,Gadchiroli,12,27,Maharashtra,12-01-2012,14977.64561
6999,Gondiya,11,27,Maharashtra,12-01-2012,14981.92921
7000,Ratnagiri,32,27,Maharashtra,12-01-2012,15174.04915
7001,Raigarh,24,27,Maharashtra,12-01-2012,15200.34513
7002,Thane,21,27,Maharashtra,12-01-2012,15225.75958
7003,Solapur,30,27,Maharashtra,12-01-2012,15368.9867
7004,Sindhudurg,33,27,Maharashtra,12-01-2012,15187.5833
7005,Wardha,8,27,Maharashtra,12-01-2012,15169.07597
7006,Washim,6,27,Maharashtra,12-01-2012,15221.78729
7007,Yavatmal,14,27,Maharashtra,12-01-2012,15175.61905
7008,Jalgaon,3,27,Maharashtra,12-01-2012,15297.61647
7009,Jalna,18,27,Maharashtra,12-01-2012,15377.56038
7010,Kolhapur,34,27,Maharashtra,12-01-2012,15129.82059
7011,Latur,28,27,Maharashtra,12-01-2012,15277.72843
7012,Pune,25,27,Maharashtra,12-01-2012,15214.29629
7013,Nagpur,9,27,Maharashtra,12-01-2012,15088.73318
7014,Mumbai,23,27,Maharashtra,12-01-2012,15178.54974
7015,Mumbai (Suburban),22,27,Maharashtra,12-01-2012,15196.94439
7016,Nanded,15,27,Maharashtra,12-01-2012,15228.97625
7017,Nandurbar,1,27,Maharashtra,12-01-2012,15261.72272
7018,Nashik,20,27,Maharashtra,12-01-2012,15281.40658
7019,Osmanabad,29,27,Maharashtra,12-01-2012,15398.9771
7020,Parbhani,17,27,Maharashtra,12-01-2012,15245.08894
7021,Sangli,35,27,Maharashtra,12-01-2012,15366.30551
7022,Satara,31,27,Maharashtra,12-01-2012,15248.27363
7023,Hyderabad,5,28,Andhra Pradesh,12-01-2012,15145.68562
7024,Anantapur,22,28,Andhra Pradesh,12-01-2012,15313.23848
7025,Adilabad,1,28,Andhra Pradesh,12-01-2012,15146.36623
7026,Chittoor,23,28,Andhra Pradesh,12-01-2012,15085.67279
7027,Cuddapah,20,28,Andhra Pradesh,12-01-2012,15177.65916
7028,East Godavari,14,28,Andhra Pradesh,12-01-2012,15035.70875
7029,Karimnagar,3,28,Andhra Pradesh,12-01-2012,15174.18835
7030,Guntur,17,28,Andhra Pradesh,12-01-2012,15183.729
7031,Rangareddi,6,28,Andhra Pradesh,12-01-2012,15233.28529
7032,Srikakulam,11,28,Andhra Pradesh,12-01-2012,15074.98633
7033,West Godavari,15,28,Andhra Pradesh,12-01-2012,15105.80533
7034,Visakhapatnam,13,28,Andhra Pradesh,12-01-2012,14994.10396
7035,Vizianagaram,12,28,Andhra Pradesh,12-01-2012,15060.2152
7036,Warangal,9,28,Andhra Pradesh,12-01-2012,15128.07893
7037,Khammam,10,28,Andhra Pradesh,12-01-2012,15057.14263
7038,Medak,4,28,Andhra Pradesh,12-01-2012,15211.90908
7039,Krishna,16,28,Andhra Pradesh,12-01-2012,15117.16509
7040,Kurnool,21,28,Andhra Pradesh,12-01-2012,15263.37809
7041,Mahbubnagar,7,28,Andhra Pradesh,12-01-2012,15256.88079
7042,Nalgonda,8,28,Andhra Pradesh,12-01-2012,15247.05851
7043,Nellore,19,28,Andhra Pradesh,12-01-2012,15147.84888
7044,Nizamabad,2,28,Andhra Pradesh,12-01-2012,15176.74084
7045,Prakasam,18,28,Andhra Pradesh,12-01-2012,15218.27223
7046,Hassan,23,29,Karnataka,12-01-2012,15134.37052
7047,Haveri,11,29,Karnataka,12-01-2012,15304.60806
7048,Bagalkot,2,29,Karnataka,12-01-2012,15312.42047
7049,Bangalore,20,29,Karnataka,12-01-2012,15104.6277
7050,Bidar,5,29,Karnataka,12-01-2012,15278.88223
7051,Bijapur,3,29,Karnataka,12-01-2012,15384.32197
7052,Belgaum,1,29,Karnataka,12-01-2012,15277.75119
7053,Bellary,12,29,Karnataka,12-01-2012,15274.26778
7054,Bangalore Rural,21,29,Karnataka,12-01-2012,15151.18244
7055,Chamarajanagar,27,29,Karnataka,12-01-2012,15141.7797
7056,Chikmagalur,17,29,Karnataka,12-01-2012,15036.45157
7057,Chitradurga,13,29,Karnataka,12-01-2012,15327.68207
7058,Dakshina Kannada,24,29,Karnataka,12-01-2012,15084.93248
7059,Davanagere,14,29,Karnataka,12-01-2012,15282.88766
7060,Dharwad,9,29,Karnataka,12-01-2012,15327.03966
7061,Gulbarga,4,29,Karnataka,12-01-2012,15339.16474
7062,Gadag,8,29,Karnataka,12-01-2012,15373.62836
7063,Shimoga,15,29,Karnataka,12-01-2012,15062.60242
7064,Tumkur,18,29,Karnataka,12-01-2012,15243.52791
7065,Udupi,16,29,Karnataka,12-01-2012,15147.90142
7066,Uttara Kannada,10,29,Karnataka,12-01-2012,15004.79176
7067,Kodagu,25,29,Karnataka,12-01-2012,14908.79538
7068,Kolar,19,29,Karnataka,12-01-2012,15152.27902
7069,Mandya,22,29,Karnataka,12-01-2012,15153.33545
7070,Koppal,7,29,Karnataka,12-01-2012,15336.55453
7071,Mysore,26,29,Karnataka,12-01-2012,15193.35495
7072,Raichur,6,29,Karnataka,12-01-2012,15301.42511
7073,South Goa,2,30,Goa,12-01-2012,15119.82532
7074,North Goa,1,30,Goa,12-01-2012,15182.64428
7075,Idukki,9,32,Kerala,12-01-2012,14949.3122
7076,Alappuzha,11,32,Kerala,12-01-2012,15169.43397
7077,Kasaragod,1,32,Kerala,12-01-2012,15160.46346
7078,Kannur,2,32,Kerala,12-01-2012,15136.20626
7079,Ernakulam,8,32,Kerala,12-01-2012,15187.17091
7080,Thrissur,7,32,Kerala,12-01-2012,15105.06854
7081,Thiruvananthapuram,14,32,Kerala,12-01-2012,15113.46004
7082,Wayanad,3,32,Kerala,12-01-2012,14915.73914
7083,Kollam,13,32,Kerala,12-01-2012,15088.35575
7084,Kottayam,10,32,Kerala,12-01-2012,15162.76477
7085,Kozhikode,4,32,Kerala,12-01-2012,15097.84465
7086,Malappuram,5,32,Kerala,12-01-2012,15109.53699
7087,Palakkad,6,32,Kerala,12-01-2012,15066.07232
7088,Pathanamthitta,12,32,Kerala,12-01-2012,15046.19125
7089,Ariyalur,17,33,Tamil Nadu,12-01-2012,15236.56814
7090,Coimbatore,12,33,Tamil Nadu,12-01-2012,15206.84627
7091,Cuddalore,18,33,Tamil Nadu,12-01-2012,15207.93393
7092,Dharmapuri,5,33,Tamil Nadu,12-01-2012,15126.96012
7093,Dindigul,13,33,Tamil Nadu,12-01-2012,15177.31862
7094,Erode,10,33,Tamil Nadu,12-01-2012,15242.07313
7095,Sivaganga,23,33,Tamil Nadu,12-01-2012,15265.63008
7096,Tiruchirappalli,15,33,Tamil Nadu,12-01-2012,15259.7775
7097,Tirunelveli,29,33,Tamil Nadu,12-01-2012,15164.18556
7098,Tiruvannamalai,6,33,Tamil Nadu,12-01-2012,15115.72633
7099,Thoothukkudi,28,33,Tamil Nadu,12-01-2012,15280.45894
7100,Theni,25,33,Tamil Nadu,12-01-2012,15119.26832
7101,Vellore,4,33,Tamil Nadu,12-01-2012,15080.54089
7102,Viluppuram,7,33,Tamil Nadu,12-01-2012,15164.37828
7103,Virudhunagar,26,33,Tamil Nadu,12-01-2012,15396.36574
7104,Chennai,2,33,Tamil Nadu,12-01-2012,15210.89301
7105,Kancheepuram,3,33,Tamil Nadu,12-01-2012,15122.06144
7106,Thiruvallur,1,33,Tamil Nadu,12-01-2012,15125.67278
7107,Thanjavur,21,33,Tamil Nadu,12-01-2012,15140.55195
7108,Thiruvarur,20,33,Tamil Nadu,12-01-2012,15076.49158
7109,Nagapattinam,19,33,Tamil Nadu,12-01-2012,15094.5248
7110,Kanniyakumari,30,33,Tamil Nadu,12-01-2012,15081.13767
7111,Karur,14,33,Tamil Nadu,12-01-2012,15349.51682
7112,Madurai,24,33,Tamil Nadu,12-01-2012,15304.43838
7113,Namakkal,9,33,Tamil Nadu,12-01-2012,15304.87034
7114,The Nilgiris,11,33,Tamil Nadu,12-01-2012,14857.68452
7115,Perambalur,16,33,Tamil Nadu,12-01-2012,15275.9974
7116,Pudukkottai,22,33,Tamil Nadu,12-01-2012,15230.62501
7117,Ramanathapuram,27,33,Tamil Nadu,12-01-2012,15239.04364
7118,Salem,8,33,Tamil Nadu,12-01-2012,15206.56344
7119,Yanam,1,34,Puducherry,12-01-2012,15117.07379
7120,Karaikal,4,34,Puducherry,12-01-2012,15136.66887
7121,Mahe,3,34,Puducherry,12-01-2012,15133.35023
7122,Pondicherry,2,34,Puducherry,12-01-2012,15171.97748
7123,Nicobars,2,35,Andaman & Nicobar Island,12-01-2012,14948.69179
7124,Andamans,1,35,Andaman & Nicobar Island,12-01-2012,14969.9803
0,Lakshadweep,1,31,Lakshadweep,01-01-2013 00:00,15066.11463
1,Chandigarh,1,4,Chandigarh,01-01-2013 00:00,14559.20175
2,Dadra & Nagar Haveli,1,26,Dadara & Nagar Havelli,01-01-2013 00:00,15224.09334
3,North Goa,1,30,Goa,01-01-2013 00:00,15232.65339
4,South Goa,2,30,Goa,01-01-2013 00:00,15185.87601
5,Jorhat,17,18,Assam,01-01-2013 00:00,14782.65231
6,Karimganj,22,18,Assam,01-01-2013 00:00,14750.40709
7,Kokrajhar,1,18,Assam,01-01-2013 00:00,14814.84838
8,Lakhimpur,12,18,Assam,01-01-2013 00:00,14781.78652
9,Nagaon,10,18,Assam,01-01-2013 00:00,14788.36381
10,Marigaon,9,18,Assam,01-01-2013 00:00,14806.39856
11,Nalbari,7,18,Assam,01-01-2013 00:00,14812.75706
12,North Cachar Hills,20,18,Assam,01-01-2013 00:00,14607.02862
13,Sonitpur,11,18,Assam,01-01-2013 00:00,14827.09868
14,Sibsagar,16,18,Assam,01-01-2013 00:00,14770.95191
15,Tinsukia,14,18,Assam,01-01-2013 00:00,14719.89178
16,Barpeta,5,18,Assam,01-01-2013 00:00,14786.19811
17,Bongaigaon,4,18,Assam,01-01-2013 00:00,14790.00002
18,Cachar,21,18,Assam,01-01-2013 00:00,14731.63794
19,Darrang,8,18,Assam,01-01-2013 00:00,14816.33851
20,Dhemaji,13,18,Assam,01-01-2013 00:00,14787.90438
21,Dhubri,2,18,Assam,01-01-2013 00:00,14762.31563
22,Dibrugarh,15,18,Assam,01-01-2013 00:00,14772.46328
23,Kamrup,6,18,Assam,01-01-2013 00:00,14751.46649
24,Karbi Anglong,19,18,Assam,01-01-2013 00:00,14660.83852
25,Goalpara,3,18,Assam,01-01-2013 00:00,14768.44574
26,Golaghat,18,18,Assam,01-01-2013 00:00,14791.72522
27,Hailakandi,23,18,Assam,01-01-2013 00:00,14733.5681
28,Jamui,37,10,Bihar,01-01-2013 00:00,14801.23891
29,Kishanganj,8,10,Bihar,01-01-2013 00:00,14765.5537
30,Muzaffarpur,14,10,Bihar,01-01-2013 00:00,14642.95655
31,Purnia,9,10,Bihar,01-01-2013 00:00,14712.19442
32,Khagaria,21,10,Bihar,01-01-2013 00:00,14689.69821
33,Madhubani,5,10,Bihar,01-01-2013 00:00,14677.22873
34,Lakhisarai,25,10,Bihar,01-01-2013 00:00,14700.77007
35,Madhepura,11,10,Bihar,01-01-2013 00:00,14694.14256
36,Purba Champaran,2,10,Bihar,01-01-2013 00:00,14656.14587
37,Munger,24,10,Bihar,01-01-2013 00:00,14734.30244
38,Nalanda,27,10,Bihar,01-01-2013 00:00,14758.68792
39,Nawada,36,10,Bihar,01-01-2013 00:00,14746.9118
40,Pashchim Champaran,1,10,Bihar,01-01-2013 00:00,14705.86916
41,Patna,28,10,Bihar,01-01-2013 00:00,14711.63215
42,Samastipur,19,10,Bihar,01-01-2013 00:00,14651.36684
43,Sheikhpura,26,10,Bihar,01-01-2013 00:00,14728.91633
44,Sheohar,3,10,Bihar,01-01-2013 00:00,14635.19658
45,Saharsa,12,10,Bihar,01-01-2013 00:00,14661.68867
46,Sitamarhi,4,10,Bihar,01-01-2013 00:00,14661.74299
47,Siwan,16,10,Bihar,01-01-2013 00:00,14682.60791
48,Supaul,6,10,Bihar,01-01-2013 00:00,14658.72757
49,Vaishali,18,10,Bihar,01-01-2013 00:00,14633.85571
50,Kaimur (Bhabua),31,10,Bihar,01-01-2013 00:00,14789.16315
51,Gaya,35,10,Bihar,01-01-2013 00:00,14818.4734
52,Bhojpur,29,10,Bihar,01-01-2013 00:00,14745.14233
53,Buxar,30,10,Bihar,01-01-2013 00:00,14718.99312
54,Jehanabad,33,10,Bihar,01-01-2013 00:00,14791.72332
55,Rohtas,32,10,Bihar,01-01-2013 00:00,14770.63573
56,Araria,7,10,Bihar,01-01-2013 00:00,14700.26408
57,Aurangabad,34,10,Bihar,01-01-2013 00:00,14808.26157
58,Banka,23,10,Bihar,01-01-2013 00:00,14841.49566
59,Bhagalpur,22,10,Bihar,01-01-2013 00:00,14716.8416
60,Begusarai,20,10,Bihar,01-01-2013 00:00,14631.02815
61,Saran,17,10,Bihar,01-01-2013 00:00,14658.05801
62,Katihar,10,10,Bihar,01-01-2013 00:00,14688.03627
63,Darbhanga,13,10,Bihar,01-01-2013 00:00,14646.94877
64,Gopalganj,15,10,Bihar,01-01-2013 00:00,14697.95992
65,Kollam,13,32,Kerala,01-01-2013 00:00,15190.97598
66,Kottayam,10,32,Kerala,01-01-2013 00:00,15216.87713
67,Kozhikode,4,32,Kerala,01-01-2013 00:00,15157.04523
68,Malappuram,5,32,Kerala,01-01-2013 00:00,15174.62636
69,Palakkad,6,32,Kerala,01-01-2013 00:00,15154.06054
70,Pathanamthitta,12,32,Kerala,01-01-2013 00:00,15116.73492
71,Idukki,9,32,Kerala,01-01-2013 00:00,15011.04983
72,Thrissur,7,32,Kerala,01-01-2013 00:00,15191.43009
73,Thiruvananthapuram,14,32,Kerala,01-01-2013 00:00,15181.99003
74,Wayanad,3,32,Kerala,01-01-2013 00:00,15031.81828
75,Alappuzha,11,32,Kerala,01-01-2013 00:00,15165.20179
76,Kasaragod,1,32,Kerala,01-01-2013 00:00,15237.93043
77,Kannur,2,32,Kerala,01-01-2013 00:00,15215.78744
78,Ernakulam,8,32,Kerala,01-01-2013 00:00,15240.77237
79,Jajapur,13,21,Orissa,01-01-2013 00:00,15011.54417
80,Jagatsinghapur,11,21,Orissa,01-01-2013 00:00,15043.16044
81,Jharsuguda,2,21,Orissa,01-01-2013 00:00,14929.83924
82,Khordha,17,21,Orissa,01-01-2013 00:00,15065.24644
83,Mayurbhanj,7,21,Orissa,01-01-2013 00:00,14904.06985
84,Puri,18,21,Orissa,01-01-2013 00:00,15042.26995
85,Koraput,29,21,Orissa,01-01-2013 00:00,15083.97799
86,Malkangiri,30,21,Orissa,01-01-2013 00:00,15066.25416
87,Nabarangapur,28,21,Orissa,01-01-2013 00:00,15148.63597
88,Nayagarh,16,21,Orissa,01-01-2013 00:00,14982.02112
89,Nuapada,25,21,Orissa,01-01-2013 00:00,15070.79539
90,Kandhamal,21,21,Orissa,01-01-2013 00:00,14894.71901
91,Sambalpur,3,21,Orissa,01-01-2013 00:00,14889.57284
92,Rayagada,27,21,Orissa,01-01-2013 00:00,14985.73842
93,Sundargarh,5,21,Orissa,01-01-2013 00:00,14881.85817
94,Sonapur,23,21,Orissa,01-01-2013 00:00,14999.92657
95,Anugul,15,21,Orissa,01-01-2013 00:00,14941.23482
96,Bhadrak,9,21,Orissa,01-01-2013 00:00,15004.68518
97,Baudh,22,21,Orissa,01-01-2013 00:00,14965.38234
98,Balangir,24,21,Orissa,01-01-2013 00:00,15067.01544
99,Baleshwar,8,21,Orissa,01-01-2013 00:00,14947.37002
100,Bargarh,1,21,Orissa,01-01-2013 00:00,15003.92018
101,Kendrapara,10,21,Orissa,01-01-2013 00:00,14973.19066
102,Kendujhar,6,21,Orissa,01-01-2013 00:00,14939.93387
103,Debagarh,4,21,Orissa,01-01-2013 00:00,14892.04077
104,Cuttack,12,21,Orissa,01-01-2013 00:00,15017.87724
105,Dhenkanal,14,21,Orissa,01-01-2013 00:00,14972.84134
106,Kalahandi,26,21,Orissa,01-01-2013 00:00,15019.21377
107,Ganjam,19,21,Orissa,01-01-2013 00:00,15064.54795
108,Gajapati,20,21,Orissa,01-01-2013 00:00,14977.97987
109,Jalandhar,4,3,Punjab,01-01-2013 00:00,14482.69671
110,Kapurthala,3,3,Punjab,01-01-2013 00:00,14457.08085
111,Ludhiana,9,3,Punjab,01-01-2013 00:00,14490.15969
112,Mansa,15,3,Punjab,01-01-2013 00:00,14534.15947
113,Moga,10,3,Punjab,01-01-2013 00:00,14455.425
114,Muktsar,12,3,Punjab,01-01-2013 00:00,14498.72245
115,Nawanshahr,6,3,Punjab,01-01-2013 00:00,14505.82306
116,Patiala,17,3,Punjab,01-01-2013 00:00,14489.76731
117,Sangrur,16,3,Punjab,01-01-2013 00:00,14471.20205
118,Hoshiarpur,5,3,Punjab,01-01-2013 00:00,14507.16501
119,Rupnagar,7,3,Punjab,01-01-2013 00:00,14517.66127
120,Amritsar,2,3,Punjab,01-01-2013 00:00,14417.20965
121,Firozpur,11,3,Punjab,01-01-2013 00:00,14483.10366
122,Bathinda,14,3,Punjab,01-01-2013 00:00,14526.42617
123,Gurdaspur,1,3,Punjab,01-01-2013 00:00,14452.3129
124,Faridkot,13,3,Punjab,01-01-2013 00:00,14459.72403
125,Fatehgarh Sahib,8,3,Punjab,01-01-2013 00:00,14478.9215
126,North,1,11,Sikkim,01-01-2013 00:00,13757.75312
127,South,3,11,Sikkim,01-01-2013 00:00,14315.25333
128,West,2,11,Sikkim,01-01-2013 00:00,14138.87066
129,East,4,11,Sikkim,01-01-2013 00:00,14231.23524
130,Jamnagar,10,24,Gujarat,01-01-2013 00:00,15260.43747
131,Kheda,16,24,Gujarat,01-01-2013 00:00,14987.28242
132,Mahesana,4,24,Gujarat,01-01-2013 00:00,14988.54396
133,Narmada,20,24,Gujarat,01-01-2013 00:00,15126.66433
134,Navsari,24,24,Gujarat,01-01-2013 00:00,15129.19635
135,Panch Mahals,17,24,Gujarat,01-01-2013 00:00,14993.05811
136,Patan,3,24,Gujarat,01-01-2013 00:00,15114.05162
137,Porbandar,11,24,Gujarat,01-01-2013 00:00,15296.6067
138,Rajkot,9,24,Gujarat,01-01-2013 00:00,15317.63988
139,Sabar Kantha,5,24,Gujarat,01-01-2013 00:00,14964.7763
140,Surendranagar,8,24,Gujarat,01-01-2013 00:00,15180.05126
141,The Dangs,23,24,Gujarat,01-01-2013 00:00,15153.72166
142,Vadodara,19,24,Gujarat,01-01-2013 00:00,15055.82681
143,Valsad,25,24,Gujarat,01-01-2013 00:00,15174.33168
144,Bharuch,21,24,Gujarat,01-01-2013 00:00,15126.37358
145,Surat,22,24,Gujarat,01-01-2013 00:00,15130.16059
146,Anand,15,24,Gujarat,01-01-2013 00:00,14941.24859
147,Ahmadabad,7,24,Gujarat,01-01-2013 00:00,15097.84435
148,Amreli,13,24,Gujarat,01-01-2013 00:00,15352.15065
149,Bhavnagar,14,24,Gujarat,01-01-2013 00:00,15303.15776
150,Banas Kantha,2,24,Gujarat,01-01-2013 00:00,14966.71909
151,Dohad,18,24,Gujarat,01-01-2013 00:00,14989.74058
152,Junagadh,12,24,Gujarat,01-01-2013 00:00,15298.20072
153,Kachchh,1,24,Gujarat,01-01-2013 00:00,15135.36019
154,Gandhinagar,6,24,Gujarat,01-01-2013 00:00,14992.74513
155,Jind,9,6,Haryana,01-01-2013 00:00,14500.00635
156,Kaithal,5,6,Haryana,01-01-2013 00:00,14466.82693
157,Karnal,6,6,Haryana,01-01-2013 00:00,14470.82765
158,Kurukshetra,4,6,Haryana,01-01-2013 00:00,14485.28217
159,Panchkula,1,6,Haryana,01-01-2013 00:00,14506.63009
160,Panipat,7,6,Haryana,01-01-2013 00:00,14480.67733
161,Hisar,12,6,Haryana,01-01-2013 00:00,14522.97673
162,Rohtak,14,6,Haryana,01-01-2013 00:00,14502.66949
163,Sirsa,11,6,Haryana,01-01-2013 00:00,14563.99299
164,Sonipat,8,6,Haryana,01-01-2013 00:00,14484.35163
165,Yamunanagar,3,6,Haryana,01-01-2013 00:00,14495.66727
166,Jhajjar,15,6,Haryana,01-01-2013 00:00,14498.15881
167,Mahendragarh,16,6,Haryana,01-01-2013 00:00,14557.88922
168,Rewari,17,6,Haryana,01-01-2013 00:00,14509.78568
169,Bhiwani,13,6,Haryana,01-01-2013 00:00,14572.61237
170,Ambala,2,6,Haryana,01-01-2013 00:00,14503.30501
171,Gurgaon,18,6,Haryana,01-01-2013 00:00,14536.73242
172,Faridabad,19,6,Haryana,01-01-2013 00:00,14519.25649
173,Fatehabad,10,6,Haryana,01-01-2013 00:00,14515.18997
174,Imphal East,7,14,Manipur,01-01-2013 00:00,14682.89947
175,Imphal West,6,14,Manipur,01-01-2013 00:00,14639.12297
176,Senapati (Excl. 3 sub-divisions),1,14,Manipur,01-01-2013 00:00,14486.41887
177,Tamenglong,2,14,Manipur,01-01-2013 00:00,14503.85935
178,Thoubal,5,14,Manipur,01-01-2013 00:00,14611.52193
179,Ukhrul,8,14,Manipur,01-01-2013 00:00,14494.83047
180,Bishnupur,4,14,Manipur,01-01-2013 00:00,14588.01364
181,Chandel,9,14,Manipur,01-01-2013 00:00,14548.80939
182,Churachandpur,3,14,Manipur,01-01-2013 00:00,14515.15114
183,Kolasib,2,15,Mizoram,01-01-2013 00:00,14626.35817
184,Mamit,1,15,Mizoram,01-01-2013 00:00,14632.99115
185,Lunglei,6,15,Mizoram,01-01-2013 00:00,14606.16923
186,Lawngtlai,7,15,Mizoram,01-01-2013 00:00,14667.56356
187,Saiha,8,15,Mizoram,01-01-2013 00:00,14601.33913
188,Serchhip,5,15,Mizoram,01-01-2013 00:00,14560.31144
189,Aizawl,3,15,Mizoram,01-01-2013 00:00,14580.2736
190,Champhai,4,15,Mizoram,01-01-2013 00:00,14532.87424
191,North Tripura,4,16,Tripura,01-01-2013 00:00,14712.89658
192,South Tripura,2,16,Tripura,01-01-2013 00:00,14797.33946
193,West Tripura,1,16,Tripura,01-01-2013 00:00,14799.10423
194,Dhalai,3,16,Tripura,01-01-2013 00:00,14725.59042
195,Mokokchung,3,13,Nagaland,01-01-2013 00:00,14557.48203
196,Mon,1,13,Nagaland,01-01-2013 00:00,14590.38215
197,Phek,8,13,Nagaland,01-01-2013 00:00,14376.60645
198,Tuensang,2,13,Nagaland,01-01-2013 00:00,14406.8504
199,Wokha,5,13,Nagaland,01-01-2013 00:00,14558.58415
200,Zunheboto,4,13,Nagaland,01-01-2013 00:00,14436.14013
201,Dimapur,6,13,Nagaland,01-01-2013 00:00,14693.9391
202,Kohima,7,13,Nagaland,01-01-2013 00:00,14511.53209
203,Purbi Singhbhum,18,20,Jharkhand,01-01-2013 00:00,14897.65068
204,Lohardaga,15,20,Jharkhand,01-01-2013 00:00,14794.10281
205,Pakaur,10,20,Jharkhand,01-01-2013 00:00,14846.97734
206,Pashchimi Singhbhum,17,20,Jharkhand,01-01-2013 00:00,14867.93894
207,Ranchi,14,20,Jharkhand,01-01-2013 00:00,14855.34432
208,Sahibganj,9,20,Jharkhand,01-01-2013 00:00,14730.77039
209,Garhwa,1,20,Jharkhand,01-01-2013 00:00,14794.67255
210,Palamu,2,20,Jharkhand,01-01-2013 00:00,14766.11191
211,Chatra,3,20,Jharkhand,01-01-2013 00:00,14785.26416
212,Hazaribagh,4,20,Jharkhand,01-01-2013 00:00,14801.52773
213,Kodarma,5,20,Jharkhand,01-01-2013 00:00,14784.60315
214,Bokaro,13,20,Jharkhand,01-01-2013 00:00,14851.69851
215,Deoghar,7,20,Jharkhand,01-01-2013 00:00,14867.88037
216,Dhanbad,12,20,Jharkhand,01-01-2013 00:00,14862.57433
217,Dumka,11,20,Jharkhand,01-01-2013 00:00,14831.1683
218,Giridih,6,20,Jharkhand,01-01-2013 00:00,14855.89803
219,Godda,8,20,Jharkhand,01-01-2013 00:00,14785.32839
220,Gumla,16,20,Jharkhand,01-01-2013 00:00,14855.0088
221,Kodagu,25,29,Karnataka,01-01-2013 00:00,15016.01956
222,Kolar,19,29,Karnataka,01-01-2013 00:00,15323.18873
223,Mandya,22,29,Karnataka,01-01-2013 00:00,15295.7986
224,Koppal,7,29,Karnataka,01-01-2013 00:00,15434.10267
225,Mysore,26,29,Karnataka,01-01-2013 00:00,15371.31812
226,Raichur,6,29,Karnataka,01-01-2013 00:00,15371.86805
227,Hassan,23,29,Karnataka,01-01-2013 00:00,15285.93178
228,Haveri,11,29,Karnataka,01-01-2013 00:00,15401.20103
229,Shimoga,15,29,Karnataka,01-01-2013 00:00,15189.45195
230,Tumkur,18,29,Karnataka,01-01-2013 00:00,15401.79032
231,Udupi,16,29,Karnataka,01-01-2013 00:00,15209.62779
232,Uttara Kannada,10,29,Karnataka,01-01-2013 00:00,15100.47114
233,Bagalkot,2,29,Karnataka,01-01-2013 00:00,15397.23719
234,Bangalore,20,29,Karnataka,01-01-2013 00:00,15273.72151
235,Bidar,5,29,Karnataka,01-01-2013 00:00,15356.90147
236,Bijapur,3,29,Karnataka,01-01-2013 00:00,15462.9013
237,Belgaum,1,29,Karnataka,01-01-2013 00:00,15366.41647
238,Bellary,12,29,Karnataka,01-01-2013 00:00,15381.12868
239,Bangalore Rural,21,29,Karnataka,01-01-2013 00:00,15334.17358
240,Chamarajanagar,27,29,Karnataka,01-01-2013 00:00,15317.62241
241,Chikmagalur,17,29,Karnataka,01-01-2013 00:00,15163.62319
242,Chitradurga,13,29,Karnataka,01-01-2013 00:00,15457.90798
243,Dakshina Kannada,24,29,Karnataka,01-01-2013 00:00,15181.358
244,Davanagere,14,29,Karnataka,01-01-2013 00:00,15417.65485
245,Dharwad,9,29,Karnataka,01-01-2013 00:00,15446.49047
246,Gulbarga,4,29,Karnataka,01-01-2013 00:00,15403.27979
247,Gadag,8,29,Karnataka,01-01-2013 00:00,15508.22022
248,Jaintia Hills,7,17,Meghalaya,01-01-2013 00:00,14625.69042
249,Ri Bhoi,5,17,Meghalaya,01-01-2013 00:00,14618.59162
250,South Garo Hills,3,17,Meghalaya,01-01-2013 00:00,14667.26847
251,West Garo Hills,1,17,Meghalaya,01-01-2013 00:00,14734.74346
252,West Khasi Hills,4,17,Meghalaya,01-01-2013 00:00,14584.04261
253,East Garo Hills,2,17,Meghalaya,01-01-2013 00:00,14674.57262
254,East Khasi Hills,6,17,Meghalaya,01-01-2013 00:00,14587.88814
255,Jaipur,12,8,Rajasthan,01-01-2013 00:00,14784.86451
256,Jaisalmer,16,8,Rajasthan,01-01-2013 00:00,15158.82214
257,Jalor,18,8,Rajasthan,01-01-2013 00:00,15004.28284
258,Jhalawar,32,8,Rajasthan,01-01-2013 00:00,14870.35766
259,Jhunjhunun,5,8,Rajasthan,01-01-2013 00:00,14721.17653
260,Jodhpur,15,8,Rajasthan,01-01-2013 00:00,15046.63755
261,Kota,30,8,Rajasthan,01-01-2013 00:00,14773.98557
262,Nagaur,14,8,Rajasthan,01-01-2013 00:00,14926.2826
263,Pali,20,8,Rajasthan,01-01-2013 00:00,14978.26684
264,Rajsamand,25,8,Rajasthan,01-01-2013 00:00,14873.86463
265,Sawai Madhopur,10,8,Rajasthan,01-01-2013 00:00,14708.5285
266,Sirohi,19,8,Rajasthan,01-01-2013 00:00,14969.81958
267,Tonk,22,8,Rajasthan,01-01-2013 00:00,14760.5
268,Sikar,13,8,Rajasthan,01-01-2013 00:00,14775.27164
269,Alwar,6,8,Rajasthan,01-01-2013 00:00,14603.80517
270,Udaipur,26,8,Rajasthan,01-01-2013 00:00,14930.33188
271,Ganganagar,1,8,Rajasthan,01-01-2013 00:00,14726.26288
272,Hanumangarh,2,8,Rajasthan,01-01-2013 00:00,14756.35955
273,Baran,31,8,Rajasthan,01-01-2013 00:00,14801.25988
274,Ajmer,21,8,Rajasthan,01-01-2013 00:00,14875.15923
275,Banswara,28,8,Rajasthan,01-01-2013 00:00,14985.91133
276,Barmer,17,8,Rajasthan,01-01-2013 00:00,15135.25449
277,Bhilwara,24,8,Rajasthan,01-01-2013 00:00,14891.65866
278,Bikaner,3,8,Rajasthan,01-01-2013 00:00,15006.91734
279,Bharatpur,7,8,Rajasthan,01-01-2013 00:00,14613.24986
280,Bundi,23,8,Rajasthan,01-01-2013 00:00,14764.21306
281,Chittaurgarh,29,8,Rajasthan,01-01-2013 00:00,14850.49455
282,Churu,4,8,Rajasthan,01-01-2013 00:00,14904.05192
283,Dausa,11,8,Rajasthan,01-01-2013 00:00,14709.97058
284,Dhaulpur,8,8,Rajasthan,01-01-2013 00:00,14698.992
285,Dungarpur,27,8,Rajasthan,01-01-2013 00:00,14967.51947
286,Karauli,9,8,Rajasthan,01-01-2013 00:00,14766.42078
287,Pondicherry,2,34,Puducherry,01-01-2013 00:00,15201.89655
288,Yanam,1,34,Puducherry,01-01-2013 00:00,15081.6549
289,Karaikal,4,34,Puducherry,01-01-2013 00:00,15117.47635
290,Mahe,3,34,Puducherry,01-01-2013 00:00,15180.4102
291,Kanniyakumari,30,33,Tamil Nadu,01-01-2013 00:00,15160.57018
292,Karur,14,33,Tamil Nadu,01-01-2013 00:00,15465.05907
293,Madurai,24,33,Tamil Nadu,01-01-2013 00:00,15395.22445
294,Namakkal,9,33,Tamil Nadu,01-01-2013 00:00,15395.5311
295,The Nilgiris,11,33,Tamil Nadu,01-01-2013 00:00,14983.6685
296,Perambalur,16,33,Tamil Nadu,01-01-2013 00:00,15336.03821
297,Pudukkottai,22,33,Tamil Nadu,01-01-2013 00:00,15209.9648
298,Ramanathapuram,27,33,Tamil Nadu,01-01-2013 00:00,15263.39986
299,Salem,8,33,Tamil Nadu,01-01-2013 00:00,15295.83323
300,Sivaganga,23,33,Tamil Nadu,01-01-2013 00:00,15278.5052
301,Tiruchirappalli,15,33,Tamil Nadu,01-01-2013 00:00,15332.01082
302,Tirunelveli,29,33,Tamil Nadu,01-01-2013 00:00,15236.18521
303,Tiruvannamalai,6,33,Tamil Nadu,01-01-2013 00:00,15156.88782
304,Thoothukkudi,28,33,Tamil Nadu,01-01-2013 00:00,15335.22476
305,Theni,25,33,Tamil Nadu,01-01-2013 00:00,15200.53146
306,Vellore,4,33,Tamil Nadu,01-01-2013 00:00,15158.5768
307,Viluppuram,7,33,Tamil Nadu,01-01-2013 00:00,15210.72425
308,Virudhunagar,26,33,Tamil Nadu,01-01-2013 00:00,15466.482
309,Chennai,2,33,Tamil Nadu,01-01-2013 00:00,15232.35944
310,Kancheepuram,3,33,Tamil Nadu,01-01-2013 00:00,15147.61747
311,Thiruvallur,1,33,Tamil Nadu,01-01-2013 00:00,15164.678
312,Thanjavur,21,33,Tamil Nadu,01-01-2013 00:00,15118.61619
313,Thiruvarur,20,33,Tamil Nadu,01-01-2013 00:00,15057.07086
314,Nagapattinam,19,33,Tamil Nadu,01-01-2013 00:00,15088.20194
315,Ariyalur,17,33,Tamil Nadu,01-01-2013 00:00,15257.72358
316,Coimbatore,12,33,Tamil Nadu,01-01-2013 00:00,15292.00943
317,Cuddalore,18,33,Tamil Nadu,01-01-2013 00:00,15226.26111
318,Dharmapuri,5,33,Tamil Nadu,01-01-2013 00:00,15255.65429
319,Dindigul,13,33,Tamil Nadu,01-01-2013 00:00,15246.79834
320,Erode,10,33,Tamil Nadu,01-01-2013 00:00,15356.19391
321,Daman,2,25,Daman & Diu,01-01-2013 00:00,15063.23984
322,Diu,1,25,Daman & Diu,01-01-2013 00:00,15065.75826
323,Jalgaon,3,27,Maharashtra,01-01-2013 00:00,15242.59824
324,Jalna,18,27,Maharashtra,01-01-2013 00:00,15387.97626
325,Kolhapur,34,27,Maharashtra,01-01-2013 00:00,15229.86103
326,Latur,28,27,Maharashtra,01-01-2013 00:00,15332.23036
327,Pune,25,27,Maharashtra,01-01-2013 00:00,15266.49273
328,Nagpur,9,27,Maharashtra,01-01-2013 00:00,15038.38743
329,Mumbai,23,27,Maharashtra,01-01-2013 00:00,15123.42683
330,Mumbai (Suburban),22,27,Maharashtra,01-01-2013 00:00,15154.6599
331,Nanded,15,27,Maharashtra,01-01-2013 00:00,15255.78948
332,Nandurbar,1,27,Maharashtra,01-01-2013 00:00,15191.17135
333,Nashik,20,27,Maharashtra,01-01-2013 00:00,15264.77095
334,Osmanabad,29,27,Maharashtra,01-01-2013 00:00,15441.23947
335,Parbhani,17,27,Maharashtra,01-01-2013 00:00,15260.45361
336,Sangli,35,27,Maharashtra,01-01-2013 00:00,15424.62892
337,Satara,31,27,Maharashtra,01-01-2013 00:00,15316.82577
338,Hingoli,16,27,Maharashtra,01-01-2013 00:00,15209.59566
339,Ratnagiri,32,27,Maharashtra,01-01-2013 00:00,15235.66332
340,Raigarh,24,27,Maharashtra,01-01-2013 00:00,15237.7147
341,Thane,21,27,Maharashtra,01-01-2013 00:00,15255.55668
342,Solapur,30,27,Maharashtra,01-01-2013 00:00,15415.25217
343,Sindhudurg,33,27,Maharashtra,01-01-2013 00:00,15253.97727
344,Wardha,8,27,Maharashtra,01-01-2013 00:00,15143.07155
345,Washim,6,27,Maharashtra,01-01-2013 00:00,15210.91304
346,Yavatmal,14,27,Maharashtra,01-01-2013 00:00,15184.81731
347,Aurangabad,19,27,Maharashtra,01-01-2013 00:00,15344.29852
348,Ahmadnagar,26,27,Maharashtra,01-01-2013 00:00,15349.96042
349,Akola,5,27,Maharashtra,01-01-2013 00:00,15173.27887
350,Amravati,7,27,Maharashtra,01-01-2013 00:00,15132.27756
351,Bid,27,27,Maharashtra,01-01-2013 00:00,15376.88166
352,Bhandara,10,27,Maharashtra,01-01-2013 00:00,14968.17806
353,Buldana,4,27,Maharashtra,01-01-2013 00:00,15260.90993
354,Chandrapur,13,27,Maharashtra,01-01-2013 00:00,15068.83298
355,Dhule,2,27,Maharashtra,01-01-2013 00:00,15273.37815
356,Gadchiroli,12,27,Maharashtra,01-01-2013 00:00,15002.92119
357,Gondiya,11,27,Maharashtra,01-01-2013 00:00,14954.62146
358,Nainital,11,5,Uttarakhand,01-01-2013 00:00,14458.43064
359,Pithoragarh,7,5,Uttarakhand,01-01-2013 00:00,13734.09462
360,Hardwar,13,5,Uttarakhand,01-01-2013 00:00,14516.34689
361,Rudraprayag,3,5,Uttarakhand,01-01-2013 00:00,13976.84814
362,Tehri Garhwal,4,5,Uttarakhand,01-01-2013 00:00,14182.57615
363,Udham Singh Nagar,12,5,Uttarakhand,01-01-2013 00:00,14542.36408
364,Uttarkashi,1,5,Uttarakhand,01-01-2013 00:00,13616.19126
365,Bageshwar,8,5,Uttarakhand,01-01-2013 00:00,14099.72534
366,Almora,9,5,Uttarakhand,01-01-2013 00:00,14370.63696
367,Chamoli,2,5,Uttarakhand,01-01-2013 00:00,13621.16349
368,Champawat,10,5,Uttarakhand,01-01-2013 00:00,14385.01949
369,Dehradun,5,5,Uttarakhand,01-01-2013 00:00,14398.00544
370,Garhwal,6,5,Uttarakhand,01-01-2013 00:00,14359.43417
371,Jalpaiguri,2,19,West Bengal,01-01-2013 00:00,14794.53567
372,Koch Bihar,3,19,West Bengal,01-01-2013 00:00,14765.86782
373,Murshidabad,7,19,West Bengal,01-01-2013 00:00,14735.51917
374,Puruliya,14,19,West Bengal,01-01-2013 00:00,14890.77009
375,Kolkata,17,19,West Bengal,01-01-2013 00:00,14872.83818
376,Maldah,6,19,West Bengal,01-01-2013 00:00,14691.94847
377,Nadia,10,19,West Bengal,01-01-2013 00:00,14733.12629
378,North Twenty Four Parganas,11,19,West Bengal,01-01-2013 00:00,14747.17209
379,Medinipur,15,19,West Bengal,01-01-2013 00:00,14839.59797
380,Hugli,12,19,West Bengal,01-01-2013 00:00,14775.95949
381,South  Twenty Four Parganas,18,19,West Bengal,01-01-2013 00:00,14791.59611
382,Uttar Dinajpur,4,19,West Bengal,01-01-2013 00:00,14739.01599
383,Barddhaman,9,19,West Bengal,01-01-2013 00:00,14805.46312
384,Birbhum,8,19,West Bengal,01-01-2013 00:00,14854.07812
385,Bankura,13,19,West Bengal,01-01-2013 00:00,14855.09748
386,Dakshin Dinajpur,5,19,West Bengal,01-01-2013 00:00,14695.92112
387,Darjiling,1,19,West Bengal,01-01-2013 00:00,14563.29484
388,Haora,16,19,West Bengal,01-01-2013 00:00,14784.38777
389,Jashpur,3,22,Chhattisgarh,01-01-2013 00:00,14876.08975
390,Koriya,1,22,Chhattisgarh,01-01-2013 00:00,14785.16623
391,Mahasamund,12,22,Chhattisgarh,01-01-2013 00:00,15061.67038
392,Raigarh,4,22,Chhattisgarh,01-01-2013 00:00,14942.38485
393,Raipur,11,22,Chhattisgarh,01-01-2013 00:00,15034.84986
394,Rajnandgaon,9,22,Chhattisgarh,01-01-2013 00:00,14999.73268
395,Surguja,2,22,Chhattisgarh,01-01-2013 00:00,14807.04575
396,Bilaspur,7,22,Chhattisgarh,01-01-2013 00:00,14927.44351
397,Janjgir - Champa,6,22,Chhattisgarh,01-01-2013 00:00,15035.37366
398,Korba,5,22,Chhattisgarh,01-01-2013 00:00,14855.89185
399,Kawardha,8,22,Chhattisgarh,01-01-2013 00:00,14976.24128
400,Bastar,15,22,Chhattisgarh,01-01-2013 00:00,15044.65897
401,Dantewada,16,22,Chhattisgarh,01-01-2013 00:00,15002.53784
402,Dhamtari,13,22,Chhattisgarh,01-01-2013 00:00,15004.94452
403,Durg,10,22,Chhattisgarh,01-01-2013 00:00,15025.43697
404,Kanker,14,22,Chhattisgarh,01-01-2013 00:00,15021.48785
405,Central,6,7,Delhi  & NCR,01-01-2013 00:00,14547.77387
406,East,4,7,Delhi  & NCR,01-01-2013 00:00,14529.42149
407,New Delhi,5,7,Delhi  & NCR,01-01-2013 00:00,14533.1385
408,North,2,7,Delhi  & NCR,01-01-2013 00:00,14533.80899
409,North East,3,7,Delhi  & NCR,01-01-2013 00:00,14539.12727
410,North West,1,7,Delhi  & NCR,01-01-2013 00:00,14522.85859
411,South,9,7,Delhi  & NCR,01-01-2013 00:00,14550.62421
412,South West,8,7,Delhi  & NCR,01-01-2013 00:00,14525.95
413,West,7,7,Delhi  & NCR,01-01-2013 00:00,14549.86913
414,Jalaun,35,9,Uttar Pradesh,01-01-2013 00:00,14696.92103
415,Jaunpur,64,9,Uttar Pradesh,01-01-2013 00:00,14666.74083
416,Jhansi,36,9,Uttar Pradesh,01-01-2013 00:00,14740.21724
417,Jyotiba Phule Nagar,6,9,Uttar Pradesh,01-01-2013 00:00,14554.77969
418,Kannauj,30,9,Uttar Pradesh,01-01-2013 00:00,14648.335
419,Kanpur Nagar,34,9,Uttar Pradesh,01-01-2013 00:00,14706.22975
420,Kaushambi,44,9,Uttar Pradesh,01-01-2013 00:00,14697.11007
421,Kheri,23,9,Uttar Pradesh,01-01-2013 00:00,14605.38595
422,Mirzapur,69,9,Uttar Pradesh,01-01-2013 00:00,14782.01545
423,Moradabad,4,9,Uttar Pradesh,01-01-2013 00:00,14553.14537
424,Muzaffarnagar,2,9,Uttar Pradesh,01-01-2013 00:00,14522.67049
425,Rae Bareli,28,9,Uttar Pradesh,01-01-2013 00:00,14687.2449
426,Kushinagar,59,9,Uttar Pradesh,01-01-2013 00:00,14719.84744
427,Lucknow,27,9,Uttar Pradesh,01-01-2013 00:00,14645.39466
428,Lalitpur,37,9,Uttar Pradesh,01-01-2013 00:00,14712.20664
429,Mahrajganj,57,9,Uttar Pradesh,01-01-2013 00:00,14691.78952
430,Mahoba,39,9,Uttar Pradesh,01-01-2013 00:00,14760.1672
431,Mainpuri,18,9,Uttar Pradesh,01-01-2013 00:00,14600.72803
432,Mathura,14,9,Uttar Pradesh,01-01-2013 00:00,14549.75213
433,Mau,62,9,Uttar Pradesh,01-01-2013 00:00,14677.7433
434,Meerut,7,9,Uttar Pradesh,01-01-2013 00:00,14549.54937
435,Pilibhit,21,9,Uttar Pradesh,01-01-2013 00:00,14590.61871
436,Pratapgarh,43,9,Uttar Pradesh,01-01-2013 00:00,14667.21767
437,Rampur,5,9,Uttar Pradesh,01-01-2013 00:00,14563.01761
438,Sant Ravidas Nagar Bhadohi,68,9,Uttar Pradesh,01-01-2013 00:00,14665.85499
439,Sant Kabir Nagar,56,9,Uttar Pradesh,01-01-2013 00:00,14687.07971
440,Shahjahanpur,22,9,Uttar Pradesh,01-01-2013 00:00,14592.92071
441,Hathras,13,9,Uttar Pradesh,01-01-2013 00:00,14566.29589
442,Shrawasti,51,9,Uttar Pradesh,01-01-2013 00:00,14683.19707
443,Saharanpur,1,9,Uttar Pradesh,01-01-2013 00:00,14494.45541
444,Sitapur,24,9,Uttar Pradesh,01-01-2013 00:00,14587.1664
445,Sultanpur,49,9,Uttar Pradesh,01-01-2013 00:00,14694.6627
446,Sonbhadra,70,9,Uttar Pradesh,01-01-2013 00:00,14804.0896
447,Siddharthnagar,54,9,Uttar Pradesh,01-01-2013 00:00,14674.59444
448,Unnao,26,9,Uttar Pradesh,01-01-2013 00:00,14649.47863
449,Varanasi,67,9,Uttar Pradesh,01-01-2013 00:00,14637.17744
450,Bulandshahr,11,9,Uttar Pradesh,01-01-2013 00:00,14557.45897
451,Gautam Buddha Nagar,10,9,Uttar Pradesh,01-01-2013 00:00,14547.54759
452,Ghaziabad,9,9,Uttar Pradesh,01-01-2013 00:00,14546.90872
453,Auraiya,32,9,Uttar Pradesh,01-01-2013 00:00,14656.35455
454,Azamgarh,61,9,Uttar Pradesh,01-01-2013 00:00,14667.33687
455,Budaun,19,9,Uttar Pradesh,01-01-2013 00:00,14569.9004
456,Agra,15,9,Uttar Pradesh,01-01-2013 00:00,14599.81671
457,Aligarh,12,9,Uttar Pradesh,01-01-2013 00:00,14549.76004
458,Allahabad,45,9,Uttar Pradesh,01-01-2013 00:00,14724.34386
459,Ambedkar Nagar,48,9,Uttar Pradesh,01-01-2013 00:00,14688.83964
460,Bareilly,20,9,Uttar Pradesh,01-01-2013 00:00,14602.27887
461,Bijnor,3,9,Uttar Pradesh,01-01-2013 00:00,14579.06104
462,Basti,55,9,Uttar Pradesh,01-01-2013 00:00,14725.7411
463,Baghpat,8,9,Uttar Pradesh,01-01-2013 00:00,14541.05128
464,Bahraich,50,9,Uttar Pradesh,01-01-2013 00:00,14575.99138
465,Ballia,63,9,Uttar Pradesh,01-01-2013 00:00,14670.07838
466,Balrampur,52,9,Uttar Pradesh,01-01-2013 00:00,14700.72857
467,Banda,40,9,Uttar Pradesh,01-01-2013 00:00,14786.94703
468,Barabanki,46,9,Uttar Pradesh,01-01-2013 00:00,14608.77814
469,Chitrakoot,41,9,Uttar Pradesh,01-01-2013 00:00,14785.97515
470,Chandauli,66,9,Uttar Pradesh,01-01-2013 00:00,14735.40963
471,Deoria,60,9,Uttar Pradesh,01-01-2013 00:00,14686.34112
472,Etah,17,9,Uttar Pradesh,01-01-2013 00:00,14567.71746
473,Kanpur Dehat,33,9,Uttar Pradesh,01-01-2013 00:00,14676.25274
474,Etawah,31,9,Uttar Pradesh,01-01-2013 00:00,14632.8513
475,Faizabad,47,9,Uttar Pradesh,01-01-2013 00:00,14696.05417
476,Ghazipur,65,9,Uttar Pradesh,01-01-2013 00:00,14665.16147
477,Gonda,53,9,Uttar Pradesh,01-01-2013 00:00,14678.82827
478,Gorakhpur,58,9,Uttar Pradesh,01-01-2013 00:00,14674.42017
479,Farrukhabad,29,9,Uttar Pradesh,01-01-2013 00:00,14600.92843
480,Fatehpur,42,9,Uttar Pradesh,01-01-2013 00:00,14703.67155
481,Firozabad,16,9,Uttar Pradesh,01-01-2013 00:00,14587.1334
482,Hamirpur,38,9,Uttar Pradesh,01-01-2013 00:00,14753.70814
483,Hardoi,25,9,Uttar Pradesh,01-01-2013 00:00,14598.67075
484,Khammam,10,28,Andhra Pradesh,01-01-2013 00:00,15110.86323
485,Medak,4,28,Andhra Pradesh,01-01-2013 00:00,15266.34647
486,Krishna,16,28,Andhra Pradesh,01-01-2013 00:00,15140.72797
487,Kurnool,21,28,Andhra Pradesh,01-01-2013 00:00,15378.15669
488,Mahbubnagar,7,28,Andhra Pradesh,01-01-2013 00:00,15329.21781
489,Nalgonda,8,28,Andhra Pradesh,01-01-2013 00:00,15269.10457
490,Nellore,19,28,Andhra Pradesh,01-01-2013 00:00,15148.112
491,Nizamabad,2,28,Andhra Pradesh,01-01-2013 00:00,15175.57204
492,Prakasam,18,28,Andhra Pradesh,01-01-2013 00:00,15191.62509
493,Hyderabad,5,28,Andhra Pradesh,01-01-2013 00:00,15184.65992
494,Rangareddi,6,28,Andhra Pradesh,01-01-2013 00:00,15312.89301
495,Srikakulam,11,28,Andhra Pradesh,01-01-2013 00:00,15117.96325
496,West Godavari,15,28,Andhra Pradesh,01-01-2013 00:00,15092.72282
497,Visakhapatnam,13,28,Andhra Pradesh,01-01-2013 00:00,15048.56399
498,Vizianagaram,12,28,Andhra Pradesh,01-01-2013 00:00,15111.38916
499,Warangal,9,28,Andhra Pradesh,01-01-2013 00:00,15150.29321
500,Anantapur,22,28,Andhra Pradesh,01-01-2013 00:00,15451.25264
501,Adilabad,1,28,Andhra Pradesh,01-01-2013 00:00,15173.03766
502,Chittoor,23,28,Andhra Pradesh,01-01-2013 00:00,15193.36659
503,Cuddapah,20,28,Andhra Pradesh,01-01-2013 00:00,15260.18125
504,East Godavari,14,28,Andhra Pradesh,01-01-2013 00:00,15050.07671
505,Karimnagar,3,28,Andhra Pradesh,01-01-2013 00:00,15166.19083
506,Guntur,17,28,Andhra Pradesh,01-01-2013 00:00,15213.92691
507,Jabalpur,39,23,Madhya Pradesh,01-01-2013 00:00,14882.14507
508,Jhabua,24,23,Madhya Pradesh,01-01-2013 00:00,15088.49722
509,Mandsaur,19,23,Madhya Pradesh,01-01-2013 00:00,14811.34485
510,Tikamgarh,8,23,Madhya Pradesh,01-01-2013 00:00,14736.54925
511,Narsimhapur,40,23,Madhya Pradesh,01-01-2013 00:00,14887.07955
512,Neemuch,18,23,Madhya Pradesh,01-01-2013 00:00,14849.64163
513,Panna,10,23,Madhya Pradesh,01-01-2013 00:00,14898.99842
514,Raisen,34,23,Madhya Pradesh,01-01-2013 00:00,14870.26823
515,Rajgarh,30,23,Madhya Pradesh,01-01-2013 00:00,14911.21599
516,Satna,13,23,Madhya Pradesh,01-01-2013 00:00,14844.22705
517,Sehore,33,23,Madhya Pradesh,01-01-2013 00:00,14872.50751
518,Seoni,44,23,Madhya Pradesh,01-01-2013 00:00,14951.19215
519,Hoshangabad,37,23,Madhya Pradesh,01-01-2013 00:00,14746.73759
520,Indore,26,23,Madhya Pradesh,01-01-2013 00:00,14864.2829
521,Shajapur,22,23,Madhya Pradesh,01-01-2013 00:00,14881.41696
522,Shivpuri,6,23,Madhya Pradesh,01-01-2013 00:00,14825.53064
523,Ratlam,20,23,Madhya Pradesh,01-01-2013 00:00,14904.45578
524,Rewa,14,23,Madhya Pradesh,01-01-2013 00:00,14817.80233
525,Sagar,11,23,Madhya Pradesh,01-01-2013 00:00,14916.88166
526,Sidhi,17,23,Madhya Pradesh,01-01-2013 00:00,14796.59177
527,Ujjain,21,23,Madhya Pradesh,01-01-2013 00:00,14799.36923
528,Vidisha,31,23,Madhya Pradesh,01-01-2013 00:00,14858.98837
529,West Nimar,27,23,Madhya Pradesh,01-01-2013 00:00,15098.62951
530,Morena,2,23,Madhya Pradesh,01-01-2013 00:00,14689.11908
531,Sheopur,1,23,Madhya Pradesh,01-01-2013 00:00,14796.80337
532,Dindori,41,23,Madhya Pradesh,01-01-2013 00:00,14951.61172
533,Mandla,42,23,Madhya Pradesh,01-01-2013 00:00,14926.84095
534,Shahdol,16,23,Madhya Pradesh,01-01-2013 00:00,14894.90301
535,Umaria,15,23,Madhya Pradesh,01-01-2013 00:00,14850.10433
536,Bhind,3,23,Madhya Pradesh,01-01-2013 00:00,14675.30029
537,Bhopal,32,23,Madhya Pradesh,01-01-2013 00:00,14841.04822
538,Barwani,28,23,Madhya Pradesh,01-01-2013 00:00,15193.91187
539,Betul,35,23,Madhya Pradesh,01-01-2013 00:00,15018.58635
540,Balaghat,45,23,Madhya Pradesh,01-01-2013 00:00,14873.29795
541,Chhatarpur,9,23,Madhya Pradesh,01-01-2013 00:00,14833.29486
542,Chhindwara,43,23,Madhya Pradesh,01-01-2013 00:00,15010.77411
543,Dewas,23,23,Madhya Pradesh,01-01-2013 00:00,14902.85136
544,Katni,38,23,Madhya Pradesh,01-01-2013 00:00,14881.12464
545,Datia,5,23,Madhya Pradesh,01-01-2013 00:00,14730.61674
546,Damoh,12,23,Madhya Pradesh,01-01-2013 00:00,14935.11742
547,Dhar,25,23,Madhya Pradesh,01-01-2013 00:00,15010.38002
548,East Nimar,29,23,Madhya Pradesh,01-01-2013 00:00,15058.0249
549,Guna,7,23,Madhya Pradesh,01-01-2013 00:00,14880.40051
550,Gwalior,4,23,Madhya Pradesh,01-01-2013 00:00,14775.30233
551,Harda,36,23,Madhya Pradesh,01-01-2013 00:00,14832.18785
552,Kangra,2,2,Himachal Pradesh,01-01-2013 00:00,14169.65114
553,Kinnaur,12,2,Himachal Pradesh,01-01-2013 00:00,13207.9238
554,Lahul & Spiti,3,2,Himachal Pradesh,01-01-2013 00:00,12907.10582
555,Kullu,4,2,Himachal Pradesh,01-01-2013 00:00,13561.30431
556,Mandi,5,2,Himachal Pradesh,01-01-2013 00:00,14262.91395
557,Shimla,11,2,Himachal Pradesh,01-01-2013 00:00,14053.19375
558,Sirmaur,10,2,Himachal Pradesh,01-01-2013 00:00,14389.34551
559,Solan,9,2,Himachal Pradesh,01-01-2013 00:00,14417.98322
560,Una,7,2,Himachal Pradesh,01-01-2013 00:00,14496.31044
561,Bilaspur,8,2,Himachal Pradesh,01-01-2013 00:00,14397.7398
562,Chamba,1,2,Himachal Pradesh,01-01-2013 00:00,13643.09953
563,Hamirpur,6,2,Himachal Pradesh,01-01-2013 00:00,14396.71951
564,Jammu,13,1,Jammu and Kashmir,01-01-2013 00:00,14447.70947
565,Kargil,8,1,Jammu and Kashmir,01-01-2013 00:00,12893.18101
566,Kathua,14,1,Jammu and Kashmir,01-01-2013 00:00,14371.49208
567,Leh (Ladakh),7,1,Jammu and Kashmir,01-01-2013 00:00,13129.98762
568,Kupwara,1,1,Jammu and Kashmir,01-01-2013 00:00,13560.41803
569,Punch,11,1,Jammu and Kashmir,01-01-2013 00:00,14006.26142
570,Pulwama,5,1,Jammu and Kashmir,01-01-2013 00:00,13839.7611
571,Rajauri,12,1,Jammu and Kashmir,01-01-2013 00:00,14261.41418
572,Srinagar,3,1,Jammu and Kashmir,01-01-2013 00:00,13424.81916
573,Udhampur,10,1,Jammu and Kashmir,01-01-2013 00:00,14134.16854
574,Anantnag,6,1,Jammu and Kashmir,01-01-2013 00:00,13451.75523
575,Badgam,4,1,Jammu and Kashmir,01-01-2013 00:00,13589.44369
576,Baramula,2,1,Jammu and Kashmir,01-01-2013 00:00,13449.39628
577,Data Not Available,99,99,Jammu and Kashmir,01-01-2013 00:00,13056.20589
578,Doda,9,1,Jammu and Kashmir,01-01-2013 00:00,13359.46542
579,Lohit,11,12,Arunanchal Pradesh,01-01-2013 00:00,14126.71128
580,Lower Subansiri,5,12,Arunanchal Pradesh,01-01-2013 00:00,14103.92882
581,Papum Pare,4,12,Arunanchal Pradesh,01-01-2013 00:00,14379.34721
582,Tawang,1,12,Arunanchal Pradesh,01-01-2013 00:00,14008.60452
583,Tirap,13,12,Arunanchal Pradesh,01-01-2013 00:00,14524.85916
584,West Kameng,2,12,Arunanchal Pradesh,01-01-2013 00:00,14198.30827
585,West Siang,7,12,Arunanchal Pradesh,01-01-2013 00:00,14167.13072
586,Upper Siang,9,12,Arunanchal Pradesh,01-01-2013 00:00,13996.65344
587,Upper Subansiri,6,12,Arunanchal Pradesh,01-01-2013 00:00,13997.99183
588,Changlang,12,12,Arunanchal Pradesh,01-01-2013 00:00,14435.35899
589,Dibang Valley,10,12,Arunanchal Pradesh,01-01-2013 00:00,13924.98824
590,East Kameng,3,12,Arunanchal Pradesh,01-01-2013 00:00,14212.33411
591,East Siang,8,12,Arunanchal Pradesh,01-01-2013 00:00,14488.00559
592,Nicobars,2,35,Andaman & Nicobar Island,01-01-2013 00:00,14954.08766
593,Andamans,1,35,Andaman & Nicobar Island,01-01-2013 00:00,14971.92989
594,Lakshadweep,1,31,Lakshadweep,02-01-2013 00:00,15053.34546
595,Chandigarh,1,4,Chandigarh,02-01-2013 00:00,14731.34868
596,Dadra & Nagar Haveli,1,26,Dadara & Nagar Havelli,02-01-2013 00:00,15418.65514
597,North Goa,1,30,Goa,02-01-2013 00:00,15306.3889
598,South Goa,2,30,Goa,02-01-2013 00:00,15248.1315
599,Jorhat,17,18,Assam,02-01-2013 00:00,15048.56576
600,Karimganj,22,18,Assam,02-01-2013 00:00,15068.81175
601,Kokrajhar,1,18,Assam,02-01-2013 00:00,15061.88012
602,Lakhimpur,12,18,Assam,02-01-2013 00:00,15096.9674
603,Nagaon,10,18,Assam,02-01-2013 00:00,15042.54449
604,Marigaon,9,18,Assam,02-01-2013 00:00,15056.41078
605,Nalbari,7,18,Assam,02-01-2013 00:00,15066.08255
606,North Cachar Hills,20,18,Assam,02-01-2013 00:00,14875.02215
607,Sonitpur,11,18,Assam,02-01-2013 00:00,15073.26268
608,Sibsagar,16,18,Assam,02-01-2013 00:00,15056.30355
609,Tinsukia,14,18,Assam,02-01-2013 00:00,15018.25945
610,Barpeta,5,18,Assam,02-01-2013 00:00,15050.72594
611,Bongaigaon,4,18,Assam,02-01-2013 00:00,15034.64281
612,Cachar,21,18,Assam,02-01-2013 00:00,15021.67231
613,Darrang,8,18,Assam,02-01-2013 00:00,15064.94254
614,Dhemaji,13,18,Assam,02-01-2013 00:00,15103.92437
615,Dhubri,2,18,Assam,02-01-2013 00:00,15048.62934
616,Dibrugarh,15,18,Assam,02-01-2013 00:00,15084.12908
617,Kamrup,6,18,Assam,02-01-2013 00:00,15023.64739
618,Karbi Anglong,19,18,Assam,02-01-2013 00:00,14909.4706
619,Goalpara,3,18,Assam,02-01-2013 00:00,15071.37122
620,Golaghat,18,18,Assam,02-01-2013 00:00,15049.08895
621,Hailakandi,23,18,Assam,02-01-2013 00:00,15040.84857
622,Jamui,37,10,Bihar,02-01-2013 00:00,15052.02428
623,Kishanganj,8,10,Bihar,02-01-2013 00:00,15018.34526
624,Muzaffarpur,14,10,Bihar,02-01-2013 00:00,14841.26221
625,Purnia,9,10,Bihar,02-01-2013 00:00,14950.85398
626,Khagaria,21,10,Bihar,02-01-2013 00:00,14868.9987
627,Madhubani,5,10,Bihar,02-01-2013 00:00,14912.21702
628,Lakhisarai,25,10,Bihar,02-01-2013 00:00,14960.92378
629,Madhepura,11,10,Bihar,02-01-2013 00:00,14932.90976
630,Purba Champaran,2,10,Bihar,02-01-2013 00:00,14857.88634
631,Munger,24,10,Bihar,02-01-2013 00:00,14962.59017
632,Nalanda,27,10,Bihar,02-01-2013 00:00,14968.61548
633,Nawada,36,10,Bihar,02-01-2013 00:00,14995.3669
634,Pashchim Champaran,1,10,Bihar,02-01-2013 00:00,14924.714
635,Patna,28,10,Bihar,02-01-2013 00:00,14918.76865
636,Samastipur,19,10,Bihar,02-01-2013 00:00,14879.44308
637,Sheikhpura,26,10,Bihar,02-01-2013 00:00,14988.75061
638,Sheohar,3,10,Bihar,02-01-2013 00:00,14857.80943
639,Saharsa,12,10,Bihar,02-01-2013 00:00,14896.25235
640,Sitamarhi,4,10,Bihar,02-01-2013 00:00,14867.913
641,Siwan,16,10,Bihar,02-01-2013 00:00,14819.28776
642,Supaul,6,10,Bihar,02-01-2013 00:00,14871.19743
643,Vaishali,18,10,Bihar,02-01-2013 00:00,14845.54326
644,Kaimur (Bhabua),31,10,Bihar,02-01-2013 00:00,14943.14694
645,Gaya,35,10,Bihar,02-01-2013 00:00,15072.71447
646,Bhojpur,29,10,Bihar,02-01-2013 00:00,14902.19574
647,Buxar,30,10,Bihar,02-01-2013 00:00,14864.27654
648,Jehanabad,33,10,Bihar,02-01-2013 00:00,14984.00879
649,Rohtas,32,10,Bihar,02-01-2013 00:00,14922.14123
650,Araria,7,10,Bihar,02-01-2013 00:00,14895.20607
651,Aurangabad,34,10,Bihar,02-01-2013 00:00,15033.95707
652,Banka,23,10,Bihar,02-01-2013 00:00,15065.14848
653,Bhagalpur,22,10,Bihar,02-01-2013 00:00,14932.06056
654,Begusarai,20,10,Bihar,02-01-2013 00:00,14867.76801
655,Saran,17,10,Bihar,02-01-2013 00:00,14839.80165
656,Katihar,10,10,Bihar,02-01-2013 00:00,14909.13397
657,Darbhanga,13,10,Bihar,02-01-2013 00:00,14869.13952
658,Gopalganj,15,10,Bihar,02-01-2013 00:00,14850.61554
659,Kollam,13,32,Kerala,02-01-2013 00:00,15251.48714
660,Kottayam,10,32,Kerala,02-01-2013 00:00,15260.6666
661,Kozhikode,4,32,Kerala,02-01-2013 00:00,15195.18066
662,Malappuram,5,32,Kerala,02-01-2013 00:00,15230.91921
663,Palakkad,6,32,Kerala,02-01-2013 00:00,15237.53724
664,Pathanamthitta,12,32,Kerala,02-01-2013 00:00,15192.68611
665,Idukki,9,32,Kerala,02-01-2013 00:00,15087.34972
666,Thrissur,7,32,Kerala,02-01-2013 00:00,15248.21445
667,Thiruvananthapuram,14,32,Kerala,02-01-2013 00:00,15254.30761
668,Wayanad,3,32,Kerala,02-01-2013 00:00,15090.89759
669,Alappuzha,11,32,Kerala,02-01-2013 00:00,15210.36408
670,Kasaragod,1,32,Kerala,02-01-2013 00:00,15258.23682
671,Kannur,2,32,Kerala,02-01-2013 00:00,15232.09145
672,Ernakulam,8,32,Kerala,02-01-2013 00:00,15260.69204
673,Jajapur,13,21,Orissa,02-01-2013 00:00,15264.05641
674,Jagatsinghapur,11,21,Orissa,02-01-2013 00:00,15272.35831
675,Jharsuguda,2,21,Orissa,02-01-2013 00:00,15153.60901
676,Khordha,17,21,Orissa,02-01-2013 00:00,15256.56373
677,Mayurbhanj,7,21,Orissa,02-01-2013 00:00,15146.19855
678,Puri,18,21,Orissa,02-01-2013 00:00,15230.09395
679,Koraput,29,21,Orissa,02-01-2013 00:00,15267.34466
680,Malkangiri,30,21,Orissa,02-01-2013 00:00,15218.21631
681,Nabarangapur,28,21,Orissa,02-01-2013 00:00,15330.56684
682,Nayagarh,16,21,Orissa,02-01-2013 00:00,15152.44943
683,Nuapada,25,21,Orissa,02-01-2013 00:00,15260.75391
684,Kandhamal,21,21,Orissa,02-01-2013 00:00,15091.3455
685,Sambalpur,3,21,Orissa,02-01-2013 00:00,15110.48715
686,Rayagada,27,21,Orissa,02-01-2013 00:00,15202.4324
687,Sundargarh,5,21,Orissa,02-01-2013 00:00,15110.03487
688,Sonapur,23,21,Orissa,02-01-2013 00:00,15196.60106
689,Anugul,15,21,Orissa,02-01-2013 00:00,15141.19747
690,Bhadrak,9,21,Orissa,02-01-2013 00:00,15236.75126
691,Baudh,22,21,Orissa,02-01-2013 00:00,15173.62499
692,Balangir,24,21,Orissa,02-01-2013 00:00,15289.70206
693,Baleshwar,8,21,Orissa,02-01-2013 00:00,15188.55382
694,Bargarh,1,21,Orissa,02-01-2013 00:00,15185.62058
695,Kendrapara,10,21,Orissa,02-01-2013 00:00,15192.25102
696,Kendujhar,6,21,Orissa,02-01-2013 00:00,15167.19062
697,Debagarh,4,21,Orissa,02-01-2013 00:00,15091.06976
698,Cuttack,12,21,Orissa,02-01-2013 00:00,15223.33416
699,Dhenkanal,14,21,Orissa,02-01-2013 00:00,15203.91305
700,Kalahandi,26,21,Orissa,02-01-2013 00:00,15214.36186
701,Ganjam,19,21,Orissa,02-01-2013 00:00,15209.23877
702,Gajapati,20,21,Orissa,02-01-2013 00:00,15148.29226
703,Jalandhar,4,3,Punjab,02-01-2013 00:00,14601.95759
704,Kapurthala,3,3,Punjab,02-01-2013 00:00,14587.37962
705,Ludhiana,9,3,Punjab,02-01-2013 00:00,14595.9464
706,Mansa,15,3,Punjab,02-01-2013 00:00,14625.36555
707,Moga,10,3,Punjab,02-01-2013 00:00,14574.29069
708,Muktsar,12,3,Punjab,02-01-2013 00:00,14590.21525
709,Nawanshahr,6,3,Punjab,02-01-2013 00:00,14638.88326
710,Patiala,17,3,Punjab,02-01-2013 00:00,14607.22331
711,Sangrur,16,3,Punjab,02-01-2013 00:00,14585.75582
712,Hoshiarpur,5,3,Punjab,02-01-2013 00:00,14636.96327
713,Rupnagar,7,3,Punjab,02-01-2013 00:00,14650.62776
714,Amritsar,2,3,Punjab,02-01-2013 00:00,14564.3158
715,Firozpur,11,3,Punjab,02-01-2013 00:00,14580.30064
716,Bathinda,14,3,Punjab,02-01-2013 00:00,14613.88368
717,Gurdaspur,1,3,Punjab,02-01-2013 00:00,14581.48546
718,Faridkot,13,3,Punjab,02-01-2013 00:00,14584.86413
719,Fatehgarh Sahib,8,3,Punjab,02-01-2013 00:00,14610.53281
720,North,1,11,Sikkim,02-01-2013 00:00,13691.46617
721,South,3,11,Sikkim,02-01-2013 00:00,14485.33574
722,West,2,11,Sikkim,02-01-2013 00:00,14229.73083
723,East,4,11,Sikkim,02-01-2013 00:00,14369.90791
724,Jamnagar,10,24,Gujarat,02-01-2013 00:00,15485.25747
725,Kheda,16,24,Gujarat,02-01-2013 00:00,15190.82195
726,Mahesana,4,24,Gujarat,02-01-2013 00:00,15148.87221
727,Narmada,20,24,Gujarat,02-01-2013 00:00,15359.16936
728,Navsari,24,24,Gujarat,02-01-2013 00:00,15305.27905
729,Panch Mahals,17,24,Gujarat,02-01-2013 00:00,15222.4746
730,Patan,3,24,Gujarat,02-01-2013 00:00,15322.53011
731,Porbandar,11,24,Gujarat,02-01-2013 00:00,15512.28057
732,Rajkot,9,24,Gujarat,02-01-2013 00:00,15559.73486
733,Sabar Kantha,5,24,Gujarat,02-01-2013 00:00,15155.92544
734,Surendranagar,8,24,Gujarat,02-01-2013 00:00,15412.13105
735,The Dangs,23,24,Gujarat,02-01-2013 00:00,15376.04579
736,Vadodara,19,24,Gujarat,02-01-2013 00:00,15278.68047
737,Valsad,25,24,Gujarat,02-01-2013 00:00,15356.02218
738,Bharuch,21,24,Gujarat,02-01-2013 00:00,15363.38495
739,Surat,22,24,Gujarat,02-01-2013 00:00,15318.8202
740,Anand,15,24,Gujarat,02-01-2013 00:00,15126.22927
741,Ahmadabad,7,24,Gujarat,02-01-2013 00:00,15318.14747
742,Amreli,13,24,Gujarat,02-01-2013 00:00,15593.15625
743,Bhavnagar,14,24,Gujarat,02-01-2013 00:00,15564.35403
744,Banas Kantha,2,24,Gujarat,02-01-2013 00:00,15172.78757
745,Dohad,18,24,Gujarat,02-01-2013 00:00,15248.77941
746,Junagadh,12,24,Gujarat,02-01-2013 00:00,15533.41248
747,Kachchh,1,24,Gujarat,02-01-2013 00:00,15344.14874
748,Gandhinagar,6,24,Gujarat,02-01-2013 00:00,15175.00739
749,Jind,9,6,Haryana,02-01-2013 00:00,14622.03563
750,Kaithal,5,6,Haryana,02-01-2013 00:00,14609.64462
751,Karnal,6,6,Haryana,02-01-2013 00:00,14630.70806
752,Kurukshetra,4,6,Haryana,02-01-2013 00:00,14632.34729
753,Panchkula,1,6,Haryana,02-01-2013 00:00,14680.28124
754,Panipat,7,6,Haryana,02-01-2013 00:00,14654.88326
755,Hisar,12,6,Haryana,02-01-2013 00:00,14685.12843
756,Rohtak,14,6,Haryana,02-01-2013 00:00,14670.9978
757,Sirsa,11,6,Haryana,02-01-2013 00:00,14650.95184
758,Sonipat,8,6,Haryana,02-01-2013 00:00,14667.82745
759,Yamunanagar,3,6,Haryana,02-01-2013 00:00,14667.13338
760,Jhajjar,15,6,Haryana,02-01-2013 00:00,14672.48404
761,Mahendragarh,16,6,Haryana,02-01-2013 00:00,14703.1539
762,Rewari,17,6,Haryana,02-01-2013 00:00,14672.39407
763,Bhiwani,13,6,Haryana,02-01-2013 00:00,14689.70865
764,Ambala,2,6,Haryana,02-01-2013 00:00,14647.84148
765,Gurgaon,18,6,Haryana,02-01-2013 00:00,14740.22016
766,Faridabad,19,6,Haryana,02-01-2013 00:00,14742.1282
767,Fatehabad,10,6,Haryana,02-01-2013 00:00,14635.01671
768,Imphal East,7,14,Manipur,02-01-2013 00:00,15033.0488
769,Imphal West,6,14,Manipur,02-01-2013 00:00,14902.60629
770,Senapati (Excl. 3 sub-divisions),1,14,Manipur,02-01-2013 00:00,14802.05335
771,Tamenglong,2,14,Manipur,02-01-2013 00:00,14783.07118
772,Thoubal,5,14,Manipur,02-01-2013 00:00,14981.45984
773,Ukhrul,8,14,Manipur,02-01-2013 00:00,14777.70234
774,Bishnupur,4,14,Manipur,02-01-2013 00:00,14922.63588
775,Chandel,9,14,Manipur,02-01-2013 00:00,14839.29915
776,Churachandpur,3,14,Manipur,02-01-2013 00:00,14817.79928
777,Kolasib,2,15,Mizoram,02-01-2013 00:00,14885.43409
778,Mamit,1,15,Mizoram,02-01-2013 00:00,14914.84917
779,Lunglei,6,15,Mizoram,02-01-2013 00:00,14876.34745
780,Lawngtlai,7,15,Mizoram,02-01-2013 00:00,14937.33822
781,Saiha,8,15,Mizoram,02-01-2013 00:00,14891.59497
782,Serchhip,5,15,Mizoram,02-01-2013 00:00,14858.30151
783,Aizawl,3,15,Mizoram,02-01-2013 00:00,14866.22294
784,Champhai,4,15,Mizoram,02-01-2013 00:00,14835.76782
785,North Tripura,4,16,Tripura,02-01-2013 00:00,15025.94717
786,South Tripura,2,16,Tripura,02-01-2013 00:00,15094.32389
787,West Tripura,1,16,Tripura,02-01-2013 00:00,15099.00426
788,Dhalai,3,16,Tripura,02-01-2013 00:00,15030.95956
789,Mokokchung,3,13,Nagaland,02-01-2013 00:00,14798.96816
790,Mon,1,13,Nagaland,02-01-2013 00:00,14852.84953
791,Phek,8,13,Nagaland,02-01-2013 00:00,14653.21425
792,Tuensang,2,13,Nagaland,02-01-2013 00:00,14687.9746
793,Wokha,5,13,Nagaland,02-01-2013 00:00,14797.97032
794,Zunheboto,4,13,Nagaland,02-01-2013 00:00,14714.31392
795,Dimapur,6,13,Nagaland,02-01-2013 00:00,14967.15634
796,Kohima,7,13,Nagaland,02-01-2013 00:00,14789.93269
797,Purbi Singhbhum,18,20,Jharkhand,02-01-2013 00:00,15150.45125
798,Lohardaga,15,20,Jharkhand,02-01-2013 00:00,15002.57417
799,Pakaur,10,20,Jharkhand,02-01-2013 00:00,15141.77482
800,Pashchimi Singhbhum,17,20,Jharkhand,02-01-2013 00:00,15091.34748
801,Ranchi,14,20,Jharkhand,02-01-2013 00:00,15064.48969
802,Sahibganj,9,20,Jharkhand,02-01-2013 00:00,15011.43309
803,Garhwa,1,20,Jharkhand,02-01-2013 00:00,15015.5838
804,Palamu,2,20,Jharkhand,02-01-2013 00:00,15002.05061
805,Chatra,3,20,Jharkhand,02-01-2013 00:00,15033.0758
806,Hazaribagh,4,20,Jharkhand,02-01-2013 00:00,15031.28735
807,Kodarma,5,20,Jharkhand,02-01-2013 00:00,15022.95601
808,Bokaro,13,20,Jharkhand,02-01-2013 00:00,15086.59762
809,Deoghar,7,20,Jharkhand,02-01-2013 00:00,15118.42661
810,Dhanbad,12,20,Jharkhand,02-01-2013 00:00,15113.61503
811,Dumka,11,20,Jharkhand,02-01-2013 00:00,15116.1049
812,Giridih,6,20,Jharkhand,02-01-2013 00:00,15089.75098
813,Godda,8,20,Jharkhand,02-01-2013 00:00,15054.14143
814,Gumla,16,20,Jharkhand,02-01-2013 00:00,15068.37465
815,Kodagu,25,29,Karnataka,02-01-2013 00:00,15062.17934
816,Kolar,19,29,Karnataka,02-01-2013 00:00,15448.25975
817,Mandya,22,29,Karnataka,02-01-2013 00:00,15433.39533
818,Koppal,7,29,Karnataka,02-01-2013 00:00,15574.62869
819,Mysore,26,29,Karnataka,02-01-2013 00:00,15502.54208
820,Raichur,6,29,Karnataka,02-01-2013 00:00,15480.26501
821,Hassan,23,29,Karnataka,02-01-2013 00:00,15357.01049
822,Haveri,11,29,Karnataka,02-01-2013 00:00,15565.71927
823,Shimoga,15,29,Karnataka,02-01-2013 00:00,15278.54584
824,Tumkur,18,29,Karnataka,02-01-2013 00:00,15504.6459
825,Udupi,16,29,Karnataka,02-01-2013 00:00,15257.33443
826,Uttara Kannada,10,29,Karnataka,02-01-2013 00:00,15185.15202
827,Bagalkot,2,29,Karnataka,02-01-2013 00:00,15562.90276
828,Bangalore,20,29,Karnataka,02-01-2013 00:00,15401.90568
829,Bidar,5,29,Karnataka,02-01-2013 00:00,15528.02743
830,Bijapur,3,29,Karnataka,02-01-2013 00:00,15655.8155
831,Belgaum,1,29,Karnataka,02-01-2013 00:00,15515.87176
832,Bellary,12,29,Karnataka,02-01-2013 00:00,15514.2234
833,Bangalore Rural,21,29,Karnataka,02-01-2013 00:00,15483.75613
834,Chamarajanagar,27,29,Karnataka,02-01-2013 00:00,15482.02417
835,Chikmagalur,17,29,Karnataka,02-01-2013 00:00,15235.48185
836,Chitradurga,13,29,Karnataka,02-01-2013 00:00,15579.65425
837,Dakshina Kannada,24,29,Karnataka,02-01-2013 00:00,15215.91542
838,Davanagere,14,29,Karnataka,02-01-2013 00:00,15505.61495
839,Dharwad,9,29,Karnataka,02-01-2013 00:00,15643.89609
840,Gulbarga,4,29,Karnataka,02-01-2013 00:00,15570.9748
841,Gadag,8,29,Karnataka,02-01-2013 00:00,15715.24547
842,Jaintia Hills,7,17,Meghalaya,02-01-2013 00:00,14912.15823
843,Ri Bhoi,5,17,Meghalaya,02-01-2013 00:00,14890.15956
844,South Garo Hills,3,17,Meghalaya,02-01-2013 00:00,14974.29381
845,West Garo Hills,1,17,Meghalaya,02-01-2013 00:00,15031.10474
846,West Khasi Hills,4,17,Meghalaya,02-01-2013 00:00,14878.32775
847,East Garo Hills,2,17,Meghalaya,02-01-2013 00:00,14978.16695
848,East Khasi Hills,6,17,Meghalaya,02-01-2013 00:00,14879.65381
849,Jaipur,12,8,Rajasthan,02-01-2013 00:00,14925.77421
850,Jaisalmer,16,8,Rajasthan,02-01-2013 00:00,15248.32296
851,Jalor,18,8,Rajasthan,02-01-2013 00:00,15227.73214
852,Jhalawar,32,8,Rajasthan,02-01-2013 00:00,15056.97953
853,Jhunjhunun,5,8,Rajasthan,02-01-2013 00:00,14870.49763
854,Jodhpur,15,8,Rajasthan,02-01-2013 00:00,15214.74437
855,Kota,30,8,Rajasthan,02-01-2013 00:00,14957.14032
856,Nagaur,14,8,Rajasthan,02-01-2013 00:00,15094.73348
857,Pali,20,8,Rajasthan,02-01-2013 00:00,15184.38298
858,Rajsamand,25,8,Rajasthan,02-01-2013 00:00,15015.85102
859,Sawai Madhopur,10,8,Rajasthan,02-01-2013 00:00,14929.33467
860,Sirohi,19,8,Rajasthan,02-01-2013 00:00,15179.36305
861,Tonk,22,8,Rajasthan,02-01-2013 00:00,14965.64122
862,Sikar,13,8,Rajasthan,02-01-2013 00:00,14936.21179
863,Alwar,6,8,Rajasthan,02-01-2013 00:00,14762.47934
864,Udaipur,26,8,Rajasthan,02-01-2013 00:00,15118.66086
865,Ganganagar,1,8,Rajasthan,02-01-2013 00:00,14742.67895
866,Hanumangarh,2,8,Rajasthan,02-01-2013 00:00,14845.52827
867,Baran,31,8,Rajasthan,02-01-2013 00:00,14974.10941
868,Ajmer,21,8,Rajasthan,02-01-2013 00:00,15002.18695
869,Banswara,28,8,Rajasthan,02-01-2013 00:00,15183.21413
870,Barmer,17,8,Rajasthan,02-01-2013 00:00,15339.40049
871,Bhilwara,24,8,Rajasthan,02-01-2013 00:00,15038.15414
872,Bikaner,3,8,Rajasthan,02-01-2013 00:00,15107.55179
873,Bharatpur,7,8,Rajasthan,02-01-2013 00:00,14796.78864
874,Bundi,23,8,Rajasthan,02-01-2013 00:00,14961.69377
875,Chittaurgarh,29,8,Rajasthan,02-01-2013 00:00,15062.0768
876,Churu,4,8,Rajasthan,02-01-2013 00:00,15089.35002
877,Dausa,11,8,Rajasthan,02-01-2013 00:00,14885.1091
878,Dhaulpur,8,8,Rajasthan,02-01-2013 00:00,14888.98617
879,Dungarpur,27,8,Rajasthan,02-01-2013 00:00,15160.70397
880,Karauli,9,8,Rajasthan,02-01-2013 00:00,14951.26002
881,Pondicherry,2,34,Puducherry,02-01-2013 00:00,15337.92937
882,Yanam,1,34,Puducherry,02-01-2013 00:00,15174.9615
883,Karaikal,4,34,Puducherry,02-01-2013 00:00,15351.61419
884,Mahe,3,34,Puducherry,02-01-2013 00:00,15215.12884
885,Kanniyakumari,30,33,Tamil Nadu,02-01-2013 00:00,15254.06351
886,Karur,14,33,Tamil Nadu,02-01-2013 00:00,15609.05583
887,Madurai,24,33,Tamil Nadu,02-01-2013 00:00,15513.02084
888,Namakkal,9,33,Tamil Nadu,02-01-2013 00:00,15559.21601
889,The Nilgiris,11,33,Tamil Nadu,02-01-2013 00:00,15057.67459
890,Perambalur,16,33,Tamil Nadu,02-01-2013 00:00,15539.10242
891,Pudukkottai,22,33,Tamil Nadu,02-01-2013 00:00,15417.12763
892,Ramanathapuram,27,33,Tamil Nadu,02-01-2013 00:00,15401.6405
893,Salem,8,33,Tamil Nadu,02-01-2013 00:00,15474.70017
894,Sivaganga,23,33,Tamil Nadu,02-01-2013 00:00,15434.0516
895,Tiruchirappalli,15,33,Tamil Nadu,02-01-2013 00:00,15504.93037
896,Tirunelveli,29,33,Tamil Nadu,02-01-2013 00:00,15361.48684
897,Tiruvannamalai,6,33,Tamil Nadu,02-01-2013 00:00,15339.86235
898,Thoothukkudi,28,33,Tamil Nadu,02-01-2013 00:00,15507.87
899,Theni,25,33,Tamil Nadu,02-01-2013 00:00,15304.4215
900,Vellore,4,33,Tamil Nadu,02-01-2013 00:00,15335.92845
901,Viluppuram,7,33,Tamil Nadu,02-01-2013 00:00,15373.92553
902,Virudhunagar,26,33,Tamil Nadu,02-01-2013 00:00,15576.70542
903,Chennai,2,33,Tamil Nadu,02-01-2013 00:00,15324.08956
904,Kancheepuram,3,33,Tamil Nadu,02-01-2013 00:00,15289.06315
905,Thiruvallur,1,33,Tamil Nadu,02-01-2013 00:00,15304.89815
906,Thanjavur,21,33,Tamil Nadu,02-01-2013 00:00,15325.24816
907,Thiruvarur,20,33,Tamil Nadu,02-01-2013 00:00,15320.86677
908,Nagapattinam,19,33,Tamil Nadu,02-01-2013 00:00,15295.88171
909,Ariyalur,17,33,Tamil Nadu,02-01-2013 00:00,15401.36003
910,Coimbatore,12,33,Tamil Nadu,02-01-2013 00:00,15373.92292
911,Cuddalore,18,33,Tamil Nadu,02-01-2013 00:00,15380.8303
912,Dharmapuri,5,33,Tamil Nadu,02-01-2013 00:00,15425.88873
913,Dindigul,13,33,Tamil Nadu,02-01-2013 00:00,15390.53994
914,Erode,10,33,Tamil Nadu,02-01-2013 00:00,15487.19532
915,Daman,2,25,Daman & Diu,02-01-2013 00:00,15228.61505
916,Diu,1,25,Daman & Diu,02-01-2013 00:00,15211.8688
917,Jalgaon,3,27,Maharashtra,02-01-2013 00:00,15445.41972
918,Jalna,18,27,Maharashtra,02-01-2013 00:00,15610.80963
919,Kolhapur,34,27,Maharashtra,02-01-2013 00:00,15361.60709
920,Latur,28,27,Maharashtra,02-01-2013 00:00,15516.61069
921,Pune,25,27,Maharashtra,02-01-2013 00:00,15421.58174
922,Nagpur,9,27,Maharashtra,02-01-2013 00:00,15269.43156
923,Mumbai,23,27,Maharashtra,02-01-2013 00:00,15251.2306
924,Mumbai (Suburban),22,27,Maharashtra,02-01-2013 00:00,15288.67956
925,Nanded,15,27,Maharashtra,02-01-2013 00:00,15410.03406
926,Nandurbar,1,27,Maharashtra,02-01-2013 00:00,15395.38678
927,Nashik,20,27,Maharashtra,02-01-2013 00:00,15440.76678
928,Osmanabad,29,27,Maharashtra,02-01-2013 00:00,15631.76129
929,Parbhani,17,27,Maharashtra,02-01-2013 00:00,15462.69462
930,Sangli,35,27,Maharashtra,02-01-2013 00:00,15598.62613
931,Satara,31,27,Maharashtra,02-01-2013 00:00,15482.0533
932,Hingoli,16,27,Maharashtra,02-01-2013 00:00,15432.38945
933,Ratnagiri,32,27,Maharashtra,02-01-2013 00:00,15390.11886
934,Raigarh,24,27,Maharashtra,02-01-2013 00:00,15414.23467
935,Thane,21,27,Maharashtra,02-01-2013 00:00,15444.75081
936,Solapur,30,27,Maharashtra,02-01-2013 00:00,15613.27514
937,Sindhudurg,33,27,Maharashtra,02-01-2013 00:00,15352.19499
938,Wardha,8,27,Maharashtra,02-01-2013 00:00,15386.06977
939,Washim,6,27,Maharashtra,02-01-2013 00:00,15420.37023
940,Yavatmal,14,27,Maharashtra,02-01-2013 00:00,15378.88153
941,Aurangabad,19,27,Maharashtra,02-01-2013 00:00,15546.05174
942,Ahmadnagar,26,27,Maharashtra,02-01-2013 00:00,15540.3057
943,Akola,5,27,Maharashtra,02-01-2013 00:00,15406.25701
944,Amravati,7,27,Maharashtra,02-01-2013 00:00,15346.21026
945,Bid,27,27,Maharashtra,02-01-2013 00:00,15587.06977
946,Bhandara,10,27,Maharashtra,02-01-2013 00:00,15191.72291
947,Buldana,4,27,Maharashtra,02-01-2013 00:00,15478.837
948,Chandrapur,13,27,Maharashtra,02-01-2013 00:00,15266.37881
949,Dhule,2,27,Maharashtra,02-01-2013 00:00,15480.04232
950,Gadchiroli,12,27,Maharashtra,02-01-2013 00:00,15179.15722
951,Gondiya,11,27,Maharashtra,02-01-2013 00:00,15168.82142
952,Nainital,11,5,Uttarakhand,02-01-2013 00:00,14634.6991
953,Pithoragarh,7,5,Uttarakhand,02-01-2013 00:00,13716.06771
954,Hardwar,13,5,Uttarakhand,02-01-2013 00:00,14708.99334
955,Rudraprayag,3,5,Uttarakhand,02-01-2013 00:00,14034.31588
956,Tehri Garhwal,4,5,Uttarakhand,02-01-2013 00:00,14293.034
957,Udham Singh Nagar,12,5,Uttarakhand,02-01-2013 00:00,14729.76236
958,Uttarkashi,1,5,Uttarakhand,02-01-2013 00:00,13601.55564
959,Bageshwar,8,5,Uttarakhand,02-01-2013 00:00,14171.86469
960,Almora,9,5,Uttarakhand,02-01-2013 00:00,14503.72908
961,Chamoli,2,5,Uttarakhand,02-01-2013 00:00,13621.78371
962,Champawat,10,5,Uttarakhand,02-01-2013 00:00,14485.45758
963,Dehradun,5,5,Uttarakhand,02-01-2013 00:00,14549.83925
964,Garhwal,6,5,Uttarakhand,02-01-2013 00:00,14532.46654
965,Jalpaiguri,2,19,West Bengal,02-01-2013 00:00,15037.16032
966,Koch Bihar,3,19,West Bengal,02-01-2013 00:00,14990.39806
967,Murshidabad,7,19,West Bengal,02-01-2013 00:00,14995.43322
968,Puruliya,14,19,West Bengal,02-01-2013 00:00,15134.83246
969,Kolkata,17,19,West Bengal,02-01-2013 00:00,15165.25201
970,Maldah,6,19,West Bengal,02-01-2013 00:00,14950.79098
971,Nadia,10,19,West Bengal,02-01-2013 00:00,15030.5558
972,North Twenty Four Parganas,11,19,West Bengal,02-01-2013 00:00,14994.12259
973,Medinipur,15,19,West Bengal,02-01-2013 00:00,15080.40926
974,Hugli,12,19,West Bengal,02-01-2013 00:00,15033.88776
975,South  Twenty Four Parganas,18,19,West Bengal,02-01-2013 00:00,15047.03897
976,Uttar Dinajpur,4,19,West Bengal,02-01-2013 00:00,14969.48462
977,Barddhaman,9,19,West Bengal,02-01-2013 00:00,15064.69566
978,Birbhum,8,19,West Bengal,02-01-2013 00:00,15097.14043
979,Bankura,13,19,West Bengal,02-01-2013 00:00,15118.07691
980,Dakshin Dinajpur,5,19,West Bengal,02-01-2013 00:00,14999.41779
981,Darjiling,1,19,West Bengal,02-01-2013 00:00,14778.6005
982,Haora,16,19,West Bengal,02-01-2013 00:00,15034.09759
983,Jashpur,3,22,Chhattisgarh,02-01-2013 00:00,15070.6068
984,Koriya,1,22,Chhattisgarh,02-01-2013 00:00,14969.58325
985,Mahasamund,12,22,Chhattisgarh,02-01-2013 00:00,15253.52855
986,Raigarh,4,22,Chhattisgarh,02-01-2013 00:00,15144.83524
987,Raipur,11,22,Chhattisgarh,02-01-2013 00:00,15222.92976
988,Rajnandgaon,9,22,Chhattisgarh,02-01-2013 00:00,15190.39236
989,Surguja,2,22,Chhattisgarh,02-01-2013 00:00,14996.39436
990,Bilaspur,7,22,Chhattisgarh,02-01-2013 00:00,15110.01616
991,Janjgir - Champa,6,22,Chhattisgarh,02-01-2013 00:00,15196.30217
992,Korba,5,22,Chhattisgarh,02-01-2013 00:00,15058.4271
993,Kawardha,8,22,Chhattisgarh,02-01-2013 00:00,15130.51335
994,Bastar,15,22,Chhattisgarh,02-01-2013 00:00,15204.02978
995,Dantewada,16,22,Chhattisgarh,02-01-2013 00:00,15160.21265
996,Dhamtari,13,22,Chhattisgarh,02-01-2013 00:00,15142.90277
997,Durg,10,22,Chhattisgarh,02-01-2013 00:00,15205.94461
998,Kanker,14,22,Chhattisgarh,02-01-2013 00:00,15185.55869
999,Central,6,7,Delhi  & NCR,02-01-2013 00:00,14795.56363
1000,East,4,7,Delhi  & NCR,02-01-2013 00:00,14802.73354
1001,New Delhi,5,7,Delhi  & NCR,02-01-2013 00:00,14772.40966
1002,North,2,7,Delhi  & NCR,02-01-2013 00:00,14781.15654
1003,North East,3,7,Delhi  & NCR,02-01-2013 00:00,14792.95879
1004,North West,1,7,Delhi  & NCR,02-01-2013 00:00,14738.58149
1005,South,9,7,Delhi  & NCR,02-01-2013 00:00,14797.08084
1006,South West,8,7,Delhi  & NCR,02-01-2013 00:00,14745.95907
1007,West,7,7,Delhi  & NCR,02-01-2013 00:00,14794.58042
1008,Jalaun,35,9,Uttar Pradesh,02-01-2013 00:00,14812.08988
1009,Jaunpur,64,9,Uttar Pradesh,02-01-2013 00:00,14858.79279
1010,Jhansi,36,9,Uttar Pradesh,02-01-2013 00:00,14832.36793
1011,Jyotiba Phule Nagar,6,9,Uttar Pradesh,02-01-2013 00:00,14733.05761
1012,Kannauj,30,9,Uttar Pradesh,02-01-2013 00:00,14792.00182
1013,Kanpur Nagar,34,9,Uttar Pradesh,02-01-2013 00:00,14823.94713
1014,Kaushambi,44,9,Uttar Pradesh,02-01-2013 00:00,14846.42501
1015,Kheri,23,9,Uttar Pradesh,02-01-2013 00:00,14801.42697
1016,Mirzapur,69,9,Uttar Pradesh,02-01-2013 00:00,14957.08801
1017,Moradabad,4,9,Uttar Pradesh,02-01-2013 00:00,14740.04764
1018,Muzaffarnagar,2,9,Uttar Pradesh,02-01-2013 00:00,14705.63881
1019,Rae Bareli,28,9,Uttar Pradesh,02-01-2013 00:00,14824.77666
1020,Kushinagar,59,9,Uttar Pradesh,02-01-2013 00:00,14878.83671
1021,Lucknow,27,9,Uttar Pradesh,02-01-2013 00:00,14823.64429
1022,Lalitpur,37,9,Uttar Pradesh,02-01-2013 00:00,14833.00021
1023,Mahrajganj,57,9,Uttar Pradesh,02-01-2013 00:00,14837.5624
1024,Mahoba,39,9,Uttar Pradesh,02-01-2013 00:00,14875.7524
1025,Mainpuri,18,9,Uttar Pradesh,02-01-2013 00:00,14775.72896
1026,Mathura,14,9,Uttar Pradesh,02-01-2013 00:00,14749.34914
1027,Mau,62,9,Uttar Pradesh,02-01-2013 00:00,14832.94088
1028,Meerut,7,9,Uttar Pradesh,02-01-2013 00:00,14729.60314
1029,Pilibhit,21,9,Uttar Pradesh,02-01-2013 00:00,14745.92104
1030,Pratapgarh,43,9,Uttar Pradesh,02-01-2013 00:00,14849.20241
1031,Rampur,5,9,Uttar Pradesh,02-01-2013 00:00,14732.92484
1032,Sant Ravidas Nagar Bhadohi,68,9,Uttar Pradesh,02-01-2013 00:00,14850.32356
1033,Sant Kabir Nagar,56,9,Uttar Pradesh,02-01-2013 00:00,14820.01317
1034,Shahjahanpur,22,9,Uttar Pradesh,02-01-2013 00:00,14753.92012
1035,Hathras,13,9,Uttar Pradesh,02-01-2013 00:00,14777.26571
1036,Shrawasti,51,9,Uttar Pradesh,02-01-2013 00:00,14819.19393
1037,Saharanpur,1,9,Uttar Pradesh,02-01-2013 00:00,14668.68712
1038,Sitapur,24,9,Uttar Pradesh,02-01-2013 00:00,14822.55954
1039,Sultanpur,49,9,Uttar Pradesh,02-01-2013 00:00,14854.53752
1040,Sonbhadra,70,9,Uttar Pradesh,02-01-2013 00:00,14972.47733
1041,Siddharthnagar,54,9,Uttar Pradesh,02-01-2013 00:00,14802.88981
1042,Unnao,26,9,Uttar Pradesh,02-01-2013 00:00,14791.79429
1043,Varanasi,67,9,Uttar Pradesh,02-01-2013 00:00,14856.91355
1044,Bulandshahr,11,9,Uttar Pradesh,02-01-2013 00:00,14731.12152
1045,Gautam Buddha Nagar,10,9,Uttar Pradesh,02-01-2013 00:00,14748.10153
1046,Ghaziabad,9,9,Uttar Pradesh,02-01-2013 00:00,14731.88551
1047,Auraiya,32,9,Uttar Pradesh,02-01-2013 00:00,14781.16236
1048,Azamgarh,61,9,Uttar Pradesh,02-01-2013 00:00,14844.78149
1049,Budaun,19,9,Uttar Pradesh,02-01-2013 00:00,14759.21436
1050,Agra,15,9,Uttar Pradesh,02-01-2013 00:00,14800.53693
1051,Aligarh,12,9,Uttar Pradesh,02-01-2013 00:00,14738.63243
1052,Allahabad,45,9,Uttar Pradesh,02-01-2013 00:00,14881.76502
1053,Ambedkar Nagar,48,9,Uttar Pradesh,02-01-2013 00:00,14838.91325
1054,Bareilly,20,9,Uttar Pradesh,02-01-2013 00:00,14752.50759
1055,Bijnor,3,9,Uttar Pradesh,02-01-2013 00:00,14742.06512
1056,Basti,55,9,Uttar Pradesh,02-01-2013 00:00,14847.54848
1057,Baghpat,8,9,Uttar Pradesh,02-01-2013 00:00,14709.92467
1058,Bahraich,50,9,Uttar Pradesh,02-01-2013 00:00,14808.90125
1059,Ballia,63,9,Uttar Pradesh,02-01-2013 00:00,14826.98688
1060,Balrampur,52,9,Uttar Pradesh,02-01-2013 00:00,14859.823
1061,Banda,40,9,Uttar Pradesh,02-01-2013 00:00,14902.42281
1062,Barabanki,46,9,Uttar Pradesh,02-01-2013 00:00,14812.26382
1063,Chitrakoot,41,9,Uttar Pradesh,02-01-2013 00:00,14929.92318
1064,Chandauli,66,9,Uttar Pradesh,02-01-2013 00:00,14908.91881
1065,Deoria,60,9,Uttar Pradesh,02-01-2013 00:00,14821.23572
1066,Etah,17,9,Uttar Pradesh,02-01-2013 00:00,14758.6717
1067,Kanpur Dehat,33,9,Uttar Pradesh,02-01-2013 00:00,14792.60494
1068,Etawah,31,9,Uttar Pradesh,02-01-2013 00:00,14798.87092
1069,Faizabad,47,9,Uttar Pradesh,02-01-2013 00:00,14846.42502
1070,Ghazipur,65,9,Uttar Pradesh,02-01-2013 00:00,14844.06101
1071,Gonda,53,9,Uttar Pradesh,02-01-2013 00:00,14845.22879
1072,Gorakhpur,58,9,Uttar Pradesh,02-01-2013 00:00,14807.34084
1073,Farrukhabad,29,9,Uttar Pradesh,02-01-2013 00:00,14787.88257
1074,Fatehpur,42,9,Uttar Pradesh,02-01-2013 00:00,14829.45149
1075,Firozabad,16,9,Uttar Pradesh,02-01-2013 00:00,14782.36876
1076,Hamirpur,38,9,Uttar Pradesh,02-01-2013 00:00,14845.90323
1077,Hardoi,25,9,Uttar Pradesh,02-01-2013 00:00,14778.3818
1078,Khammam,10,28,Andhra Pradesh,02-01-2013 00:00,15239.29188
1079,Medak,4,28,Andhra Pradesh,02-01-2013 00:00,15383.62035
1080,Krishna,16,28,Andhra Pradesh,02-01-2013 00:00,15236.45239
1081,Kurnool,21,28,Andhra Pradesh,02-01-2013 00:00,15521.74341
1082,Mahbubnagar,7,28,Andhra Pradesh,02-01-2013 00:00,15459.08152
1083,Nalgonda,8,28,Andhra Pradesh,02-01-2013 00:00,15362.53852
1084,Nellore,19,28,Andhra Pradesh,02-01-2013 00:00,15266.55263
1085,Nizamabad,2,28,Andhra Pradesh,02-01-2013 00:00,15291.95496
1086,Prakasam,18,28,Andhra Pradesh,02-01-2013 00:00,15370.67024
1087,Hyderabad,5,28,Andhra Pradesh,02-01-2013 00:00,15295.80875
1088,Rangareddi,6,28,Andhra Pradesh,02-01-2013 00:00,15441.77605
1089,Srikakulam,11,28,Andhra Pradesh,02-01-2013 00:00,15292.09821
1090,West Godavari,15,28,Andhra Pradesh,02-01-2013 00:00,15135.4565
1091,Visakhapatnam,13,28,Andhra Pradesh,02-01-2013 00:00,15201.71045
1092,Vizianagaram,12,28,Andhra Pradesh,02-01-2013 00:00,15284.01183
1093,Warangal,9,28,Andhra Pradesh,02-01-2013 00:00,15278.84448
1094,Anantapur,22,28,Andhra Pradesh,02-01-2013 00:00,15573.95253
1095,Adilabad,1,28,Andhra Pradesh,02-01-2013 00:00,15323.99287
1096,Chittoor,23,28,Andhra Pradesh,02-01-2013 00:00,15334.59195
1097,Cuddapah,20,28,Andhra Pradesh,02-01-2013 00:00,15423.95156
1098,East Godavari,14,28,Andhra Pradesh,02-01-2013 00:00,15124.15751
1099,Karimnagar,3,28,Andhra Pradesh,02-01-2013 00:00,15271.06809
1100,Guntur,17,28,Andhra Pradesh,02-01-2013 00:00,15322.81741
1101,Jabalpur,39,23,Madhya Pradesh,02-01-2013 00:00,15008.79798
1102,Jhabua,24,23,Madhya Pradesh,02-01-2013 00:00,15351.95591
1103,Mandsaur,19,23,Madhya Pradesh,02-01-2013 00:00,15050.06464
1104,Tikamgarh,8,23,Madhya Pradesh,02-01-2013 00:00,14843.48214
1105,Narsimhapur,40,23,Madhya Pradesh,02-01-2013 00:00,15030.56191
1106,Neemuch,18,23,Madhya Pradesh,02-01-2013 00:00,15071.92601
1107,Panna,10,23,Madhya Pradesh,02-01-2013 00:00,15048.81717
1108,Raisen,34,23,Madhya Pradesh,02-01-2013 00:00,15046.25389
1109,Rajgarh,30,23,Madhya Pradesh,02-01-2013 00:00,15097.68001
1110,Satna,13,23,Madhya Pradesh,02-01-2013 00:00,14958.96251
1111,Sehore,33,23,Madhya Pradesh,02-01-2013 00:00,15081.13173
1112,Seoni,44,23,Madhya Pradesh,02-01-2013 00:00,15144.49999
1113,Hoshangabad,37,23,Madhya Pradesh,02-01-2013 00:00,14925.78455
1114,Indore,26,23,Madhya Pradesh,02-01-2013 00:00,15094.77851
1115,Shajapur,22,23,Madhya Pradesh,02-01-2013 00:00,15098.6761
1116,Shivpuri,6,23,Madhya Pradesh,02-01-2013 00:00,14919.10722
1117,Ratlam,20,23,Madhya Pradesh,02-01-2013 00:00,15147.95285
1118,Rewa,14,23,Madhya Pradesh,02-01-2013 00:00,14951.61902
1119,Sagar,11,23,Madhya Pradesh,02-01-2013 00:00,15061.48552
1120,Sidhi,17,23,Madhya Pradesh,02-01-2013 00:00,14960.77999
1121,Ujjain,21,23,Madhya Pradesh,02-01-2013 00:00,15048.04612
1122,Vidisha,31,23,Madhya Pradesh,02-01-2013 00:00,14975.96899
1123,West Nimar,27,23,Madhya Pradesh,02-01-2013 00:00,15285.8046
1124,Morena,2,23,Madhya Pradesh,02-01-2013 00:00,14879.5282
1125,Sheopur,1,23,Madhya Pradesh,02-01-2013 00:00,15031.03717
1126,Dindori,41,23,Madhya Pradesh,02-01-2013 00:00,15104.11197
1127,Mandla,42,23,Madhya Pradesh,02-01-2013 00:00,15106.99783
1128,Shahdol,16,23,Madhya Pradesh,02-01-2013 00:00,15051.09709
1129,Umaria,15,23,Madhya Pradesh,02-01-2013 00:00,15006.30509
1130,Bhind,3,23,Madhya Pradesh,02-01-2013 00:00,14835.74559
1131,Bhopal,32,23,Madhya Pradesh,02-01-2013 00:00,15018.14068
1132,Barwani,28,23,Madhya Pradesh,02-01-2013 00:00,15409.35887
1133,Betul,35,23,Madhya Pradesh,02-01-2013 00:00,15183.67468
1134,Balaghat,45,23,Madhya Pradesh,02-01-2013 00:00,15072.12312
1135,Chhatarpur,9,23,Madhya Pradesh,02-01-2013 00:00,14962.97671
1136,Chhindwara,43,23,Madhya Pradesh,02-01-2013 00:00,15185.41241
1137,Dewas,23,23,Madhya Pradesh,02-01-2013 00:00,15128.28986
1138,Katni,38,23,Madhya Pradesh,02-01-2013 00:00,14995.07614
1139,Datia,5,23,Madhya Pradesh,02-01-2013 00:00,14807.41564
1140,Damoh,12,23,Madhya Pradesh,02-01-2013 00:00,15063.04655
1141,Dhar,25,23,Madhya Pradesh,02-01-2013 00:00,15260.18525
1142,East Nimar,29,23,Madhya Pradesh,02-01-2013 00:00,15247.51124
1143,Guna,7,23,Madhya Pradesh,02-01-2013 00:00,14937.05332
1144,Gwalior,4,23,Madhya Pradesh,02-01-2013 00:00,14898.01902
1145,Harda,36,23,Madhya Pradesh,02-01-2013 00:00,15039.33314
1146,Kangra,2,2,Himachal Pradesh,02-01-2013 00:00,14299.56484
1147,Kinnaur,12,2,Himachal Pradesh,02-01-2013 00:00,13205.12243
1148,Lahul & Spiti,3,2,Himachal Pradesh,02-01-2013 00:00,13013.12508
1149,Kullu,4,2,Himachal Pradesh,02-01-2013 00:00,13610.92416
1150,Mandi,5,2,Himachal Pradesh,02-01-2013 00:00,14343.78508
1151,Shimla,11,2,Himachal Pradesh,02-01-2013 00:00,14061.80224
1152,Sirmaur,10,2,Himachal Pradesh,02-01-2013 00:00,14523.01002
1153,Solan,9,2,Himachal Pradesh,02-01-2013 00:00,14557.65749
1154,Una,7,2,Himachal Pradesh,02-01-2013 00:00,14652.4548
1155,Bilaspur,8,2,Himachal Pradesh,02-01-2013 00:00,14537.26181
1156,Chamba,1,2,Himachal Pradesh,02-01-2013 00:00,13692.17147
1157,Hamirpur,6,2,Himachal Pradesh,02-01-2013 00:00,14568.27344
1158,Jammu,13,1,Jammu and Kashmir,02-01-2013 00:00,14605.80215
1159,Kargil,8,1,Jammu and Kashmir,02-01-2013 00:00,13051.10971
1160,Kathua,14,1,Jammu and Kashmir,02-01-2013 00:00,14464.59041
1161,Leh (Ladakh),7,1,Jammu and Kashmir,02-01-2013 00:00,13190.01038
1162,Kupwara,1,1,Jammu and Kashmir,02-01-2013 00:00,13705.18126
1163,Punch,11,1,Jammu and Kashmir,02-01-2013 00:00,14136.77224
1164,Pulwama,5,1,Jammu and Kashmir,02-01-2013 00:00,14057.60719
1165,Rajauri,12,1,Jammu and Kashmir,02-01-2013 00:00,14393.04388
1166,Srinagar,3,1,Jammu and Kashmir,02-01-2013 00:00,13590.24793
1167,Udhampur,10,1,Jammu and Kashmir,02-01-2013 00:00,14230.5739
1168,Anantnag,6,1,Jammu and Kashmir,02-01-2013 00:00,13594.50153
1169,Badgam,4,1,Jammu and Kashmir,02-01-2013 00:00,13815.74795
1170,Baramula,2,1,Jammu and Kashmir,02-01-2013 00:00,13662.07771
1171,Data Not Available,99,99,Jammu and Kashmir,02-01-2013 00:00,13212.87255
1172,Doda,9,1,Jammu and Kashmir,02-01-2013 00:00,13453.78645
1173,Lohit,11,12,Arunanchal Pradesh,02-01-2013 00:00,14346.9981
1174,Lower Subansiri,5,12,Arunanchal Pradesh,02-01-2013 00:00,14312.45708
1175,Papum Pare,4,12,Arunanchal Pradesh,02-01-2013 00:00,14607.71018
1176,Tawang,1,12,Arunanchal Pradesh,02-01-2013 00:00,14068.77466
1177,Tirap,13,12,Arunanchal Pradesh,02-01-2013 00:00,14785.13909
1178,West Kameng,2,12,Arunanchal Pradesh,02-01-2013 00:00,14377.17111
1179,West Siang,7,12,Arunanchal Pradesh,02-01-2013 00:00,14381.91269
1180,Upper Siang,9,12,Arunanchal Pradesh,02-01-2013 00:00,14191.90324
1181,Upper Subansiri,6,12,Arunanchal Pradesh,02-01-2013 00:00,14209.14809
1182,Changlang,12,12,Arunanchal Pradesh,02-01-2013 00:00,14679.64993
1183,Dibang Valley,10,12,Arunanchal Pradesh,02-01-2013 00:00,14141.03848
1184,East Kameng,3,12,Arunanchal Pradesh,02-01-2013 00:00,14414.56471
1185,East Siang,8,12,Arunanchal Pradesh,02-01-2013 00:00,14741.80777
1186,Nicobars,2,35,Andaman & Nicobar Island,02-01-2013 00:00,14996.09261
1187,Andamans,1,35,Andaman & Nicobar Island,02-01-2013 00:00,15034.43823
1188,Lakshadweep,1,31,Lakshadweep,03-01-2013 00:00,15099.65721
1189,Chandigarh,1,4,Chandigarh,03-01-2013 00:00,15039.82994
1190,Dadra & Nagar Haveli,1,26,Dadara & Nagar Havelli,03-01-2013 00:00,15734.14339
1191,North Goa,1,30,Goa,03-01-2013 00:00,15419.98863
1192,South Goa,2,30,Goa,03-01-2013 00:00,15347.48921
1193,Jorhat,17,18,Assam,03-01-2013 00:00,15129.26658
1194,Karimganj,22,18,Assam,03-01-2013 00:00,15245.00089
1195,Kokrajhar,1,18,Assam,03-01-2013 00:00,15154.73979
1196,Lakhimpur,12,18,Assam,03-01-2013 00:00,15177.74248
1197,Nagaon,10,18,Assam,03-01-2013 00:00,15147.67927
1198,Marigaon,9,18,Assam,03-01-2013 00:00,15127.14768
1199,Nalbari,7,18,Assam,03-01-2013 00:00,15157.49501
1200,North Cachar Hills,20,18,Assam,03-01-2013 00:00,15044.78182
1201,Sonitpur,11,18,Assam,03-01-2013 00:00,15128.45465
1202,Sibsagar,16,18,Assam,03-01-2013 00:00,15118.03154
1203,Tinsukia,14,18,Assam,03-01-2013 00:00,15073.62376
1204,Barpeta,5,18,Assam,03-01-2013 00:00,15160.8678
1205,Bongaigaon,4,18,Assam,03-01-2013 00:00,15131.39754
1206,Cachar,21,18,Assam,03-01-2013 00:00,15150.77208
1207,Darrang,8,18,Assam,03-01-2013 00:00,15134.48555
1208,Dhemaji,13,18,Assam,03-01-2013 00:00,15182.54804
1209,Dhubri,2,18,Assam,03-01-2013 00:00,15200.12382
1210,Dibrugarh,15,18,Assam,03-01-2013 00:00,15132.316
1211,Kamrup,6,18,Assam,03-01-2013 00:00,15146.511
1212,Karbi Anglong,19,18,Assam,03-01-2013 00:00,15036.14361
1213,Goalpara,3,18,Assam,03-01-2013 00:00,15228.75352
1214,Golaghat,18,18,Assam,03-01-2013 00:00,15138.93614
1215,Hailakandi,23,18,Assam,03-01-2013 00:00,15216.63198
1216,Jamui,37,10,Bihar,03-01-2013 00:00,15426.97003
1217,Kishanganj,8,10,Bihar,03-01-2013 00:00,15213.0231
1218,Muzaffarpur,14,10,Bihar,03-01-2013 00:00,15127.38634
1219,Purnia,9,10,Bihar,03-01-2013 00:00,15128.44933
1220,Khagaria,21,10,Bihar,03-01-2013 00:00,15079.57987
1221,Madhubani,5,10,Bihar,03-01-2013 00:00,15201.51634
1222,Lakhisarai,25,10,Bihar,03-01-2013 00:00,15325.81495
1223,Madhepura,11,10,Bihar,03-01-2013 00:00,15140.88373
1224,Purba Champaran,2,10,Bihar,03-01-2013 00:00,15149.85599
1225,Munger,24,10,Bihar,03-01-2013 00:00,15305.98949
1226,Nalanda,27,10,Bihar,03-01-2013 00:00,15268.22653
1227,Nawada,36,10,Bihar,03-01-2013 00:00,15334.17348
1228,Pashchim Champaran,1,10,Bihar,03-01-2013 00:00,15223.72795
1229,Patna,28,10,Bihar,03-01-2013 00:00,15231.2376
1230,Samastipur,19,10,Bihar,03-01-2013 00:00,15164.78105
1231,Sheikhpura,26,10,Bihar,03-01-2013 00:00,15305.84693
1232,Sheohar,3,10,Bihar,03-01-2013 00:00,15125.55764
1233,Saharsa,12,10,Bihar,03-01-2013 00:00,15133.09347
1234,Sitamarhi,4,10,Bihar,03-01-2013 00:00,15128.358
1235,Siwan,16,10,Bihar,03-01-2013 00:00,15152.55787
1236,Supaul,6,10,Bihar,03-01-2013 00:00,15133.11181
1237,Vaishali,18,10,Bihar,03-01-2013 00:00,15154.43502
1238,Kaimur (Bhabua),31,10,Bihar,03-01-2013 00:00,15280.46712
1239,Gaya,35,10,Bihar,03-01-2013 00:00,15402.9055
1240,Bhojpur,29,10,Bihar,03-01-2013 00:00,15204.26212
1241,Buxar,30,10,Bihar,03-01-2013 00:00,15176.59056
1242,Jehanabad,33,10,Bihar,03-01-2013 00:00,15269.01506
1243,Rohtas,32,10,Bihar,03-01-2013 00:00,15235.00137
1244,Araria,7,10,Bihar,03-01-2013 00:00,15109.21186
1245,Aurangabad,34,10,Bihar,03-01-2013 00:00,15346.93759
1246,Banka,23,10,Bihar,03-01-2013 00:00,15415.58922
1247,Bhagalpur,22,10,Bihar,03-01-2013 00:00,15225.26723
1248,Begusarai,20,10,Bihar,03-01-2013 00:00,15188.76392
1249,Saran,17,10,Bihar,03-01-2013 00:00,15144.58285
1250,Katihar,10,10,Bihar,03-01-2013 00:00,15138.56074
1251,Darbhanga,13,10,Bihar,03-01-2013 00:00,15149.52392
1252,Gopalganj,15,10,Bihar,03-01-2013 00:00,15154.61683
1253,Kollam,13,32,Kerala,03-01-2013 00:00,15289.31254
1254,Kottayam,10,32,Kerala,03-01-2013 00:00,15260.13801
1255,Kozhikode,4,32,Kerala,03-01-2013 00:00,15221.90668
1256,Malappuram,5,32,Kerala,03-01-2013 00:00,15281.5609
1257,Palakkad,6,32,Kerala,03-01-2013 00:00,15329.61312
1258,Pathanamthitta,12,32,Kerala,03-01-2013 00:00,15217.91285
1259,Idukki,9,32,Kerala,03-01-2013 00:00,15144.29462
1260,Thrissur,7,32,Kerala,03-01-2013 00:00,15280.70727
1261,Thiruvananthapuram,14,32,Kerala,03-01-2013 00:00,15289.84612
1262,Wayanad,3,32,Kerala,03-01-2013 00:00,15158.26971
1263,Alappuzha,11,32,Kerala,03-01-2013 00:00,15234.05016
1264,Kasaragod,1,32,Kerala,03-01-2013 00:00,15286.11603
1265,Kannur,2,32,Kerala,03-01-2013 00:00,15275.41309
1266,Ernakulam,8,32,Kerala,03-01-2013 00:00,15277.52654
1267,Jajapur,13,21,Orissa,03-01-2013 00:00,15505.87043
1268,Jagatsinghapur,11,21,Orissa,03-01-2013 00:00,15477.89419
1269,Jharsuguda,2,21,Orissa,03-01-2013 00:00,15462.65423
1270,Khordha,17,21,Orissa,03-01-2013 00:00,15506.23858
1271,Mayurbhanj,7,21,Orissa,03-01-2013 00:00,15479.38891
1272,Puri,18,21,Orissa,03-01-2013 00:00,15390.38034
1273,Koraput,29,21,Orissa,03-01-2013 00:00,15499.84294
1274,Malkangiri,30,21,Orissa,03-01-2013 00:00,15480.79745
1275,Nabarangapur,28,21,Orissa,03-01-2013 00:00,15605.56589
1276,Nayagarh,16,21,Orissa,03-01-2013 00:00,15444.94949
1277,Nuapada,25,21,Orissa,03-01-2013 00:00,15590.91333
1278,Kandhamal,21,21,Orissa,03-01-2013 00:00,15391.15683
1279,Sambalpur,3,21,Orissa,03-01-2013 00:00,15424.49844
1280,Rayagada,27,21,Orissa,03-01-2013 00:00,15471.66525
1281,Sundargarh,5,21,Orissa,03-01-2013 00:00,15464.27828
1282,Sonapur,23,21,Orissa,03-01-2013 00:00,15448.7153
1283,Anugul,15,21,Orissa,03-01-2013 00:00,15438.89614
1284,Bhadrak,9,21,Orissa,03-01-2013 00:00,15486.66812
1285,Baudh,22,21,Orissa,03-01-2013 00:00,15477.0198
1286,Balangir,24,21,Orissa,03-01-2013 00:00,15591.9816
1287,Baleshwar,8,21,Orissa,03-01-2013 00:00,15444.22343
1288,Bargarh,1,21,Orissa,03-01-2013 00:00,15472.03277
1289,Kendrapara,10,21,Orissa,03-01-2013 00:00,15432.79539
1290,Kendujhar,6,21,Orissa,03-01-2013 00:00,15500.57649
1291,Debagarh,4,21,Orissa,03-01-2013 00:00,15416.25484
1292,Cuttack,12,21,Orissa,03-01-2013 00:00,15485.50558
1293,Dhenkanal,14,21,Orissa,03-01-2013 00:00,15471.33275
1294,Kalahandi,26,21,Orissa,03-01-2013 00:00,15479.56763
1295,Ganjam,19,21,Orissa,03-01-2013 00:00,15503.40897
1296,Gajapati,20,21,Orissa,03-01-2013 00:00,15435.65554
1297,Jalandhar,4,3,Punjab,03-01-2013 00:00,14896.55318
1298,Kapurthala,3,3,Punjab,03-01-2013 00:00,14874.85997
1299,Ludhiana,9,3,Punjab,03-01-2013 00:00,14866.99712
1300,Mansa,15,3,Punjab,03-01-2013 00:00,14873.01089
1301,Moga,10,3,Punjab,03-01-2013 00:00,14837.74954
1302,Muktsar,12,3,Punjab,03-01-2013 00:00,14880.20223
1303,Nawanshahr,6,3,Punjab,03-01-2013 00:00,14900.62151
1304,Patiala,17,3,Punjab,03-01-2013 00:00,14888.23286
1305,Sangrur,16,3,Punjab,03-01-2013 00:00,14859.66487
1306,Hoshiarpur,5,3,Punjab,03-01-2013 00:00,14924.52156
1307,Rupnagar,7,3,Punjab,03-01-2013 00:00,14911.93565
1308,Amritsar,2,3,Punjab,03-01-2013 00:00,14833.29865
1309,Firozpur,11,3,Punjab,03-01-2013 00:00,14877.38191
1310,Bathinda,14,3,Punjab,03-01-2013 00:00,14891.51289
1311,Gurdaspur,1,3,Punjab,03-01-2013 00:00,14863.28806
1312,Faridkot,13,3,Punjab,03-01-2013 00:00,14870.53157
1313,Fatehgarh Sahib,8,3,Punjab,03-01-2013 00:00,14863.38347
1314,North,1,11,Sikkim,03-01-2013 00:00,13834.48705
1315,South,3,11,Sikkim,03-01-2013 00:00,14614.53009
1316,West,2,11,Sikkim,03-01-2013 00:00,14364.15856
1317,East,4,11,Sikkim,03-01-2013 00:00,14485.16469
1318,Jamnagar,10,24,Gujarat,03-01-2013 00:00,15837.59321
1319,Kheda,16,24,Gujarat,03-01-2013 00:00,15564.87741
1320,Mahesana,4,24,Gujarat,03-01-2013 00:00,15591.74817
1321,Narmada,20,24,Gujarat,03-01-2013 00:00,15712.05449
1322,Navsari,24,24,Gujarat,03-01-2013 00:00,15575.0416
1323,Panch Mahals,17,24,Gujarat,03-01-2013 00:00,15595.00794
1324,Patan,3,24,Gujarat,03-01-2013 00:00,15765.22542
1325,Porbandar,11,24,Gujarat,03-01-2013 00:00,15846.32438
1326,Rajkot,9,24,Gujarat,03-01-2013 00:00,15937.90379
1327,Sabar Kantha,5,24,Gujarat,03-01-2013 00:00,15591.47096
1328,Surendranagar,8,24,Gujarat,03-01-2013 00:00,15827.29715
1329,The Dangs,23,24,Gujarat,03-01-2013 00:00,15754.6549
1330,Vadodara,19,24,Gujarat,03-01-2013 00:00,15598.37931
1331,Valsad,25,24,Gujarat,03-01-2013 00:00,15652.2195
1332,Bharuch,21,24,Gujarat,03-01-2013 00:00,15684.72291
1333,Surat,22,24,Gujarat,03-01-2013 00:00,15622.42739
1334,Anand,15,24,Gujarat,03-01-2013 00:00,15497.01395
1335,Ahmadabad,7,24,Gujarat,03-01-2013 00:00,15747.68797
1336,Amreli,13,24,Gujarat,03-01-2013 00:00,15967.86432
1337,Bhavnagar,14,24,Gujarat,03-01-2013 00:00,15957.55124
1338,Banas Kantha,2,24,Gujarat,03-01-2013 00:00,15647.70983
1339,Dohad,18,24,Gujarat,03-01-2013 00:00,15684.38957
1340,Junagadh,12,24,Gujarat,03-01-2013 00:00,15897.66054
1341,Kachchh,1,24,Gujarat,03-01-2013 00:00,15723.60647
1342,Gandhinagar,6,24,Gujarat,03-01-2013 00:00,15568.61935
1343,Jind,9,6,Haryana,03-01-2013 00:00,14894.06614
1344,Kaithal,5,6,Haryana,03-01-2013 00:00,14885.68986
1345,Karnal,6,6,Haryana,03-01-2013 00:00,14900.91745
1346,Kurukshetra,4,6,Haryana,03-01-2013 00:00,14920.67086
1347,Panchkula,1,6,Haryana,03-01-2013 00:00,14946.24705
1348,Panipat,7,6,Haryana,03-01-2013 00:00,14943.92133
1349,Hisar,12,6,Haryana,03-01-2013 00:00,14989.1941
1350,Rohtak,14,6,Haryana,03-01-2013 00:00,14983.00691
1351,Sirsa,11,6,Haryana,03-01-2013 00:00,14952.40006
1352,Sonipat,8,6,Haryana,03-01-2013 00:00,14959.64893
1353,Yamunanagar,3,6,Haryana,03-01-2013 00:00,14954.8889
1354,Jhajjar,15,6,Haryana,03-01-2013 00:00,15036.96418
1355,Mahendragarh,16,6,Haryana,03-01-2013 00:00,15160.7296
1356,Rewari,17,6,Haryana,03-01-2013 00:00,15132.21351
1357,Bhiwani,13,6,Haryana,03-01-2013 00:00,15087.72268
1358,Ambala,2,6,Haryana,03-01-2013 00:00,14932.88055
1359,Gurgaon,18,6,Haryana,03-01-2013 00:00,15132.31661
1360,Faridabad,19,6,Haryana,03-01-2013 00:00,15054.31146
1361,Fatehabad,10,6,Haryana,03-01-2013 00:00,14892.5118
1362,Imphal East,7,14,Manipur,03-01-2013 00:00,15147.77082
1363,Imphal West,6,14,Manipur,03-01-2013 00:00,15030.95312
1364,Senapati (Excl. 3 sub-divisions),1,14,Manipur,03-01-2013 00:00,14952.84303
1365,Tamenglong,2,14,Manipur,03-01-2013 00:00,14915.86764
1366,Thoubal,5,14,Manipur,03-01-2013 00:00,15121.22978
1367,Ukhrul,8,14,Manipur,03-01-2013 00:00,14950.32779
1368,Bishnupur,4,14,Manipur,03-01-2013 00:00,15037.07763
1369,Chandel,9,14,Manipur,03-01-2013 00:00,15025.96971
1370,Churachandpur,3,14,Manipur,03-01-2013 00:00,14991.74235
1371,Kolasib,2,15,Mizoram,03-01-2013 00:00,15070.48614
1372,Mamit,1,15,Mizoram,03-01-2013 00:00,15097.18519
1373,Lunglei,6,15,Mizoram,03-01-2013 00:00,15071.69716
1374,Lawngtlai,7,15,Mizoram,03-01-2013 00:00,15178.5884
1375,Saiha,8,15,Mizoram,03-01-2013 00:00,15092.55131
1376,Serchhip,5,15,Mizoram,03-01-2013 00:00,15049.01123
1377,Aizawl,3,15,Mizoram,03-01-2013 00:00,15047.91206
1378,Champhai,4,15,Mizoram,03-01-2013 00:00,15017.46413
1379,North Tripura,4,16,Tripura,03-01-2013 00:00,15229.64326
1380,South Tripura,2,16,Tripura,03-01-2013 00:00,15251.29237
1381,West Tripura,1,16,Tripura,03-01-2013 00:00,15267.54445
1382,Dhalai,3,16,Tripura,03-01-2013 00:00,15218.90713
1383,Mokokchung,3,13,Nagaland,03-01-2013 00:00,14927.00087
1384,Mon,1,13,Nagaland,03-01-2013 00:00,14962.66364
1385,Phek,8,13,Nagaland,03-01-2013 00:00,14833.89407
1386,Tuensang,2,13,Nagaland,03-01-2013 00:00,14833.1271
1387,Wokha,5,13,Nagaland,03-01-2013 00:00,14954.56892
1388,Zunheboto,4,13,Nagaland,03-01-2013 00:00,14863.16715
1389,Dimapur,6,13,Nagaland,03-01-2013 00:00,15104.91492
1390,Kohima,7,13,Nagaland,03-01-2013 00:00,14949.25697
1391,Purbi Singhbhum,18,20,Jharkhand,03-01-2013 00:00,15511.9112
1392,Lohardaga,15,20,Jharkhand,03-01-2013 00:00,15355.67619
1393,Pakaur,10,20,Jharkhand,03-01-2013 00:00,15471.33914
1394,Pashchimi Singhbhum,17,20,Jharkhand,03-01-2013 00:00,15472.10592
1395,Ranchi,14,20,Jharkhand,03-01-2013 00:00,15435.12264
1396,Sahibganj,9,20,Jharkhand,03-01-2013 00:00,15328.2449
1397,Garhwa,1,20,Jharkhand,03-01-2013 00:00,15406.13313
1398,Palamu,2,20,Jharkhand,03-01-2013 00:00,15368.52761
1399,Chatra,3,20,Jharkhand,03-01-2013 00:00,15413.18518
1400,Hazaribagh,4,20,Jharkhand,03-01-2013 00:00,15412.84414
1401,Kodarma,5,20,Jharkhand,03-01-2013 00:00,15418.08361
1402,Bokaro,13,20,Jharkhand,03-01-2013 00:00,15467.52603
1403,Deoghar,7,20,Jharkhand,03-01-2013 00:00,15502.75628
1404,Dhanbad,12,20,Jharkhand,03-01-2013 00:00,15483.21228
1405,Dumka,11,20,Jharkhand,03-01-2013 00:00,15481.64135
1406,Giridih,6,20,Jharkhand,03-01-2013 00:00,15487.73219
1407,Godda,8,20,Jharkhand,03-01-2013 00:00,15401.18158
1408,Gumla,16,20,Jharkhand,03-01-2013 00:00,15438.16538
1409,Kodagu,25,29,Karnataka,03-01-2013 00:00,15140.0344
1410,Kolar,19,29,Karnataka,03-01-2013 00:00,15681.26764
1411,Mandya,22,29,Karnataka,03-01-2013 00:00,15570.9663
1412,Koppal,7,29,Karnataka,03-01-2013 00:00,15780.38736
1413,Mysore,26,29,Karnataka,03-01-2013 00:00,15655.7655
1414,Raichur,6,29,Karnataka,03-01-2013 00:00,15768.6432
1415,Hassan,23,29,Karnataka,03-01-2013 00:00,15470.06792
1416,Haveri,11,29,Karnataka,03-01-2013 00:00,15778.80516
1417,Shimoga,15,29,Karnataka,03-01-2013 00:00,15418.7841
1418,Tumkur,18,29,Karnataka,03-01-2013 00:00,15697.46927
1419,Udupi,16,29,Karnataka,03-01-2013 00:00,15338.78204
1420,Uttara Kannada,10,29,Karnataka,03-01-2013 00:00,15321.99823
1421,Bagalkot,2,29,Karnataka,03-01-2013 00:00,15775.81866
1422,Bangalore,20,29,Karnataka,03-01-2013 00:00,15593.30227
1423,Bidar,5,29,Karnataka,03-01-2013 00:00,15861.34697
1424,Bijapur,3,29,Karnataka,03-01-2013 00:00,15906.18407
1425,Belgaum,1,29,Karnataka,03-01-2013 00:00,15722.09316
1426,Bellary,12,29,Karnataka,03-01-2013 00:00,15709.9687
1427,Bangalore Rural,21,29,Karnataka,03-01-2013 00:00,15661.02007
1428,Chamarajanagar,27,29,Karnataka,03-01-2013 00:00,15634.00284
1429,Chikmagalur,17,29,Karnataka,03-01-2013 00:00,15360.38004
1430,Chitradurga,13,29,Karnataka,03-01-2013 00:00,15768.8693
1431,Dakshina Kannada,24,29,Karnataka,03-01-2013 00:00,15228.48141
1432,Davanagere,14,29,Karnataka,03-01-2013 00:00,15640.29856
1433,Dharwad,9,29,Karnataka,03-01-2013 00:00,15861.44512
1434,Gulbarga,4,29,Karnataka,03-01-2013 00:00,15871.20872
1435,Gadag,8,29,Karnataka,03-01-2013 00:00,15913.55513
1436,Jaintia Hills,7,17,Meghalaya,03-01-2013 00:00,15027.58887
1437,Ri Bhoi,5,17,Meghalaya,03-01-2013 00:00,15085.71579
1438,South Garo Hills,3,17,Meghalaya,03-01-2013 00:00,15122.65719
1439,West Garo Hills,1,17,Meghalaya,03-01-2013 00:00,15187.46088
1440,West Khasi Hills,4,17,Meghalaya,03-01-2013 00:00,15039.88425
1441,East Garo Hills,2,17,Meghalaya,03-01-2013 00:00,15172.46186
1442,East Khasi Hills,6,17,Meghalaya,03-01-2013 00:00,14999.88983
1443,Jaipur,12,8,Rajasthan,03-01-2013 00:00,15443.05941
1444,Jaisalmer,16,8,Rajasthan,03-01-2013 00:00,15846.44514
1445,Jalor,18,8,Rajasthan,03-01-2013 00:00,15740.40899
1446,Jhalawar,32,8,Rajasthan,03-01-2013 00:00,15596.53885
1447,Jhunjhunun,5,8,Rajasthan,03-01-2013 00:00,15375.21359
1448,Jodhpur,15,8,Rajasthan,03-01-2013 00:00,15759.37869
1449,Kota,30,8,Rajasthan,03-01-2013 00:00,15468.80627
1450,Nagaur,14,8,Rajasthan,03-01-2013 00:00,15663.82192
1451,Pali,20,8,Rajasthan,03-01-2013 00:00,15700.76185
1452,Rajsamand,25,8,Rajasthan,03-01-2013 00:00,15516.59014
1453,Sawai Madhopur,10,8,Rajasthan,03-01-2013 00:00,15452.33383
1454,Sirohi,19,8,Rajasthan,03-01-2013 00:00,15644.3928
1455,Tonk,22,8,Rajasthan,03-01-2013 00:00,15534.12407
1456,Sikar,13,8,Rajasthan,03-01-2013 00:00,15451.54679
1457,Alwar,6,8,Rajasthan,03-01-2013 00:00,15206.85912
1458,Udaipur,26,8,Rajasthan,03-01-2013 00:00,15585.60748
1459,Ganganagar,1,8,Rajasthan,03-01-2013 00:00,15226.15202
1460,Hanumangarh,2,8,Rajasthan,03-01-2013 00:00,15292.23579
1461,Baran,31,8,Rajasthan,03-01-2013 00:00,15481.58269
1462,Ajmer,21,8,Rajasthan,03-01-2013 00:00,15564.07638
1463,Banswara,28,8,Rajasthan,03-01-2013 00:00,15634.30914
1464,Barmer,17,8,Rajasthan,03-01-2013 00:00,15834.44455
1465,Bhilwara,24,8,Rajasthan,03-01-2013 00:00,15562.89684
1466,Bikaner,3,8,Rajasthan,03-01-2013 00:00,15718.646
1467,Bharatpur,7,8,Rajasthan,03-01-2013 00:00,15293.89345
1468,Bundi,23,8,Rajasthan,03-01-2013 00:00,15456.14368
1469,Chittaurgarh,29,8,Rajasthan,03-01-2013 00:00,15574.5645
1470,Churu,4,8,Rajasthan,03-01-2013 00:00,15638.88787
1471,Dausa,11,8,Rajasthan,03-01-2013 00:00,15351.15621
1472,Dhaulpur,8,8,Rajasthan,03-01-2013 00:00,15382.33677
1473,Dungarpur,27,8,Rajasthan,03-01-2013 00:00,15620.01212
1474,Karauli,9,8,Rajasthan,03-01-2013 00:00,15430.84982
1475,Pondicherry,2,34,Puducherry,03-01-2013 00:00,15402.98323
1476,Yanam,1,34,Puducherry,03-01-2013 00:00,15307.08047
1477,Karaikal,4,34,Puducherry,03-01-2013 00:00,15489.66415
1478,Mahe,3,34,Puducherry,03-01-2013 00:00,15224.71864
1479,Kanniyakumari,30,33,Tamil Nadu,03-01-2013 00:00,15308.4846
1480,Karur,14,33,Tamil Nadu,03-01-2013 00:00,15777.00967
1481,Madurai,24,33,Tamil Nadu,03-01-2013 00:00,15638.88416
1482,Namakkal,9,33,Tamil Nadu,03-01-2013 00:00,15679.61298
1483,The Nilgiris,11,33,Tamil Nadu,03-01-2013 00:00,15163.509
1484,Perambalur,16,33,Tamil Nadu,03-01-2013 00:00,15751.88789
1485,Pudukkottai,22,33,Tamil Nadu,03-01-2013 00:00,15524.76181
1486,Ramanathapuram,27,33,Tamil Nadu,03-01-2013 00:00,15519.74019
1487,Salem,8,33,Tamil Nadu,03-01-2013 00:00,15619.10822
1488,Sivaganga,23,33,Tamil Nadu,03-01-2013 00:00,15570.47626
1489,Tiruchirappalli,15,33,Tamil Nadu,03-01-2013 00:00,15676.81318
1490,Tirunelveli,29,33,Tamil Nadu,03-01-2013 00:00,15432.2929
1491,Tiruvannamalai,6,33,Tamil Nadu,03-01-2013 00:00,15498.97661
1492,Thoothukkudi,28,33,Tamil Nadu,03-01-2013 00:00,15634.86962
1493,Theni,25,33,Tamil Nadu,03-01-2013 00:00,15416.75093
1494,Vellore,4,33,Tamil Nadu,03-01-2013 00:00,15496.33493
1495,Viluppuram,7,33,Tamil Nadu,03-01-2013 00:00,15526.31218
1496,Virudhunagar,26,33,Tamil Nadu,03-01-2013 00:00,15682.18442
1497,Chennai,2,33,Tamil Nadu,03-01-2013 00:00,15444.86043
1498,Kancheepuram,3,33,Tamil Nadu,03-01-2013 00:00,15450.11796
1499,Thiruvallur,1,33,Tamil Nadu,03-01-2013 00:00,15397.40743
1500,Thanjavur,21,33,Tamil Nadu,03-01-2013 00:00,15427.30459
1501,Thiruvarur,20,33,Tamil Nadu,03-01-2013 00:00,15389.90057
1502,Nagapattinam,19,33,Tamil Nadu,03-01-2013 00:00,15385.02853
1503,Ariyalur,17,33,Tamil Nadu,03-01-2013 00:00,15604.67661
1504,Coimbatore,12,33,Tamil Nadu,03-01-2013 00:00,15512.38045
1505,Cuddalore,18,33,Tamil Nadu,03-01-2013 00:00,15518.08672
1506,Dharmapuri,5,33,Tamil Nadu,03-01-2013 00:00,15627.98196
1507,Dindigul,13,33,Tamil Nadu,03-01-2013 00:00,15510.97092
1508,Erode,10,33,Tamil Nadu,03-01-2013 00:00,15625.76383
1509,Daman,2,25,Daman & Diu,03-01-2013 00:00,15462.99626
1510,Diu,1,25,Daman & Diu,03-01-2013 00:00,15449.44476
1511,Jalgaon,3,27,Maharashtra,03-01-2013 00:00,15889.95634
1512,Jalna,18,27,Maharashtra,03-01-2013 00:00,16046.28972
1513,Kolhapur,34,27,Maharashtra,03-01-2013 00:00,15578.46314
1514,Latur,28,27,Maharashtra,03-01-2013 00:00,15880.24946
1515,Pune,25,27,Maharashtra,03-01-2013 00:00,15732.99192
1516,Nagpur,9,27,Maharashtra,03-01-2013 00:00,15630.09235
1517,Mumbai,23,27,Maharashtra,03-01-2013 00:00,15420.88094
1518,Mumbai (Suburban),22,27,Maharashtra,03-01-2013 00:00,15491.89252
1519,Nanded,15,27,Maharashtra,03-01-2013 00:00,15797.31146
1520,Nandurbar,1,27,Maharashtra,03-01-2013 00:00,15811.09272
1521,Nashik,20,27,Maharashtra,03-01-2013 00:00,15828.62339
1522,Osmanabad,29,27,Maharashtra,03-01-2013 00:00,15958.67584
1523,Parbhani,17,27,Maharashtra,03-01-2013 00:00,15874.86638
1524,Sangli,35,27,Maharashtra,03-01-2013 00:00,15865.75619
1525,Satara,31,27,Maharashtra,03-01-2013 00:00,15748.23978
1526,Hingoli,16,27,Maharashtra,03-01-2013 00:00,15841.3181
1527,Ratnagiri,32,27,Maharashtra,03-01-2013 00:00,15592.61004
1528,Raigarh,24,27,Maharashtra,03-01-2013 00:00,15680.56799
1529,Thane,21,27,Maharashtra,03-01-2013 00:00,15747.84402
1530,Solapur,30,27,Maharashtra,03-01-2013 00:00,15917.50703
1531,Sindhudurg,33,27,Maharashtra,03-01-2013 00:00,15497.46472
1532,Wardha,8,27,Maharashtra,03-01-2013 00:00,15775.46494
1533,Washim,6,27,Maharashtra,03-01-2013 00:00,15888.75804
1534,Yavatmal,14,27,Maharashtra,03-01-2013 00:00,15778.427
1535,Aurangabad,19,27,Maharashtra,03-01-2013 00:00,15964.61173
1536,Ahmadnagar,26,27,Maharashtra,03-01-2013 00:00,15910.00903
1537,Akola,5,27,Maharashtra,03-01-2013 00:00,15890.96967
1538,Amravati,7,27,Maharashtra,03-01-2013 00:00,15798.42987
1539,Bid,27,27,Maharashtra,03-01-2013 00:00,15962.07688
1540,Bhandara,10,27,Maharashtra,03-01-2013 00:00,15493.88281
1541,Buldana,4,27,Maharashtra,03-01-2013 00:00,15937.1953
1542,Chandrapur,13,27,Maharashtra,03-01-2013 00:00,15594.20835
1543,Dhule,2,27,Maharashtra,03-01-2013 00:00,15901.65309
1544,Gadchiroli,12,27,Maharashtra,03-01-2013 00:00,15465.40719
1545,Gondiya,11,27,Maharashtra,03-01-2013 00:00,15475.74089
1546,Nainital,11,5,Uttarakhand,03-01-2013 00:00,14913.21585
1547,Pithoragarh,7,5,Uttarakhand,03-01-2013 00:00,14106.7083
1548,Hardwar,13,5,Uttarakhand,03-01-2013 00:00,15011.64862
1549,Rudraprayag,3,5,Uttarakhand,03-01-2013 00:00,14366.33686
1550,Tehri Garhwal,4,5,Uttarakhand,03-01-2013 00:00,14628.26661
1551,Udham Singh Nagar,12,5,Uttarakhand,03-01-2013 00:00,15019.15912
1552,Uttarkashi,1,5,Uttarakhand,03-01-2013 00:00,13964.40979
1553,Bageshwar,8,5,Uttarakhand,03-01-2013 00:00,14512.89895
1554,Almora,9,5,Uttarakhand,03-01-2013 00:00,14836.49008
1555,Chamoli,2,5,Uttarakhand,03-01-2013 00:00,13989.96402
1556,Champawat,10,5,Uttarakhand,03-01-2013 00:00,14828.74725
1557,Dehradun,5,5,Uttarakhand,03-01-2013 00:00,14868.01895
1558,Garhwal,6,5,Uttarakhand,03-01-2013 00:00,14832.05836
1559,Jalpaiguri,2,19,West Bengal,03-01-2013 00:00,15145.85249
1560,Koch Bihar,3,19,West Bengal,03-01-2013 00:00,15140.09841
1561,Murshidabad,7,19,West Bengal,03-01-2013 00:00,15290.73124
1562,Puruliya,14,19,West Bengal,03-01-2013 00:00,15508.39641
1563,Kolkata,17,19,West Bengal,03-01-2013 00:00,15433.18641
1564,Maldah,6,19,West Bengal,03-01-2013 00:00,15226.08083
1565,Nadia,10,19,West Bengal,03-01-2013 00:00,15350.50426
1566,North Twenty Four Parganas,11,19,West Bengal,03-01-2013 00:00,15217.27219
1567,Medinipur,15,19,West Bengal,03-01-2013 00:00,15347.8176
1568,Hugli,12,19,West Bengal,03-01-2013 00:00,15357.82126
1569,South  Twenty Four Parganas,18,19,West Bengal,03-01-2013 00:00,15262.78275
1570,Uttar Dinajpur,4,19,West Bengal,03-01-2013 00:00,15184.52013
1571,Barddhaman,9,19,West Bengal,03-01-2013 00:00,15352.47399
1572,Birbhum,8,19,West Bengal,03-01-2013 00:00,15374.78969
1573,Bankura,13,19,West Bengal,03-01-2013 00:00,15445.43423
1574,Dakshin Dinajpur,5,19,West Bengal,03-01-2013 00:00,15277.47468
1575,Darjiling,1,19,West Bengal,03-01-2013 00:00,14906.91525
1576,Haora,16,19,West Bengal,03-01-2013 00:00,15262.80126
1577,Jashpur,3,22,Chhattisgarh,03-01-2013 00:00,15446.07792
1578,Koriya,1,22,Chhattisgarh,03-01-2013 00:00,15320.54197
1579,Mahasamund,12,22,Chhattisgarh,03-01-2013 00:00,15555.88076
1580,Raigarh,4,22,Chhattisgarh,03-01-2013 00:00,15506.31674
1581,Raipur,11,22,Chhattisgarh,03-01-2013 00:00,15542.84307
1582,Rajnandgaon,9,22,Chhattisgarh,03-01-2013 00:00,15565.55219
1583,Surguja,2,22,Chhattisgarh,03-01-2013 00:00,15354.46542
1584,Bilaspur,7,22,Chhattisgarh,03-01-2013 00:00,15468.31416
1585,Janjgir - Champa,6,22,Chhattisgarh,03-01-2013 00:00,15500.79757
1586,Korba,5,22,Chhattisgarh,03-01-2013 00:00,15413.02963
1587,Kawardha,8,22,Chhattisgarh,03-01-2013 00:00,15547.38154
1588,Bastar,15,22,Chhattisgarh,03-01-2013 00:00,15481.07232
1589,Dantewada,16,22,Chhattisgarh,03-01-2013 00:00,15433.12343
1590,Dhamtari,13,22,Chhattisgarh,03-01-2013 00:00,15410.18182
1591,Durg,10,22,Chhattisgarh,03-01-2013 00:00,15556.65739
1592,Kanker,14,22,Chhattisgarh,03-01-2013 00:00,15486.6652
1593,Central,6,7,Delhi  & NCR,03-01-2013 00:00,15160.12376
1594,East,4,7,Delhi  & NCR,03-01-2013 00:00,15148.35031
1595,New Delhi,5,7,Delhi  & NCR,03-01-2013 00:00,15103.72306
1596,North,2,7,Delhi  & NCR,03-01-2013 00:00,15140.36799
1597,North East,3,7,Delhi  & NCR,03-01-2013 00:00,15159.46877
1598,North West,1,7,Delhi  & NCR,03-01-2013 00:00,15099.79679
1599,South,9,7,Delhi  & NCR,03-01-2013 00:00,15144.65681
1600,South West,8,7,Delhi  & NCR,03-01-2013 00:00,15144.85781
1601,West,7,7,Delhi  & NCR,03-01-2013 00:00,15179.71769
1602,Jalaun,35,9,Uttar Pradesh,03-01-2013 00:00,15242.2288
1603,Jaunpur,64,9,Uttar Pradesh,03-01-2013 00:00,15189.49197
1604,Jhansi,36,9,Uttar Pradesh,03-01-2013 00:00,15317.75493
1605,Jyotiba Phule Nagar,6,9,Uttar Pradesh,03-01-2013 00:00,15031.40626
1606,Kannauj,30,9,Uttar Pradesh,03-01-2013 00:00,15175.97965
1607,Kanpur Nagar,34,9,Uttar Pradesh,03-01-2013 00:00,15158.9385
1608,Kaushambi,44,9,Uttar Pradesh,03-01-2013 00:00,15180.17924
1609,Kheri,23,9,Uttar Pradesh,03-01-2013 00:00,15150.89026
1610,Mirzapur,69,9,Uttar Pradesh,03-01-2013 00:00,15298.94922
1611,Moradabad,4,9,Uttar Pradesh,03-01-2013 00:00,15030.68265
1612,Muzaffarnagar,2,9,Uttar Pradesh,03-01-2013 00:00,14984.81254
1613,Rae Bareli,28,9,Uttar Pradesh,03-01-2013 00:00,15133.53325
1614,Kushinagar,59,9,Uttar Pradesh,03-01-2013 00:00,15183.42779
1615,Lucknow,27,9,Uttar Pradesh,03-01-2013 00:00,15131.77375
1616,Lalitpur,37,9,Uttar Pradesh,03-01-2013 00:00,15328.3973
1617,Mahrajganj,57,9,Uttar Pradesh,03-01-2013 00:00,15142.73729
1618,Mahoba,39,9,Uttar Pradesh,03-01-2013 00:00,15336.27821
1619,Mainpuri,18,9,Uttar Pradesh,03-01-2013 00:00,15133.06485
1620,Mathura,14,9,Uttar Pradesh,03-01-2013 00:00,15123.91339
1621,Mau,62,9,Uttar Pradesh,03-01-2013 00:00,15148.45835
1622,Meerut,7,9,Uttar Pradesh,03-01-2013 00:00,15017.09309
1623,Pilibhit,21,9,Uttar Pradesh,03-01-2013 00:00,15077.55563
1624,Pratapgarh,43,9,Uttar Pradesh,03-01-2013 00:00,15172.21323
1625,Rampur,5,9,Uttar Pradesh,03-01-2013 00:00,15008.65412
1626,Sant Ravidas Nagar Bhadohi,68,9,Uttar Pradesh,03-01-2013 00:00,15151.68157
1627,Sant Kabir Nagar,56,9,Uttar Pradesh,03-01-2013 00:00,15120.41797
1628,Shahjahanpur,22,9,Uttar Pradesh,03-01-2013 00:00,15107.67168
1629,Hathras,13,9,Uttar Pradesh,03-01-2013 00:00,15174.61422
1630,Shrawasti,51,9,Uttar Pradesh,03-01-2013 00:00,15097.7536
1631,Saharanpur,1,9,Uttar Pradesh,03-01-2013 00:00,14955.28156
1632,Sitapur,24,9,Uttar Pradesh,03-01-2013 00:00,15151.25667
1633,Sultanpur,49,9,Uttar Pradesh,03-01-2013 00:00,15167.20919
1634,Sonbhadra,70,9,Uttar Pradesh,03-01-2013 00:00,15331.35984
1635,Siddharthnagar,54,9,Uttar Pradesh,03-01-2013 00:00,15092.43764
1636,Unnao,26,9,Uttar Pradesh,03-01-2013 00:00,15112.0776
1637,Varanasi,67,9,Uttar Pradesh,03-01-2013 00:00,15173.08993
1638,Bulandshahr,11,9,Uttar Pradesh,03-01-2013 00:00,15015.06603
1639,Gautam Buddha Nagar,10,9,Uttar Pradesh,03-01-2013 00:00,15052.21101
1640,Ghaziabad,9,9,Uttar Pradesh,03-01-2013 00:00,15029.10848
1641,Auraiya,32,9,Uttar Pradesh,03-01-2013 00:00,15121.43658
1642,Azamgarh,61,9,Uttar Pradesh,03-01-2013 00:00,15171.282
1643,Budaun,19,9,Uttar Pradesh,03-01-2013 00:00,15091.0534
1644,Agra,15,9,Uttar Pradesh,03-01-2013 00:00,15238.80628
1645,Aligarh,12,9,Uttar Pradesh,03-01-2013 00:00,15083.85459
1646,Allahabad,45,9,Uttar Pradesh,03-01-2013 00:00,15221.70493
1647,Ambedkar Nagar,48,9,Uttar Pradesh,03-01-2013 00:00,15151.0989
1648,Bareilly,20,9,Uttar Pradesh,03-01-2013 00:00,15086.5286
1649,Bijnor,3,9,Uttar Pradesh,03-01-2013 00:00,15053.79177
1650,Basti,55,9,Uttar Pradesh,03-01-2013 00:00,15156.19631
1651,Baghpat,8,9,Uttar Pradesh,03-01-2013 00:00,15002.04773
1652,Bahraich,50,9,Uttar Pradesh,03-01-2013 00:00,15100.88658
1653,Ballia,63,9,Uttar Pradesh,03-01-2013 00:00,15162.69166
1654,Balrampur,52,9,Uttar Pradesh,03-01-2013 00:00,15160.52863
1655,Banda,40,9,Uttar Pradesh,03-01-2013 00:00,15286.62695
1656,Barabanki,46,9,Uttar Pradesh,03-01-2013 00:00,15113.08228
1657,Chitrakoot,41,9,Uttar Pradesh,03-01-2013 00:00,15316.53648
1658,Chandauli,66,9,Uttar Pradesh,03-01-2013 00:00,15216.35485
1659,Deoria,60,9,Uttar Pradesh,03-01-2013 00:00,15141.65753
1660,Etah,17,9,Uttar Pradesh,03-01-2013 00:00,15109.92077
1661,Kanpur Dehat,33,9,Uttar Pradesh,03-01-2013 00:00,15138.7427
1662,Etawah,31,9,Uttar Pradesh,03-01-2013 00:00,15161.29842
1663,Faizabad,47,9,Uttar Pradesh,03-01-2013 00:00,15149.15281
1664,Ghazipur,65,9,Uttar Pradesh,03-01-2013 00:00,15159.21399
1665,Gonda,53,9,Uttar Pradesh,03-01-2013 00:00,15142.29667
1666,Gorakhpur,58,9,Uttar Pradesh,03-01-2013 00:00,15117.49033
1667,Farrukhabad,29,9,Uttar Pradesh,03-01-2013 00:00,15169.28569
1668,Fatehpur,42,9,Uttar Pradesh,03-01-2013 00:00,15164.27572
1669,Firozabad,16,9,Uttar Pradesh,03-01-2013 00:00,15174.0694
1670,Hamirpur,38,9,Uttar Pradesh,03-01-2013 00:00,15247.15986
1671,Hardoi,25,9,Uttar Pradesh,03-01-2013 00:00,15125.90807
1672,Khammam,10,28,Andhra Pradesh,03-01-2013 00:00,15488.69207
1673,Medak,4,28,Andhra Pradesh,03-01-2013 00:00,15681.71054
1674,Krishna,16,28,Andhra Pradesh,03-01-2013 00:00,15419.06694
1675,Kurnool,21,28,Andhra Pradesh,03-01-2013 00:00,15771.58351
1676,Mahbubnagar,7,28,Andhra Pradesh,03-01-2013 00:00,15736.39747
1677,Nalgonda,8,28,Andhra Pradesh,03-01-2013 00:00,15616.33345
1678,Nellore,19,28,Andhra Pradesh,03-01-2013 00:00,15479.46503
1679,Nizamabad,2,28,Andhra Pradesh,03-01-2013 00:00,15548.07358
1680,Prakasam,18,28,Andhra Pradesh,03-01-2013 00:00,15643.94495
1681,Hyderabad,5,28,Andhra Pradesh,03-01-2013 00:00,15563.18259
1682,Rangareddi,6,28,Andhra Pradesh,03-01-2013 00:00,15744.07259
1683,Srikakulam,11,28,Andhra Pradesh,03-01-2013 00:00,15525.41299
1684,West Godavari,15,28,Andhra Pradesh,03-01-2013 00:00,15275.75613
1685,Visakhapatnam,13,28,Andhra Pradesh,03-01-2013 00:00,15461.87514
1686,Vizianagaram,12,28,Andhra Pradesh,03-01-2013 00:00,15528.86553
1687,Warangal,9,28,Andhra Pradesh,03-01-2013 00:00,15522.54513
1688,Anantapur,22,28,Andhra Pradesh,03-01-2013 00:00,15828.62392
1689,Adilabad,1,28,Andhra Pradesh,03-01-2013 00:00,15615.4143
1690,Chittoor,23,28,Andhra Pradesh,03-01-2013 00:00,15521.28912
1691,Cuddapah,20,28,Andhra Pradesh,03-01-2013 00:00,15686.64756
1692,East Godavari,14,28,Andhra Pradesh,03-01-2013 00:00,15322.40406
1693,Karimnagar,3,28,Andhra Pradesh,03-01-2013 00:00,15485.36987
1694,Guntur,17,28,Andhra Pradesh,03-01-2013 00:00,15517.2075
1695,Jabalpur,39,23,Madhya Pradesh,03-01-2013 00:00,15351.68187
1696,Jhabua,24,23,Madhya Pradesh,03-01-2013 00:00,15812.77913
1697,Mandsaur,19,23,Madhya Pradesh,03-01-2013 00:00,15641.17904
1698,Tikamgarh,8,23,Madhya Pradesh,03-01-2013 00:00,15313.60478
1699,Narsimhapur,40,23,Madhya Pradesh,03-01-2013 00:00,15439.64267
1700,Neemuch,18,23,Madhya Pradesh,03-01-2013 00:00,15623.01775
1701,Panna,10,23,Madhya Pradesh,03-01-2013 00:00,15463.78752
1702,Raisen,34,23,Madhya Pradesh,03-01-2013 00:00,15497.24366
1703,Rajgarh,30,23,Madhya Pradesh,03-01-2013 00:00,15661.02939
1704,Satna,13,23,Madhya Pradesh,03-01-2013 00:00,15323.44226
1705,Sehore,33,23,Madhya Pradesh,03-01-2013 00:00,15612.3123
1706,Seoni,44,23,Madhya Pradesh,03-01-2013 00:00,15533.62876
1707,Hoshangabad,37,23,Madhya Pradesh,03-01-2013 00:00,15363.06425
1708,Indore,26,23,Madhya Pradesh,03-01-2013 00:00,15608.2345
1709,Shajapur,22,23,Madhya Pradesh,03-01-2013 00:00,15653.469
1710,Shivpuri,6,23,Madhya Pradesh,03-01-2013 00:00,15399.70014
1711,Ratlam,20,23,Madhya Pradesh,03-01-2013 00:00,15717.53792
1712,Rewa,14,23,Madhya Pradesh,03-01-2013 00:00,15329.18951
1713,Sagar,11,23,Madhya Pradesh,03-01-2013 00:00,15548.86966
1714,Sidhi,17,23,Madhya Pradesh,03-01-2013 00:00,15319.8564
1715,Ujjain,21,23,Madhya Pradesh,03-01-2013 00:00,15610.29381
1716,Vidisha,31,23,Madhya Pradesh,03-01-2013 00:00,15483.57634
1717,West Nimar,27,23,Madhya Pradesh,03-01-2013 00:00,15783.00096
1718,Morena,2,23,Madhya Pradesh,03-01-2013 00:00,15338.66539
1719,Sheopur,1,23,Madhya Pradesh,03-01-2013 00:00,15501.54239
1720,Dindori,41,23,Madhya Pradesh,03-01-2013 00:00,15474.45691
1721,Mandla,42,23,Madhya Pradesh,03-01-2013 00:00,15470.82955
1722,Shahdol,16,23,Madhya Pradesh,03-01-2013 00:00,15386.78088
1723,Umaria,15,23,Madhya Pradesh,03-01-2013 00:00,15344.45679
1724,Bhind,3,23,Madhya Pradesh,03-01-2013 00:00,15312.9142
1725,Bhopal,32,23,Madhya Pradesh,03-01-2013 00:00,15501.04754
1726,Barwani,28,23,Madhya Pradesh,03-01-2013 00:00,15887.17374
1727,Betul,35,23,Madhya Pradesh,03-01-2013 00:00,15664.6857
1728,Balaghat,45,23,Madhya Pradesh,03-01-2013 00:00,15427.32222
1729,Chhatarpur,9,23,Madhya Pradesh,03-01-2013 00:00,15410.48388
1730,Chhindwara,43,23,Madhya Pradesh,03-01-2013 00:00,15598.75212
1731,Dewas,23,23,Madhya Pradesh,03-01-2013 00:00,15664.15967
1732,Katni,38,23,Madhya Pradesh,03-01-2013 00:00,15331.251
1733,Datia,5,23,Madhya Pradesh,03-01-2013 00:00,15227.47872
1734,Damoh,12,23,Madhya Pradesh,03-01-2013 00:00,15503.70001
1735,Dhar,25,23,Madhya Pradesh,03-01-2013 00:00,15782.95921
1736,East Nimar,29,23,Madhya Pradesh,03-01-2013 00:00,15724.85557
1737,Guna,7,23,Madhya Pradesh,03-01-2013 00:00,15434.68683
1738,Gwalior,4,23,Madhya Pradesh,03-01-2013 00:00,15336.13408
1739,Harda,36,23,Madhya Pradesh,03-01-2013 00:00,15555.15308
1740,Kangra,2,2,Himachal Pradesh,03-01-2013 00:00,14591.31636
1741,Kinnaur,12,2,Himachal Pradesh,03-01-2013 00:00,13599.04057
1742,Lahul & Spiti,3,2,Himachal Pradesh,03-01-2013 00:00,13403.20091
1743,Kullu,4,2,Himachal Pradesh,03-01-2013 00:00,13984.4449
1744,Mandi,5,2,Himachal Pradesh,03-01-2013 00:00,14668.77635
1745,Shimla,11,2,Himachal Pradesh,03-01-2013 00:00,14463.17751
1746,Sirmaur,10,2,Himachal Pradesh,03-01-2013 00:00,14849.50105
1747,Solan,9,2,Himachal Pradesh,03-01-2013 00:00,14835.17453
1748,Una,7,2,Himachal Pradesh,03-01-2013 00:00,14925.10946
1749,Bilaspur,8,2,Himachal Pradesh,03-01-2013 00:00,14812.4976
1750,Chamba,1,2,Himachal Pradesh,03-01-2013 00:00,14058.49219
1751,Hamirpur,6,2,Himachal Pradesh,03-01-2013 00:00,14840.63078
1752,Jammu,13,1,Jammu and Kashmir,03-01-2013 00:00,14907.69841
1753,Kargil,8,1,Jammu and Kashmir,03-01-2013 00:00,13530.47495
1754,Kathua,14,1,Jammu and Kashmir,03-01-2013 00:00,14769.74541
1755,Leh (Ladakh),7,1,Jammu and Kashmir,03-01-2013 00:00,13771.28468
1756,Kupwara,1,1,Jammu and Kashmir,03-01-2013 00:00,14051.48532
1757,Punch,11,1,Jammu and Kashmir,03-01-2013 00:00,14501.2851
1758,Pulwama,5,1,Jammu and Kashmir,03-01-2013 00:00,14368.08808
1759,Rajauri,12,1,Jammu and Kashmir,03-01-2013 00:00,14725.65799
1760,Srinagar,3,1,Jammu and Kashmir,03-01-2013 00:00,13902.35128
1761,Udhampur,10,1,Jammu and Kashmir,03-01-2013 00:00,14564.98671
1762,Anantnag,6,1,Jammu and Kashmir,03-01-2013 00:00,13920.35355
1763,Badgam,4,1,Jammu and Kashmir,03-01-2013 00:00,14169.5491
1764,Baramula,2,1,Jammu and Kashmir,03-01-2013 00:00,14004.11068
1765,Data Not Available,99,99,Jammu and Kashmir,03-01-2013 00:00,13681.83483
1766,Doda,9,1,Jammu and Kashmir,03-01-2013 00:00,13814.44023
1767,Lohit,11,12,Arunanchal Pradesh,03-01-2013 00:00,14473.24769
1768,Lower Subansiri,5,12,Arunanchal Pradesh,03-01-2013 00:00,14425.22221
1769,Papum Pare,4,12,Arunanchal Pradesh,03-01-2013 00:00,14702.71498
1770,Tawang,1,12,Arunanchal Pradesh,03-01-2013 00:00,14099.60572
1771,Tirap,13,12,Arunanchal Pradesh,03-01-2013 00:00,14874.52505
1772,West Kameng,2,12,Arunanchal Pradesh,03-01-2013 00:00,14463.81298
1773,West Siang,7,12,Arunanchal Pradesh,03-01-2013 00:00,14519.58115
1774,Upper Siang,9,12,Arunanchal Pradesh,03-01-2013 00:00,14327.21935
1775,Upper Subansiri,6,12,Arunanchal Pradesh,03-01-2013 00:00,14348.40407
1776,Changlang,12,12,Arunanchal Pradesh,03-01-2013 00:00,14767.89521
1777,Dibang Valley,10,12,Arunanchal Pradesh,03-01-2013 00:00,14280.63903
1778,East Kameng,3,12,Arunanchal Pradesh,03-01-2013 00:00,14503.85137
1779,East Siang,8,12,Arunanchal Pradesh,03-01-2013 00:00,14859.77609
1780,Nicobars,2,35,Andaman & Nicobar Island,03-01-2013 00:00,15059.02239
1781,Andamans,1,35,Andaman & Nicobar Island,03-01-2013 00:00,15157.66295
1782,Lakshadweep,1,31,Lakshadweep,04-01-2013 00:00,15116.2902
1783,Chandigarh,1,4,Chandigarh,04-01-2013 00:00,15406.72295
1784,Dadra & Nagar Haveli,1,26,Dadara & Nagar Havelli,04-01-2013 00:00,15820.55089
1785,North Goa,1,30,Goa,04-01-2013 00:00,15440.64435
1786,South Goa,2,30,Goa,04-01-2013 00:00,15374.39785
1787,Jorhat,17,18,Assam,04-01-2013 00:00,15177.78024
1788,Karimganj,22,18,Assam,04-01-2013 00:00,15292.09858
1789,Kokrajhar,1,18,Assam,04-01-2013 00:00,15236.0795
1790,Lakhimpur,12,18,Assam,04-01-2013 00:00,15159.473
1791,Nagaon,10,18,Assam,04-01-2013 00:00,15286.78752
1792,Marigaon,9,18,Assam,04-01-2013 00:00,15201.97624
1793,Nalbari,7,18,Assam,04-01-2013 00:00,15212.62457
1794,North Cachar Hills,20,18,Assam,04-01-2013 00:00,15132.12908
1795,Sonitpur,11,18,Assam,04-01-2013 00:00,15155.27823
1796,Sibsagar,16,18,Assam,04-01-2013 00:00,15153.6645
1797,Tinsukia,14,18,Assam,04-01-2013 00:00,15119.95048
1798,Barpeta,5,18,Assam,04-01-2013 00:00,15222.79099
1799,Bongaigaon,4,18,Assam,04-01-2013 00:00,15196.36481
1800,Cachar,21,18,Assam,04-01-2013 00:00,15162.04762
1801,Darrang,8,18,Assam,04-01-2013 00:00,15135.93663
1802,Dhemaji,13,18,Assam,04-01-2013 00:00,15216.81371
1803,Dhubri,2,18,Assam,04-01-2013 00:00,15279.44937
1804,Dibrugarh,15,18,Assam,04-01-2013 00:00,15130.31624
1805,Kamrup,6,18,Assam,04-01-2013 00:00,15212.98627
1806,Karbi Anglong,19,18,Assam,04-01-2013 00:00,15124.95565
1807,Goalpara,3,18,Assam,04-01-2013 00:00,15278.8279
1808,Golaghat,18,18,Assam,04-01-2013 00:00,15188.09461
1809,Hailakandi,23,18,Assam,04-01-2013 00:00,15283.89651
1810,Jamui,37,10,Bihar,04-01-2013 00:00,15760.83293
1811,Kishanganj,8,10,Bihar,04-01-2013 00:00,15375.57562
1812,Muzaffarpur,14,10,Bihar,04-01-2013 00:00,15461.9282
1813,Purnia,9,10,Bihar,04-01-2013 00:00,15272.14219
1814,Khagaria,21,10,Bihar,04-01-2013 00:00,15333.24501
1815,Madhubani,5,10,Bihar,04-01-2013 00:00,15455.30035
1816,Lakhisarai,25,10,Bihar,04-01-2013 00:00,15724.49506
1817,Madhepura,11,10,Bihar,04-01-2013 00:00,15334.33451
1818,Purba Champaran,2,10,Bihar,04-01-2013 00:00,15454.53065
1819,Munger,24,10,Bihar,04-01-2013 00:00,15641.53523
1820,Nalanda,27,10,Bihar,04-01-2013 00:00,15720.42806
1821,Nawada,36,10,Bihar,04-01-2013 00:00,15763.13078
1822,Pashchim Champaran,1,10,Bihar,04-01-2013 00:00,15459.57539
1823,Patna,28,10,Bihar,04-01-2013 00:00,15646.65741
1824,Samastipur,19,10,Bihar,04-01-2013 00:00,15460.14195
1825,Sheikhpura,26,10,Bihar,04-01-2013 00:00,15730.06891
1826,Sheohar,3,10,Bihar,04-01-2013 00:00,15435.11449
1827,Saharsa,12,10,Bihar,04-01-2013 00:00,15341.78385
1828,Sitamarhi,4,10,Bihar,04-01-2013 00:00,15434.06306
1829,Siwan,16,10,Bihar,04-01-2013 00:00,15528.38163
1830,Supaul,6,10,Bihar,04-01-2013 00:00,15391.92655
1831,Vaishali,18,10,Bihar,04-01-2013 00:00,15518.21095
1832,Kaimur (Bhabua),31,10,Bihar,04-01-2013 00:00,15741.41267
1833,Gaya,35,10,Bihar,04-01-2013 00:00,15767.66613
1834,Bhojpur,29,10,Bihar,04-01-2013 00:00,15710.15354
1835,Buxar,30,10,Bihar,04-01-2013 00:00,15664.06845
1836,Jehanabad,33,10,Bihar,04-01-2013 00:00,15728.61041
1837,Rohtas,32,10,Bihar,04-01-2013 00:00,15714.36736
1838,Araria,7,10,Bihar,04-01-2013 00:00,15343.51523
1839,Aurangabad,34,10,Bihar,04-01-2013 00:00,15771.4462
1840,Banka,23,10,Bihar,04-01-2013 00:00,15727.88774
1841,Bhagalpur,22,10,Bihar,04-01-2013 00:00,15513.49277
1842,Begusarai,20,10,Bihar,04-01-2013 00:00,15538.58004
1843,Saran,17,10,Bihar,04-01-2013 00:00,15538.6821
1844,Katihar,10,10,Bihar,04-01-2013 00:00,15305.59928
1845,Darbhanga,13,10,Bihar,04-01-2013 00:00,15442.47727
1846,Gopalganj,15,10,Bihar,04-01-2013 00:00,15498.51282
1847,Kollam,13,32,Kerala,04-01-2013 00:00,15241.85667
1848,Kottayam,10,32,Kerala,04-01-2013 00:00,15242.38293
1849,Kozhikode,4,32,Kerala,04-01-2013 00:00,15267.83668
1850,Malappuram,5,32,Kerala,04-01-2013 00:00,15340.07956
1851,Palakkad,6,32,Kerala,04-01-2013 00:00,15374.96246
1852,Pathanamthitta,12,32,Kerala,04-01-2013 00:00,15166.94481
1853,Idukki,9,32,Kerala,04-01-2013 00:00,15113.55191
1854,Thrissur,7,32,Kerala,04-01-2013 00:00,15354.67496
1855,Thiruvananthapuram,14,32,Kerala,04-01-2013 00:00,15259.75865
1856,Wayanad,3,32,Kerala,04-01-2013 00:00,15211.01559
1857,Alappuzha,11,32,Kerala,04-01-2013 00:00,15267.24001
1858,Kasaragod,1,32,Kerala,04-01-2013 00:00,15386.99823
1859,Kannur,2,32,Kerala,04-01-2013 00:00,15338.25481
1860,Ernakulam,8,32,Kerala,04-01-2013 00:00,15305.84447
1861,Jajapur,13,21,Orissa,04-01-2013 00:00,15580.42778
1862,Jagatsinghapur,11,21,Orissa,04-01-2013 00:00,15528.92139
1863,Jharsuguda,2,21,Orissa,04-01-2013 00:00,15598.78617
1864,Khordha,17,21,Orissa,04-01-2013 00:00,15551.90504
1865,Mayurbhanj,7,21,Orissa,04-01-2013 00:00,15555.37498
1866,Puri,18,21,Orissa,04-01-2013 00:00,15419.45013
1867,Koraput,29,21,Orissa,04-01-2013 00:00,15550.85836
1868,Malkangiri,30,21,Orissa,04-01-2013 00:00,15579.30882
1869,Nabarangapur,28,21,Orissa,04-01-2013 00:00,15689.75579
1870,Nayagarh,16,21,Orissa,04-01-2013 00:00,15526.56954
1871,Nuapada,25,21,Orissa,04-01-2013 00:00,15764.11404
1872,Kandhamal,21,21,Orissa,04-01-2013 00:00,15525.68222
1873,Sambalpur,3,21,Orissa,04-01-2013 00:00,15558.4438
1874,Rayagada,27,21,Orissa,04-01-2013 00:00,15563.14177
1875,Sundargarh,5,21,Orissa,04-01-2013 00:00,15578.09741
1876,Sonapur,23,21,Orissa,04-01-2013 00:00,15566.50952
1877,Anugul,15,21,Orissa,04-01-2013 00:00,15578.10915
1878,Bhadrak,9,21,Orissa,04-01-2013 00:00,15566.26893
1879,Baudh,22,21,Orissa,04-01-2013 00:00,15676.57272
1880,Balangir,24,21,Orissa,04-01-2013 00:00,15766.72616
1881,Baleshwar,8,21,Orissa,04-01-2013 00:00,15499.02257
1882,Bargarh,1,21,Orissa,04-01-2013 00:00,15604.15128
1883,Kendrapara,10,21,Orissa,04-01-2013 00:00,15492.16133
1884,Kendujhar,6,21,Orissa,04-01-2013 00:00,15590.79023
1885,Debagarh,4,21,Orissa,04-01-2013 00:00,15529.81447
1886,Cuttack,12,21,Orissa,04-01-2013 00:00,15553.45438
1887,Dhenkanal,14,21,Orissa,04-01-2013 00:00,15581.83858
1888,Kalahandi,26,21,Orissa,04-01-2013 00:00,15650.00897
1889,Ganjam,19,21,Orissa,04-01-2013 00:00,15563.69466
1890,Gajapati,20,21,Orissa,04-01-2013 00:00,15503.53276
1891,Jalandhar,4,3,Punjab,04-01-2013 00:00,15373.67419
1892,Kapurthala,3,3,Punjab,04-01-2013 00:00,15348.41482
1893,Ludhiana,9,3,Punjab,04-01-2013 00:00,15359.44816
1894,Mansa,15,3,Punjab,04-01-2013 00:00,15374.4566
1895,Moga,10,3,Punjab,04-01-2013 00:00,15326.06148
1896,Muktsar,12,3,Punjab,04-01-2013 00:00,15333.98003
1897,Nawanshahr,6,3,Punjab,04-01-2013 00:00,15327.81919
1898,Patiala,17,3,Punjab,04-01-2013 00:00,15420.97238
1899,Sangrur,16,3,Punjab,04-01-2013 00:00,15421.37557
1900,Hoshiarpur,5,3,Punjab,04-01-2013 00:00,15367.98583
1901,Rupnagar,7,3,Punjab,04-01-2013 00:00,15327.24112
1902,Amritsar,2,3,Punjab,04-01-2013 00:00,15244.63881
1903,Firozpur,11,3,Punjab,04-01-2013 00:00,15339.54385
1904,Bathinda,14,3,Punjab,04-01-2013 00:00,15387.64764
1905,Gurdaspur,1,3,Punjab,04-01-2013 00:00,15311.06494
1906,Faridkot,13,3,Punjab,04-01-2013 00:00,15360.02912
1907,Fatehgarh Sahib,8,3,Punjab,04-01-2013 00:00,15363.66614
1908,North,1,11,Sikkim,04-01-2013 00:00,14050.13367
1909,South,3,11,Sikkim,04-01-2013 00:00,14720.97255
1910,West,2,11,Sikkim,04-01-2013 00:00,14444.62195
1911,East,4,11,Sikkim,04-01-2013 00:00,14547.59416
1912,Jamnagar,10,24,Gujarat,04-01-2013 00:00,15894.17294
1913,Kheda,16,24,Gujarat,04-01-2013 00:00,15764.60167
1914,Mahesana,4,24,Gujarat,04-01-2013 00:00,15818.79042
1915,Narmada,20,24,Gujarat,04-01-2013 00:00,15871.72824
1916,Navsari,24,24,Gujarat,04-01-2013 00:00,15625.47305
1917,Panch Mahals,17,24,Gujarat,04-01-2013 00:00,15796.21016
1918,Patan,3,24,Gujarat,04-01-2013 00:00,15912.95766
1919,Porbandar,11,24,Gujarat,04-01-2013 00:00,15852.4941
1920,Rajkot,9,24,Gujarat,04-01-2013 00:00,16015.67532
1921,Sabar Kantha,5,24,Gujarat,04-01-2013 00:00,15832.51436
1922,Surendranagar,8,24,Gujarat,04-01-2013 00:00,15924.60045
1923,The Dangs,23,24,Gujarat,04-01-2013 00:00,15894.49474
1924,Vadodara,19,24,Gujarat,04-01-2013 00:00,15768.11249
1925,Valsad,25,24,Gujarat,04-01-2013 00:00,15726.64565
1926,Bharuch,21,24,Gujarat,04-01-2013 00:00,15824.83533
1927,Surat,22,24,Gujarat,04-01-2013 00:00,15725.44197
1928,Anand,15,24,Gujarat,04-01-2013 00:00,15713.73756
1929,Ahmadabad,7,24,Gujarat,04-01-2013 00:00,15917.73782
1930,Amreli,13,24,Gujarat,04-01-2013 00:00,16036.65681
1931,Bhavnagar,14,24,Gujarat,04-01-2013 00:00,16027.96472
1932,Banas Kantha,2,24,Gujarat,04-01-2013 00:00,15805.04016
1933,Dohad,18,24,Gujarat,04-01-2013 00:00,15897.15944
1934,Junagadh,12,24,Gujarat,04-01-2013 00:00,15940.0452
1935,Kachchh,1,24,Gujarat,04-01-2013 00:00,15837.02725
1936,Gandhinagar,6,24,Gujarat,04-01-2013 00:00,15765.71343
1937,Jind,9,6,Haryana,04-01-2013 00:00,15415.16535
1938,Kaithal,5,6,Haryana,04-01-2013 00:00,15441.99931
1939,Karnal,6,6,Haryana,04-01-2013 00:00,15400.42585
1940,Kurukshetra,4,6,Haryana,04-01-2013 00:00,15378.57428
1941,Panchkula,1,6,Haryana,04-01-2013 00:00,15340.4428
1942,Panipat,7,6,Haryana,04-01-2013 00:00,15447.86368
1943,Hisar,12,6,Haryana,04-01-2013 00:00,15512.09789
1944,Rohtak,14,6,Haryana,04-01-2013 00:00,15477.58494
1945,Sirsa,11,6,Haryana,04-01-2013 00:00,15488.41307
1946,Sonipat,8,6,Haryana,04-01-2013 00:00,15469.93823
1947,Yamunanagar,3,6,Haryana,04-01-2013 00:00,15344.63488
1948,Jhajjar,15,6,Haryana,04-01-2013 00:00,15635.0809
1949,Mahendragarh,16,6,Haryana,04-01-2013 00:00,15793.96443
1950,Rewari,17,6,Haryana,04-01-2013 00:00,15745.03208
1951,Bhiwani,13,6,Haryana,04-01-2013 00:00,15679.65256
1952,Ambala,2,6,Haryana,04-01-2013 00:00,15404.48418
1953,Gurgaon,18,6,Haryana,04-01-2013 00:00,15649.04405
1954,Faridabad,19,6,Haryana,04-01-2013 00:00,15565.24062
1955,Fatehabad,10,6,Haryana,04-01-2013 00:00,15414.1017
1956,Imphal East,7,14,Manipur,04-01-2013 00:00,15253.59426
1957,Imphal West,6,14,Manipur,04-01-2013 00:00,15113.04254
1958,Senapati (Excl. 3 sub-divisions),1,14,Manipur,04-01-2013 00:00,15053.59857
1959,Tamenglong,2,14,Manipur,04-01-2013 00:00,14989.09465
1960,Thoubal,5,14,Manipur,04-01-2013 00:00,15236.20802
1961,Ukhrul,8,14,Manipur,04-01-2013 00:00,15078.29786
1962,Bishnupur,4,14,Manipur,04-01-2013 00:00,15129.72797
1963,Chandel,9,14,Manipur,04-01-2013 00:00,15167.96743
1964,Churachandpur,3,14,Manipur,04-01-2013 00:00,15128.3603
1965,Kolasib,2,15,Mizoram,04-01-2013 00:00,15192.86722
1966,Mamit,1,15,Mizoram,04-01-2013 00:00,15197.93273
1967,Lunglei,6,15,Mizoram,04-01-2013 00:00,15200.19991
1968,Lawngtlai,7,15,Mizoram,04-01-2013 00:00,15316.78617
1969,Saiha,8,15,Mizoram,04-01-2013 00:00,15218.50202
1970,Serchhip,5,15,Mizoram,04-01-2013 00:00,15160.06218
1971,Aizawl,3,15,Mizoram,04-01-2013 00:00,15170.99626
1972,Champhai,4,15,Mizoram,04-01-2013 00:00,15137.76139
1973,North Tripura,4,16,Tripura,04-01-2013 00:00,15328.52132
1974,South Tripura,2,16,Tripura,04-01-2013 00:00,15344.33316
1975,West Tripura,1,16,Tripura,04-01-2013 00:00,15328.76223
1976,Dhalai,3,16,Tripura,04-01-2013 00:00,15301.42852
1977,Mokokchung,3,13,Nagaland,04-01-2013 00:00,14988.67498
1978,Mon,1,13,Nagaland,04-01-2013 00:00,14968.5165
1979,Phek,8,13,Nagaland,04-01-2013 00:00,14994.95469
1980,Tuensang,2,13,Nagaland,04-01-2013 00:00,14902.56002
1981,Wokha,5,13,Nagaland,04-01-2013 00:00,15044.36397
1982,Zunheboto,4,13,Nagaland,04-01-2013 00:00,14949.91167
1983,Dimapur,6,13,Nagaland,04-01-2013 00:00,15166.36266
1984,Kohima,7,13,Nagaland,04-01-2013 00:00,15037.98481
1985,Purbi Singhbhum,18,20,Jharkhand,04-01-2013 00:00,15605.03689
1986,Lohardaga,15,20,Jharkhand,04-01-2013 00:00,15559.12943
1987,Pakaur,10,20,Jharkhand,04-01-2013 00:00,15715.10259
1988,Pashchimi Singhbhum,17,20,Jharkhand,04-01-2013 00:00,15600.73636
1989,Ranchi,14,20,Jharkhand,04-01-2013 00:00,15613.07245
1990,Sahibganj,9,20,Jharkhand,04-01-2013 00:00,15604.71464
1991,Garhwa,1,20,Jharkhand,04-01-2013 00:00,15725.62905
1992,Palamu,2,20,Jharkhand,04-01-2013 00:00,15692.18278
1993,Chatra,3,20,Jharkhand,04-01-2013 00:00,15736.62015
1994,Hazaribagh,4,20,Jharkhand,04-01-2013 00:00,15674.39218
1995,Kodarma,5,20,Jharkhand,04-01-2013 00:00,15752.89249
1996,Bokaro,13,20,Jharkhand,04-01-2013 00:00,15701.98667
1997,Deoghar,7,20,Jharkhand,04-01-2013 00:00,15771.67756
1998,Dhanbad,12,20,Jharkhand,04-01-2013 00:00,15695.82958
1999,Dumka,11,20,Jharkhand,04-01-2013 00:00,15730.1748
2000,Giridih,6,20,Jharkhand,04-01-2013 00:00,15749.38903
2001,Godda,8,20,Jharkhand,04-01-2013 00:00,15708.59411
2002,Gumla,16,20,Jharkhand,04-01-2013 00:00,15541.34617
2003,Kodagu,25,29,Karnataka,04-01-2013 00:00,15228.15697
2004,Kolar,19,29,Karnataka,04-01-2013 00:00,15699.54976
2005,Mandya,22,29,Karnataka,04-01-2013 00:00,15607.34973
2006,Koppal,7,29,Karnataka,04-01-2013 00:00,15948.55592
2007,Mysore,26,29,Karnataka,04-01-2013 00:00,15704.59183
2008,Raichur,6,29,Karnataka,04-01-2013 00:00,15937.94353
2009,Hassan,23,29,Karnataka,04-01-2013 00:00,15651.52694
2010,Haveri,11,29,Karnataka,04-01-2013 00:00,15922.78086
2011,Shimoga,15,29,Karnataka,04-01-2013 00:00,15483.59097
2012,Tumkur,18,29,Karnataka,04-01-2013 00:00,15809.2278
2013,Udupi,16,29,Karnataka,04-01-2013 00:00,15411.83939
2014,Uttara Kannada,10,29,Karnataka,04-01-2013 00:00,15357.70711
2015,Bagalkot,2,29,Karnataka,04-01-2013 00:00,15919.16486
2016,Bangalore,20,29,Karnataka,04-01-2013 00:00,15594.44786
2017,Bidar,5,29,Karnataka,04-01-2013 00:00,16066.71416
2018,Bijapur,3,29,Karnataka,04-01-2013 00:00,16092.02179
2019,Belgaum,1,29,Karnataka,04-01-2013 00:00,15875.49644
2020,Bellary,12,29,Karnataka,04-01-2013 00:00,15869.47229
2021,Bangalore Rural,21,29,Karnataka,04-01-2013 00:00,15634.61663
2022,Chamarajanagar,27,29,Karnataka,04-01-2013 00:00,15612.18839
2023,Chikmagalur,17,29,Karnataka,04-01-2013 00:00,15483.79788
2024,Chitradurga,13,29,Karnataka,04-01-2013 00:00,15906.11043
2025,Dakshina Kannada,24,29,Karnataka,04-01-2013 00:00,15323.56315
2026,Davanagere,14,29,Karnataka,04-01-2013 00:00,15752.76354
2027,Dharwad,9,29,Karnataka,04-01-2013 00:00,15993.1948
2028,Gulbarga,4,29,Karnataka,04-01-2013 00:00,16075.97604
2029,Gadag,8,29,Karnataka,04-01-2013 00:00,16073.09855
2030,Jaintia Hills,7,17,Meghalaya,04-01-2013 00:00,15019.92708
2031,Ri Bhoi,5,17,Meghalaya,04-01-2013 00:00,15186.33071
2032,South Garo Hills,3,17,Meghalaya,04-01-2013 00:00,15176.41076
2033,West Garo Hills,1,17,Meghalaya,04-01-2013 00:00,15254.45757
2034,West Khasi Hills,4,17,Meghalaya,04-01-2013 00:00,15086.12247
2035,East Garo Hills,2,17,Meghalaya,04-01-2013 00:00,15226.23376
2036,East Khasi Hills,6,17,Meghalaya,04-01-2013 00:00,15010.24979
2037,Jaipur,12,8,Rajasthan,04-01-2013 00:00,15781.99217
2038,Jaisalmer,16,8,Rajasthan,04-01-2013 00:00,16088.52612
2039,Jalor,18,8,Rajasthan,04-01-2013 00:00,15963.72093
2040,Jhalawar,32,8,Rajasthan,04-01-2013 00:00,16033.59718
2041,Jhunjhunun,5,8,Rajasthan,04-01-2013 00:00,15805.32796
2042,Jodhpur,15,8,Rajasthan,04-01-2013 00:00,15997.54309
2043,Kota,30,8,Rajasthan,04-01-2013 00:00,15894.99874
2044,Nagaur,14,8,Rajasthan,04-01-2013 00:00,15907.66812
2045,Pali,20,8,Rajasthan,04-01-2013 00:00,15934.46386
2046,Rajsamand,25,8,Rajasthan,04-01-2013 00:00,15769.82902
2047,Sawai Madhopur,10,8,Rajasthan,04-01-2013 00:00,15838.10382
2048,Sirohi,19,8,Rajasthan,04-01-2013 00:00,15841.6968
2049,Tonk,22,8,Rajasthan,04-01-2013 00:00,15866.98128
2050,Sikar,13,8,Rajasthan,04-01-2013 00:00,15802.89397
2051,Alwar,6,8,Rajasthan,04-01-2013 00:00,15690.05595
2052,Udaipur,26,8,Rajasthan,04-01-2013 00:00,15834.07485
2053,Ganganagar,1,8,Rajasthan,04-01-2013 00:00,15704.54978
2054,Hanumangarh,2,8,Rajasthan,04-01-2013 00:00,15742.44859
2055,Baran,31,8,Rajasthan,04-01-2013 00:00,15954.10039
2056,Ajmer,21,8,Rajasthan,04-01-2013 00:00,15844.43371
2057,Banswara,28,8,Rajasthan,04-01-2013 00:00,15905.80751
2058,Barmer,17,8,Rajasthan,04-01-2013 00:00,16039.53528
2059,Bhilwara,24,8,Rajasthan,04-01-2013 00:00,15864.71004
2060,Bikaner,3,8,Rajasthan,04-01-2013 00:00,16006.27549
2061,Bharatpur,7,8,Rajasthan,04-01-2013 00:00,15772.40304
2062,Bundi,23,8,Rajasthan,04-01-2013 00:00,15843.67807
2063,Chittaurgarh,29,8,Rajasthan,04-01-2013 00:00,15882.54987
2064,Churu,4,8,Rajasthan,04-01-2013 00:00,15948.45819
2065,Dausa,11,8,Rajasthan,04-01-2013 00:00,15770.47895
2066,Dhaulpur,8,8,Rajasthan,04-01-2013 00:00,15804.0936
2067,Dungarpur,27,8,Rajasthan,04-01-2013 00:00,15876.73972
2068,Karauli,9,8,Rajasthan,04-01-2013 00:00,15806.02873
2069,Pondicherry,2,34,Puducherry,04-01-2013 00:00,15462.9198
2070,Yanam,1,34,Puducherry,04-01-2013 00:00,15322.33567
2071,Karaikal,4,34,Puducherry,04-01-2013 00:00,15660.594
2072,Mahe,3,34,Puducherry,04-01-2013 00:00,15278.45383
2073,Kanniyakumari,30,33,Tamil Nadu,04-01-2013 00:00,15292.4526
2074,Karur,14,33,Tamil Nadu,04-01-2013 00:00,15890.92729
2075,Madurai,24,33,Tamil Nadu,04-01-2013 00:00,15749.86341
2076,Namakkal,9,33,Tamil Nadu,04-01-2013 00:00,15706.63281
2077,The Nilgiris,11,33,Tamil Nadu,04-01-2013 00:00,15167.64228
2078,Perambalur,16,33,Tamil Nadu,04-01-2013 00:00,15867.18275
2079,Pudukkottai,22,33,Tamil Nadu,04-01-2013 00:00,15723.74737
2080,Ramanathapuram,27,33,Tamil Nadu,04-01-2013 00:00,15737.96089
2081,Salem,8,33,Tamil Nadu,04-01-2013 00:00,15645.48994
2082,Sivaganga,23,33,Tamil Nadu,04-01-2013 00:00,15764.07881
2083,Tiruchirappalli,15,33,Tamil Nadu,04-01-2013 00:00,15767.65552
2084,Tirunelveli,29,33,Tamil Nadu,04-01-2013 00:00,15567.06683
2085,Tiruvannamalai,6,33,Tamil Nadu,04-01-2013 00:00,15627.57319
2086,Thoothukkudi,28,33,Tamil Nadu,04-01-2013 00:00,15807.79194
2087,Theni,25,33,Tamil Nadu,04-01-2013 00:00,15469.96423
2088,Vellore,4,33,Tamil Nadu,04-01-2013 00:00,15617.40943
2089,Viluppuram,7,33,Tamil Nadu,04-01-2013 00:00,15636.01702
2090,Virudhunagar,26,33,Tamil Nadu,04-01-2013 00:00,15814.8303
2091,Chennai,2,33,Tamil Nadu,04-01-2013 00:00,15450.95623
2092,Kancheepuram,3,33,Tamil Nadu,04-01-2013 00:00,15589.9592
2093,Thiruvallur,1,33,Tamil Nadu,04-01-2013 00:00,15520.58011
2094,Thanjavur,21,33,Tamil Nadu,04-01-2013 00:00,15595.80175
2095,Thiruvarur,20,33,Tamil Nadu,04-01-2013 00:00,15546.02165
2096,Nagapattinam,19,33,Tamil Nadu,04-01-2013 00:00,15584.86851
2097,Ariyalur,17,33,Tamil Nadu,04-01-2013 00:00,15773.39247
2098,Coimbatore,12,33,Tamil Nadu,04-01-2013 00:00,15565.24086
2099,Cuddalore,18,33,Tamil Nadu,04-01-2013 00:00,15638.83527
2100,Dharmapuri,5,33,Tamil Nadu,04-01-2013 00:00,15649.60975
2101,Dindigul,13,33,Tamil Nadu,04-01-2013 00:00,15576.34726
2102,Erode,10,33,Tamil Nadu,04-01-2013 00:00,15683.81688
2103,Daman,2,25,Daman & Diu,04-01-2013 00:00,15527.3572
2104,Diu,1,25,Daman & Diu,04-01-2013 00:00,15505.08048
2105,Jalgaon,3,27,Maharashtra,04-01-2013 00:00,16131.17096
2106,Jalna,18,27,Maharashtra,04-01-2013 00:00,16257.01928
2107,Kolhapur,34,27,Maharashtra,04-01-2013 00:00,15737.22608
2108,Latur,28,27,Maharashtra,04-01-2013 00:00,16099.81048
2109,Pune,25,27,Maharashtra,04-01-2013 00:00,15948.55844
2110,Nagpur,9,27,Maharashtra,04-01-2013 00:00,15940.08249
2111,Mumbai,23,27,Maharashtra,04-01-2013 00:00,15437.36214
2112,Mumbai (Suburban),22,27,Maharashtra,04-01-2013 00:00,15511.29115
2113,Nanded,15,27,Maharashtra,04-01-2013 00:00,16039.34176
2114,Nandurbar,1,27,Maharashtra,04-01-2013 00:00,15991.60796
2115,Nashik,20,27,Maharashtra,04-01-2013 00:00,16042.46047
2116,Osmanabad,29,27,Maharashtra,04-01-2013 00:00,16194.63327
2117,Parbhani,17,27,Maharashtra,04-01-2013 00:00,16159.56236
2118,Sangli,35,27,Maharashtra,04-01-2013 00:00,16050.42316
2119,Satara,31,27,Maharashtra,04-01-2013 00:00,15991.59047
2120,Hingoli,16,27,Maharashtra,04-01-2013 00:00,16110.57685
2121,Ratnagiri,32,27,Maharashtra,04-01-2013 00:00,15671.45692
2122,Raigarh,24,27,Maharashtra,04-01-2013 00:00,15784.30153
2123,Thane,21,27,Maharashtra,04-01-2013 00:00,15845.48616
2124,Solapur,30,27,Maharashtra,04-01-2013 00:00,16125.87253
2125,Sindhudurg,33,27,Maharashtra,04-01-2013 00:00,15564.48482
2126,Wardha,8,27,Maharashtra,04-01-2013 00:00,16028.43112
2127,Washim,6,27,Maharashtra,04-01-2013 00:00,16144.28126
2128,Yavatmal,14,27,Maharashtra,04-01-2013 00:00,16041.39269
2129,Aurangabad,19,27,Maharashtra,04-01-2013 00:00,16168.46163
2130,Ahmadnagar,26,27,Maharashtra,04-01-2013 00:00,16128.88346
2131,Akola,5,27,Maharashtra,04-01-2013 00:00,16158.97096
2132,Amravati,7,27,Maharashtra,04-01-2013 00:00,16063.12368
2133,Bid,27,27,Maharashtra,04-01-2013 00:00,16176.54668
2134,Bhandara,10,27,Maharashtra,04-01-2013 00:00,15787.11411
2135,Buldana,4,27,Maharashtra,04-01-2013 00:00,16169.45033
2136,Chandrapur,13,27,Maharashtra,04-01-2013 00:00,15811.78649
2137,Dhule,2,27,Maharashtra,04-01-2013 00:00,16120.40351
2138,Gadchiroli,12,27,Maharashtra,04-01-2013 00:00,15701.42502
2139,Gondiya,11,27,Maharashtra,04-01-2013 00:00,15722.06585
2140,Nainital,11,5,Uttarakhand,04-01-2013 00:00,15224.71724
2141,Pithoragarh,7,5,Uttarakhand,04-01-2013 00:00,14323.90164
2142,Hardwar,13,5,Uttarakhand,04-01-2013 00:00,15371.03045
2143,Rudraprayag,3,5,Uttarakhand,04-01-2013 00:00,14548.95897
2144,Tehri Garhwal,4,5,Uttarakhand,04-01-2013 00:00,14846.52178
2145,Udham Singh Nagar,12,5,Uttarakhand,04-01-2013 00:00,15390.54729
2146,Uttarkashi,1,5,Uttarakhand,04-01-2013 00:00,14155.35155
2147,Bageshwar,8,5,Uttarakhand,04-01-2013 00:00,14740.92926
2148,Almora,9,5,Uttarakhand,04-01-2013 00:00,15128.96278
2149,Chamoli,2,5,Uttarakhand,04-01-2013 00:00,14200.45695
2150,Champawat,10,5,Uttarakhand,04-01-2013 00:00,15106.44616
2151,Dehradun,5,5,Uttarakhand,04-01-2013 00:00,15147.6342
2152,Garhwal,6,5,Uttarakhand,04-01-2013 00:00,15121.38945
2153,Jalpaiguri,2,19,West Bengal,04-01-2013 00:00,15232.14551
2154,Koch Bihar,3,19,West Bengal,04-01-2013 00:00,15258.11251
2155,Murshidabad,7,19,West Bengal,04-01-2013 00:00,15441.58448
2156,Puruliya,14,19,West Bengal,04-01-2013 00:00,15701.36212
2157,Kolkata,17,19,West Bengal,04-01-2013 00:00,15507.98821
2158,Maldah,6,19,West Bengal,04-01-2013 00:00,15393.28097
2159,Nadia,10,19,West Bengal,04-01-2013 00:00,15411.94166
2160,North Twenty Four Parganas,11,19,West Bengal,04-01-2013 00:00,15273.8449
2161,Medinipur,15,19,West Bengal,04-01-2013 00:00,15446.6048
2162,Hugli,12,19,West Bengal,04-01-2013 00:00,15410.51825
2163,South  Twenty Four Parganas,18,19,West Bengal,04-01-2013 00:00,15339.15729
2164,Uttar Dinajpur,4,19,West Bengal,04-01-2013 00:00,15321.04743
2165,Barddhaman,9,19,West Bengal,04-01-2013 00:00,15469.04103
2166,Birbhum,8,19,West Bengal,04-01-2013 00:00,15530.2451
2167,Bankura,13,19,West Bengal,04-01-2013 00:00,15583.65813
2168,Dakshin Dinajpur,5,19,West Bengal,04-01-2013 00:00,15425.65298
2169,Darjiling,1,19,West Bengal,04-01-2013 00:00,14998.64216
2170,Haora,16,19,West Bengal,04-01-2013 00:00,15302.23799
2171,Jashpur,3,22,Chhattisgarh,04-01-2013 00:00,15517.8883
2172,Koriya,1,22,Chhattisgarh,04-01-2013 00:00,15527.34386
2173,Mahasamund,12,22,Chhattisgarh,04-01-2013 00:00,15714.66444
2174,Raigarh,4,22,Chhattisgarh,04-01-2013 00:00,15638.67695
2175,Raipur,11,22,Chhattisgarh,04-01-2013 00:00,15751.0651
2176,Rajnandgaon,9,22,Chhattisgarh,04-01-2013 00:00,15784.65802
2177,Surguja,2,22,Chhattisgarh,04-01-2013 00:00,15554.52497
2178,Bilaspur,7,22,Chhattisgarh,04-01-2013 00:00,15661.32882
2179,Janjgir - Champa,6,22,Chhattisgarh,04-01-2013 00:00,15643.61686
2180,Korba,5,22,Chhattisgarh,04-01-2013 00:00,15606.8356
2181,Kawardha,8,22,Chhattisgarh,04-01-2013 00:00,15783.80951
2182,Bastar,15,22,Chhattisgarh,04-01-2013 00:00,15594.38362
2183,Dantewada,16,22,Chhattisgarh,04-01-2013 00:00,15612.88622
2184,Dhamtari,13,22,Chhattisgarh,04-01-2013 00:00,15577.07261
2185,Durg,10,22,Chhattisgarh,04-01-2013 00:00,15812.23611
2186,Kanker,14,22,Chhattisgarh,04-01-2013 00:00,15634.1036
2187,Central,6,7,Delhi  & NCR,04-01-2013 00:00,15482.20401
2188,East,4,7,Delhi  & NCR,04-01-2013 00:00,15455.0236
2189,New Delhi,5,7,Delhi  & NCR,04-01-2013 00:00,15418.22171
2190,North,2,7,Delhi  & NCR,04-01-2013 00:00,15465.88827
2191,North East,3,7,Delhi  & NCR,04-01-2013 00:00,15487.08138
2192,North West,1,7,Delhi  & NCR,04-01-2013 00:00,15529.23459
2193,South,9,7,Delhi  & NCR,04-01-2013 00:00,15454.24832
2194,South West,8,7,Delhi  & NCR,04-01-2013 00:00,15540.18822
2195,West,7,7,Delhi  & NCR,04-01-2013 00:00,15507.61422
2196,Jalaun,35,9,Uttar Pradesh,04-01-2013 00:00,15723.08845
2197,Jaunpur,64,9,Uttar Pradesh,04-01-2013 00:00,15668.12782
2198,Jhansi,36,9,Uttar Pradesh,04-01-2013 00:00,15813.59068
2199,Jyotiba Phule Nagar,6,9,Uttar Pradesh,04-01-2013 00:00,15389.25523
2200,Kannauj,30,9,Uttar Pradesh,04-01-2013 00:00,15620.67847
2201,Kanpur Nagar,34,9,Uttar Pradesh,04-01-2013 00:00,15622.10691
2202,Kaushambi,44,9,Uttar Pradesh,04-01-2013 00:00,15657.64912
2203,Kheri,23,9,Uttar Pradesh,04-01-2013 00:00,15481.89997
2204,Mirzapur,69,9,Uttar Pradesh,04-01-2013 00:00,15736.13882
2205,Moradabad,4,9,Uttar Pradesh,04-01-2013 00:00,15383.21338
2206,Muzaffarnagar,2,9,Uttar Pradesh,04-01-2013 00:00,15342.02036
2207,Rae Bareli,28,9,Uttar Pradesh,04-01-2013 00:00,15582.41019
2208,Kushinagar,59,9,Uttar Pradesh,04-01-2013 00:00,15471.01376
2209,Lucknow,27,9,Uttar Pradesh,04-01-2013 00:00,15516.38359
2210,Lalitpur,37,9,Uttar Pradesh,04-01-2013 00:00,15839.23513
2211,Mahrajganj,57,9,Uttar Pradesh,04-01-2013 00:00,15479.74487
2212,Mahoba,39,9,Uttar Pradesh,04-01-2013 00:00,15855.6978
2213,Mainpuri,18,9,Uttar Pradesh,04-01-2013 00:00,15627.86083
2214,Mathura,14,9,Uttar Pradesh,04-01-2013 00:00,15644.28662
2215,Mau,62,9,Uttar Pradesh,04-01-2013 00:00,15610.01623
2216,Meerut,7,9,Uttar Pradesh,04-01-2013 00:00,15368.40989
2217,Pilibhit,21,9,Uttar Pradesh,04-01-2013 00:00,15460.01097
2218,Pratapgarh,43,9,Uttar Pradesh,04-01-2013 00:00,15641.05615
2219,Rampur,5,9,Uttar Pradesh,04-01-2013 00:00,15307.92418
2220,Sant Ravidas Nagar Bhadohi,68,9,Uttar Pradesh,04-01-2013 00:00,15644.58991
2221,Sant Kabir Nagar,56,9,Uttar Pradesh,04-01-2013 00:00,15550.82515
2222,Shahjahanpur,22,9,Uttar Pradesh,04-01-2013 00:00,15512.67441
2223,Hathras,13,9,Uttar Pradesh,04-01-2013 00:00,15645.89994
2224,Shrawasti,51,9,Uttar Pradesh,04-01-2013 00:00,15490.48261
2225,Saharanpur,1,9,Uttar Pradesh,04-01-2013 00:00,15299.58877
2226,Sitapur,24,9,Uttar Pradesh,04-01-2013 00:00,15496.36784
2227,Sultanpur,49,9,Uttar Pradesh,04-01-2013 00:00,15627.5478
2228,Sonbhadra,70,9,Uttar Pradesh,04-01-2013 00:00,15686.43027
2229,Siddharthnagar,54,9,Uttar Pradesh,04-01-2013 00:00,15517.94578
2230,Unnao,26,9,Uttar Pradesh,04-01-2013 00:00,15595.20488
2231,Varanasi,67,9,Uttar Pradesh,04-01-2013 00:00,15629.92965
2232,Bulandshahr,11,9,Uttar Pradesh,04-01-2013 00:00,15454.11456
2233,Gautam Buddha Nagar,10,9,Uttar Pradesh,04-01-2013 00:00,15529.23837
2234,Ghaziabad,9,9,Uttar Pradesh,04-01-2013 00:00,15417.70887
2235,Auraiya,32,9,Uttar Pradesh,04-01-2013 00:00,15632.41768
2236,Azamgarh,61,9,Uttar Pradesh,04-01-2013 00:00,15625.94428
2237,Budaun,19,9,Uttar Pradesh,04-01-2013 00:00,15464.66608
2238,Agra,15,9,Uttar Pradesh,04-01-2013 00:00,15715.85667
2239,Aligarh,12,9,Uttar Pradesh,04-01-2013 00:00,15568.53294
2240,Allahabad,45,9,Uttar Pradesh,04-01-2013 00:00,15709.47943
2241,Ambedkar Nagar,48,9,Uttar Pradesh,04-01-2013 00:00,15558.26216
2242,Bareilly,20,9,Uttar Pradesh,04-01-2013 00:00,15439.39923
2243,Bijnor,3,9,Uttar Pradesh,04-01-2013 00:00,15454.28119
2244,Basti,55,9,Uttar Pradesh,04-01-2013 00:00,15562.54095
2245,Baghpat,8,9,Uttar Pradesh,04-01-2013 00:00,15358.4202
2246,Bahraich,50,9,Uttar Pradesh,04-01-2013 00:00,15439.01014
2247,Ballia,63,9,Uttar Pradesh,04-01-2013 00:00,15612.89673
2248,Balrampur,52,9,Uttar Pradesh,04-01-2013 00:00,15523.40915
2249,Banda,40,9,Uttar Pradesh,04-01-2013 00:00,15818.06915
2250,Barabanki,46,9,Uttar Pradesh,04-01-2013 00:00,15422.36517
2251,Chitrakoot,41,9,Uttar Pradesh,04-01-2013 00:00,15782.44033
2252,Chandauli,66,9,Uttar Pradesh,04-01-2013 00:00,15679.24763
2253,Deoria,60,9,Uttar Pradesh,04-01-2013 00:00,15577.64649
2254,Etah,17,9,Uttar Pradesh,04-01-2013 00:00,15590.01793
2255,Kanpur Dehat,33,9,Uttar Pradesh,04-01-2013 00:00,15646.6959
2256,Etawah,31,9,Uttar Pradesh,04-01-2013 00:00,15653.36725
2257,Faizabad,47,9,Uttar Pradesh,04-01-2013 00:00,15544.94816
2258,Ghazipur,65,9,Uttar Pradesh,04-01-2013 00:00,15638.47667
2259,Gonda,53,9,Uttar Pradesh,04-01-2013 00:00,15508.29029
2260,Gorakhpur,58,9,Uttar Pradesh,04-01-2013 00:00,15561.76084
2261,Farrukhabad,29,9,Uttar Pradesh,04-01-2013 00:00,15583.79604
2262,Fatehpur,42,9,Uttar Pradesh,04-01-2013 00:00,15665.55725
2263,Firozabad,16,9,Uttar Pradesh,04-01-2013 00:00,15665.92657
2264,Hamirpur,38,9,Uttar Pradesh,04-01-2013 00:00,15786.66229
2265,Hardoi,25,9,Uttar Pradesh,04-01-2013 00:00,15589.22769
2266,Khammam,10,28,Andhra Pradesh,04-01-2013 00:00,15627.86341
2267,Medak,4,28,Andhra Pradesh,04-01-2013 00:00,15830.97196
2268,Krishna,16,28,Andhra Pradesh,04-01-2013 00:00,15543.2362
2269,Kurnool,21,28,Andhra Pradesh,04-01-2013 00:00,15913.03764
2270,Mahbubnagar,7,28,Andhra Pradesh,04-01-2013 00:00,15884.97574
2271,Nalgonda,8,28,Andhra Pradesh,04-01-2013 00:00,15794.86998
2272,Nellore,19,28,Andhra Pradesh,04-01-2013 00:00,15662.08743
2273,Nizamabad,2,28,Andhra Pradesh,04-01-2013 00:00,15718.04851
2274,Prakasam,18,28,Andhra Pradesh,04-01-2013 00:00,15782.03086
2275,Hyderabad,5,28,Andhra Pradesh,04-01-2013 00:00,15629.25626
2276,Rangareddi,6,28,Andhra Pradesh,04-01-2013 00:00,15851.7219
2277,Srikakulam,11,28,Andhra Pradesh,04-01-2013 00:00,15579.18251
2278,West Godavari,15,28,Andhra Pradesh,04-01-2013 00:00,15358.89245
2279,Visakhapatnam,13,28,Andhra Pradesh,04-01-2013 00:00,15503.06102
2280,Vizianagaram,12,28,Andhra Pradesh,04-01-2013 00:00,15573.5786
2281,Warangal,9,28,Andhra Pradesh,04-01-2013 00:00,15696.01887
2282,Anantapur,22,28,Andhra Pradesh,04-01-2013 00:00,15945.31268
2283,Adilabad,1,28,Andhra Pradesh,04-01-2013 00:00,15850.94903
2284,Chittoor,23,28,Andhra Pradesh,04-01-2013 00:00,15619.36025
2285,Cuddapah,20,28,Andhra Pradesh,04-01-2013 00:00,15829.3848
2286,East Godavari,14,28,Andhra Pradesh,04-01-2013 00:00,15357.41609
2287,Karimnagar,3,28,Andhra Pradesh,04-01-2013 00:00,15688.68739
2288,Guntur,17,28,Andhra Pradesh,04-01-2013 00:00,15684.56621
2289,Jabalpur,39,23,Madhya Pradesh,04-01-2013 00:00,15795.73391
2290,Jhabua,24,23,Madhya Pradesh,04-01-2013 00:00,16018.16599
2291,Mandsaur,19,23,Madhya Pradesh,04-01-2013 00:00,15971.42727
2292,Tikamgarh,8,23,Madhya Pradesh,04-01-2013 00:00,15838.78547
2293,Narsimhapur,40,23,Madhya Pradesh,04-01-2013 00:00,15818.77161
2294,Neemuch,18,23,Madhya Pradesh,04-01-2013 00:00,15920.05414
2295,Panna,10,23,Madhya Pradesh,04-01-2013 00:00,15901.06491
2296,Raisen,34,23,Madhya Pradesh,04-01-2013 00:00,15968.09975
2297,Rajgarh,30,23,Madhya Pradesh,04-01-2013 00:00,16078.79087
2298,Satna,13,23,Madhya Pradesh,04-01-2013 00:00,15785.55153
2299,Sehore,33,23,Madhya Pradesh,04-01-2013 00:00,16058.73689
2300,Seoni,44,23,Madhya Pradesh,04-01-2013 00:00,15823.08079
2301,Hoshangabad,37,23,Madhya Pradesh,04-01-2013 00:00,15843.54404
2302,Indore,26,23,Madhya Pradesh,04-01-2013 00:00,16012.90062
2303,Shajapur,22,23,Madhya Pradesh,04-01-2013 00:00,16085.57635
2304,Shivpuri,6,23,Madhya Pradesh,04-01-2013 00:00,15827.49103
2305,Ratlam,20,23,Madhya Pradesh,04-01-2013 00:00,16051.11964
2306,Rewa,14,23,Madhya Pradesh,04-01-2013 00:00,15769.69854
2307,Sagar,11,23,Madhya Pradesh,04-01-2013 00:00,16009.60675
2308,Sidhi,17,23,Madhya Pradesh,04-01-2013 00:00,15697.7522
2309,Ujjain,21,23,Madhya Pradesh,04-01-2013 00:00,16022.88843
2310,Vidisha,31,23,Madhya Pradesh,04-01-2013 00:00,16023.72746
2311,West Nimar,27,23,Madhya Pradesh,04-01-2013 00:00,16134.86644
2312,Morena,2,23,Madhya Pradesh,04-01-2013 00:00,15752.96673
2313,Sheopur,1,23,Madhya Pradesh,04-01-2013 00:00,15876.46447
2314,Dindori,41,23,Madhya Pradesh,04-01-2013 00:00,15715.5849
2315,Mandla,42,23,Madhya Pradesh,04-01-2013 00:00,15737.45028
2316,Shahdol,16,23,Madhya Pradesh,04-01-2013 00:00,15646.99113
2317,Umaria,15,23,Madhya Pradesh,04-01-2013 00:00,15672.1537
2318,Bhind,3,23,Madhya Pradesh,04-01-2013 00:00,15779.30478
2319,Bhopal,32,23,Madhya Pradesh,04-01-2013 00:00,15978.61684
2320,Barwani,28,23,Madhya Pradesh,04-01-2013 00:00,16110.19149
2321,Betul,35,23,Madhya Pradesh,04-01-2013 00:00,15959.39402
2322,Balaghat,45,23,Madhya Pradesh,04-01-2013 00:00,15681.7956
2323,Chhatarpur,9,23,Madhya Pradesh,04-01-2013 00:00,15888.97718
2324,Chhindwara,43,23,Madhya Pradesh,04-01-2013 00:00,15893.35066
2325,Dewas,23,23,Madhya Pradesh,04-01-2013 00:00,16082.99027
2326,Katni,38,23,Madhya Pradesh,04-01-2013 00:00,15775.31172
2327,Datia,5,23,Madhya Pradesh,04-01-2013 00:00,15725.61461
2328,Damoh,12,23,Madhya Pradesh,04-01-2013 00:00,15965.71272
2329,Dhar,25,23,Madhya Pradesh,04-01-2013 00:00,16078.53726
2330,East Nimar,29,23,Madhya Pradesh,04-01-2013 00:00,16045.35061
2331,Guna,7,23,Madhya Pradesh,04-01-2013 00:00,15943.71139
2332,Gwalior,4,23,Madhya Pradesh,04-01-2013 00:00,15738.36727
2333,Harda,36,23,Madhya Pradesh,04-01-2013 00:00,15971.21807
2334,Kangra,2,2,Himachal Pradesh,04-01-2013 00:00,14844.63449
2335,Kinnaur,12,2,Himachal Pradesh,04-01-2013 00:00,13890.2484
2336,Lahul & Spiti,3,2,Himachal Pradesh,04-01-2013 00:00,13649.65164
2337,Kullu,4,2,Himachal Pradesh,04-01-2013 00:00,14122.87443
2338,Mandi,5,2,Himachal Pradesh,04-01-2013 00:00,14805.02947
2339,Shimla,11,2,Himachal Pradesh,04-01-2013 00:00,14604.24594
2340,Sirmaur,10,2,Himachal Pradesh,04-01-2013 00:00,15116.39061
2341,Solan,9,2,Himachal Pradesh,04-01-2013 00:00,15123.46562
2342,Una,7,2,Himachal Pradesh,04-01-2013 00:00,15277.40391
2343,Bilaspur,8,2,Himachal Pradesh,04-01-2013 00:00,15113.71552
2344,Chamba,1,2,Himachal Pradesh,04-01-2013 00:00,14265.38899
2345,Hamirpur,6,2,Himachal Pradesh,04-01-2013 00:00,15112.3467
2346,Jammu,13,1,Jammu and Kashmir,04-01-2013 00:00,15287.20715
2347,Kargil,8,1,Jammu and Kashmir,04-01-2013 00:00,13897.86162
2348,Kathua,14,1,Jammu and Kashmir,04-01-2013 00:00,15082.70242
2349,Leh (Ladakh),7,1,Jammu and Kashmir,04-01-2013 00:00,14097.45046
2350,Kupwara,1,1,Jammu and Kashmir,04-01-2013 00:00,14353.0598
2351,Punch,11,1,Jammu and Kashmir,04-01-2013 00:00,14669.42232
2352,Pulwama,5,1,Jammu and Kashmir,04-01-2013 00:00,14576.85864
2353,Rajauri,12,1,Jammu and Kashmir,04-01-2013 00:00,14939.36215
2354,Srinagar,3,1,Jammu and Kashmir,04-01-2013 00:00,14139.65251
2355,Udhampur,10,1,Jammu and Kashmir,04-01-2013 00:00,14805.2913
2356,Anantnag,6,1,Jammu and Kashmir,04-01-2013 00:00,14129.67294
2357,Badgam,4,1,Jammu and Kashmir,04-01-2013 00:00,14351.84663
2358,Baramula,2,1,Jammu and Kashmir,04-01-2013 00:00,14243.76007
2359,Data Not Available,99,99,Jammu and Kashmir,04-01-2013 00:00,14000.5169
2360,Doda,9,1,Jammu and Kashmir,04-01-2013 00:00,14053.76937
2361,Lohit,11,12,Arunanchal Pradesh,04-01-2013 00:00,14568.5521
2362,Lower Subansiri,5,12,Arunanchal Pradesh,04-01-2013 00:00,14585.65339
2363,Papum Pare,4,12,Arunanchal Pradesh,04-01-2013 00:00,14804.15207
2364,Tawang,1,12,Arunanchal Pradesh,04-01-2013 00:00,14062.18916
2365,Tirap,13,12,Arunanchal Pradesh,04-01-2013 00:00,14891.38183
2366,West Kameng,2,12,Arunanchal Pradesh,04-01-2013 00:00,14555.42034
2367,West Siang,7,12,Arunanchal Pradesh,04-01-2013 00:00,14733.88913
2368,Upper Siang,9,12,Arunanchal Pradesh,04-01-2013 00:00,14582.87106
2369,Upper Subansiri,6,12,Arunanchal Pradesh,04-01-2013 00:00,14506.20184
2370,Changlang,12,12,Arunanchal Pradesh,04-01-2013 00:00,14884.10238
2371,Dibang Valley,10,12,Arunanchal Pradesh,04-01-2013 00:00,14416.65905
2372,East Kameng,3,12,Arunanchal Pradesh,04-01-2013 00:00,14623.38846
2373,East Siang,8,12,Arunanchal Pradesh,04-01-2013 00:00,14972.70898
2374,Nicobars,2,35,Andaman & Nicobar Island,04-01-2013 00:00,15064.84021
2375,Andamans,1,35,Andaman & Nicobar Island,04-01-2013 00:00,15167.5778
2376,Lakshadweep,1,31,Lakshadweep,05-01-2013 00:00,15086.13181
2377,Chandigarh,1,4,Chandigarh,05-01-2013 00:00,15684.87123
2378,Dadra & Nagar Haveli,1,26,Dadara & Nagar Havelli,05-01-2013 00:00,15814.765
2379,North Goa,1,30,Goa,05-01-2013 00:00,15420.37969
2380,South Goa,2,30,Goa,05-01-2013 00:00,15357.37915
2381,Jorhat,17,18,Assam,05-01-2013 00:00,15086.77676
2382,Karimganj,22,18,Assam,05-01-2013 00:00,15003.00024
2383,Kokrajhar,1,18,Assam,05-01-2013 00:00,15092.32899
2384,Lakhimpur,12,18,Assam,05-01-2013 00:00,15131.4536
2385,Nagaon,10,18,Assam,05-01-2013 00:00,15207.5785
2386,Marigaon,9,18,Assam,05-01-2013 00:00,15127.72964
2387,Nalbari,7,18,Assam,05-01-2013 00:00,15088.29238
2388,North Cachar Hills,20,18,Assam,05-01-2013 00:00,14987.47593
2389,Sonitpur,11,18,Assam,05-01-2013 00:00,15139.82748
2390,Sibsagar,16,18,Assam,05-01-2013 00:00,15150.79053
2391,Tinsukia,14,18,Assam,05-01-2013 00:00,15140.35074
2392,Barpeta,5,18,Assam,05-01-2013 00:00,15071.67301
2393,Bongaigaon,4,18,Assam,05-01-2013 00:00,15085.94708
2394,Cachar,21,18,Assam,05-01-2013 00:00,15050.94653
2395,Darrang,8,18,Assam,05-01-2013 00:00,15099.29928
2396,Dhemaji,13,18,Assam,05-01-2013 00:00,15187.08357
2397,Dhubri,2,18,Assam,05-01-2013 00:00,15074.5169
2398,Dibrugarh,15,18,Assam,05-01-2013 00:00,15134.43362
2399,Kamrup,6,18,Assam,05-01-2013 00:00,15139.49492
2400,Karbi Anglong,19,18,Assam,05-01-2013 00:00,15067.66824
2401,Goalpara,3,18,Assam,05-01-2013 00:00,15121.62864
2402,Golaghat,18,18,Assam,05-01-2013 00:00,15096.78942
2403,Hailakandi,23,18,Assam,05-01-2013 00:00,15008.82906
2404,Jamui,37,10,Bihar,05-01-2013 00:00,15703.66311
2405,Kishanganj,8,10,Bihar,05-01-2013 00:00,15207.7921
2406,Muzaffarpur,14,10,Bihar,05-01-2013 00:00,15448.77104
2407,Purnia,9,10,Bihar,05-01-2013 00:00,15285.54044
2408,Khagaria,21,10,Bihar,05-01-2013 00:00,15361.16394
2409,Madhubani,5,10,Bihar,05-01-2013 00:00,15403.24651
2410,Lakhisarai,25,10,Bihar,05-01-2013 00:00,15663.44309
2411,Madhepura,11,10,Bihar,05-01-2013 00:00,15381.01646
2412,Purba Champaran,2,10,Bihar,05-01-2013 00:00,15401.53562
2413,Munger,24,10,Bihar,05-01-2013 00:00,15557.87796
2414,Nalanda,27,10,Bihar,05-01-2013 00:00,15718.17153
2415,Nawada,36,10,Bihar,05-01-2013 00:00,15780.685
2416,Pashchim Champaran,1,10,Bihar,05-01-2013 00:00,15371.2806
2417,Patna,28,10,Bihar,05-01-2013 00:00,15628.01496
2418,Samastipur,19,10,Bihar,05-01-2013 00:00,15508.98148
2419,Sheikhpura,26,10,Bihar,05-01-2013 00:00,15743.27461
2420,Sheohar,3,10,Bihar,05-01-2013 00:00,15357.33394
2421,Saharsa,12,10,Bihar,05-01-2013 00:00,15337.78998
2422,Sitamarhi,4,10,Bihar,05-01-2013 00:00,15396.06759
2423,Siwan,16,10,Bihar,05-01-2013 00:00,15549.5779
2424,Supaul,6,10,Bihar,05-01-2013 00:00,15329.53809
2425,Vaishali,18,10,Bihar,05-01-2013 00:00,15514.96777
2426,Kaimur (Bhabua),31,10,Bihar,05-01-2013 00:00,15819.1349
2427,Gaya,35,10,Bihar,05-01-2013 00:00,15830.88135
2428,Bhojpur,29,10,Bihar,05-01-2013 00:00,15758.86711
2429,Buxar,30,10,Bihar,05-01-2013 00:00,15735.31808
2430,Jehanabad,33,10,Bihar,05-01-2013 00:00,15768.57788
2431,Rohtas,32,10,Bihar,05-01-2013 00:00,15825.84803
2432,Araria,7,10,Bihar,05-01-2013 00:00,15307.98071
2433,Aurangabad,34,10,Bihar,05-01-2013 00:00,15820.54678
2434,Banka,23,10,Bihar,05-01-2013 00:00,15692.43661
2435,Bhagalpur,22,10,Bihar,05-01-2013 00:00,15505.56806
2436,Begusarai,20,10,Bihar,05-01-2013 00:00,15538.10333
2437,Saran,17,10,Bihar,05-01-2013 00:00,15550.75108
2438,Katihar,10,10,Bihar,05-01-2013 00:00,15334.99665
2439,Darbhanga,13,10,Bihar,05-01-2013 00:00,15429.64157
2440,Gopalganj,15,10,Bihar,05-01-2013 00:00,15513.85437
2441,Idukki,9,32,Kerala,05-01-2013 00:00,15026.24029
2442,Kollam,13,32,Kerala,05-01-2013 00:00,15174.68375
2443,Kottayam,10,32,Kerala,05-01-2013 00:00,15167.92335
2444,Kozhikode,4,32,Kerala,05-01-2013 00:00,15098.92913
2445,Malappuram,5,32,Kerala,05-01-2013 00:00,15200.84655
2446,Palakkad,6,32,Kerala,05-01-2013 00:00,15255.00608
2447,Pathanamthitta,12,32,Kerala,05-01-2013 00:00,15133.52583
2448,Thrissur,7,32,Kerala,05-01-2013 00:00,15233.41635
2449,Thiruvananthapuram,14,32,Kerala,05-01-2013 00:00,15159.00033
2450,Wayanad,3,32,Kerala,05-01-2013 00:00,15044.97415
2451,Alappuzha,11,32,Kerala,05-01-2013 00:00,15196.21969
2452,Kasaragod,1,32,Kerala,05-01-2013 00:00,15090.06773
2453,Kannur,2,32,Kerala,05-01-2013 00:00,15162.9128
2454,Ernakulam,8,32,Kerala,05-01-2013 00:00,15209.65872
2455,Jajapur,13,21,Orissa,05-01-2013 00:00,15434.8663
2456,Jagatsinghapur,11,21,Orissa,05-01-2013 00:00,15402.44165
2457,Jharsuguda,2,21,Orissa,05-01-2013 00:00,15657.27488
2458,Khordha,17,21,Orissa,05-01-2013 00:00,15494.69383
2459,Mayurbhanj,7,21,Orissa,05-01-2013 00:00,15426.32856
2460,Puri,18,21,Orissa,05-01-2013 00:00,15330.165
2461,Koraput,29,21,Orissa,05-01-2013 00:00,15454.26789
2462,Malkangiri,30,21,Orissa,05-01-2013 00:00,15552.90209
2463,Nabarangapur,28,21,Orissa,05-01-2013 00:00,15668.57057
2464,Nayagarh,16,21,Orissa,05-01-2013 00:00,15470.71778
2465,Nuapada,25,21,Orissa,05-01-2013 00:00,15782.32183
2466,Kandhamal,21,21,Orissa,05-01-2013 00:00,15457.64914
2467,Sambalpur,3,21,Orissa,05-01-2013 00:00,15605.47254
2468,Rayagada,27,21,Orissa,05-01-2013 00:00,15466.73146
2469,Sundargarh,5,21,Orissa,05-01-2013 00:00,15631.68691
2470,Sonapur,23,21,Orissa,05-01-2013 00:00,15650.96284
2471,Anugul,15,21,Orissa,05-01-2013 00:00,15584.79872
2472,Bhadrak,9,21,Orissa,05-01-2013 00:00,15377.2697
2473,Baudh,22,21,Orissa,05-01-2013 00:00,15693.65404
2474,Balangir,24,21,Orissa,05-01-2013 00:00,15772.60469
2475,Baleshwar,8,21,Orissa,05-01-2013 00:00,15294.8187
2476,Bargarh,1,21,Orissa,05-01-2013 00:00,15664.66304
2477,Kendrapara,10,21,Orissa,05-01-2013 00:00,15340.02803
2478,Kendujhar,6,21,Orissa,05-01-2013 00:00,15528.74235
2479,Debagarh,4,21,Orissa,05-01-2013 00:00,15574.20198
2480,Cuttack,12,21,Orissa,05-01-2013 00:00,15460.3403
2481,Dhenkanal,14,21,Orissa,05-01-2013 00:00,15488.54178
2482,Kalahandi,26,21,Orissa,05-01-2013 00:00,15636.4313
2483,Ganjam,19,21,Orissa,05-01-2013 00:00,15515.9505
2484,Gajapati,20,21,Orissa,05-01-2013 00:00,15389.43816
2485,Hoshiarpur,5,3,Punjab,05-01-2013 00:00,15765.62875
2486,Jalandhar,4,3,Punjab,05-01-2013 00:00,15797.3952
2487,Kapurthala,3,3,Punjab,05-01-2013 00:00,15783.10915
2488,Ludhiana,9,3,Punjab,05-01-2013 00:00,15870.284
2489,Mansa,15,3,Punjab,05-01-2013 00:00,15962.48426
2490,Moga,10,3,Punjab,05-01-2013 00:00,15921.80873
2491,Muktsar,12,3,Punjab,05-01-2013 00:00,15934.03987
2492,Nawanshahr,6,3,Punjab,05-01-2013 00:00,15744.29779
2493,Patiala,17,3,Punjab,05-01-2013 00:00,15855.11187
2494,Sangrur,16,3,Punjab,05-01-2013 00:00,15931.48758
2495,Rupnagar,7,3,Punjab,05-01-2013 00:00,15737.52229
2496,Amritsar,2,3,Punjab,05-01-2013 00:00,15824.54261
2497,Firozpur,11,3,Punjab,05-01-2013 00:00,15907.27985
2498,Bathinda,14,3,Punjab,05-01-2013 00:00,15952.27386
2499,Gurdaspur,1,3,Punjab,05-01-2013 00:00,15847.82292
2500,Faridkot,13,3,Punjab,05-01-2013 00:00,15958.29127
2501,Fatehgarh Sahib,8,3,Punjab,05-01-2013 00:00,15847.80406
2502,North,1,11,Sikkim,05-01-2013 00:00,14168.8468
2503,South,3,11,Sikkim,05-01-2013 00:00,14676.65089
2504,West,2,11,Sikkim,05-01-2013 00:00,14422.60848
2505,East,4,11,Sikkim,05-01-2013 00:00,14580.44105
2506,Jamnagar,10,24,Gujarat,05-01-2013 00:00,15922.83912
2507,Kheda,16,24,Gujarat,05-01-2013 00:00,15818.95812
2508,Mahesana,4,24,Gujarat,05-01-2013 00:00,15947.42092
2509,Narmada,20,24,Gujarat,05-01-2013 00:00,15870.31571
2510,Navsari,24,24,Gujarat,05-01-2013 00:00,15591.48143
2511,Panch Mahals,17,24,Gujarat,05-01-2013 00:00,15839.41061
2512,Patan,3,24,Gujarat,05-01-2013 00:00,16009.29864
2513,Porbandar,11,24,Gujarat,05-01-2013 00:00,15842.07853
2514,Rajkot,9,24,Gujarat,05-01-2013 00:00,16061.86785
2515,Sabar Kantha,5,24,Gujarat,05-01-2013 00:00,15918.87958
2516,Surendranagar,8,24,Gujarat,05-01-2013 00:00,16001.82092
2517,The Dangs,23,24,Gujarat,05-01-2013 00:00,15870.38697
2518,Vadodara,19,24,Gujarat,05-01-2013 00:00,15844.59444
2519,Valsad,25,24,Gujarat,05-01-2013 00:00,15701.01697
2520,Bharuch,21,24,Gujarat,05-01-2013 00:00,15876.55557
2521,Surat,22,24,Gujarat,05-01-2013 00:00,15700.33004
2522,Anand,15,24,Gujarat,05-01-2013 00:00,15785.99289
2523,Ahmadabad,7,24,Gujarat,05-01-2013 00:00,16040.35537
2524,Amreli,13,24,Gujarat,05-01-2013 00:00,16083.71925
2525,Bhavnagar,14,24,Gujarat,05-01-2013 00:00,16121.17243
2526,Banas Kantha,2,24,Gujarat,05-01-2013 00:00,15886.29068
2527,Dohad,18,24,Gujarat,05-01-2013 00:00,15897.2255
2528,Junagadh,12,24,Gujarat,05-01-2013 00:00,15953.7385
2529,Kachchh,1,24,Gujarat,05-01-2013 00:00,15892.25066
2530,Gandhinagar,6,24,Gujarat,05-01-2013 00:00,15876.85718
2531,Hisar,12,6,Haryana,05-01-2013 00:00,15986.67365
2532,Jind,9,6,Haryana,05-01-2013 00:00,15895.17721
2533,Kaithal,5,6,Haryana,05-01-2013 00:00,15824.68979
2534,Karnal,6,6,Haryana,05-01-2013 00:00,15740.49084
2535,Kurukshetra,4,6,Haryana,05-01-2013 00:00,15667.58131
2536,Panchkula,1,6,Haryana,05-01-2013 00:00,15669.77559
2537,Panipat,7,6,Haryana,05-01-2013 00:00,15780.26597
2538,Rohtak,14,6,Haryana,05-01-2013 00:00,15895.96682
2539,Sirsa,11,6,Haryana,05-01-2013 00:00,16000.28593
2540,Sonipat,8,6,Haryana,05-01-2013 00:00,15839.96268
2541,Yamunanagar,3,6,Haryana,05-01-2013 00:00,15544.92605
2542,Jhajjar,15,6,Haryana,05-01-2013 00:00,15968.08124
2543,Mahendragarh,16,6,Haryana,05-01-2013 00:00,16086.65181
2544,Rewari,17,6,Haryana,05-01-2013 00:00,16034.33822
2545,Bhiwani,13,6,Haryana,05-01-2013 00:00,16058.78332
2546,Ambala,2,6,Haryana,05-01-2013 00:00,15703.59022
2547,Gurgaon,18,6,Haryana,05-01-2013 00:00,15925.10988
2548,Faridabad,19,6,Haryana,05-01-2013 00:00,15844.54615
2549,Fatehabad,10,6,Haryana,05-01-2013 00:00,15952.97475
2550,Imphal East,7,14,Manipur,05-01-2013 00:00,15075.49422
2551,Imphal West,6,14,Manipur,05-01-2013 00:00,15010.74671
2552,Senapati (Excl. 3 sub-divisions),1,14,Manipur,05-01-2013 00:00,14872.12352
2553,Tamenglong,2,14,Manipur,05-01-2013 00:00,14856.11483
2554,Thoubal,5,14,Manipur,05-01-2013 00:00,15070.8849
2555,Ukhrul,8,14,Manipur,05-01-2013 00:00,14914.34603
2556,Bishnupur,4,14,Manipur,05-01-2013 00:00,15023.05085
2557,Chandel,9,14,Manipur,05-01-2013 00:00,14990.7006
2558,Churachandpur,3,14,Manipur,05-01-2013 00:00,14958.67485
2559,Kolasib,2,15,Mizoram,05-01-2013 00:00,14986.37761
2560,Mamit,1,15,Mizoram,05-01-2013 00:00,14991.9334
2561,Lunglei,6,15,Mizoram,05-01-2013 00:00,15026.78771
2562,Lawngtlai,7,15,Mizoram,05-01-2013 00:00,15169.24419
2563,Saiha,8,15,Mizoram,05-01-2013 00:00,15099.35443
2564,Serchhip,5,15,Mizoram,05-01-2013 00:00,14992.76046
2565,Aizawl,3,15,Mizoram,05-01-2013 00:00,14986.68868
2566,Champhai,4,15,Mizoram,05-01-2013 00:00,14930.89781
2567,North Tripura,4,16,Tripura,05-01-2013 00:00,15007.92322
2568,South Tripura,2,16,Tripura,05-01-2013 00:00,15001.8677
2569,West Tripura,1,16,Tripura,05-01-2013 00:00,14956.64332
2570,Dhalai,3,16,Tripura,05-01-2013 00:00,14927.4066
2571,Mokokchung,3,13,Nagaland,05-01-2013 00:00,14971.01848
2572,Mon,1,13,Nagaland,05-01-2013 00:00,15033.3163
2573,Phek,8,13,Nagaland,05-01-2013 00:00,14900.46539
2574,Tuensang,2,13,Nagaland,05-01-2013 00:00,14873.09438
2575,Wokha,5,13,Nagaland,05-01-2013 00:00,15016.35981
2576,Zunheboto,4,13,Nagaland,05-01-2013 00:00,14843.14707
2577,Dimapur,6,13,Nagaland,05-01-2013 00:00,15082.87289
2578,Kohima,7,13,Nagaland,05-01-2013 00:00,14901.84183
2579,Purbi Singhbhum,18,20,Jharkhand,05-01-2013 00:00,15539.90124
2580,Lohardaga,15,20,Jharkhand,05-01-2013 00:00,15691.31044
2581,Pakaur,10,20,Jharkhand,05-01-2013 00:00,15617.56569
2582,Pashchimi Singhbhum,17,20,Jharkhand,05-01-2013 00:00,15616.18302
2583,Ranchi,14,20,Jharkhand,05-01-2013 00:00,15679.98589
2584,Sahibganj,9,20,Jharkhand,05-01-2013 00:00,15528.88828
2585,Garhwa,1,20,Jharkhand,05-01-2013 00:00,15842.37754
2586,Palamu,2,20,Jharkhand,05-01-2013 00:00,15797.09787
2587,Chatra,3,20,Jharkhand,05-01-2013 00:00,15781.45509
2588,Hazaribagh,4,20,Jharkhand,05-01-2013 00:00,15744.19446
2589,Kodarma,5,20,Jharkhand,05-01-2013 00:00,15765.75943
2590,Bokaro,13,20,Jharkhand,05-01-2013 00:00,15676.50107
2591,Deoghar,7,20,Jharkhand,05-01-2013 00:00,15667.70638
2592,Dhanbad,12,20,Jharkhand,05-01-2013 00:00,15602.16114
2593,Dumka,11,20,Jharkhand,05-01-2013 00:00,15567.12205
2594,Giridih,6,20,Jharkhand,05-01-2013 00:00,15708.31673
2595,Godda,8,20,Jharkhand,05-01-2013 00:00,15577.28354
2596,Gumla,16,20,Jharkhand,05-01-2013 00:00,15698.45895
2597,Hassan,23,29,Karnataka,05-01-2013 00:00,15340.92871
2598,Haveri,11,29,Karnataka,05-01-2013 00:00,15607.24144
2599,Kodagu,25,29,Karnataka,05-01-2013 00:00,15010.11379
2600,Kolar,19,29,Karnataka,05-01-2013 00:00,15565.3581
2601,Mandya,22,29,Karnataka,05-01-2013 00:00,15336.60508
2602,Koppal,7,29,Karnataka,05-01-2013 00:00,15718.27673
2603,Mysore,26,29,Karnataka,05-01-2013 00:00,15415.74223
2604,Raichur,6,29,Karnataka,05-01-2013 00:00,15801.30226
2605,Shimoga,15,29,Karnataka,05-01-2013 00:00,15297.17774
2606,Tumkur,18,29,Karnataka,05-01-2013 00:00,15497.95976
2607,Udupi,16,29,Karnataka,05-01-2013 00:00,15294.26502
2608,Uttara Kannada,10,29,Karnataka,05-01-2013 00:00,15250.33944
2609,Bagalkot,2,29,Karnataka,05-01-2013 00:00,15751.81122
2610,Bangalore,20,29,Karnataka,05-01-2013 00:00,15375.22518
2611,Bidar,5,29,Karnataka,05-01-2013 00:00,16037.62572
2612,Bijapur,3,29,Karnataka,05-01-2013 00:00,15932.16866
2613,Belgaum,1,29,Karnataka,05-01-2013 00:00,15714.8187
2614,Bellary,12,29,Karnataka,05-01-2013 00:00,15649.46781
2615,Bangalore Rural,21,29,Karnataka,05-01-2013 00:00,15391.07861
2616,Chamarajanagar,27,29,Karnataka,05-01-2013 00:00,15416.24418
2617,Chikmagalur,17,29,Karnataka,05-01-2013 00:00,15209.15861
2618,Chitradurga,13,29,Karnataka,05-01-2013 00:00,15557.46117
2619,Dakshina Kannada,24,29,Karnataka,05-01-2013 00:00,15146.29418
2620,Davanagere,14,29,Karnataka,05-01-2013 00:00,15486.92318
2621,Dharwad,9,29,Karnataka,05-01-2013 00:00,15718.68518
2622,Gulbarga,4,29,Karnataka,05-01-2013 00:00,15970.80371
2623,Gadag,8,29,Karnataka,05-01-2013 00:00,15767.78178
2624,Jaintia Hills,7,17,Meghalaya,05-01-2013 00:00,14927.53873
2625,Ri Bhoi,5,17,Meghalaya,05-01-2013 00:00,15102.61365
2626,South Garo Hills,3,17,Meghalaya,05-01-2013 00:00,15107.25156
2627,West Garo Hills,1,17,Meghalaya,05-01-2013 00:00,15079.65563
2628,West Khasi Hills,4,17,Meghalaya,05-01-2013 00:00,14968.14485
2629,East Garo Hills,2,17,Meghalaya,05-01-2013 00:00,15082.34003
2630,East Khasi Hills,6,17,Meghalaya,05-01-2013 00:00,14925.54385
2631,Jaipur,12,8,Rajasthan,05-01-2013 00:00,16035.59791
2632,Jaisalmer,16,8,Rajasthan,05-01-2013 00:00,16318.51788
2633,Jalor,18,8,Rajasthan,05-01-2013 00:00,16063.92073
2634,Jhalawar,32,8,Rajasthan,05-01-2013 00:00,16150.33354
2635,Jhunjhunun,5,8,Rajasthan,05-01-2013 00:00,16109.62505
2636,Jodhpur,15,8,Rajasthan,05-01-2013 00:00,16198.37819
2637,Kota,30,8,Rajasthan,05-01-2013 00:00,16125.28933
2638,Nagaur,14,8,Rajasthan,05-01-2013 00:00,16099.42948
2639,Pali,20,8,Rajasthan,05-01-2013 00:00,16102.41649
2640,Rajsamand,25,8,Rajasthan,05-01-2013 00:00,16000.40827
2641,Sawai Madhopur,10,8,Rajasthan,05-01-2013 00:00,16032.54532
2642,Sirohi,19,8,Rajasthan,05-01-2013 00:00,15993.3573
2643,Tonk,22,8,Rajasthan,05-01-2013 00:00,16074.00969
2644,Sikar,13,8,Rajasthan,05-01-2013 00:00,16076.94459
2645,Alwar,6,8,Rajasthan,05-01-2013 00:00,16002.42082
2646,Udaipur,26,8,Rajasthan,05-01-2013 00:00,15972.1634
2647,Ganganagar,1,8,Rajasthan,05-01-2013 00:00,16092.80087
2648,Hanumangarh,2,8,Rajasthan,05-01-2013 00:00,16096.36598
2649,Baran,31,8,Rajasthan,05-01-2013 00:00,16135.81925
2650,Ajmer,21,8,Rajasthan,05-01-2013 00:00,16052.27873
2651,Banswara,28,8,Rajasthan,05-01-2013 00:00,15961.10463
2652,Barmer,17,8,Rajasthan,05-01-2013 00:00,16147.95225
2653,Bhilwara,24,8,Rajasthan,05-01-2013 00:00,16099.49454
2654,Bikaner,3,8,Rajasthan,05-01-2013 00:00,16268.72848
2655,Bharatpur,7,8,Rajasthan,05-01-2013 00:00,16029.86294
2656,Bundi,23,8,Rajasthan,05-01-2013 00:00,16082.5766
2657,Chittaurgarh,29,8,Rajasthan,05-01-2013 00:00,16050.56557
2658,Churu,4,8,Rajasthan,05-01-2013 00:00,16170.2944
2659,Dausa,11,8,Rajasthan,05-01-2013 00:00,16039.48418
2660,Dhaulpur,8,8,Rajasthan,05-01-2013 00:00,16003.60336
2661,Dungarpur,27,8,Rajasthan,05-01-2013 00:00,15935.10205
2662,Karauli,9,8,Rajasthan,05-01-2013 00:00,16017.22823
2663,Pondicherry,2,34,Puducherry,05-01-2013 00:00,15488.37663
2664,Yanam,1,34,Puducherry,05-01-2013 00:00,15456.8061
2665,Karaikal,4,34,Puducherry,05-01-2013 00:00,15758.23731
2666,Mahe,3,34,Puducherry,05-01-2013 00:00,15065.40008
2667,Kanniyakumari,30,33,Tamil Nadu,05-01-2013 00:00,15233.12675
2668,Karur,14,33,Tamil Nadu,05-01-2013 00:00,15706.1323
2669,Madurai,24,33,Tamil Nadu,05-01-2013 00:00,15711.74293
2670,Namakkal,9,33,Tamil Nadu,05-01-2013 00:00,15610.56181
2671,The Nilgiris,11,33,Tamil Nadu,05-01-2013 00:00,15043.72303
2672,Perambalur,16,33,Tamil Nadu,05-01-2013 00:00,15834.59448
2673,Pudukkottai,22,33,Tamil Nadu,05-01-2013 00:00,15814.08868
2674,Ramanathapuram,27,33,Tamil Nadu,05-01-2013 00:00,15815.27149
2675,Salem,8,33,Tamil Nadu,05-01-2013 00:00,15567.57187
2676,Sivaganga,23,33,Tamil Nadu,05-01-2013 00:00,15805.79578
2677,Tiruchirappalli,15,33,Tamil Nadu,05-01-2013 00:00,15678.74934
2678,Tirunelveli,29,33,Tamil Nadu,05-01-2013 00:00,15651.93533
2679,Tiruvannamalai,6,33,Tamil Nadu,05-01-2013 00:00,15663.87481
2680,Thoothukkudi,28,33,Tamil Nadu,05-01-2013 00:00,15851.27217
2681,Theni,25,33,Tamil Nadu,05-01-2013 00:00,15375.78062
2682,Vellore,4,33,Tamil Nadu,05-01-2013 00:00,15596.30559
2683,Viluppuram,7,33,Tamil Nadu,05-01-2013 00:00,15698.39914
2684,Virudhunagar,26,33,Tamil Nadu,05-01-2013 00:00,15785.63831
2685,Chennai,2,33,Tamil Nadu,05-01-2013 00:00,15512.76072
2686,Kancheepuram,3,33,Tamil Nadu,05-01-2013 00:00,15659.05353
2687,Thiruvallur,1,33,Tamil Nadu,05-01-2013 00:00,15595.80914
2688,Thanjavur,21,33,Tamil Nadu,05-01-2013 00:00,15609.53108
2689,Thiruvarur,20,33,Tamil Nadu,05-01-2013 00:00,15684.13563
2690,Nagapattinam,19,33,Tamil Nadu,05-01-2013 00:00,15646.43485
2691,Ariyalur,17,33,Tamil Nadu,05-01-2013 00:00,15709.65961
2692,Coimbatore,12,33,Tamil Nadu,05-01-2013 00:00,15452.40844
2693,Cuddalore,18,33,Tamil Nadu,05-01-2013 00:00,15673.26938
2694,Dharmapuri,5,33,Tamil Nadu,05-01-2013 00:00,15520.47279
2695,Dindigul,13,33,Tamil Nadu,05-01-2013 00:00,15513.67686
2696,Erode,10,33,Tamil Nadu,05-01-2013 00:00,15560.86677
2697,Daman,2,25,Daman & Diu,05-01-2013 00:00,15492.19225
2698,Diu,1,25,Daman & Diu,05-01-2013 00:00,15458.46296
2699,Hingoli,16,27,Maharashtra,05-01-2013 00:00,16141.2165
2700,Jalgaon,3,27,Maharashtra,05-01-2013 00:00,16090.40216
2701,Jalna,18,27,Maharashtra,05-01-2013 00:00,16209.80236
2702,Kolhapur,34,27,Maharashtra,05-01-2013 00:00,15571.23789
2703,Latur,28,27,Maharashtra,05-01-2013 00:00,16046.77689
2704,Pune,25,27,Maharashtra,05-01-2013 00:00,15798.54254
2705,Nagpur,9,27,Maharashtra,05-01-2013 00:00,16137.47999
2706,Mumbai,23,27,Maharashtra,05-01-2013 00:00,15374.41274
2707,Mumbai (Suburban),22,27,Maharashtra,05-01-2013 00:00,15408.94179
2708,Nanded,15,27,Maharashtra,05-01-2013 00:00,16062.50164
2709,Nandurbar,1,27,Maharashtra,05-01-2013 00:00,15945.37995
2710,Nashik,20,27,Maharashtra,05-01-2013 00:00,15969.76296
2711,Osmanabad,29,27,Maharashtra,05-01-2013 00:00,16098.25146
2712,Parbhani,17,27,Maharashtra,05-01-2013 00:00,16156.21843
2713,Sangli,35,27,Maharashtra,05-01-2013 00:00,15871.1391
2714,Satara,31,27,Maharashtra,05-01-2013 00:00,15861.80264
2715,Ratnagiri,32,27,Maharashtra,05-01-2013 00:00,15604.03635
2716,Raigarh,24,27,Maharashtra,05-01-2013 00:00,15681.24649
2717,Thane,21,27,Maharashtra,05-01-2013 00:00,15782.79891
2718,Solapur,30,27,Maharashtra,05-01-2013 00:00,15988.23139
2719,Sindhudurg,33,27,Maharashtra,05-01-2013 00:00,15537.60127
2720,Wardha,8,27,Maharashtra,05-01-2013 00:00,16215.62365
2721,Washim,6,27,Maharashtra,05-01-2013 00:00,16176.39809
2722,Yavatmal,14,27,Maharashtra,05-01-2013 00:00,16149.72045
2723,Aurangabad,19,27,Maharashtra,05-01-2013 00:00,16101.44789
2724,Ahmadnagar,26,27,Maharashtra,05-01-2013 00:00,16018.75166
2725,Akola,5,27,Maharashtra,05-01-2013 00:00,16189.41628
2726,Amravati,7,27,Maharashtra,05-01-2013 00:00,16170.57001
2727,Bid,27,27,Maharashtra,05-01-2013 00:00,16114.08196
2728,Bhandara,10,27,Maharashtra,05-01-2013 00:00,15974.05019
2729,Buldana,4,27,Maharashtra,05-01-2013 00:00,16145.49066
2730,Chandrapur,13,27,Maharashtra,05-01-2013 00:00,15986.62487
2731,Dhule,2,27,Maharashtra,05-01-2013 00:00,16049.27967
2732,Gadchiroli,12,27,Maharashtra,05-01-2013 00:00,15791.27931
2733,Gondiya,11,27,Maharashtra,05-01-2013 00:00,15853.51086
2734,Hardwar,13,5,Uttarakhand,05-01-2013 00:00,15504.71267
2735,Nainital,11,5,Uttarakhand,05-01-2013 00:00,15335.29034
2736,Pithoragarh,7,5,Uttarakhand,05-01-2013 00:00,14564.85816
2737,Rudraprayag,3,5,Uttarakhand,05-01-2013 00:00,14776.44008
2738,Tehri Garhwal,4,5,Uttarakhand,05-01-2013 00:00,15099.49753
2739,Udham Singh Nagar,12,5,Uttarakhand,05-01-2013 00:00,15442.35408
2740,Uttarkashi,1,5,Uttarakhand,05-01-2013 00:00,14511.43037
2741,Bageshwar,8,5,Uttarakhand,05-01-2013 00:00,14939.95597
2742,Almora,9,5,Uttarakhand,05-01-2013 00:00,15367.93384
2743,Chamoli,2,5,Uttarakhand,05-01-2013 00:00,14486.74361
2744,Champawat,10,5,Uttarakhand,05-01-2013 00:00,15221.33847
2745,Dehradun,5,5,Uttarakhand,05-01-2013 00:00,15373.31828
2746,Garhwal,6,5,Uttarakhand,05-01-2013 00:00,15340.8534
2747,Hugli,12,19,West Bengal,05-01-2013 00:00,15268.02395
2748,Jalpaiguri,2,19,West Bengal,05-01-2013 00:00,15106.72894
2749,Koch Bihar,3,19,West Bengal,05-01-2013 00:00,15072.30789
2750,Murshidabad,7,19,West Bengal,05-01-2013 00:00,15387.58596
2751,Puruliya,14,19,West Bengal,05-01-2013 00:00,15572.56831
2752,Kolkata,17,19,West Bengal,05-01-2013 00:00,15366.64881
2753,Maldah,6,19,West Bengal,05-01-2013 00:00,15333.28222
2754,Nadia,10,19,West Bengal,05-01-2013 00:00,15272.01365
2755,North Twenty Four Parganas,11,19,West Bengal,05-01-2013 00:00,15132.51831
2756,Medinipur,15,19,West Bengal,05-01-2013 00:00,15364.85958
2757,South  Twenty Four Parganas,18,19,West Bengal,05-01-2013 00:00,15203.18772
2758,Uttar Dinajpur,4,19,West Bengal,05-01-2013 00:00,15215.94071
2759,Barddhaman,9,19,West Bengal,05-01-2013 00:00,15403.61839
2760,Birbhum,8,19,West Bengal,05-01-2013 00:00,15450.95054
2761,Bankura,13,19,West Bengal,05-01-2013 00:00,15428.05586
2762,Dakshin Dinajpur,5,19,West Bengal,05-01-2013 00:00,15265.93202
2763,Darjiling,1,19,West Bengal,05-01-2013 00:00,14967.07057
2764,Haora,16,19,West Bengal,05-01-2013 00:00,15241.10336
2765,Jashpur,3,22,Chhattisgarh,05-01-2013 00:00,15707.76329
2766,Koriya,1,22,Chhattisgarh,05-01-2013 00:00,15773.56359
2767,Mahasamund,12,22,Chhattisgarh,05-01-2013 00:00,15802.2529
2768,Raigarh,4,22,Chhattisgarh,05-01-2013 00:00,15727.28065
2769,Raipur,11,22,Chhattisgarh,05-01-2013 00:00,15815.22845
2770,Rajnandgaon,9,22,Chhattisgarh,05-01-2013 00:00,15912.40708
2771,Surguja,2,22,Chhattisgarh,05-01-2013 00:00,15768.8505
2772,Bilaspur,7,22,Chhattisgarh,05-01-2013 00:00,15888.88973
2773,Janjgir - Champa,6,22,Chhattisgarh,05-01-2013 00:00,15775.207
2774,Korba,5,22,Chhattisgarh,05-01-2013 00:00,15783.5287
2775,Kawardha,8,22,Chhattisgarh,05-01-2013 00:00,16014.20517
2776,Bastar,15,22,Chhattisgarh,05-01-2013 00:00,15595.7619
2777,Dantewada,16,22,Chhattisgarh,05-01-2013 00:00,15558.37004
2778,Dhamtari,13,22,Chhattisgarh,05-01-2013 00:00,15693.45222
2779,Durg,10,22,Chhattisgarh,05-01-2013 00:00,15975.84722
2780,Kanker,14,22,Chhattisgarh,05-01-2013 00:00,15735.19861
2781,Central,6,7,Delhi  & NCR,05-01-2013 00:00,15676.69231
2782,East,4,7,Delhi  & NCR,05-01-2013 00:00,15663.87029
2783,New Delhi,5,7,Delhi  & NCR,05-01-2013 00:00,15629.19329
2784,North,2,7,Delhi  & NCR,05-01-2013 00:00,15690.21616
2785,North East,3,7,Delhi  & NCR,05-01-2013 00:00,15716.93695
2786,North West,1,7,Delhi  & NCR,05-01-2013 00:00,15811.85799
2787,South,9,7,Delhi  & NCR,05-01-2013 00:00,15705.54011
2788,South West,8,7,Delhi  & NCR,05-01-2013 00:00,15822.46761
2789,West,7,7,Delhi  & NCR,05-01-2013 00:00,15746.45081
2790,Hathras,13,9,Uttar Pradesh,05-01-2013 00:00,15777.96902
2791,Jalaun,35,9,Uttar Pradesh,05-01-2013 00:00,15933.415
2792,Jaunpur,64,9,Uttar Pradesh,05-01-2013 00:00,15765.06625
2793,Jhansi,36,9,Uttar Pradesh,05-01-2013 00:00,15997.50895
2794,Jyotiba Phule Nagar,6,9,Uttar Pradesh,05-01-2013 00:00,15516.82786
2795,Kannauj,30,9,Uttar Pradesh,05-01-2013 00:00,15712.41003
2796,Kanpur Nagar,34,9,Uttar Pradesh,05-01-2013 00:00,15817.67375
2797,Kaushambi,44,9,Uttar Pradesh,05-01-2013 00:00,15818.79484
2798,Kheri,23,9,Uttar Pradesh,05-01-2013 00:00,15523.6741
2799,Mirzapur,69,9,Uttar Pradesh,05-01-2013 00:00,15847.81793
2800,Moradabad,4,9,Uttar Pradesh,05-01-2013 00:00,15456.84203
2801,Muzaffarnagar,2,9,Uttar Pradesh,05-01-2013 00:00,15524.53225
2802,Rae Bareli,28,9,Uttar Pradesh,05-01-2013 00:00,15714.20426
2803,Kushinagar,59,9,Uttar Pradesh,05-01-2013 00:00,15453.32011
2804,Lucknow,27,9,Uttar Pradesh,05-01-2013 00:00,15572.70171
2805,Lalitpur,37,9,Uttar Pradesh,05-01-2013 00:00,16019.34099
2806,Mahrajganj,57,9,Uttar Pradesh,05-01-2013 00:00,15511.29899
2807,Mahoba,39,9,Uttar Pradesh,05-01-2013 00:00,16006.75356
2808,Mainpuri,18,9,Uttar Pradesh,05-01-2013 00:00,15802.10597
2809,Mathura,14,9,Uttar Pradesh,05-01-2013 00:00,15915.57198
2810,Mau,62,9,Uttar Pradesh,05-01-2013 00:00,15665.70664
2811,Meerut,7,9,Uttar Pradesh,05-01-2013 00:00,15553.41335
2812,Pilibhit,21,9,Uttar Pradesh,05-01-2013 00:00,15506.39868
2813,Pratapgarh,43,9,Uttar Pradesh,05-01-2013 00:00,15738.77774
2814,Rampur,5,9,Uttar Pradesh,05-01-2013 00:00,15376.12483
2815,Sant Ravidas Nagar Bhadohi,68,9,Uttar Pradesh,05-01-2013 00:00,15785.74748
2816,Sant Kabir Nagar,56,9,Uttar Pradesh,05-01-2013 00:00,15619.34802
2817,Shahjahanpur,22,9,Uttar Pradesh,05-01-2013 00:00,15621.76643
2818,Shrawasti,51,9,Uttar Pradesh,05-01-2013 00:00,15532.67484
2819,Saharanpur,1,9,Uttar Pradesh,05-01-2013 00:00,15481.55517
2820,Sitapur,24,9,Uttar Pradesh,05-01-2013 00:00,15561.50905
2821,Sultanpur,49,9,Uttar Pradesh,05-01-2013 00:00,15697.6329
2822,Sonbhadra,70,9,Uttar Pradesh,05-01-2013 00:00,15816.10895
2823,Siddharthnagar,54,9,Uttar Pradesh,05-01-2013 00:00,15639.70013
2824,Unnao,26,9,Uttar Pradesh,05-01-2013 00:00,15738.98344
2825,Varanasi,67,9,Uttar Pradesh,05-01-2013 00:00,15710.32601
2826,Bulandshahr,11,9,Uttar Pradesh,05-01-2013 00:00,15672.0718
2827,Gautam Buddha Nagar,10,9,Uttar Pradesh,05-01-2013 00:00,15793.04312
2828,Ghaziabad,9,9,Uttar Pradesh,05-01-2013 00:00,15640.02022
2829,Auraiya,32,9,Uttar Pradesh,05-01-2013 00:00,15873.58473
2830,Azamgarh,61,9,Uttar Pradesh,05-01-2013 00:00,15686.35329
2831,Budaun,19,9,Uttar Pradesh,05-01-2013 00:00,15623.15215
2832,Agra,15,9,Uttar Pradesh,05-01-2013 00:00,15897.58195
2833,Aligarh,12,9,Uttar Pradesh,05-01-2013 00:00,15795.21379
2834,Allahabad,45,9,Uttar Pradesh,05-01-2013 00:00,15845.12891
2835,Ambedkar Nagar,48,9,Uttar Pradesh,05-01-2013 00:00,15545.54495
2836,Bareilly,20,9,Uttar Pradesh,05-01-2013 00:00,15532.52704
2837,Bijnor,3,9,Uttar Pradesh,05-01-2013 00:00,15549.83436
2838,Basti,55,9,Uttar Pradesh,05-01-2013 00:00,15585.61075
2839,Baghpat,8,9,Uttar Pradesh,05-01-2013 00:00,15630.174
2840,Bahraich,50,9,Uttar Pradesh,05-01-2013 00:00,15484.32099
2841,Ballia,63,9,Uttar Pradesh,05-01-2013 00:00,15627.90006
2842,Balrampur,52,9,Uttar Pradesh,05-01-2013 00:00,15547.92503
2843,Banda,40,9,Uttar Pradesh,05-01-2013 00:00,16011.37286
2844,Barabanki,46,9,Uttar Pradesh,05-01-2013 00:00,15454.88105
2845,Chitrakoot,41,9,Uttar Pradesh,05-01-2013 00:00,15948.2553
2846,Chandauli,66,9,Uttar Pradesh,05-01-2013 00:00,15790.09619
2847,Deoria,60,9,Uttar Pradesh,05-01-2013 00:00,15634.86604
2848,Etah,17,9,Uttar Pradesh,05-01-2013 00:00,15763.008
2849,Kanpur Dehat,33,9,Uttar Pradesh,05-01-2013 00:00,15854.98308
2850,Etawah,31,9,Uttar Pradesh,05-01-2013 00:00,15848.3676
2851,Faizabad,47,9,Uttar Pradesh,05-01-2013 00:00,15568.89147
2852,Ghazipur,65,9,Uttar Pradesh,05-01-2013 00:00,15704.90182
2853,Gonda,53,9,Uttar Pradesh,05-01-2013 00:00,15548.13197
2854,Gorakhpur,58,9,Uttar Pradesh,05-01-2013 00:00,15618.77851
2855,Farrukhabad,29,9,Uttar Pradesh,05-01-2013 00:00,15709.59036
2856,Fatehpur,42,9,Uttar Pradesh,05-01-2013 00:00,15855.56787
2857,Firozabad,16,9,Uttar Pradesh,05-01-2013 00:00,15828.44238
2858,Hamirpur,38,9,Uttar Pradesh,05-01-2013 00:00,15981.61619
2859,Hardoi,25,9,Uttar Pradesh,05-01-2013 00:00,15689.19943
2860,Hyderabad,5,28,Andhra Pradesh,05-01-2013 00:00,15671.80222
2861,Khammam,10,28,Andhra Pradesh,05-01-2013 00:00,15678.1147
2862,Medak,4,28,Andhra Pradesh,05-01-2013 00:00,15896.77135
2863,Krishna,16,28,Andhra Pradesh,05-01-2013 00:00,15596.99138
2864,Kurnool,21,28,Andhra Pradesh,05-01-2013 00:00,15778.65363
2865,Mahbubnagar,7,28,Andhra Pradesh,05-01-2013 00:00,15814.30563
2866,Nalgonda,8,28,Andhra Pradesh,05-01-2013 00:00,15886.25036
2867,Nellore,19,28,Andhra Pradesh,05-01-2013 00:00,15709.06698
2868,Nizamabad,2,28,Andhra Pradesh,05-01-2013 00:00,15846.99561
2869,Prakasam,18,28,Andhra Pradesh,05-01-2013 00:00,15796.3807
2870,Rangareddi,6,28,Andhra Pradesh,05-01-2013 00:00,15884.05015
2871,Srikakulam,11,28,Andhra Pradesh,05-01-2013 00:00,15550.32562
2872,West Godavari,15,28,Andhra Pradesh,05-01-2013 00:00,15469.42113
2873,Visakhapatnam,13,28,Andhra Pradesh,05-01-2013 00:00,15447.23901
2874,Vizianagaram,12,28,Andhra Pradesh,05-01-2013 00:00,15540.50144
2875,Warangal,9,28,Andhra Pradesh,05-01-2013 00:00,15815.73113
2876,Anantapur,22,28,Andhra Pradesh,05-01-2013 00:00,15744.9502
2877,Adilabad,1,28,Andhra Pradesh,05-01-2013 00:00,15950.94934
2878,Chittoor,23,28,Andhra Pradesh,05-01-2013 00:00,15607.48251
2879,Cuddapah,20,28,Andhra Pradesh,05-01-2013 00:00,15768.4841
2880,East Godavari,14,28,Andhra Pradesh,05-01-2013 00:00,15427.35248
2881,Karimnagar,3,28,Andhra Pradesh,05-01-2013 00:00,15869.11989
2882,Guntur,17,28,Andhra Pradesh,05-01-2013 00:00,15803.45012
2883,Hoshangabad,37,23,Madhya Pradesh,05-01-2013 00:00,16007.2132
2884,Indore,26,23,Madhya Pradesh,05-01-2013 00:00,16043.32303
2885,Jabalpur,39,23,Madhya Pradesh,05-01-2013 00:00,16049.80136
2886,Jhabua,24,23,Madhya Pradesh,05-01-2013 00:00,15985.40732
2887,Mandsaur,19,23,Madhya Pradesh,05-01-2013 00:00,16070.84392
2888,Tikamgarh,8,23,Madhya Pradesh,05-01-2013 00:00,16035.23108
2889,Narsimhapur,40,23,Madhya Pradesh,05-01-2013 00:00,15994.3935
2890,Neemuch,18,23,Madhya Pradesh,05-01-2013 00:00,16080.8581
2891,Panna,10,23,Madhya Pradesh,05-01-2013 00:00,16075.6012
2892,Raisen,34,23,Madhya Pradesh,05-01-2013 00:00,16151.43587
2893,Rajgarh,30,23,Madhya Pradesh,05-01-2013 00:00,16195.35545
2894,Satna,13,23,Madhya Pradesh,05-01-2013 00:00,15984.00504
2895,Sehore,33,23,Madhya Pradesh,05-01-2013 00:00,16133.96804
2896,Seoni,44,23,Madhya Pradesh,05-01-2013 00:00,16078.50598
2897,Shajapur,22,23,Madhya Pradesh,05-01-2013 00:00,16158.33357
2898,Shivpuri,6,23,Madhya Pradesh,05-01-2013 00:00,16034.76087
2899,Ratlam,20,23,Madhya Pradesh,05-01-2013 00:00,16070.5817
2900,Rewa,14,23,Madhya Pradesh,05-01-2013 00:00,15957.93751
2901,Sagar,11,23,Madhya Pradesh,05-01-2013 00:00,16158.53766
2902,Sidhi,17,23,Madhya Pradesh,05-01-2013 00:00,15868.21935
2903,Ujjain,21,23,Madhya Pradesh,05-01-2013 00:00,16072.75915
2904,Vidisha,31,23,Madhya Pradesh,05-01-2013 00:00,16165.40866
2905,West Nimar,27,23,Madhya Pradesh,05-01-2013 00:00,16094.92727
2906,Morena,2,23,Madhya Pradesh,05-01-2013 00:00,15984.03625
2907,Sheopur,1,23,Madhya Pradesh,05-01-2013 00:00,16066.86976
2908,Dindori,41,23,Madhya Pradesh,05-01-2013 00:00,15977.54421
2909,Mandla,42,23,Madhya Pradesh,05-01-2013 00:00,16004.90315
2910,Shahdol,16,23,Madhya Pradesh,05-01-2013 00:00,15904.32315
2911,Umaria,15,23,Madhya Pradesh,05-01-2013 00:00,15917.28967
2912,Bhind,3,23,Madhya Pradesh,05-01-2013 00:00,15981.26953
2913,Bhopal,32,23,Madhya Pradesh,05-01-2013 00:00,16124.55525
2914,Barwani,28,23,Madhya Pradesh,05-01-2013 00:00,16088.67408
2915,Betul,35,23,Madhya Pradesh,05-01-2013 00:00,16065.21635
2916,Balaghat,45,23,Madhya Pradesh,05-01-2013 00:00,15865.88622
2917,Chhatarpur,9,23,Madhya Pradesh,05-01-2013 00:00,16050.18021
2918,Chhindwara,43,23,Madhya Pradesh,05-01-2013 00:00,16091.30407
2919,Dewas,23,23,Madhya Pradesh,05-01-2013 00:00,16108.85384
2920,Katni,38,23,Madhya Pradesh,05-01-2013 00:00,15983.9593
2921,Datia,5,23,Madhya Pradesh,05-01-2013 00:00,15974.57195
2922,Damoh,12,23,Madhya Pradesh,05-01-2013 00:00,16134.55528
2923,Dhar,25,23,Madhya Pradesh,05-01-2013 00:00,16045.19865
2924,East Nimar,29,23,Madhya Pradesh,05-01-2013 00:00,16074.66659
2925,Guna,7,23,Madhya Pradesh,05-01-2013 00:00,16110.92764
2926,Gwalior,4,23,Madhya Pradesh,05-01-2013 00:00,15992.97332
2927,Harda,36,23,Madhya Pradesh,05-01-2013 00:00,16053.63998
2928,Kangra,2,2,Himachal Pradesh,05-01-2013 00:00,15268.50718
2929,Kinnaur,12,2,Himachal Pradesh,05-01-2013 00:00,14318.41846
2930,Lahul & Spiti,3,2,Himachal Pradesh,05-01-2013 00:00,14057.77864
2931,Kullu,4,2,Himachal Pradesh,05-01-2013 00:00,14470.03262
2932,Mandi,5,2,Himachal Pradesh,05-01-2013 00:00,15238.07854
2933,Shimla,11,2,Himachal Pradesh,05-01-2013 00:00,14960.37818
2934,Sirmaur,10,2,Himachal Pradesh,05-01-2013 00:00,15391.48472
2935,Solan,9,2,Himachal Pradesh,05-01-2013 00:00,15509.497
2936,Una,7,2,Himachal Pradesh,05-01-2013 00:00,15706.45269
2937,Bilaspur,8,2,Himachal Pradesh,05-01-2013 00:00,15540.12288
2938,Chamba,1,2,Himachal Pradesh,05-01-2013 00:00,14670.52143
2939,Hamirpur,6,2,Himachal Pradesh,05-01-2013 00:00,15577.53325
2940,Data Not Available,99,99,Jammu and Kashmir,05-01-2013 00:00,14261.36227
2941,Jammu,13,1,Jammu and Kashmir,05-01-2013 00:00,15791.39073
2942,Kargil,8,1,Jammu and Kashmir,05-01-2013 00:00,14318.79259
2943,Kathua,14,1,Jammu and Kashmir,05-01-2013 00:00,15572.88959
2944,Leh (Ladakh),7,1,Jammu and Kashmir,05-01-2013 00:00,14499.25462
2945,Kupwara,1,1,Jammu and Kashmir,05-01-2013 00:00,14680.57564
2946,Punch,11,1,Jammu and Kashmir,05-01-2013 00:00,15084.06704
2947,Pulwama,5,1,Jammu and Kashmir,05-01-2013 00:00,14854.24166
2948,Rajauri,12,1,Jammu and Kashmir,05-01-2013 00:00,15407.44831
2949,Srinagar,3,1,Jammu and Kashmir,05-01-2013 00:00,14437.88529
2950,Udhampur,10,1,Jammu and Kashmir,05-01-2013 00:00,15242.71438
2951,Anantnag,6,1,Jammu and Kashmir,05-01-2013 00:00,14482.62835
2952,Badgam,4,1,Jammu and Kashmir,05-01-2013 00:00,14687.17091
2953,Baramula,2,1,Jammu and Kashmir,05-01-2013 00:00,14541.14451
2954,Doda,9,1,Jammu and Kashmir,05-01-2013 00:00,14398.11375
2955,Lohit,11,12,Arunanchal Pradesh,05-01-2013 00:00,14620.5723
2956,Lower Subansiri,5,12,Arunanchal Pradesh,05-01-2013 00:00,14574.40618
2957,Papum Pare,4,12,Arunanchal Pradesh,05-01-2013 00:00,14766.70423
2958,Tawang,1,12,Arunanchal Pradesh,05-01-2013 00:00,14312.30162
2959,Tirap,13,12,Arunanchal Pradesh,05-01-2013 00:00,15001.61361
2960,West Kameng,2,12,Arunanchal Pradesh,05-01-2013 00:00,14632.18637
2961,West Siang,7,12,Arunanchal Pradesh,05-01-2013 00:00,14770.23883
2962,Upper Siang,9,12,Arunanchal Pradesh,05-01-2013 00:00,14609.07736
2963,Upper Subansiri,6,12,Arunanchal Pradesh,05-01-2013 00:00,14556.50657
2964,Changlang,12,12,Arunanchal Pradesh,05-01-2013 00:00,14943.27557
2965,Dibang Valley,10,12,Arunanchal Pradesh,05-01-2013 00:00,14525.03935
2966,East Kameng,3,12,Arunanchal Pradesh,05-01-2013 00:00,14625.27197
2967,East Siang,8,12,Arunanchal Pradesh,05-01-2013 00:00,15027.85424
2968,Nicobars,2,35,Andaman & Nicobar Island,05-01-2013 00:00,14997.76133
2969,Andamans,1,35,Andaman & Nicobar Island,05-01-2013 00:00,15056.03598
2970,Chandigarh,1,4,Chandigarh,06-01-2013 00:00,15431.1924
2971,Dadra & Nagar Haveli,1,26,Dadara & Nagar Havelli,06-01-2013 00:00,15671.83092
2972,North Goa,1,30,Goa,06-01-2013 00:00,14912.53934
2973,South Goa,2,30,Goa,06-01-2013 00:00,14976.39922
2974,Jorhat,17,18,Assam,06-01-2013 00:00,15308.61351
2975,Karimganj,22,18,Assam,06-01-2013 00:00,15223.53341
2976,Kokrajhar,1,18,Assam,06-01-2013 00:00,15257.06982
2977,Lakhimpur,12,18,Assam,06-01-2013 00:00,15327.23194
2978,Nagaon,10,18,Assam,06-01-2013 00:00,15339.18957
2979,Marigaon,9,18,Assam,06-01-2013 00:00,15331.45993
2980,Nalbari,7,18,Assam,06-01-2013 00:00,15285.43787
2981,North Cachar Hills,20,18,Assam,06-01-2013 00:00,15118.18969
2982,Sonitpur,11,18,Assam,06-01-2013 00:00,15326.14177
2983,Sibsagar,16,18,Assam,06-01-2013 00:00,15374.34161
2984,Tinsukia,14,18,Assam,06-01-2013 00:00,15388.23631
2985,Barpeta,5,18,Assam,06-01-2013 00:00,15227.20024
2986,Bongaigaon,4,18,Assam,06-01-2013 00:00,15245.17289
2987,Cachar,21,18,Assam,06-01-2013 00:00,15237.26273
2988,Darrang,8,18,Assam,06-01-2013 00:00,15326.18611
2989,Dhemaji,13,18,Assam,06-01-2013 00:00,15388.80895
2990,Dhubri,2,18,Assam,06-01-2013 00:00,15195.42404
2991,Dibrugarh,15,18,Assam,06-01-2013 00:00,15300.08605
2992,Kamrup,6,18,Assam,06-01-2013 00:00,15267.25895
2993,Karbi Anglong,19,18,Assam,06-01-2013 00:00,15199.15174
2994,Goalpara,3,18,Assam,06-01-2013 00:00,15233.1053
2995,Golaghat,18,18,Assam,06-01-2013 00:00,15310.60347
2996,Hailakandi,23,18,Assam,06-01-2013 00:00,15244.3916
2997,Jamui,37,10,Bihar,06-01-2013 00:00,15409.92917
2998,Kishanganj,8,10,Bihar,06-01-2013 00:00,15338.92212
2999,Muzaffarpur,14,10,Bihar,06-01-2013 00:00,15321.52615
3000,Purnia,9,10,Bihar,06-01-2013 00:00,15377.75364
3001,Khagaria,21,10,Bihar,06-01-2013 00:00,15408.16804
3002,Madhubani,5,10,Bihar,06-01-2013 00:00,15308.38219
3003,Lakhisarai,25,10,Bihar,06-01-2013 00:00,15530.91225
3004,Madhepura,11,10,Bihar,06-01-2013 00:00,15386.69131
3005,Purba Champaran,2,10,Bihar,06-01-2013 00:00,15360.55116
3006,Munger,24,10,Bihar,06-01-2013 00:00,15421.6684
3007,Nalanda,27,10,Bihar,06-01-2013 00:00,15573.01732
3008,Nawada,36,10,Bihar,06-01-2013 00:00,15515.0165
3009,Pashchim Champaran,1,10,Bihar,06-01-2013 00:00,15230.1501
3010,Patna,28,10,Bihar,06-01-2013 00:00,15547.40317
3011,Samastipur,19,10,Bihar,06-01-2013 00:00,15442.52257
3012,Sheikhpura,26,10,Bihar,06-01-2013 00:00,15625.76844
3013,Sheohar,3,10,Bihar,06-01-2013 00:00,15329.46672
3014,Saharsa,12,10,Bihar,06-01-2013 00:00,15328.4179
3015,Sitamarhi,4,10,Bihar,06-01-2013 00:00,15349.08477
3016,Siwan,16,10,Bihar,06-01-2013 00:00,15383.68556
3017,Supaul,6,10,Bihar,06-01-2013 00:00,15280.53276
3018,Vaishali,18,10,Bihar,06-01-2013 00:00,15411.17122
3019,Kaimur (Bhabua),31,10,Bihar,06-01-2013 00:00,15733.39985
3020,Gaya,35,10,Bihar,06-01-2013 00:00,15656.20723
3021,Bhojpur,29,10,Bihar,06-01-2013 00:00,15540.83063
3022,Buxar,30,10,Bihar,06-01-2013 00:00,15729.80962
3023,Jehanabad,33,10,Bihar,06-01-2013 00:00,15605.34847
3024,Rohtas,32,10,Bihar,06-01-2013 00:00,15838.16129
3025,Araria,7,10,Bihar,06-01-2013 00:00,15368.97284
3026,Aurangabad,34,10,Bihar,06-01-2013 00:00,15934.44899
3027,Banka,23,10,Bihar,06-01-2013 00:00,15398.36624
3028,Bhagalpur,22,10,Bihar,06-01-2013 00:00,15452.9547
3029,Begusarai,20,10,Bihar,06-01-2013 00:00,15490.7724
3030,Saran,17,10,Bihar,06-01-2013 00:00,15400.40756
3031,Katihar,10,10,Bihar,06-01-2013 00:00,15305.85951
3032,Darbhanga,13,10,Bihar,06-01-2013 00:00,15362.64283
3033,Gopalganj,15,10,Bihar,06-01-2013 00:00,15347.19323
3034,Idukki,9,32,Kerala,06-01-2013 00:00,14921.3818
3035,Kollam,13,32,Kerala,06-01-2013 00:00,15002.66429
3036,Kottayam,10,32,Kerala,06-01-2013 00:00,14980.39764
3037,Kozhikode,4,32,Kerala,06-01-2013 00:00,14968.81476
3038,Malappuram,5,32,Kerala,06-01-2013 00:00,14987.84299
3039,Palakkad,6,32,Kerala,06-01-2013 00:00,15011.39718
3040,Pathanamthitta,12,32,Kerala,06-01-2013 00:00,14962.8528
3041,Thrissur,7,32,Kerala,06-01-2013 00:00,14924.69271
3042,Thiruvananthapuram,14,32,Kerala,06-01-2013 00:00,14995.24778
3043,Wayanad,3,32,Kerala,06-01-2013 00:00,14882.62318
3044,Alappuzha,11,32,Kerala,06-01-2013 00:00,14944.27039
3045,Kasaragod,1,32,Kerala,06-01-2013 00:00,14880.49713
3046,Kannur,2,32,Kerala,06-01-2013 00:00,15008.82386
3047,Ernakulam,8,32,Kerala,06-01-2013 00:00,14993.73361
3048,Jajapur,13,21,Orissa,06-01-2013 00:00,15450.51282
3049,Jagatsinghapur,11,21,Orissa,06-01-2013 00:00,15440.64897
3050,Jharsuguda,2,21,Orissa,06-01-2013 00:00,15584.15648
3051,Khordha,17,21,Orissa,06-01-2013 00:00,15406.69068
3052,Mayurbhanj,7,21,Orissa,06-01-2013 00:00,15248.46792
3053,Puri,18,21,Orissa,06-01-2013 00:00,15429.16969
3054,Koraput,29,21,Orissa,06-01-2013 00:00,15269.2553
3055,Malkangiri,30,21,Orissa,06-01-2013 00:00,15377.36884
3056,Nabarangapur,28,21,Orissa,06-01-2013 00:00,15388.52565
3057,Nayagarh,16,21,Orissa,06-01-2013 00:00,15365.56324
3058,Nuapada,25,21,Orissa,06-01-2013 00:00,15509.6882
3059,Kandhamal,21,21,Orissa,06-01-2013 00:00,15300.02479
3060,Sambalpur,3,21,Orissa,06-01-2013 00:00,15575.48754
3061,Rayagada,27,21,Orissa,06-01-2013 00:00,15355.55751
3062,Sundargarh,5,21,Orissa,06-01-2013 00:00,15507.84473
3063,Sonapur,23,21,Orissa,06-01-2013 00:00,15742.37439
3064,Anugul,15,21,Orissa,06-01-2013 00:00,15553.67977
3065,Bhadrak,9,21,Orissa,06-01-2013 00:00,15398.52497
3066,Baudh,22,21,Orissa,06-01-2013 00:00,15648.89385
3067,Balangir,24,21,Orissa,06-01-2013 00:00,15626.049
3068,Baleshwar,8,21,Orissa,06-01-2013 00:00,15263.88069
3069,Bargarh,1,21,Orissa,06-01-2013 00:00,15663.227
3070,Kendrapara,10,21,Orissa,06-01-2013 00:00,15345.21524
3071,Kendujhar,6,21,Orissa,06-01-2013 00:00,15373.39168
3072,Debagarh,4,21,Orissa,06-01-2013 00:00,15533.06205
3073,Cuttack,12,21,Orissa,06-01-2013 00:00,15404.50446
3074,Dhenkanal,14,21,Orissa,06-01-2013 00:00,15506.7532
3075,Kalahandi,26,21,Orissa,06-01-2013 00:00,15491.43616
3076,Ganjam,19,21,Orissa,06-01-2013 00:00,15475.94728
3077,Gajapati,20,21,Orissa,06-01-2013 00:00,15246.14348
3078,Hoshiarpur,5,3,Punjab,06-01-2013 00:00,15424.11976
3079,Jalandhar,4,3,Punjab,06-01-2013 00:00,15428.64167
3080,Kapurthala,3,3,Punjab,06-01-2013 00:00,15440.33044
3081,Ludhiana,9,3,Punjab,06-01-2013 00:00,15439.70755
3082,Mansa,15,3,Punjab,06-01-2013 00:00,15572.29503
3083,Moga,10,3,Punjab,06-01-2013 00:00,15475.39366
3084,Muktsar,12,3,Punjab,06-01-2013 00:00,15606.31472
3085,Nawanshahr,6,3,Punjab,06-01-2013 00:00,15416.10485
3086,Patiala,17,3,Punjab,06-01-2013 00:00,15399.45935
3087,Sangrur,16,3,Punjab,06-01-2013 00:00,15425.20625
3088,Rupnagar,7,3,Punjab,06-01-2013 00:00,15432.23751
3089,Amritsar,2,3,Punjab,06-01-2013 00:00,15513.51498
3090,Firozpur,11,3,Punjab,06-01-2013 00:00,15604.95366
3091,Bathinda,14,3,Punjab,06-01-2013 00:00,15596.66107
3092,Gurdaspur,1,3,Punjab,06-01-2013 00:00,15474.84265
3093,Faridkot,13,3,Punjab,06-01-2013 00:00,15536.3519
3094,Fatehgarh Sahib,8,3,Punjab,06-01-2013 00:00,15404.5205
3095,North,1,11,Sikkim,06-01-2013 00:00,14217.49196
3096,South,3,11,Sikkim,06-01-2013 00:00,14742.98089
3097,West,2,11,Sikkim,06-01-2013 00:00,14437.05906
3098,East,4,11,Sikkim,06-01-2013 00:00,14615.12774
3099,Jamnagar,10,24,Gujarat,06-01-2013 00:00,15725.79424
3100,Kheda,16,24,Gujarat,06-01-2013 00:00,15639.1989
3101,Mahesana,4,24,Gujarat,06-01-2013 00:00,15706.77034
3102,Narmada,20,24,Gujarat,06-01-2013 00:00,15725.72539
3103,Navsari,24,24,Gujarat,06-01-2013 00:00,15612.16047
3104,Panch Mahals,17,24,Gujarat,06-01-2013 00:00,15546.7223
3105,Patan,3,24,Gujarat,06-01-2013 00:00,15683.13265
3106,Porbandar,11,24,Gujarat,06-01-2013 00:00,15720.37645
3107,Rajkot,9,24,Gujarat,06-01-2013 00:00,15802.26412
3108,Sabar Kantha,5,24,Gujarat,06-01-2013 00:00,15648.0712
3109,Surendranagar,8,24,Gujarat,06-01-2013 00:00,15698.20488
3110,The Dangs,23,24,Gujarat,06-01-2013 00:00,15777.85038
3111,Vadodara,19,24,Gujarat,06-01-2013 00:00,15668.64042
3112,Valsad,25,24,Gujarat,06-01-2013 00:00,15650.60467
3113,Bharuch,21,24,Gujarat,06-01-2013 00:00,15633.26707
3114,Surat,22,24,Gujarat,06-01-2013 00:00,15590.52529
3115,Anand,15,24,Gujarat,06-01-2013 00:00,15681.32276
3116,Ahmadabad,7,24,Gujarat,06-01-2013 00:00,15764.36152
3117,Amreli,13,24,Gujarat,06-01-2013 00:00,15846.14263
3118,Bhavnagar,14,24,Gujarat,06-01-2013 00:00,15812.73526
3119,Banas Kantha,2,24,Gujarat,06-01-2013 00:00,15631.2044
3120,Dohad,18,24,Gujarat,06-01-2013 00:00,15565.20088
3121,Junagadh,12,24,Gujarat,06-01-2013 00:00,15776.72949
3122,Kachchh,1,24,Gujarat,06-01-2013 00:00,15596.33015
3123,Gandhinagar,6,24,Gujarat,06-01-2013 00:00,15566.1169
3124,Hisar,12,6,Haryana,06-01-2013 00:00,15732.40412
3125,Jind,9,6,Haryana,06-01-2013 00:00,15619.32286
3126,Kaithal,5,6,Haryana,06-01-2013 00:00,15410.94063
3127,Karnal,6,6,Haryana,06-01-2013 00:00,15427.92604
3128,Kurukshetra,4,6,Haryana,06-01-2013 00:00,15354.29258
3129,Panchkula,1,6,Haryana,06-01-2013 00:00,15374.91424
3130,Panipat,7,6,Haryana,06-01-2013 00:00,15562.5703
3131,Rohtak,14,6,Haryana,06-01-2013 00:00,15705.43889
3132,Sirsa,11,6,Haryana,06-01-2013 00:00,15701.01919
3133,Sonipat,8,6,Haryana,06-01-2013 00:00,15587.98437
3134,Yamunanagar,3,6,Haryana,06-01-2013 00:00,15318.6704
3135,Jhajjar,15,6,Haryana,06-01-2013 00:00,15796.41923
3136,Mahendragarh,16,6,Haryana,06-01-2013 00:00,15889.34355
3137,Rewari,17,6,Haryana,06-01-2013 00:00,15881.32905
3138,Bhiwani,13,6,Haryana,06-01-2013 00:00,15855.3121
3139,Ambala,2,6,Haryana,06-01-2013 00:00,15411.90955
3140,Gurgaon,18,6,Haryana,06-01-2013 00:00,15737.50959
3141,Faridabad,19,6,Haryana,06-01-2013 00:00,15606.48746
3142,Fatehabad,10,6,Haryana,06-01-2013 00:00,15614.55196
3143,Imphal East,7,14,Manipur,06-01-2013 00:00,15202.97465
3144,Imphal West,6,14,Manipur,06-01-2013 00:00,15182.36319
3145,Senapati (Excl. 3 sub-divisions),1,14,Manipur,06-01-2013 00:00,14975.24625
3146,Tamenglong,2,14,Manipur,06-01-2013 00:00,15034.61572
3147,Thoubal,5,14,Manipur,06-01-2013 00:00,15153.07013
3148,Ukhrul,8,14,Manipur,06-01-2013 00:00,15030.9247
3149,Bishnupur,4,14,Manipur,06-01-2013 00:00,15089.90361
3150,Chandel,9,14,Manipur,06-01-2013 00:00,15029.42863
3151,Churachandpur,3,14,Manipur,06-01-2013 00:00,15025.5106
3152,Kolasib,2,15,Mizoram,06-01-2013 00:00,15119.55631
3153,Mamit,1,15,Mizoram,06-01-2013 00:00,15062.47891
3154,Lunglei,6,15,Mizoram,06-01-2013 00:00,15054.42809
3155,Lawngtlai,7,15,Mizoram,06-01-2013 00:00,15065.41102
3156,Saiha,8,15,Mizoram,06-01-2013 00:00,15025.88001
3157,Serchhip,5,15,Mizoram,06-01-2013 00:00,14987.95605
3158,Aizawl,3,15,Mizoram,06-01-2013 00:00,15016.68471
3159,Champhai,4,15,Mizoram,06-01-2013 00:00,14960.90618
3160,North Tripura,4,16,Tripura,06-01-2013 00:00,15125.0112
3161,South Tripura,2,16,Tripura,06-01-2013 00:00,15146.5988
3162,West Tripura,1,16,Tripura,06-01-2013 00:00,15157.49967
3163,Dhalai,3,16,Tripura,06-01-2013 00:00,15095.95629
3164,Mokokchung,3,13,Nagaland,06-01-2013 00:00,15186.1811
3165,Mon,1,13,Nagaland,06-01-2013 00:00,15181.30999
3166,Phek,8,13,Nagaland,06-01-2013 00:00,14982.64582
3167,Tuensang,2,13,Nagaland,06-01-2013 00:00,15003.73834
3168,Wokha,5,13,Nagaland,06-01-2013 00:00,15186.93812
3169,Zunheboto,4,13,Nagaland,06-01-2013 00:00,15006.10997
3170,Dimapur,6,13,Nagaland,06-01-2013 00:00,15242.65916
3171,Kohima,7,13,Nagaland,06-01-2013 00:00,15080.52755
3172,Purbi Singhbhum,18,20,Jharkhand,06-01-2013 00:00,15287.87715
3173,Lohardaga,15,20,Jharkhand,06-01-2013 00:00,15425.36299
3174,Pakaur,10,20,Jharkhand,06-01-2013 00:00,15358.63023
3175,Pashchimi Singhbhum,17,20,Jharkhand,06-01-2013 00:00,15346.44554
3176,Ranchi,14,20,Jharkhand,06-01-2013 00:00,15381.79935
3177,Sahibganj,9,20,Jharkhand,06-01-2013 00:00,15360.32991
3178,Garhwa,1,20,Jharkhand,06-01-2013 00:00,15681.69041
3179,Palamu,2,20,Jharkhand,06-01-2013 00:00,15580.8029
3180,Chatra,3,20,Jharkhand,06-01-2013 00:00,15509.69245
3181,Hazaribagh,4,20,Jharkhand,06-01-2013 00:00,15323.84204
3182,Kodarma,5,20,Jharkhand,06-01-2013 00:00,15442.2831
3183,Bokaro,13,20,Jharkhand,06-01-2013 00:00,15323.99618
3184,Deoghar,7,20,Jharkhand,06-01-2013 00:00,15361.95423
3185,Dhanbad,12,20,Jharkhand,06-01-2013 00:00,15357.40725
3186,Dumka,11,20,Jharkhand,06-01-2013 00:00,15316.94173
3187,Giridih,6,20,Jharkhand,06-01-2013 00:00,15393.27618
3188,Godda,8,20,Jharkhand,06-01-2013 00:00,15434.71397
3189,Gumla,16,20,Jharkhand,06-01-2013 00:00,15439.44866
3190,Hassan,23,29,Karnataka,06-01-2013 00:00,15125.10691
3191,Haveri,11,29,Karnataka,06-01-2013 00:00,14926.97291
3192,Kodagu,25,29,Karnataka,06-01-2013 00:00,14901.70549
3193,Kolar,19,29,Karnataka,06-01-2013 00:00,15441.6915
3194,Mandya,22,29,Karnataka,06-01-2013 00:00,15160.93494
3195,Koppal,7,29,Karnataka,06-01-2013 00:00,15419.44268
3196,Mysore,26,29,Karnataka,06-01-2013 00:00,15124.48155
3197,Raichur,6,29,Karnataka,06-01-2013 00:00,15520.72366
3198,Shimoga,15,29,Karnataka,06-01-2013 00:00,14832.71771
3199,Tumkur,18,29,Karnataka,06-01-2013 00:00,15268.67457
3200,Udupi,16,29,Karnataka,06-01-2013 00:00,15031.78063
3201,Uttara Kannada,10,29,Karnataka,06-01-2013 00:00,14874.13766
3202,Bagalkot,2,29,Karnataka,06-01-2013 00:00,15347.72148
3203,Bangalore,20,29,Karnataka,06-01-2013 00:00,15067.54939
3204,Bidar,5,29,Karnataka,06-01-2013 00:00,15656.0315
3205,Bijapur,3,29,Karnataka,06-01-2013 00:00,15546.83003
3206,Belgaum,1,29,Karnataka,06-01-2013 00:00,15286.4687
3207,Bellary,12,29,Karnataka,06-01-2013 00:00,15413.34704
3208,Bangalore Rural,21,29,Karnataka,06-01-2013 00:00,15161.17398
3209,Chamarajanagar,27,29,Karnataka,06-01-2013 00:00,15305.49693
3210,Chikmagalur,17,29,Karnataka,06-01-2013 00:00,14995.0922
3211,Chitradurga,13,29,Karnataka,06-01-2013 00:00,15358.77078
3212,Dakshina Kannada,24,29,Karnataka,06-01-2013 00:00,14877.94564
3213,Davanagere,14,29,Karnataka,06-01-2013 00:00,14984.58283
3214,Dharwad,9,29,Karnataka,06-01-2013 00:00,15235.3257
3215,Gulbarga,4,29,Karnataka,06-01-2013 00:00,15641.69861
3216,Gadag,8,29,Karnataka,06-01-2013 00:00,15374.17695
3217,Jaintia Hills,7,17,Meghalaya,06-01-2013 00:00,15084.70651
3218,Ri Bhoi,5,17,Meghalaya,06-01-2013 00:00,15185.24431
3219,South Garo Hills,3,17,Meghalaya,06-01-2013 00:00,15178.39631
3220,West Garo Hills,1,17,Meghalaya,06-01-2013 00:00,15138.21843
3221,West Khasi Hills,4,17,Meghalaya,06-01-2013 00:00,15076.71083
3222,East Garo Hills,2,17,Meghalaya,06-01-2013 00:00,15112.54808
3223,East Khasi Hills,6,17,Meghalaya,06-01-2013 00:00,15079.65103
3224,Jaipur,12,8,Rajasthan,06-01-2013 00:00,15732.10711
3225,Jaisalmer,16,8,Rajasthan,06-01-2013 00:00,16014.16207
3226,Jalor,18,8,Rajasthan,06-01-2013 00:00,15733.51684
3227,Jhalawar,32,8,Rajasthan,06-01-2013 00:00,15844.42179
3228,Jhunjhunun,5,8,Rajasthan,06-01-2013 00:00,15876.92023
3229,Jodhpur,15,8,Rajasthan,06-01-2013 00:00,15900.1715
3230,Kota,30,8,Rajasthan,06-01-2013 00:00,15799.44234
3231,Nagaur,14,8,Rajasthan,06-01-2013 00:00,15821.21688
3232,Pali,20,8,Rajasthan,06-01-2013 00:00,15723.97982
3233,Rajsamand,25,8,Rajasthan,06-01-2013 00:00,15592.04145
3234,Sawai Madhopur,10,8,Rajasthan,06-01-2013 00:00,15690.82333
3235,Sirohi,19,8,Rajasthan,06-01-2013 00:00,15661.52927
3236,Tonk,22,8,Rajasthan,06-01-2013 00:00,15767.44946
3237,Sikar,13,8,Rajasthan,06-01-2013 00:00,15795.15068
3238,Alwar,6,8,Rajasthan,06-01-2013 00:00,15763.15223
3239,Udaipur,26,8,Rajasthan,06-01-2013 00:00,15581.98852
3240,Ganganagar,1,8,Rajasthan,06-01-2013 00:00,15921.21679
3241,Hanumangarh,2,8,Rajasthan,06-01-2013 00:00,15849.86833
3242,Baran,31,8,Rajasthan,06-01-2013 00:00,15790.75655
3243,Ajmer,21,8,Rajasthan,06-01-2013 00:00,15712.09485
3244,Banswara,28,8,Rajasthan,06-01-2013 00:00,15646.82774
3245,Barmer,17,8,Rajasthan,06-01-2013 00:00,15835.23768
3246,Bhilwara,24,8,Rajasthan,06-01-2013 00:00,15735.80755
3247,Bikaner,3,8,Rajasthan,06-01-2013 00:00,16011.75075
3248,Bharatpur,7,8,Rajasthan,06-01-2013 00:00,15844.55756
3249,Bundi,23,8,Rajasthan,06-01-2013 00:00,15801.32589
3250,Chittaurgarh,29,8,Rajasthan,06-01-2013 00:00,15719.2719
3251,Churu,4,8,Rajasthan,06-01-2013 00:00,15900.50463
3252,Dausa,11,8,Rajasthan,06-01-2013 00:00,15698.16545
3253,Dhaulpur,8,8,Rajasthan,06-01-2013 00:00,15719.12387
3254,Dungarpur,27,8,Rajasthan,06-01-2013 00:00,15557.04833
3255,Karauli,9,8,Rajasthan,06-01-2013 00:00,15682.71584
3256,Pondicherry,2,34,Puducherry,06-01-2013 00:00,15654.9608
3257,Yanam,1,34,Puducherry,06-01-2013 00:00,15476.28589
3258,Karaikal,4,34,Puducherry,06-01-2013 00:00,15654.93735
3259,Mahe,3,34,Puducherry,06-01-2013 00:00,15037.5863
3260,Kanniyakumari,30,33,Tamil Nadu,06-01-2013 00:00,15020.35988
3261,Karur,14,33,Tamil Nadu,06-01-2013 00:00,15740.5026
3262,Madurai,24,33,Tamil Nadu,06-01-2013 00:00,15740.37594
3263,Namakkal,9,33,Tamil Nadu,06-01-2013 00:00,15641.17237
3264,The Nilgiris,11,33,Tamil Nadu,06-01-2013 00:00,14867.10596
3265,Perambalur,16,33,Tamil Nadu,06-01-2013 00:00,15858.36861
3266,Pudukkottai,22,33,Tamil Nadu,06-01-2013 00:00,15741.39057
3267,Ramanathapuram,27,33,Tamil Nadu,06-01-2013 00:00,15896.0209
3268,Salem,8,33,Tamil Nadu,06-01-2013 00:00,15554.93653
3269,Sivaganga,23,33,Tamil Nadu,06-01-2013 00:00,15825.46204
3270,Tiruchirappalli,15,33,Tamil Nadu,06-01-2013 00:00,15756.61038
3271,Tirunelveli,29,33,Tamil Nadu,06-01-2013 00:00,15543.66262
3272,Tiruvannamalai,6,33,Tamil Nadu,06-01-2013 00:00,15660.19616
3273,Thoothukkudi,28,33,Tamil Nadu,06-01-2013 00:00,15875.61125
3274,Theni,25,33,Tamil Nadu,06-01-2013 00:00,15520.32467
3275,Vellore,4,33,Tamil Nadu,06-01-2013 00:00,15520.50272
3276,Viluppuram,7,33,Tamil Nadu,06-01-2013 00:00,15742.61564
3277,Virudhunagar,26,33,Tamil Nadu,06-01-2013 00:00,15969.52374
3278,Chennai,2,33,Tamil Nadu,06-01-2013 00:00,15680.70141
3279,Kancheepuram,3,33,Tamil Nadu,06-01-2013 00:00,15717.67219
3280,Thiruvallur,1,33,Tamil Nadu,06-01-2013 00:00,15661.15442
3281,Thanjavur,21,33,Tamil Nadu,06-01-2013 00:00,15621.96589
3282,Thiruvarur,20,33,Tamil Nadu,06-01-2013 00:00,15635.47291
3283,Nagapattinam,19,33,Tamil Nadu,06-01-2013 00:00,15612.10155
3284,Ariyalur,17,33,Tamil Nadu,06-01-2013 00:00,15825.73928
3285,Coimbatore,12,33,Tamil Nadu,06-01-2013 00:00,15518.53498
3286,Cuddalore,18,33,Tamil Nadu,06-01-2013 00:00,15696.8498
3287,Dharmapuri,5,33,Tamil Nadu,06-01-2013 00:00,15545.86452
3288,Dindigul,13,33,Tamil Nadu,06-01-2013 00:00,15668.45545
3289,Erode,10,33,Tamil Nadu,06-01-2013 00:00,15526.16201
3290,Daman,2,25,Daman & Diu,06-01-2013 00:00,15498.44073
3291,Diu,1,25,Daman & Diu,06-01-2013 00:00,15406.61054
3292,Hingoli,16,27,Maharashtra,06-01-2013 00:00,15974.90037
3293,Jalgaon,3,27,Maharashtra,06-01-2013 00:00,15846.9977
3294,Jalna,18,27,Maharashtra,06-01-2013 00:00,16027.6567
3295,Kolhapur,34,27,Maharashtra,06-01-2013 00:00,15242.55488
3296,Latur,28,27,Maharashtra,06-01-2013 00:00,15753.58879
3297,Pune,25,27,Maharashtra,06-01-2013 00:00,15643.32137
3298,Nagpur,9,27,Maharashtra,06-01-2013 00:00,15872.04326
3299,Mumbai,23,27,Maharashtra,06-01-2013 00:00,15345.91378
3300,Mumbai (Suburban),22,27,Maharashtra,06-01-2013 00:00,15524.11815
3301,Nanded,15,27,Maharashtra,06-01-2013 00:00,15828.22592
3302,Nandurbar,1,27,Maharashtra,06-01-2013 00:00,15690.87696
3303,Nashik,20,27,Maharashtra,06-01-2013 00:00,15797.35323
3304,Osmanabad,29,27,Maharashtra,06-01-2013 00:00,15700.5621
3305,Parbhani,17,27,Maharashtra,06-01-2013 00:00,15960.85543
3306,Sangli,35,27,Maharashtra,06-01-2013 00:00,15602.95197
3307,Satara,31,27,Maharashtra,06-01-2013 00:00,15625.66133
3308,Ratnagiri,32,27,Maharashtra,06-01-2013 00:00,15465.12868
3309,Raigarh,24,27,Maharashtra,06-01-2013 00:00,15770.17397
3310,Thane,21,27,Maharashtra,06-01-2013 00:00,15838.36969
3311,Solapur,30,27,Maharashtra,06-01-2013 00:00,15835.80999
3312,Sindhudurg,33,27,Maharashtra,06-01-2013 00:00,15055.83147
3313,Wardha,8,27,Maharashtra,06-01-2013 00:00,15921.81956
3314,Washim,6,27,Maharashtra,06-01-2013 00:00,15878.52348
3315,Yavatmal,14,27,Maharashtra,06-01-2013 00:00,15911.0959
3316,Aurangabad,19,27,Maharashtra,06-01-2013 00:00,15852.49919
3317,Ahmadnagar,26,27,Maharashtra,06-01-2013 00:00,15858.0661
3318,Akola,5,27,Maharashtra,06-01-2013 00:00,15861.51885
3319,Amravati,7,27,Maharashtra,06-01-2013 00:00,15849.7734
3320,Bid,27,27,Maharashtra,06-01-2013 00:00,15865.00692
3321,Bhandara,10,27,Maharashtra,06-01-2013 00:00,15768.9586
3322,Buldana,4,27,Maharashtra,06-01-2013 00:00,15873.26528
3323,Chandrapur,13,27,Maharashtra,06-01-2013 00:00,15798.9524
3324,Dhule,2,27,Maharashtra,06-01-2013 00:00,15748.29223
3325,Gadchiroli,12,27,Maharashtra,06-01-2013 00:00,15605.25228
3326,Gondiya,11,27,Maharashtra,06-01-2013 00:00,15708.80857
3327,Hardwar,13,5,Uttarakhand,06-01-2013 00:00,15306.51461
3328,Nainital,11,5,Uttarakhand,06-01-2013 00:00,15146.17758
3329,Pithoragarh,7,5,Uttarakhand,06-01-2013 00:00,14487.20733
3330,Rudraprayag,3,5,Uttarakhand,06-01-2013 00:00,14642.28077
3331,Tehri Garhwal,4,5,Uttarakhand,06-01-2013 00:00,14871.8839
3332,Udham Singh Nagar,12,5,Uttarakhand,06-01-2013 00:00,15349.12966
3333,Uttarkashi,1,5,Uttarakhand,06-01-2013 00:00,14504.35437
3334,Bageshwar,8,5,Uttarakhand,06-01-2013 00:00,14726.79072
3335,Almora,9,5,Uttarakhand,06-01-2013 00:00,15069.72741
3336,Chamoli,2,5,Uttarakhand,06-01-2013 00:00,14431.57183
3337,Champawat,10,5,Uttarakhand,06-01-2013 00:00,15059.66681
3338,Dehradun,5,5,Uttarakhand,06-01-2013 00:00,15120.82174
3339,Garhwal,6,5,Uttarakhand,06-01-2013 00:00,15037.31669
3340,Hugli,12,19,West Bengal,06-01-2013 00:00,15256.79821
3341,Jalpaiguri,2,19,West Bengal,06-01-2013 00:00,15246.95455
3342,Koch Bihar,3,19,West Bengal,06-01-2013 00:00,15242.28445
3343,Murshidabad,7,19,West Bengal,06-01-2013 00:00,15201.5485
3344,Puruliya,14,19,West Bengal,06-01-2013 00:00,15321.46437
3345,Kolkata,17,19,West Bengal,06-01-2013 00:00,15405.96488
3346,Maldah,6,19,West Bengal,06-01-2013 00:00,15304.53553
3347,Nadia,10,19,West Bengal,06-01-2013 00:00,15170.26281
3348,North Twenty Four Parganas,11,19,West Bengal,06-01-2013 00:00,15147.02795
3349,Medinipur,15,19,West Bengal,06-01-2013 00:00,15274.60423
3350,South  Twenty Four Parganas,18,19,West Bengal,06-01-2013 00:00,15248.28662
3351,Uttar Dinajpur,4,19,West Bengal,06-01-2013 00:00,15319.25064
3352,Barddhaman,9,19,West Bengal,06-01-2013 00:00,15303.48487
3353,Birbhum,8,19,West Bengal,06-01-2013 00:00,15313.50279
3354,Bankura,13,19,West Bengal,06-01-2013 00:00,15295.3584
3355,Dakshin Dinajpur,5,19,West Bengal,06-01-2013 00:00,15352.53732
3356,Darjiling,1,19,West Bengal,06-01-2013 00:00,15030.23721
3357,Haora,16,19,West Bengal,06-01-2013 00:00,15266.52944
3358,Jashpur,3,22,Chhattisgarh,06-01-2013 00:00,15432.48259
3359,Koriya,1,22,Chhattisgarh,06-01-2013 00:00,15608.31604
3360,Mahasamund,12,22,Chhattisgarh,06-01-2013 00:00,15640.19479
3361,Raigarh,4,22,Chhattisgarh,06-01-2013 00:00,15586.30792
3362,Raipur,11,22,Chhattisgarh,06-01-2013 00:00,15657.46707
3363,Rajnandgaon,9,22,Chhattisgarh,06-01-2013 00:00,15689.87833
3364,Surguja,2,22,Chhattisgarh,06-01-2013 00:00,15555.25133
3365,Bilaspur,7,22,Chhattisgarh,06-01-2013 00:00,15685.53574
3366,Janjgir - Champa,6,22,Chhattisgarh,06-01-2013 00:00,15728.87212
3367,Korba,5,22,Chhattisgarh,06-01-2013 00:00,15562.85911
3368,Kawardha,8,22,Chhattisgarh,06-01-2013 00:00,15745.91761
3369,Bastar,15,22,Chhattisgarh,06-01-2013 00:00,15338.74553
3370,Dantewada,16,22,Chhattisgarh,06-01-2013 00:00,15380.75148
3371,Dhamtari,13,22,Chhattisgarh,06-01-2013 00:00,15547.98965
3372,Durg,10,22,Chhattisgarh,06-01-2013 00:00,15724.75613
3373,Kanker,14,22,Chhattisgarh,06-01-2013 00:00,15562.97106
3374,Central,6,7,Delhi  & NCR,06-01-2013 00:00,15446.81882
3375,East,4,7,Delhi  & NCR,06-01-2013 00:00,15420.76214
3376,New Delhi,5,7,Delhi  & NCR,06-01-2013 00:00,15426.84738
3377,North,2,7,Delhi  & NCR,06-01-2013 00:00,15411.39913
3378,North East,3,7,Delhi  & NCR,06-01-2013 00:00,15424.72299
3379,North West,1,7,Delhi  & NCR,06-01-2013 00:00,15516.9718
3380,South,9,7,Delhi  & NCR,06-01-2013 00:00,15483.90131
3381,South West,8,7,Delhi  & NCR,06-01-2013 00:00,15623.20855
3382,West,7,7,Delhi  & NCR,06-01-2013 00:00,15505.2723
3383,Hathras,13,9,Uttar Pradesh,06-01-2013 00:00,15567.01863
3384,Jalaun,35,9,Uttar Pradesh,06-01-2013 00:00,15680.24124
3385,Jaunpur,64,9,Uttar Pradesh,06-01-2013 00:00,15701.97639
3386,Jhansi,36,9,Uttar Pradesh,06-01-2013 00:00,15722.33048
3387,Jyotiba Phule Nagar,6,9,Uttar Pradesh,06-01-2013 00:00,15289.82692
3388,Kannauj,30,9,Uttar Pradesh,06-01-2013 00:00,15429.0325
3389,Kanpur Nagar,34,9,Uttar Pradesh,06-01-2013 00:00,15410.48962
3390,Kaushambi,44,9,Uttar Pradesh,06-01-2013 00:00,15611.33956
3391,Kheri,23,9,Uttar Pradesh,06-01-2013 00:00,15333.54239
3392,Mirzapur,69,9,Uttar Pradesh,06-01-2013 00:00,15753.69691
3393,Moradabad,4,9,Uttar Pradesh,06-01-2013 00:00,15279.22983
3394,Muzaffarnagar,2,9,Uttar Pradesh,06-01-2013 00:00,15298.37598
3395,Rae Bareli,28,9,Uttar Pradesh,06-01-2013 00:00,15468.50094
3396,Kushinagar,59,9,Uttar Pradesh,06-01-2013 00:00,15377.3157
3397,Lucknow,27,9,Uttar Pradesh,06-01-2013 00:00,15291.7073
3398,Lalitpur,37,9,Uttar Pradesh,06-01-2013 00:00,15729.54262
3399,Mahrajganj,57,9,Uttar Pradesh,06-01-2013 00:00,15511.59734
3400,Mahoba,39,9,Uttar Pradesh,06-01-2013 00:00,15793.54833
3401,Mainpuri,18,9,Uttar Pradesh,06-01-2013 00:00,15464.55026
3402,Mathura,14,9,Uttar Pradesh,06-01-2013 00:00,15740.6109
3403,Mau,62,9,Uttar Pradesh,06-01-2013 00:00,15584.89052
3404,Meerut,7,9,Uttar Pradesh,06-01-2013 00:00,15318.0472
3405,Pilibhit,21,9,Uttar Pradesh,06-01-2013 00:00,15351.53979
3406,Pratapgarh,43,9,Uttar Pradesh,06-01-2013 00:00,15411.83731
3407,Rampur,5,9,Uttar Pradesh,06-01-2013 00:00,15279.48876
3408,Sant Ravidas Nagar Bhadohi,68,9,Uttar Pradesh,06-01-2013 00:00,15745.67593
3409,Sant Kabir Nagar,56,9,Uttar Pradesh,06-01-2013 00:00,15550.82679
3410,Shahjahanpur,22,9,Uttar Pradesh,06-01-2013 00:00,15413.41628
3411,Shrawasti,51,9,Uttar Pradesh,06-01-2013 00:00,15320.3015
3412,Saharanpur,1,9,Uttar Pradesh,06-01-2013 00:00,15307.42748
3413,Sitapur,24,9,Uttar Pradesh,06-01-2013 00:00,15357.3216
3414,Sultanpur,49,9,Uttar Pradesh,06-01-2013 00:00,15418.12691
3415,Sonbhadra,70,9,Uttar Pradesh,06-01-2013 00:00,15724.43325
3416,Siddharthnagar,54,9,Uttar Pradesh,06-01-2013 00:00,15545.85081
3417,Unnao,26,9,Uttar Pradesh,06-01-2013 00:00,15377.04615
3418,Varanasi,67,9,Uttar Pradesh,06-01-2013 00:00,15769.4882
3419,Bulandshahr,11,9,Uttar Pradesh,06-01-2013 00:00,15400.99558
3420,Gautam Buddha Nagar,10,9,Uttar Pradesh,06-01-2013 00:00,15529.76065
3421,Ghaziabad,9,9,Uttar Pradesh,06-01-2013 00:00,15355.33397
3422,Auraiya,32,9,Uttar Pradesh,06-01-2013 00:00,15583.99326
3423,Azamgarh,61,9,Uttar Pradesh,06-01-2013 00:00,15553.97411
3424,Budaun,19,9,Uttar Pradesh,06-01-2013 00:00,15398.19929
3425,Agra,15,9,Uttar Pradesh,06-01-2013 00:00,15676.8795
3426,Aligarh,12,9,Uttar Pradesh,06-01-2013 00:00,15509.11938
3427,Allahabad,45,9,Uttar Pradesh,06-01-2013 00:00,15653.86717
3428,Ambedkar Nagar,48,9,Uttar Pradesh,06-01-2013 00:00,15460.91175
3429,Bareilly,20,9,Uttar Pradesh,06-01-2013 00:00,15370.67607
3430,Bijnor,3,9,Uttar Pradesh,06-01-2013 00:00,15296.40407
3431,Basti,55,9,Uttar Pradesh,06-01-2013 00:00,15465.52268
3432,Baghpat,8,9,Uttar Pradesh,06-01-2013 00:00,15365.72877
3433,Bahraich,50,9,Uttar Pradesh,06-01-2013 00:00,15277.57158
3434,Ballia,63,9,Uttar Pradesh,06-01-2013 00:00,15475.04331
3435,Balrampur,52,9,Uttar Pradesh,06-01-2013 00:00,15417.85087
3436,Banda,40,9,Uttar Pradesh,06-01-2013 00:00,15789.22961
3437,Barabanki,46,9,Uttar Pradesh,06-01-2013 00:00,15237.14487
3438,Chitrakoot,41,9,Uttar Pradesh,06-01-2013 00:00,15753.26565
3439,Chandauli,66,9,Uttar Pradesh,06-01-2013 00:00,15710.0345
3440,Deoria,60,9,Uttar Pradesh,06-01-2013 00:00,15408.28011
3441,Etah,17,9,Uttar Pradesh,06-01-2013 00:00,15496.5271
3442,Kanpur Dehat,33,9,Uttar Pradesh,06-01-2013 00:00,15527.1914
3443,Etawah,31,9,Uttar Pradesh,06-01-2013 00:00,15558.55318
3444,Faizabad,47,9,Uttar Pradesh,06-01-2013 00:00,15253.31169
3445,Ghazipur,65,9,Uttar Pradesh,06-01-2013 00:00,15694.80041
3446,Gonda,53,9,Uttar Pradesh,06-01-2013 00:00,15365.43707
3447,Gorakhpur,58,9,Uttar Pradesh,06-01-2013 00:00,15499.75477
3448,Farrukhabad,29,9,Uttar Pradesh,06-01-2013 00:00,15474.53176
3449,Fatehpur,42,9,Uttar Pradesh,06-01-2013 00:00,15593.07645
3450,Firozabad,16,9,Uttar Pradesh,06-01-2013 00:00,15621.9999
3451,Hamirpur,38,9,Uttar Pradesh,06-01-2013 00:00,15790.36166
3452,Hardoi,25,9,Uttar Pradesh,06-01-2013 00:00,15412.82293
3453,Hyderabad,5,28,Andhra Pradesh,06-01-2013 00:00,15489.99096
3454,Khammam,10,28,Andhra Pradesh,06-01-2013 00:00,15586.91092
3455,Medak,4,28,Andhra Pradesh,06-01-2013 00:00,15617.65808
3456,Krishna,16,28,Andhra Pradesh,06-01-2013 00:00,15590.09286
3457,Kurnool,21,28,Andhra Pradesh,06-01-2013 00:00,15464.27162
3458,Mahbubnagar,7,28,Andhra Pradesh,06-01-2013 00:00,15425.47172
3459,Nalgonda,8,28,Andhra Pradesh,06-01-2013 00:00,15625.71431
3460,Nellore,19,28,Andhra Pradesh,06-01-2013 00:00,15755.06215
3461,Nizamabad,2,28,Andhra Pradesh,06-01-2013 00:00,15657.63498
3462,Prakasam,18,28,Andhra Pradesh,06-01-2013 00:00,15653.65596
3463,Rangareddi,6,28,Andhra Pradesh,06-01-2013 00:00,15502.60147
3464,Srikakulam,11,28,Andhra Pradesh,06-01-2013 00:00,15520.33481
3465,West Godavari,15,28,Andhra Pradesh,06-01-2013 00:00,15445.38716
3466,Visakhapatnam,13,28,Andhra Pradesh,06-01-2013 00:00,15379.94365
3467,Vizianagaram,12,28,Andhra Pradesh,06-01-2013 00:00,15492.01997
3468,Warangal,9,28,Andhra Pradesh,06-01-2013 00:00,15625.04376
3469,Anantapur,22,28,Andhra Pradesh,06-01-2013 00:00,15519.18737
3470,Adilabad,1,28,Andhra Pradesh,06-01-2013 00:00,15771.74333
3471,Chittoor,23,28,Andhra Pradesh,06-01-2013 00:00,15560.69678
3472,Cuddapah,20,28,Andhra Pradesh,06-01-2013 00:00,15605.53405
3473,East Godavari,14,28,Andhra Pradesh,06-01-2013 00:00,15337.02962
3474,Karimnagar,3,28,Andhra Pradesh,06-01-2013 00:00,15730.39757
3475,Guntur,17,28,Andhra Pradesh,06-01-2013 00:00,15679.61017
3476,Hoshangabad,37,23,Madhya Pradesh,06-01-2013 00:00,15719.96316
3477,Indore,26,23,Madhya Pradesh,06-01-2013 00:00,15594.84196
3478,Jabalpur,39,23,Madhya Pradesh,06-01-2013 00:00,15876.74561
3479,Jhabua,24,23,Madhya Pradesh,06-01-2013 00:00,15660.96937
3480,Mandsaur,19,23,Madhya Pradesh,06-01-2013 00:00,15731.73033
3481,Tikamgarh,8,23,Madhya Pradesh,06-01-2013 00:00,15695.6582
3482,Narsimhapur,40,23,Madhya Pradesh,06-01-2013 00:00,15756.33144
3483,Neemuch,18,23,Madhya Pradesh,06-01-2013 00:00,15728.70871
3484,Panna,10,23,Madhya Pradesh,06-01-2013 00:00,15835.84686
3485,Raisen,34,23,Madhya Pradesh,06-01-2013 00:00,15876.09792
3486,Rajgarh,30,23,Madhya Pradesh,06-01-2013 00:00,15832.49367
3487,Satna,13,23,Madhya Pradesh,06-01-2013 00:00,15806.28794
3488,Sehore,33,23,Madhya Pradesh,06-01-2013 00:00,15780.93968
3489,Seoni,44,23,Madhya Pradesh,06-01-2013 00:00,15893.66809
3490,Shajapur,22,23,Madhya Pradesh,06-01-2013 00:00,15784.1211
3491,Shivpuri,6,23,Madhya Pradesh,06-01-2013 00:00,15648.54887
3492,Ratlam,20,23,Madhya Pradesh,06-01-2013 00:00,15697.24703
3493,Rewa,14,23,Madhya Pradesh,06-01-2013 00:00,15722.43388
3494,Sagar,11,23,Madhya Pradesh,06-01-2013 00:00,15865.64048
3495,Sidhi,17,23,Madhya Pradesh,06-01-2013 00:00,15723.78134
3496,Ujjain,21,23,Madhya Pradesh,06-01-2013 00:00,15691.46734
3497,Vidisha,31,23,Madhya Pradesh,06-01-2013 00:00,15884.10464
3498,West Nimar,27,23,Madhya Pradesh,06-01-2013 00:00,15708.74601
3499,Morena,2,23,Madhya Pradesh,06-01-2013 00:00,15676.73354
3500,Sheopur,1,23,Madhya Pradesh,06-01-2013 00:00,15729.02863
3501,Dindori,41,23,Madhya Pradesh,06-01-2013 00:00,15740.09225
3502,Mandla,42,23,Madhya Pradesh,06-01-2013 00:00,15774.63475
3503,Shahdol,16,23,Madhya Pradesh,06-01-2013 00:00,15768.14965
3504,Umaria,15,23,Madhya Pradesh,06-01-2013 00:00,15780.07322
3505,Bhind,3,23,Madhya Pradesh,06-01-2013 00:00,15659.05418
3506,Bhopal,32,23,Madhya Pradesh,06-01-2013 00:00,15815.25625
3507,Barwani,28,23,Madhya Pradesh,06-01-2013 00:00,15703.35117
3508,Betul,35,23,Madhya Pradesh,06-01-2013 00:00,15804.11305
3509,Balaghat,45,23,Madhya Pradesh,06-01-2013 00:00,15647.44059
3510,Chhatarpur,9,23,Madhya Pradesh,06-01-2013 00:00,15748.8284
3511,Chhindwara,43,23,Madhya Pradesh,06-01-2013 00:00,15837.27919
3512,Dewas,23,23,Madhya Pradesh,06-01-2013 00:00,15692.82559
3513,Katni,38,23,Madhya Pradesh,06-01-2013 00:00,15823.38052
3514,Datia,5,23,Madhya Pradesh,06-01-2013 00:00,15690.4999
3515,Damoh,12,23,Madhya Pradesh,06-01-2013 00:00,15866.72232
3516,Dhar,25,23,Madhya Pradesh,06-01-2013 00:00,15573.96075
3517,East Nimar,29,23,Madhya Pradesh,06-01-2013 00:00,15758.24183
3518,Guna,7,23,Madhya Pradesh,06-01-2013 00:00,15729.43874
3519,Gwalior,4,23,Madhya Pradesh,06-01-2013 00:00,15690.19605
3520,Harda,36,23,Madhya Pradesh,06-01-2013 00:00,15789.85811
3521,Kangra,2,2,Himachal Pradesh,06-01-2013 00:00,15066.68618
3522,Kinnaur,12,2,Himachal Pradesh,06-01-2013 00:00,14396.34523
3523,Lahul & Spiti,3,2,Himachal Pradesh,06-01-2013 00:00,14431.11553
3524,Kullu,4,2,Himachal Pradesh,06-01-2013 00:00,14477.31336
3525,Mandi,5,2,Himachal Pradesh,06-01-2013 00:00,15035.97269
3526,Shimla,11,2,Himachal Pradesh,06-01-2013 00:00,14842.88591
3527,Sirmaur,10,2,Himachal Pradesh,06-01-2013 00:00,15121.09758
3528,Solan,9,2,Himachal Pradesh,06-01-2013 00:00,15232.01702
3529,Una,7,2,Himachal Pradesh,06-01-2013 00:00,15386.71018
3530,Bilaspur,8,2,Himachal Pradesh,06-01-2013 00:00,15267.09148
3531,Chamba,1,2,Himachal Pradesh,06-01-2013 00:00,14658.57137
3532,Hamirpur,6,2,Himachal Pradesh,06-01-2013 00:00,15285.71088
3533,Data Not Available,99,99,Jammu and Kashmir,06-01-2013 00:00,14583.24386
3534,Jammu,13,1,Jammu and Kashmir,06-01-2013 00:00,15494.55584
3535,Kargil,8,1,Jammu and Kashmir,06-01-2013 00:00,14720.34307
3536,Kathua,14,1,Jammu and Kashmir,06-01-2013 00:00,15286.87608
3537,Leh (Ladakh),7,1,Jammu and Kashmir,06-01-2013 00:00,14944.67122
3538,Kupwara,1,1,Jammu and Kashmir,06-01-2013 00:00,14906.44514
3539,Punch,11,1,Jammu and Kashmir,06-01-2013 00:00,15070.70341
3540,Pulwama,5,1,Jammu and Kashmir,06-01-2013 00:00,15006.68134
3541,Rajauri,12,1,Jammu and Kashmir,06-01-2013 00:00,15278.22054
3542,Srinagar,3,1,Jammu and Kashmir,06-01-2013 00:00,14680.69788
3543,Udhampur,10,1,Jammu and Kashmir,06-01-2013 00:00,15085.73737
3544,Anantnag,6,1,Jammu and Kashmir,06-01-2013 00:00,14714.46484
3545,Badgam,4,1,Jammu and Kashmir,06-01-2013 00:00,14902.3625
3546,Baramula,2,1,Jammu and Kashmir,06-01-2013 00:00,14795.25859
3547,Doda,9,1,Jammu and Kashmir,06-01-2013 00:00,14552.39459
3548,Lohit,11,12,Arunanchal Pradesh,06-01-2013 00:00,14862.95352
3549,Lower Subansiri,5,12,Arunanchal Pradesh,06-01-2013 00:00,14757.52325
3550,Papum Pare,4,12,Arunanchal Pradesh,06-01-2013 00:00,15025.95025
3551,Tawang,1,12,Arunanchal Pradesh,06-01-2013 00:00,14482.17408
3552,Tirap,13,12,Arunanchal Pradesh,06-01-2013 00:00,15198.77108
3553,West Kameng,2,12,Arunanchal Pradesh,06-01-2013 00:00,14793.79978
3554,West Siang,7,12,Arunanchal Pradesh,06-01-2013 00:00,14955.28398
3555,Upper Siang,9,12,Arunanchal Pradesh,06-01-2013 00:00,14792.07461
3556,Upper Subansiri,6,12,Arunanchal Pradesh,06-01-2013 00:00,14711.95445
3557,Changlang,12,12,Arunanchal Pradesh,06-01-2013 00:00,15108.77403
3558,Dibang Valley,10,12,Arunanchal Pradesh,06-01-2013 00:00,14760.06031
3559,East Kameng,3,12,Arunanchal Pradesh,06-01-2013 00:00,14832.11514
3560,East Siang,8,12,Arunanchal Pradesh,06-01-2013 00:00,15210.77317
3561,Nicobars,2,35,Andaman & Nicobar Island,06-01-2013 00:00,14907.10212
3562,Andamans,1,35,Andaman & Nicobar Island,06-01-2013 00:00,14941.45288
3563,Lakshadweep,1,31,Lakshadweep,07-01-2013 00:00,14920.37411
3564,Chandigarh,1,4,Chandigarh,07-01-2013 00:00,15294.01051
3565,North Goa,1,30,Goa,07-01-2013 00:00,14941
3566,South Goa,2,30,Goa,07-01-2013 00:00,14902.62954
3567,Jorhat,17,18,Assam,07-01-2013 00:00,15026.47266
3568,Karimganj,22,18,Assam,07-01-2013 00:00,15122.07836
3569,Kokrajhar,1,18,Assam,07-01-2013 00:00,15101.07679
3570,Lakhimpur,12,18,Assam,07-01-2013 00:00,15085.87255
3571,Nagaon,10,18,Assam,07-01-2013 00:00,15132.03139
3572,Marigaon,9,18,Assam,07-01-2013 00:00,15040.55467
3573,Nalbari,7,18,Assam,07-01-2013 00:00,14989.11507
3574,North Cachar Hills,20,18,Assam,07-01-2013 00:00,15044.80568
3575,Sonitpur,11,18,Assam,07-01-2013 00:00,15073.83662
3576,Sibsagar,16,18,Assam,07-01-2013 00:00,15125.43543
3577,Tinsukia,14,18,Assam,07-01-2013 00:00,14807.23972
3578,Barpeta,5,18,Assam,07-01-2013 00:00,14966.84475
3579,Bongaigaon,4,18,Assam,07-01-2013 00:00,15003.62912
3580,Cachar,21,18,Assam,07-01-2013 00:00,15117.64135
3581,Darrang,8,18,Assam,07-01-2013 00:00,14927.45959
3582,Dhemaji,13,18,Assam,07-01-2013 00:00,14318.91033
3583,Dhubri,2,18,Assam,07-01-2013 00:00,14985.26466
3584,Dibrugarh,15,18,Assam,07-01-2013 00:00,14708.55627
3585,Kamrup,6,18,Assam,07-01-2013 00:00,15099.63496
3586,Karbi Anglong,19,18,Assam,07-01-2013 00:00,15075.16795
3587,Goalpara,3,18,Assam,07-01-2013 00:00,14912.26171
3588,Golaghat,18,18,Assam,07-01-2013 00:00,15036.56647
3589,Hailakandi,23,18,Assam,07-01-2013 00:00,15076.64195
3590,Jamui,37,10,Bihar,07-01-2013 00:00,15240.69745
3591,Kishanganj,8,10,Bihar,07-01-2013 00:00,15041.66791
3592,Muzaffarpur,14,10,Bihar,07-01-2013 00:00,15157.0024
3593,Purnia,9,10,Bihar,07-01-2013 00:00,15064.15889
3594,Khagaria,21,10,Bihar,07-01-2013 00:00,15141.40301
3595,Madhubani,5,10,Bihar,07-01-2013 00:00,14382.32932
3596,Lakhisarai,25,10,Bihar,07-01-2013 00:00,15164.87778
3597,Madhepura,11,10,Bihar,07-01-2013 00:00,15058.33049
3598,Purba Champaran,2,10,Bihar,07-01-2013 00:00,15225.11979
3599,Munger,24,10,Bihar,07-01-2013 00:00,15081.94718
3600,Nalanda,27,10,Bihar,07-01-2013 00:00,15395.35292
3601,Nawada,36,10,Bihar,07-01-2013 00:00,15240.27097
3602,Pashchim Champaran,1,10,Bihar,07-01-2013 00:00,14900.96761
3603,Patna,28,10,Bihar,07-01-2013 00:00,15267.86291
3604,Samastipur,19,10,Bihar,07-01-2013 00:00,15125.98203
3605,Sheikhpura,26,10,Bihar,07-01-2013 00:00,15499.35748
3606,Saharsa,12,10,Bihar,07-01-2013 00:00,15111.71386
3607,Sitamarhi,4,10,Bihar,07-01-2013 00:00,14400.68852
3608,Siwan,16,10,Bihar,07-01-2013 00:00,14990.0646
3609,Supaul,6,10,Bihar,07-01-2013 00:00,15038.16685
3610,Vaishali,18,10,Bihar,07-01-2013 00:00,15166.44828
3611,Kaimur (Bhabua),31,10,Bihar,07-01-2013 00:00,15203.73156
3612,Gaya,35,10,Bihar,07-01-2013 00:00,15500.03007
3613,Bhojpur,29,10,Bihar,07-01-2013 00:00,15200.65415
3614,Buxar,30,10,Bihar,07-01-2013 00:00,15290.65076
3615,Jehanabad,33,10,Bihar,07-01-2013 00:00,15453.16942
3616,Rohtas,32,10,Bihar,07-01-2013 00:00,15307.28326
3617,Araria,7,10,Bihar,07-01-2013 00:00,15031.74887
3618,Aurangabad,34,10,Bihar,07-01-2013 00:00,15531.93303
3619,Banka,23,10,Bihar,07-01-2013 00:00,15199.91767
3620,Bhagalpur,22,10,Bihar,07-01-2013 00:00,15114.45453
3621,Begusarai,20,10,Bihar,07-01-2013 00:00,15155.39161
3622,Saran,17,10,Bihar,07-01-2013 00:00,15167.91885
3623,Katihar,10,10,Bihar,07-01-2013 00:00,15049.42513
3624,Darbhanga,13,10,Bihar,07-01-2013 00:00,14684.2277
3625,Gopalganj,15,10,Bihar,07-01-2013 00:00,15125.27986
3626,Idukki,9,32,Kerala,07-01-2013 00:00,14702.37087
3627,Kollam,13,32,Kerala,07-01-2013 00:00,14935.98193
3628,Kottayam,10,32,Kerala,07-01-2013 00:00,14843.81275
3629,Kozhikode,4,32,Kerala,07-01-2013 00:00,14867.9971
3630,Malappuram,5,32,Kerala,07-01-2013 00:00,14892.60944
3631,Palakkad,6,32,Kerala,07-01-2013 00:00,14859.37829
3632,Pathanamthitta,12,32,Kerala,07-01-2013 00:00,14907.27059
3633,Thrissur,7,32,Kerala,07-01-2013 00:00,14934.75221
3634,Thiruvananthapuram,14,32,Kerala,07-01-2013 00:00,14931.61264
3635,Wayanad,3,32,Kerala,07-01-2013 00:00,14799.44586
3636,Alappuzha,11,32,Kerala,07-01-2013 00:00,14973.41172
3637,Kasaragod,1,32,Kerala,07-01-2013 00:00,14984.9057
3638,Kannur,2,32,Kerala,07-01-2013 00:00,14939.75685
3639,Ernakulam,8,32,Kerala,07-01-2013 00:00,14951.69417
3640,Jajapur,13,21,Orissa,07-01-2013 00:00,15176.94796
3641,Jagatsinghapur,11,21,Orissa,07-01-2013 00:00,15373.70561
3642,Jharsuguda,2,21,Orissa,07-01-2013 00:00,15085.92696
3643,Khordha,17,21,Orissa,07-01-2013 00:00,15259.31909
3644,Mayurbhanj,7,21,Orissa,07-01-2013 00:00,15206.53016
3645,Puri,18,21,Orissa,07-01-2013 00:00,15297.20772
3646,Koraput,29,21,Orissa,07-01-2013 00:00,15069.16383
3647,Malkangiri,30,21,Orissa,07-01-2013 00:00,14903.50691
3648,Nabarangapur,28,21,Orissa,07-01-2013 00:00,15250.2347
3649,Nayagarh,16,21,Orissa,07-01-2013 00:00,15118.49371
3650,Nuapada,25,21,Orissa,07-01-2013 00:00,15188.81593
3651,Kandhamal,21,21,Orissa,07-01-2013 00:00,15093.93922
3652,Sambalpur,3,21,Orissa,07-01-2013 00:00,15049.94078
3653,Rayagada,27,21,Orissa,07-01-2013 00:00,15174.49535
3654,Sundargarh,5,21,Orissa,07-01-2013 00:00,15078.27163
3655,Sonapur,23,21,Orissa,07-01-2013 00:00,15245.84137
3656,Anugul,15,21,Orissa,07-01-2013 00:00,15216.33342
3657,Bhadrak,9,21,Orissa,07-01-2013 00:00,15251.77358
3658,Baudh,22,21,Orissa,07-01-2013 00:00,15253.64404
3659,Balangir,24,21,Orissa,07-01-2013 00:00,15227.06167
3660,Baleshwar,8,21,Orissa,07-01-2013 00:00,15144.99132
3661,Bargarh,1,21,Orissa,07-01-2013 00:00,14943.76127
3662,Kendrapara,10,21,Orissa,07-01-2013 00:00,15205.15625
3663,Kendujhar,6,21,Orissa,07-01-2013 00:00,15206.16575
3664,Debagarh,4,21,Orissa,07-01-2013 00:00,15081.50928
3665,Cuttack,12,21,Orissa,07-01-2013 00:00,15213.71384
3666,Dhenkanal,14,21,Orissa,07-01-2013 00:00,15195.15972
3667,Kalahandi,26,21,Orissa,07-01-2013 00:00,15216.01071
3668,Ganjam,19,21,Orissa,07-01-2013 00:00,15188.79578
3669,Gajapati,20,21,Orissa,07-01-2013 00:00,15068.22357
3670,Hoshiarpur,5,3,Punjab,07-01-2013 00:00,15150.656
3671,Jalandhar,4,3,Punjab,07-01-2013 00:00,15229.12177
3672,Kapurthala,3,3,Punjab,07-01-2013 00:00,15196.36529
3673,Ludhiana,9,3,Punjab,07-01-2013 00:00,15230.99404
3674,Mansa,15,3,Punjab,07-01-2013 00:00,15397.8633
3675,Moga,10,3,Punjab,07-01-2013 00:00,15146.08251
3676,Muktsar,12,3,Punjab,07-01-2013 00:00,15320.26524
3677,Nawanshahr,6,3,Punjab,07-01-2013 00:00,15149.97005
3678,Patiala,17,3,Punjab,07-01-2013 00:00,15228.41555
3679,Sangrur,16,3,Punjab,07-01-2013 00:00,15249.80768
3680,Rupnagar,7,3,Punjab,07-01-2013 00:00,15168.34455
3681,Amritsar,2,3,Punjab,07-01-2013 00:00,15217.92005
3682,Firozpur,11,3,Punjab,07-01-2013 00:00,15299.90152
3683,Bathinda,14,3,Punjab,07-01-2013 00:00,15378.21031
3684,Gurdaspur,1,3,Punjab,07-01-2013 00:00,15190.16857
3685,Faridkot,13,3,Punjab,07-01-2013 00:00,15251.3925
3686,Fatehgarh Sahib,8,3,Punjab,07-01-2013 00:00,15197.57798
3687,North,1,11,Sikkim,07-01-2013 00:00,14031.3839
3688,South,3,11,Sikkim,07-01-2013 00:00,14638.42109
3689,West,2,11,Sikkim,07-01-2013 00:00,14303.13829
3690,East,4,11,Sikkim,07-01-2013 00:00,14470.94293
3691,Jamnagar,10,24,Gujarat,07-01-2013 00:00,15307.36599
3692,Mahesana,4,24,Gujarat,07-01-2013 00:00,14810.40123
3693,Narmada,20,24,Gujarat,07-01-2013 00:00,14815.48527
3694,Navsari,24,24,Gujarat,07-01-2013 00:00,14769.53377
3695,Panch Mahals,17,24,Gujarat,07-01-2013 00:00,14292.20367
3696,Patan,3,24,Gujarat,07-01-2013 00:00,15228.48115
3697,Porbandar,11,24,Gujarat,07-01-2013 00:00,15272.65023
3698,Rajkot,9,24,Gujarat,07-01-2013 00:00,15408.52981
3699,Sabar Kantha,5,24,Gujarat,07-01-2013 00:00,15080.05331
3700,Surendranagar,8,24,Gujarat,07-01-2013 00:00,15274.04361
3701,The Dangs,23,24,Gujarat,07-01-2013 00:00,14949.45068
3702,Vadodara,19,24,Gujarat,07-01-2013 00:00,14721.08651
3703,Valsad,25,24,Gujarat,07-01-2013 00:00,14972.98582
3704,Bharuch,21,24,Gujarat,07-01-2013 00:00,15142.52596
3705,Surat,22,24,Gujarat,07-01-2013 00:00,15140.42361
3706,Anand,15,24,Gujarat,07-01-2013 00:00,15073.71231
3707,Ahmadabad,7,24,Gujarat,07-01-2013 00:00,15126.42613
3708,Amreli,13,24,Gujarat,07-01-2013 00:00,15369.3713
3709,Bhavnagar,14,24,Gujarat,07-01-2013 00:00,15030.14437
3710,Banas Kantha,2,24,Gujarat,07-01-2013 00:00,15412.14191
3711,Dohad,18,24,Gujarat,07-01-2013 00:00,14168.04294
3712,Junagadh,12,24,Gujarat,07-01-2013 00:00,15165.69277
3713,Kachchh,1,24,Gujarat,07-01-2013 00:00,15346.69846
3714,Hisar,12,6,Haryana,07-01-2013 00:00,15622.71379
3715,Jind,9,6,Haryana,07-01-2013 00:00,15463.32552
3716,Kaithal,5,6,Haryana,07-01-2013 00:00,15271.58215
3717,Karnal,6,6,Haryana,07-01-2013 00:00,15223.19592
3718,Kurukshetra,4,6,Haryana,07-01-2013 00:00,15208.89164
3719,Panchkula,1,6,Haryana,07-01-2013 00:00,15119.93649
3720,Panipat,7,6,Haryana,07-01-2013 00:00,15404.45043
3721,Rohtak,14,6,Haryana,07-01-2013 00:00,15519.98141
3722,Sirsa,11,6,Haryana,07-01-2013 00:00,15542.13425
3723,Sonipat,8,6,Haryana,07-01-2013 00:00,15472.8505
3724,Yamunanagar,3,6,Haryana,07-01-2013 00:00,15179.66972
3725,Jhajjar,15,6,Haryana,07-01-2013 00:00,15458.44219
3726,Mahendragarh,16,6,Haryana,07-01-2013 00:00,15454.47418
3727,Rewari,17,6,Haryana,07-01-2013 00:00,15471.49352
3728,Bhiwani,13,6,Haryana,07-01-2013 00:00,15614.41781
3729,Ambala,2,6,Haryana,07-01-2013 00:00,15225.71145
3730,Gurgaon,18,6,Haryana,07-01-2013 00:00,15453.98998
3731,Faridabad,19,6,Haryana,07-01-2013 00:00,15432.88341
3732,Fatehabad,10,6,Haryana,07-01-2013 00:00,15488.08182
3733,Imphal East,7,14,Manipur,07-01-2013 00:00,15004.60764
3734,Imphal West,6,14,Manipur,07-01-2013 00:00,15135.66023
3735,Senapati (Excl. 3 sub-divisions),1,14,Manipur,07-01-2013 00:00,14880.89274
3736,Tamenglong,2,14,Manipur,07-01-2013 00:00,15062.34874
3737,Thoubal,5,14,Manipur,07-01-2013 00:00,14840.41948
3738,Ukhrul,8,14,Manipur,07-01-2013 00:00,15034.40175
3739,Bishnupur,4,14,Manipur,07-01-2013 00:00,14914.8661
3740,Chandel,9,14,Manipur,07-01-2013 00:00,14843.41193
3741,Churachandpur,3,14,Manipur,07-01-2013 00:00,15043.12336
3742,Kolasib,2,15,Mizoram,07-01-2013 00:00,15089.19335
3743,Mamit,1,15,Mizoram,07-01-2013 00:00,15076.30004
3744,Lunglei,6,15,Mizoram,07-01-2013 00:00,15015.9565
3745,Lawngtlai,7,15,Mizoram,07-01-2013 00:00,15009.72595
3746,Saiha,8,15,Mizoram,07-01-2013 00:00,14939.48874
3747,Serchhip,5,15,Mizoram,07-01-2013 00:00,14936.75395
3748,Aizawl,3,15,Mizoram,07-01-2013 00:00,15056.42746
3749,Champhai,4,15,Mizoram,07-01-2013 00:00,14887.37561
3750,North Tripura,4,16,Tripura,07-01-2013 00:00,15119.96805
3751,South Tripura,2,16,Tripura,07-01-2013 00:00,15034.42185
3752,West Tripura,1,16,Tripura,07-01-2013 00:00,15087.52454
3753,Dhalai,3,16,Tripura,07-01-2013 00:00,15080.04632
3754,Mokokchung,3,13,Nagaland,07-01-2013 00:00,14999.71725
3755,Mon,1,13,Nagaland,07-01-2013 00:00,15012.02828
3756,Phek,8,13,Nagaland,07-01-2013 00:00,14935.15377
3757,Tuensang,2,13,Nagaland,07-01-2013 00:00,14840.70499
3758,Wokha,5,13,Nagaland,07-01-2013 00:00,15027.20014
3759,Zunheboto,4,13,Nagaland,07-01-2013 00:00,14895.04364
3760,Dimapur,6,13,Nagaland,07-01-2013 00:00,15099.69582
3761,Kohima,7,13,Nagaland,07-01-2013 00:00,15003.32794
3762,Purbi Singhbhum,18,20,Jharkhand,07-01-2013 00:00,15140.8874
3763,Lohardaga,15,20,Jharkhand,07-01-2013 00:00,15155.1077
3764,Pakaur,10,20,Jharkhand,07-01-2013 00:00,15340.41757
3765,Pashchimi Singhbhum,17,20,Jharkhand,07-01-2013 00:00,15171.16621
3766,Ranchi,14,20,Jharkhand,07-01-2013 00:00,15237.95915
3767,Sahibganj,9,20,Jharkhand,07-01-2013 00:00,15167.86
3768,Garhwa,1,20,Jharkhand,07-01-2013 00:00,15363.12644
3769,Palamu,2,20,Jharkhand,07-01-2013 00:00,15326.52671
3770,Chatra,3,20,Jharkhand,07-01-2013 00:00,15374.27638
3771,Hazaribagh,4,20,Jharkhand,07-01-2013 00:00,15256.9542
3772,Kodarma,5,20,Jharkhand,07-01-2013 00:00,15322.42428
3773,Bokaro,13,20,Jharkhand,07-01-2013 00:00,15258.15565
3774,Deoghar,7,20,Jharkhand,07-01-2013 00:00,15296.13819
3775,Dhanbad,12,20,Jharkhand,07-01-2013 00:00,15199.78712
3776,Dumka,11,20,Jharkhand,07-01-2013 00:00,15281.0075
3777,Giridih,6,20,Jharkhand,07-01-2013 00:00,15283.24184
3778,Godda,8,20,Jharkhand,07-01-2013 00:00,15241.06325
3779,Gumla,16,20,Jharkhand,07-01-2013 00:00,15179.7739
3780,Hassan,23,29,Karnataka,07-01-2013 00:00,15060.90767
3781,Haveri,11,29,Karnataka,07-01-2013 00:00,14989.45708
3782,Kodagu,25,29,Karnataka,07-01-2013 00:00,14833.40786
3783,Kolar,19,29,Karnataka,07-01-2013 00:00,15449.50925
3784,Mandya,22,29,Karnataka,07-01-2013 00:00,15204.78904
3785,Koppal,7,29,Karnataka,07-01-2013 00:00,15547.60556
3786,Mysore,26,29,Karnataka,07-01-2013 00:00,14844.70814
3787,Raichur,6,29,Karnataka,07-01-2013 00:00,15333.9848
3788,Shimoga,15,29,Karnataka,07-01-2013 00:00,14963.79457
3789,Tumkur,18,29,Karnataka,07-01-2013 00:00,15337.78955
3790,Udupi,16,29,Karnataka,07-01-2013 00:00,15055.81182
3791,Uttara Kannada,10,29,Karnataka,07-01-2013 00:00,14770.01916
3792,Bagalkot,2,29,Karnataka,07-01-2013 00:00,15511.48372
3793,Bangalore,20,29,Karnataka,07-01-2013 00:00,15236.50994
3794,Bidar,5,29,Karnataka,07-01-2013 00:00,15258.6523
3795,Bijapur,3,29,Karnataka,07-01-2013 00:00,15546.93775
3796,Belgaum,1,29,Karnataka,07-01-2013 00:00,15332.32148
3797,Bellary,12,29,Karnataka,07-01-2013 00:00,15322.39661
3798,Bangalore Rural,21,29,Karnataka,07-01-2013 00:00,15329.92142
3799,Chamarajanagar,27,29,Karnataka,07-01-2013 00:00,15106.94578
3800,Chikmagalur,17,29,Karnataka,07-01-2013 00:00,15110.13272
3801,Chitradurga,13,29,Karnataka,07-01-2013 00:00,15376.95009
3802,Dakshina Kannada,24,29,Karnataka,07-01-2013 00:00,14913.2968
3803,Davanagere,14,29,Karnataka,07-01-2013 00:00,14992.38531
3804,Dharwad,9,29,Karnataka,07-01-2013 00:00,15209.31124
3805,Gulbarga,4,29,Karnataka,07-01-2013 00:00,15268.95409
3806,Gadag,8,29,Karnataka,07-01-2013 00:00,15513.62853
3807,Jaintia Hills,7,17,Meghalaya,07-01-2013 00:00,14986.09981
3808,Ri Bhoi,5,17,Meghalaya,07-01-2013 00:00,15107.54045
3809,South Garo Hills,3,17,Meghalaya,07-01-2013 00:00,15127.26867
3810,West Garo Hills,1,17,Meghalaya,07-01-2013 00:00,15087.69223
3811,West Khasi Hills,4,17,Meghalaya,07-01-2013 00:00,14998.88128
3812,East Garo Hills,2,17,Meghalaya,07-01-2013 00:00,15032.64079
3813,East Khasi Hills,6,17,Meghalaya,07-01-2013 00:00,14979.67923
3814,Jaipur,12,8,Rajasthan,07-01-2013 00:00,15448.1295
3815,Jaisalmer,16,8,Rajasthan,07-01-2013 00:00,15985.1983
3816,Jalor,18,8,Rajasthan,07-01-2013 00:00,15525.52598
3817,Jhalawar,32,8,Rajasthan,07-01-2013 00:00,15594.18169
3818,Jhunjhunun,5,8,Rajasthan,07-01-2013 00:00,15518.87585
3819,Jodhpur,15,8,Rajasthan,07-01-2013 00:00,15712.29939
3820,Kota,30,8,Rajasthan,07-01-2013 00:00,15448.69429
3821,Nagaur,14,8,Rajasthan,07-01-2013 00:00,15622.77273
3822,Pali,20,8,Rajasthan,07-01-2013 00:00,15498.2427
3823,Rajsamand,25,8,Rajasthan,07-01-2013 00:00,15404.93807
3824,Sawai Madhopur,10,8,Rajasthan,07-01-2013 00:00,15337.4141
3825,Sirohi,19,8,Rajasthan,07-01-2013 00:00,15341.61315
3826,Tonk,22,8,Rajasthan,07-01-2013 00:00,15426.52948
3827,Sikar,13,8,Rajasthan,07-01-2013 00:00,15470.90981
3828,Alwar,6,8,Rajasthan,07-01-2013 00:00,15317.58828
3829,Udaipur,26,8,Rajasthan,07-01-2013 00:00,15321.21322
3830,Ganganagar,1,8,Rajasthan,07-01-2013 00:00,15708.32738
3831,Hanumangarh,2,8,Rajasthan,07-01-2013 00:00,15722.11228
3832,Baran,31,8,Rajasthan,07-01-2013 00:00,15326.58345
3833,Ajmer,21,8,Rajasthan,07-01-2013 00:00,15448.5383
3834,Banswara,28,8,Rajasthan,07-01-2013 00:00,15164.00784
3835,Barmer,17,8,Rajasthan,07-01-2013 00:00,15702.9117
3836,Bhilwara,24,8,Rajasthan,07-01-2013 00:00,15441.90292
3837,Bikaner,3,8,Rajasthan,07-01-2013 00:00,15881.29967
3838,Bharatpur,7,8,Rajasthan,07-01-2013 00:00,15286.31813
3839,Bundi,23,8,Rajasthan,07-01-2013 00:00,15394.97037
3840,Chittaurgarh,29,8,Rajasthan,07-01-2013 00:00,15414.72631
3841,Churu,4,8,Rajasthan,07-01-2013 00:00,15699.72079
3842,Dausa,11,8,Rajasthan,07-01-2013 00:00,15317.93021
3843,Dhaulpur,8,8,Rajasthan,07-01-2013 00:00,15252.70699
3844,Dungarpur,27,8,Rajasthan,07-01-2013 00:00,15277.41175
3845,Karauli,9,8,Rajasthan,07-01-2013 00:00,15292.08844
3846,Pondicherry,2,34,Puducherry,07-01-2013 00:00,15575.12803
3847,Yanam,1,34,Puducherry,07-01-2013 00:00,15097.97718
3848,Karaikal,4,34,Puducherry,07-01-2013 00:00,15623.82144
3849,Mahe,3,34,Puducherry,07-01-2013 00:00,14984.34563
3850,Kanniyakumari,30,33,Tamil Nadu,07-01-2013 00:00,15016.16546
3851,Karur,14,33,Tamil Nadu,07-01-2013 00:00,15694.51576
3852,Madurai,24,33,Tamil Nadu,07-01-2013 00:00,15684.18058
3853,Namakkal,9,33,Tamil Nadu,07-01-2013 00:00,15544.30598
3854,The Nilgiris,11,33,Tamil Nadu,07-01-2013 00:00,14730.16687
3855,Perambalur,16,33,Tamil Nadu,07-01-2013 00:00,15867.27129
3856,Pudukkottai,22,33,Tamil Nadu,07-01-2013 00:00,15707.10013
3857,Ramanathapuram,27,33,Tamil Nadu,07-01-2013 00:00,15913.73403
3858,Salem,8,33,Tamil Nadu,07-01-2013 00:00,15480.47046
3859,Sivaganga,23,33,Tamil Nadu,07-01-2013 00:00,15748.28157
3860,Tiruchirappalli,15,33,Tamil Nadu,07-01-2013 00:00,15666.85872
3861,Tirunelveli,29,33,Tamil Nadu,07-01-2013 00:00,15505.53796
3862,Tiruvannamalai,6,33,Tamil Nadu,07-01-2013 00:00,15528.25314
3863,Thoothukkudi,28,33,Tamil Nadu,07-01-2013 00:00,15875.30348
3864,Theni,25,33,Tamil Nadu,07-01-2013 00:00,15289.15327
3865,Vellore,4,33,Tamil Nadu,07-01-2013 00:00,15456.17343
3866,Viluppuram,7,33,Tamil Nadu,07-01-2013 00:00,15656.23959
3867,Virudhunagar,26,33,Tamil Nadu,07-01-2013 00:00,15874.7006
3868,Chennai,2,33,Tamil Nadu,07-01-2013 00:00,15403.59053
3869,Kancheepuram,3,33,Tamil Nadu,07-01-2013 00:00,15385.97953
3870,Thiruvallur,1,33,Tamil Nadu,07-01-2013 00:00,15482.82616
3871,Thanjavur,21,33,Tamil Nadu,07-01-2013 00:00,15629.49703
3872,Thiruvarur,20,33,Tamil Nadu,07-01-2013 00:00,15671.92055
3873,Nagapattinam,19,33,Tamil Nadu,07-01-2013 00:00,15591.77813
3874,Ariyalur,17,33,Tamil Nadu,07-01-2013 00:00,15771.11252
3875,Coimbatore,12,33,Tamil Nadu,07-01-2013 00:00,15273.49804
3876,Cuddalore,18,33,Tamil Nadu,07-01-2013 00:00,15624.60827
3877,Dharmapuri,5,33,Tamil Nadu,07-01-2013 00:00,15455.46341
3878,Dindigul,13,33,Tamil Nadu,07-01-2013 00:00,15353.0507
3879,Erode,10,33,Tamil Nadu,07-01-2013 00:00,15551.3213
3880,Daman,2,25,Daman & Diu,07-01-2013 00:00,15109.30843
3881,Diu,1,25,Daman & Diu,07-01-2013 00:00,14594.45709
3882,Hingoli,16,27,Maharashtra,07-01-2013 00:00,15369.94599
3883,Jalgaon,3,27,Maharashtra,07-01-2013 00:00,15447.83379
3884,Jalna,18,27,Maharashtra,07-01-2013 00:00,15068.36689
3885,Kolhapur,34,27,Maharashtra,07-01-2013 00:00,14997.31613
3886,Latur,28,27,Maharashtra,07-01-2013 00:00,15211.7004
3887,Pune,25,27,Maharashtra,07-01-2013 00:00,15103.87518
3888,Nagpur,9,27,Maharashtra,07-01-2013 00:00,14989.97686
3889,Mumbai,23,27,Maharashtra,07-01-2013 00:00,15320.48814
3890,Mumbai (Suburban),22,27,Maharashtra,07-01-2013 00:00,15249.99468
3891,Nanded,15,27,Maharashtra,07-01-2013 00:00,15331.57612
3892,Nandurbar,1,27,Maharashtra,07-01-2013 00:00,15146.73177
3893,Nashik,20,27,Maharashtra,07-01-2013 00:00,15063.62226
3894,Osmanabad,29,27,Maharashtra,07-01-2013 00:00,15187.58992
3895,Parbhani,17,27,Maharashtra,07-01-2013 00:00,15479.88691
3896,Sangli,35,27,Maharashtra,07-01-2013 00:00,15413.10464
3897,Satara,31,27,Maharashtra,07-01-2013 00:00,15180.29107
3898,Ratnagiri,32,27,Maharashtra,07-01-2013 00:00,14870.17954
3899,Raigarh,24,27,Maharashtra,07-01-2013 00:00,14966.89393
3900,Thane,21,27,Maharashtra,07-01-2013 00:00,15163.63625
3901,Solapur,30,27,Maharashtra,07-01-2013 00:00,15309.68434
3902,Sindhudurg,33,27,Maharashtra,07-01-2013 00:00,14945.2211
3903,Wardha,8,27,Maharashtra,07-01-2013 00:00,15266.18888
3904,Washim,6,27,Maharashtra,07-01-2013 00:00,15513.20986
3905,Yavatmal,14,27,Maharashtra,07-01-2013 00:00,15383.00017
3906,Aurangabad,19,27,Maharashtra,07-01-2013 00:00,14963.13163
3907,Ahmadnagar,26,27,Maharashtra,07-01-2013 00:00,15060.53219
3908,Akola,5,27,Maharashtra,07-01-2013 00:00,15345.68085
3909,Amravati,7,27,Maharashtra,07-01-2013 00:00,15439.81929
3910,Bid,27,27,Maharashtra,07-01-2013 00:00,15167.42257
3911,Buldana,4,27,Maharashtra,07-01-2013 00:00,15456.42996
3912,Chandrapur,13,27,Maharashtra,07-01-2013 00:00,15087.03994
3913,Dhule,2,27,Maharashtra,07-01-2013 00:00,15493.95641
3914,Gadchiroli,12,27,Maharashtra,07-01-2013 00:00,14604.83982
3915,Gondiya,11,27,Maharashtra,07-01-2013 00:00,14886.5874
3916,Hardwar,13,5,Uttarakhand,07-01-2013 00:00,15148.18361
3917,Nainital,11,5,Uttarakhand,07-01-2013 00:00,14848.06053
3918,Pithoragarh,7,5,Uttarakhand,07-01-2013 00:00,14350.00947
3919,Rudraprayag,3,5,Uttarakhand,07-01-2013 00:00,14488.93427
3920,Tehri Garhwal,4,5,Uttarakhand,07-01-2013 00:00,14752.11705
3921,Udham Singh Nagar,12,5,Uttarakhand,07-01-2013 00:00,14797.23444
3922,Uttarkashi,1,5,Uttarakhand,07-01-2013 00:00,14509.60755
3923,Bageshwar,8,5,Uttarakhand,07-01-2013 00:00,14620.81747
3924,Almora,9,5,Uttarakhand,07-01-2013 00:00,14959.82672
3925,Chamoli,2,5,Uttarakhand,07-01-2013 00:00,14326.40403
3926,Champawat,10,5,Uttarakhand,07-01-2013 00:00,14633.99161
3927,Dehradun,5,5,Uttarakhand,07-01-2013 00:00,15015.27259
3928,Garhwal,6,5,Uttarakhand,07-01-2013 00:00,14904.82615
3929,Hugli,12,19,West Bengal,07-01-2013 00:00,15135.41523
3930,Jalpaiguri,2,19,West Bengal,07-01-2013 00:00,15023.80713
3931,Koch Bihar,3,19,West Bengal,07-01-2013 00:00,14992.81865
3932,Murshidabad,7,19,West Bengal,07-01-2013 00:00,15055.02749
3933,Puruliya,14,19,West Bengal,07-01-2013 00:00,15290.08826
3934,Kolkata,17,19,West Bengal,07-01-2013 00:00,15369.6988
3935,Maldah,6,19,West Bengal,07-01-2013 00:00,15111.83528
3936,Nadia,10,19,West Bengal,07-01-2013 00:00,15075.77979
3937,North Twenty Four Parganas,11,19,West Bengal,07-01-2013 00:00,15083.04215
3938,Medinipur,15,19,West Bengal,07-01-2013 00:00,15252.88116
3939,South  Twenty Four Parganas,18,19,West Bengal,07-01-2013 00:00,15150.21896
3940,Uttar Dinajpur,4,19,West Bengal,07-01-2013 00:00,15048.82304
3941,Barddhaman,9,19,West Bengal,07-01-2013 00:00,15256.96709
3942,Birbhum,8,19,West Bengal,07-01-2013 00:00,15364.11512
3943,Bankura,13,19,West Bengal,07-01-2013 00:00,15256.47512
3944,Dakshin Dinajpur,5,19,West Bengal,07-01-2013 00:00,13783.37656
3945,Darjiling,1,19,West Bengal,07-01-2013 00:00,14592.986
3946,Haora,16,19,West Bengal,07-01-2013 00:00,15169.2401
3947,Jashpur,3,22,Chhattisgarh,07-01-2013 00:00,15118.12614
3948,Koriya,1,22,Chhattisgarh,07-01-2013 00:00,15087.32158
3949,Mahasamund,12,22,Chhattisgarh,07-01-2013 00:00,15029.86501
3950,Raigarh,4,22,Chhattisgarh,07-01-2013 00:00,15079.82757
3951,Raipur,11,22,Chhattisgarh,07-01-2013 00:00,15097.15756
3952,Rajnandgaon,9,22,Chhattisgarh,07-01-2013 00:00,14978.38388
3953,Surguja,2,22,Chhattisgarh,07-01-2013 00:00,15162.86796
3954,Bilaspur,7,22,Chhattisgarh,07-01-2013 00:00,15060.60968
3955,Janjgir - Champa,6,22,Chhattisgarh,07-01-2013 00:00,15120.11348
3956,Korba,5,22,Chhattisgarh,07-01-2013 00:00,15035.20131
3957,Kawardha,8,22,Chhattisgarh,07-01-2013 00:00,15011.99595
3958,Bastar,15,22,Chhattisgarh,07-01-2013 00:00,15065.1622
3959,Dantewada,16,22,Chhattisgarh,07-01-2013 00:00,15034.88682
3960,Dhamtari,13,22,Chhattisgarh,07-01-2013 00:00,15046.66366
3961,Durg,10,22,Chhattisgarh,07-01-2013 00:00,15403.70101
3962,Kanker,14,22,Chhattisgarh,07-01-2013 00:00,15079.44022
3963,Central,6,7,Delhi  & NCR,07-01-2013 00:00,15402.30054
3964,East,4,7,Delhi  & NCR,07-01-2013 00:00,15355.64165
3965,New Delhi,5,7,Delhi  & NCR,07-01-2013 00:00,15411.84307
3966,North,2,7,Delhi  & NCR,07-01-2013 00:00,15269.81898
3967,North East,3,7,Delhi  & NCR,07-01-2013 00:00,15362.90001
3968,North West,1,7,Delhi  & NCR,07-01-2013 00:00,15391.43752
3969,South,9,7,Delhi  & NCR,07-01-2013 00:00,15343.15279
3970,South West,8,7,Delhi  & NCR,07-01-2013 00:00,15369.80376
3971,West,7,7,Delhi  & NCR,07-01-2013 00:00,15374.62449
3972,Hathras,13,9,Uttar Pradesh,07-01-2013 00:00,15322.58261
3973,Jalaun,35,9,Uttar Pradesh,07-01-2013 00:00,15338.33617
3974,Jhansi,36,9,Uttar Pradesh,07-01-2013 00:00,15365.4014
3975,Jyotiba Phule Nagar,6,9,Uttar Pradesh,07-01-2013 00:00,15179.47305
3976,Kannauj,30,9,Uttar Pradesh,07-01-2013 00:00,15234.76706
3977,Kanpur Nagar,34,9,Uttar Pradesh,07-01-2013 00:00,15360.34736
3978,Kaushambi,44,9,Uttar Pradesh,07-01-2013 00:00,15135.28258
3979,Kheri,23,9,Uttar Pradesh,07-01-2013 00:00,15166.95905
3980,Mirzapur,69,9,Uttar Pradesh,07-01-2013 00:00,15130.51318
3981,Moradabad,4,9,Uttar Pradesh,07-01-2013 00:00,15136.82219
3982,Muzaffarnagar,2,9,Uttar Pradesh,07-01-2013 00:00,15148.10625
3983,Rae Bareli,28,9,Uttar Pradesh,07-01-2013 00:00,15131.10835
3984,Kushinagar,59,9,Uttar Pradesh,07-01-2013 00:00,14954.5181
3985,Lucknow,27,9,Uttar Pradesh,07-01-2013 00:00,15268.64055
3986,Lalitpur,37,9,Uttar Pradesh,07-01-2013 00:00,15135.95111
3987,Mahrajganj,57,9,Uttar Pradesh,07-01-2013 00:00,15154.74968
3988,Mahoba,39,9,Uttar Pradesh,07-01-2013 00:00,15342.80397
3989,Mainpuri,18,9,Uttar Pradesh,07-01-2013 00:00,15275.15445
3990,Mathura,14,9,Uttar Pradesh,07-01-2013 00:00,15122.45021
3991,Mau,62,9,Uttar Pradesh,07-01-2013 00:00,15128.33033
3992,Meerut,7,9,Uttar Pradesh,07-01-2013 00:00,15191.79253
3993,Pilibhit,21,9,Uttar Pradesh,07-01-2013 00:00,15072.38523
3994,Pratapgarh,43,9,Uttar Pradesh,07-01-2013 00:00,15164.43203
3995,Rampur,5,9,Uttar Pradesh,07-01-2013 00:00,14904.43981
3996,Sant Ravidas Nagar Bhadohi,68,9,Uttar Pradesh,07-01-2013 00:00,15307.01048
3997,Sant Kabir Nagar,56,9,Uttar Pradesh,07-01-2013 00:00,15115.64537
3998,Shahjahanpur,22,9,Uttar Pradesh,07-01-2013 00:00,15135.33711
3999,Shrawasti,51,9,Uttar Pradesh,07-01-2013 00:00,15177.80521
4000,Saharanpur,1,9,Uttar Pradesh,07-01-2013 00:00,15161.58187
4001,Sitapur,24,9,Uttar Pradesh,07-01-2013 00:00,14991.39413
4002,Sultanpur,49,9,Uttar Pradesh,07-01-2013 00:00,15188.16979
4003,Sonbhadra,70,9,Uttar Pradesh,07-01-2013 00:00,15189.53307
4004,Siddharthnagar,54,9,Uttar Pradesh,07-01-2013 00:00,15161.11794
4005,Unnao,26,9,Uttar Pradesh,07-01-2013 00:00,15164.28636
4006,Varanasi,67,9,Uttar Pradesh,07-01-2013 00:00,15243.38888
4007,Bulandshahr,11,9,Uttar Pradesh,07-01-2013 00:00,15175.95847
4008,Gautam Buddha Nagar,10,9,Uttar Pradesh,07-01-2013 00:00,15338.86007
4009,Ghaziabad,9,9,Uttar Pradesh,07-01-2013 00:00,15205.0031
4010,Auraiya,32,9,Uttar Pradesh,07-01-2013 00:00,15326.31709
4011,Azamgarh,61,9,Uttar Pradesh,07-01-2013 00:00,15076.81779
4012,Budaun,19,9,Uttar Pradesh,07-01-2013 00:00,15093.88099
4013,Agra,15,9,Uttar Pradesh,07-01-2013 00:00,15269.2004
4014,Aligarh,12,9,Uttar Pradesh,07-01-2013 00:00,15253.20682
4015,Allahabad,45,9,Uttar Pradesh,07-01-2013 00:00,15098.71133
4016,Ambedkar Nagar,48,9,Uttar Pradesh,07-01-2013 00:00,15116.91287
4017,Bareilly,20,9,Uttar Pradesh,07-01-2013 00:00,14978.77506
4018,Bijnor,3,9,Uttar Pradesh,07-01-2013 00:00,15150.25607
4019,Basti,55,9,Uttar Pradesh,07-01-2013 00:00,15112.09166
4020,Baghpat,8,9,Uttar Pradesh,07-01-2013 00:00,15194.99791
4021,Bahraich,50,9,Uttar Pradesh,07-01-2013 00:00,15047.36429
4022,Ballia,63,9,Uttar Pradesh,07-01-2013 00:00,15121.38568
4023,Balrampur,52,9,Uttar Pradesh,07-01-2013 00:00,15166.39666
4024,Banda,40,9,Uttar Pradesh,07-01-2013 00:00,15177.85131
4025,Barabanki,46,9,Uttar Pradesh,07-01-2013 00:00,15063.65901
4026,Chitrakoot,41,9,Uttar Pradesh,07-01-2013 00:00,15079.93353
4027,Chandauli,66,9,Uttar Pradesh,07-01-2013 00:00,15206.49614
4028,Deoria,60,9,Uttar Pradesh,07-01-2013 00:00,14700.24304
4029,Etah,17,9,Uttar Pradesh,07-01-2013 00:00,15219.70144
4030,Kanpur Dehat,33,9,Uttar Pradesh,07-01-2013 00:00,15315.73066
4031,Etawah,31,9,Uttar Pradesh,07-01-2013 00:00,15286.99328
4032,Faizabad,47,9,Uttar Pradesh,07-01-2013 00:00,15134.49498
4033,Ghazipur,65,9,Uttar Pradesh,07-01-2013 00:00,15157.56852
4034,Gonda,53,9,Uttar Pradesh,07-01-2013 00:00,15115.61081
4035,Gorakhpur,58,9,Uttar Pradesh,07-01-2013 00:00,15090.37646
4036,Farrukhabad,29,9,Uttar Pradesh,07-01-2013 00:00,15172.18204
4037,Fatehpur,42,9,Uttar Pradesh,07-01-2013 00:00,15169.98695
4038,Firozabad,16,9,Uttar Pradesh,07-01-2013 00:00,15131.78671
4039,Hamirpur,38,9,Uttar Pradesh,07-01-2013 00:00,15379.13323
4040,Hardoi,25,9,Uttar Pradesh,07-01-2013 00:00,15135.69571
4041,Khammam,10,28,Andhra Pradesh,07-01-2013 00:00,15192.82216
4042,Medak,4,28,Andhra Pradesh,07-01-2013 00:00,15039.99378
4043,Krishna,16,28,Andhra Pradesh,07-01-2013 00:00,15499.23719
4044,Kurnool,21,28,Andhra Pradesh,07-01-2013 00:00,15179.63692
4045,Mahbubnagar,7,28,Andhra Pradesh,07-01-2013 00:00,15197.60534
4046,Nalgonda,8,28,Andhra Pradesh,07-01-2013 00:00,15516.29961
4047,Nellore,19,28,Andhra Pradesh,07-01-2013 00:00,15460.56698
4048,Nizamabad,2,28,Andhra Pradesh,07-01-2013 00:00,14987.709
4049,Prakasam,18,28,Andhra Pradesh,07-01-2013 00:00,15741.44915
4050,Rangareddi,6,28,Andhra Pradesh,07-01-2013 00:00,14950.75755
4051,Srikakulam,11,28,Andhra Pradesh,07-01-2013 00:00,15389.0417
4052,West Godavari,15,28,Andhra Pradesh,07-01-2013 00:00,15175.39803
4053,Visakhapatnam,13,28,Andhra Pradesh,07-01-2013 00:00,15353.82525
4054,Vizianagaram,12,28,Andhra Pradesh,07-01-2013 00:00,15443.03567
4055,Warangal,9,28,Andhra Pradesh,07-01-2013 00:00,15032.00444
4056,Anantapur,22,28,Andhra Pradesh,07-01-2013 00:00,15444.09378
4057,Adilabad,1,28,Andhra Pradesh,07-01-2013 00:00,15280.58075
4058,Chittoor,23,28,Andhra Pradesh,07-01-2013 00:00,15475.963
4059,Cuddapah,20,28,Andhra Pradesh,07-01-2013 00:00,15479.35849
4060,East Godavari,14,28,Andhra Pradesh,07-01-2013 00:00,15146.65097
4061,Karimnagar,3,28,Andhra Pradesh,07-01-2013 00:00,15119.94715
4062,Guntur,17,28,Andhra Pradesh,07-01-2013 00:00,15611.58311
4063,Hoshangabad,37,23,Madhya Pradesh,07-01-2013 00:00,14973.88714
4064,Indore,26,23,Madhya Pradesh,07-01-2013 00:00,15242.10123
4065,Jabalpur,39,23,Madhya Pradesh,07-01-2013 00:00,15090.45311
4066,Jhabua,24,23,Madhya Pradesh,07-01-2013 00:00,14852.95945
4067,Mandsaur,19,23,Madhya Pradesh,07-01-2013 00:00,15364.32973
4068,Tikamgarh,8,23,Madhya Pradesh,07-01-2013 00:00,15221.98271
4069,Narsimhapur,40,23,Madhya Pradesh,07-01-2013 00:00,15065.78141
4070,Neemuch,18,23,Madhya Pradesh,07-01-2013 00:00,15413.17567
4071,Panna,10,23,Madhya Pradesh,07-01-2013 00:00,15146.63659
4072,Raisen,34,23,Madhya Pradesh,07-01-2013 00:00,15184.92084
4073,Rajgarh,30,23,Madhya Pradesh,07-01-2013 00:00,15460.00526
4074,Satna,13,23,Madhya Pradesh,07-01-2013 00:00,15098.53855
4075,Sehore,33,23,Madhya Pradesh,07-01-2013 00:00,15018.31931
4076,Seoni,44,23,Madhya Pradesh,07-01-2013 00:00,15004.71058
4077,Shajapur,22,23,Madhya Pradesh,07-01-2013 00:00,15436.29619
4078,Shivpuri,6,23,Madhya Pradesh,07-01-2013 00:00,15196.7814
4079,Ratlam,20,23,Madhya Pradesh,07-01-2013 00:00,15266.53546
4080,Rewa,14,23,Madhya Pradesh,07-01-2013 00:00,15143.62806
4081,Sagar,11,23,Madhya Pradesh,07-01-2013 00:00,15204.33349
4082,Sidhi,17,23,Madhya Pradesh,07-01-2013 00:00,15214.66394
4083,Ujjain,21,23,Madhya Pradesh,07-01-2013 00:00,15366.11866
4084,Vidisha,31,23,Madhya Pradesh,07-01-2013 00:00,15103.96747
4085,West Nimar,27,23,Madhya Pradesh,07-01-2013 00:00,15458.38512
4086,Morena,2,23,Madhya Pradesh,07-01-2013 00:00,15246.69483
4087,Sheopur,1,23,Madhya Pradesh,07-01-2013 00:00,15264.36868
4088,Dindori,41,23,Madhya Pradesh,07-01-2013 00:00,15121.18225
4089,Mandla,42,23,Madhya Pradesh,07-01-2013 00:00,15032.49833
4090,Shahdol,16,23,Madhya Pradesh,07-01-2013 00:00,15142.98129
4091,Umaria,15,23,Madhya Pradesh,07-01-2013 00:00,15140.00849
4092,Bhind,3,23,Madhya Pradesh,07-01-2013 00:00,15375.46792
4093,Bhopal,32,23,Madhya Pradesh,07-01-2013 00:00,15007.12861
4094,Barwani,28,23,Madhya Pradesh,07-01-2013 00:00,15447.35448
4095,Balaghat,45,23,Madhya Pradesh,07-01-2013 00:00,14956.06394
4096,Chhatarpur,9,23,Madhya Pradesh,07-01-2013 00:00,15159.84266
4097,Chhindwara,43,23,Madhya Pradesh,07-01-2013 00:00,15051.50436
4098,Dewas,23,23,Madhya Pradesh,07-01-2013 00:00,14999
4099,Katni,38,23,Madhya Pradesh,07-01-2013 00:00,15158.63864
4100,Datia,5,23,Madhya Pradesh,07-01-2013 00:00,15314.96837
4101,Damoh,12,23,Madhya Pradesh,07-01-2013 00:00,15132.73301
4102,Dhar,25,23,Madhya Pradesh,07-01-2013 00:00,15280.56174
4103,East Nimar,29,23,Madhya Pradesh,07-01-2013 00:00,15332.15851
4104,Guna,7,23,Madhya Pradesh,07-01-2013 00:00,15168.59379
4105,Gwalior,4,23,Madhya Pradesh,07-01-2013 00:00,15284.83815
4106,Kangra,2,2,Himachal Pradesh,07-01-2013 00:00,14904.98109
4107,Kinnaur,12,2,Himachal Pradesh,07-01-2013 00:00,14646.99422
4108,Lahul & Spiti,3,2,Himachal Pradesh,07-01-2013 00:00,14765.08484
4109,Kullu,4,2,Himachal Pradesh,07-01-2013 00:00,14465.03746
4110,Mandi,5,2,Himachal Pradesh,07-01-2013 00:00,14868.91129
4111,Shimla,11,2,Himachal Pradesh,07-01-2013 00:00,14738.12574
4112,Sirmaur,10,2,Himachal Pradesh,07-01-2013 00:00,14976.8838
4113,Solan,9,2,Himachal Pradesh,07-01-2013 00:00,15022.45028
4114,Una,7,2,Himachal Pradesh,07-01-2013 00:00,15096.62303
4115,Bilaspur,8,2,Himachal Pradesh,07-01-2013 00:00,14998.64914
4116,Chamba,1,2,Himachal Pradesh,07-01-2013 00:00,14635.93118
4117,Hamirpur,6,2,Himachal Pradesh,07-01-2013 00:00,15032.90513
4118,Data Not Available,99,99,Jammu and Kashmir,07-01-2013 00:00,14755.33761
4119,Jammu,13,1,Jammu and Kashmir,07-01-2013 00:00,15246.35528
4120,Kargil,8,1,Jammu and Kashmir,07-01-2013 00:00,15001.35771
4121,Kathua,14,1,Jammu and Kashmir,07-01-2013 00:00,15063.61353
4122,Leh (Ladakh),7,1,Jammu and Kashmir,07-01-2013 00:00,15133.56121
4123,Kupwara,1,1,Jammu and Kashmir,07-01-2013 00:00,14855.17134
4124,Punch,11,1,Jammu and Kashmir,07-01-2013 00:00,14910.99072
4125,Pulwama,5,1,Jammu and Kashmir,07-01-2013 00:00,14931.72523
4126,Rajauri,12,1,Jammu and Kashmir,07-01-2013 00:00,15048.83283
4127,Srinagar,3,1,Jammu and Kashmir,07-01-2013 00:00,14710.34676
4128,Udhampur,10,1,Jammu and Kashmir,07-01-2013 00:00,14908.43996
4129,Anantnag,6,1,Jammu and Kashmir,07-01-2013 00:00,14695.86907
4130,Badgam,4,1,Jammu and Kashmir,07-01-2013 00:00,14857.42461
4131,Baramula,2,1,Jammu and Kashmir,07-01-2013 00:00,14828.16376
4132,Doda,9,1,Jammu and Kashmir,07-01-2013 00:00,14611.99495
4133,Lohit,11,12,Arunanchal Pradesh,07-01-2013 00:00,14324.12129
4134,Lower Subansiri,5,12,Arunanchal Pradesh,07-01-2013 00:00,14666.72823
4135,Papum Pare,4,12,Arunanchal Pradesh,07-01-2013 00:00,14856.81128
4136,Tawang,1,12,Arunanchal Pradesh,07-01-2013 00:00,14264.8672
4137,Tirap,13,12,Arunanchal Pradesh,07-01-2013 00:00,15020.54953
4138,West Kameng,2,12,Arunanchal Pradesh,07-01-2013 00:00,14743.80573
4139,West Siang,7,12,Arunanchal Pradesh,07-01-2013 00:00,14742.52208
4140,Upper Siang,9,12,Arunanchal Pradesh,07-01-2013 00:00,14631.29668
4141,Upper Subansiri,6,12,Arunanchal Pradesh,07-01-2013 00:00,14519.04569
4142,Changlang,12,12,Arunanchal Pradesh,07-01-2013 00:00,14871.4226
4143,Dibang Valley,10,12,Arunanchal Pradesh,07-01-2013 00:00,14427.30932
4144,East Kameng,3,12,Arunanchal Pradesh,07-01-2013 00:00,14608.68753
4145,East Siang,8,12,Arunanchal Pradesh,07-01-2013 00:00,15100.24199
4146,Nicobars,2,35,Andaman & Nicobar Island,07-01-2013 00:00,14960.27899
4147,Andamans,1,35,Andaman & Nicobar Island,07-01-2013 00:00,14927.04206
4148,Lakshadweep,1,31,Lakshadweep,08-01-2013 00:00,14969.3731
4149,Chandigarh,1,4,Chandigarh,08-01-2013 00:00,15228.66588
4150,Dadra & Nagar Haveli,1,26,Dadara & Nagar Havelli,08-01-2013 00:00,14933.3467
4151,North Goa,1,30,Goa,08-01-2013 00:00,14951.55766
4152,South Goa,2,30,Goa,08-01-2013 00:00,14978.99025
4153,Jorhat,17,18,Assam,08-01-2013 00:00,15210.63378
4154,Karimganj,22,18,Assam,08-01-2013 00:00,14989.01752
4155,Kokrajhar,1,18,Assam,08-01-2013 00:00,15126.07044
4156,Lakhimpur,12,18,Assam,08-01-2013 00:00,15245.79425
4157,Nagaon,10,18,Assam,08-01-2013 00:00,15222.00232
4158,Marigaon,9,18,Assam,08-01-2013 00:00,15261.55413
4159,Nalbari,7,18,Assam,08-01-2013 00:00,15173.80201
4160,North Cachar Hills,20,18,Assam,08-01-2013 00:00,15033.04381
4161,Sonitpur,11,18,Assam,08-01-2013 00:00,15250.43707
4162,Sibsagar,16,18,Assam,08-01-2013 00:00,15262.4291
4163,Tinsukia,14,18,Assam,08-01-2013 00:00,15247.47531
4164,Barpeta,5,18,Assam,08-01-2013 00:00,15089.21521
4165,Bongaigaon,4,18,Assam,08-01-2013 00:00,15132.4197
4166,Cachar,21,18,Assam,08-01-2013 00:00,15048.72244
4167,Darrang,8,18,Assam,08-01-2013 00:00,15256.79999
4168,Dhemaji,13,18,Assam,08-01-2013 00:00,15241.54517
4169,Dhubri,2,18,Assam,08-01-2013 00:00,15125.17129
4170,Dibrugarh,15,18,Assam,08-01-2013 00:00,15147.58939
4171,Kamrup,6,18,Assam,08-01-2013 00:00,15126.75653
4172,Karbi Anglong,19,18,Assam,08-01-2013 00:00,15114.35153
4173,Goalpara,3,18,Assam,08-01-2013 00:00,15114.87293
4174,Golaghat,18,18,Assam,08-01-2013 00:00,15184.1886
4175,Hailakandi,23,18,Assam,08-01-2013 00:00,15035.44759
4176,Jamui,37,10,Bihar,08-01-2013 00:00,15238.06335
4177,Kishanganj,8,10,Bihar,08-01-2013 00:00,15190.66548
4178,Muzaffarpur,14,10,Bihar,08-01-2013 00:00,15179.79422
4179,Purnia,9,10,Bihar,08-01-2013 00:00,15137.71169
4180,Khagaria,21,10,Bihar,08-01-2013 00:00,15117.52784
4181,Madhubani,5,10,Bihar,08-01-2013 00:00,15140.10569
4182,Lakhisarai,25,10,Bihar,08-01-2013 00:00,15184.83458
4183,Madhepura,11,10,Bihar,08-01-2013 00:00,14959.80127
4184,Purba Champaran,2,10,Bihar,08-01-2013 00:00,15136.56261
4185,Munger,24,10,Bihar,08-01-2013 00:00,15165.81696
4186,Nalanda,27,10,Bihar,08-01-2013 00:00,15339.52066
4187,Nawada,36,10,Bihar,08-01-2013 00:00,15280.50945
4188,Pashchim Champaran,1,10,Bihar,08-01-2013 00:00,15128.0452
4189,Patna,28,10,Bihar,08-01-2013 00:00,15273.79122
4190,Samastipur,19,10,Bihar,08-01-2013 00:00,15140.58249
4191,Sheikhpura,26,10,Bihar,08-01-2013 00:00,15413.10576
4192,Sheohar,3,10,Bihar,08-01-2013 00:00,15123.29207
4193,Saharsa,12,10,Bihar,08-01-2013 00:00,15067.05114
4194,Sitamarhi,4,10,Bihar,08-01-2013 00:00,15165.30464
4195,Siwan,16,10,Bihar,08-01-2013 00:00,15190.4561
4196,Supaul,6,10,Bihar,08-01-2013 00:00,15057.93816
4197,Vaishali,18,10,Bihar,08-01-2013 00:00,15171.11562
4198,Kaimur (Bhabua),31,10,Bihar,08-01-2013 00:00,15203.34072
4199,Gaya,35,10,Bihar,08-01-2013 00:00,15350.90954
4200,Bhojpur,29,10,Bihar,08-01-2013 00:00,15244.61744
4201,Buxar,30,10,Bihar,08-01-2013 00:00,15242.93142
4202,Jehanabad,33,10,Bihar,08-01-2013 00:00,15293.2668
4203,Rohtas,32,10,Bihar,08-01-2013 00:00,15172.4415
4204,Araria,7,10,Bihar,08-01-2013 00:00,15145.16414
4205,Aurangabad,34,10,Bihar,08-01-2013 00:00,15278.73547
4206,Banka,23,10,Bihar,08-01-2013 00:00,15297.957
4207,Bhagalpur,22,10,Bihar,08-01-2013 00:00,15115.71034
4208,Begusarai,20,10,Bihar,08-01-2013 00:00,15116.67287
4209,Saran,17,10,Bihar,08-01-2013 00:00,15155.08524
4210,Katihar,10,10,Bihar,08-01-2013 00:00,15063.89481
4211,Darbhanga,13,10,Bihar,08-01-2013 00:00,15035.71593
4212,Gopalganj,15,10,Bihar,08-01-2013 00:00,15190.99016
4213,Idukki,9,32,Kerala,08-01-2013 00:00,14962.99641
4214,Kollam,13,32,Kerala,08-01-2013 00:00,15057.26693
4215,Kottayam,10,32,Kerala,08-01-2013 00:00,15047.79406
4216,Kozhikode,4,32,Kerala,08-01-2013 00:00,15070.99765
4217,Malappuram,5,32,Kerala,08-01-2013 00:00,15060.59154
4218,Palakkad,6,32,Kerala,08-01-2013 00:00,14993.56875
4219,Pathanamthitta,12,32,Kerala,08-01-2013 00:00,15099.92165
4220,Thrissur,7,32,Kerala,08-01-2013 00:00,14969.59159
4221,Thiruvananthapuram,14,32,Kerala,08-01-2013 00:00,14965.35144
4222,Wayanad,3,32,Kerala,08-01-2013 00:00,14970.90489
4223,Alappuzha,11,32,Kerala,08-01-2013 00:00,14938.23072
4224,Kasaragod,1,32,Kerala,08-01-2013 00:00,14998.25145
4225,Kannur,2,32,Kerala,08-01-2013 00:00,15082.30751
4226,Ernakulam,8,32,Kerala,08-01-2013 00:00,15009.24319
4227,Jajapur,13,21,Orissa,08-01-2013 00:00,15184.57275
4228,Jagatsinghapur,11,21,Orissa,08-01-2013 00:00,15180.67237
4229,Jharsuguda,2,21,Orissa,08-01-2013 00:00,15139.75192
4230,Khordha,17,21,Orissa,08-01-2013 00:00,15098.47932
4231,Mayurbhanj,7,21,Orissa,08-01-2013 00:00,15181.40943
4232,Puri,18,21,Orissa,08-01-2013 00:00,15101.48034
4233,Koraput,29,21,Orissa,08-01-2013 00:00,15078.70749
4234,Malkangiri,30,21,Orissa,08-01-2013 00:00,15095.44497
4235,Nabarangapur,28,21,Orissa,08-01-2013 00:00,15040.13496
4236,Nayagarh,16,21,Orissa,08-01-2013 00:00,15075.62843
4237,Nuapada,25,21,Orissa,08-01-2013 00:00,15085.40253
4238,Kandhamal,21,21,Orissa,08-01-2013 00:00,15038.6218
4239,Sambalpur,3,21,Orissa,08-01-2013 00:00,15147.21757
4240,Rayagada,27,21,Orissa,08-01-2013 00:00,15141.2225
4241,Sundargarh,5,21,Orissa,08-01-2013 00:00,15114.70324
4242,Sonapur,23,21,Orissa,08-01-2013 00:00,15163.14228
4243,Anugul,15,21,Orissa,08-01-2013 00:00,15148.65976
4244,Bhadrak,9,21,Orissa,08-01-2013 00:00,15218.23866
4245,Baudh,22,21,Orissa,08-01-2013 00:00,15129.82494
4246,Balangir,24,21,Orissa,08-01-2013 00:00,15122.07045
4247,Baleshwar,8,21,Orissa,08-01-2013 00:00,15148.77837
4248,Bargarh,1,21,Orissa,08-01-2013 00:00,15109.65445
4249,Kendrapara,10,21,Orissa,08-01-2013 00:00,15131.20377
4250,Kendujhar,6,21,Orissa,08-01-2013 00:00,15186.99758
4251,Debagarh,4,21,Orissa,08-01-2013 00:00,15120.46191
4252,Cuttack,12,21,Orissa,08-01-2013 00:00,15141.90984
4253,Dhenkanal,14,21,Orissa,08-01-2013 00:00,15209.30275
4254,Kalahandi,26,21,Orissa,08-01-2013 00:00,15096.90062
4255,Ganjam,19,21,Orissa,08-01-2013 00:00,15135.65141
4256,Gajapati,20,21,Orissa,08-01-2013 00:00,15085.96834
4257,Hoshiarpur,5,3,Punjab,08-01-2013 00:00,15099.23909
4258,Jalandhar,4,3,Punjab,08-01-2013 00:00,15066.67379
4259,Kapurthala,3,3,Punjab,08-01-2013 00:00,15067.54506
4260,Ludhiana,9,3,Punjab,08-01-2013 00:00,15069.36568
4261,Mansa,15,3,Punjab,08-01-2013 00:00,15141.14229
4262,Moga,10,3,Punjab,08-01-2013 00:00,15047.68256
4263,Muktsar,12,3,Punjab,08-01-2013 00:00,15102.26911
4264,Nawanshahr,6,3,Punjab,08-01-2013 00:00,15087.06265
4265,Patiala,17,3,Punjab,08-01-2013 00:00,15038.17398
4266,Sangrur,16,3,Punjab,08-01-2013 00:00,15048.29957
4267,Rupnagar,7,3,Punjab,08-01-2013 00:00,15116.53491
4268,Amritsar,2,3,Punjab,08-01-2013 00:00,15039.8454
4269,Firozpur,11,3,Punjab,08-01-2013 00:00,15119.27426
4270,Bathinda,14,3,Punjab,08-01-2013 00:00,15122.91197
4271,Gurdaspur,1,3,Punjab,08-01-2013 00:00,15087.53752
4272,Faridkot,13,3,Punjab,08-01-2013 00:00,15063.88089
4273,Fatehgarh Sahib,8,3,Punjab,08-01-2013 00:00,15036.5591
4274,North,1,11,Sikkim,08-01-2013 00:00,14158.78732
4275,South,3,11,Sikkim,08-01-2013 00:00,14698.23435
4276,West,2,11,Sikkim,08-01-2013 00:00,14443.75657
4277,East,4,11,Sikkim,08-01-2013 00:00,14630.96356
4278,Jamnagar,10,24,Gujarat,08-01-2013 00:00,15153.85594
4279,Kheda,16,24,Gujarat,08-01-2013 00:00,15078.57014
4280,Mahesana,4,24,Gujarat,08-01-2013 00:00,15234.89344
4281,Narmada,20,24,Gujarat,08-01-2013 00:00,14882.06449
4282,Navsari,24,24,Gujarat,08-01-2013 00:00,14854.02382
4283,Panch Mahals,17,24,Gujarat,08-01-2013 00:00,15025.73657
4284,Patan,3,24,Gujarat,08-01-2013 00:00,15236.81539
4285,Porbandar,11,24,Gujarat,08-01-2013 00:00,15072.25046
4286,Rajkot,9,24,Gujarat,08-01-2013 00:00,15189.35909
4287,Sabar Kantha,5,24,Gujarat,08-01-2013 00:00,15051.99276
4288,Surendranagar,8,24,Gujarat,08-01-2013 00:00,15301.25806
4289,The Dangs,23,24,Gujarat,08-01-2013 00:00,14928.2909
4290,Vadodara,19,24,Gujarat,08-01-2013 00:00,15040.53685
4291,Valsad,25,24,Gujarat,08-01-2013 00:00,14977.63363
4292,Bharuch,21,24,Gujarat,08-01-2013 00:00,14945.28443
4293,Surat,22,24,Gujarat,08-01-2013 00:00,14927.4805
4294,Anand,15,24,Gujarat,08-01-2013 00:00,15072.58997
4295,Ahmadabad,7,24,Gujarat,08-01-2013 00:00,15174.30539
4296,Amreli,13,24,Gujarat,08-01-2013 00:00,15254.05425
4297,Bhavnagar,14,24,Gujarat,08-01-2013 00:00,15233.45276
4298,Banas Kantha,2,24,Gujarat,08-01-2013 00:00,15254.52059
4299,Dohad,18,24,Gujarat,08-01-2013 00:00,14973.71777
4300,Junagadh,12,24,Gujarat,08-01-2013 00:00,15063.77974
4301,Kachchh,1,24,Gujarat,08-01-2013 00:00,15302.98691
4302,Gandhinagar,6,24,Gujarat,08-01-2013 00:00,15193.46361
4303,Hisar,12,6,Haryana,08-01-2013 00:00,15215.65826
4304,Jind,9,6,Haryana,08-01-2013 00:00,15077.43639
4305,Kaithal,5,6,Haryana,08-01-2013 00:00,15010.71088
4306,Karnal,6,6,Haryana,08-01-2013 00:00,15105.82174
4307,Kurukshetra,4,6,Haryana,08-01-2013 00:00,15061.73081
4308,Panchkula,1,6,Haryana,08-01-2013 00:00,15104.76404
4309,Panipat,7,6,Haryana,08-01-2013 00:00,15112.85509
4310,Rohtak,14,6,Haryana,08-01-2013 00:00,15129.30155
4311,Sirsa,11,6,Haryana,08-01-2013 00:00,15237.61562
4312,Sonipat,8,6,Haryana,08-01-2013 00:00,15120.29667
4313,Yamunanagar,3,6,Haryana,08-01-2013 00:00,15129.54126
4314,Jhajjar,15,6,Haryana,08-01-2013 00:00,15143.44118
4315,Mahendragarh,16,6,Haryana,08-01-2013 00:00,15176.66159
4316,Rewari,17,6,Haryana,08-01-2013 00:00,15172.27126
4317,Bhiwani,13,6,Haryana,08-01-2013 00:00,15296.93005
4318,Ambala,2,6,Haryana,08-01-2013 00:00,15126.07222
4319,Gurgaon,18,6,Haryana,08-01-2013 00:00,15152.43954
4320,Faridabad,19,6,Haryana,08-01-2013 00:00,15170.3409
4321,Fatehabad,10,6,Haryana,08-01-2013 00:00,15103.65773
4322,Imphal East,7,14,Manipur,08-01-2013 00:00,14985.03178
4323,Imphal West,6,14,Manipur,08-01-2013 00:00,15031.58651
4324,Senapati (Excl. 3 sub-divisions),1,14,Manipur,08-01-2013 00:00,14852.1045
4325,Tamenglong,2,14,Manipur,08-01-2013 00:00,14911.49351
4326,Thoubal,5,14,Manipur,08-01-2013 00:00,14920.23431
4327,Ukhrul,8,14,Manipur,08-01-2013 00:00,14895.45398
4328,Bishnupur,4,14,Manipur,08-01-2013 00:00,14888.98427
4329,Chandel,9,14,Manipur,08-01-2013 00:00,14927.00215
4330,Churachandpur,3,14,Manipur,08-01-2013 00:00,14933.07904
4331,Kolasib,2,15,Mizoram,08-01-2013 00:00,14978.60668
4332,Mamit,1,15,Mizoram,08-01-2013 00:00,14975.02801
4333,Lunglei,6,15,Mizoram,08-01-2013 00:00,14926.44481
4334,Lawngtlai,7,15,Mizoram,08-01-2013 00:00,14968.45099
4335,Saiha,8,15,Mizoram,08-01-2013 00:00,14861.03951
4336,Serchhip,5,15,Mizoram,08-01-2013 00:00,14886.12245
4337,Aizawl,3,15,Mizoram,08-01-2013 00:00,14944.91957
4338,Champhai,4,15,Mizoram,08-01-2013 00:00,14851.36574
4339,North Tripura,4,16,Tripura,08-01-2013 00:00,15059.94605
4340,South Tripura,2,16,Tripura,08-01-2013 00:00,15067.4069
4341,West Tripura,1,16,Tripura,08-01-2013 00:00,15110.52462
4342,Dhalai,3,16,Tripura,08-01-2013 00:00,15027.35099
4343,Mokokchung,3,13,Nagaland,08-01-2013 00:00,15043.15363
4344,Mon,1,13,Nagaland,08-01-2013 00:00,15089.42418
4345,Phek,8,13,Nagaland,08-01-2013 00:00,14853.98124
4346,Tuensang,2,13,Nagaland,08-01-2013 00:00,14839.83782
4347,Wokha,5,13,Nagaland,08-01-2013 00:00,15042.22861
4348,Zunheboto,4,13,Nagaland,08-01-2013 00:00,14890.55906
4349,Dimapur,6,13,Nagaland,08-01-2013 00:00,15104.9985
4350,Kohima,7,13,Nagaland,08-01-2013 00:00,14931.02679
4351,Purbi Singhbhum,18,20,Jharkhand,08-01-2013 00:00,15197.99721
4352,Lohardaga,15,20,Jharkhand,08-01-2013 00:00,15103.0327
4353,Pakaur,10,20,Jharkhand,08-01-2013 00:00,15191.26913
4354,Pashchimi Singhbhum,17,20,Jharkhand,08-01-2013 00:00,15169.83453
4355,Ranchi,14,20,Jharkhand,08-01-2013 00:00,15116.97825
4356,Sahibganj,9,20,Jharkhand,08-01-2013 00:00,15133.55138
4357,Garhwa,1,20,Jharkhand,08-01-2013 00:00,15149.33489
4358,Palamu,2,20,Jharkhand,08-01-2013 00:00,15144.65984
4359,Chatra,3,20,Jharkhand,08-01-2013 00:00,15133.63181
4360,Hazaribagh,4,20,Jharkhand,08-01-2013 00:00,15127.79398
4361,Kodarma,5,20,Jharkhand,08-01-2013 00:00,15140.24182
4362,Bokaro,13,20,Jharkhand,08-01-2013 00:00,15204.92183
4363,Deoghar,7,20,Jharkhand,08-01-2013 00:00,15371.41001
4364,Dhanbad,12,20,Jharkhand,08-01-2013 00:00,15214.94446
4365,Dumka,11,20,Jharkhand,08-01-2013 00:00,15217.29378
4366,Giridih,6,20,Jharkhand,08-01-2013 00:00,15292.13029
4367,Godda,8,20,Jharkhand,08-01-2013 00:00,15178.68183
4368,Gumla,16,20,Jharkhand,08-01-2013 00:00,15134.23278
4369,Hassan,23,29,Karnataka,08-01-2013 00:00,15046.85841
4370,Haveri,11,29,Karnataka,08-01-2013 00:00,14974.53354
4371,Kodagu,25,29,Karnataka,08-01-2013 00:00,14809.32447
4372,Kolar,19,29,Karnataka,08-01-2013 00:00,15290.6638
4373,Mandya,22,29,Karnataka,08-01-2013 00:00,15179.97666
4374,Koppal,7,29,Karnataka,08-01-2013 00:00,15274.34874
4375,Mysore,26,29,Karnataka,08-01-2013 00:00,15055.0569
4376,Raichur,6,29,Karnataka,08-01-2013 00:00,15385.87438
4377,Shimoga,15,29,Karnataka,08-01-2013 00:00,14883.08243
4378,Tumkur,18,29,Karnataka,08-01-2013 00:00,15246.95801
4379,Udupi,16,29,Karnataka,08-01-2013 00:00,15017.52945
4380,Uttara Kannada,10,29,Karnataka,08-01-2013 00:00,14892.02391
4381,Bagalkot,2,29,Karnataka,08-01-2013 00:00,15354.75474
4382,Bangalore,20,29,Karnataka,08-01-2013 00:00,15102.74976
4383,Bidar,5,29,Karnataka,08-01-2013 00:00,15012.86881
4384,Bijapur,3,29,Karnataka,08-01-2013 00:00,15428.32
4385,Belgaum,1,29,Karnataka,08-01-2013 00:00,15221.50308
4386,Bellary,12,29,Karnataka,08-01-2013 00:00,15224.63828
4387,Bangalore Rural,21,29,Karnataka,08-01-2013 00:00,15119.14845
4388,Chamarajanagar,27,29,Karnataka,08-01-2013 00:00,15271.43502
4389,Chikmagalur,17,29,Karnataka,08-01-2013 00:00,15018.87087
4390,Chitradurga,13,29,Karnataka,08-01-2013 00:00,15253.24494
4391,Dakshina Kannada,24,29,Karnataka,08-01-2013 00:00,14975.97357
4392,Davanagere,14,29,Karnataka,08-01-2013 00:00,14960.96954
4393,Dharwad,9,29,Karnataka,08-01-2013 00:00,15186.11631
4394,Gulbarga,4,29,Karnataka,08-01-2013 00:00,15416.12487
4395,Gadag,8,29,Karnataka,08-01-2013 00:00,15412.57761
4396,Jaintia Hills,7,17,Meghalaya,08-01-2013 00:00,14928.56461
4397,Ri Bhoi,5,17,Meghalaya,08-01-2013 00:00,15018.93681
4398,South Garo Hills,3,17,Meghalaya,08-01-2013 00:00,15000.60668
4399,West Garo Hills,1,17,Meghalaya,08-01-2013 00:00,15063.07246
4400,West Khasi Hills,4,17,Meghalaya,08-01-2013 00:00,14950.47766
4401,East Garo Hills,2,17,Meghalaya,08-01-2013 00:00,15042.7273
4402,East Khasi Hills,6,17,Meghalaya,08-01-2013 00:00,14881.86726
4403,Jaipur,12,8,Rajasthan,08-01-2013 00:00,15148.33438
4404,Jaisalmer,16,8,Rajasthan,08-01-2013 00:00,15783.38937
4405,Jalor,18,8,Rajasthan,08-01-2013 00:00,15297.32587
4406,Jhalawar,32,8,Rajasthan,08-01-2013 00:00,15113.8799
4407,Jhunjhunun,5,8,Rajasthan,08-01-2013 00:00,15267.45844
4408,Jodhpur,15,8,Rajasthan,08-01-2013 00:00,15504.63535
4409,Kota,30,8,Rajasthan,08-01-2013 00:00,15087.82027
4410,Nagaur,14,8,Rajasthan,08-01-2013 00:00,15348.99341
4411,Pali,20,8,Rajasthan,08-01-2013 00:00,15241.16811
4412,Rajsamand,25,8,Rajasthan,08-01-2013 00:00,15045.65612
4413,Sawai Madhopur,10,8,Rajasthan,08-01-2013 00:00,15142.70424
4414,Sirohi,19,8,Rajasthan,08-01-2013 00:00,15091.88165
4415,Tonk,22,8,Rajasthan,08-01-2013 00:00,15154.04776
4416,Sikar,13,8,Rajasthan,08-01-2013 00:00,15209.80455
4417,Alwar,6,8,Rajasthan,08-01-2013 00:00,15090.18293
4418,Udaipur,26,8,Rajasthan,08-01-2013 00:00,14986.88982
4419,Ganganagar,1,8,Rajasthan,08-01-2013 00:00,15535.89137
4420,Hanumangarh,2,8,Rajasthan,08-01-2013 00:00,15468.15525
4421,Baran,31,8,Rajasthan,08-01-2013 00:00,15151.14927
4422,Ajmer,21,8,Rajasthan,08-01-2013 00:00,15157.66315
4423,Banswara,28,8,Rajasthan,08-01-2013 00:00,14937.67244
4424,Barmer,17,8,Rajasthan,08-01-2013 00:00,15459.0016
4425,Bhilwara,24,8,Rajasthan,08-01-2013 00:00,15044.69502
4426,Bikaner,3,8,Rajasthan,08-01-2013 00:00,15777.89042
4427,Bharatpur,7,8,Rajasthan,08-01-2013 00:00,15219.18981
4428,Bundi,23,8,Rajasthan,08-01-2013 00:00,15094.59764
4429,Chittaurgarh,29,8,Rajasthan,08-01-2013 00:00,15020.40315
4430,Churu,4,8,Rajasthan,08-01-2013 00:00,15526.37658
4431,Dausa,11,8,Rajasthan,08-01-2013 00:00,15116.30006
4432,Dhaulpur,8,8,Rajasthan,08-01-2013 00:00,15161.85244
4433,Dungarpur,27,8,Rajasthan,08-01-2013 00:00,14980.56281
4434,Karauli,9,8,Rajasthan,08-01-2013 00:00,15159.93443
4435,Pondicherry,2,34,Puducherry,08-01-2013 00:00,15273.78569
4436,Yanam,1,34,Puducherry,08-01-2013 00:00,15186.90789
4437,Karaikal,4,34,Puducherry,08-01-2013 00:00,15343.65441
4438,Mahe,3,34,Puducherry,08-01-2013 00:00,15070.18193
4439,Kanniyakumari,30,33,Tamil Nadu,08-01-2013 00:00,15013.68257
4440,Karur,14,33,Tamil Nadu,08-01-2013 00:00,15459.31008
4441,Madurai,24,33,Tamil Nadu,08-01-2013 00:00,15589.17723
4442,Namakkal,9,33,Tamil Nadu,08-01-2013 00:00,15435.31141
4443,The Nilgiris,11,33,Tamil Nadu,08-01-2013 00:00,14918.21953
4444,Perambalur,16,33,Tamil Nadu,08-01-2013 00:00,15661.01911
4445,Pudukkottai,22,33,Tamil Nadu,08-01-2013 00:00,15479.00841
4446,Ramanathapuram,27,33,Tamil Nadu,08-01-2013 00:00,15716.65751
4447,Salem,8,33,Tamil Nadu,08-01-2013 00:00,15361.82043
4448,Sivaganga,23,33,Tamil Nadu,08-01-2013 00:00,15550.53008
4449,Tiruchirappalli,15,33,Tamil Nadu,08-01-2013 00:00,15516.75456
4450,Tirunelveli,29,33,Tamil Nadu,08-01-2013 00:00,15528.29739
4451,Tiruvannamalai,6,33,Tamil Nadu,08-01-2013 00:00,15417.73404
4452,Thoothukkudi,28,33,Tamil Nadu,08-01-2013 00:00,15841.5589
4453,Theni,25,33,Tamil Nadu,08-01-2013 00:00,15372.02642
4454,Vellore,4,33,Tamil Nadu,08-01-2013 00:00,15326.09431
4455,Viluppuram,7,33,Tamil Nadu,08-01-2013 00:00,15429.90045
4456,Virudhunagar,26,33,Tamil Nadu,08-01-2013 00:00,15722.4485
4457,Chennai,2,33,Tamil Nadu,08-01-2013 00:00,15336.34132
4458,Kancheepuram,3,33,Tamil Nadu,08-01-2013 00:00,15308.31553
4459,Thiruvallur,1,33,Tamil Nadu,08-01-2013 00:00,15389.56009
4460,Thanjavur,21,33,Tamil Nadu,08-01-2013 00:00,15425.93075
4461,Thiruvarur,20,33,Tamil Nadu,08-01-2013 00:00,15428.58306
4462,Nagapattinam,19,33,Tamil Nadu,08-01-2013 00:00,15397.10919
4463,Ariyalur,17,33,Tamil Nadu,08-01-2013 00:00,15505.02295
4464,Coimbatore,12,33,Tamil Nadu,08-01-2013 00:00,15397.05474
4465,Cuddalore,18,33,Tamil Nadu,08-01-2013 00:00,15453.47913
4466,Dharmapuri,5,33,Tamil Nadu,08-01-2013 00:00,15339.13094
4467,Dindigul,13,33,Tamil Nadu,08-01-2013 00:00,15351.35314
4468,Erode,10,33,Tamil Nadu,08-01-2013 00:00,15527.8026
4469,Daman,2,25,Daman & Diu,08-01-2013 00:00,14990.03127
4470,Diu,1,25,Daman & Diu,08-01-2013 00:00,14996.36506
4471,Hingoli,16,27,Maharashtra,08-01-2013 00:00,15050.61242
4472,Jalgaon,3,27,Maharashtra,08-01-2013 00:00,15073.1394
4473,Jalna,18,27,Maharashtra,08-01-2013 00:00,15058.33672
4474,Kolhapur,34,27,Maharashtra,08-01-2013 00:00,14928.35065
4475,Latur,28,27,Maharashtra,08-01-2013 00:00,15049.59355
4476,Pune,25,27,Maharashtra,08-01-2013 00:00,15106.94999
4477,Nagpur,9,27,Maharashtra,08-01-2013 00:00,15070.92262
4478,Mumbai,23,27,Maharashtra,08-01-2013 00:00,15098.64763
4479,Mumbai (Suburban),22,27,Maharashtra,08-01-2013 00:00,15048.55062
4480,Nanded,15,27,Maharashtra,08-01-2013 00:00,15108.36894
4481,Nandurbar,1,27,Maharashtra,08-01-2013 00:00,14989.73127
4482,Nashik,20,27,Maharashtra,08-01-2013 00:00,14967.37946
4483,Osmanabad,29,27,Maharashtra,08-01-2013 00:00,15241.62236
4484,Parbhani,17,27,Maharashtra,08-01-2013 00:00,15102.99273
4485,Sangli,35,27,Maharashtra,08-01-2013 00:00,15333.66777
4486,Satara,31,27,Maharashtra,08-01-2013 00:00,15180.53904
4487,Ratnagiri,32,27,Maharashtra,08-01-2013 00:00,14929.95725
4488,Raigarh,24,27,Maharashtra,08-01-2013 00:00,14946.52683
4489,Thane,21,27,Maharashtra,08-01-2013 00:00,14970.43606
4490,Solapur,30,27,Maharashtra,08-01-2013 00:00,15401.02286
4491,Sindhudurg,33,27,Maharashtra,08-01-2013 00:00,14969.85278
4492,Wardha,8,27,Maharashtra,08-01-2013 00:00,15129.80176
4493,Washim,6,27,Maharashtra,08-01-2013 00:00,14992.62752
4494,Yavatmal,14,27,Maharashtra,08-01-2013 00:00,15119.35638
4495,Aurangabad,19,27,Maharashtra,08-01-2013 00:00,15026.82151
4496,Ahmadnagar,26,27,Maharashtra,08-01-2013 00:00,15151.54344
4497,Akola,5,27,Maharashtra,08-01-2013 00:00,15018.03776
4498,Amravati,7,27,Maharashtra,08-01-2013 00:00,15041.85558
4499,Bid,27,27,Maharashtra,08-01-2013 00:00,15196.33026
4500,Bhandara,10,27,Maharashtra,08-01-2013 00:00,15065.41162
4501,Buldana,4,27,Maharashtra,08-01-2013 00:00,15008.4673
4502,Chandrapur,13,27,Maharashtra,08-01-2013 00:00,15134.62847
4503,Dhule,2,27,Maharashtra,08-01-2013 00:00,15058.98649
4504,Gadchiroli,12,27,Maharashtra,08-01-2013 00:00,15116.89831
4505,Gondiya,11,27,Maharashtra,08-01-2013 00:00,15056.99331
4506,Hardwar,13,5,Uttarakhand,08-01-2013 00:00,15155.13911
4507,Nainital,11,5,Uttarakhand,08-01-2013 00:00,15066.42701
4508,Pithoragarh,7,5,Uttarakhand,08-01-2013 00:00,14363.34434
4509,Rudraprayag,3,5,Uttarakhand,08-01-2013 00:00,14446.1181
4510,Tehri Garhwal,4,5,Uttarakhand,08-01-2013 00:00,14704.29939
4511,Udham Singh Nagar,12,5,Uttarakhand,08-01-2013 00:00,15154.96187
4512,Uttarkashi,1,5,Uttarakhand,08-01-2013 00:00,14369.80016
4513,Bageshwar,8,5,Uttarakhand,08-01-2013 00:00,14607.31585
4514,Almora,9,5,Uttarakhand,08-01-2013 00:00,14936.63118
4515,Chamoli,2,5,Uttarakhand,08-01-2013 00:00,14278.46783
4516,Champawat,10,5,Uttarakhand,08-01-2013 00:00,14936.31501
4517,Dehradun,5,5,Uttarakhand,08-01-2013 00:00,14992.85523
4518,Garhwal,6,5,Uttarakhand,08-01-2013 00:00,14951.31991
4519,Hugli,12,19,West Bengal,08-01-2013 00:00,15130.31515
4520,Jalpaiguri,2,19,West Bengal,08-01-2013 00:00,15117.44023
4521,Koch Bihar,3,19,West Bengal,08-01-2013 00:00,15170.10212
4522,Murshidabad,7,19,West Bengal,08-01-2013 00:00,15107.76971
4523,Puruliya,14,19,West Bengal,08-01-2013 00:00,15179.20838
4524,Kolkata,17,19,West Bengal,08-01-2013 00:00,15169.44748
4525,Maldah,6,19,West Bengal,08-01-2013 00:00,15070.35906
4526,Nadia,10,19,West Bengal,08-01-2013 00:00,15084.12834
4527,North Twenty Four Parganas,11,19,West Bengal,08-01-2013 00:00,15033.2358
4528,Medinipur,15,19,West Bengal,08-01-2013 00:00,15133.56024
4529,South  Twenty Four Parganas,18,19,West Bengal,08-01-2013 00:00,15047.23047
4530,Uttar Dinajpur,4,19,West Bengal,08-01-2013 00:00,15172.50686
4531,Barddhaman,9,19,West Bengal,08-01-2013 00:00,15194.6777
4532,Birbhum,8,19,West Bengal,08-01-2013 00:00,15211.53148
4533,Bankura,13,19,West Bengal,08-01-2013 00:00,15184.71336
4534,Dakshin Dinajpur,5,19,West Bengal,08-01-2013 00:00,15127.83214
4535,Darjiling,1,19,West Bengal,08-01-2013 00:00,14923.38625
4536,Haora,16,19,West Bengal,08-01-2013 00:00,15140.83686
4537,Jashpur,3,22,Chhattisgarh,08-01-2013 00:00,15058.53681
4538,Koriya,1,22,Chhattisgarh,08-01-2013 00:00,15117.49298
4539,Mahasamund,12,22,Chhattisgarh,08-01-2013 00:00,15042.14755
4540,Raigarh,4,22,Chhattisgarh,08-01-2013 00:00,15047.01836
4541,Raipur,11,22,Chhattisgarh,08-01-2013 00:00,15032.47484
4542,Rajnandgaon,9,22,Chhattisgarh,08-01-2013 00:00,14998.64356
4543,Surguja,2,22,Chhattisgarh,08-01-2013 00:00,15038.53133
4544,Bilaspur,7,22,Chhattisgarh,08-01-2013 00:00,15056.14115
4545,Janjgir - Champa,6,22,Chhattisgarh,08-01-2013 00:00,15027.60249
4546,Korba,5,22,Chhattisgarh,08-01-2013 00:00,15029.1293
4547,Kawardha,8,22,Chhattisgarh,08-01-2013 00:00,15026.7355
4548,Bastar,15,22,Chhattisgarh,08-01-2013 00:00,15069.62728
4549,Dantewada,16,22,Chhattisgarh,08-01-2013 00:00,15085.06352
4550,Dhamtari,13,22,Chhattisgarh,08-01-2013 00:00,15001.71085
4551,Durg,10,22,Chhattisgarh,08-01-2013 00:00,15010.28716
4552,Kanker,14,22,Chhattisgarh,08-01-2013 00:00,15042.96025
4553,Central,6,7,Delhi  & NCR,08-01-2013 00:00,15305.74347
4554,East,4,7,Delhi  & NCR,08-01-2013 00:00,15307.98926
4555,New Delhi,5,7,Delhi  & NCR,08-01-2013 00:00,15218.9915
4556,North,2,7,Delhi  & NCR,08-01-2013 00:00,15255.66261
4557,North East,3,7,Delhi  & NCR,08-01-2013 00:00,15052.19186
4558,North West,1,7,Delhi  & NCR,08-01-2013 00:00,15266.44407
4559,South,9,7,Delhi  & NCR,08-01-2013 00:00,15150.1576
4560,South West,8,7,Delhi  & NCR,08-01-2013 00:00,15239.58838
4561,West,7,7,Delhi  & NCR,08-01-2013 00:00,15281.42263
4562,Hathras,13,9,Uttar Pradesh,08-01-2013 00:00,15331.62307
4563,Jalaun,35,9,Uttar Pradesh,08-01-2013 00:00,15226.71759
4564,Jaunpur,64,9,Uttar Pradesh,08-01-2013 00:00,15130.02066
4565,Jhansi,36,9,Uttar Pradesh,08-01-2013 00:00,15158.79164
4566,Jyotiba Phule Nagar,6,9,Uttar Pradesh,08-01-2013 00:00,15183.80604
4567,Kannauj,30,9,Uttar Pradesh,08-01-2013 00:00,15305.77057
4568,Kanpur Nagar,34,9,Uttar Pradesh,08-01-2013 00:00,15303.31777
4569,Kaushambi,44,9,Uttar Pradesh,08-01-2013 00:00,15094.22905
4570,Kheri,23,9,Uttar Pradesh,08-01-2013 00:00,15174.73279
4571,Mirzapur,69,9,Uttar Pradesh,08-01-2013 00:00,15108.53005
4572,Moradabad,4,9,Uttar Pradesh,08-01-2013 00:00,15210.67661
4573,Muzaffarnagar,2,9,Uttar Pradesh,08-01-2013 00:00,15168.30017
4574,Rae Bareli,28,9,Uttar Pradesh,08-01-2013 00:00,15155.51962
4575,Kushinagar,59,9,Uttar Pradesh,08-01-2013 00:00,15130.9449
4576,Lucknow,27,9,Uttar Pradesh,08-01-2013 00:00,15314.48834
4577,Lalitpur,37,9,Uttar Pradesh,08-01-2013 00:00,15059.4449
4578,Mahrajganj,57,9,Uttar Pradesh,08-01-2013 00:00,15109.34902
4579,Mahoba,39,9,Uttar Pradesh,08-01-2013 00:00,15102.08987
4580,Mainpuri,18,9,Uttar Pradesh,08-01-2013 00:00,15297.0329
4581,Mathura,14,9,Uttar Pradesh,08-01-2013 00:00,15183.10657
4582,Mau,62,9,Uttar Pradesh,08-01-2013 00:00,15171.34858
4583,Meerut,7,9,Uttar Pradesh,08-01-2013 00:00,15204.5809
4584,Pilibhit,21,9,Uttar Pradesh,08-01-2013 00:00,15159.17388
4585,Pratapgarh,43,9,Uttar Pradesh,08-01-2013 00:00,15105.12666
4586,Rampur,5,9,Uttar Pradesh,08-01-2013 00:00,15176.83272
4587,Sant Ravidas Nagar Bhadohi,68,9,Uttar Pradesh,08-01-2013 00:00,15116.0318
4588,Sant Kabir Nagar,56,9,Uttar Pradesh,08-01-2013 00:00,15185.99963
4589,Shahjahanpur,22,9,Uttar Pradesh,08-01-2013 00:00,15229.60606
4590,Shrawasti,51,9,Uttar Pradesh,08-01-2013 00:00,15211.85385
4591,Saharanpur,1,9,Uttar Pradesh,08-01-2013 00:00,15144.80679
4592,Sitapur,24,9,Uttar Pradesh,08-01-2013 00:00,15200.50043
4593,Sultanpur,49,9,Uttar Pradesh,08-01-2013 00:00,15157.1731
4594,Sonbhadra,70,9,Uttar Pradesh,08-01-2013 00:00,15093.24022
4595,Siddharthnagar,54,9,Uttar Pradesh,08-01-2013 00:00,15148.34289
4596,Unnao,26,9,Uttar Pradesh,08-01-2013 00:00,15240.97979
4597,Varanasi,67,9,Uttar Pradesh,08-01-2013 00:00,15169.43528
4598,Bulandshahr,11,9,Uttar Pradesh,08-01-2013 00:00,15200.78865
4599,Gautam Buddha Nagar,10,9,Uttar Pradesh,08-01-2013 00:00,15283.09006
4600,Ghaziabad,9,9,Uttar Pradesh,08-01-2013 00:00,15179.16507
4601,Auraiya,32,9,Uttar Pradesh,08-01-2013 00:00,15263.31164
4602,Azamgarh,61,9,Uttar Pradesh,08-01-2013 00:00,15125.02362
4603,Budaun,19,9,Uttar Pradesh,08-01-2013 00:00,15338.59722
4604,Agra,15,9,Uttar Pradesh,08-01-2013 00:00,15211.69787
4605,Aligarh,12,9,Uttar Pradesh,08-01-2013 00:00,15271.78989
4606,Allahabad,45,9,Uttar Pradesh,08-01-2013 00:00,15082.45065
4607,Ambedkar Nagar,48,9,Uttar Pradesh,08-01-2013 00:00,15150.78756
4608,Bareilly,20,9,Uttar Pradesh,08-01-2013 00:00,15198.20644
4609,Bijnor,3,9,Uttar Pradesh,08-01-2013 00:00,15199.57099
4610,Basti,55,9,Uttar Pradesh,08-01-2013 00:00,15170.62813
4611,Baghpat,8,9,Uttar Pradesh,08-01-2013 00:00,15175.57625
4612,Bahraich,50,9,Uttar Pradesh,08-01-2013 00:00,15203.83134
4613,Ballia,63,9,Uttar Pradesh,08-01-2013 00:00,15153.10159
4614,Balrampur,52,9,Uttar Pradesh,08-01-2013 00:00,15186.22517
4615,Banda,40,9,Uttar Pradesh,08-01-2013 00:00,15142.75887
4616,Barabanki,46,9,Uttar Pradesh,08-01-2013 00:00,15247.61212
4617,Chitrakoot,41,9,Uttar Pradesh,08-01-2013 00:00,15088.21239
4618,Chandauli,66,9,Uttar Pradesh,08-01-2013 00:00,15169.11405
4619,Deoria,60,9,Uttar Pradesh,08-01-2013 00:00,15185.28008
4620,Etah,17,9,Uttar Pradesh,08-01-2013 00:00,15304.51218
4621,Kanpur Dehat,33,9,Uttar Pradesh,08-01-2013 00:00,15242.72488
4622,Etawah,31,9,Uttar Pradesh,08-01-2013 00:00,15189.78171
4623,Faizabad,47,9,Uttar Pradesh,08-01-2013 00:00,15073.37454
4624,Ghazipur,65,9,Uttar Pradesh,08-01-2013 00:00,15164.35863
4625,Gonda,53,9,Uttar Pradesh,08-01-2013 00:00,15159.93244
4626,Gorakhpur,58,9,Uttar Pradesh,08-01-2013 00:00,15197.00351
4627,Farrukhabad,29,9,Uttar Pradesh,08-01-2013 00:00,15299.56615
4628,Fatehpur,42,9,Uttar Pradesh,08-01-2013 00:00,15161.32672
4629,Firozabad,16,9,Uttar Pradesh,08-01-2013 00:00,15248.67434
4630,Hamirpur,38,9,Uttar Pradesh,08-01-2013 00:00,15204.23855
4631,Hardoi,25,9,Uttar Pradesh,08-01-2013 00:00,15317.98957
4632,Hyderabad,5,28,Andhra Pradesh,08-01-2013 00:00,15349.23207
4633,Khammam,10,28,Andhra Pradesh,08-01-2013 00:00,15142.67586
4634,Medak,4,28,Andhra Pradesh,08-01-2013 00:00,15086.33582
4635,Krishna,16,28,Andhra Pradesh,08-01-2013 00:00,15195.50953
4636,Kurnool,21,28,Andhra Pradesh,08-01-2013 00:00,15298.5249
4637,Mahbubnagar,7,28,Andhra Pradesh,08-01-2013 00:00,15237.94007
4638,Nalgonda,8,28,Andhra Pradesh,08-01-2013 00:00,15271.72249
4639,Nellore,19,28,Andhra Pradesh,08-01-2013 00:00,15374.20236
4640,Nizamabad,2,28,Andhra Pradesh,08-01-2013 00:00,15040.73703
4641,Prakasam,18,28,Andhra Pradesh,08-01-2013 00:00,15330.90184
4642,Rangareddi,6,28,Andhra Pradesh,08-01-2013 00:00,15203.18112
4643,Srikakulam,11,28,Andhra Pradesh,08-01-2013 00:00,15244.76871
4644,West Godavari,15,28,Andhra Pradesh,08-01-2013 00:00,15132.80512
4645,Visakhapatnam,13,28,Andhra Pradesh,08-01-2013 00:00,15237.35593
4646,Vizianagaram,12,28,Andhra Pradesh,08-01-2013 00:00,15299.79349
4647,Warangal,9,28,Andhra Pradesh,08-01-2013 00:00,15201.89968
4648,Anantapur,22,28,Andhra Pradesh,08-01-2013 00:00,15481.38331
4649,Adilabad,1,28,Andhra Pradesh,08-01-2013 00:00,15173.73703
4650,Chittoor,23,28,Andhra Pradesh,08-01-2013 00:00,15321.37267
4651,Cuddapah,20,28,Andhra Pradesh,08-01-2013 00:00,15380.57254
4652,East Godavari,14,28,Andhra Pradesh,08-01-2013 00:00,15169.94611
4653,Karimnagar,3,28,Andhra Pradesh,08-01-2013 00:00,15202.06289
4654,Guntur,17,28,Andhra Pradesh,08-01-2013 00:00,15322.16106
4655,Hoshangabad,37,23,Madhya Pradesh,08-01-2013 00:00,14948.45348
4656,Indore,26,23,Madhya Pradesh,08-01-2013 00:00,14992.46215
4657,Jabalpur,39,23,Madhya Pradesh,08-01-2013 00:00,15068.34114
4658,Jhabua,24,23,Madhya Pradesh,08-01-2013 00:00,14941.26913
4659,Mandsaur,19,23,Madhya Pradesh,08-01-2013 00:00,14963.45039
4660,Tikamgarh,8,23,Madhya Pradesh,08-01-2013 00:00,15071.55747
4661,Narsimhapur,40,23,Madhya Pradesh,08-01-2013 00:00,14994.34769
4662,Neemuch,18,23,Madhya Pradesh,08-01-2013 00:00,15051.83521
4663,Panna,10,23,Madhya Pradesh,08-01-2013 00:00,14980.79538
4664,Raisen,34,23,Madhya Pradesh,08-01-2013 00:00,15095.76433
4665,Rajgarh,30,23,Madhya Pradesh,08-01-2013 00:00,15109.96301
4666,Satna,13,23,Madhya Pradesh,08-01-2013 00:00,15010.20182
4667,Sehore,33,23,Madhya Pradesh,08-01-2013 00:00,14993.41427
4668,Seoni,44,23,Madhya Pradesh,08-01-2013 00:00,15024.74394
4669,Shajapur,22,23,Madhya Pradesh,08-01-2013 00:00,15060.5203
4670,Shivpuri,6,23,Madhya Pradesh,08-01-2013 00:00,15082.08782
4671,Ratlam,20,23,Madhya Pradesh,08-01-2013 00:00,14972.81119
4672,Rewa,14,23,Madhya Pradesh,08-01-2013 00:00,15108.37353
4673,Sagar,11,23,Madhya Pradesh,08-01-2013 00:00,15076.23053
4674,Sidhi,17,23,Madhya Pradesh,08-01-2013 00:00,15064.84271
4675,Ujjain,21,23,Madhya Pradesh,08-01-2013 00:00,14950.02136
4676,Vidisha,31,23,Madhya Pradesh,08-01-2013 00:00,15078.50905
4677,West Nimar,27,23,Madhya Pradesh,08-01-2013 00:00,15101.07234
4678,Morena,2,23,Madhya Pradesh,08-01-2013 00:00,15152.11511
4679,Sheopur,1,23,Madhya Pradesh,08-01-2013 00:00,15107.19942
4680,Dindori,41,23,Madhya Pradesh,08-01-2013 00:00,15056.08124
4681,Mandla,42,23,Madhya Pradesh,08-01-2013 00:00,15048.23417
4682,Shahdol,16,23,Madhya Pradesh,08-01-2013 00:00,15092.68247
4683,Umaria,15,23,Madhya Pradesh,08-01-2013 00:00,15075.50336
4684,Bhind,3,23,Madhya Pradesh,08-01-2013 00:00,15209.19576
4685,Bhopal,32,23,Madhya Pradesh,08-01-2013 00:00,15061.88362
4686,Barwani,28,23,Madhya Pradesh,08-01-2013 00:00,15077.02093
4687,Betul,35,23,Madhya Pradesh,08-01-2013 00:00,14931.88063
4688,Balaghat,45,23,Madhya Pradesh,08-01-2013 00:00,14992.65054
4689,Chhatarpur,9,23,Madhya Pradesh,08-01-2013 00:00,15028.31771
4690,Chhindwara,43,23,Madhya Pradesh,08-01-2013 00:00,14987.52517
4691,Dewas,23,23,Madhya Pradesh,08-01-2013 00:00,15000.52371
4692,Katni,38,23,Madhya Pradesh,08-01-2013 00:00,15029.92048
4693,Datia,5,23,Madhya Pradesh,08-01-2013 00:00,15189.77856
4694,Damoh,12,23,Madhya Pradesh,08-01-2013 00:00,15022.24267
4695,Dhar,25,23,Madhya Pradesh,08-01-2013 00:00,14999.08574
4696,East Nimar,29,23,Madhya Pradesh,08-01-2013 00:00,15010.56015
4697,Guna,7,23,Madhya Pradesh,08-01-2013 00:00,15083.11675
4698,Gwalior,4,23,Madhya Pradesh,08-01-2013 00:00,15140.90842
4699,Harda,36,23,Madhya Pradesh,08-01-2013 00:00,15028.18866
4700,Kangra,2,2,Himachal Pradesh,08-01-2013 00:00,14805.67303
4701,Kinnaur,12,2,Himachal Pradesh,08-01-2013 00:00,14380.32789
4702,Lahul & Spiti,3,2,Himachal Pradesh,08-01-2013 00:00,14479.02337
4703,Kullu,4,2,Himachal Pradesh,08-01-2013 00:00,14288.08745
4704,Mandi,5,2,Himachal Pradesh,08-01-2013 00:00,14806.77763
4705,Shimla,11,2,Himachal Pradesh,08-01-2013 00:00,14629.17935
4706,Sirmaur,10,2,Himachal Pradesh,08-01-2013 00:00,14972.07727
4707,Solan,9,2,Himachal Pradesh,08-01-2013 00:00,14991.56981
4708,Una,7,2,Himachal Pradesh,08-01-2013 00:00,15052.46441
4709,Bilaspur,8,2,Himachal Pradesh,08-01-2013 00:00,15020.3095
4710,Chamba,1,2,Himachal Pradesh,08-01-2013 00:00,14429.45382
4711,Hamirpur,6,2,Himachal Pradesh,08-01-2013 00:00,15033.39174
4712,Data Not Available,99,99,Jammu and Kashmir,08-01-2013 00:00,14636.70495
4713,Jammu,13,1,Jammu and Kashmir,08-01-2013 00:00,15093.12606
4714,Kargil,8,1,Jammu and Kashmir,08-01-2013 00:00,14797.66201
4715,Kathua,14,1,Jammu and Kashmir,08-01-2013 00:00,14986.50469
4716,Leh (Ladakh),7,1,Jammu and Kashmir,08-01-2013 00:00,14801.27238
4717,Kupwara,1,1,Jammu and Kashmir,08-01-2013 00:00,14749.81525
4718,Punch,11,1,Jammu and Kashmir,08-01-2013 00:00,14810.20551
4719,Pulwama,5,1,Jammu and Kashmir,08-01-2013 00:00,14845.35428
4720,Rajauri,12,1,Jammu and Kashmir,08-01-2013 00:00,14940.26404
4721,Srinagar,3,1,Jammu and Kashmir,08-01-2013 00:00,14574.42322
4722,Udhampur,10,1,Jammu and Kashmir,08-01-2013 00:00,14797.07844
4723,Anantnag,6,1,Jammu and Kashmir,08-01-2013 00:00,14545.39869
4724,Badgam,4,1,Jammu and Kashmir,08-01-2013 00:00,14728.6047
4725,Baramula,2,1,Jammu and Kashmir,08-01-2013 00:00,14711.91564
4726,Doda,9,1,Jammu and Kashmir,08-01-2013 00:00,14445.08129
4727,Lohit,11,12,Arunanchal Pradesh,08-01-2013 00:00,14698.50784
4728,Lower Subansiri,5,12,Arunanchal Pradesh,08-01-2013 00:00,14751.8842
4729,Papum Pare,4,12,Arunanchal Pradesh,08-01-2013 00:00,14943.32721
4730,Tawang,1,12,Arunanchal Pradesh,08-01-2013 00:00,14354.42101
4731,Tirap,13,12,Arunanchal Pradesh,08-01-2013 00:00,15054.9357
4732,West Kameng,2,12,Arunanchal Pradesh,08-01-2013 00:00,14678.77008
4733,West Siang,7,12,Arunanchal Pradesh,08-01-2013 00:00,14822.30038
4734,Upper Siang,9,12,Arunanchal Pradesh,08-01-2013 00:00,14645.6628
4735,Upper Subansiri,6,12,Arunanchal Pradesh,08-01-2013 00:00,14660.34535
4736,Changlang,12,12,Arunanchal Pradesh,08-01-2013 00:00,14948.09836
4737,Dibang Valley,10,12,Arunanchal Pradesh,08-01-2013 00:00,14621.47907
4738,East Kameng,3,12,Arunanchal Pradesh,08-01-2013 00:00,14766.44835
4739,East Siang,8,12,Arunanchal Pradesh,08-01-2013 00:00,15046.67348
4740,Nicobars,2,35,Andaman & Nicobar Island,08-01-2013 00:00,14925.1223
4741,Andamans,1,35,Andaman & Nicobar Island,08-01-2013 00:00,14929.32348
4742,Chandigarh,1,4,Chandigarh,09-01-2013 00:00,15256.93037
4743,Dadra & Nagar Haveli,1,26,Dadara & Nagar Havelli,09-01-2013 00:00,15092.54561
4744,Lakshadweep,1,31,Lakshadweep,09-01-2013 00:00,15035.36958
4745,Data Not Available,99,99,Jammu and Kashmir,09-01-2013 00:00,14516.68259
4746,Anantnag,6,1,Jammu and Kashmir,09-01-2013 00:00,14598.25183
4747,Badgam,4,1,Jammu and Kashmir,09-01-2013 00:00,14747.97998
4748,Baramula,2,1,Jammu and Kashmir,09-01-2013 00:00,14706.68231
4749,Doda,9,1,Jammu and Kashmir,09-01-2013 00:00,14483.81251
4750,Srinagar,3,1,Jammu and Kashmir,09-01-2013 00:00,14599.94357
4751,Udhampur,10,1,Jammu and Kashmir,09-01-2013 00:00,14854.44373
4752,Jammu,13,1,Jammu and Kashmir,09-01-2013 00:00,15131.45684
4753,Kargil,8,1,Jammu and Kashmir,09-01-2013 00:00,14693.45409
4754,Kathua,14,1,Jammu and Kashmir,09-01-2013 00:00,15013.99644
4755,Leh (Ladakh),7,1,Jammu and Kashmir,09-01-2013 00:00,14658.86634
4756,Kupwara,1,1,Jammu and Kashmir,09-01-2013 00:00,14741.77438
4757,Punch,11,1,Jammu and Kashmir,09-01-2013 00:00,14818.1874
4758,Pulwama,5,1,Jammu and Kashmir,09-01-2013 00:00,14855.50059
4759,Rajauri,12,1,Jammu and Kashmir,09-01-2013 00:00,14945.47513
4760,Bilaspur,8,2,Himachal Pradesh,09-01-2013 00:00,14998.83622
4761,Chamba,1,2,Himachal Pradesh,09-01-2013 00:00,14554.37451
4762,Hamirpur,6,2,Himachal Pradesh,09-01-2013 00:00,15017.00174
4763,Shimla,11,2,Himachal Pradesh,09-01-2013 00:00,14670.2272
4764,Sirmaur,10,2,Himachal Pradesh,09-01-2013 00:00,14941.70014
4765,Solan,9,2,Himachal Pradesh,09-01-2013 00:00,14980.98809
4766,Una,7,2,Himachal Pradesh,09-01-2013 00:00,15076.3696
4767,Kangra,2,2,Himachal Pradesh,09-01-2013 00:00,14847.74635
4768,Kinnaur,12,2,Himachal Pradesh,09-01-2013 00:00,14453.32727
4769,Lahul & Spiti,3,2,Himachal Pradesh,09-01-2013 00:00,14482.67812
4770,Kullu,4,2,Himachal Pradesh,09-01-2013 00:00,14415.11008
4771,Mandi,5,2,Himachal Pradesh,09-01-2013 00:00,14838.67204
4772,Hoshiarpur,5,3,Punjab,09-01-2013 00:00,15148.06408
4773,Amritsar,2,3,Punjab,09-01-2013 00:00,15100.27896
4774,Firozpur,11,3,Punjab,09-01-2013 00:00,15139.26124
4775,Bathinda,14,3,Punjab,09-01-2013 00:00,15134.2235
4776,Gurdaspur,1,3,Punjab,09-01-2013 00:00,15104.72078
4777,Faridkot,13,3,Punjab,09-01-2013 00:00,15096.81335
4778,Fatehgarh Sahib,8,3,Punjab,09-01-2013 00:00,15086.07523
4779,Rupnagar,7,3,Punjab,09-01-2013 00:00,15129.7525
4780,Jalandhar,4,3,Punjab,09-01-2013 00:00,15123.66015
4781,Kapurthala,3,3,Punjab,09-01-2013 00:00,15095.86859
4782,Ludhiana,9,3,Punjab,09-01-2013 00:00,15109.63307
4783,Mansa,15,3,Punjab,09-01-2013 00:00,15135.52365
4784,Moga,10,3,Punjab,09-01-2013 00:00,15071.87941
4785,Muktsar,12,3,Punjab,09-01-2013 00:00,15118.01907
4786,Nawanshahr,6,3,Punjab,09-01-2013 00:00,15119.12465
4787,Patiala,17,3,Punjab,09-01-2013 00:00,15104.89061
4788,Sangrur,16,3,Punjab,09-01-2013 00:00,15083.7213
4789,Hardwar,13,5,Uttarakhand,09-01-2013 00:00,15115.31276
4790,Bageshwar,8,5,Uttarakhand,09-01-2013 00:00,14659.83883
4791,Almora,9,5,Uttarakhand,09-01-2013 00:00,14919.27291
4792,Chamoli,2,5,Uttarakhand,09-01-2013 00:00,14363.46693
4793,Champawat,10,5,Uttarakhand,09-01-2013 00:00,14928.49436
4794,Dehradun,5,5,Uttarakhand,09-01-2013 00:00,14960.33733
4795,Garhwal,6,5,Uttarakhand,09-01-2013 00:00,14914.57691
4796,Rudraprayag,3,5,Uttarakhand,09-01-2013 00:00,14547.28138
4797,Tehri Garhwal,4,5,Uttarakhand,09-01-2013 00:00,14739.06204
4798,Udham Singh Nagar,12,5,Uttarakhand,09-01-2013 00:00,15111.1016
4799,Uttarkashi,1,5,Uttarakhand,09-01-2013 00:00,14444.11776
4800,Nainital,11,5,Uttarakhand,09-01-2013 00:00,14986.51563
4801,Pithoragarh,7,5,Uttarakhand,09-01-2013 00:00,14451.95218
4802,Hisar,12,6,Haryana,09-01-2013 00:00,15271.35197
4803,Ambala,2,6,Haryana,09-01-2013 00:00,15114.99806
4804,Gurgaon,18,6,Haryana,09-01-2013 00:00,15352.97851
4805,Faridabad,19,6,Haryana,09-01-2013 00:00,15201.39004
4806,Fatehabad,10,6,Haryana,09-01-2013 00:00,15145.4559
4807,Rohtak,14,6,Haryana,09-01-2013 00:00,15192.04726
4808,Sirsa,11,6,Haryana,09-01-2013 00:00,15212.01928
4809,Sonipat,8,6,Haryana,09-01-2013 00:00,15140.60047
4810,Yamunanagar,3,6,Haryana,09-01-2013 00:00,15096.01022
4811,Jhajjar,15,6,Haryana,09-01-2013 00:00,15337.0207
4812,Mahendragarh,16,6,Haryana,09-01-2013 00:00,15374.43893
4813,Rewari,17,6,Haryana,09-01-2013 00:00,15456.78395
4814,Bhiwani,13,6,Haryana,09-01-2013 00:00,15386.75198
4815,Jind,9,6,Haryana,09-01-2013 00:00,15142.05915
4816,Kaithal,5,6,Haryana,09-01-2013 00:00,15089.67781
4817,Karnal,6,6,Haryana,09-01-2013 00:00,15076.86625
4818,Kurukshetra,4,6,Haryana,09-01-2013 00:00,15086.92252
4819,Panchkula,1,6,Haryana,09-01-2013 00:00,15078.1181
4820,Panipat,7,6,Haryana,09-01-2013 00:00,15106.36955
4821,Central,6,7,Delhi  & NCR,09-01-2013 00:00,15310.9333
4822,East,4,7,Delhi  & NCR,09-01-2013 00:00,15317.12443
4823,New Delhi,5,7,Delhi  & NCR,09-01-2013 00:00,15240.19555
4824,North,2,7,Delhi  & NCR,09-01-2013 00:00,15303.81653
4825,North East,3,7,Delhi  & NCR,09-01-2013 00:00,15328.00739
4826,North West,1,7,Delhi  & NCR,09-01-2013 00:00,15330.55401
4827,South,9,7,Delhi  & NCR,09-01-2013 00:00,15242.41351
4828,South West,8,7,Delhi  & NCR,09-01-2013 00:00,15377.20602
4829,West,7,7,Delhi  & NCR,09-01-2013 00:00,15394.28785
4830,Ajmer,21,8,Rajasthan,09-01-2013 00:00,15384.89026
4831,Banswara,28,8,Rajasthan,09-01-2013 00:00,15248.69705
4832,Barmer,17,8,Rajasthan,09-01-2013 00:00,15661.27547
4833,Bhilwara,24,8,Rajasthan,09-01-2013 00:00,15344.89274
4834,Bikaner,3,8,Rajasthan,09-01-2013 00:00,15873.40714
4835,Bharatpur,7,8,Rajasthan,09-01-2013 00:00,15386.46229
4836,Bundi,23,8,Rajasthan,09-01-2013 00:00,15320.48735
4837,Chittaurgarh,29,8,Rajasthan,09-01-2013 00:00,15281.16191
4838,Churu,4,8,Rajasthan,09-01-2013 00:00,15651.28427
4839,Dausa,11,8,Rajasthan,09-01-2013 00:00,15398.02687
4840,Dhaulpur,8,8,Rajasthan,09-01-2013 00:00,15331.51939
4841,Dungarpur,27,8,Rajasthan,09-01-2013 00:00,15259.80391
4842,Karauli,9,8,Rajasthan,09-01-2013 00:00,15365.74064
4843,Sirohi,19,8,Rajasthan,09-01-2013 00:00,15399.57115
4844,Tonk,22,8,Rajasthan,09-01-2013 00:00,15425.01771
4845,Sikar,13,8,Rajasthan,09-01-2013 00:00,15422.42979
4846,Alwar,6,8,Rajasthan,09-01-2013 00:00,15329.70694
4847,Udaipur,26,8,Rajasthan,09-01-2013 00:00,15234.11069
4848,Ganganagar,1,8,Rajasthan,09-01-2013 00:00,15540.86424
4849,Hanumangarh,2,8,Rajasthan,09-01-2013 00:00,15482.53558
4850,Baran,31,8,Rajasthan,09-01-2013 00:00,15360.91036
4851,Jaipur,12,8,Rajasthan,09-01-2013 00:00,15404.27196
4852,Jaisalmer,16,8,Rajasthan,09-01-2013 00:00,15989.25021
4853,Jalor,18,8,Rajasthan,09-01-2013 00:00,15563.04305
4854,Jhalawar,32,8,Rajasthan,09-01-2013 00:00,15352.53937
4855,Jhunjhunun,5,8,Rajasthan,09-01-2013 00:00,15433.01266
4856,Jodhpur,15,8,Rajasthan,09-01-2013 00:00,15649.01451
4857,Kota,30,8,Rajasthan,09-01-2013 00:00,15342.4604
4858,Nagaur,14,8,Rajasthan,09-01-2013 00:00,15503.28317
4859,Pali,20,8,Rajasthan,09-01-2013 00:00,15465.96788
4860,Rajsamand,25,8,Rajasthan,09-01-2013 00:00,15278.78253
4861,Sawai Madhopur,10,8,Rajasthan,09-01-2013 00:00,15397.57946
4862,Hathras,13,9,Uttar Pradesh,09-01-2013 00:00,15272.46065
4863,Auraiya,32,9,Uttar Pradesh,09-01-2013 00:00,15158.55635
4864,Azamgarh,61,9,Uttar Pradesh,09-01-2013 00:00,15152.15187
4865,Budaun,19,9,Uttar Pradesh,09-01-2013 00:00,15187.52102
4866,Agra,15,9,Uttar Pradesh,09-01-2013 00:00,15280.30332
4867,Aligarh,12,9,Uttar Pradesh,09-01-2013 00:00,15182.13445
4868,Allahabad,45,9,Uttar Pradesh,09-01-2013 00:00,15134.09824
4869,Ambedkar Nagar,48,9,Uttar Pradesh,09-01-2013 00:00,15098.90315
4870,Bareilly,20,9,Uttar Pradesh,09-01-2013 00:00,15124.02753
4871,Bijnor,3,9,Uttar Pradesh,09-01-2013 00:00,15114.37065
4872,Basti,55,9,Uttar Pradesh,09-01-2013 00:00,15100.59843
4873,Baghpat,8,9,Uttar Pradesh,09-01-2013 00:00,15174.44008
4874,Bahraich,50,9,Uttar Pradesh,09-01-2013 00:00,15107.18199
4875,Ballia,63,9,Uttar Pradesh,09-01-2013 00:00,15157.39173
4876,Balrampur,52,9,Uttar Pradesh,09-01-2013 00:00,15123.49231
4877,Banda,40,9,Uttar Pradesh,09-01-2013 00:00,15240.56032
4878,Barabanki,46,9,Uttar Pradesh,09-01-2013 00:00,15104.37197
4879,Chitrakoot,41,9,Uttar Pradesh,09-01-2013 00:00,15182.96938
4880,Chandauli,66,9,Uttar Pradesh,09-01-2013 00:00,15128.11234
4881,Deoria,60,9,Uttar Pradesh,09-01-2013 00:00,15152.91614
4882,Etah,17,9,Uttar Pradesh,09-01-2013 00:00,15207.04247
4883,Kanpur Dehat,33,9,Uttar Pradesh,09-01-2013 00:00,15170.02776
4884,Etawah,31,9,Uttar Pradesh,09-01-2013 00:00,15161.59249
4885,Faizabad,47,9,Uttar Pradesh,09-01-2013 00:00,15112.54876
4886,Ghazipur,65,9,Uttar Pradesh,09-01-2013 00:00,15167.98351
4887,Gonda,53,9,Uttar Pradesh,09-01-2013 00:00,15111.85954
4888,Gorakhpur,58,9,Uttar Pradesh,09-01-2013 00:00,15139.59958
4889,Farrukhabad,29,9,Uttar Pradesh,09-01-2013 00:00,15234.58249
4890,Fatehpur,42,9,Uttar Pradesh,09-01-2013 00:00,15194.07249
4891,Firozabad,16,9,Uttar Pradesh,09-01-2013 00:00,15237.31471
4892,Hamirpur,38,9,Uttar Pradesh,09-01-2013 00:00,15274.99473
4893,Hardoi,25,9,Uttar Pradesh,09-01-2013 00:00,15158.91881
4894,Shrawasti,51,9,Uttar Pradesh,09-01-2013 00:00,15105.82573
4895,Saharanpur,1,9,Uttar Pradesh,09-01-2013 00:00,15109.39692
4896,Sitapur,24,9,Uttar Pradesh,09-01-2013 00:00,15137.52596
4897,Sultanpur,49,9,Uttar Pradesh,09-01-2013 00:00,15118.16812
4898,Sonbhadra,70,9,Uttar Pradesh,09-01-2013 00:00,15123.783
4899,Siddharthnagar,54,9,Uttar Pradesh,09-01-2013 00:00,15078.76651
4900,Unnao,26,9,Uttar Pradesh,09-01-2013 00:00,15178.75665
4901,Varanasi,67,9,Uttar Pradesh,09-01-2013 00:00,15215.98252
4902,Bulandshahr,11,9,Uttar Pradesh,09-01-2013 00:00,15174.19979
4903,Gautam Buddha Nagar,10,9,Uttar Pradesh,09-01-2013 00:00,15214.88159
4904,Ghaziabad,9,9,Uttar Pradesh,09-01-2013 00:00,15195.2328
4905,Jalaun,35,9,Uttar Pradesh,09-01-2013 00:00,15215.93063
4906,Jaunpur,64,9,Uttar Pradesh,09-01-2013 00:00,15128.96727
4907,Jhansi,36,9,Uttar Pradesh,09-01-2013 00:00,15236.07524
4908,Jyotiba Phule Nagar,6,9,Uttar Pradesh,09-01-2013 00:00,15142.52829
4909,Kannauj,30,9,Uttar Pradesh,09-01-2013 00:00,15206.67638
4910,Kanpur Nagar,34,9,Uttar Pradesh,09-01-2013 00:00,15232.93827
4911,Kaushambi,44,9,Uttar Pradesh,09-01-2013 00:00,15156.67251
4912,Kheri,23,9,Uttar Pradesh,09-01-2013 00:00,15118.50296
4913,Mirzapur,69,9,Uttar Pradesh,09-01-2013 00:00,15164.37076
4914,Moradabad,4,9,Uttar Pradesh,09-01-2013 00:00,15128.18077
4915,Muzaffarnagar,2,9,Uttar Pradesh,09-01-2013 00:00,15115.53893
4916,Rae Bareli,28,9,Uttar Pradesh,09-01-2013 00:00,15148.89851
4917,Kushinagar,59,9,Uttar Pradesh,09-01-2013 00:00,15141.54424
4918,Lucknow,27,9,Uttar Pradesh,09-01-2013 00:00,15172.46453
4919,Lalitpur,37,9,Uttar Pradesh,09-01-2013 00:00,15226.39458
4920,Mahrajganj,57,9,Uttar Pradesh,09-01-2013 00:00,15082.64894
4921,Mahoba,39,9,Uttar Pradesh,09-01-2013 00:00,15243.91245
4922,Mainpuri,18,9,Uttar Pradesh,09-01-2013 00:00,15199.86131
4923,Mathura,14,9,Uttar Pradesh,09-01-2013 00:00,15247.14494
4924,Mau,62,9,Uttar Pradesh,09-01-2013 00:00,15154.40812
4925,Meerut,7,9,Uttar Pradesh,09-01-2013 00:00,15141.93601
4926,Pilibhit,21,9,Uttar Pradesh,09-01-2013 00:00,15105.94798
4927,Pratapgarh,43,9,Uttar Pradesh,09-01-2013 00:00,15119.58107
4928,Rampur,5,9,Uttar Pradesh,09-01-2013 00:00,15091.16355
4929,Sant Ravidas Nagar Bhadohi,68,9,Uttar Pradesh,09-01-2013 00:00,15120.8501
4930,Sant Kabir Nagar,56,9,Uttar Pradesh,09-01-2013 00:00,15093.87398
4931,Shahjahanpur,22,9,Uttar Pradesh,09-01-2013 00:00,15133.4007
4932,Araria,7,10,Bihar,09-01-2013 00:00,15116.57801
4933,Aurangabad,34,10,Bihar,09-01-2013 00:00,15187.82387
4934,Banka,23,10,Bihar,09-01-2013 00:00,15222.57245
4935,Bhagalpur,22,10,Bihar,09-01-2013 00:00,15181.46103
4936,Begusarai,20,10,Bihar,09-01-2013 00:00,15216.56736
4937,Saran,17,10,Bihar,09-01-2013 00:00,15164.42204
4938,Katihar,10,10,Bihar,09-01-2013 00:00,15132.31331
4939,Darbhanga,13,10,Bihar,09-01-2013 00:00,15173.41099
4940,Gopalganj,15,10,Bihar,09-01-2013 00:00,15157.25179
4941,Sheikhpura,26,10,Bihar,09-01-2013 00:00,15320.15635
4942,Sheohar,3,10,Bihar,09-01-2013 00:00,15153.94758
4943,Saharsa,12,10,Bihar,09-01-2013 00:00,15129.15729
4944,Sitamarhi,4,10,Bihar,09-01-2013 00:00,15180.50673
4945,Siwan,16,10,Bihar,09-01-2013 00:00,15174.22269
4946,Supaul,6,10,Bihar,09-01-2013 00:00,15128.62841
4947,Vaishali,18,10,Bihar,09-01-2013 00:00,15147.60083
4948,Kaimur (Bhabua),31,10,Bihar,09-01-2013 00:00,15115.68977
4949,Gaya,35,10,Bihar,09-01-2013 00:00,15264.91913
4950,Bhojpur,29,10,Bihar,09-01-2013 00:00,15169.89402
4951,Buxar,30,10,Bihar,09-01-2013 00:00,15127.90217
4952,Jehanabad,33,10,Bihar,09-01-2013 00:00,15179.19104
4953,Rohtas,32,10,Bihar,09-01-2013 00:00,15065.34085
4954,Jamui,37,10,Bihar,09-01-2013 00:00,15249.81449
4955,Kishanganj,8,10,Bihar,09-01-2013 00:00,15125.39411
4956,Muzaffarpur,14,10,Bihar,09-01-2013 00:00,15157.57644
4957,Purnia,9,10,Bihar,09-01-2013 00:00,15135.84044
4958,Khagaria,21,10,Bihar,09-01-2013 00:00,15180.59534
4959,Madhubani,5,10,Bihar,09-01-2013 00:00,15153.02173
4960,Lakhisarai,25,10,Bihar,09-01-2013 00:00,15188.98521
4961,Madhepura,11,10,Bihar,09-01-2013 00:00,15147.91996
4962,Purba Champaran,2,10,Bihar,09-01-2013 00:00,15132.90618
4963,Munger,24,10,Bihar,09-01-2013 00:00,15153.27593
4964,Nalanda,27,10,Bihar,09-01-2013 00:00,15206.96424
4965,Nawada,36,10,Bihar,09-01-2013 00:00,15262.93319
4966,Pashchim Champaran,1,10,Bihar,09-01-2013 00:00,15123.00387
4967,Patna,28,10,Bihar,09-01-2013 00:00,15189.50209
4968,Samastipur,19,10,Bihar,09-01-2013 00:00,15216.7645
4969,East,4,11,Sikkim,09-01-2013 00:00,14620.68943
4970,South,3,11,Sikkim,09-01-2013 00:00,14707.77848
4971,West,2,11,Sikkim,09-01-2013 00:00,14419.10852
4972,North,1,11,Sikkim,09-01-2013 00:00,14160.65364
4973,Changlang,12,12,Arunanchal Pradesh,09-01-2013 00:00,14919.60858
4974,Dibang Valley,10,12,Arunanchal Pradesh,09-01-2013 00:00,14594.03777
4975,East Kameng,3,12,Arunanchal Pradesh,09-01-2013 00:00,14686.88158
4976,East Siang,8,12,Arunanchal Pradesh,09-01-2013 00:00,15002.20846
4977,Tawang,1,12,Arunanchal Pradesh,09-01-2013 00:00,14304.85735
4978,Tirap,13,12,Arunanchal Pradesh,09-01-2013 00:00,14976.84773
4979,West Kameng,2,12,Arunanchal Pradesh,09-01-2013 00:00,14624.70886
4980,West Siang,7,12,Arunanchal Pradesh,09-01-2013 00:00,14805.11338
4981,Upper Siang,9,12,Arunanchal Pradesh,09-01-2013 00:00,14691.89869
4982,Upper Subansiri,6,12,Arunanchal Pradesh,09-01-2013 00:00,14622.18911
4983,Lohit,11,12,Arunanchal Pradesh,09-01-2013 00:00,14673.97247
4984,Lower Subansiri,5,12,Arunanchal Pradesh,09-01-2013 00:00,14628.56864
4985,Papum Pare,4,12,Arunanchal Pradesh,09-01-2013 00:00,14838.26568
4986,Tuensang,2,13,Nagaland,09-01-2013 00:00,14836.34676
4987,Wokha,5,13,Nagaland,09-01-2013 00:00,14999.86818
4988,Zunheboto,4,13,Nagaland,09-01-2013 00:00,14860.94926
4989,Dimapur,6,13,Nagaland,09-01-2013 00:00,15040.34001
4990,Kohima,7,13,Nagaland,09-01-2013 00:00,14892.73303
4991,Mokokchung,3,13,Nagaland,09-01-2013 00:00,14995.14473
4992,Mon,1,13,Nagaland,09-01-2013 00:00,15018.47365
4993,Phek,8,13,Nagaland,09-01-2013 00:00,14823.6258
4994,Bishnupur,4,14,Manipur,09-01-2013 00:00,14974.73848
4995,Chandel,9,14,Manipur,09-01-2013 00:00,14973.29567
4996,Churachandpur,3,14,Manipur,09-01-2013 00:00,14975.97009
4997,Tamenglong,2,14,Manipur,09-01-2013 00:00,14955.07665
4998,Thoubal,5,14,Manipur,09-01-2013 00:00,15023.33461
4999,Ukhrul,8,14,Manipur,09-01-2013 00:00,14928.31754
5000,Imphal East,7,14,Manipur,09-01-2013 00:00,15029.04898
5001,Imphal West,6,14,Manipur,09-01-2013 00:00,15038.8448
5002,Senapati (Excl. 3 sub-divisions),1,14,Manipur,09-01-2013 00:00,14888.03499
5003,Aizawl,3,15,Mizoram,09-01-2013 00:00,14980.50646
5004,Champhai,4,15,Mizoram,09-01-2013 00:00,14950.58284
5005,Kolasib,2,15,Mizoram,09-01-2013 00:00,15003.62544
5006,Mamit,1,15,Mizoram,09-01-2013 00:00,14996.46733
5007,Lunglei,6,15,Mizoram,09-01-2013 00:00,14973.78452
5008,Lawngtlai,7,15,Mizoram,09-01-2013 00:00,15013.76425
5009,Saiha,8,15,Mizoram,09-01-2013 00:00,14960.15531
5010,Serchhip,5,15,Mizoram,09-01-2013 00:00,14958.58122
5011,Dhalai,3,16,Tripura,09-01-2013 00:00,15093.14148
5012,South Tripura,2,16,Tripura,09-01-2013 00:00,15101.08507
5013,West Tripura,1,16,Tripura,09-01-2013 00:00,15180.23725
5014,North Tripura,4,16,Tripura,09-01-2013 00:00,15097.54433
5015,East Garo Hills,2,17,Meghalaya,09-01-2013 00:00,15026.45236
5016,East Khasi Hills,6,17,Meghalaya,09-01-2013 00:00,14938.98466
5017,Ri Bhoi,5,17,Meghalaya,09-01-2013 00:00,15001.40798
5018,South Garo Hills,3,17,Meghalaya,09-01-2013 00:00,15050.74791
5019,West Garo Hills,1,17,Meghalaya,09-01-2013 00:00,15054.19151
5020,West Khasi Hills,4,17,Meghalaya,09-01-2013 00:00,14945.34974
5021,Jaintia Hills,7,17,Meghalaya,09-01-2013 00:00,14954.04616
5022,Barpeta,5,18,Assam,09-01-2013 00:00,15100.71538
5023,Bongaigaon,4,18,Assam,09-01-2013 00:00,15132.2749
5024,Cachar,21,18,Assam,09-01-2013 00:00,15081.01984
5025,Darrang,8,18,Assam,09-01-2013 00:00,15135.2131
5026,Dhemaji,13,18,Assam,09-01-2013 00:00,15131.25036
5027,Dhubri,2,18,Assam,09-01-2013 00:00,15077.88967
5028,Dibrugarh,15,18,Assam,09-01-2013 00:00,15096.89943
5029,Kamrup,6,18,Assam,09-01-2013 00:00,15100.67899
5030,Karbi Anglong,19,18,Assam,09-01-2013 00:00,15017.2965
5031,Goalpara,3,18,Assam,09-01-2013 00:00,15088.0254
5032,Golaghat,18,18,Assam,09-01-2013 00:00,15137.19842
5033,Hailakandi,23,18,Assam,09-01-2013 00:00,15078.41578
5034,Sonitpur,11,18,Assam,09-01-2013 00:00,15136.25409
5035,Sibsagar,16,18,Assam,09-01-2013 00:00,15118.29951
5036,Tinsukia,14,18,Assam,09-01-2013 00:00,15136.9382
5037,Jorhat,17,18,Assam,09-01-2013 00:00,15134.13782
5038,Karimganj,22,18,Assam,09-01-2013 00:00,15122.02666
5039,Kokrajhar,1,18,Assam,09-01-2013 00:00,15128.82803
5040,Lakhimpur,12,18,Assam,09-01-2013 00:00,15153.01315
5041,Nagaon,10,18,Assam,09-01-2013 00:00,15119.73491
5042,Marigaon,9,18,Assam,09-01-2013 00:00,15124.81536
5043,Nalbari,7,18,Assam,09-01-2013 00:00,15134.19701
5044,North Cachar Hills,20,18,Assam,09-01-2013 00:00,14968.2171
5045,Hugli,12,19,West Bengal,09-01-2013 00:00,15126.38805
5046,Barddhaman,9,19,West Bengal,09-01-2013 00:00,15119.69621
5047,Birbhum,8,19,West Bengal,09-01-2013 00:00,15131.09926
5048,Bankura,13,19,West Bengal,09-01-2013 00:00,15134.17228
5049,Dakshin Dinajpur,5,19,West Bengal,09-01-2013 00:00,15104.92901
5050,Darjiling,1,19,West Bengal,09-01-2013 00:00,14958.06881
5051,Haora,16,19,West Bengal,09-01-2013 00:00,15138.77083
5052,South  Twenty Four Parganas,18,19,West Bengal,09-01-2013 00:00,15092.21165
5053,Uttar Dinajpur,4,19,West Bengal,09-01-2013 00:00,15131.35479
5054,Jalpaiguri,2,19,West Bengal,09-01-2013 00:00,15147.88642
5055,Koch Bihar,3,19,West Bengal,09-01-2013 00:00,15113.73644
5056,Murshidabad,7,19,West Bengal,09-01-2013 00:00,15147.50592
5057,Puruliya,14,19,West Bengal,09-01-2013 00:00,15162.37266
5058,Kolkata,17,19,West Bengal,09-01-2013 00:00,15389.84535
5059,Maldah,6,19,West Bengal,09-01-2013 00:00,15142.25537
5060,Nadia,10,19,West Bengal,09-01-2013 00:00,15168.40618
5061,North Twenty Four Parganas,11,19,West Bengal,09-01-2013 00:00,15094.29546
5062,Medinipur,15,19,West Bengal,09-01-2013 00:00,15118.14351
5063,Bokaro,13,20,Jharkhand,09-01-2013 00:00,15171.8297
5064,Deoghar,7,20,Jharkhand,09-01-2013 00:00,15281.95579
5065,Dhanbad,12,20,Jharkhand,09-01-2013 00:00,15183.08196
5066,Dumka,11,20,Jharkhand,09-01-2013 00:00,15201.59078
5067,Giridih,6,20,Jharkhand,09-01-2013 00:00,15248.09699
5068,Godda,8,20,Jharkhand,09-01-2013 00:00,15191.02421
5069,Gumla,16,20,Jharkhand,09-01-2013 00:00,15101.03885
5070,Ranchi,14,20,Jharkhand,09-01-2013 00:00,15107.51711
5071,Sahibganj,9,20,Jharkhand,09-01-2013 00:00,15165.36508
5072,Garhwa,1,20,Jharkhand,09-01-2013 00:00,15158.83282
5073,Palamu,2,20,Jharkhand,09-01-2013 00:00,15153.20037
5074,Chatra,3,20,Jharkhand,09-01-2013 00:00,15148.55302
5075,Hazaribagh,4,20,Jharkhand,09-01-2013 00:00,15142.86255
5076,Kodarma,5,20,Jharkhand,09-01-2013 00:00,15166.27474
5077,Purbi Singhbhum,18,20,Jharkhand,09-01-2013 00:00,15120.02059
5078,Lohardaga,15,20,Jharkhand,09-01-2013 00:00,15038.36045
5079,Pakaur,10,20,Jharkhand,09-01-2013 00:00,15205.8524
5080,Pashchimi Singhbhum,17,20,Jharkhand,09-01-2013 00:00,15108.76384
5081,Anugul,15,21,Orissa,09-01-2013 00:00,15144.61732
5082,Bhadrak,9,21,Orissa,09-01-2013 00:00,15116.41775
5083,Baudh,22,21,Orissa,09-01-2013 00:00,15137.13173
5084,Balangir,24,21,Orissa,09-01-2013 00:00,15115.44693
5085,Baleshwar,8,21,Orissa,09-01-2013 00:00,15083.73717
5086,Bargarh,1,21,Orissa,09-01-2013 00:00,15076.54608
5087,Kendrapara,10,21,Orissa,09-01-2013 00:00,15090.18078
5088,Kendujhar,6,21,Orissa,09-01-2013 00:00,15101.5919
5089,Debagarh,4,21,Orissa,09-01-2013 00:00,15134.97644
5090,Cuttack,12,21,Orissa,09-01-2013 00:00,15124.4733
5091,Dhenkanal,14,21,Orissa,09-01-2013 00:00,15124.81688
5092,Kalahandi,26,21,Orissa,09-01-2013 00:00,15102.82443
5093,Ganjam,19,21,Orissa,09-01-2013 00:00,15150.69435
5094,Gajapati,20,21,Orissa,09-01-2013 00:00,15044.21009
5095,Rayagada,27,21,Orissa,09-01-2013 00:00,15090.12325
5096,Sundargarh,5,21,Orissa,09-01-2013 00:00,15137.48775
5097,Sonapur,23,21,Orissa,09-01-2013 00:00,15117.99426
5098,Jajapur,13,21,Orissa,09-01-2013 00:00,15134.37963
5099,Jagatsinghapur,11,21,Orissa,09-01-2013 00:00,15113.43777
5100,Jharsuguda,2,21,Orissa,09-01-2013 00:00,15123.66854
5101,Khordha,17,21,Orissa,09-01-2013 00:00,15139.07723
5102,Mayurbhanj,7,21,Orissa,09-01-2013 00:00,15097.36547
5103,Puri,18,21,Orissa,09-01-2013 00:00,15133.02089
5104,Koraput,29,21,Orissa,09-01-2013 00:00,15072.72611
5105,Malkangiri,30,21,Orissa,09-01-2013 00:00,15087.37368
5106,Nabarangapur,28,21,Orissa,09-01-2013 00:00,15063.46539
5107,Nayagarh,16,21,Orissa,09-01-2013 00:00,15117.73897
5108,Nuapada,25,21,Orissa,09-01-2013 00:00,15090.45217
5109,Kandhamal,21,21,Orissa,09-01-2013 00:00,15049.59637
5110,Sambalpur,3,21,Orissa,09-01-2013 00:00,15105.83886
5111,Bastar,15,22,Chhattisgarh,09-01-2013 00:00,15048.32272
5112,Dantewada,16,22,Chhattisgarh,09-01-2013 00:00,15064.41747
5113,Dhamtari,13,22,Chhattisgarh,09-01-2013 00:00,15046.09517
5114,Durg,10,22,Chhattisgarh,09-01-2013 00:00,15089.90585
5115,Kanker,14,22,Chhattisgarh,09-01-2013 00:00,15042.3322
5116,Surguja,2,22,Chhattisgarh,09-01-2013 00:00,15103.13535
5117,Bilaspur,7,22,Chhattisgarh,09-01-2013 00:00,15091.94824
5118,Janjgir - Champa,6,22,Chhattisgarh,09-01-2013 00:00,15088.38361
5119,Korba,5,22,Chhattisgarh,09-01-2013 00:00,15118.07646
5120,Kawardha,8,22,Chhattisgarh,09-01-2013 00:00,15075.63932
5121,Jashpur,3,22,Chhattisgarh,09-01-2013 00:00,15106.84958
5122,Koriya,1,22,Chhattisgarh,09-01-2013 00:00,15124.39365
5123,Mahasamund,12,22,Chhattisgarh,09-01-2013 00:00,15061.49074
5124,Raigarh,4,22,Chhattisgarh,09-01-2013 00:00,15109.2935
5125,Raipur,11,22,Chhattisgarh,09-01-2013 00:00,15083.20298
5126,Rajnandgaon,9,22,Chhattisgarh,09-01-2013 00:00,15079.33762
5127,Hoshangabad,37,23,Madhya Pradesh,09-01-2013 00:00,15273.37537
5128,Indore,26,23,Madhya Pradesh,09-01-2013 00:00,15276.85534
5129,Bhind,3,23,Madhya Pradesh,09-01-2013 00:00,15270.0726
5130,Bhopal,32,23,Madhya Pradesh,09-01-2013 00:00,15291.99547
5131,Barwani,28,23,Madhya Pradesh,09-01-2013 00:00,15303.52227
5132,Betul,35,23,Madhya Pradesh,09-01-2013 00:00,15148.95273
5133,Balaghat,45,23,Madhya Pradesh,09-01-2013 00:00,15054.28891
5134,Chhatarpur,9,23,Madhya Pradesh,09-01-2013 00:00,15220.95253
5135,Chhindwara,43,23,Madhya Pradesh,09-01-2013 00:00,15174.78167
5136,Dewas,23,23,Madhya Pradesh,09-01-2013 00:00,15326.21454
5137,Katni,38,23,Madhya Pradesh,09-01-2013 00:00,15140.40483
5138,Datia,5,23,Madhya Pradesh,09-01-2013 00:00,15205.74162
5139,Damoh,12,23,Madhya Pradesh,09-01-2013 00:00,15222.69647
5140,Dhar,25,23,Madhya Pradesh,09-01-2013 00:00,15253.97946
5141,East Nimar,29,23,Madhya Pradesh,09-01-2013 00:00,15249.88614
5142,Guna,7,23,Madhya Pradesh,09-01-2013 00:00,15296.93728
5143,Gwalior,4,23,Madhya Pradesh,09-01-2013 00:00,15220.98584
5144,Harda,36,23,Madhya Pradesh,09-01-2013 00:00,15285.96699
5145,Shajapur,22,23,Madhya Pradesh,09-01-2013 00:00,15385.47139
5146,Shivpuri,6,23,Madhya Pradesh,09-01-2013 00:00,15223.84415
5147,Ratlam,20,23,Madhya Pradesh,09-01-2013 00:00,15365.19289
5148,Rewa,14,23,Madhya Pradesh,09-01-2013 00:00,15164.32756
5149,Sagar,11,23,Madhya Pradesh,09-01-2013 00:00,15239.65811
5150,Sidhi,17,23,Madhya Pradesh,09-01-2013 00:00,15150.26653
5151,Ujjain,21,23,Madhya Pradesh,09-01-2013 00:00,15377.9739
5152,Vidisha,31,23,Madhya Pradesh,09-01-2013 00:00,15324.90365
5153,West Nimar,27,23,Madhya Pradesh,09-01-2013 00:00,15337.15431
5154,Morena,2,23,Madhya Pradesh,09-01-2013 00:00,15286.81925
5155,Sheopur,1,23,Madhya Pradesh,09-01-2013 00:00,15270.97406
5156,Dindori,41,23,Madhya Pradesh,09-01-2013 00:00,15095.9996
5157,Mandla,42,23,Madhya Pradesh,09-01-2013 00:00,15112.43936
5158,Shahdol,16,23,Madhya Pradesh,09-01-2013 00:00,15149.62014
5159,Umaria,15,23,Madhya Pradesh,09-01-2013 00:00,15133.11984
5160,Jabalpur,39,23,Madhya Pradesh,09-01-2013 00:00,15182.83502
5161,Jhabua,24,23,Madhya Pradesh,09-01-2013 00:00,15185.96103
5162,Mandsaur,19,23,Madhya Pradesh,09-01-2013 00:00,15330.67658
5163,Tikamgarh,8,23,Madhya Pradesh,09-01-2013 00:00,15214.43725
5164,Narsimhapur,40,23,Madhya Pradesh,09-01-2013 00:00,15279.94537
5165,Neemuch,18,23,Madhya Pradesh,09-01-2013 00:00,15333.16777
5166,Panna,10,23,Madhya Pradesh,09-01-2013 00:00,15176.31576
5167,Raisen,34,23,Madhya Pradesh,09-01-2013 00:00,15260.04122
5168,Rajgarh,30,23,Madhya Pradesh,09-01-2013 00:00,15383.67757
5169,Satna,13,23,Madhya Pradesh,09-01-2013 00:00,15130.24747
5170,Sehore,33,23,Madhya Pradesh,09-01-2013 00:00,15320.66174
5171,Seoni,44,23,Madhya Pradesh,09-01-2013 00:00,15167.87496
5172,Anand,15,24,Gujarat,09-01-2013 00:00,15232.84094
5173,Ahmadabad,7,24,Gujarat,09-01-2013 00:00,15353.19964
5174,Amreli,13,24,Gujarat,09-01-2013 00:00,15245.38683
5175,Bhavnagar,14,24,Gujarat,09-01-2013 00:00,15290.91015
5176,Banas Kantha,2,24,Gujarat,09-01-2013 00:00,15462.42278
5177,Dohad,18,24,Gujarat,09-01-2013 00:00,15166.83396
5178,Junagadh,12,24,Gujarat,09-01-2013 00:00,15172.23361
5179,Kachchh,1,24,Gujarat,09-01-2013 00:00,15527.8364
5180,Gandhinagar,6,24,Gujarat,09-01-2013 00:00,15395.28896
5181,Sabar Kantha,5,24,Gujarat,09-01-2013 00:00,15394.30262
5182,Surendranagar,8,24,Gujarat,09-01-2013 00:00,15398.81488
5183,The Dangs,23,24,Gujarat,09-01-2013 00:00,15038.34484
5184,Vadodara,19,24,Gujarat,09-01-2013 00:00,15256.53339
5185,Valsad,25,24,Gujarat,09-01-2013 00:00,15074.19134
5186,Bharuch,21,24,Gujarat,09-01-2013 00:00,15299.87826
5187,Surat,22,24,Gujarat,09-01-2013 00:00,15145.24356
5188,Jamnagar,10,24,Gujarat,09-01-2013 00:00,15305.71068
5189,Kheda,16,24,Gujarat,09-01-2013 00:00,15341.73323
5190,Mahesana,4,24,Gujarat,09-01-2013 00:00,15474.70046
5191,Narmada,20,24,Gujarat,09-01-2013 00:00,15138.52795
5192,Navsari,24,24,Gujarat,09-01-2013 00:00,15112.15202
5193,Panch Mahals,17,24,Gujarat,09-01-2013 00:00,15257.11674
5194,Patan,3,24,Gujarat,09-01-2013 00:00,15503.51584
5195,Porbandar,11,24,Gujarat,09-01-2013 00:00,15245.88579
5196,Rajkot,9,24,Gujarat,09-01-2013 00:00,15288.62115
5197,Daman,2,25,Daman & Diu,09-01-2013 00:00,15085.91394
5198,Diu,1,25,Daman & Diu,09-01-2013 00:00,15174.70987
5199,Hingoli,16,27,Maharashtra,09-01-2013 00:00,15238.23969
5200,Aurangabad,19,27,Maharashtra,09-01-2013 00:00,15239.97925
5201,Ahmadnagar,26,27,Maharashtra,09-01-2013 00:00,15376.39265
5202,Akola,5,27,Maharashtra,09-01-2013 00:00,15221.26072
5203,Amravati,7,27,Maharashtra,09-01-2013 00:00,15178.40037
5204,Bid,27,27,Maharashtra,09-01-2013 00:00,15274.17037
5205,Bhandara,10,27,Maharashtra,09-01-2013 00:00,15112.65099
5206,Buldana,4,27,Maharashtra,09-01-2013 00:00,15221.06218
5207,Chandrapur,13,27,Maharashtra,09-01-2013 00:00,15181.34298
5208,Dhule,2,27,Maharashtra,09-01-2013 00:00,15289.56154
5209,Gadchiroli,12,27,Maharashtra,09-01-2013 00:00,15083.63644
5210,Gondiya,11,27,Maharashtra,09-01-2013 00:00,15083.88546
5211,Ratnagiri,32,27,Maharashtra,09-01-2013 00:00,15048.25348
5212,Raigarh,24,27,Maharashtra,09-01-2013 00:00,15039.41665
5213,Thane,21,27,Maharashtra,09-01-2013 00:00,15065.72144
5214,Solapur,30,27,Maharashtra,09-01-2013 00:00,15416.7835
5215,Sindhudurg,33,27,Maharashtra,09-01-2013 00:00,15116.76227
5216,Wardha,8,27,Maharashtra,09-01-2013 00:00,15266.20144
5217,Washim,6,27,Maharashtra,09-01-2013 00:00,15185.55026
5218,Yavatmal,14,27,Maharashtra,09-01-2013 00:00,15243.5849
5219,Jalgaon,3,27,Maharashtra,09-01-2013 00:00,15260.00524
5220,Jalna,18,27,Maharashtra,09-01-2013 00:00,15257.17719
5221,Kolhapur,34,27,Maharashtra,09-01-2013 00:00,15046.09081
5222,Latur,28,27,Maharashtra,09-01-2013 00:00,15224.34758
5223,Pune,25,27,Maharashtra,09-01-2013 00:00,15253.87073
5224,Nagpur,9,27,Maharashtra,09-01-2013 00:00,15221.14846
5225,Mumbai,23,27,Maharashtra,09-01-2013 00:00,15146.6544
5226,Mumbai (Suburban),22,27,Maharashtra,09-01-2013 00:00,15076.24834
5227,Nanded,15,27,Maharashtra,09-01-2013 00:00,15244.29614
5228,Nandurbar,1,27,Maharashtra,09-01-2013 00:00,15179.47414
5229,Nashik,20,27,Maharashtra,09-01-2013 00:00,15159.97034
5230,Osmanabad,29,27,Maharashtra,09-01-2013 00:00,15292.73396
5231,Parbhani,17,27,Maharashtra,09-01-2013 00:00,15278.8271
5232,Sangli,35,27,Maharashtra,09-01-2013 00:00,15331.57216
5233,Satara,31,27,Maharashtra,09-01-2013 00:00,15237.83716
5234,Hyderabad,5,28,Andhra Pradesh,09-01-2013 00:00,15238.346
5235,Anantapur,22,28,Andhra Pradesh,09-01-2013 00:00,15343.68024
5236,Adilabad,1,28,Andhra Pradesh,09-01-2013 00:00,15184.77287
5237,Chittoor,23,28,Andhra Pradesh,09-01-2013 00:00,15276.8548
5238,Cuddapah,20,28,Andhra Pradesh,09-01-2013 00:00,15329.4971
5239,East Godavari,14,28,Andhra Pradesh,09-01-2013 00:00,15094.00828
5240,Karimnagar,3,28,Andhra Pradesh,09-01-2013 00:00,15154.53695
5241,Guntur,17,28,Andhra Pradesh,09-01-2013 00:00,15233.02572
5242,Rangareddi,6,28,Andhra Pradesh,09-01-2013 00:00,15130.55644
5243,Srikakulam,11,28,Andhra Pradesh,09-01-2013 00:00,15188.36667
5244,West Godavari,15,28,Andhra Pradesh,09-01-2013 00:00,15125.98332
5245,Visakhapatnam,13,28,Andhra Pradesh,09-01-2013 00:00,15096.60621
5246,Vizianagaram,12,28,Andhra Pradesh,09-01-2013 00:00,15173.90103
5247,Warangal,9,28,Andhra Pradesh,09-01-2013 00:00,15169.80189
5248,Khammam,10,28,Andhra Pradesh,09-01-2013 00:00,15136.21013
5249,Medak,4,28,Andhra Pradesh,09-01-2013 00:00,15091.90109
5250,Krishna,16,28,Andhra Pradesh,09-01-2013 00:00,15138.85212
5251,Kurnool,21,28,Andhra Pradesh,09-01-2013 00:00,15279.84607
5252,Mahbubnagar,7,28,Andhra Pradesh,09-01-2013 00:00,15172.69727
5253,Nalgonda,8,28,Andhra Pradesh,09-01-2013 00:00,15217.46642
5254,Nellore,19,28,Andhra Pradesh,09-01-2013 00:00,15378.84586
5255,Nizamabad,2,28,Andhra Pradesh,09-01-2013 00:00,15074.50748
5256,Prakasam,18,28,Andhra Pradesh,09-01-2013 00:00,15329.71609
5257,Hassan,23,29,Karnataka,09-01-2013 00:00,15065.69922
5258,Haveri,11,29,Karnataka,09-01-2013 00:00,14984.51939
5259,Bagalkot,2,29,Karnataka,09-01-2013 00:00,15319.91844
5260,Bangalore,20,29,Karnataka,09-01-2013 00:00,15175.97047
5261,Bidar,5,29,Karnataka,09-01-2013 00:00,15225.95514
5262,Bijapur,3,29,Karnataka,09-01-2013 00:00,15304.47628
5263,Belgaum,1,29,Karnataka,09-01-2013 00:00,15208.06604
5264,Bellary,12,29,Karnataka,09-01-2013 00:00,15170.73758
5265,Bangalore Rural,21,29,Karnataka,09-01-2013 00:00,15192.73778
5266,Chamarajanagar,27,29,Karnataka,09-01-2013 00:00,15238.65385
5267,Chikmagalur,17,29,Karnataka,09-01-2013 00:00,14965.81384
5268,Chitradurga,13,29,Karnataka,09-01-2013 00:00,15219.72509
5269,Dakshina Kannada,24,29,Karnataka,09-01-2013 00:00,15089.34026
5270,Davanagere,14,29,Karnataka,09-01-2013 00:00,15011.67593
5271,Dharwad,9,29,Karnataka,09-01-2013 00:00,15240.59464
5272,Gulbarga,4,29,Karnataka,09-01-2013 00:00,15239.44493
5273,Gadag,8,29,Karnataka,09-01-2013 00:00,15359.63938
5274,Shimoga,15,29,Karnataka,09-01-2013 00:00,14908.72137
5275,Tumkur,18,29,Karnataka,09-01-2013 00:00,15273.60299
5276,Udupi,16,29,Karnataka,09-01-2013 00:00,15040.41892
5277,Uttara Kannada,10,29,Karnataka,09-01-2013 00:00,14988.72213
5278,Kodagu,25,29,Karnataka,09-01-2013 00:00,14952.97809
5279,Kolar,19,29,Karnataka,09-01-2013 00:00,15243.8274
5280,Mandya,22,29,Karnataka,09-01-2013 00:00,15261.29301
5281,Koppal,7,29,Karnataka,09-01-2013 00:00,15253.3885
5282,Mysore,26,29,Karnataka,09-01-2013 00:00,15185.24099
5283,Raichur,6,29,Karnataka,09-01-2013 00:00,15203.65909
5284,South Goa,2,30,Goa,09-01-2013 00:00,15044.02537
5285,North Goa,1,30,Goa,09-01-2013 00:00,15078.86719
5286,Idukki,9,32,Kerala,09-01-2013 00:00,14974.99456
5287,Alappuzha,11,32,Kerala,09-01-2013 00:00,15067.14531
5288,Kasaragod,1,32,Kerala,09-01-2013 00:00,15097.56308
5289,Kannur,2,32,Kerala,09-01-2013 00:00,15109.56305
5290,Ernakulam,8,32,Kerala,09-01-2013 00:00,15109.62728
5291,Thrissur,7,32,Kerala,09-01-2013 00:00,15052.97147
5292,Thiruvananthapuram,14,32,Kerala,09-01-2013 00:00,15051.94134
5293,Wayanad,3,32,Kerala,09-01-2013 00:00,14991.51407
5294,Kollam,13,32,Kerala,09-01-2013 00:00,15050.14791
5295,Kottayam,10,32,Kerala,09-01-2013 00:00,15076.47617
5296,Kozhikode,4,32,Kerala,09-01-2013 00:00,15038.88828
5297,Malappuram,5,32,Kerala,09-01-2013 00:00,15074.46229
5298,Palakkad,6,32,Kerala,09-01-2013 00:00,15056.25025
5299,Pathanamthitta,12,32,Kerala,09-01-2013 00:00,15029.33064
5300,Ariyalur,17,33,Tamil Nadu,09-01-2013 00:00,15513.04198
5301,Coimbatore,12,33,Tamil Nadu,09-01-2013 00:00,15471.59135
5302,Cuddalore,18,33,Tamil Nadu,09-01-2013 00:00,15478.56612
5303,Dharmapuri,5,33,Tamil Nadu,09-01-2013 00:00,15307.09358
5304,Dindigul,13,33,Tamil Nadu,09-01-2013 00:00,15515.67748
5305,Erode,10,33,Tamil Nadu,09-01-2013 00:00,15515.47448
5306,Sivaganga,23,33,Tamil Nadu,09-01-2013 00:00,15735.82681
5307,Tiruchirappalli,15,33,Tamil Nadu,09-01-2013 00:00,15525.72252
5308,Tirunelveli,29,33,Tamil Nadu,09-01-2013 00:00,15730.7915
5309,Tiruvannamalai,6,33,Tamil Nadu,09-01-2013 00:00,15361.51741
5310,Thoothukkudi,28,33,Tamil Nadu,09-01-2013 00:00,15968.56663
5311,Theni,25,33,Tamil Nadu,09-01-2013 00:00,15408.86518
5312,Vellore,4,33,Tamil Nadu,09-01-2013 00:00,15282.74275
5313,Viluppuram,7,33,Tamil Nadu,09-01-2013 00:00,15429.76096
5314,Virudhunagar,26,33,Tamil Nadu,09-01-2013 00:00,15894.01583
5315,Chennai,2,33,Tamil Nadu,09-01-2013 00:00,15461.79907
5316,Kancheepuram,3,33,Tamil Nadu,09-01-2013 00:00,15334.9966
5317,Thiruvallur,1,33,Tamil Nadu,09-01-2013 00:00,15304.84244
5318,Thanjavur,21,33,Tamil Nadu,09-01-2013 00:00,15381.45483
5319,Thiruvarur,20,33,Tamil Nadu,09-01-2013 00:00,15325.23223
5320,Nagapattinam,19,33,Tamil Nadu,09-01-2013 00:00,15401.89786
5321,Kanniyakumari,30,33,Tamil Nadu,09-01-2013 00:00,15107.93279
5322,Karur,14,33,Tamil Nadu,09-01-2013 00:00,15657.92514
5323,Madurai,24,33,Tamil Nadu,09-01-2013 00:00,15696.59207
5324,Namakkal,9,33,Tamil Nadu,09-01-2013 00:00,15451.36397
5325,The Nilgiris,11,33,Tamil Nadu,09-01-2013 00:00,14946.6282
5326,Perambalur,16,33,Tamil Nadu,09-01-2013 00:00,15606.7939
5327,Pudukkottai,22,33,Tamil Nadu,09-01-2013 00:00,15561.76403
5328,Ramanathapuram,27,33,Tamil Nadu,09-01-2013 00:00,15929.72995
5329,Salem,8,33,Tamil Nadu,09-01-2013 00:00,15341.61309
5330,Yanam,1,34,Puducherry,09-01-2013 00:00,15169.90609
5331,Karaikal,4,34,Puducherry,09-01-2013 00:00,15388.40058
5332,Mahe,3,34,Puducherry,09-01-2013 00:00,15054.84147
5333,Pondicherry,2,34,Puducherry,09-01-2013 00:00,15390.65422
5334,Nicobars,2,35,Andaman & Nicobar Island,09-01-2013 00:00,14933.56186
5335,Andamans,1,35,Andaman & Nicobar Island,09-01-2013 00:00,14913.33111
5336,Chandigarh,1,4,Chandigarh,10-01-2013 00:00,15172.51695
5337,Dadra & Nagar Haveli,1,26,Dadara & Nagar Havelli,10-01-2013 00:00,15204.98099
5338,Lakshadweep,1,31,Lakshadweep,10-01-2013 00:00,15004.8649
5339,Data Not Available,99,99,Jammu and Kashmir,10-01-2013 00:00,14319.74058
5340,Anantnag,6,1,Jammu and Kashmir,10-01-2013 00:00,14525.92841
5341,Badgam,4,1,Jammu and Kashmir,10-01-2013 00:00,14656.31549
5342,Baramula,2,1,Jammu and Kashmir,10-01-2013 00:00,14610.57434
5343,Doda,9,1,Jammu and Kashmir,10-01-2013 00:00,14394.22492
5344,Srinagar,3,1,Jammu and Kashmir,10-01-2013 00:00,14526.14806
5345,Udhampur,10,1,Jammu and Kashmir,10-01-2013 00:00,14752.22702
5346,Jammu,13,1,Jammu and Kashmir,10-01-2013 00:00,15039.76039
5347,Kargil,8,1,Jammu and Kashmir,10-01-2013 00:00,14443.52086
5348,Kathua,14,1,Jammu and Kashmir,10-01-2013 00:00,14901.73644
5349,Leh (Ladakh),7,1,Jammu and Kashmir,10-01-2013 00:00,14364.51077
5350,Kupwara,1,1,Jammu and Kashmir,10-01-2013 00:00,14660.24365
5351,Punch,11,1,Jammu and Kashmir,10-01-2013 00:00,14734.28132
5352,Pulwama,5,1,Jammu and Kashmir,10-01-2013 00:00,14762.18595
5353,Rajauri,12,1,Jammu and Kashmir,10-01-2013 00:00,14873.52251
5354,Bilaspur,8,2,Himachal Pradesh,10-01-2013 00:00,14926.41158
5355,Chamba,1,2,Himachal Pradesh,10-01-2013 00:00,14515.02537
5356,Hamirpur,6,2,Himachal Pradesh,10-01-2013 00:00,14915.43698
5357,Shimla,11,2,Himachal Pradesh,10-01-2013 00:00,14606.6998
5358,Sirmaur,10,2,Himachal Pradesh,10-01-2013 00:00,14850.73792
5359,Solan,9,2,Himachal Pradesh,10-01-2013 00:00,14919.54458
5360,Una,7,2,Himachal Pradesh,10-01-2013 00:00,14968.60416
5361,Kangra,2,2,Himachal Pradesh,10-01-2013 00:00,14757.91753
5362,Kinnaur,12,2,Himachal Pradesh,10-01-2013 00:00,14359.38905
5363,Lahul & Spiti,3,2,Himachal Pradesh,10-01-2013 00:00,14338.16221
5364,Kullu,4,2,Himachal Pradesh,10-01-2013 00:00,14377.8549
5365,Mandi,5,2,Himachal Pradesh,10-01-2013 00:00,14753.34148
5366,Hoshiarpur,5,3,Punjab,10-01-2013 00:00,15071.94938
5367,Amritsar,2,3,Punjab,10-01-2013 00:00,15122.47627
5368,Firozpur,11,3,Punjab,10-01-2013 00:00,15191.32577
5369,Bathinda,14,3,Punjab,10-01-2013 00:00,15198.53664
5370,Gurdaspur,1,3,Punjab,10-01-2013 00:00,15081.62914
5371,Faridkot,13,3,Punjab,10-01-2013 00:00,15187.25342
5372,Fatehgarh Sahib,8,3,Punjab,10-01-2013 00:00,15144.94
5373,Rupnagar,7,3,Punjab,10-01-2013 00:00,15130.53798
5374,Jalandhar,4,3,Punjab,10-01-2013 00:00,15155.67265
5375,Kapurthala,3,3,Punjab,10-01-2013 00:00,15146.56372
5376,Ludhiana,9,3,Punjab,10-01-2013 00:00,15123.81731
5377,Mansa,15,3,Punjab,10-01-2013 00:00,15185.73836
5378,Moga,10,3,Punjab,10-01-2013 00:00,15132.85249
5379,Muktsar,12,3,Punjab,10-01-2013 00:00,15196.43879
5380,Nawanshahr,6,3,Punjab,10-01-2013 00:00,15113.69402
5381,Patiala,17,3,Punjab,10-01-2013 00:00,15164.56313
5382,Sangrur,16,3,Punjab,10-01-2013 00:00,15137.74417
5383,Hardwar,13,5,Uttarakhand,10-01-2013 00:00,15052.70587
5384,Bageshwar,8,5,Uttarakhand,10-01-2013 00:00,14562.95513
5385,Almora,9,5,Uttarakhand,10-01-2013 00:00,14841.8729
5386,Chamoli,2,5,Uttarakhand,10-01-2013 00:00,14287.48241
5387,Champawat,10,5,Uttarakhand,10-01-2013 00:00,14819.94006
5388,Dehradun,5,5,Uttarakhand,10-01-2013 00:00,14859.84327
5389,Garhwal,6,5,Uttarakhand,10-01-2013 00:00,14815.80778
5390,Rudraprayag,3,5,Uttarakhand,10-01-2013 00:00,14474.81613
5391,Tehri Garhwal,4,5,Uttarakhand,10-01-2013 00:00,14640.88922
5392,Udham Singh Nagar,12,5,Uttarakhand,10-01-2013 00:00,15069.17449
5393,Uttarkashi,1,5,Uttarakhand,10-01-2013 00:00,14353.9425
5394,Nainital,11,5,Uttarakhand,10-01-2013 00:00,14882.10875
5395,Pithoragarh,7,5,Uttarakhand,10-01-2013 00:00,14388.14117
5396,Hisar,12,6,Haryana,10-01-2013 00:00,15285.95226
5397,Ambala,2,6,Haryana,10-01-2013 00:00,15154.74109
5398,Gurgaon,18,6,Haryana,10-01-2013 00:00,15346.00316
5399,Faridabad,19,6,Haryana,10-01-2013 00:00,15243.34012
5400,Fatehabad,10,6,Haryana,10-01-2013 00:00,15218.31907
5401,Rohtak,14,6,Haryana,10-01-2013 00:00,15184.75239
5402,Sirsa,11,6,Haryana,10-01-2013 00:00,15295.18837
5403,Sonipat,8,6,Haryana,10-01-2013 00:00,15133.38996
5404,Yamunanagar,3,6,Haryana,10-01-2013 00:00,15083.65068
5405,Jhajjar,15,6,Haryana,10-01-2013 00:00,15303.35459
5406,Mahendragarh,16,6,Haryana,10-01-2013 00:00,15454.57196
5407,Rewari,17,6,Haryana,10-01-2013 00:00,15425.04448
5408,Bhiwani,13,6,Haryana,10-01-2013 00:00,15399.58791
5409,Jind,9,6,Haryana,10-01-2013 00:00,15152.76364
5410,Kaithal,5,6,Haryana,10-01-2013 00:00,15155.91729
5411,Karnal,6,6,Haryana,10-01-2013 00:00,15143.40012
5412,Kurukshetra,4,6,Haryana,10-01-2013 00:00,15163.48306
5413,Panchkula,1,6,Haryana,10-01-2013 00:00,15049.98475
5414,Panipat,7,6,Haryana,10-01-2013 00:00,15121.41447
5415,Central,6,7,Delhi  & NCR,10-01-2013 00:00,15196.9274
5416,East,4,7,Delhi  & NCR,10-01-2013 00:00,15182.84175
5417,New Delhi,5,7,Delhi  & NCR,10-01-2013 00:00,15135.18837
5418,North,2,7,Delhi  & NCR,10-01-2013 00:00,15182.97163
5419,North East,3,7,Delhi  & NCR,10-01-2013 00:00,15185.73839
5420,North West,1,7,Delhi  & NCR,10-01-2013 00:00,15217.62104
5421,South,9,7,Delhi  & NCR,10-01-2013 00:00,15150.81971
5422,South West,8,7,Delhi  & NCR,10-01-2013 00:00,15246.83561
5423,West,7,7,Delhi  & NCR,10-01-2013 00:00,15240.31604
5424,Ajmer,21,8,Rajasthan,10-01-2013 00:00,15412.13594
5425,Banswara,28,8,Rajasthan,10-01-2013 00:00,15303.92729
5426,Barmer,17,8,Rajasthan,10-01-2013 00:00,15613.965
5427,Bhilwara,24,8,Rajasthan,10-01-2013 00:00,15363.34784
5428,Bikaner,3,8,Rajasthan,10-01-2013 00:00,15758.65779
5429,Bharatpur,7,8,Rajasthan,10-01-2013 00:00,15469.83135
5430,Bundi,23,8,Rajasthan,10-01-2013 00:00,15394.97205
5431,Chittaurgarh,29,8,Rajasthan,10-01-2013 00:00,15311.83423
5432,Churu,4,8,Rajasthan,10-01-2013 00:00,15587.66008
5433,Dausa,11,8,Rajasthan,10-01-2013 00:00,15424.11306
5434,Dhaulpur,8,8,Rajasthan,10-01-2013 00:00,15332.12358
5435,Dungarpur,27,8,Rajasthan,10-01-2013 00:00,15232.45549
5436,Karauli,9,8,Rajasthan,10-01-2013 00:00,15382.92379
5437,Sirohi,19,8,Rajasthan,10-01-2013 00:00,15294.09745
5438,Tonk,22,8,Rajasthan,10-01-2013 00:00,15530.45761
5439,Sikar,13,8,Rajasthan,10-01-2013 00:00,15451.33903
5440,Alwar,6,8,Rajasthan,10-01-2013 00:00,15350.61071
5441,Udaipur,26,8,Rajasthan,10-01-2013 00:00,15191.80912
5442,Ganganagar,1,8,Rajasthan,10-01-2013 00:00,15528.34757
5443,Hanumangarh,2,8,Rajasthan,10-01-2013 00:00,15512.99952
5444,Baran,31,8,Rajasthan,10-01-2013 00:00,15461.80059
5445,Jaipur,12,8,Rajasthan,10-01-2013 00:00,15441.05555
5446,Jaisalmer,16,8,Rajasthan,10-01-2013 00:00,15929.40978
5447,Jalor,18,8,Rajasthan,10-01-2013 00:00,15460.5983
5448,Jhalawar,32,8,Rajasthan,10-01-2013 00:00,15440.38694
5449,Jhunjhunun,5,8,Rajasthan,10-01-2013 00:00,15455.8923
5450,Jodhpur,15,8,Rajasthan,10-01-2013 00:00,15620.72071
5451,Kota,30,8,Rajasthan,10-01-2013 00:00,15427.05648
5452,Nagaur,14,8,Rajasthan,10-01-2013 00:00,15477.49935
5453,Pali,20,8,Rajasthan,10-01-2013 00:00,15457.16654
5454,Rajsamand,25,8,Rajasthan,10-01-2013 00:00,15212.0336
5455,Sawai Madhopur,10,8,Rajasthan,10-01-2013 00:00,15436.59456
5456,Hathras,13,9,Uttar Pradesh,10-01-2013 00:00,15291.97041
5457,Auraiya,32,9,Uttar Pradesh,10-01-2013 00:00,15180.72725
5458,Azamgarh,61,9,Uttar Pradesh,10-01-2013 00:00,15078.70264
5459,Budaun,19,9,Uttar Pradesh,10-01-2013 00:00,15153.93263
5460,Agra,15,9,Uttar Pradesh,10-01-2013 00:00,15321.61785
5461,Aligarh,12,9,Uttar Pradesh,10-01-2013 00:00,15221.63991
5462,Allahabad,45,9,Uttar Pradesh,10-01-2013 00:00,15081.96334
5463,Ambedkar Nagar,48,9,Uttar Pradesh,10-01-2013 00:00,15053.96365
5464,Bareilly,20,9,Uttar Pradesh,10-01-2013 00:00,15109.23095
5465,Bijnor,3,9,Uttar Pradesh,10-01-2013 00:00,15075.92981
5466,Basti,55,9,Uttar Pradesh,10-01-2013 00:00,15058.00438
5467,Baghpat,8,9,Uttar Pradesh,10-01-2013 00:00,15120.43488
5468,Bahraich,50,9,Uttar Pradesh,10-01-2013 00:00,15101.36972
5469,Ballia,63,9,Uttar Pradesh,10-01-2013 00:00,15086.68682
5470,Balrampur,52,9,Uttar Pradesh,10-01-2013 00:00,15110.81808
5471,Banda,40,9,Uttar Pradesh,10-01-2013 00:00,15227.17582
5472,Barabanki,46,9,Uttar Pradesh,10-01-2013 00:00,15109.80973
5473,Chitrakoot,41,9,Uttar Pradesh,10-01-2013 00:00,15152.13782
5474,Chandauli,66,9,Uttar Pradesh,10-01-2013 00:00,15054.33371
5475,Deoria,60,9,Uttar Pradesh,10-01-2013 00:00,15083.35166
5476,Etah,17,9,Uttar Pradesh,10-01-2013 00:00,15208.98927
5477,Kanpur Dehat,33,9,Uttar Pradesh,10-01-2013 00:00,15205.02642
5478,Etawah,31,9,Uttar Pradesh,10-01-2013 00:00,15185.16846
5479,Faizabad,47,9,Uttar Pradesh,10-01-2013 00:00,15088.20814
5480,Ghazipur,65,9,Uttar Pradesh,10-01-2013 00:00,15094.26747
5481,Gonda,53,9,Uttar Pradesh,10-01-2013 00:00,15084.83092
5482,Gorakhpur,58,9,Uttar Pradesh,10-01-2013 00:00,15074.98701
5483,Farrukhabad,29,9,Uttar Pradesh,10-01-2013 00:00,15239.33412
5484,Fatehpur,42,9,Uttar Pradesh,10-01-2013 00:00,15183.82541
5485,Firozabad,16,9,Uttar Pradesh,10-01-2013 00:00,15269.04537
5486,Hamirpur,38,9,Uttar Pradesh,10-01-2013 00:00,15347.27016
5487,Hardoi,25,9,Uttar Pradesh,10-01-2013 00:00,15190.63473
5488,Shrawasti,51,9,Uttar Pradesh,10-01-2013 00:00,15117.34344
5489,Saharanpur,1,9,Uttar Pradesh,10-01-2013 00:00,15063.75686
5490,Sitapur,24,9,Uttar Pradesh,10-01-2013 00:00,15146.30238
5491,Sultanpur,49,9,Uttar Pradesh,10-01-2013 00:00,15087.87413
5492,Sonbhadra,70,9,Uttar Pradesh,10-01-2013 00:00,15038.42503
5493,Siddharthnagar,54,9,Uttar Pradesh,10-01-2013 00:00,15084.28996
5494,Unnao,26,9,Uttar Pradesh,10-01-2013 00:00,15164.95049
5495,Varanasi,67,9,Uttar Pradesh,10-01-2013 00:00,15101.86559
5496,Bulandshahr,11,9,Uttar Pradesh,10-01-2013 00:00,15176.70033
5497,Gautam Buddha Nagar,10,9,Uttar Pradesh,10-01-2013 00:00,15218.07856
5498,Ghaziabad,9,9,Uttar Pradesh,10-01-2013 00:00,15153.5652
5499,Jalaun,35,9,Uttar Pradesh,10-01-2013 00:00,15278.45099
5500,Jaunpur,64,9,Uttar Pradesh,10-01-2013 00:00,15088.45315
5501,Jhansi,36,9,Uttar Pradesh,10-01-2013 00:00,15343.9226
5502,Jyotiba Phule Nagar,6,9,Uttar Pradesh,10-01-2013 00:00,15108.80861
5503,Kannauj,30,9,Uttar Pradesh,10-01-2013 00:00,15264.12807
5504,Kanpur Nagar,34,9,Uttar Pradesh,10-01-2013 00:00,15186.48637
5505,Kaushambi,44,9,Uttar Pradesh,10-01-2013 00:00,15141.65072
5506,Kheri,23,9,Uttar Pradesh,10-01-2013 00:00,15092.90544
5507,Mirzapur,69,9,Uttar Pradesh,10-01-2013 00:00,15091.334
5508,Moradabad,4,9,Uttar Pradesh,10-01-2013 00:00,15107.15516
5509,Muzaffarnagar,2,9,Uttar Pradesh,10-01-2013 00:00,15083.03845
5510,Rae Bareli,28,9,Uttar Pradesh,10-01-2013 00:00,15113.16379
5511,Kushinagar,59,9,Uttar Pradesh,10-01-2013 00:00,15098.2867
5512,Lucknow,27,9,Uttar Pradesh,10-01-2013 00:00,15148.70301
5513,Lalitpur,37,9,Uttar Pradesh,10-01-2013 00:00,15313.44917
5514,Mahrajganj,57,9,Uttar Pradesh,10-01-2013 00:00,15079.54052
5515,Mahoba,39,9,Uttar Pradesh,10-01-2013 00:00,15330.60457
5516,Mainpuri,18,9,Uttar Pradesh,10-01-2013 00:00,15210.0097
5517,Mathura,14,9,Uttar Pradesh,10-01-2013 00:00,15294.05122
5518,Mau,62,9,Uttar Pradesh,10-01-2013 00:00,15081.91512
5519,Meerut,7,9,Uttar Pradesh,10-01-2013 00:00,15107.3704
5520,Pilibhit,21,9,Uttar Pradesh,10-01-2013 00:00,15088.21614
5521,Pratapgarh,43,9,Uttar Pradesh,10-01-2013 00:00,15095.39526
5522,Rampur,5,9,Uttar Pradesh,10-01-2013 00:00,15094.5862
5523,Sant Ravidas Nagar Bhadohi,68,9,Uttar Pradesh,10-01-2013 00:00,15085.81876
5524,Sant Kabir Nagar,56,9,Uttar Pradesh,10-01-2013 00:00,15056.18091
5525,Shahjahanpur,22,9,Uttar Pradesh,10-01-2013 00:00,15139.41854
5526,Araria,7,10,Bihar,10-01-2013 00:00,15078.84748
5527,Aurangabad,34,10,Bihar,10-01-2013 00:00,15075.83516
5528,Banka,23,10,Bihar,10-01-2013 00:00,15088.93098
5529,Bhagalpur,22,10,Bihar,10-01-2013 00:00,15092.7684
5530,Begusarai,20,10,Bihar,10-01-2013 00:00,15157.61619
5531,Saran,17,10,Bihar,10-01-2013 00:00,15090.31208
5532,Katihar,10,10,Bihar,10-01-2013 00:00,15087.41034
5533,Darbhanga,13,10,Bihar,10-01-2013 00:00,15080.84345
5534,Gopalganj,15,10,Bihar,10-01-2013 00:00,15087.32876
5535,Sheikhpura,26,10,Bihar,10-01-2013 00:00,15170.38256
5536,Sheohar,3,10,Bihar,10-01-2013 00:00,15098.11323
5537,Saharsa,12,10,Bihar,10-01-2013 00:00,15065.49994
5538,Sitamarhi,4,10,Bihar,10-01-2013 00:00,15097.7351
5539,Siwan,16,10,Bihar,10-01-2013 00:00,15080.69527
5540,Supaul,6,10,Bihar,10-01-2013 00:00,15072.37147
5541,Vaishali,18,10,Bihar,10-01-2013 00:00,15098.00595
5542,Kaimur (Bhabua),31,10,Bihar,10-01-2013 00:00,15044.92364
5543,Gaya,35,10,Bihar,10-01-2013 00:00,15109.70486
5544,Bhojpur,29,10,Bihar,10-01-2013 00:00,15072.78666
5545,Buxar,30,10,Bihar,10-01-2013 00:00,15060.74035
5546,Jehanabad,33,10,Bihar,10-01-2013 00:00,15096.54653
5547,Rohtas,32,10,Bihar,10-01-2013 00:00,15032.13231
5548,Jamui,37,10,Bihar,10-01-2013 00:00,15090.67666
5549,Kishanganj,8,10,Bihar,10-01-2013 00:00,15103.06747
5550,Muzaffarpur,14,10,Bihar,10-01-2013 00:00,15085.52021
5551,Purnia,9,10,Bihar,10-01-2013 00:00,15093.50426
5552,Khagaria,21,10,Bihar,10-01-2013 00:00,15116.51003
5553,Madhubani,5,10,Bihar,10-01-2013 00:00,15085.80027
5554,Lakhisarai,25,10,Bihar,10-01-2013 00:00,15117.99828
5555,Madhepura,11,10,Bihar,10-01-2013 00:00,15078.16639
5556,Purba Champaran,2,10,Bihar,10-01-2013 00:00,15073.21725
5557,Munger,24,10,Bihar,10-01-2013 00:00,15077.6818
5558,Nalanda,27,10,Bihar,10-01-2013 00:00,15136.30931
5559,Nawada,36,10,Bihar,10-01-2013 00:00,15080.59066
5560,Pashchim Champaran,1,10,Bihar,10-01-2013 00:00,15094.01605
5561,Patna,28,10,Bihar,10-01-2013 00:00,15114.30231
5562,Samastipur,19,10,Bihar,10-01-2013 00:00,15137.16227
5563,East,4,11,Sikkim,10-01-2013 00:00,14590.87031
5564,South,3,11,Sikkim,10-01-2013 00:00,14684.52554
5565,West,2,11,Sikkim,10-01-2013 00:00,14453.71996
5566,North,1,11,Sikkim,10-01-2013 00:00,14110.07012
5567,Changlang,12,12,Arunanchal Pradesh,10-01-2013 00:00,14812.36062
5568,Dibang Valley,10,12,Arunanchal Pradesh,10-01-2013 00:00,14499.95627
5569,East Kameng,3,12,Arunanchal Pradesh,10-01-2013 00:00,14672.11308
5570,East Siang,8,12,Arunanchal Pradesh,10-01-2013 00:00,14899.51486
5571,Tawang,1,12,Arunanchal Pradesh,10-01-2013 00:00,14360.98331
5572,Tirap,13,12,Arunanchal Pradesh,10-01-2013 00:00,14871.55941
5573,West Kameng,2,12,Arunanchal Pradesh,10-01-2013 00:00,14614.82388
5574,West Siang,7,12,Arunanchal Pradesh,10-01-2013 00:00,14701.47844
5575,Upper Siang,9,12,Arunanchal Pradesh,10-01-2013 00:00,14585.38452
5576,Upper Subansiri,6,12,Arunanchal Pradesh,10-01-2013 00:00,14558.289
5577,Lohit,11,12,Arunanchal Pradesh,10-01-2013 00:00,14575.53301
5578,Lower Subansiri,5,12,Arunanchal Pradesh,10-01-2013 00:00,14604.18354
5579,Papum Pare,4,12,Arunanchal Pradesh,10-01-2013 00:00,14804.63669
5580,Tuensang,2,13,Nagaland,10-01-2013 00:00,14752.30597
5581,Wokha,5,13,Nagaland,10-01-2013 00:00,14934.42504
5582,Zunheboto,4,13,Nagaland,10-01-2013 00:00,14780.557
5583,Dimapur,6,13,Nagaland,10-01-2013 00:00,15006.56339
5584,Kohima,7,13,Nagaland,10-01-2013 00:00,14842.58117
5585,Mokokchung,3,13,Nagaland,10-01-2013 00:00,14919.56148
5586,Mon,1,13,Nagaland,10-01-2013 00:00,14930.67291
5587,Phek,8,13,Nagaland,10-01-2013 00:00,14736.21544
5588,Bishnupur,4,14,Manipur,10-01-2013 00:00,14877.61968
5589,Chandel,9,14,Manipur,10-01-2013 00:00,14853.08918
5590,Churachandpur,3,14,Manipur,10-01-2013 00:00,14901.72155
5591,Tamenglong,2,14,Manipur,10-01-2013 00:00,14897.82997
5592,Thoubal,5,14,Manipur,10-01-2013 00:00,14939.8115
5593,Ukhrul,8,14,Manipur,10-01-2013 00:00,14798.05169
5594,Imphal East,7,14,Manipur,10-01-2013 00:00,14939.91512
5595,Imphal West,6,14,Manipur,10-01-2013 00:00,15057.04359
5596,Senapati (Excl. 3 sub-divisions),1,14,Manipur,10-01-2013 00:00,14787.18122
5597,Aizawl,3,15,Mizoram,10-01-2013 00:00,14936.49409
5598,Champhai,4,15,Mizoram,10-01-2013 00:00,14849.63213
5599,Kolasib,2,15,Mizoram,10-01-2013 00:00,15026.98165
5600,Mamit,1,15,Mizoram,10-01-2013 00:00,14993.33562
5601,Lunglei,6,15,Mizoram,10-01-2013 00:00,14954.91768
5602,Lawngtlai,7,15,Mizoram,10-01-2013 00:00,14952.34431
5603,Saiha,8,15,Mizoram,10-01-2013 00:00,14879.43722
5604,Serchhip,5,15,Mizoram,10-01-2013 00:00,14906.51736
5605,Dhalai,3,16,Tripura,10-01-2013 00:00,15063.77864
5606,South Tripura,2,16,Tripura,10-01-2013 00:00,15044.09373
5607,West Tripura,1,16,Tripura,10-01-2013 00:00,15088.44532
5608,North Tripura,4,16,Tripura,10-01-2013 00:00,15068.18241
5609,East Garo Hills,2,17,Meghalaya,10-01-2013 00:00,14972.24968
5610,East Khasi Hills,6,17,Meghalaya,10-01-2013 00:00,14894.71066
5611,Ri Bhoi,5,17,Meghalaya,10-01-2013 00:00,14939.81425
5612,South Garo Hills,3,17,Meghalaya,10-01-2013 00:00,15008.23435
5613,West Garo Hills,1,17,Meghalaya,10-01-2013 00:00,15031.15311
5614,West Khasi Hills,4,17,Meghalaya,10-01-2013 00:00,14895.42718
5615,Jaintia Hills,7,17,Meghalaya,10-01-2013 00:00,14928.6
5616,Barpeta,5,18,Assam,10-01-2013 00:00,15076.30247
5617,Bongaigaon,4,18,Assam,10-01-2013 00:00,15081.78226
5618,Cachar,21,18,Assam,10-01-2013 00:00,15086.63008
5619,Darrang,8,18,Assam,10-01-2013 00:00,15081.32028
5620,Dhemaji,13,18,Assam,10-01-2013 00:00,15084.62338
5621,Dhubri,2,18,Assam,10-01-2013 00:00,15060.12137
5622,Dibrugarh,15,18,Assam,10-01-2013 00:00,15041.53133
5623,Kamrup,6,18,Assam,10-01-2013 00:00,15047.22397
5624,Karbi Anglong,19,18,Assam,10-01-2013 00:00,14964.93533
5625,Goalpara,3,18,Assam,10-01-2013 00:00,15046.16535
5626,Golaghat,18,18,Assam,10-01-2013 00:00,15050.20378
5627,Hailakandi,23,18,Assam,10-01-2013 00:00,15079.97453
5628,Sonitpur,11,18,Assam,10-01-2013 00:00,15072.60318
5629,Sibsagar,16,18,Assam,10-01-2013 00:00,15049.86561
5630,Tinsukia,14,18,Assam,10-01-2013 00:00,15046.61617
5631,Jorhat,17,18,Assam,10-01-2013 00:00,15065.47634
5632,Karimganj,22,18,Assam,10-01-2013 00:00,15079.01984
5633,Kokrajhar,1,18,Assam,10-01-2013 00:00,15063.89704
5634,Lakhimpur,12,18,Assam,10-01-2013 00:00,15105.97509
5635,Nagaon,10,18,Assam,10-01-2013 00:00,15044.52472
5636,Marigaon,9,18,Assam,10-01-2013 00:00,15067.44719
5637,Nalbari,7,18,Assam,10-01-2013 00:00,15082.01812
5638,North Cachar Hills,20,18,Assam,10-01-2013 00:00,14949.35441
5639,Hugli,12,19,West Bengal,10-01-2013 00:00,15062.07728
5640,Barddhaman,9,19,West Bengal,10-01-2013 00:00,15071.00142
5641,Birbhum,8,19,West Bengal,10-01-2013 00:00,15062.44133
5642,Bankura,13,19,West Bengal,10-01-2013 00:00,15073.10404
5643,Dakshin Dinajpur,5,19,West Bengal,10-01-2013 00:00,15031.979
5644,Darjiling,1,19,West Bengal,10-01-2013 00:00,14905.82738
5645,Haora,16,19,West Bengal,10-01-2013 00:00,15086.59795
5646,South  Twenty Four Parganas,18,19,West Bengal,10-01-2013 00:00,15063.63804
5647,Uttar Dinajpur,4,19,West Bengal,10-01-2013 00:00,15066.80033
5648,Jalpaiguri,2,19,West Bengal,10-01-2013 00:00,15080.04813
5649,Koch Bihar,3,19,West Bengal,10-01-2013 00:00,15069.34494
5650,Murshidabad,7,19,West Bengal,10-01-2013 00:00,15082.29371
5651,Puruliya,14,19,West Bengal,10-01-2013 00:00,15056.46508
5652,Kolkata,17,19,West Bengal,10-01-2013 00:00,15269.80165
5653,Maldah,6,19,West Bengal,10-01-2013 00:00,15070.9741
5654,Nadia,10,19,West Bengal,10-01-2013 00:00,15108.87281
5655,North Twenty Four Parganas,11,19,West Bengal,10-01-2013 00:00,15074.92029
5656,Medinipur,15,19,West Bengal,10-01-2013 00:00,15073.73302
5657,Bokaro,13,20,Jharkhand,10-01-2013 00:00,15055.17063
5658,Deoghar,7,20,Jharkhand,10-01-2013 00:00,15095.83263
5659,Dhanbad,12,20,Jharkhand,10-01-2013 00:00,15077.43838
5660,Dumka,11,20,Jharkhand,10-01-2013 00:00,15084.74443
5661,Giridih,6,20,Jharkhand,10-01-2013 00:00,15071.12185
5662,Godda,8,20,Jharkhand,10-01-2013 00:00,15099.52416
5663,Gumla,16,20,Jharkhand,10-01-2013 00:00,15016.12342
5664,Ranchi,14,20,Jharkhand,10-01-2013 00:00,15015.69478
5665,Sahibganj,9,20,Jharkhand,10-01-2013 00:00,15070.13458
5666,Garhwa,1,20,Jharkhand,10-01-2013 00:00,15036.55736
5667,Palamu,2,20,Jharkhand,10-01-2013 00:00,15028.1401
5668,Chatra,3,20,Jharkhand,10-01-2013 00:00,15030.41907
5669,Hazaribagh,4,20,Jharkhand,10-01-2013 00:00,15037.26209
5670,Kodarma,5,20,Jharkhand,10-01-2013 00:00,15043.39294
5671,Purbi Singhbhum,18,20,Jharkhand,10-01-2013 00:00,15060.0252
5672,Lohardaga,15,20,Jharkhand,10-01-2013 00:00,14979.2198
5673,Pakaur,10,20,Jharkhand,10-01-2013 00:00,15088.00841
5674,Pashchimi Singhbhum,17,20,Jharkhand,10-01-2013 00:00,15017.61927
5675,Anugul,15,21,Orissa,10-01-2013 00:00,15058.98668
5676,Bhadrak,9,21,Orissa,10-01-2013 00:00,15025.84387
5677,Baudh,22,21,Orissa,10-01-2013 00:00,15044.48958
5678,Balangir,24,21,Orissa,10-01-2013 00:00,15066.8729
5679,Baleshwar,8,21,Orissa,10-01-2013 00:00,15056.06088
5680,Bargarh,1,21,Orissa,10-01-2013 00:00,15051.82234
5681,Kendrapara,10,21,Orissa,10-01-2013 00:00,15037.75691
5682,Kendujhar,6,21,Orissa,10-01-2013 00:00,15044.84634
5683,Debagarh,4,21,Orissa,10-01-2013 00:00,15043.49286
5684,Cuttack,12,21,Orissa,10-01-2013 00:00,15077.34271
5685,Dhenkanal,14,21,Orissa,10-01-2013 00:00,15092.18157
5686,Kalahandi,26,21,Orissa,10-01-2013 00:00,15028.44955
5687,Ganjam,19,21,Orissa,10-01-2013 00:00,15083.20531
5688,Gajapati,20,21,Orissa,10-01-2013 00:00,14994.77104
5689,Rayagada,27,21,Orissa,10-01-2013 00:00,15028.40455
5690,Sundargarh,5,21,Orissa,10-01-2013 00:00,15048.18365
5691,Sonapur,23,21,Orissa,10-01-2013 00:00,15055.51412
5692,Jajapur,13,21,Orissa,10-01-2013 00:00,15076.78536
5693,Jagatsinghapur,11,21,Orissa,10-01-2013 00:00,15066.87229
5694,Jharsuguda,2,21,Orissa,10-01-2013 00:00,15060.21627
5695,Khordha,17,21,Orissa,10-01-2013 00:00,15095.00234
5696,Mayurbhanj,7,21,Orissa,10-01-2013 00:00,15032.90407
5697,Puri,18,21,Orissa,10-01-2013 00:00,15067.04739
5698,Koraput,29,21,Orissa,10-01-2013 00:00,14980.36447
5699,Malkangiri,30,21,Orissa,10-01-2013 00:00,15026.02463
5700,Nabarangapur,28,21,Orissa,10-01-2013 00:00,14984.67422
5701,Nayagarh,16,21,Orissa,10-01-2013 00:00,15054.14291
5702,Nuapada,25,21,Orissa,10-01-2013 00:00,15035.73488
5703,Kandhamal,21,21,Orissa,10-01-2013 00:00,14964.64438
5704,Sambalpur,3,21,Orissa,10-01-2013 00:00,15044.21578
5705,Bastar,15,22,Chhattisgarh,10-01-2013 00:00,14985.32023
5706,Dantewada,16,22,Chhattisgarh,10-01-2013 00:00,15039.21431
5707,Dhamtari,13,22,Chhattisgarh,10-01-2013 00:00,15014.29252
5708,Durg,10,22,Chhattisgarh,10-01-2013 00:00,15091.92532
5709,Kanker,14,22,Chhattisgarh,10-01-2013 00:00,15030.14018
5710,Surguja,2,22,Chhattisgarh,10-01-2013 00:00,14993.1367
5711,Bilaspur,7,22,Chhattisgarh,10-01-2013 00:00,15023.82821
5712,Janjgir - Champa,6,22,Chhattisgarh,10-01-2013 00:00,15032.11138
5713,Korba,5,22,Chhattisgarh,10-01-2013 00:00,15012.81808
5714,Kawardha,8,22,Chhattisgarh,10-01-2013 00:00,15062.80539
5715,Jashpur,3,22,Chhattisgarh,10-01-2013 00:00,15006.27368
5716,Koriya,1,22,Chhattisgarh,10-01-2013 00:00,14986.8819
5717,Mahasamund,12,22,Chhattisgarh,10-01-2013 00:00,15055.28812
5718,Raigarh,4,22,Chhattisgarh,10-01-2013 00:00,15046.42726
5719,Raipur,11,22,Chhattisgarh,10-01-2013 00:00,15039.66019
5720,Rajnandgaon,9,22,Chhattisgarh,10-01-2013 00:00,15068.30191
5721,Hoshangabad,37,23,Madhya Pradesh,10-01-2013 00:00,15286.4125
5722,Indore,26,23,Madhya Pradesh,10-01-2013 00:00,15340.76143
5723,Bhind,3,23,Madhya Pradesh,10-01-2013 00:00,15304.85308
5724,Bhopal,32,23,Madhya Pradesh,10-01-2013 00:00,15400.31412
5725,Barwani,28,23,Madhya Pradesh,10-01-2013 00:00,15368.11073
5726,Betul,35,23,Madhya Pradesh,10-01-2013 00:00,15172.34093
5727,Balaghat,45,23,Madhya Pradesh,10-01-2013 00:00,15023.81349
5728,Chhatarpur,9,23,Madhya Pradesh,10-01-2013 00:00,15266.56378
5729,Chhindwara,43,23,Madhya Pradesh,10-01-2013 00:00,15120.91126
5730,Dewas,23,23,Madhya Pradesh,10-01-2013 00:00,15368.77273
5731,Katni,38,23,Madhya Pradesh,10-01-2013 00:00,15110.46484
5732,Datia,5,23,Madhya Pradesh,10-01-2013 00:00,15294.61821
5733,Damoh,12,23,Madhya Pradesh,10-01-2013 00:00,15243.54806
5734,Dhar,25,23,Madhya Pradesh,10-01-2013 00:00,15359.21164
5735,East Nimar,29,23,Madhya Pradesh,10-01-2013 00:00,15275.87977
5736,Guna,7,23,Madhya Pradesh,10-01-2013 00:00,15412.29729
5737,Gwalior,4,23,Madhya Pradesh,10-01-2013 00:00,15243.30595
5738,Harda,36,23,Madhya Pradesh,10-01-2013 00:00,15377.69641
5739,Shajapur,22,23,Madhya Pradesh,10-01-2013 00:00,15480.45502
5740,Shivpuri,6,23,Madhya Pradesh,10-01-2013 00:00,15297.90729
5741,Ratlam,20,23,Madhya Pradesh,10-01-2013 00:00,15410.96516
5742,Rewa,14,23,Madhya Pradesh,10-01-2013 00:00,15103.32338
5743,Sagar,11,23,Madhya Pradesh,10-01-2013 00:00,15316.31463
5744,Sidhi,17,23,Madhya Pradesh,10-01-2013 00:00,15055.54705
5745,Ujjain,21,23,Madhya Pradesh,10-01-2013 00:00,15444.06263
5746,Vidisha,31,23,Madhya Pradesh,10-01-2013 00:00,15447.35349
5747,West Nimar,27,23,Madhya Pradesh,10-01-2013 00:00,15320.83157
5748,Morena,2,23,Madhya Pradesh,10-01-2013 00:00,15306.10151
5749,Sheopur,1,23,Madhya Pradesh,10-01-2013 00:00,15277.79421
5750,Dindori,41,23,Madhya Pradesh,10-01-2013 00:00,15021.42724
5751,Mandla,42,23,Madhya Pradesh,10-01-2013 00:00,15060.21898
5752,Shahdol,16,23,Madhya Pradesh,10-01-2013 00:00,15044.18236
5753,Umaria,15,23,Madhya Pradesh,10-01-2013 00:00,15058.45213
5754,Jabalpur,39,23,Madhya Pradesh,10-01-2013 00:00,15158.03623
5755,Jhabua,24,23,Madhya Pradesh,10-01-2013 00:00,15334.49538
5756,Mandsaur,19,23,Madhya Pradesh,10-01-2013 00:00,15406.12187
5757,Tikamgarh,8,23,Madhya Pradesh,10-01-2013 00:00,15322.61804
5758,Narsimhapur,40,23,Madhya Pradesh,10-01-2013 00:00,15251.32411
5759,Neemuch,18,23,Madhya Pradesh,10-01-2013 00:00,15358.99693
5760,Panna,10,23,Madhya Pradesh,10-01-2013 00:00,15175.06748
5761,Raisen,34,23,Madhya Pradesh,10-01-2013 00:00,15302.29152
5762,Rajgarh,30,23,Madhya Pradesh,10-01-2013 00:00,15472.32407
5763,Satna,13,23,Madhya Pradesh,10-01-2013 00:00,15108.93236
5764,Sehore,33,23,Madhya Pradesh,10-01-2013 00:00,15420.74142
5765,Seoni,44,23,Madhya Pradesh,10-01-2013 00:00,15130.07867
5766,Anand,15,24,Gujarat,10-01-2013 00:00,15278.92051
5767,Ahmadabad,7,24,Gujarat,10-01-2013 00:00,15298.98427
5768,Amreli,13,24,Gujarat,10-01-2013 00:00,15357.86322
5769,Bhavnagar,14,24,Gujarat,10-01-2013 00:00,15355.44646
5770,Banas Kantha,2,24,Gujarat,10-01-2013 00:00,15356.36237
5771,Dohad,18,24,Gujarat,10-01-2013 00:00,15253.07379
5772,Junagadh,12,24,Gujarat,10-01-2013 00:00,15385.57496
5773,Kachchh,1,24,Gujarat,10-01-2013 00:00,15480.34487
5774,Gandhinagar,6,24,Gujarat,10-01-2013 00:00,15265.90074
5775,Sabar Kantha,5,24,Gujarat,10-01-2013 00:00,15242.36773
5776,Surendranagar,8,24,Gujarat,10-01-2013 00:00,15379.9221
5777,The Dangs,23,24,Gujarat,10-01-2013 00:00,15098.168
5778,Vadodara,19,24,Gujarat,10-01-2013 00:00,15312.65064
5779,Valsad,25,24,Gujarat,10-01-2013 00:00,15192.62459
5780,Bharuch,21,24,Gujarat,10-01-2013 00:00,15376.70571
5781,Surat,22,24,Gujarat,10-01-2013 00:00,15256.19493
5782,Jamnagar,10,24,Gujarat,10-01-2013 00:00,15396.68802
5783,Kheda,16,24,Gujarat,10-01-2013 00:00,15290.60824
5784,Mahesana,4,24,Gujarat,10-01-2013 00:00,15287.91554
5785,Narmada,20,24,Gujarat,10-01-2013 00:00,15227.80255
5786,Navsari,24,24,Gujarat,10-01-2013 00:00,15242.15015
5787,Panch Mahals,17,24,Gujarat,10-01-2013 00:00,15252.37408
5788,Patan,3,24,Gujarat,10-01-2013 00:00,15354.72079
5789,Porbandar,11,24,Gujarat,10-01-2013 00:00,15364.21214
5790,Rajkot,9,24,Gujarat,10-01-2013 00:00,15368.61455
5791,Daman,2,25,Daman & Diu,10-01-2013 00:00,15208.96421
5792,Diu,1,25,Daman & Diu,10-01-2013 00:00,15230.93828
5793,Hingoli,16,27,Maharashtra,10-01-2013 00:00,15307.89061
5794,Aurangabad,19,27,Maharashtra,10-01-2013 00:00,15277.90185
5795,Ahmadnagar,26,27,Maharashtra,10-01-2013 00:00,15333.78327
5796,Akola,5,27,Maharashtra,10-01-2013 00:00,15343.35994
5797,Amravati,7,27,Maharashtra,10-01-2013 00:00,15216.44682
5798,Bid,27,27,Maharashtra,10-01-2013 00:00,15307.29036
5799,Bhandara,10,27,Maharashtra,10-01-2013 00:00,15111.50579
5800,Buldana,4,27,Maharashtra,10-01-2013 00:00,15309.04853
5801,Chandrapur,13,27,Maharashtra,10-01-2013 00:00,15145.67271
5802,Dhule,2,27,Maharashtra,10-01-2013 00:00,15367.68371
5803,Gadchiroli,12,27,Maharashtra,10-01-2013 00:00,15081.14787
5804,Gondiya,11,27,Maharashtra,10-01-2013 00:00,15078.1581
5805,Ratnagiri,32,27,Maharashtra,10-01-2013 00:00,15127.97441
5806,Raigarh,24,27,Maharashtra,10-01-2013 00:00,15157.4681
5807,Thane,21,27,Maharashtra,10-01-2013 00:00,15187.82623
5808,Solapur,30,27,Maharashtra,10-01-2013 00:00,15418.77427
5809,Sindhudurg,33,27,Maharashtra,10-01-2013 00:00,15133.98909
5810,Wardha,8,27,Maharashtra,10-01-2013 00:00,15227.16164
5811,Washim,6,27,Maharashtra,10-01-2013 00:00,15325.20345
5812,Yavatmal,14,27,Maharashtra,10-01-2013 00:00,15215.93134
5813,Jalgaon,3,27,Maharashtra,10-01-2013 00:00,15307.56398
5814,Jalna,18,27,Maharashtra,10-01-2013 00:00,15303.33041
5815,Kolhapur,34,27,Maharashtra,10-01-2013 00:00,15110.93186
5816,Latur,28,27,Maharashtra,10-01-2013 00:00,15293.95091
5817,Pune,25,27,Maharashtra,10-01-2013 00:00,15246.46253
5818,Nagpur,9,27,Maharashtra,10-01-2013 00:00,15177.72323
5819,Mumbai,23,27,Maharashtra,10-01-2013 00:00,15268.26653
5820,Mumbai (Suburban),22,27,Maharashtra,10-01-2013 00:00,15278.38826
5821,Nanded,15,27,Maharashtra,10-01-2013 00:00,15263.74376
5822,Nandurbar,1,27,Maharashtra,10-01-2013 00:00,15286.29928
5823,Nashik,20,27,Maharashtra,10-01-2013 00:00,15267.99832
5824,Osmanabad,29,27,Maharashtra,10-01-2013 00:00,15393.373
5825,Parbhani,17,27,Maharashtra,10-01-2013 00:00,15330.7796
5826,Sangli,35,27,Maharashtra,10-01-2013 00:00,15364.43527
5827,Satara,31,27,Maharashtra,10-01-2013 00:00,15262.93151
5828,Hyderabad,5,28,Andhra Pradesh,10-01-2013 00:00,15293.51941
5829,Anantapur,22,28,Andhra Pradesh,10-01-2013 00:00,15334.58806
5830,Adilabad,1,28,Andhra Pradesh,10-01-2013 00:00,15140.69969
5831,Chittoor,23,28,Andhra Pradesh,10-01-2013 00:00,15227.7259
5832,Cuddapah,20,28,Andhra Pradesh,10-01-2013 00:00,15290.3902
5833,East Godavari,14,28,Andhra Pradesh,10-01-2013 00:00,15042.11454
5834,Karimnagar,3,28,Andhra Pradesh,10-01-2013 00:00,15128.93179
5835,Guntur,17,28,Andhra Pradesh,10-01-2013 00:00,15160.81929
5836,Rangareddi,6,28,Andhra Pradesh,10-01-2013 00:00,15168.88514
5837,Srikakulam,11,28,Andhra Pradesh,10-01-2013 00:00,15094.76186
5838,West Godavari,15,28,Andhra Pradesh,10-01-2013 00:00,15103.67558
5839,Visakhapatnam,13,28,Andhra Pradesh,10-01-2013 00:00,15021.2165
5840,Vizianagaram,12,28,Andhra Pradesh,10-01-2013 00:00,15101.30423
5841,Warangal,9,28,Andhra Pradesh,10-01-2013 00:00,15153.02257
5842,Khammam,10,28,Andhra Pradesh,10-01-2013 00:00,15100.94997
5843,Medak,4,28,Andhra Pradesh,10-01-2013 00:00,15142.38789
5844,Krishna,16,28,Andhra Pradesh,10-01-2013 00:00,15087.1677
5845,Kurnool,21,28,Andhra Pradesh,10-01-2013 00:00,15302.74782
5846,Mahbubnagar,7,28,Andhra Pradesh,10-01-2013 00:00,15228.73478
5847,Nalgonda,8,28,Andhra Pradesh,10-01-2013 00:00,15190.97784
5848,Nellore,19,28,Andhra Pradesh,10-01-2013 00:00,15443.91249
5849,Nizamabad,2,28,Andhra Pradesh,10-01-2013 00:00,15163.4088
5850,Prakasam,18,28,Andhra Pradesh,10-01-2013 00:00,15311.21294
5851,Hassan,23,29,Karnataka,10-01-2013 00:00,14994.17189
5852,Haveri,11,29,Karnataka,10-01-2013 00:00,15207.53608
5853,Bagalkot,2,29,Karnataka,10-01-2013 00:00,15315.57905
5854,Bangalore,20,29,Karnataka,10-01-2013 00:00,15141.09797
5855,Bidar,5,29,Karnataka,10-01-2013 00:00,15249.57498
5856,Bijapur,3,29,Karnataka,10-01-2013 00:00,15354.30564
5857,Belgaum,1,29,Karnataka,10-01-2013 00:00,15266.85493
5858,Bellary,12,29,Karnataka,10-01-2013 00:00,15240.91386
5859,Bangalore Rural,21,29,Karnataka,10-01-2013 00:00,15090.03937
5860,Chamarajanagar,27,29,Karnataka,10-01-2013 00:00,15176.11705
5861,Chikmagalur,17,29,Karnataka,10-01-2013 00:00,14997.96259
5862,Chitradurga,13,29,Karnataka,10-01-2013 00:00,15265.61792
5863,Dakshina Kannada,24,29,Karnataka,10-01-2013 00:00,15078.0275
5864,Davanagere,14,29,Karnataka,10-01-2013 00:00,15143.50395
5865,Dharwad,9,29,Karnataka,10-01-2013 00:00,15315.86095
5866,Gulbarga,4,29,Karnataka,10-01-2013 00:00,15285.59585
5867,Gadag,8,29,Karnataka,10-01-2013 00:00,15403.56537
5868,Shimoga,15,29,Karnataka,10-01-2013 00:00,15002.87383
5869,Tumkur,18,29,Karnataka,10-01-2013 00:00,15127.37354
5870,Udupi,16,29,Karnataka,10-01-2013 00:00,15089.93511
5871,Uttara Kannada,10,29,Karnataka,10-01-2013 00:00,15020.96381
5872,Kodagu,25,29,Karnataka,10-01-2013 00:00,14882.11815
5873,Kolar,19,29,Karnataka,10-01-2013 00:00,15155.71155
5874,Mandya,22,29,Karnataka,10-01-2013 00:00,15071.81842
5875,Koppal,7,29,Karnataka,10-01-2013 00:00,15263.18856
5876,Mysore,26,29,Karnataka,10-01-2013 00:00,15084.24864
5877,Raichur,6,29,Karnataka,10-01-2013 00:00,15282.4349
5878,South Goa,2,30,Goa,10-01-2013 00:00,15102.11972
5879,North Goa,1,30,Goa,10-01-2013 00:00,15132.0927
5880,Idukki,9,32,Kerala,10-01-2013 00:00,14946.16444
5881,Alappuzha,11,32,Kerala,10-01-2013 00:00,15123.74622
5882,Kasaragod,1,32,Kerala,10-01-2013 00:00,15110.56047
5883,Kannur,2,32,Kerala,10-01-2013 00:00,15054.36167
5884,Ernakulam,8,32,Kerala,10-01-2013 00:00,15106.20929
5885,Thrissur,7,32,Kerala,10-01-2013 00:00,15043.78694
5886,Thiruvananthapuram,14,32,Kerala,10-01-2013 00:00,15071.45704
5887,Wayanad,3,32,Kerala,10-01-2013 00:00,14907.79581
5888,Kollam,13,32,Kerala,10-01-2013 00:00,15074.01711
5889,Kottayam,10,32,Kerala,10-01-2013 00:00,15131.4339
5890,Kozhikode,4,32,Kerala,10-01-2013 00:00,15057.39545
5891,Malappuram,5,32,Kerala,10-01-2013 00:00,15068.61298
5892,Palakkad,6,32,Kerala,10-01-2013 00:00,15046.7841
5893,Pathanamthitta,12,32,Kerala,10-01-2013 00:00,15025.55779
5894,Ariyalur,17,33,Tamil Nadu,10-01-2013 00:00,15552.16081
5895,Coimbatore,12,33,Tamil Nadu,10-01-2013 00:00,15435.7063
5896,Cuddalore,18,33,Tamil Nadu,10-01-2013 00:00,15469.18613
5897,Dharmapuri,5,33,Tamil Nadu,10-01-2013 00:00,15233.39017
5898,Dindigul,13,33,Tamil Nadu,10-01-2013 00:00,15471.03666
5899,Erode,10,33,Tamil Nadu,10-01-2013 00:00,15453.94916
5900,Sivaganga,23,33,Tamil Nadu,10-01-2013 00:00,15703.82617
5901,Tiruchirappalli,15,33,Tamil Nadu,10-01-2013 00:00,15509.83337
5902,Tirunelveli,29,33,Tamil Nadu,10-01-2013 00:00,15739.28558
5903,Tiruvannamalai,6,33,Tamil Nadu,10-01-2013 00:00,15303.27347
5904,Thoothukkudi,28,33,Tamil Nadu,10-01-2013 00:00,15996.58838
5905,Theni,25,33,Tamil Nadu,10-01-2013 00:00,15390.37585
5906,Vellore,4,33,Tamil Nadu,10-01-2013 00:00,15211.55955
5907,Viluppuram,7,33,Tamil Nadu,10-01-2013 00:00,15417.152
5908,Virudhunagar,26,33,Tamil Nadu,10-01-2013 00:00,15864.51005
5909,Chennai,2,33,Tamil Nadu,10-01-2013 00:00,15415.47777
5910,Kancheepuram,3,33,Tamil Nadu,10-01-2013 00:00,15300.01549
5911,Thiruvallur,1,33,Tamil Nadu,10-01-2013 00:00,15293.70131
5912,Thanjavur,21,33,Tamil Nadu,10-01-2013 00:00,15402.76353
5913,Thiruvarur,20,33,Tamil Nadu,10-01-2013 00:00,15290.54623
5914,Nagapattinam,19,33,Tamil Nadu,10-01-2013 00:00,15358.30511
5915,Kanniyakumari,30,33,Tamil Nadu,10-01-2013 00:00,15131.84061
5916,Karur,14,33,Tamil Nadu,10-01-2013 00:00,15630.6712
5917,Madurai,24,33,Tamil Nadu,10-01-2013 00:00,15613.12986
5918,Namakkal,9,33,Tamil Nadu,10-01-2013 00:00,15463.01511
5919,The Nilgiris,11,33,Tamil Nadu,10-01-2013 00:00,14863.94322
5920,Perambalur,16,33,Tamil Nadu,10-01-2013 00:00,15578.65954
5921,Pudukkottai,22,33,Tamil Nadu,10-01-2013 00:00,15547.89933
5922,Ramanathapuram,27,33,Tamil Nadu,10-01-2013 00:00,15892.38655
5923,Salem,8,33,Tamil Nadu,10-01-2013 00:00,15363.1823
5924,Yanam,1,34,Puducherry,10-01-2013 00:00,15083.93739
5925,Karaikal,4,34,Puducherry,10-01-2013 00:00,15335.18792
5926,Mahe,3,34,Puducherry,10-01-2013 00:00,15003.36337
5927,Pondicherry,2,34,Puducherry,10-01-2013 00:00,15337.44978
5928,Nicobars,2,35,Andaman & Nicobar Island,10-01-2013 00:00,14962.29274
5929,Andamans,1,35,Andaman & Nicobar Island,10-01-2013 00:00,14961.44448
5930,Lakshadweep,1,31,Lakshadweep,11-01-2013 00:00,14997.00133
5931,Chandigarh,1,4,Chandigarh,11-01-2013 00:00,14923.56051
5932,Dadra & Nagar Haveli,1,26,Dadara & Nagar Havelli,11-01-2013 00:00,15249.14565
5933,Data Not Available,99,99,Jammu and Kashmir,11-01-2013 00:00,13569.91319
5934,Srinagar,3,1,Jammu and Kashmir,11-01-2013 00:00,13922.56438
5935,Udhampur,10,1,Jammu and Kashmir,11-01-2013 00:00,14511.80576
5936,Jammu,13,1,Jammu and Kashmir,11-01-2013 00:00,14815.88394
5937,Kargil,8,1,Jammu and Kashmir,11-01-2013 00:00,13688.14323
5938,Kathua,14,1,Jammu and Kashmir,11-01-2013 00:00,14698.98459
5939,Leh (Ladakh),7,1,Jammu and Kashmir,11-01-2013 00:00,13697.43142
5940,Kupwara,1,1,Jammu and Kashmir,11-01-2013 00:00,14144.409
5941,Punch,11,1,Jammu and Kashmir,11-01-2013 00:00,14437.88033
5942,Pulwama,5,1,Jammu and Kashmir,11-01-2013 00:00,14291.40881
5943,Rajauri,12,1,Jammu and Kashmir,11-01-2013 00:00,14619.51822
5944,Anantnag,6,1,Jammu and Kashmir,11-01-2013 00:00,13950.32449
5945,Badgam,4,1,Jammu and Kashmir,11-01-2013 00:00,14143.59155
5946,Baramula,2,1,Jammu and Kashmir,11-01-2013 00:00,14003.25742
5947,Doda,9,1,Jammu and Kashmir,11-01-2013 00:00,13855.00651
5948,Shimla,11,2,Himachal Pradesh,11-01-2013 00:00,14413.50863
5949,Sirmaur,10,2,Himachal Pradesh,11-01-2013 00:00,14670.74545
5950,Solan,9,2,Himachal Pradesh,11-01-2013 00:00,14714.49371
5951,Una,7,2,Himachal Pradesh,11-01-2013 00:00,14805.34814
5952,Kangra,2,2,Himachal Pradesh,11-01-2013 00:00,14500.9694
5953,Kinnaur,12,2,Himachal Pradesh,11-01-2013 00:00,13824.66131
5954,Lahul & Spiti,3,2,Himachal Pradesh,11-01-2013 00:00,13543.98006
5955,Kullu,4,2,Himachal Pradesh,11-01-2013 00:00,13995.69498
5956,Mandi,5,2,Himachal Pradesh,11-01-2013 00:00,14546.1552
5957,Bilaspur,8,2,Himachal Pradesh,11-01-2013 00:00,14685.58225
5958,Chamba,1,2,Himachal Pradesh,11-01-2013 00:00,14091.72643
5959,Hamirpur,6,2,Himachal Pradesh,11-01-2013 00:00,14695.06363
5960,Rupnagar,7,3,Punjab,11-01-2013 00:00,14940.19171
5961,Hoshiarpur,5,3,Punjab,11-01-2013 00:00,14892.28807
5962,Jalandhar,4,3,Punjab,11-01-2013 00:00,15005.56763
5963,Kapurthala,3,3,Punjab,11-01-2013 00:00,14998.53787
5964,Ludhiana,9,3,Punjab,11-01-2013 00:00,15059.66116
5965,Mansa,15,3,Punjab,11-01-2013 00:00,15119.88924
5966,Moga,10,3,Punjab,11-01-2013 00:00,15153.10853
5967,Muktsar,12,3,Punjab,11-01-2013 00:00,15074.06963
5968,Nawanshahr,6,3,Punjab,11-01-2013 00:00,14957.27832
5969,Patiala,17,3,Punjab,11-01-2013 00:00,15080.73525
5970,Sangrur,16,3,Punjab,11-01-2013 00:00,15163.25664
5971,Amritsar,2,3,Punjab,11-01-2013 00:00,14942.94654
5972,Firozpur,11,3,Punjab,11-01-2013 00:00,15074.25073
5973,Bathinda,14,3,Punjab,11-01-2013 00:00,15093.62168
5974,Gurdaspur,1,3,Punjab,11-01-2013 00:00,14892.12815
5975,Faridkot,13,3,Punjab,11-01-2013 00:00,15103.91144
5976,Fatehgarh Sahib,8,3,Punjab,11-01-2013 00:00,15051.96309
5977,Rudraprayag,3,5,Uttarakhand,11-01-2013 00:00,14320.63037
5978,Tehri Garhwal,4,5,Uttarakhand,11-01-2013 00:00,14481.80116
5979,Udham Singh Nagar,12,5,Uttarakhand,11-01-2013 00:00,14964.79334
5980,Uttarkashi,1,5,Uttarakhand,11-01-2013 00:00,14034.06569
5981,Hardwar,13,5,Uttarakhand,11-01-2013 00:00,14864.31587
5982,Nainital,11,5,Uttarakhand,11-01-2013 00:00,14742.53599
5983,Pithoragarh,7,5,Uttarakhand,11-01-2013 00:00,14116.70771
5984,Bageshwar,8,5,Uttarakhand,11-01-2013 00:00,14405.04295
5985,Almora,9,5,Uttarakhand,11-01-2013 00:00,14670.38588
5986,Chamoli,2,5,Uttarakhand,11-01-2013 00:00,13993.34234
5987,Champawat,10,5,Uttarakhand,11-01-2013 00:00,14659.5288
5988,Dehradun,5,5,Uttarakhand,11-01-2013 00:00,14681.53295
5989,Garhwal,6,5,Uttarakhand,11-01-2013 00:00,14651.78208
5990,Rohtak,14,6,Haryana,11-01-2013 00:00,15038.06528
5991,Sirsa,11,6,Haryana,11-01-2013 00:00,15127.23024
5992,Sonipat,8,6,Haryana,11-01-2013 00:00,15058.31051
5993,Yamunanagar,3,6,Haryana,11-01-2013 00:00,14919.73786
5994,Jhajjar,15,6,Haryana,11-01-2013 00:00,15110.93194
5995,Mahendragarh,16,6,Haryana,11-01-2013 00:00,15194.84133
5996,Rewari,17,6,Haryana,11-01-2013 00:00,15156.11058
5997,Bhiwani,13,6,Haryana,11-01-2013 00:00,15162.47905
5998,Hisar,12,6,Haryana,11-01-2013 00:00,15088.93999
5999,Jind,9,6,Haryana,11-01-2013 00:00,15064.27134
6000,Kaithal,5,6,Haryana,11-01-2013 00:00,15065.86807
6001,Karnal,6,6,Haryana,11-01-2013 00:00,15061.61157
6002,Kurukshetra,4,6,Haryana,11-01-2013 00:00,14973.72027
6003,Panchkula,1,6,Haryana,11-01-2013 00:00,14872.53449
6004,Panipat,7,6,Haryana,11-01-2013 00:00,15072.83549
6005,Ambala,2,6,Haryana,11-01-2013 00:00,14977.39806
6006,Gurgaon,18,6,Haryana,11-01-2013 00:00,15097.72508
6007,Faridabad,19,6,Haryana,11-01-2013 00:00,15063.82644
6008,Fatehabad,10,6,Haryana,11-01-2013 00:00,15110.99581
6009,Central,6,7,Delhi  & NCR,11-01-2013 00:00,14951.30089
6010,East,4,7,Delhi  & NCR,11-01-2013 00:00,14944.50568
6011,New Delhi,5,7,Delhi  & NCR,11-01-2013 00:00,14910.346
6012,North,2,7,Delhi  & NCR,11-01-2013 00:00,14945.42263
6013,North East,3,7,Delhi  & NCR,11-01-2013 00:00,14962.96401
6014,North West,1,7,Delhi  & NCR,11-01-2013 00:00,15028.67586
6015,South,9,7,Delhi  & NCR,11-01-2013 00:00,14940.07341
6016,South West,8,7,Delhi  & NCR,11-01-2013 00:00,15007.56417
6017,West,7,7,Delhi  & NCR,11-01-2013 00:00,14990.96372
6018,Sirohi,19,8,Rajasthan,11-01-2013 00:00,15223.33843
6019,Tonk,22,8,Rajasthan,11-01-2013 00:00,15213.03078
6020,Sikar,13,8,Rajasthan,11-01-2013 00:00,15235.36626
6021,Alwar,6,8,Rajasthan,11-01-2013 00:00,15120.29274
6022,Udaipur,26,8,Rajasthan,11-01-2013 00:00,15110.29046
6023,Ganganagar,1,8,Rajasthan,11-01-2013 00:00,15230.46394
6024,Hanumangarh,2,8,Rajasthan,11-01-2013 00:00,15231.516
6025,Baran,31,8,Rajasthan,11-01-2013 00:00,15234.26466
6026,Jaipur,12,8,Rajasthan,11-01-2013 00:00,15234.64415
6027,Jaisalmer,16,8,Rajasthan,11-01-2013 00:00,15582.80102
6028,Jalor,18,8,Rajasthan,11-01-2013 00:00,15355.85869
6029,Jhalawar,32,8,Rajasthan,11-01-2013 00:00,15222.07994
6030,Jhunjhunun,5,8,Rajasthan,11-01-2013 00:00,15215.21387
6031,Jodhpur,15,8,Rajasthan,11-01-2013 00:00,15420.15742
6032,Kota,30,8,Rajasthan,11-01-2013 00:00,15187.39645
6033,Nagaur,14,8,Rajasthan,11-01-2013 00:00,15325.4686
6034,Pali,20,8,Rajasthan,11-01-2013 00:00,15338.46863
6035,Rajsamand,25,8,Rajasthan,11-01-2013 00:00,15103.4676
6036,Sawai Madhopur,10,8,Rajasthan,11-01-2013 00:00,15163.49123
6037,Ajmer,21,8,Rajasthan,11-01-2013 00:00,15242.01788
6038,Banswara,28,8,Rajasthan,11-01-2013 00:00,15242.06167
6039,Barmer,17,8,Rajasthan,11-01-2013 00:00,15445.97646
6040,Bhilwara,24,8,Rajasthan,11-01-2013 00:00,15179.67336
6041,Bikaner,3,8,Rajasthan,11-01-2013 00:00,15453.9511
6042,Bharatpur,7,8,Rajasthan,11-01-2013 00:00,15164.44083
6043,Bundi,23,8,Rajasthan,11-01-2013 00:00,15159.89591
6044,Chittaurgarh,29,8,Rajasthan,11-01-2013 00:00,15131.06781
6045,Churu,4,8,Rajasthan,11-01-2013 00:00,15345.93441
6046,Dausa,11,8,Rajasthan,11-01-2013 00:00,15168.86448
6047,Dhaulpur,8,8,Rajasthan,11-01-2013 00:00,15154.37156
6048,Dungarpur,27,8,Rajasthan,11-01-2013 00:00,15162.56085
6049,Karauli,9,8,Rajasthan,11-01-2013 00:00,15161.35921
6050,Shrawasti,51,9,Uttar Pradesh,11-01-2013 00:00,15033.30436
6051,Saharanpur,1,9,Uttar Pradesh,11-01-2013 00:00,14879.05621
6052,Sitapur,24,9,Uttar Pradesh,11-01-2013 00:00,14999.67736
6053,Sultanpur,49,9,Uttar Pradesh,11-01-2013 00:00,15043.35434
6054,Sonbhadra,70,9,Uttar Pradesh,11-01-2013 00:00,14988.408
6055,Siddharthnagar,54,9,Uttar Pradesh,11-01-2013 00:00,15071.04792
6056,Unnao,26,9,Uttar Pradesh,11-01-2013 00:00,15035.01322
6057,Varanasi,67,9,Uttar Pradesh,11-01-2013 00:00,15053.37846
6058,Bulandshahr,11,9,Uttar Pradesh,11-01-2013 00:00,14982.39915
6059,Gautam Buddha Nagar,10,9,Uttar Pradesh,11-01-2013 00:00,15038.97574
6060,Ghaziabad,9,9,Uttar Pradesh,11-01-2013 00:00,14970.1948
6061,Hathras,13,9,Uttar Pradesh,11-01-2013 00:00,15082.19306
6062,Jalaun,35,9,Uttar Pradesh,11-01-2013 00:00,15142.27248
6063,Jaunpur,64,9,Uttar Pradesh,11-01-2013 00:00,15060.34597
6064,Jhansi,36,9,Uttar Pradesh,11-01-2013 00:00,15168.61523
6065,Jyotiba Phule Nagar,6,9,Uttar Pradesh,11-01-2013 00:00,14914.92484
6066,Kannauj,30,9,Uttar Pradesh,11-01-2013 00:00,15015.77902
6067,Kanpur Nagar,34,9,Uttar Pradesh,11-01-2013 00:00,15039.98318
6068,Kaushambi,44,9,Uttar Pradesh,11-01-2013 00:00,15050.35642
6069,Kheri,23,9,Uttar Pradesh,11-01-2013 00:00,14934.24327
6070,Mirzapur,69,9,Uttar Pradesh,11-01-2013 00:00,15055.0711
6071,Moradabad,4,9,Uttar Pradesh,11-01-2013 00:00,14940.08144
6072,Muzaffarnagar,2,9,Uttar Pradesh,11-01-2013 00:00,14889.4662
6073,Rae Bareli,28,9,Uttar Pradesh,11-01-2013 00:00,15037.76453
6074,Kushinagar,59,9,Uttar Pradesh,11-01-2013 00:00,14992.90275
6075,Lucknow,27,9,Uttar Pradesh,11-01-2013 00:00,15031.24255
6076,Lalitpur,37,9,Uttar Pradesh,11-01-2013 00:00,15164.33242
6077,Mahrajganj,57,9,Uttar Pradesh,11-01-2013 00:00,15014.52615
6078,Mahoba,39,9,Uttar Pradesh,11-01-2013 00:00,15164.28566
6079,Mainpuri,18,9,Uttar Pradesh,11-01-2013 00:00,15029.97695
6080,Mathura,14,9,Uttar Pradesh,11-01-2013 00:00,15081.06049
6081,Mau,62,9,Uttar Pradesh,11-01-2013 00:00,15005.92559
6082,Meerut,7,9,Uttar Pradesh,11-01-2013 00:00,14909.78369
6083,Pilibhit,21,9,Uttar Pradesh,11-01-2013 00:00,14966.39578
6084,Pratapgarh,43,9,Uttar Pradesh,11-01-2013 00:00,15053.07525
6085,Rampur,5,9,Uttar Pradesh,11-01-2013 00:00,14948.66633
6086,Sant Ravidas Nagar Bhadohi,68,9,Uttar Pradesh,11-01-2013 00:00,15038.91896
6087,Sant Kabir Nagar,56,9,Uttar Pradesh,11-01-2013 00:00,15026.73342
6088,Shahjahanpur,22,9,Uttar Pradesh,11-01-2013 00:00,15003.56477
6089,Auraiya,32,9,Uttar Pradesh,11-01-2013 00:00,15038.4292
6090,Azamgarh,61,9,Uttar Pradesh,11-01-2013 00:00,15010.67621
6091,Budaun,19,9,Uttar Pradesh,11-01-2013 00:00,15002.18639
6092,Agra,15,9,Uttar Pradesh,11-01-2013 00:00,15105.10276
6093,Aligarh,12,9,Uttar Pradesh,11-01-2013 00:00,15033.46471
6094,Allahabad,45,9,Uttar Pradesh,11-01-2013 00:00,15035.74516
6095,Ambedkar Nagar,48,9,Uttar Pradesh,11-01-2013 00:00,15006.22741
6096,Bareilly,20,9,Uttar Pradesh,11-01-2013 00:00,14970.50406
6097,Bijnor,3,9,Uttar Pradesh,11-01-2013 00:00,14894.10167
6098,Basti,55,9,Uttar Pradesh,11-01-2013 00:00,14998.15278
6099,Baghpat,8,9,Uttar Pradesh,11-01-2013 00:00,14914.21873
6100,Bahraich,50,9,Uttar Pradesh,11-01-2013 00:00,14982.86099
6101,Ballia,63,9,Uttar Pradesh,11-01-2013 00:00,15008.52686
6102,Balrampur,52,9,Uttar Pradesh,11-01-2013 00:00,15005.84906
6103,Banda,40,9,Uttar Pradesh,11-01-2013 00:00,15108.91086
6104,Barabanki,46,9,Uttar Pradesh,11-01-2013 00:00,15025.63383
6105,Chitrakoot,41,9,Uttar Pradesh,11-01-2013 00:00,15082.5036
6106,Chandauli,66,9,Uttar Pradesh,11-01-2013 00:00,14986.22226
6107,Deoria,60,9,Uttar Pradesh,11-01-2013 00:00,14998.92117
6108,Etah,17,9,Uttar Pradesh,11-01-2013 00:00,15022.97695
6109,Kanpur Dehat,33,9,Uttar Pradesh,11-01-2013 00:00,15070.96405
6110,Etawah,31,9,Uttar Pradesh,11-01-2013 00:00,15008.84639
6111,Faizabad,47,9,Uttar Pradesh,11-01-2013 00:00,15001.63227
6112,Ghazipur,65,9,Uttar Pradesh,11-01-2013 00:00,15038.76049
6113,Gonda,53,9,Uttar Pradesh,11-01-2013 00:00,14979.5617
6114,Gorakhpur,58,9,Uttar Pradesh,11-01-2013 00:00,15002.43086
6115,Farrukhabad,29,9,Uttar Pradesh,11-01-2013 00:00,14993.98363
6116,Fatehpur,42,9,Uttar Pradesh,11-01-2013 00:00,15059.70642
6117,Firozabad,16,9,Uttar Pradesh,11-01-2013 00:00,15049.34528
6118,Hamirpur,38,9,Uttar Pradesh,11-01-2013 00:00,15158.73658
6119,Hardoi,25,9,Uttar Pradesh,11-01-2013 00:00,15022.25668
6120,Sheikhpura,26,10,Bihar,11-01-2013 00:00,15113.10025
6121,Sheohar,3,10,Bihar,11-01-2013 00:00,14990.44438
6122,Saharsa,12,10,Bihar,11-01-2013 00:00,14971.26208
6123,Sitamarhi,4,10,Bihar,11-01-2013 00:00,14998.08646
6124,Siwan,16,10,Bihar,11-01-2013 00:00,14958.43221
6125,Supaul,6,10,Bihar,11-01-2013 00:00,15014.46909
6126,Vaishali,18,10,Bihar,11-01-2013 00:00,14997.99406
6127,Kaimur (Bhabua),31,10,Bihar,11-01-2013 00:00,14976.36927
6128,Gaya,35,10,Bihar,11-01-2013 00:00,15047.1168
6129,Bhojpur,29,10,Bihar,11-01-2013 00:00,14997.59209
6130,Buxar,30,10,Bihar,11-01-2013 00:00,14997.67879
6131,Jehanabad,33,10,Bihar,11-01-2013 00:00,15014.09093
6132,Rohtas,32,10,Bihar,11-01-2013 00:00,14962.22533
6133,Jamui,37,10,Bihar,11-01-2013 00:00,15031.71047
6134,Kishanganj,8,10,Bihar,11-01-2013 00:00,15088.03584
6135,Muzaffarpur,14,10,Bihar,11-01-2013 00:00,14998.07213
6136,Purnia,9,10,Bihar,11-01-2013 00:00,15045.79627
6137,Khagaria,21,10,Bihar,11-01-2013 00:00,15031.76179
6138,Madhubani,5,10,Bihar,11-01-2013 00:00,15007.65867
6139,Lakhisarai,25,10,Bihar,11-01-2013 00:00,15043.97146
6140,Madhepura,11,10,Bihar,11-01-2013 00:00,15004.6545
6141,Purba Champaran,2,10,Bihar,11-01-2013 00:00,14981.8331
6142,Munger,24,10,Bihar,11-01-2013 00:00,14982.38721
6143,Nalanda,27,10,Bihar,11-01-2013 00:00,15060.61
6144,Nawada,36,10,Bihar,11-01-2013 00:00,15005.10499
6145,Pashchim Champaran,1,10,Bihar,11-01-2013 00:00,14967.81007
6146,Patna,28,10,Bihar,11-01-2013 00:00,15034.20092
6147,Samastipur,19,10,Bihar,11-01-2013 00:00,15067.5292
6148,Araria,7,10,Bihar,11-01-2013 00:00,15050.48503
6149,Aurangabad,34,10,Bihar,11-01-2013 00:00,14995.21717
6150,Banka,23,10,Bihar,11-01-2013 00:00,15013.86067
6151,Bhagalpur,22,10,Bihar,11-01-2013 00:00,15001.8698
6152,Begusarai,20,10,Bihar,11-01-2013 00:00,15079.42174
6153,Saran,17,10,Bihar,11-01-2013 00:00,14971.79679
6154,Katihar,10,10,Bihar,11-01-2013 00:00,15015.85358
6155,Darbhanga,13,10,Bihar,11-01-2013 00:00,15010.11024
6156,Gopalganj,15,10,Bihar,11-01-2013 00:00,14978.95936
6157,South,3,11,Sikkim,11-01-2013 00:00,14519.76107
6158,West,2,11,Sikkim,11-01-2013 00:00,14319.59264
6159,North,1,11,Sikkim,11-01-2013 00:00,13861.47291
6160,East,4,11,Sikkim,11-01-2013 00:00,14439.69562
6161,Tawang,1,12,Arunanchal Pradesh,11-01-2013 00:00,14198.43154
6162,Tirap,13,12,Arunanchal Pradesh,11-01-2013 00:00,14716.26163
6163,West Kameng,2,12,Arunanchal Pradesh,11-01-2013 00:00,14438.38776
6164,West Siang,7,12,Arunanchal Pradesh,11-01-2013 00:00,14432.28468
6165,Upper Siang,9,12,Arunanchal Pradesh,11-01-2013 00:00,14292.73271
6166,Upper Subansiri,6,12,Arunanchal Pradesh,11-01-2013 00:00,14291.62124
6167,Lohit,11,12,Arunanchal Pradesh,11-01-2013 00:00,14392.7279
6168,Lower Subansiri,5,12,Arunanchal Pradesh,11-01-2013 00:00,14378.40552
6169,Papum Pare,4,12,Arunanchal Pradesh,11-01-2013 00:00,14609.59921
6170,Changlang,12,12,Arunanchal Pradesh,11-01-2013 00:00,14662.45666
6171,Dibang Valley,10,12,Arunanchal Pradesh,11-01-2013 00:00,14214.22893
6172,East Kameng,3,12,Arunanchal Pradesh,11-01-2013 00:00,14466.90544
6173,East Siang,8,12,Arunanchal Pradesh,11-01-2013 00:00,14705.58712
6174,Tuensang,2,13,Nagaland,11-01-2013 00:00,14609.76305
6175,Wokha,5,13,Nagaland,11-01-2013 00:00,14783.7465
6176,Zunheboto,4,13,Nagaland,11-01-2013 00:00,14639.94013
6177,Dimapur,6,13,Nagaland,11-01-2013 00:00,14874.86236
6178,Kohima,7,13,Nagaland,11-01-2013 00:00,14712.21823
6179,Mokokchung,3,13,Nagaland,11-01-2013 00:00,14769.21395
6180,Mon,1,13,Nagaland,11-01-2013 00:00,14776.51695
6181,Phek,8,13,Nagaland,11-01-2013 00:00,14574.33052
6182,Tamenglong,2,14,Manipur,11-01-2013 00:00,14732.13664
6183,Thoubal,5,14,Manipur,11-01-2013 00:00,14826.9778
6184,Ukhrul,8,14,Manipur,11-01-2013 00:00,14676.3303
6185,Imphal East,7,14,Manipur,11-01-2013 00:00,14847.13903
6186,Imphal West,6,14,Manipur,11-01-2013 00:00,14879.74952
6187,Senapati (Excl. 3 sub-divisions),1,14,Manipur,11-01-2013 00:00,14674.35217
6188,Bishnupur,4,14,Manipur,11-01-2013 00:00,14778.51438
6189,Chandel,9,14,Manipur,11-01-2013 00:00,14746.7055
6190,Churachandpur,3,14,Manipur,11-01-2013 00:00,14742.39631
6191,Kolasib,2,15,Mizoram,11-01-2013 00:00,14861.49805
6192,Mamit,1,15,Mizoram,11-01-2013 00:00,14861.33581
6193,Lunglei,6,15,Mizoram,11-01-2013 00:00,14821.04444
6194,Lawngtlai,7,15,Mizoram,11-01-2013 00:00,14895.41031
6195,Saiha,8,15,Mizoram,11-01-2013 00:00,14798.88122
6196,Serchhip,5,15,Mizoram,11-01-2013 00:00,14749.49456
6197,Aizawl,3,15,Mizoram,11-01-2013 00:00,14794.45619
6198,Champhai,4,15,Mizoram,11-01-2013 00:00,14717.11103
6199,South Tripura,2,16,Tripura,11-01-2013 00:00,14971.68096
6200,West Tripura,1,16,Tripura,11-01-2013 00:00,15007.60793
6201,North Tripura,4,16,Tripura,11-01-2013 00:00,14941.03465
6202,Dhalai,3,16,Tripura,11-01-2013 00:00,14939.32635
6203,Ri Bhoi,5,17,Meghalaya,11-01-2013 00:00,14823.14899
6204,South Garo Hills,3,17,Meghalaya,11-01-2013 00:00,14911.17259
6205,West Garo Hills,1,17,Meghalaya,11-01-2013 00:00,14939.33183
6206,West Khasi Hills,4,17,Meghalaya,11-01-2013 00:00,14802.66359
6207,Jaintia Hills,7,17,Meghalaya,11-01-2013 00:00,14828.3834
6208,East Garo Hills,2,17,Meghalaya,11-01-2013 00:00,14868.96163
6209,East Khasi Hills,6,17,Meghalaya,11-01-2013 00:00,14814.02645
6210,Sonitpur,11,18,Assam,11-01-2013 00:00,14986.3668
6211,Sibsagar,16,18,Assam,11-01-2013 00:00,14922.46269
6212,Tinsukia,14,18,Assam,11-01-2013 00:00,14898.8122
6213,Jorhat,17,18,Assam,11-01-2013 00:00,14945.55576
6214,Karimganj,22,18,Assam,11-01-2013 00:00,14967.67673
6215,Kokrajhar,1,18,Assam,11-01-2013 00:00,14991.92463
6216,Lakhimpur,12,18,Assam,11-01-2013 00:00,14992.50911
6217,Nagaon,10,18,Assam,11-01-2013 00:00,14968.37212
6218,Marigaon,9,18,Assam,11-01-2013 00:00,15017.07616
6219,Nalbari,7,18,Assam,11-01-2013 00:00,15023.06002
6220,North Cachar Hills,20,18,Assam,11-01-2013 00:00,14798.42637
6221,Barpeta,5,18,Assam,11-01-2013 00:00,15013.49921
6222,Bongaigaon,4,18,Assam,11-01-2013 00:00,15007.64689
6223,Cachar,21,18,Assam,11-01-2013 00:00,14938.0598
6224,Darrang,8,18,Assam,11-01-2013 00:00,15019.54869
6225,Dhemaji,13,18,Assam,11-01-2013 00:00,14978.30036
6226,Dhubri,2,18,Assam,11-01-2013 00:00,14998.22678
6227,Dibrugarh,15,18,Assam,11-01-2013 00:00,14931.38139
6228,Kamrup,6,18,Assam,11-01-2013 00:00,14960.90552
6229,Karbi Anglong,19,18,Assam,11-01-2013 00:00,14838.16328
6230,Goalpara,3,18,Assam,11-01-2013 00:00,14973.35717
6231,Golaghat,18,18,Assam,11-01-2013 00:00,14948.01107
6232,Hailakandi,23,18,Assam,11-01-2013 00:00,14944.5188
6233,South  Twenty Four Parganas,18,19,West Bengal,11-01-2013 00:00,15011.9096
6234,Uttar Dinajpur,4,19,West Bengal,11-01-2013 00:00,15046.70108
6235,Hugli,12,19,West Bengal,11-01-2013 00:00,15027.49459
6236,Jalpaiguri,2,19,West Bengal,11-01-2013 00:00,15003.2014
6237,Koch Bihar,3,19,West Bengal,11-01-2013 00:00,15033.53446
6238,Murshidabad,7,19,West Bengal,11-01-2013 00:00,15047.80431
6239,Puruliya,14,19,West Bengal,11-01-2013 00:00,14989.32077
6240,Kolkata,17,19,West Bengal,11-01-2013 00:00,15200.76925
6241,Maldah,6,19,West Bengal,11-01-2013 00:00,14987.56479
6242,Nadia,10,19,West Bengal,11-01-2013 00:00,15084.87618
6243,North Twenty Four Parganas,11,19,West Bengal,11-01-2013 00:00,15007.22842
6244,Medinipur,15,19,West Bengal,11-01-2013 00:00,15011.99582
6245,Barddhaman,9,19,West Bengal,11-01-2013 00:00,15035.62752
6246,Birbhum,8,19,West Bengal,11-01-2013 00:00,15033.29696
6247,Bankura,13,19,West Bengal,11-01-2013 00:00,15023.30589
6248,Dakshin Dinajpur,5,19,West Bengal,11-01-2013 00:00,15008.09266
6249,Darjiling,1,19,West Bengal,11-01-2013 00:00,14766.79019
6250,Haora,16,19,West Bengal,11-01-2013 00:00,15007.4489
6251,Ranchi,14,20,Jharkhand,11-01-2013 00:00,14935.97502
6252,Sahibganj,9,20,Jharkhand,11-01-2013 00:00,14974.78398
6253,Garhwa,1,20,Jharkhand,11-01-2013 00:00,14986.45996
6254,Palamu,2,20,Jharkhand,11-01-2013 00:00,14952.82179
6255,Chatra,3,20,Jharkhand,11-01-2013 00:00,14949.00505
6256,Hazaribagh,4,20,Jharkhand,11-01-2013 00:00,14945.52009
6257,Kodarma,5,20,Jharkhand,11-01-2013 00:00,14962.50729
6258,Purbi Singhbhum,18,20,Jharkhand,11-01-2013 00:00,14986.14578
6259,Lohardaga,15,20,Jharkhand,11-01-2013 00:00,14902.26784
6260,Pakaur,10,20,Jharkhand,11-01-2013 00:00,15039.06779
6261,Pashchimi Singhbhum,17,20,Jharkhand,11-01-2013 00:00,14919.79243
6262,Bokaro,13,20,Jharkhand,11-01-2013 00:00,14968.64386
6263,Deoghar,7,20,Jharkhand,11-01-2013 00:00,15054.79597
6264,Dhanbad,12,20,Jharkhand,11-01-2013 00:00,15009.44497
6265,Dumka,11,20,Jharkhand,11-01-2013 00:00,15031.4695
6266,Giridih,6,20,Jharkhand,11-01-2013 00:00,15019.83185
6267,Godda,8,20,Jharkhand,11-01-2013 00:00,14998.05787
6268,Gumla,16,20,Jharkhand,11-01-2013 00:00,14943.00648
6269,Rayagada,27,21,Orissa,11-01-2013 00:00,14965.79438
6270,Sundargarh,5,21,Orissa,11-01-2013 00:00,14943.85889
6271,Sonapur,23,21,Orissa,11-01-2013 00:00,15018.13233
6272,Jajapur,13,21,Orissa,11-01-2013 00:00,15061.3098
6273,Jagatsinghapur,11,21,Orissa,11-01-2013 00:00,14999.85722
6274,Jharsuguda,2,21,Orissa,11-01-2013 00:00,14987.28722
6275,Khordha,17,21,Orissa,11-01-2013 00:00,15061.90691
6276,Mayurbhanj,7,21,Orissa,11-01-2013 00:00,14954.34874
6277,Puri,18,21,Orissa,11-01-2013 00:00,15007.94431
6278,Koraput,29,21,Orissa,11-01-2013 00:00,14979.07752
6279,Malkangiri,30,21,Orissa,11-01-2013 00:00,14990.94223
6280,Nabarangapur,28,21,Orissa,11-01-2013 00:00,14991.60576
6281,Nayagarh,16,21,Orissa,11-01-2013 00:00,15004.96061
6282,Nuapada,25,21,Orissa,11-01-2013 00:00,15003.53719
6283,Kandhamal,21,21,Orissa,11-01-2013 00:00,14897.90671
6284,Sambalpur,3,21,Orissa,11-01-2013 00:00,14966.87941
6285,Anugul,15,21,Orissa,11-01-2013 00:00,15007.34829
6286,Bhadrak,9,21,Orissa,11-01-2013 00:00,14987.19054
6287,Baudh,22,21,Orissa,11-01-2013 00:00,14986.94728
6288,Balangir,24,21,Orissa,11-01-2013 00:00,15029.98266
6289,Baleshwar,8,21,Orissa,11-01-2013 00:00,15005.1295
6290,Bargarh,1,21,Orissa,11-01-2013 00:00,15016.31004
6291,Kendrapara,10,21,Orissa,11-01-2013 00:00,14987.73096
6292,Kendujhar,6,21,Orissa,11-01-2013 00:00,14980.06487
6293,Debagarh,4,21,Orissa,11-01-2013 00:00,14958.02408
6294,Cuttack,12,21,Orissa,11-01-2013 00:00,15055.54752
6295,Dhenkanal,14,21,Orissa,11-01-2013 00:00,15055.77652
6296,Kalahandi,26,21,Orissa,11-01-2013 00:00,14981.51649
6297,Ganjam,19,21,Orissa,11-01-2013 00:00,15041.38762
6298,Gajapati,20,21,Orissa,11-01-2013 00:00,14944.27144
6299,Surguja,2,22,Chhattisgarh,11-01-2013 00:00,14933.23032
6300,Bilaspur,7,22,Chhattisgarh,11-01-2013 00:00,14986.38362
6301,Janjgir - Champa,6,22,Chhattisgarh,11-01-2013 00:00,15032.23962
6302,Korba,5,22,Chhattisgarh,11-01-2013 00:00,14939.62772
6303,Kawardha,8,22,Chhattisgarh,11-01-2013 00:00,15029.75542
6304,Jashpur,3,22,Chhattisgarh,11-01-2013 00:00,14946.3658
6305,Koriya,1,22,Chhattisgarh,11-01-2013 00:00,14919.0118
6306,Mahasamund,12,22,Chhattisgarh,11-01-2013 00:00,15053.92252
6307,Raigarh,4,22,Chhattisgarh,11-01-2013 00:00,14990.50841
6308,Raipur,11,22,Chhattisgarh,11-01-2013 00:00,15037.57962
6309,Rajnandgaon,9,22,Chhattisgarh,11-01-2013 00:00,15026.12677
6310,Bastar,15,22,Chhattisgarh,11-01-2013 00:00,14953.03944
6311,Dantewada,16,22,Chhattisgarh,11-01-2013 00:00,14970.54826
6312,Dhamtari,13,22,Chhattisgarh,11-01-2013 00:00,14989.92063
6313,Durg,10,22,Chhattisgarh,11-01-2013 00:00,15078.34461
6314,Kanker,14,22,Chhattisgarh,11-01-2013 00:00,14968.67246
6315,Shajapur,22,23,Madhya Pradesh,11-01-2013 00:00,15227.16087
6316,Shivpuri,6,23,Madhya Pradesh,11-01-2013 00:00,15160.08919
6317,Ratlam,20,23,Madhya Pradesh,11-01-2013 00:00,15233.59866
6318,Rewa,14,23,Madhya Pradesh,11-01-2013 00:00,15061.04874
6319,Sagar,11,23,Madhya Pradesh,11-01-2013 00:00,15215.34642
6320,Sidhi,17,23,Madhya Pradesh,11-01-2013 00:00,14995.58885
6321,Ujjain,21,23,Madhya Pradesh,11-01-2013 00:00,15219.16956
6322,Vidisha,31,23,Madhya Pradesh,11-01-2013 00:00,15273.70102
6323,West Nimar,27,23,Madhya Pradesh,11-01-2013 00:00,15281.51269
6324,Morena,2,23,Madhya Pradesh,11-01-2013 00:00,15143.70415
6325,Sheopur,1,23,Madhya Pradesh,11-01-2013 00:00,15135.53929
6326,Dindori,41,23,Madhya Pradesh,11-01-2013 00:00,15008.04253
6327,Mandla,42,23,Madhya Pradesh,11-01-2013 00:00,15022.68823
6328,Shahdol,16,23,Madhya Pradesh,11-01-2013 00:00,15002.85705
6329,Umaria,15,23,Madhya Pradesh,11-01-2013 00:00,14998.79168
6330,Hoshangabad,37,23,Madhya Pradesh,11-01-2013 00:00,15134.38672
6331,Indore,26,23,Madhya Pradesh,11-01-2013 00:00,15206.86044
6332,Jabalpur,39,23,Madhya Pradesh,11-01-2013 00:00,15120.63412
6333,Jhabua,24,23,Madhya Pradesh,11-01-2013 00:00,15271.93986
6334,Mandsaur,19,23,Madhya Pradesh,11-01-2013 00:00,15156.82836
6335,Tikamgarh,8,23,Madhya Pradesh,11-01-2013 00:00,15157.32453
6336,Narsimhapur,40,23,Madhya Pradesh,11-01-2013 00:00,15164.50893
6337,Neemuch,18,23,Madhya Pradesh,11-01-2013 00:00,15146.50396
6338,Panna,10,23,Madhya Pradesh,11-01-2013 00:00,15122.14812
6339,Raisen,34,23,Madhya Pradesh,11-01-2013 00:00,15178.02529
6340,Rajgarh,30,23,Madhya Pradesh,11-01-2013 00:00,15239.30064
6341,Satna,13,23,Madhya Pradesh,11-01-2013 00:00,15078.04233
6342,Sehore,33,23,Madhya Pradesh,11-01-2013 00:00,15202.03136
6343,Seoni,44,23,Madhya Pradesh,11-01-2013 00:00,15110.53349
6344,Bhind,3,23,Madhya Pradesh,11-01-2013 00:00,15123.42625
6345,Bhopal,32,23,Madhya Pradesh,11-01-2013 00:00,15201.55719
6346,Barwani,28,23,Madhya Pradesh,11-01-2013 00:00,15350.26703
6347,Betul,35,23,Madhya Pradesh,11-01-2013 00:00,15153.16277
6348,Balaghat,45,23,Madhya Pradesh,11-01-2013 00:00,14976.59533
6349,Chhatarpur,9,23,Madhya Pradesh,11-01-2013 00:00,15148.27367
6350,Chhindwara,43,23,Madhya Pradesh,11-01-2013 00:00,15128.30153
6351,Dewas,23,23,Madhya Pradesh,11-01-2013 00:00,15195.44502
6352,Katni,38,23,Madhya Pradesh,11-01-2013 00:00,15071.4557
6353,Datia,5,23,Madhya Pradesh,11-01-2013 00:00,15133.33092
6354,Damoh,12,23,Madhya Pradesh,11-01-2013 00:00,15173.76232
6355,Dhar,25,23,Madhya Pradesh,11-01-2013 00:00,15278.83988
6356,East Nimar,29,23,Madhya Pradesh,11-01-2013 00:00,15225.92604
6357,Guna,7,23,Madhya Pradesh,11-01-2013 00:00,15239.87013
6358,Gwalior,4,23,Madhya Pradesh,11-01-2013 00:00,15124.39208
6359,Harda,36,23,Madhya Pradesh,11-01-2013 00:00,15216.47015
6360,Sabar Kantha,5,24,Gujarat,11-01-2013 00:00,15167.68433
6361,Surendranagar,8,24,Gujarat,11-01-2013 00:00,15329.17693
6362,The Dangs,23,24,Gujarat,11-01-2013 00:00,15138.27062
6363,Vadodara,19,24,Gujarat,11-01-2013 00:00,15244.14024
6364,Valsad,25,24,Gujarat,11-01-2013 00:00,15223.24194
6365,Bharuch,21,24,Gujarat,11-01-2013 00:00,15326.97954
6366,Surat,22,24,Gujarat,11-01-2013 00:00,15230.99361
6367,Jamnagar,10,24,Gujarat,11-01-2013 00:00,15350.26038
6368,Kheda,16,24,Gujarat,11-01-2013 00:00,15218.7785
6369,Mahesana,4,24,Gujarat,11-01-2013 00:00,15235.48452
6370,Narmada,20,24,Gujarat,11-01-2013 00:00,15209.65998
6371,Navsari,24,24,Gujarat,11-01-2013 00:00,15237.10755
6372,Panch Mahals,17,24,Gujarat,11-01-2013 00:00,15179.12146
6373,Patan,3,24,Gujarat,11-01-2013 00:00,15328.48349
6374,Porbandar,11,24,Gujarat,11-01-2013 00:00,15395.96187
6375,Rajkot,9,24,Gujarat,11-01-2013 00:00,15305.41224
6376,Anand,15,24,Gujarat,11-01-2013 00:00,15249.38488
6377,Ahmadabad,7,24,Gujarat,11-01-2013 00:00,15301.10028
6378,Amreli,13,24,Gujarat,11-01-2013 00:00,15299.8148
6379,Bhavnagar,14,24,Gujarat,11-01-2013 00:00,15296.09493
6380,Banas Kantha,2,24,Gujarat,11-01-2013 00:00,15280.35824
6381,Dohad,18,24,Gujarat,11-01-2013 00:00,15199.1279
6382,Junagadh,12,24,Gujarat,11-01-2013 00:00,15340.78154
6383,Kachchh,1,24,Gujarat,11-01-2013 00:00,15367.92022
6384,Gandhinagar,6,24,Gujarat,11-01-2013 00:00,15214.55607
6385,Daman,2,25,Daman & Diu,11-01-2013 00:00,15214.56393
6386,Diu,1,25,Daman & Diu,11-01-2013 00:00,15182.98151
6387,Ratnagiri,32,27,Maharashtra,11-01-2013 00:00,15189.29158
6388,Raigarh,24,27,Maharashtra,11-01-2013 00:00,15201.73731
6389,Thane,21,27,Maharashtra,11-01-2013 00:00,15235.92745
6390,Solapur,30,27,Maharashtra,11-01-2013 00:00,15352.57485
6391,Sindhudurg,33,27,Maharashtra,11-01-2013 00:00,15190.22577
6392,Wardha,8,27,Maharashtra,11-01-2013 00:00,15218.62877
6393,Washim,6,27,Maharashtra,11-01-2013 00:00,15283.34887
6394,Yavatmal,14,27,Maharashtra,11-01-2013 00:00,15183.7993
6395,Hingoli,16,27,Maharashtra,11-01-2013 00:00,15284.48855
6396,Jalgaon,3,27,Maharashtra,11-01-2013 00:00,15275.46924
6397,Jalna,18,27,Maharashtra,11-01-2013 00:00,15278.21516
6398,Kolhapur,34,27,Maharashtra,11-01-2013 00:00,15102.33732
6399,Latur,28,27,Maharashtra,11-01-2013 00:00,15240.18244
6400,Pune,25,27,Maharashtra,11-01-2013 00:00,15229.40797
6401,Nagpur,9,27,Maharashtra,11-01-2013 00:00,15157.54394
6402,Mumbai,23,27,Maharashtra,11-01-2013 00:00,15285.74161
6403,Mumbai (Suburban),22,27,Maharashtra,11-01-2013 00:00,15270.42544
6404,Nanded,15,27,Maharashtra,11-01-2013 00:00,15226.42917
6405,Nandurbar,1,27,Maharashtra,11-01-2013 00:00,15282.06666
6406,Nashik,20,27,Maharashtra,11-01-2013 00:00,15294.81015
6407,Osmanabad,29,27,Maharashtra,11-01-2013 00:00,15343.07001
6408,Parbhani,17,27,Maharashtra,11-01-2013 00:00,15313.51111
6409,Sangli,35,27,Maharashtra,11-01-2013 00:00,15328.33882
6410,Satara,31,27,Maharashtra,11-01-2013 00:00,15244.61854
6411,Aurangabad,19,27,Maharashtra,11-01-2013 00:00,15264.45349
6412,Ahmadnagar,26,27,Maharashtra,11-01-2013 00:00,15318.39576
6413,Akola,5,27,Maharashtra,11-01-2013 00:00,15292.17365
6414,Amravati,7,27,Maharashtra,11-01-2013 00:00,15186.70244
6415,Bid,27,27,Maharashtra,11-01-2013 00:00,15271.47688
6416,Bhandara,10,27,Maharashtra,11-01-2013 00:00,15090.25063
6417,Buldana,4,27,Maharashtra,11-01-2013 00:00,15265.44668
6418,Chandrapur,13,27,Maharashtra,11-01-2013 00:00,15115.36199
6419,Dhule,2,27,Maharashtra,11-01-2013 00:00,15369.44315
6420,Gadchiroli,12,27,Maharashtra,11-01-2013 00:00,15006.40466
6421,Gondiya,11,27,Maharashtra,11-01-2013 00:00,15041.98794
6422,Rangareddi,6,28,Andhra Pradesh,11-01-2013 00:00,15118.53112
6423,Srikakulam,11,28,Andhra Pradesh,11-01-2013 00:00,15069.59898
6424,West Godavari,15,28,Andhra Pradesh,11-01-2013 00:00,15094.76762
6425,Visakhapatnam,13,28,Andhra Pradesh,11-01-2013 00:00,14985.86749
6426,Vizianagaram,12,28,Andhra Pradesh,11-01-2013 00:00,15072.34743
6427,Warangal,9,28,Andhra Pradesh,11-01-2013 00:00,15093.10871
6428,Hyderabad,5,28,Andhra Pradesh,11-01-2013 00:00,15160.85101
6429,Khammam,10,28,Andhra Pradesh,11-01-2013 00:00,15077.74393
6430,Medak,4,28,Andhra Pradesh,11-01-2013 00:00,15124.28504
6431,Krishna,16,28,Andhra Pradesh,11-01-2013 00:00,15070.53996
6432,Kurnool,21,28,Andhra Pradesh,11-01-2013 00:00,15261.71789
6433,Mahbubnagar,7,28,Andhra Pradesh,11-01-2013 00:00,15182.1523
6434,Nalgonda,8,28,Andhra Pradesh,11-01-2013 00:00,15134.75717
6435,Nellore,19,28,Andhra Pradesh,11-01-2013 00:00,15132.22035
6436,Nizamabad,2,28,Andhra Pradesh,11-01-2013 00:00,15162.04089
6437,Prakasam,18,28,Andhra Pradesh,11-01-2013 00:00,15136.429
6438,Anantapur,22,28,Andhra Pradesh,11-01-2013 00:00,15320.70936
6439,Adilabad,1,28,Andhra Pradesh,11-01-2013 00:00,15113.16523
6440,Chittoor,23,28,Andhra Pradesh,11-01-2013 00:00,15085.29833
6441,Cuddapah,20,28,Andhra Pradesh,11-01-2013 00:00,15163.60768
6442,East Godavari,14,28,Andhra Pradesh,11-01-2013 00:00,15020.69616
6443,Karimnagar,3,28,Andhra Pradesh,11-01-2013 00:00,15113.16191
6444,Guntur,17,28,Andhra Pradesh,11-01-2013 00:00,15102.07494
6445,Shimoga,15,29,Karnataka,11-01-2013 00:00,15012.44175
6446,Tumkur,18,29,Karnataka,11-01-2013 00:00,15183.50775
6447,Udupi,16,29,Karnataka,11-01-2013 00:00,15130.22416
6448,Uttara Kannada,10,29,Karnataka,11-01-2013 00:00,14995.05786
6449,Hassan,23,29,Karnataka,11-01-2013 00:00,15071.47363
6450,Haveri,11,29,Karnataka,11-01-2013 00:00,15257.70639
6451,Kodagu,25,29,Karnataka,11-01-2013 00:00,14899.11472
6452,Kolar,19,29,Karnataka,11-01-2013 00:00,15126.9412
6453,Mandya,22,29,Karnataka,11-01-2013 00:00,15084.54173
6454,Koppal,7,29,Karnataka,11-01-2013 00:00,15267.23088
6455,Mysore,26,29,Karnataka,11-01-2013 00:00,15065.05641
6456,Raichur,6,29,Karnataka,11-01-2013 00:00,15251.16828
6457,Bagalkot,2,29,Karnataka,11-01-2013 00:00,15256.97432
6458,Bangalore,20,29,Karnataka,11-01-2013 00:00,15094.70423
6459,Bidar,5,29,Karnataka,11-01-2013 00:00,15211.1919
6460,Bijapur,3,29,Karnataka,11-01-2013 00:00,15304.59758
6461,Belgaum,1,29,Karnataka,11-01-2013 00:00,15211.32267
6462,Bellary,12,29,Karnataka,11-01-2013 00:00,15231.95898
6463,Bangalore Rural,21,29,Karnataka,11-01-2013 00:00,15095.8212
6464,Chamarajanagar,27,29,Karnataka,11-01-2013 00:00,15070.95066
6465,Chikmagalur,17,29,Karnataka,11-01-2013 00:00,15026.14052
6466,Chitradurga,13,29,Karnataka,11-01-2013 00:00,15314.69772
6467,Dakshina Kannada,24,29,Karnataka,11-01-2013 00:00,15086.90468
6468,Davanagere,14,29,Karnataka,11-01-2013 00:00,15198.00817
6469,Dharwad,9,29,Karnataka,11-01-2013 00:00,15272.6847
6470,Gulbarga,4,29,Karnataka,11-01-2013 00:00,15250.59552
6471,Gadag,8,29,Karnataka,11-01-2013 00:00,15363.30791
6472,South Goa,2,30,Goa,11-01-2013 00:00,15110.93289
6473,North Goa,1,30,Goa,11-01-2013 00:00,15161.8914
6474,Thrissur,7,32,Kerala,11-01-2013 00:00,15070.17567
6475,Thiruvananthapuram,14,32,Kerala,11-01-2013 00:00,15074.3593
6476,Wayanad,3,32,Kerala,11-01-2013 00:00,14919.99022
6477,Idukki,9,32,Kerala,11-01-2013 00:00,14872.49339
6478,Kollam,13,32,Kerala,11-01-2013 00:00,15062.56078
6479,Kottayam,10,32,Kerala,11-01-2013 00:00,15087.61154
6480,Kozhikode,4,32,Kerala,11-01-2013 00:00,15080.72779
6481,Malappuram,5,32,Kerala,11-01-2013 00:00,15055.98673
6482,Palakkad,6,32,Kerala,11-01-2013 00:00,15035.40723
6483,Pathanamthitta,12,32,Kerala,11-01-2013 00:00,14973.8793
6484,Alappuzha,11,32,Kerala,11-01-2013 00:00,15142.1717
6485,Kasaragod,1,32,Kerala,11-01-2013 00:00,15114.70865
6486,Kannur,2,32,Kerala,11-01-2013 00:00,15112.9566
6487,Ernakulam,8,32,Kerala,11-01-2013 00:00,15107.76285
6488,Sivaganga,23,33,Tamil Nadu,11-01-2013 00:00,15364.91199
6489,Tiruchirappalli,15,33,Tamil Nadu,11-01-2013 00:00,15284.02131
6490,Tirunelveli,29,33,Tamil Nadu,11-01-2013 00:00,15180.77283
6491,Tiruvannamalai,6,33,Tamil Nadu,11-01-2013 00:00,15161.89118
6492,Thoothukkudi,28,33,Tamil Nadu,11-01-2013 00:00,15367.09279
6493,Theni,25,33,Tamil Nadu,11-01-2013 00:00,15118.77021
6494,Vellore,4,33,Tamil Nadu,11-01-2013 00:00,15115.24834
6495,Viluppuram,7,33,Tamil Nadu,11-01-2013 00:00,15170.33502
6496,Virudhunagar,26,33,Tamil Nadu,11-01-2013 00:00,15377.07111
6497,Chennai,2,33,Tamil Nadu,11-01-2013 00:00,15265.48428
6498,Kancheepuram,3,33,Tamil Nadu,11-01-2013 00:00,15176.04568
6499,Thiruvallur,1,33,Tamil Nadu,11-01-2013 00:00,15125.91244
6500,Thanjavur,21,33,Tamil Nadu,11-01-2013 00:00,15143.26343
6501,Thiruvarur,20,33,Tamil Nadu,11-01-2013 00:00,15067.38607
6502,Nagapattinam,19,33,Tamil Nadu,11-01-2013 00:00,15076.02376
6503,Kanniyakumari,30,33,Tamil Nadu,11-01-2013 00:00,15038.60415
6504,Karur,14,33,Tamil Nadu,11-01-2013 00:00,15408.64286
6505,Madurai,24,33,Tamil Nadu,11-01-2013 00:00,15282.80289
6506,Namakkal,9,33,Tamil Nadu,11-01-2013 00:00,15234.99101
6507,The Nilgiris,11,33,Tamil Nadu,11-01-2013 00:00,14809.83091
6508,Perambalur,16,33,Tamil Nadu,11-01-2013 00:00,15204.88182
6509,Pudukkottai,22,33,Tamil Nadu,11-01-2013 00:00,15286.50657
6510,Ramanathapuram,27,33,Tamil Nadu,11-01-2013 00:00,15400.82688
6511,Salem,8,33,Tamil Nadu,11-01-2013 00:00,15148.5673
6512,Ariyalur,17,33,Tamil Nadu,11-01-2013 00:00,15171.08666
6513,Coimbatore,12,33,Tamil Nadu,11-01-2013 00:00,15181.99457
6514,Cuddalore,18,33,Tamil Nadu,11-01-2013 00:00,15147.61798
6515,Dharmapuri,5,33,Tamil Nadu,11-01-2013 00:00,15070.06902
6516,Dindigul,13,33,Tamil Nadu,11-01-2013 00:00,15205.32359
6517,Erode,10,33,Tamil Nadu,11-01-2013 00:00,15184.96826
6518,Yanam,1,34,Puducherry,11-01-2013 00:00,15049.54427
6519,Karaikal,4,34,Puducherry,11-01-2013 00:00,15119.13532
6520,Mahe,3,34,Puducherry,11-01-2013 00:00,15124.38258
6521,Pondicherry,2,34,Puducherry,11-01-2013 00:00,15126.72551
6522,Nicobars,2,35,Andaman & Nicobar Island,11-01-2013 00:00,14974.98957
6523,Andamans,1,35,Andaman & Nicobar Island,11-01-2013 00:00,14950.12828
6524,Lakshadweep,1,31,Lakshadweep,12-01-2013 00:00,15059.81645
6525,Chandigarh,1,4,Chandigarh,12-01-2013 00:00,14696.22879
6526,Dadra & Nagar Haveli,1,26,Dadara & Nagar Havelli,12-01-2013 00:00,15180.30429
6527,Data Not Available,99,99,Jammu and Kashmir,12-01-2013 00:00,13316.287
6528,Srinagar,3,1,Jammu and Kashmir,12-01-2013 00:00,13731.26623
6529,Udhampur,10,1,Jammu and Kashmir,12-01-2013 00:00,14340.38669
6530,Jammu,13,1,Jammu and Kashmir,12-01-2013 00:00,14570.50414
6531,Kargil,8,1,Jammu and Kashmir,12-01-2013 00:00,13419.31321
6532,Kathua,14,1,Jammu and Kashmir,12-01-2013 00:00,14516.83534
6533,Leh (Ladakh),7,1,Jammu and Kashmir,12-01-2013 00:00,13430.17146
6534,Kupwara,1,1,Jammu and Kashmir,12-01-2013 00:00,13952.87162
6535,Punch,11,1,Jammu and Kashmir,12-01-2013 00:00,14274.0479
6536,Pulwama,5,1,Jammu and Kashmir,12-01-2013 00:00,14079.9886
6537,Rajauri,12,1,Jammu and Kashmir,12-01-2013 00:00,14424.06594
6538,Anantnag,6,1,Jammu and Kashmir,12-01-2013 00:00,13768.34773
6539,Badgam,4,1,Jammu and Kashmir,12-01-2013 00:00,13915.28298
6540,Baramula,2,1,Jammu and Kashmir,12-01-2013 00:00,13776.87532
6541,Doda,9,1,Jammu and Kashmir,12-01-2013 00:00,13702.72733
6542,Shimla,11,2,Himachal Pradesh,12-01-2013 00:00,14238.62686
6543,Sirmaur,10,2,Himachal Pradesh,12-01-2013 00:00,14500.03468
6544,Solan,9,2,Himachal Pradesh,12-01-2013 00:00,14524.99538
6545,Una,7,2,Himachal Pradesh,12-01-2013 00:00,14565.34468
6546,Kangra,2,2,Himachal Pradesh,12-01-2013 00:00,14337.40298
6547,Kinnaur,12,2,Himachal Pradesh,12-01-2013 00:00,13652.84407
6548,Lahul & Spiti,3,2,Himachal Pradesh,12-01-2013 00:00,13380.40234
6549,Kullu,4,2,Himachal Pradesh,12-01-2013 00:00,13844.83105
6550,Mandi,5,2,Himachal Pradesh,12-01-2013 00:00,14369.71898
6551,Bilaspur,8,2,Himachal Pradesh,12-01-2013 00:00,14473.85553
6552,Chamba,1,2,Himachal Pradesh,12-01-2013 00:00,13939.00719
6553,Hamirpur,6,2,Himachal Pradesh,12-01-2013 00:00,14483.44656
6554,Rupnagar,7,3,Punjab,12-01-2013 00:00,14648.35615
6555,Hoshiarpur,5,3,Punjab,12-01-2013 00:00,14602.61841
6556,Jalandhar,4,3,Punjab,12-01-2013 00:00,14653.56044
6557,Kapurthala,3,3,Punjab,12-01-2013 00:00,14596.20347
6558,Ludhiana,9,3,Punjab,12-01-2013 00:00,14696.31816
6559,Mansa,15,3,Punjab,12-01-2013 00:00,14793.19307
6560,Moga,10,3,Punjab,12-01-2013 00:00,14692.29201
6561,Muktsar,12,3,Punjab,12-01-2013 00:00,14781.56256
6562,Nawanshahr,6,3,Punjab,12-01-2013 00:00,14641.36239
6563,Patiala,17,3,Punjab,12-01-2013 00:00,14658.36564
6564,Sangrur,16,3,Punjab,12-01-2013 00:00,14699.72746
6565,Amritsar,2,3,Punjab,12-01-2013 00:00,14627.6825
6566,Firozpur,11,3,Punjab,12-01-2013 00:00,14758.83532
6567,Bathinda,14,3,Punjab,12-01-2013 00:00,14776.32284
6568,Gurdaspur,1,3,Punjab,12-01-2013 00:00,14572.81676
6569,Faridkot,13,3,Punjab,12-01-2013 00:00,14695.23697
6570,Fatehgarh Sahib,8,3,Punjab,12-01-2013 00:00,14670.95786
6571,Rudraprayag,3,5,Uttarakhand,12-01-2013 00:00,14188.91204
6572,Tehri Garhwal,4,5,Uttarakhand,12-01-2013 00:00,14319.78643
6573,Udham Singh Nagar,12,5,Uttarakhand,12-01-2013 00:00,14731.76352
6574,Uttarkashi,1,5,Uttarakhand,12-01-2013 00:00,13887.51281
6575,Hardwar,13,5,Uttarakhand,12-01-2013 00:00,14678.44787
6576,Nainital,11,5,Uttarakhand,12-01-2013 00:00,14587.37172
6577,Pithoragarh,7,5,Uttarakhand,12-01-2013 00:00,14001.43824
6578,Bageshwar,8,5,Uttarakhand,12-01-2013 00:00,14272.26214
6579,Almora,9,5,Uttarakhand,12-01-2013 00:00,14479.7072
6580,Chamoli,2,5,Uttarakhand,12-01-2013 00:00,13864.97811
6581,Champawat,10,5,Uttarakhand,12-01-2013 00:00,14486.67181
6582,Dehradun,5,5,Uttarakhand,12-01-2013 00:00,14513.8516
6583,Garhwal,6,5,Uttarakhand,12-01-2013 00:00,14487.99958
6584,Rohtak,14,6,Haryana,12-01-2013 00:00,14812.50028
6585,Sirsa,11,6,Haryana,12-01-2013 00:00,14848.12309
6586,Sonipat,8,6,Haryana,12-01-2013 00:00,14767.19697
6587,Yamunanagar,3,6,Haryana,12-01-2013 00:00,14670.4692
6588,Jhajjar,15,6,Haryana,12-01-2013 00:00,14818.70639
6589,Mahendragarh,16,6,Haryana,12-01-2013 00:00,14882.55493
6590,Rewari,17,6,Haryana,12-01-2013 00:00,14785.52124
6591,Bhiwani,13,6,Haryana,12-01-2013 00:00,14889.87464
6592,Hisar,12,6,Haryana,12-01-2013 00:00,14801.3719
6593,Jind,9,6,Haryana,12-01-2013 00:00,14789.22138
6594,Kaithal,5,6,Haryana,12-01-2013 00:00,14663.69982
6595,Karnal,6,6,Haryana,12-01-2013 00:00,14669.22206
6596,Kurukshetra,4,6,Haryana,12-01-2013 00:00,14627.75779
6597,Panchkula,1,6,Haryana,12-01-2013 00:00,14664.47955
6598,Panipat,7,6,Haryana,12-01-2013 00:00,14752.5255
6599,Ambala,2,6,Haryana,12-01-2013 00:00,14674.53463
6600,Gurgaon,18,6,Haryana,12-01-2013 00:00,14803.15815
6601,Faridabad,19,6,Haryana,12-01-2013 00:00,14794.01745
6602,Fatehabad,10,6,Haryana,12-01-2013 00:00,14783.6619
6603,Central,6,7,Delhi  & NCR,12-01-2013 00:00,14753.03853
6604,East,4,7,Delhi  & NCR,12-01-2013 00:00,14754.59006
6605,New Delhi,5,7,Delhi  & NCR,12-01-2013 00:00,14721.35171
6606,North,2,7,Delhi  & NCR,12-01-2013 00:00,14747.96311
6607,North East,3,7,Delhi  & NCR,12-01-2013 00:00,14765.91384
6608,North West,1,7,Delhi  & NCR,12-01-2013 00:00,14760.65047
6609,South,9,7,Delhi  & NCR,12-01-2013 00:00,14747.42021
6610,South West,8,7,Delhi  & NCR,12-01-2013 00:00,14765.1474
6611,West,7,7,Delhi  & NCR,12-01-2013 00:00,14767.35007
6612,Sirohi,19,8,Rajasthan,12-01-2013 00:00,15037.28511
6613,Tonk,22,8,Rajasthan,12-01-2013 00:00,14938.36019
6614,Sikar,13,8,Rajasthan,12-01-2013 00:00,15045.239
6615,Alwar,6,8,Rajasthan,12-01-2013 00:00,14870.72148
6616,Udaipur,26,8,Rajasthan,12-01-2013 00:00,15001.60755
6617,Ganganagar,1,8,Rajasthan,12-01-2013 00:00,14957.57361
6618,Hanumangarh,2,8,Rajasthan,12-01-2013 00:00,14995.40263
6619,Baran,31,8,Rajasthan,12-01-2013 00:00,15034.0851
6620,Jaipur,12,8,Rajasthan,12-01-2013 00:00,15013.28793
6621,Jaisalmer,16,8,Rajasthan,12-01-2013 00:00,15278.51911
6622,Jalor,18,8,Rajasthan,12-01-2013 00:00,15128.36668
6623,Jhalawar,32,8,Rajasthan,12-01-2013 00:00,15031.46432
6624,Jhunjhunun,5,8,Rajasthan,12-01-2013 00:00,15041.39069
6625,Jodhpur,15,8,Rajasthan,12-01-2013 00:00,15196.46843
6626,Kota,30,8,Rajasthan,12-01-2013 00:00,15025.72742
6627,Nagaur,14,8,Rajasthan,12-01-2013 00:00,15123.88421
6628,Pali,20,8,Rajasthan,12-01-2013 00:00,15136.86945
6629,Rajsamand,25,8,Rajasthan,12-01-2013 00:00,14969.39275
6630,Sawai Madhopur,10,8,Rajasthan,12-01-2013 00:00,14893.24824
6631,Ajmer,21,8,Rajasthan,12-01-2013 00:00,15061.14898
6632,Banswara,28,8,Rajasthan,12-01-2013 00:00,15099.69509
6633,Barmer,17,8,Rajasthan,12-01-2013 00:00,15224.18333
6634,Bhilwara,24,8,Rajasthan,12-01-2013 00:00,15027.61422
6635,Bikaner,3,8,Rajasthan,12-01-2013 00:00,15221.87614
6636,Bharatpur,7,8,Rajasthan,12-01-2013 00:00,14858.35806
6637,Bundi,23,8,Rajasthan,12-01-2013 00:00,14996.96084
6638,Chittaurgarh,29,8,Rajasthan,12-01-2013 00:00,14965.9951
6639,Churu,4,8,Rajasthan,12-01-2013 00:00,15167.47706
6640,Dausa,11,8,Rajasthan,12-01-2013 00:00,14919.09723
6641,Dhaulpur,8,8,Rajasthan,12-01-2013 00:00,14906.67951
6642,Dungarpur,27,8,Rajasthan,12-01-2013 00:00,15059.97858
6643,Karauli,9,8,Rajasthan,12-01-2013 00:00,14961.11497
6644,Shrawasti,51,9,Uttar Pradesh,12-01-2013 00:00,14872.08282
6645,Saharanpur,1,9,Uttar Pradesh,12-01-2013 00:00,14661.60348
6646,Sitapur,24,9,Uttar Pradesh,12-01-2013 00:00,14811.55205
6647,Sultanpur,49,9,Uttar Pradesh,12-01-2013 00:00,14871.62551
6648,Sonbhadra,70,9,Uttar Pradesh,12-01-2013 00:00,14854.85673
6649,Siddharthnagar,54,9,Uttar Pradesh,12-01-2013 00:00,14895.11335
6650,Unnao,26,9,Uttar Pradesh,12-01-2013 00:00,14847.44553
6651,Varanasi,67,9,Uttar Pradesh,12-01-2013 00:00,14852.75577
6652,Bulandshahr,11,9,Uttar Pradesh,12-01-2013 00:00,14773.73259
6653,Gautam Buddha Nagar,10,9,Uttar Pradesh,12-01-2013 00:00,14810.21779
6654,Ghaziabad,9,9,Uttar Pradesh,12-01-2013 00:00,14777.1698
6655,Hathras,13,9,Uttar Pradesh,12-01-2013 00:00,14763.1904
6656,Jalaun,35,9,Uttar Pradesh,12-01-2013 00:00,14909.8032
6657,Jaunpur,64,9,Uttar Pradesh,12-01-2013 00:00,14859.65754
6658,Jhansi,36,9,Uttar Pradesh,12-01-2013 00:00,14931.64335
6659,Jyotiba Phule Nagar,6,9,Uttar Pradesh,12-01-2013 00:00,14726.35389
6660,Kannauj,30,9,Uttar Pradesh,12-01-2013 00:00,14793.45548
6661,Kanpur Nagar,34,9,Uttar Pradesh,12-01-2013 00:00,14870.46083
6662,Kaushambi,44,9,Uttar Pradesh,12-01-2013 00:00,14859.2881
6663,Kheri,23,9,Uttar Pradesh,12-01-2013 00:00,14766.88265
6664,Mirzapur,69,9,Uttar Pradesh,12-01-2013 00:00,14902.84165
6665,Moradabad,4,9,Uttar Pradesh,12-01-2013 00:00,14729.07687
6666,Muzaffarnagar,2,9,Uttar Pradesh,12-01-2013 00:00,14683.50361
6667,Rae Bareli,28,9,Uttar Pradesh,12-01-2013 00:00,14880.34701
6668,Kushinagar,59,9,Uttar Pradesh,12-01-2013 00:00,14867.38709
6669,Lucknow,27,9,Uttar Pradesh,12-01-2013 00:00,14858.53021
6670,Lalitpur,37,9,Uttar Pradesh,12-01-2013 00:00,14956.62441
6671,Mahrajganj,57,9,Uttar Pradesh,12-01-2013 00:00,14901.19822
6672,Mahoba,39,9,Uttar Pradesh,12-01-2013 00:00,14913.7404
6673,Mainpuri,18,9,Uttar Pradesh,12-01-2013 00:00,14840.87574
6674,Mathura,14,9,Uttar Pradesh,12-01-2013 00:00,14803.88249
6675,Mau,62,9,Uttar Pradesh,12-01-2013 00:00,14871.86751
6676,Meerut,7,9,Uttar Pradesh,12-01-2013 00:00,14717.6199
6677,Pilibhit,21,9,Uttar Pradesh,12-01-2013 00:00,14739.98287
6678,Pratapgarh,43,9,Uttar Pradesh,12-01-2013 00:00,14867.49246
6679,Rampur,5,9,Uttar Pradesh,12-01-2013 00:00,14698.80187
6680,Sant Ravidas Nagar Bhadohi,68,9,Uttar Pradesh,12-01-2013 00:00,14857.28334
6681,Sant Kabir Nagar,56,9,Uttar Pradesh,12-01-2013 00:00,14859.3399
6682,Shahjahanpur,22,9,Uttar Pradesh,12-01-2013 00:00,14771.1576
6683,Auraiya,32,9,Uttar Pradesh,12-01-2013 00:00,14859.00064
6684,Azamgarh,61,9,Uttar Pradesh,12-01-2013 00:00,14880.91522
6685,Budaun,19,9,Uttar Pradesh,12-01-2013 00:00,14772.7373
6686,Agra,15,9,Uttar Pradesh,12-01-2013 00:00,14799.1916
6687,Aligarh,12,9,Uttar Pradesh,12-01-2013 00:00,14786.57995
6688,Allahabad,45,9,Uttar Pradesh,12-01-2013 00:00,14892.57481
6689,Ambedkar Nagar,48,9,Uttar Pradesh,12-01-2013 00:00,14851.33653
6690,Bareilly,20,9,Uttar Pradesh,12-01-2013 00:00,14741.13243
6691,Bijnor,3,9,Uttar Pradesh,12-01-2013 00:00,14699.80212
6692,Basti,55,9,Uttar Pradesh,12-01-2013 00:00,14855.83345
6693,Baghpat,8,9,Uttar Pradesh,12-01-2013 00:00,14727.13956
6694,Bahraich,50,9,Uttar Pradesh,12-01-2013 00:00,14821.49305
6695,Ballia,63,9,Uttar Pradesh,12-01-2013 00:00,14876.91856
6696,Balrampur,52,9,Uttar Pradesh,12-01-2013 00:00,14865.53219
6697,Banda,40,9,Uttar Pradesh,12-01-2013 00:00,14926.32632
6698,Barabanki,46,9,Uttar Pradesh,12-01-2013 00:00,14847.623
6699,Chitrakoot,41,9,Uttar Pradesh,12-01-2013 00:00,14912.96909
6700,Chandauli,66,9,Uttar Pradesh,12-01-2013 00:00,14877.64652
6701,Deoria,60,9,Uttar Pradesh,12-01-2013 00:00,14872.15892
6702,Etah,17,9,Uttar Pradesh,12-01-2013 00:00,14793.64431
6703,Kanpur Dehat,33,9,Uttar Pradesh,12-01-2013 00:00,14866.95579
6704,Etawah,31,9,Uttar Pradesh,12-01-2013 00:00,14839.06229
6705,Faizabad,47,9,Uttar Pradesh,12-01-2013 00:00,14839.89819
6706,Ghazipur,65,9,Uttar Pradesh,12-01-2013 00:00,14898.89532
6707,Gonda,53,9,Uttar Pradesh,12-01-2013 00:00,14824.12985
6708,Gorakhpur,58,9,Uttar Pradesh,12-01-2013 00:00,14851.74669
6709,Farrukhabad,29,9,Uttar Pradesh,12-01-2013 00:00,14763.49444
6710,Fatehpur,42,9,Uttar Pradesh,12-01-2013 00:00,14874.15371
6711,Firozabad,16,9,Uttar Pradesh,12-01-2013 00:00,14808.73769
6712,Hamirpur,38,9,Uttar Pradesh,12-01-2013 00:00,14903.82184
6713,Hardoi,25,9,Uttar Pradesh,12-01-2013 00:00,14824.95442
6714,Sheikhpura,26,10,Bihar,12-01-2013 00:00,14874.89343
6715,Sheohar,3,10,Bihar,12-01-2013 00:00,14796.1222
6716,Saharsa,12,10,Bihar,12-01-2013 00:00,14805.05397
6717,Sitamarhi,4,10,Bihar,12-01-2013 00:00,14847.25367
6718,Siwan,16,10,Bihar,12-01-2013 00:00,14866.65095
6719,Supaul,6,10,Bihar,12-01-2013 00:00,14844.60246
6720,Vaishali,18,10,Bihar,12-01-2013 00:00,14823.60456
6721,Kaimur (Bhabua),31,10,Bihar,12-01-2013 00:00,14862.45915
6722,Gaya,35,10,Bihar,12-01-2013 00:00,14903.05103
6723,Bhojpur,29,10,Bihar,12-01-2013 00:00,14868.30133
6724,Buxar,30,10,Bihar,12-01-2013 00:00,14875.78826
6725,Jehanabad,33,10,Bihar,12-01-2013 00:00,14848.96654
6726,Rohtas,32,10,Bihar,12-01-2013 00:00,14871.01801
6727,Jamui,37,10,Bihar,12-01-2013 00:00,14880.03712
6728,Kishanganj,8,10,Bihar,12-01-2013 00:00,14893.49431
6729,Muzaffarpur,14,10,Bihar,12-01-2013 00:00,14840.1232
6730,Purnia,9,10,Bihar,12-01-2013 00:00,14843.68304
6731,Khagaria,21,10,Bihar,12-01-2013 00:00,14836.47584
6732,Madhubani,5,10,Bihar,12-01-2013 00:00,14844.9514
6733,Lakhisarai,25,10,Bihar,12-01-2013 00:00,14846.01676
6734,Madhepura,11,10,Bihar,12-01-2013 00:00,14814.69127
6735,Purba Champaran,2,10,Bihar,12-01-2013 00:00,14835.29309
6736,Munger,24,10,Bihar,12-01-2013 00:00,14843.52832
6737,Nalanda,27,10,Bihar,12-01-2013 00:00,14855.19184
6738,Nawada,36,10,Bihar,12-01-2013 00:00,14861.03772
6739,Pashchim Champaran,1,10,Bihar,12-01-2013 00:00,14845.24343
6740,Patna,28,10,Bihar,12-01-2013 00:00,14849.95009
6741,Samastipur,19,10,Bihar,12-01-2013 00:00,14865.8015
6742,Araria,7,10,Bihar,12-01-2013 00:00,14882.07767
6743,Aurangabad,34,10,Bihar,12-01-2013 00:00,14888.65242
6744,Banka,23,10,Bihar,12-01-2013 00:00,14886.7246
6745,Bhagalpur,22,10,Bihar,12-01-2013 00:00,14846.23056
6746,Begusarai,20,10,Bihar,12-01-2013 00:00,14817.21398
6747,Saran,17,10,Bihar,12-01-2013 00:00,14862.21258
6748,Katihar,10,10,Bihar,12-01-2013 00:00,14830.04378
6749,Darbhanga,13,10,Bihar,12-01-2013 00:00,14836.39179
6750,Gopalganj,15,10,Bihar,12-01-2013 00:00,14884.21694
6751,South,3,11,Sikkim,12-01-2013 00:00,14347.01026
6752,West,2,11,Sikkim,12-01-2013 00:00,14175.58206
6753,North,1,11,Sikkim,12-01-2013 00:00,13782.84309
6754,East,4,11,Sikkim,12-01-2013 00:00,14269.80477
6755,Tawang,1,12,Arunanchal Pradesh,12-01-2013 00:00,14008.1844
6756,Tirap,13,12,Arunanchal Pradesh,12-01-2013 00:00,14541.43158
6757,West Kameng,2,12,Arunanchal Pradesh,12-01-2013 00:00,14227.94
6758,West Siang,7,12,Arunanchal Pradesh,12-01-2013 00:00,14229.37285
6759,Upper Siang,9,12,Arunanchal Pradesh,12-01-2013 00:00,14085.33886
6760,Upper Subansiri,6,12,Arunanchal Pradesh,12-01-2013 00:00,14097.35063
6761,Lohit,11,12,Arunanchal Pradesh,12-01-2013 00:00,14207.25904
6762,Lower Subansiri,5,12,Arunanchal Pradesh,12-01-2013 00:00,14169.00739
6763,Papum Pare,4,12,Arunanchal Pradesh,12-01-2013 00:00,14425.26269
6764,Changlang,12,12,Arunanchal Pradesh,12-01-2013 00:00,14456.83367
6765,Dibang Valley,10,12,Arunanchal Pradesh,12-01-2013 00:00,14036.13542
6766,East Kameng,3,12,Arunanchal Pradesh,12-01-2013 00:00,14271.15211
6767,East Siang,8,12,Arunanchal Pradesh,12-01-2013 00:00,14528.15169
6768,Tuensang,2,13,Nagaland,12-01-2013 00:00,14409.46626
6769,Wokha,5,13,Nagaland,12-01-2013 00:00,14605.29863
6770,Zunheboto,4,13,Nagaland,12-01-2013 00:00,14448.85481
6771,Dimapur,6,13,Nagaland,12-01-2013 00:00,14715.65291
6772,Kohima,7,13,Nagaland,12-01-2013 00:00,14530.75764
6773,Mokokchung,3,13,Nagaland,12-01-2013 00:00,14583.38849
6774,Mon,1,13,Nagaland,12-01-2013 00:00,14600.84328
6775,Phek,8,13,Nagaland,12-01-2013 00:00,14373.93303
6776,Tamenglong,2,14,Manipur,12-01-2013 00:00,14543.11254
6777,Thoubal,5,14,Manipur,12-01-2013 00:00,14594.37259
6778,Ukhrul,8,14,Manipur,12-01-2013 00:00,14484.00187
6779,Imphal East,7,14,Manipur,12-01-2013 00:00,14679.6832
6780,Imphal West,6,14,Manipur,12-01-2013 00:00,14709.76274
6781,Senapati (Excl. 3 sub-divisions),1,14,Manipur,12-01-2013 00:00,14483.58219
6782,Bishnupur,4,14,Manipur,12-01-2013 00:00,14609.59366
6783,Chandel,9,14,Manipur,12-01-2013 00:00,14534.50316
6784,Churachandpur,3,14,Manipur,12-01-2013 00:00,14552.92875
6785,Kolasib,2,15,Mizoram,12-01-2013 00:00,14721.25668
6786,Mamit,1,15,Mizoram,12-01-2013 00:00,14712.95481
6787,Lunglei,6,15,Mizoram,12-01-2013 00:00,14646.5487
6788,Lawngtlai,7,15,Mizoram,12-01-2013 00:00,14697.02788
6789,Saiha,8,15,Mizoram,12-01-2013 00:00,14605.75861
6790,Serchhip,5,15,Mizoram,12-01-2013 00:00,14575.77265
6791,Aizawl,3,15,Mizoram,12-01-2013 00:00,14622.31892
6792,Champhai,4,15,Mizoram,12-01-2013 00:00,14542.58103
6793,South Tripura,2,16,Tripura,12-01-2013 00:00,14886.90794
6794,West Tripura,1,16,Tripura,12-01-2013 00:00,14921.90926
6795,North Tripura,4,16,Tripura,12-01-2013 00:00,14865.54679
6796,Dhalai,3,16,Tripura,12-01-2013 00:00,14858.31389
6797,Ri Bhoi,5,17,Meghalaya,12-01-2013 00:00,14657.47728
6798,South Garo Hills,3,17,Meghalaya,12-01-2013 00:00,14781.92329
6799,West Garo Hills,1,17,Meghalaya,12-01-2013 00:00,14821.28516
6800,West Khasi Hills,4,17,Meghalaya,12-01-2013 00:00,14629.63606
6801,Jaintia Hills,7,17,Meghalaya,12-01-2013 00:00,14658.30117
6802,East Garo Hills,2,17,Meghalaya,12-01-2013 00:00,14751.13499
6803,East Khasi Hills,6,17,Meghalaya,12-01-2013 00:00,14623.37348
6804,Sonitpur,11,18,Assam,12-01-2013 00:00,14845.55962
6805,Sibsagar,16,18,Assam,12-01-2013 00:00,14794.25278
6806,Tinsukia,14,18,Assam,12-01-2013 00:00,14747.64734
6807,Jorhat,17,18,Assam,12-01-2013 00:00,14807.3584
6808,Karimganj,22,18,Assam,12-01-2013 00:00,14884.08337
6809,Kokrajhar,1,18,Assam,12-01-2013 00:00,14838.91016
6810,Lakhimpur,12,18,Assam,12-01-2013 00:00,14833.6229
6811,Nagaon,10,18,Assam,12-01-2013 00:00,14835.75302
6812,Marigaon,9,18,Assam,12-01-2013 00:00,14857.86038
6813,Nalbari,7,18,Assam,12-01-2013 00:00,14858.35637
6814,North Cachar Hills,20,18,Assam,12-01-2013 00:00,14643.16542
6815,Barpeta,5,18,Assam,12-01-2013 00:00,14847.41873
6816,Bongaigaon,4,18,Assam,12-01-2013 00:00,14842.33045
6817,Cachar,21,18,Assam,12-01-2013 00:00,14796.42182
6818,Darrang,8,18,Assam,12-01-2013 00:00,14869.56331
6819,Dhemaji,13,18,Assam,12-01-2013 00:00,14835.79891
6820,Dhubri,2,18,Assam,12-01-2013 00:00,14845.24717
6821,Dibrugarh,15,18,Assam,12-01-2013 00:00,14785.0376
6822,Kamrup,6,18,Assam,12-01-2013 00:00,14800.70748
6823,Karbi Anglong,19,18,Assam,12-01-2013 00:00,14686.52751
6824,Goalpara,3,18,Assam,12-01-2013 00:00,14834.403
6825,Golaghat,18,18,Assam,12-01-2013 00:00,14816.24254
6826,Hailakandi,23,18,Assam,12-01-2013 00:00,14853.77613
6827,South  Twenty Four Parganas,18,19,West Bengal,12-01-2013 00:00,14873.70878
6828,Uttar Dinajpur,4,19,West Bengal,12-01-2013 00:00,14894.01217
6829,Hugli,12,19,West Bengal,12-01-2013 00:00,14926.77539
6830,Jalpaiguri,2,19,West Bengal,12-01-2013 00:00,14836.42375
6831,Koch Bihar,3,19,West Bengal,12-01-2013 00:00,14854.4313
6832,Murshidabad,7,19,West Bengal,12-01-2013 00:00,14880.3742
6833,Puruliya,14,19,West Bengal,12-01-2013 00:00,14889.3566
6834,Kolkata,17,19,West Bengal,12-01-2013 00:00,14989.69072
6835,Maldah,6,19,West Bengal,12-01-2013 00:00,14845.05502
6836,Nadia,10,19,West Bengal,12-01-2013 00:00,14872.11705
6837,North Twenty Four Parganas,11,19,West Bengal,12-01-2013 00:00,14853.58367
6838,Medinipur,15,19,West Bengal,12-01-2013 00:00,14909.42816
6839,Barddhaman,9,19,West Bengal,12-01-2013 00:00,14925.95019
6840,Birbhum,8,19,West Bengal,12-01-2013 00:00,14935.67567
6841,Bankura,13,19,West Bengal,12-01-2013 00:00,14907.14442
6842,Dakshin Dinajpur,5,19,West Bengal,12-01-2013 00:00,14919.8897
6843,Darjiling,1,19,West Bengal,12-01-2013 00:00,14599.22635
6844,Haora,16,19,West Bengal,12-01-2013 00:00,14879.33796
6845,Ranchi,14,20,Jharkhand,12-01-2013 00:00,14837.88206
6846,Sahibganj,9,20,Jharkhand,12-01-2013 00:00,14825.31496
6847,Garhwa,1,20,Jharkhand,12-01-2013 00:00,14855.65466
6848,Palamu,2,20,Jharkhand,12-01-2013 00:00,14828.3805
6849,Chatra,3,20,Jharkhand,12-01-2013 00:00,14833.4167
6850,Hazaribagh,4,20,Jharkhand,12-01-2013 00:00,14831.91608
6851,Kodarma,5,20,Jharkhand,12-01-2013 00:00,14843.44347
6852,Purbi Singhbhum,18,20,Jharkhand,12-01-2013 00:00,14887.56129
6853,Lohardaga,15,20,Jharkhand,12-01-2013 00:00,14805.22359
6854,Pakaur,10,20,Jharkhand,12-01-2013 00:00,14913.64249
6855,Pashchimi Singhbhum,17,20,Jharkhand,12-01-2013 00:00,14831.395
6856,Bokaro,13,20,Jharkhand,12-01-2013 00:00,14863.9337
6857,Deoghar,7,20,Jharkhand,12-01-2013 00:00,14930.18243
6858,Dhanbad,12,20,Jharkhand,12-01-2013 00:00,14882.68962
6859,Dumka,11,20,Jharkhand,12-01-2013 00:00,14902.17347
6860,Giridih,6,20,Jharkhand,12-01-2013 00:00,14898.44432
6861,Godda,8,20,Jharkhand,12-01-2013 00:00,14841.56083
6862,Gumla,16,20,Jharkhand,12-01-2013 00:00,14849.11635
6863,Rayagada,27,21,Orissa,12-01-2013 00:00,14910.68298
6864,Sundargarh,5,21,Orissa,12-01-2013 00:00,14855.76751
6865,Sonapur,23,21,Orissa,12-01-2013 00:00,14967.54547
6866,Jajapur,13,21,Orissa,12-01-2013 00:00,15000.41918
6867,Jagatsinghapur,11,21,Orissa,12-01-2013 00:00,15002.14444
6868,Jharsuguda,2,21,Orissa,12-01-2013 00:00,14901.21918
6869,Khordha,17,21,Orissa,12-01-2013 00:00,15029.61426
6870,Mayurbhanj,7,21,Orissa,12-01-2013 00:00,14877.9479
6871,Puri,18,21,Orissa,12-01-2013 00:00,15011.62296
6872,Koraput,29,21,Orissa,12-01-2013 00:00,14952.81845
6873,Malkangiri,30,21,Orissa,12-01-2013 00:00,14964.64074
6874,Nabarangapur,28,21,Orissa,12-01-2013 00:00,15005.62783
6875,Nayagarh,16,21,Orissa,12-01-2013 00:00,14934.48125
6876,Nuapada,25,21,Orissa,12-01-2013 00:00,14972.58697
6877,Kandhamal,21,21,Orissa,12-01-2013 00:00,14832.76295
6878,Sambalpur,3,21,Orissa,12-01-2013 00:00,14879.53201
6879,Anugul,15,21,Orissa,12-01-2013 00:00,14907.25992
6880,Bhadrak,9,21,Orissa,12-01-2013 00:00,14976.39705
6881,Baudh,22,21,Orissa,12-01-2013 00:00,14914.53329
6882,Balangir,24,21,Orissa,12-01-2013 00:00,14976.0838
6883,Baleshwar,8,21,Orissa,12-01-2013 00:00,14934.84554
6884,Bargarh,1,21,Orissa,12-01-2013 00:00,14965.64073
6885,Kendrapara,10,21,Orissa,12-01-2013 00:00,14977.53986
6886,Kendujhar,6,21,Orissa,12-01-2013 00:00,14905.13855
6887,Debagarh,4,21,Orissa,12-01-2013 00:00,14870.92672
6888,Cuttack,12,21,Orissa,12-01-2013 00:00,14992.27025
6889,Dhenkanal,14,21,Orissa,12-01-2013 00:00,14952.66926
6890,Kalahandi,26,21,Orissa,12-01-2013 00:00,14951.46989
6891,Ganjam,19,21,Orissa,12-01-2013 00:00,15004.98296
6892,Gajapati,20,21,Orissa,12-01-2013 00:00,14890.72849
6893,Surguja,2,22,Chhattisgarh,12-01-2013 00:00,14830.78985
6894,Bilaspur,7,22,Chhattisgarh,12-01-2013 00:00,14930.94594
6895,Janjgir - Champa,6,22,Chhattisgarh,12-01-2013 00:00,15014.01501
6896,Korba,5,22,Chhattisgarh,12-01-2013 00:00,14858.17496
6897,Kawardha,8,22,Chhattisgarh,12-01-2013 00:00,14971.70978
6898,Jashpur,3,22,Chhattisgarh,12-01-2013 00:00,14860.67214
6899,Koriya,1,22,Chhattisgarh,12-01-2013 00:00,14821.97305
6900,Mahasamund,12,22,Chhattisgarh,12-01-2013 00:00,15027.09726
6901,Raigarh,4,22,Chhattisgarh,12-01-2013 00:00,14916.05131
6902,Raipur,11,22,Chhattisgarh,12-01-2013 00:00,15003.47984
6903,Rajnandgaon,9,22,Chhattisgarh,12-01-2013 00:00,14982.79973
6904,Bastar,15,22,Chhattisgarh,12-01-2013 00:00,14928.30048
6905,Dantewada,16,22,Chhattisgarh,12-01-2013 00:00,14925.35952
6906,Dhamtari,13,22,Chhattisgarh,12-01-2013 00:00,14968.74682
6907,Durg,10,22,Chhattisgarh,12-01-2013 00:00,15035.38307
6908,Kanker,14,22,Chhattisgarh,12-01-2013 00:00,14944.58813
6909,Shajapur,22,23,Madhya Pradesh,12-01-2013 00:00,14987.50708
6910,Shivpuri,6,23,Madhya Pradesh,12-01-2013 00:00,15012.77631
6911,Ratlam,20,23,Madhya Pradesh,12-01-2013 00:00,15028.12461
6912,Rewa,14,23,Madhya Pradesh,12-01-2013 00:00,14941.85022
6913,Sagar,11,23,Madhya Pradesh,12-01-2013 00:00,15045.5184
6914,Sidhi,17,23,Madhya Pradesh,12-01-2013 00:00,14864.13724
6915,Ujjain,21,23,Madhya Pradesh,12-01-2013 00:00,14955.85246
6916,Vidisha,31,23,Madhya Pradesh,12-01-2013 00:00,15010.67677
6917,West Nimar,27,23,Madhya Pradesh,12-01-2013 00:00,15161.63038
6918,Morena,2,23,Madhya Pradesh,12-01-2013 00:00,14916.90618
6919,Sheopur,1,23,Madhya Pradesh,12-01-2013 00:00,14977.21195
6920,Dindori,41,23,Madhya Pradesh,12-01-2013 00:00,14943.34576
6921,Mandla,42,23,Madhya Pradesh,12-01-2013 00:00,14946.36099
6922,Shahdol,16,23,Madhya Pradesh,12-01-2013 00:00,14917.80741
6923,Umaria,15,23,Madhya Pradesh,12-01-2013 00:00,14896.27548
6924,Hoshangabad,37,23,Madhya Pradesh,12-01-2013 00:00,14949.73143
6925,Indore,26,23,Madhya Pradesh,12-01-2013 00:00,15013.26467
6926,Jabalpur,39,23,Madhya Pradesh,12-01-2013 00:00,15000.4
6927,Jhabua,24,23,Madhya Pradesh,12-01-2013 00:00,15160.14512
6928,Mandsaur,19,23,Madhya Pradesh,12-01-2013 00:00,14955.50818
6929,Tikamgarh,8,23,Madhya Pradesh,12-01-2013 00:00,14984.38611
6930,Narsimhapur,40,23,Madhya Pradesh,12-01-2013 00:00,15006.55682
6931,Neemuch,18,23,Madhya Pradesh,12-01-2013 00:00,14996.32991
6932,Panna,10,23,Madhya Pradesh,12-01-2013 00:00,14983.46529
6933,Raisen,34,23,Madhya Pradesh,12-01-2013 00:00,15004.72397
6934,Rajgarh,30,23,Madhya Pradesh,12-01-2013 00:00,14998.84083
6935,Satna,13,23,Madhya Pradesh,12-01-2013 00:00,14951.58815
6936,Sehore,33,23,Madhya Pradesh,12-01-2013 00:00,14974.71023
6937,Seoni,44,23,Madhya Pradesh,12-01-2013 00:00,15020.24744
6938,Bhind,3,23,Madhya Pradesh,12-01-2013 00:00,14878.42595
6939,Bhopal,32,23,Madhya Pradesh,12-01-2013 00:00,14974.61941
6940,Barwani,28,23,Madhya Pradesh,12-01-2013 00:00,15241.91251
6941,Betul,35,23,Madhya Pradesh,12-01-2013 00:00,15057.451
6942,Balaghat,45,23,Madhya Pradesh,12-01-2013 00:00,14909.44088
6943,Chhatarpur,9,23,Madhya Pradesh,12-01-2013 00:00,14976.25298
6944,Chhindwara,43,23,Madhya Pradesh,12-01-2013 00:00,15030.62964
6945,Dewas,23,23,Madhya Pradesh,12-01-2013 00:00,14995.02826
6946,Katni,38,23,Madhya Pradesh,12-01-2013 00:00,14955.8302
6947,Datia,5,23,Madhya Pradesh,12-01-2013 00:00,14969.19084
6948,Damoh,12,23,Madhya Pradesh,12-01-2013 00:00,15035.89597
6949,Dhar,25,23,Madhya Pradesh,12-01-2013 00:00,15116.35241
6950,East Nimar,29,23,Madhya Pradesh,12-01-2013 00:00,15107.34772
6951,Guna,7,23,Madhya Pradesh,12-01-2013 00:00,15024.5583
6952,Gwalior,4,23,Madhya Pradesh,12-01-2013 00:00,14968.73257
6953,Harda,36,23,Madhya Pradesh,12-01-2013 00:00,14962.18307
6954,Sabar Kantha,5,24,Gujarat,12-01-2013 00:00,15049.07522
6955,Surendranagar,8,24,Gujarat,12-01-2013 00:00,15173.39404
6956,The Dangs,23,24,Gujarat,12-01-2013 00:00,15108.92479
6957,Vadodara,19,24,Gujarat,12-01-2013 00:00,15136.2028
6958,Valsad,25,24,Gujarat,12-01-2013 00:00,15155.85418
6959,Bharuch,21,24,Gujarat,12-01-2013 00:00,15199.7818
6960,Surat,22,24,Gujarat,12-01-2013 00:00,15158.17563
6961,Jamnagar,10,24,Gujarat,12-01-2013 00:00,15147.73317
6962,Kheda,16,24,Gujarat,12-01-2013 00:00,15087.59849
6963,Mahesana,4,24,Gujarat,12-01-2013 00:00,15107.76016
6964,Narmada,20,24,Gujarat,12-01-2013 00:00,15156.75295
6965,Navsari,24,24,Gujarat,12-01-2013 00:00,15153.77956
6966,Panch Mahals,17,24,Gujarat,12-01-2013 00:00,15064.63458
6967,Patan,3,24,Gujarat,12-01-2013 00:00,15152.08419
6968,Porbandar,11,24,Gujarat,12-01-2013 00:00,15155.33271
6969,Rajkot,9,24,Gujarat,12-01-2013 00:00,15121.33605
6970,Anand,15,24,Gujarat,12-01-2013 00:00,15124.48652
6971,Ahmadabad,7,24,Gujarat,12-01-2013 00:00,15180.49392
6972,Amreli,13,24,Gujarat,12-01-2013 00:00,15180.27271
6973,Bhavnagar,14,24,Gujarat,12-01-2013 00:00,15168.15354
6974,Banas Kantha,2,24,Gujarat,12-01-2013 00:00,15054.59642
6975,Dohad,18,24,Gujarat,12-01-2013 00:00,15065.02978
6976,Junagadh,12,24,Gujarat,12-01-2013 00:00,15120.61201
6977,Kachchh,1,24,Gujarat,12-01-2013 00:00,15175.42015
6978,Gandhinagar,6,24,Gujarat,12-01-2013 00:00,15120.47603
6979,Daman,2,25,Daman & Diu,12-01-2013 00:00,15109.24964
6980,Diu,1,25,Daman & Diu,12-01-2013 00:00,15079.26968
6981,Ratnagiri,32,27,Maharashtra,12-01-2013 00:00,15165.06428
6982,Raigarh,24,27,Maharashtra,12-01-2013 00:00,15179.19545
6983,Thane,21,27,Maharashtra,12-01-2013 00:00,15206.4131
6984,Solapur,30,27,Maharashtra,12-01-2013 00:00,15306.49267
6985,Sindhudurg,33,27,Maharashtra,12-01-2013 00:00,15188.50949
6986,Wardha,8,27,Maharashtra,12-01-2013 00:00,15148.64928
6987,Washim,6,27,Maharashtra,12-01-2013 00:00,15197.41473
6988,Yavatmal,14,27,Maharashtra,12-01-2013 00:00,15154.75022
6989,Hingoli,16,27,Maharashtra,12-01-2013 00:00,15202.63955
6990,Jalgaon,3,27,Maharashtra,12-01-2013 00:00,15176.13242
6991,Jalna,18,27,Maharashtra,12-01-2013 00:00,15148.38561
6992,Kolhapur,34,27,Maharashtra,12-01-2013 00:00,15103.02492
6993,Latur,28,27,Maharashtra,12-01-2013 00:00,15162.01375
6994,Pune,25,27,Maharashtra,12-01-2013 00:00,15160.17966
6995,Nagpur,9,27,Maharashtra,12-01-2013 00:00,15079.24785
6996,Mumbai,23,27,Maharashtra,12-01-2013 00:00,15195.11677
6997,Mumbai (Suburban),22,27,Maharashtra,12-01-2013 00:00,15203.1533
6998,Nanded,15,27,Maharashtra,12-01-2013 00:00,15181.49784
6999,Nandurbar,1,27,Maharashtra,12-01-2013 00:00,15217.09049
7000,Nashik,20,27,Maharashtra,12-01-2013 00:00,15217.81512
7001,Osmanabad,29,27,Maharashtra,12-01-2013 00:00,15286.86256
7002,Parbhani,17,27,Maharashtra,12-01-2013 00:00,15191.2488
7003,Sangli,35,27,Maharashtra,12-01-2013 00:00,15297.48313
7004,Satara,31,27,Maharashtra,12-01-2013 00:00,15183.22304
7005,Aurangabad,19,27,Maharashtra,12-01-2013 00:00,15158.76268
7006,Ahmadnagar,26,27,Maharashtra,12-01-2013 00:00,15235.10996
7007,Akola,5,27,Maharashtra,12-01-2013 00:00,15207.1511
7008,Amravati,7,27,Maharashtra,12-01-2013 00:00,15115.61799
7009,Bid,27,27,Maharashtra,12-01-2013 00:00,15195.30872
7010,Bhandara,10,27,Maharashtra,12-01-2013 00:00,15016.99825
7011,Buldana,4,27,Maharashtra,12-01-2013 00:00,15179.69321
7012,Chandrapur,13,27,Maharashtra,12-01-2013 00:00,15063.97398
7013,Dhule,2,27,Maharashtra,12-01-2013 00:00,15276.31089
7014,Gadchiroli,12,27,Maharashtra,12-01-2013 00:00,14949.83137
7015,Gondiya,11,27,Maharashtra,12-01-2013 00:00,14979.65375
7016,Rangareddi,6,28,Andhra Pradesh,12-01-2013 00:00,15129.12608
7017,Srikakulam,11,28,Andhra Pradesh,12-01-2013 00:00,15056.86507
7018,West Godavari,15,28,Andhra Pradesh,12-01-2013 00:00,15056.98426
7019,Visakhapatnam,13,28,Andhra Pradesh,12-01-2013 00:00,14931.46332
7020,Vizianagaram,12,28,Andhra Pradesh,12-01-2013 00:00,15034.71844
7021,Warangal,9,28,Andhra Pradesh,12-01-2013 00:00,15078.84059
7022,Hyderabad,5,28,Andhra Pradesh,12-01-2013 00:00,15100.03085
7023,Khammam,10,28,Andhra Pradesh,12-01-2013 00:00,15047.88658
7024,Medak,4,28,Andhra Pradesh,12-01-2013 00:00,15119.33086
7025,Krishna,16,28,Andhra Pradesh,12-01-2013 00:00,15071.17848
7026,Kurnool,21,28,Andhra Pradesh,12-01-2013 00:00,15203.7199
7027,Mahbubnagar,7,28,Andhra Pradesh,12-01-2013 00:00,15173.69345
7028,Nalgonda,8,28,Andhra Pradesh,12-01-2013 00:00,15122.76471
7029,Nellore,19,28,Andhra Pradesh,12-01-2013 00:00,15108.81189
7030,Nizamabad,2,28,Andhra Pradesh,12-01-2013 00:00,15137.12479
7031,Prakasam,18,28,Andhra Pradesh,12-01-2013 00:00,15100.13802
7032,Anantapur,22,28,Andhra Pradesh,12-01-2013 00:00,15289.47689
7033,Adilabad,1,28,Andhra Pradesh,12-01-2013 00:00,15101.97174
7034,Chittoor,23,28,Andhra Pradesh,12-01-2013 00:00,15099.27223
7035,Cuddapah,20,28,Andhra Pradesh,12-01-2013 00:00,15131.94737
7036,East Godavari,14,28,Andhra Pradesh,12-01-2013 00:00,14989.37798
7037,Karimnagar,3,28,Andhra Pradesh,12-01-2013 00:00,15116.14141
7038,Guntur,17,28,Andhra Pradesh,12-01-2013 00:00,15072.54892
7039,Shimoga,15,29,Karnataka,12-01-2013 00:00,15045.87348
7040,Tumkur,18,29,Karnataka,12-01-2013 00:00,15179.63864
7041,Udupi,16,29,Karnataka,12-01-2013 00:00,15121.91392
7042,Uttara Kannada,10,29,Karnataka,12-01-2013 00:00,14983.22811
7043,Hassan,23,29,Karnataka,12-01-2013 00:00,15077.53103
7044,Haveri,11,29,Karnataka,12-01-2013 00:00,15273.75123
7045,Kodagu,25,29,Karnataka,12-01-2013 00:00,14898.8315
7046,Kolar,19,29,Karnataka,12-01-2013 00:00,15167.08419
7047,Mandya,22,29,Karnataka,12-01-2013 00:00,15094.20617
7048,Koppal,7,29,Karnataka,12-01-2013 00:00,15287.23957
7049,Mysore,26,29,Karnataka,12-01-2013 00:00,15124.3832
7050,Raichur,6,29,Karnataka,12-01-2013 00:00,15246.75324
7051,Bagalkot,2,29,Karnataka,12-01-2013 00:00,15243.83436
7052,Bangalore,20,29,Karnataka,12-01-2013 00:00,15083.92739
7053,Bidar,5,29,Karnataka,12-01-2013 00:00,15188.53643
7054,Bijapur,3,29,Karnataka,12-01-2013 00:00,15325.37429
7055,Belgaum,1,29,Karnataka,12-01-2013 00:00,15207.10645
7056,Bellary,12,29,Karnataka,12-01-2013 00:00,15252.62549
7057,Bangalore Rural,21,29,Karnataka,12-01-2013 00:00,15129.0878
7058,Chamarajanagar,27,29,Karnataka,12-01-2013 00:00,15108.49518
7059,Chikmagalur,17,29,Karnataka,12-01-2013 00:00,15017.17078
7060,Chitradurga,13,29,Karnataka,12-01-2013 00:00,15299.36401
7061,Dakshina Kannada,24,29,Karnataka,12-01-2013 00:00,15083.51212
7062,Davanagere,14,29,Karnataka,12-01-2013 00:00,15257.40961
7063,Dharwad,9,29,Karnataka,12-01-2013 00:00,15248.1172
7064,Gulbarga,4,29,Karnataka,12-01-2013 00:00,15273.24075
7065,Gadag,8,29,Karnataka,12-01-2013 00:00,15345.72564
7066,South Goa,2,30,Goa,12-01-2013 00:00,15099.02526
7067,North Goa,1,30,Goa,12-01-2013 00:00,15156.03412
7068,Thrissur,7,32,Kerala,12-01-2013 00:00,15065.3095
7069,Thiruvananthapuram,14,32,Kerala,12-01-2013 00:00,15079.97527
7070,Wayanad,3,32,Kerala,12-01-2013 00:00,14895.21691
7071,Idukki,9,32,Kerala,12-01-2013 00:00,14867.48213
7072,Kollam,13,32,Kerala,12-01-2013 00:00,15033.46106
7073,Kottayam,10,32,Kerala,12-01-2013 00:00,15099.0371
7074,Kozhikode,4,32,Kerala,12-01-2013 00:00,15074.62813
7075,Malappuram,5,32,Kerala,12-01-2013 00:00,15050.08569
7076,Palakkad,6,32,Kerala,12-01-2013 00:00,14991.58171
7077,Pathanamthitta,12,32,Kerala,12-01-2013 00:00,14981.79451
7078,Alappuzha,11,32,Kerala,12-01-2013 00:00,15097.24919
7079,Kasaragod,1,32,Kerala,12-01-2013 00:00,15138.16389
7080,Kannur,2,32,Kerala,12-01-2013 00:00,15115.93514
7081,Ernakulam,8,32,Kerala,12-01-2013 00:00,15125.49286
7082,Sivaganga,23,33,Tamil Nadu,12-01-2013 00:00,15241.048
7083,Tiruchirappalli,15,33,Tamil Nadu,12-01-2013 00:00,15155.27804
7084,Tirunelveli,29,33,Tamil Nadu,12-01-2013 00:00,15107.66211
7085,Tiruvannamalai,6,33,Tamil Nadu,12-01-2013 00:00,15096.47624
7086,Thoothukkudi,28,33,Tamil Nadu,12-01-2013 00:00,15271.62406
7087,Theni,25,33,Tamil Nadu,12-01-2013 00:00,15056.71611
7088,Vellore,4,33,Tamil Nadu,12-01-2013 00:00,15097.04703
7089,Viluppuram,7,33,Tamil Nadu,12-01-2013 00:00,15083.45425
7090,Virudhunagar,26,33,Tamil Nadu,12-01-2013 00:00,15241.84342
7091,Chennai,2,33,Tamil Nadu,12-01-2013 00:00,15165.63097
7092,Kancheepuram,3,33,Tamil Nadu,12-01-2013 00:00,15096.30319
7093,Thiruvallur,1,33,Tamil Nadu,12-01-2013 00:00,15083.07218
7094,Thanjavur,21,33,Tamil Nadu,12-01-2013 00:00,15061.25242
7095,Thiruvarur,20,33,Tamil Nadu,12-01-2013 00:00,14978.69662
7096,Nagapattinam,19,33,Tamil Nadu,12-01-2013 00:00,14994.7174
7097,Kanniyakumari,30,33,Tamil Nadu,12-01-2013 00:00,15032.29409
7098,Karur,14,33,Tamil Nadu,12-01-2013 00:00,15256.13363
7099,Madurai,24,33,Tamil Nadu,12-01-2013 00:00,15205.13853
7100,Namakkal,9,33,Tamil Nadu,12-01-2013 00:00,15187.6278
7101,The Nilgiris,11,33,Tamil Nadu,12-01-2013 00:00,14851.03613
7102,Perambalur,16,33,Tamil Nadu,12-01-2013 00:00,15139.15968
7103,Pudukkottai,22,33,Tamil Nadu,12-01-2013 00:00,15205.0927
7104,Ramanathapuram,27,33,Tamil Nadu,12-01-2013 00:00,15228.07679
7105,Salem,8,33,Tamil Nadu,12-01-2013 00:00,15108.05524
7106,Ariyalur,17,33,Tamil Nadu,12-01-2013 00:00,15109.35
7107,Coimbatore,12,33,Tamil Nadu,12-01-2013 00:00,15101.61157
7108,Cuddalore,18,33,Tamil Nadu,12-01-2013 00:00,15062.70208
7109,Dharmapuri,5,33,Tamil Nadu,12-01-2013 00:00,15075.92801
7110,Dindigul,13,33,Tamil Nadu,12-01-2013 00:00,15081.11948
7111,Erode,10,33,Tamil Nadu,12-01-2013 00:00,15137.33375
7112,Yanam,1,34,Puducherry,12-01-2013 00:00,15062.29674
7113,Karaikal,4,34,Puducherry,12-01-2013 00:00,15042.33628
7114,Mahe,3,34,Puducherry,12-01-2013 00:00,15121.78597
7115,Pondicherry,2,34,Puducherry,12-01-2013 00:00,15053.72168
7116,Nicobars,2,35,Andaman & Nicobar Island,12-01-2013 00:00,14865.92991
7117,Andamans,1,35,Andaman & Nicobar Island,12-01-2013 00:00,14935.57117
0,Jammu,13,1,Jammu and Kashmir,01-01-2014,14493.6254
1,Kargil,8,1,Jammu and Kashmir,01-01-2014,12988.45769
2,Kathua,14,1,Jammu and Kashmir,01-01-2014,14378.00039
3,Leh (Ladakh),7,1,Jammu and Kashmir,01-01-2014,13213.94122
4,Kupwara,1,1,Jammu and Kashmir,01-01-2014,13547.47711
5,Punch,11,1,Jammu and Kashmir,01-01-2014,14071.94574
6,Pulwama,5,1,Jammu and Kashmir,01-01-2014,13691.75892
7,Rajauri,12,1,Jammu and Kashmir,01-01-2014,14314.64408
8,Srinagar,3,1,Jammu and Kashmir,01-01-2014,13431.27878
9,Udhampur,10,1,Jammu and Kashmir,01-01-2014,14157.0697
10,Anantnag,6,1,Jammu and Kashmir,01-01-2014,13388.42494
11,Badgam,4,1,Jammu and Kashmir,01-01-2014,13563.25871
12,Baramula,2,1,Jammu and Kashmir,01-01-2014,13466.65479
13,Doda,9,1,Jammu and Kashmir,01-01-2014,13381.21157
14,Kangra,2,2,Himachal Pradesh,01-01-2014,14181.65318
15,Kinnaur,12,2,Himachal Pradesh,01-01-2014,13231.05935
16,Lahul & Spiti,3,2,Himachal Pradesh,01-01-2014,12949.17139
17,Kullu,4,2,Himachal Pradesh,01-01-2014,13568.31929
18,Mandi,5,2,Himachal Pradesh,01-01-2014,14252.29632
19,Shimla,11,2,Himachal Pradesh,01-01-2014,14043.95922
20,Sirmaur,10,2,Himachal Pradesh,01-01-2014,14412.55608
21,Solan,9,2,Himachal Pradesh,01-01-2014,14447.38228
22,Una,7,2,Himachal Pradesh,01-01-2014,14510.80478
23,Bilaspur,8,2,Himachal Pradesh,01-01-2014,14440.10342
24,Chamba,1,2,Himachal Pradesh,01-01-2014,13624.27638
25,Hamirpur,6,2,Himachal Pradesh,01-01-2014,14441.88783
26,Hoshiarpur,5,3,Punjab,01-01-2014,14494.37091
27,Jalandhar,4,3,Punjab,01-01-2014,14473.1316
28,Kapurthala,3,3,Punjab,01-01-2014,14446.93501
29,Ludhiana,9,3,Punjab,01-01-2014,14506.24098
30,Mansa,15,3,Punjab,01-01-2014,14541.56562
31,Moga,10,3,Punjab,01-01-2014,14465.34664
32,Muktsar,12,3,Punjab,01-01-2014,14498.96614
33,Nawanshahr,6,3,Punjab,01-01-2014,14486.26613
34,Patiala,17,3,Punjab,01-01-2014,14505.90549
35,Sangrur,16,3,Punjab,01-01-2014,14491.00132
36,Rupnagar,7,3,Punjab,01-01-2014,14508.40734
37,Amritsar,2,3,Punjab,01-01-2014,14456.51071
38,Firozpur,11,3,Punjab,01-01-2014,14491.02551
39,Bathinda,14,3,Punjab,01-01-2014,14528.1108
40,Gurdaspur,1,3,Punjab,01-01-2014,14451.64165
41,Faridkot,13,3,Punjab,01-01-2014,14465.40085
42,Fatehgarh Sahib,8,3,Punjab,01-01-2014,14501.3455
43,Chandigarh,1,4,Chandigarh,01-01-2014,14550.55388
44,Hardwar,13,5,Uttarakhand,01-01-2014,14560.01627
45,Nainital,11,5,Uttarakhand,01-01-2014,14475.7344
46,Pithoragarh,7,5,Uttarakhand,01-01-2014,13698.16352
47,Rudraprayag,3,5,Uttarakhand,01-01-2014,14028.64416
48,Tehri Garhwal,4,5,Uttarakhand,01-01-2014,14209.79137
49,Udham Singh Nagar,12,5,Uttarakhand,01-01-2014,14586.69924
50,Uttarkashi,1,5,Uttarakhand,01-01-2014,13607.2687
51,Bageshwar,8,5,Uttarakhand,01-01-2014,14125.0629
52,Almora,9,5,Uttarakhand,01-01-2014,14380.96822
53,Chamoli,2,5,Uttarakhand,01-01-2014,13607.82766
54,Champawat,10,5,Uttarakhand,01-01-2014,14400.71463
55,Dehradun,5,5,Uttarakhand,01-01-2014,14434.10787
56,Garhwal,6,5,Uttarakhand,01-01-2014,14400.51585
57,Hisar,12,6,Haryana,01-01-2014,14570.93609
58,Jind,9,6,Haryana,01-01-2014,14553.27391
59,Kaithal,5,6,Haryana,01-01-2014,14506.49305
60,Karnal,6,6,Haryana,01-01-2014,14509.81389
61,Kurukshetra,4,6,Haryana,01-01-2014,14507.50043
62,Panchkula,1,6,Haryana,01-01-2014,14538.8039
63,Panipat,7,6,Haryana,01-01-2014,14544.97548
64,Rohtak,14,6,Haryana,01-01-2014,14585.15116
65,Sirsa,11,6,Haryana,01-01-2014,14555.64025
66,Sonipat,8,6,Haryana,01-01-2014,14556.70426
67,Yamunanagar,3,6,Haryana,01-01-2014,14539.37881
68,Jhajjar,15,6,Haryana,01-01-2014,14537.67624
69,Mahendragarh,16,6,Haryana,01-01-2014,14591.33502
70,Rewari,17,6,Haryana,01-01-2014,14516.11189
71,Bhiwani,13,6,Haryana,01-01-2014,14596.89561
72,Ambala,2,6,Haryana,01-01-2014,14516.46085
73,Gurgaon,18,6,Haryana,01-01-2014,14543.24081
74,Faridabad,19,6,Haryana,01-01-2014,14512.30338
75,Fatehabad,10,6,Haryana,01-01-2014,14529.65238
76,Central,6,7,Delhi  & NCR,01-01-2014,14615.95879
77,East,4,7,Delhi  & NCR,01-01-2014,14589.57565
78,New Delhi,5,7,Delhi  & NCR,01-01-2014,14599.48871
79,North,2,7,Delhi  & NCR,01-01-2014,14572.76165
80,North East,3,7,Delhi  & NCR,01-01-2014,14570.07247
81,North West,1,7,Delhi  & NCR,01-01-2014,14583.64412
82,South,9,7,Delhi  & NCR,01-01-2014,14580.27332
83,South West,8,7,Delhi  & NCR,01-01-2014,14564.11889
84,West,7,7,Delhi  & NCR,01-01-2014,14573.31839
85,Jaipur,12,8,Rajasthan,01-01-2014,14751.99699
86,Jaisalmer,16,8,Rajasthan,01-01-2014,15146.23186
87,Jalor,18,8,Rajasthan,01-01-2014,15021.41121
88,Jhalawar,32,8,Rajasthan,01-01-2014,14781.41766
89,Jhunjhunun,5,8,Rajasthan,01-01-2014,14810.60193
90,Jodhpur,15,8,Rajasthan,01-01-2014,15055.81941
91,Kota,30,8,Rajasthan,01-01-2014,14680.16516
92,Nagaur,14,8,Rajasthan,01-01-2014,14959.91665
93,Pali,20,8,Rajasthan,01-01-2014,15028.6519
94,Rajsamand,25,8,Rajasthan,01-01-2014,14828.62934
95,Sawai Madhopur,10,8,Rajasthan,01-01-2014,14620.28382
96,Sirohi,19,8,Rajasthan,01-01-2014,14956.74398
97,Tonk,22,8,Rajasthan,01-01-2014,14673.9164
98,Sikar,13,8,Rajasthan,01-01-2014,14830.51343
99,Alwar,6,8,Rajasthan,01-01-2014,14592.88893
100,Udaipur,26,8,Rajasthan,01-01-2014,14877.07306
101,Ganganagar,1,8,Rajasthan,01-01-2014,14705.54948
102,Hanumangarh,2,8,Rajasthan,01-01-2014,14745.21942
103,Baran,31,8,Rajasthan,01-01-2014,14719.14758
104,Ajmer,21,8,Rajasthan,01-01-2014,14830.0607
105,Banswara,28,8,Rajasthan,01-01-2014,14935.2112
106,Barmer,17,8,Rajasthan,01-01-2014,15119.62839
107,Bhilwara,24,8,Rajasthan,01-01-2014,14802.08818
108,Bikaner,3,8,Rajasthan,01-01-2014,15044.42586
109,Bharatpur,7,8,Rajasthan,01-01-2014,14554.79065
110,Bundi,23,8,Rajasthan,01-01-2014,14702.26365
111,Chittaurgarh,29,8,Rajasthan,01-01-2014,14774.80854
112,Churu,4,8,Rajasthan,01-01-2014,14986.50884
113,Dausa,11,8,Rajasthan,01-01-2014,14635.11985
114,Dhaulpur,8,8,Rajasthan,01-01-2014,14610.42702
115,Dungarpur,27,8,Rajasthan,01-01-2014,14904.31421
116,Karauli,9,8,Rajasthan,01-01-2014,14657.43732
117,Hathras,13,9,Uttar Pradesh,01-01-2014,14510.89912
118,Jalaun,35,9,Uttar Pradesh,01-01-2014,14575.06189
119,Jaunpur,64,9,Uttar Pradesh,01-01-2014,14614.62871
120,Jhansi,36,9,Uttar Pradesh,01-01-2014,14658.7003
121,Jyotiba Phule Nagar,6,9,Uttar Pradesh,01-01-2014,14549.26361
122,Kannauj,30,9,Uttar Pradesh,01-01-2014,14565.07011
123,Kanpur Nagar,34,9,Uttar Pradesh,01-01-2014,14610.01872
124,Kaushambi,44,9,Uttar Pradesh,01-01-2014,14643.81028
125,Kheri,23,9,Uttar Pradesh,01-01-2014,14650.37175
126,Mirzapur,69,9,Uttar Pradesh,01-01-2014,14720.89555
127,Moradabad,4,9,Uttar Pradesh,01-01-2014,14600.61239
128,Muzaffarnagar,2,9,Uttar Pradesh,01-01-2014,14555.31999
129,Rae Bareli,28,9,Uttar Pradesh,01-01-2014,14602.58774
130,Kushinagar,59,9,Uttar Pradesh,01-01-2014,14629.58338
131,Lucknow,27,9,Uttar Pradesh,01-01-2014,14643.31037
132,Lalitpur,37,9,Uttar Pradesh,01-01-2014,14648.86414
133,Mahrajganj,57,9,Uttar Pradesh,01-01-2014,14612.70635
134,Mahoba,39,9,Uttar Pradesh,01-01-2014,14639.33421
135,Mainpuri,18,9,Uttar Pradesh,01-01-2014,14548.48713
136,Mathura,14,9,Uttar Pradesh,01-01-2014,14508.47993
137,Mau,62,9,Uttar Pradesh,01-01-2014,14657.51011
138,Meerut,7,9,Uttar Pradesh,01-01-2014,14577.71992
139,Pilibhit,21,9,Uttar Pradesh,01-01-2014,14615.83629
140,Pratapgarh,43,9,Uttar Pradesh,01-01-2014,14642.57133
141,Rampur,5,9,Uttar Pradesh,01-01-2014,14600.91225
142,Sant Ravidas Nagar Bhadohi,68,9,Uttar Pradesh,01-01-2014,14667.95534
143,Sant Kabir Nagar,56,9,Uttar Pradesh,01-01-2014,14614.58519
144,Shahjahanpur,22,9,Uttar Pradesh,01-01-2014,14623.21901
145,Shrawasti,51,9,Uttar Pradesh,01-01-2014,14670.77828
146,Saharanpur,1,9,Uttar Pradesh,01-01-2014,14538.91579
147,Sitapur,24,9,Uttar Pradesh,01-01-2014,14678.2118
148,Sultanpur,49,9,Uttar Pradesh,01-01-2014,14580.75776
149,Sonbhadra,70,9,Uttar Pradesh,01-01-2014,14721.71735
150,Siddharthnagar,54,9,Uttar Pradesh,01-01-2014,14624.23753
151,Unnao,26,9,Uttar Pradesh,01-01-2014,14596.21465
152,Varanasi,67,9,Uttar Pradesh,01-01-2014,14611.30202
153,Bulandshahr,11,9,Uttar Pradesh,01-01-2014,14517.08231
154,Gautam Buddha Nagar,10,9,Uttar Pradesh,01-01-2014,14517.54342
155,Ghaziabad,9,9,Uttar Pradesh,01-01-2014,14569.65071
156,Auraiya,32,9,Uttar Pradesh,01-01-2014,14556.76095
157,Azamgarh,61,9,Uttar Pradesh,01-01-2014,14659.41633
158,Budaun,19,9,Uttar Pradesh,01-01-2014,14587.20232
159,Agra,15,9,Uttar Pradesh,01-01-2014,14527.51762
160,Aligarh,12,9,Uttar Pradesh,01-01-2014,14518.42
161,Allahabad,45,9,Uttar Pradesh,01-01-2014,14699.28742
162,Ambedkar Nagar,48,9,Uttar Pradesh,01-01-2014,14632.46796
163,Bareilly,20,9,Uttar Pradesh,01-01-2014,14620.94614
164,Bijnor,3,9,Uttar Pradesh,01-01-2014,14579.67964
165,Basti,55,9,Uttar Pradesh,01-01-2014,14609.02284
166,Baghpat,8,9,Uttar Pradesh,01-01-2014,14587.26136
167,Bahraich,50,9,Uttar Pradesh,01-01-2014,14654.42366
168,Ballia,63,9,Uttar Pradesh,01-01-2014,14678.14325
169,Balrampur,52,9,Uttar Pradesh,01-01-2014,14693.5139
170,Banda,40,9,Uttar Pradesh,01-01-2014,14620.38773
171,Barabanki,46,9,Uttar Pradesh,01-01-2014,14620.00141
172,Chitrakoot,41,9,Uttar Pradesh,01-01-2014,14672.89548
173,Chandauli,66,9,Uttar Pradesh,01-01-2014,14711.30711
174,Deoria,60,9,Uttar Pradesh,01-01-2014,14641.51977
175,Etah,17,9,Uttar Pradesh,01-01-2014,14523.48301
176,Kanpur Dehat,33,9,Uttar Pradesh,01-01-2014,14571.22292
177,Etawah,31,9,Uttar Pradesh,01-01-2014,14557.8262
178,Faizabad,47,9,Uttar Pradesh,01-01-2014,14608.809
179,Ghazipur,65,9,Uttar Pradesh,01-01-2014,14668.53645
180,Gonda,53,9,Uttar Pradesh,01-01-2014,14657.85078
181,Gorakhpur,58,9,Uttar Pradesh,01-01-2014,14616.59429
182,Farrukhabad,29,9,Uttar Pradesh,01-01-2014,14529.03401
183,Fatehpur,42,9,Uttar Pradesh,01-01-2014,14619.39011
184,Firozabad,16,9,Uttar Pradesh,01-01-2014,14520.28082
185,Hamirpur,38,9,Uttar Pradesh,01-01-2014,14580.19909
186,Hardoi,25,9,Uttar Pradesh,01-01-2014,14602.00195
187,Jamui,37,10,Bihar,01-01-2014,14767.82962
188,Kishanganj,8,10,Bihar,01-01-2014,14795.85278
189,Muzaffarpur,14,10,Bihar,01-01-2014,14645.735
190,Purnia,9,10,Bihar,01-01-2014,14730.51549
191,Khagaria,21,10,Bihar,01-01-2014,14652.87733
192,Madhubani,5,10,Bihar,01-01-2014,14694.42567
193,Lakhisarai,25,10,Bihar,01-01-2014,14687.43693
194,Madhepura,11,10,Bihar,01-01-2014,14684.92329
195,Purba Champaran,2,10,Bihar,01-01-2014,14646.81943
196,Munger,24,10,Bihar,01-01-2014,14689.66996
197,Nalanda,27,10,Bihar,01-01-2014,14726.05131
198,Nawada,36,10,Bihar,01-01-2014,14725.39206
199,Pashchim Champaran,1,10,Bihar,01-01-2014,14664.94987
200,Patna,28,10,Bihar,01-01-2014,14732.3131
201,Samastipur,19,10,Bihar,01-01-2014,14628.42176
202,Sheikhpura,26,10,Bihar,01-01-2014,14732.04388
203,Sheohar,3,10,Bihar,01-01-2014,14603.26046
204,Saharsa,12,10,Bihar,01-01-2014,14660.21971
205,Sitamarhi,4,10,Bihar,01-01-2014,14655.70128
206,Siwan,16,10,Bihar,01-01-2014,14606.33393
207,Supaul,6,10,Bihar,01-01-2014,14691.50241
208,Vaishali,18,10,Bihar,01-01-2014,14632.50505
209,Kaimur (Bhabua),31,10,Bihar,01-01-2014,14723.71867
210,Gaya,35,10,Bihar,01-01-2014,14773.79448
211,Bhojpur,29,10,Bihar,01-01-2014,14736.60409
212,Buxar,30,10,Bihar,01-01-2014,14720.41964
213,Jehanabad,33,10,Bihar,01-01-2014,14734.84181
214,Rohtas,32,10,Bihar,01-01-2014,14730.43817
215,Araria,7,10,Bihar,01-01-2014,14738.15472
216,Aurangabad,34,10,Bihar,01-01-2014,14785.49168
217,Banka,23,10,Bihar,01-01-2014,14816.19339
218,Bhagalpur,22,10,Bihar,01-01-2014,14693.49886
219,Begusarai,20,10,Bihar,01-01-2014,14656.87085
220,Saran,17,10,Bihar,01-01-2014,14676.24139
221,Katihar,10,10,Bihar,01-01-2014,14708.05742
222,Darbhanga,13,10,Bihar,01-01-2014,14672.77698
223,Gopalganj,15,10,Bihar,01-01-2014,14633.20599
224,North,1,11,Sikkim,01-01-2014,13763.70855
225,South,3,11,Sikkim,01-01-2014,14337.39799
226,West,2,11,Sikkim,01-01-2014,14169.42775
227,East,4,11,Sikkim,01-01-2014,14265.62405
228,Lohit,11,12,Arunanchal Pradesh,01-01-2014,14178.05004
229,Lower Subansiri,5,12,Arunanchal Pradesh,01-01-2014,14147.42053
230,Papum Pare,4,12,Arunanchal Pradesh,01-01-2014,14401.46698
231,Tawang,1,12,Arunanchal Pradesh,01-01-2014,14002.60503
232,Tirap,13,12,Arunanchal Pradesh,01-01-2014,14545.5144
233,West Kameng,2,12,Arunanchal Pradesh,01-01-2014,14233.96482
234,West Siang,7,12,Arunanchal Pradesh,01-01-2014,14207.31334
235,Upper Siang,9,12,Arunanchal Pradesh,01-01-2014,14053.5405
236,Upper Subansiri,6,12,Arunanchal Pradesh,01-01-2014,14052.77368
237,Changlang,12,12,Arunanchal Pradesh,01-01-2014,14465.26557
238,Dibang Valley,10,12,Arunanchal Pradesh,01-01-2014,13980.75558
239,East Kameng,3,12,Arunanchal Pradesh,01-01-2014,14247.03988
240,East Siang,8,12,Arunanchal Pradesh,01-01-2014,14524.91829
241,Mokokchung,3,13,Nagaland,01-01-2014,14581.29761
242,Mon,1,13,Nagaland,01-01-2014,14606.43545
243,Phek,8,13,Nagaland,01-01-2014,14412.23403
244,Tuensang,2,13,Nagaland,01-01-2014,14436.64033
245,Wokha,5,13,Nagaland,01-01-2014,14591.9027
246,Zunheboto,4,13,Nagaland,01-01-2014,14477.83306
247,Dimapur,6,13,Nagaland,01-01-2014,14728.49348
248,Kohima,7,13,Nagaland,01-01-2014,14552.25403
249,Imphal East,7,14,Manipur,01-01-2014,14719.56493
250,Imphal West,6,14,Manipur,01-01-2014,14694.98745
251,Senapati (Excl. 3 sub-divisions),1,14,Manipur,01-01-2014,14525.56663
252,Tamenglong,2,14,Manipur,01-01-2014,14545.81552
253,Thoubal,5,14,Manipur,01-01-2014,14685.32926
254,Ukhrul,8,14,Manipur,01-01-2014,14520.24066
255,Bishnupur,4,14,Manipur,01-01-2014,14644.38343
256,Chandel,9,14,Manipur,01-01-2014,14591.52385
257,Churachandpur,3,14,Manipur,01-01-2014,14572.25657
258,Kolasib,2,15,Mizoram,01-01-2014,14687.42609
259,Mamit,1,15,Mizoram,01-01-2014,14704.27189
260,Lunglei,6,15,Mizoram,01-01-2014,14655.97424
261,Lawngtlai,7,15,Mizoram,01-01-2014,14723.42515
262,Saiha,8,15,Mizoram,01-01-2014,14642.52324
263,Serchhip,5,15,Mizoram,01-01-2014,14612.06698
264,Aizawl,3,15,Mizoram,01-01-2014,14645.27665
265,Champhai,4,15,Mizoram,01-01-2014,14579.98643
266,North Tripura,4,16,Tripura,01-01-2014,14787.40697
267,South Tripura,2,16,Tripura,01-01-2014,14834.23603
268,West Tripura,1,16,Tripura,01-01-2014,14847.91273
269,Dhalai,3,16,Tripura,01-01-2014,14788.45139
270,Jaintia Hills,7,17,Meghalaya,01-01-2014,14686.19673
271,Ri Bhoi,5,17,Meghalaya,01-01-2014,14670.57003
272,South Garo Hills,3,17,Meghalaya,01-01-2014,14724.69592
273,West Garo Hills,1,17,Meghalaya,01-01-2014,14765.96159
274,West Khasi Hills,4,17,Meghalaya,01-01-2014,14641.41762
275,East Garo Hills,2,17,Meghalaya,01-01-2014,14706.62523
276,East Khasi Hills,6,17,Meghalaya,01-01-2014,14634.87332
277,Jorhat,17,18,Assam,01-01-2014,14790.64026
278,Karimganj,22,18,Assam,01-01-2014,14826.80726
279,Kokrajhar,1,18,Assam,01-01-2014,14825.80102
280,Lakhimpur,12,18,Assam,01-01-2014,14817.49078
281,Nagaon,10,18,Assam,01-01-2014,14814.73813
282,Marigaon,9,18,Assam,01-01-2014,14847.46971
283,Nalbari,7,18,Assam,01-01-2014,14844.58528
284,North Cachar Hills,20,18,Assam,01-01-2014,14653.29665
285,Sonitpur,11,18,Assam,01-01-2014,14844.47232
286,Sibsagar,16,18,Assam,01-01-2014,14767.00281
287,Tinsukia,14,18,Assam,01-01-2014,14742.65214
288,Barpeta,5,18,Assam,01-01-2014,14822.66243
289,Bongaigaon,4,18,Assam,01-01-2014,14813.67345
290,Cachar,21,18,Assam,01-01-2014,14790.23338
291,Darrang,8,18,Assam,01-01-2014,14854.53269
292,Dhemaji,13,18,Assam,01-01-2014,14830.83768
293,Dhubri,2,18,Assam,01-01-2014,14800.85599
294,Dibrugarh,15,18,Assam,01-01-2014,14778.29597
295,Kamrup,6,18,Assam,01-01-2014,14783.759
296,Karbi Anglong,19,18,Assam,01-01-2014,14685.56715
297,Goalpara,3,18,Assam,01-01-2014,14797.62318
298,Golaghat,18,18,Assam,01-01-2014,14798.03647
299,Hailakandi,23,18,Assam,01-01-2014,14798.16676
300,Hugli,12,19,West Bengal,01-01-2014,14814.63678
301,Jalpaiguri,2,19,West Bengal,01-01-2014,14800.79599
302,Koch Bihar,3,19,West Bengal,01-01-2014,14773.08395
303,Murshidabad,7,19,West Bengal,01-01-2014,14767.34938
304,Puruliya,14,19,West Bengal,01-01-2014,14886.54491
305,Kolkata,17,19,West Bengal,01-01-2014,14920.50257
306,Maldah,6,19,West Bengal,01-01-2014,14723.9527
307,Nadia,10,19,West Bengal,01-01-2014,14783.95803
308,North Twenty Four Parganas,11,19,West Bengal,01-01-2014,14784.28614
309,Medinipur,15,19,West Bengal,01-01-2014,14861.50502
310,South  Twenty Four Parganas,18,19,West Bengal,01-01-2014,14826.54724
311,Uttar Dinajpur,4,19,West Bengal,01-01-2014,14759.6398
312,Barddhaman,9,19,West Bengal,01-01-2014,14860.67943
313,Birbhum,8,19,West Bengal,01-01-2014,14860.83388
314,Bankura,13,19,West Bengal,01-01-2014,14870.75327
315,Dakshin Dinajpur,5,19,West Bengal,01-01-2014,14749.11984
316,Darjiling,1,19,West Bengal,01-01-2014,14576.65881
317,Haora,16,19,West Bengal,01-01-2014,14810.12148
318,Purbi Singhbhum,18,20,Jharkhand,01-01-2014,14905.27031
319,Lohardaga,15,20,Jharkhand,01-01-2014,14766.22523
320,Pakaur,10,20,Jharkhand,01-01-2014,14881.52545
321,Pashchimi Singhbhum,17,20,Jharkhand,01-01-2014,14862.17217
322,Ranchi,14,20,Jharkhand,01-01-2014,14833.94174
323,Sahibganj,9,20,Jharkhand,01-01-2014,14756.65691
324,Garhwa,1,20,Jharkhand,01-01-2014,14726.61832
325,Palamu,2,20,Jharkhand,01-01-2014,14728.60589
326,Chatra,3,20,Jharkhand,01-01-2014,14735.80161
327,Hazaribagh,4,20,Jharkhand,01-01-2014,14758.70307
328,Kodarma,5,20,Jharkhand,01-01-2014,14749.20539
329,Bokaro,13,20,Jharkhand,01-01-2014,14820.67108
330,Deoghar,7,20,Jharkhand,01-01-2014,14871.87744
331,Dhanbad,12,20,Jharkhand,01-01-2014,14848.62239
332,Dumka,11,20,Jharkhand,01-01-2014,14860.31205
333,Giridih,6,20,Jharkhand,01-01-2014,14816.29809
334,Godda,8,20,Jharkhand,01-01-2014,14793.74268
335,Gumla,16,20,Jharkhand,01-01-2014,14857.93458
336,Jajapur,13,21,Orissa,01-01-2014,15044.03603
337,Jagatsinghapur,11,21,Orissa,01-01-2014,15059.76821
338,Jharsuguda,2,21,Orissa,01-01-2014,14938.6963
339,Khordha,17,21,Orissa,01-01-2014,15068.84245
340,Mayurbhanj,7,21,Orissa,01-01-2014,14894.24803
341,Puri,18,21,Orissa,01-01-2014,15051.25409
342,Koraput,29,21,Orissa,01-01-2014,15030.70058
343,Malkangiri,30,21,Orissa,01-01-2014,15028.75972
344,Nabarangapur,28,21,Orissa,01-01-2014,15090.00598
345,Nayagarh,16,21,Orissa,01-01-2014,14982.80248
346,Nuapada,25,21,Orissa,01-01-2014,15038.60776
347,Kandhamal,21,21,Orissa,01-01-2014,14885.79213
348,Sambalpur,3,21,Orissa,01-01-2014,14914.45276
349,Rayagada,27,21,Orissa,01-01-2014,14980.98585
350,Sundargarh,5,21,Orissa,01-01-2014,14892.28289
351,Sonapur,23,21,Orissa,01-01-2014,15019.78207
352,Anugul,15,21,Orissa,01-01-2014,14945.16189
353,Bhadrak,9,21,Orissa,01-01-2014,15030.03336
354,Baudh,22,21,Orissa,01-01-2014,14967.27194
355,Balangir,24,21,Orissa,01-01-2014,15044.94867
356,Baleshwar,8,21,Orissa,01-01-2014,14961.14357
357,Bargarh,1,21,Orissa,01-01-2014,14996.71996
358,Kendrapara,10,21,Orissa,01-01-2014,15006.33157
359,Kendujhar,6,21,Orissa,01-01-2014,14945.92047
360,Debagarh,4,21,Orissa,01-01-2014,14892.2956
361,Cuttack,12,21,Orissa,01-01-2014,15032.85971
362,Dhenkanal,14,21,Orissa,01-01-2014,14995.8477
363,Kalahandi,26,21,Orissa,01-01-2014,15017.15219
364,Ganjam,19,21,Orissa,01-01-2014,15065.18596
365,Gajapati,20,21,Orissa,01-01-2014,14952.80814
366,Jashpur,3,22,Chhattisgarh,01-01-2014,14871.52713
367,Koriya,1,22,Chhattisgarh,01-01-2014,14757.23147
368,Mahasamund,12,22,Chhattisgarh,01-01-2014,15056.98638
369,Raigarh,4,22,Chhattisgarh,01-01-2014,14938.65714
370,Raipur,11,22,Chhattisgarh,01-01-2014,15034.89009
371,Rajnandgaon,9,22,Chhattisgarh,01-01-2014,14975.98547
372,Surguja,2,22,Chhattisgarh,01-01-2014,14761.75197
373,Bilaspur,7,22,Chhattisgarh,01-01-2014,14916.76793
374,Janjgir - Champa,6,22,Chhattisgarh,01-01-2014,15053.33623
375,Korba,5,22,Chhattisgarh,01-01-2014,14837.77246
376,Kawardha,8,22,Chhattisgarh,01-01-2014,14962.0817
377,Bastar,15,22,Chhattisgarh,01-01-2014,14989.45338
378,Dantewada,16,22,Chhattisgarh,01-01-2014,14968.20874
379,Dhamtari,13,22,Chhattisgarh,01-01-2014,14980.20276
380,Durg,10,22,Chhattisgarh,01-01-2014,15013.82986
381,Kanker,14,22,Chhattisgarh,01-01-2014,14962.01159
382,Hoshangabad,37,23,Madhya Pradesh,01-01-2014,14783.72215
383,Indore,26,23,Madhya Pradesh,01-01-2014,14854.20348
384,Jabalpur,39,23,Madhya Pradesh,01-01-2014,14820.97725
385,Jhabua,24,23,Madhya Pradesh,01-01-2014,15038.29414
386,Mandsaur,19,23,Madhya Pradesh,01-01-2014,14738.42477
387,Tikamgarh,8,23,Madhya Pradesh,01-01-2014,14679.3096
388,Narsimhapur,40,23,Madhya Pradesh,01-01-2014,14860.94934
389,Neemuch,18,23,Madhya Pradesh,01-01-2014,14769.00288
390,Panna,10,23,Madhya Pradesh,01-01-2014,14750.18956
391,Raisen,34,23,Madhya Pradesh,01-01-2014,14782.90101
392,Rajgarh,30,23,Madhya Pradesh,01-01-2014,14815.902
393,Satna,13,23,Madhya Pradesh,01-01-2014,14741.03354
394,Sehore,33,23,Madhya Pradesh,01-01-2014,14825.07372
395,Seoni,44,23,Madhya Pradesh,01-01-2014,14943.77076
396,Shajapur,22,23,Madhya Pradesh,01-01-2014,14813.81499
397,Shivpuri,6,23,Madhya Pradesh,01-01-2014,14707.43893
398,Ratlam,20,23,Madhya Pradesh,01-01-2014,14863.61399
399,Rewa,14,23,Madhya Pradesh,01-01-2014,14751.62281
400,Sagar,11,23,Madhya Pradesh,01-01-2014,14766.65548
401,Sidhi,17,23,Madhya Pradesh,01-01-2014,14727.00882
402,Ujjain,21,23,Madhya Pradesh,01-01-2014,14783.40418
403,Vidisha,31,23,Madhya Pradesh,01-01-2014,14698.02902
404,West Nimar,27,23,Madhya Pradesh,01-01-2014,15036.43606
405,Morena,2,23,Madhya Pradesh,01-01-2014,14601.47515
406,Sheopur,1,23,Madhya Pradesh,01-01-2014,14690.55667
407,Dindori,41,23,Madhya Pradesh,01-01-2014,14914.24188
408,Mandla,42,23,Madhya Pradesh,01-01-2014,14909.40202
409,Shahdol,16,23,Madhya Pradesh,01-01-2014,14848.94146
410,Umaria,15,23,Madhya Pradesh,01-01-2014,14793.52403
411,Bhind,3,23,Madhya Pradesh,01-01-2014,14604.0157
412,Bhopal,32,23,Madhya Pradesh,01-01-2014,14757.53793
413,Barwani,28,23,Madhya Pradesh,01-01-2014,15129.98767
414,Betul,35,23,Madhya Pradesh,01-01-2014,14995.41744
415,Balaghat,45,23,Madhya Pradesh,01-01-2014,14905.2619
416,Chhatarpur,9,23,Madhya Pradesh,01-01-2014,14694.26509
417,Chhindwara,43,23,Madhya Pradesh,01-01-2014,14975.478
418,Dewas,23,23,Madhya Pradesh,01-01-2014,14858.48623
419,Katni,38,23,Madhya Pradesh,01-01-2014,14792.79658
420,Datia,5,23,Madhya Pradesh,01-01-2014,14693.45949
421,Damoh,12,23,Madhya Pradesh,01-01-2014,14776.1561
422,Dhar,25,23,Madhya Pradesh,01-01-2014,14957.3077
423,East Nimar,29,23,Madhya Pradesh,01-01-2014,15010.78439
424,Guna,7,23,Madhya Pradesh,01-01-2014,14728.6444
425,Gwalior,4,23,Madhya Pradesh,01-01-2014,14671.38688
426,Harda,36,23,Madhya Pradesh,01-01-2014,14851.74997
427,Jamnagar,10,24,Gujarat,01-01-2014,15092.10602
428,Kheda,16,24,Gujarat,01-01-2014,14959.6406
429,Mahesana,4,24,Gujarat,01-01-2014,14981.62112
430,Narmada,20,24,Gujarat,01-01-2014,15086.43235
431,Navsari,24,24,Gujarat,01-01-2014,15087.66258
432,Panch Mahals,17,24,Gujarat,01-01-2014,14967.3108
433,Patan,3,24,Gujarat,01-01-2014,15067.62532
434,Porbandar,11,24,Gujarat,01-01-2014,15072.86923
435,Rajkot,9,24,Gujarat,01-01-2014,15080.04226
436,Sabar Kantha,5,24,Gujarat,01-01-2014,14918.33395
437,Surendranagar,8,24,Gujarat,01-01-2014,15095.77236
438,The Dangs,23,24,Gujarat,01-01-2014,15091.14085
439,Vadodara,19,24,Gujarat,01-01-2014,15037.52891
440,Valsad,25,24,Gujarat,01-01-2014,15125.43433
441,Bharuch,21,24,Gujarat,01-01-2014,15093.29493
442,Surat,22,24,Gujarat,01-01-2014,15083.54726
443,Anand,15,24,Gujarat,01-01-2014,14949.94765
444,Ahmadabad,7,24,Gujarat,01-01-2014,15041.6624
445,Amreli,13,24,Gujarat,01-01-2014,15139.76148
446,Bhavnagar,14,24,Gujarat,01-01-2014,15114.6731
447,Banas Kantha,2,24,Gujarat,01-01-2014,14952.75888
448,Dohad,18,24,Gujarat,01-01-2014,14954.85795
449,Junagadh,12,24,Gujarat,01-01-2014,15050.0293
450,Kachchh,1,24,Gujarat,01-01-2014,15087.06787
451,Gandhinagar,6,24,Gujarat,01-01-2014,14983.83413
452,Daman,2,25,Daman & Diu,01-01-2014,15031.86129
453,Diu,1,25,Daman & Diu,01-01-2014,14997.51425
454,Dadra & Nagar Haveli,1,26,Dadara & Nagar Havelli,01-01-2014,15174.03053
455,Hingoli,16,27,Maharashtra,01-01-2014,15140.25791
456,Jalgaon,3,27,Maharashtra,01-01-2014,15099.92695
457,Jalna,18,27,Maharashtra,01-01-2014,15113.0493
458,Kolhapur,34,27,Maharashtra,01-01-2014,15151.17731
459,Latur,28,27,Maharashtra,01-01-2014,15189.89082
460,Pune,25,27,Maharashtra,01-01-2014,15159.04289
461,Nagpur,9,27,Maharashtra,01-01-2014,15045.11782
462,Mumbai,23,27,Maharashtra,01-01-2014,15143.17726
463,Mumbai (Suburban),22,27,Maharashtra,01-01-2014,15154.56425
464,Nanded,15,27,Maharashtra,01-01-2014,15176.53447
465,Nandurbar,1,27,Maharashtra,01-01-2014,15124.91697
466,Nashik,20,27,Maharashtra,01-01-2014,15166.63231
467,Osmanabad,29,27,Maharashtra,01-01-2014,15247.51443
468,Parbhani,17,27,Maharashtra,01-01-2014,15160.01214
469,Sangli,35,27,Maharashtra,01-01-2014,15296.90634
470,Satara,31,27,Maharashtra,01-01-2014,15196.93584
471,Ratnagiri,32,27,Maharashtra,01-01-2014,15171.66073
472,Raigarh,24,27,Maharashtra,01-01-2014,15192.17726
473,Thane,21,27,Maharashtra,01-01-2014,15208.95126
474,Solapur,30,27,Maharashtra,01-01-2014,15279.9807
475,Sindhudurg,33,27,Maharashtra,01-01-2014,15204.41437
476,Wardha,8,27,Maharashtra,01-01-2014,15136.54386
477,Washim,6,27,Maharashtra,01-01-2014,15122.61872
478,Yavatmal,14,27,Maharashtra,01-01-2014,15140.16418
479,Aurangabad,19,27,Maharashtra,01-01-2014,15125.21375
480,Ahmadnagar,26,27,Maharashtra,01-01-2014,15206.44232
481,Akola,5,27,Maharashtra,01-01-2014,15127.42137
482,Amravati,7,27,Maharashtra,01-01-2014,15079.87004
483,Bid,27,27,Maharashtra,01-01-2014,15191.31283
484,Bhandara,10,27,Maharashtra,01-01-2014,15003.89487
485,Buldana,4,27,Maharashtra,01-01-2014,15110.55823
486,Chandrapur,13,27,Maharashtra,01-01-2014,15073.8219
487,Dhule,2,27,Maharashtra,01-01-2014,15185.40081
488,Gadchiroli,12,27,Maharashtra,01-01-2014,14958.57076
489,Gondiya,11,27,Maharashtra,01-01-2014,14984.72374
490,Hyderabad,5,28,Andhra Pradesh,01-01-2014,15116.4155
491,Khammam,10,28,Andhra Pradesh,01-01-2014,15090.58228
492,Medak,4,28,Andhra Pradesh,01-01-2014,15163.56433
493,Krishna,16,28,Andhra Pradesh,01-01-2014,15098.66437
494,Kurnool,21,28,Andhra Pradesh,01-01-2014,15258.0098
495,Mahbubnagar,7,28,Andhra Pradesh,01-01-2014,15219.3132
496,Nalgonda,8,28,Andhra Pradesh,01-01-2014,15142.06534
497,Nellore,19,28,Andhra Pradesh,01-01-2014,15108.50505
498,Nizamabad,2,28,Andhra Pradesh,01-01-2014,15131.32857
499,Prakasam,18,28,Andhra Pradesh,01-01-2014,15118.94582
500,Rangareddi,6,28,Andhra Pradesh,01-01-2014,15193.4689
501,Srikakulam,11,28,Andhra Pradesh,01-01-2014,15104.6925
502,West Godavari,15,28,Andhra Pradesh,01-01-2014,15056.28057
503,Visakhapatnam,13,28,Andhra Pradesh,01-01-2014,15000.6111
504,Vizianagaram,12,28,Andhra Pradesh,01-01-2014,15095.54356
505,Warangal,9,28,Andhra Pradesh,01-01-2014,15091.47767
506,Anantapur,22,28,Andhra Pradesh,01-01-2014,15343.70386
507,Adilabad,1,28,Andhra Pradesh,01-01-2014,15117.56292
508,Chittoor,23,28,Andhra Pradesh,01-01-2014,15178.18582
509,Cuddapah,20,28,Andhra Pradesh,01-01-2014,15196.26763
510,East Godavari,14,28,Andhra Pradesh,01-01-2014,15016.26781
511,Karimnagar,3,28,Andhra Pradesh,01-01-2014,15100.96264
512,Guntur,17,28,Andhra Pradesh,01-01-2014,15122.50054
513,Hassan,23,29,Karnataka,01-01-2014,15171.35842
514,Haveri,11,29,Karnataka,01-01-2014,15303.49999
515,Kodagu,25,29,Karnataka,01-01-2014,14929.25582
516,Kolar,19,29,Karnataka,01-01-2014,15258.49839
517,Mandya,22,29,Karnataka,01-01-2014,15185.58941
518,Koppal,7,29,Karnataka,01-01-2014,15298.84413
519,Mysore,26,29,Karnataka,01-01-2014,15226.72089
520,Raichur,6,29,Karnataka,01-01-2014,15248.76058
521,Shimoga,15,29,Karnataka,01-01-2014,15096.15118
522,Tumkur,18,29,Karnataka,01-01-2014,15280.69734
523,Udupi,16,29,Karnataka,01-01-2014,15156.42349
524,Uttara Kannada,10,29,Karnataka,01-01-2014,15016.84253
525,Bagalkot,2,29,Karnataka,01-01-2014,15269.99307
526,Bangalore,20,29,Karnataka,01-01-2014,15170.97507
527,Bidar,5,29,Karnataka,01-01-2014,15250.30285
528,Bijapur,3,29,Karnataka,01-01-2014,15348.42457
529,Belgaum,1,29,Karnataka,01-01-2014,15241.0668
530,Bellary,12,29,Karnataka,01-01-2014,15285.15246
531,Bangalore Rural,21,29,Karnataka,01-01-2014,15217.45666
532,Chamarajanagar,27,29,Karnataka,01-01-2014,15223.69074
533,Chikmagalur,17,29,Karnataka,01-01-2014,15076.46208
534,Chitradurga,13,29,Karnataka,01-01-2014,15379.21636
535,Dakshina Kannada,24,29,Karnataka,01-01-2014,15113.63523
536,Davanagere,14,29,Karnataka,01-01-2014,15297.31535
537,Dharwad,9,29,Karnataka,01-01-2014,15310.97236
538,Gulbarga,4,29,Karnataka,01-01-2014,15301.9671
539,Gadag,8,29,Karnataka,01-01-2014,15387.39195
540,North Goa,1,30,Goa,01-01-2014,15182.87199
541,South Goa,2,30,Goa,01-01-2014,15123.75734
542,Lakshadweep,1,31,Lakshadweep,01-01-2014,14989.17913
543,Idukki,9,32,Kerala,01-01-2014,14947.99857
544,Kollam,13,32,Kerala,01-01-2014,15146.19937
545,Kottayam,10,32,Kerala,01-01-2014,15185.8323
546,Kozhikode,4,32,Kerala,01-01-2014,15106.16418
547,Malappuram,5,32,Kerala,01-01-2014,15101.24637
548,Palakkad,6,32,Kerala,01-01-2014,15056.02045
549,Pathanamthitta,12,32,Kerala,01-01-2014,15082.32521
550,Thrissur,7,32,Kerala,01-01-2014,15116.78345
551,Thiruvananthapuram,14,32,Kerala,01-01-2014,15166.57301
552,Wayanad,3,32,Kerala,01-01-2014,14955.26933
553,Alappuzha,11,32,Kerala,01-01-2014,15152.79594
554,Kasaragod,1,32,Kerala,01-01-2014,15180.48706
555,Kannur,2,32,Kerala,01-01-2014,15154.76542
556,Ernakulam,8,32,Kerala,01-01-2014,15176.10014
557,Kanniyakumari,30,33,Tamil Nadu,01-01-2014,15105.9983
558,Karur,14,33,Tamil Nadu,01-01-2014,15431.42683
559,Madurai,24,33,Tamil Nadu,01-01-2014,15310.90962
560,Namakkal,9,33,Tamil Nadu,01-01-2014,15338.9817
561,The Nilgiris,11,33,Tamil Nadu,01-01-2014,14891.45571
562,Perambalur,16,33,Tamil Nadu,01-01-2014,15203.59397
563,Pudukkottai,22,33,Tamil Nadu,01-01-2014,15279.46209
564,Ramanathapuram,27,33,Tamil Nadu,01-01-2014,15288.95804
565,Salem,8,33,Tamil Nadu,01-01-2014,15226.13134
566,Sivaganga,23,33,Tamil Nadu,01-01-2014,15334.36829
567,Tiruchirappalli,15,33,Tamil Nadu,01-01-2014,15283.52695
568,Tirunelveli,29,33,Tamil Nadu,01-01-2014,15191.04298
569,Tiruvannamalai,6,33,Tamil Nadu,01-01-2014,15186.18333
570,Thoothukkudi,28,33,Tamil Nadu,01-01-2014,15377.76854
571,Theni,25,33,Tamil Nadu,01-01-2014,15172.85468
572,Vellore,4,33,Tamil Nadu,01-01-2014,15185.23158
573,Viluppuram,7,33,Tamil Nadu,01-01-2014,15167.87923
574,Virudhunagar,26,33,Tamil Nadu,01-01-2014,15373.29203
575,Chennai,2,33,Tamil Nadu,01-01-2014,15222.65251
576,Kancheepuram,3,33,Tamil Nadu,01-01-2014,15179.61951
577,Thiruvallur,1,33,Tamil Nadu,01-01-2014,15173.91863
578,Thanjavur,21,33,Tamil Nadu,01-01-2014,15101.61021
579,Thiruvarur,20,33,Tamil Nadu,01-01-2014,15066.05362
580,Nagapattinam,19,33,Tamil Nadu,01-01-2014,15070.08677
581,Ariyalur,17,33,Tamil Nadu,01-01-2014,15142.72008
582,Coimbatore,12,33,Tamil Nadu,01-01-2014,15227.44249
583,Cuddalore,18,33,Tamil Nadu,01-01-2014,15123.61201
584,Dharmapuri,5,33,Tamil Nadu,01-01-2014,15191.18183
585,Dindigul,13,33,Tamil Nadu,01-01-2014,15228.31592
586,Erode,10,33,Tamil Nadu,01-01-2014,15267.50818
587,Pondicherry,2,34,Puducherry,01-01-2014,15127.30127
588,Yanam,1,34,Puducherry,01-01-2014,15042.44635
589,Karaikal,4,34,Puducherry,01-01-2014,15125.38101
590,Mahe,3,34,Puducherry,01-01-2014,15109.3335
591,Nicobars,2,35,Andaman & Nicobar Island,01-01-2014,14927.52236
592,Andamans,1,35,Andaman & Nicobar Island,01-01-2014,14966.91886
593,Data Not Available,99,99,Jammu and Kashmir,01-01-2014,13127.16321
594,Jammu,13,1,Jammu and Kashmir,02-01-2014,14591.86618
595,Kargil,8,1,Jammu and Kashmir,02-01-2014,12986.69057
596,Kathua,14,1,Jammu and Kashmir,02-01-2014,14432.85085
597,Leh (Ladakh),7,1,Jammu and Kashmir,02-01-2014,13284.72623
598,Kupwara,1,1,Jammu and Kashmir,02-01-2014,13651.72858
599,Punch,11,1,Jammu and Kashmir,02-01-2014,14104.77445
600,Pulwama,5,1,Jammu and Kashmir,02-01-2014,14014.66827
601,Rajauri,12,1,Jammu and Kashmir,02-01-2014,14375.78686
602,Srinagar,3,1,Jammu and Kashmir,02-01-2014,13522.89102
603,Udhampur,10,1,Jammu and Kashmir,02-01-2014,14214.28818
604,Anantnag,6,1,Jammu and Kashmir,02-01-2014,13497.78177
605,Badgam,4,1,Jammu and Kashmir,02-01-2014,13804.22975
606,Baramula,2,1,Jammu and Kashmir,02-01-2014,13604.75083
607,Doda,9,1,Jammu and Kashmir,02-01-2014,13391.22686
608,Kangra,2,2,Himachal Pradesh,02-01-2014,14251.13394
609,Kinnaur,12,2,Himachal Pradesh,02-01-2014,13209.03812
610,Lahul & Spiti,3,2,Himachal Pradesh,02-01-2014,12953.04416
611,Kullu,4,2,Himachal Pradesh,02-01-2014,13564.89879
612,Mandi,5,2,Himachal Pradesh,02-01-2014,14342.07907
613,Shimla,11,2,Himachal Pradesh,02-01-2014,14064.9665
614,Sirmaur,10,2,Himachal Pradesh,02-01-2014,14483.194
615,Solan,9,2,Himachal Pradesh,02-01-2014,14529.85798
616,Una,7,2,Himachal Pradesh,02-01-2014,14601.91222
617,Bilaspur,8,2,Himachal Pradesh,02-01-2014,14538.69391
618,Chamba,1,2,Himachal Pradesh,02-01-2014,13620.12711
619,Hamirpur,6,2,Himachal Pradesh,02-01-2014,14546.82245
620,Jalandhar,4,3,Punjab,02-01-2014,14597.71
621,Kapurthala,3,3,Punjab,02-01-2014,14588.45929
622,Ludhiana,9,3,Punjab,02-01-2014,14607.88644
623,Mansa,15,3,Punjab,02-01-2014,14618.9003
624,Moga,10,3,Punjab,02-01-2014,14580.00897
625,Muktsar,12,3,Punjab,02-01-2014,14590.3948
626,Nawanshahr,6,3,Punjab,02-01-2014,14585.9544
627,Patiala,17,3,Punjab,02-01-2014,14596.75753
628,Sangrur,16,3,Punjab,02-01-2014,14595.84973
629,Hoshiarpur,5,3,Punjab,02-01-2014,14597.39227
630,Rupnagar,7,3,Punjab,02-01-2014,14600.54527
631,Amritsar,2,3,Punjab,02-01-2014,14564.5447
632,Firozpur,11,3,Punjab,02-01-2014,14592.69474
633,Bathinda,14,3,Punjab,02-01-2014,14612.00369
634,Gurdaspur,1,3,Punjab,02-01-2014,14557.10298
635,Faridkot,13,3,Punjab,02-01-2014,14581.79443
636,Fatehgarh Sahib,8,3,Punjab,02-01-2014,14584.22105
637,Chandigarh,1,4,Chandigarh,02-01-2014,14692.25837
638,Nainital,11,5,Uttarakhand,02-01-2014,14576.45801
639,Pithoragarh,7,5,Uttarakhand,02-01-2014,13724.3595
640,Hardwar,13,5,Uttarakhand,02-01-2014,14675.24709
641,Rudraprayag,3,5,Uttarakhand,02-01-2014,14037.09977
642,Tehri Garhwal,4,5,Uttarakhand,02-01-2014,14278.29886
643,Udham Singh Nagar,12,5,Uttarakhand,02-01-2014,14706.28687
644,Uttarkashi,1,5,Uttarakhand,02-01-2014,13569.50048
645,Bageshwar,8,5,Uttarakhand,02-01-2014,14180.2509
646,Almora,9,5,Uttarakhand,02-01-2014,14478.02994
647,Chamoli,2,5,Uttarakhand,02-01-2014,13611.10367
648,Champawat,10,5,Uttarakhand,02-01-2014,14496.73439
649,Dehradun,5,5,Uttarakhand,02-01-2014,14507.23907
650,Garhwal,6,5,Uttarakhand,02-01-2014,14505.36503
651,Jind,9,6,Haryana,02-01-2014,14617.28889
652,Kaithal,5,6,Haryana,02-01-2014,14601.1448
653,Karnal,6,6,Haryana,02-01-2014,14604.73691
654,Kurukshetra,4,6,Haryana,02-01-2014,14603.24163
655,Panchkula,1,6,Haryana,02-01-2014,14639.38299
656,Panipat,7,6,Haryana,02-01-2014,14626.12729
657,Hisar,12,6,Haryana,02-01-2014,14688.76391
658,Rohtak,14,6,Haryana,02-01-2014,14656.7297
659,Sirsa,11,6,Haryana,02-01-2014,14647.46892
660,Sonipat,8,6,Haryana,02-01-2014,14628.7456
661,Yamunanagar,3,6,Haryana,02-01-2014,14621.00205
662,Jhajjar,15,6,Haryana,02-01-2014,14645.04053
663,Mahendragarh,16,6,Haryana,02-01-2014,14716.05263
664,Rewari,17,6,Haryana,02-01-2014,14626.0081
665,Bhiwani,13,6,Haryana,02-01-2014,14713.09807
666,Ambala,2,6,Haryana,02-01-2014,14606.83053
667,Gurgaon,18,6,Haryana,02-01-2014,14660.56949
668,Faridabad,19,6,Haryana,02-01-2014,14630.51997
669,Fatehabad,10,6,Haryana,02-01-2014,14631.44696
670,Central,6,7,Delhi  & NCR,02-01-2014,14714.3206
671,East,4,7,Delhi  & NCR,02-01-2014,14709.56348
672,New Delhi,5,7,Delhi  & NCR,02-01-2014,14698.01957
673,North,2,7,Delhi  & NCR,02-01-2014,14704.24903
674,North East,3,7,Delhi  & NCR,02-01-2014,14713.89244
675,North West,1,7,Delhi  & NCR,02-01-2014,14681.34883
676,South,9,7,Delhi  & NCR,02-01-2014,14721.46602
677,South West,8,7,Delhi  & NCR,02-01-2014,14674.60449
678,West,7,7,Delhi  & NCR,02-01-2014,14690.86439
679,Jaipur,12,8,Rajasthan,02-01-2014,14926.79556
680,Jaisalmer,16,8,Rajasthan,02-01-2014,15382.29921
681,Jalor,18,8,Rajasthan,02-01-2014,15253.68444
682,Jhalawar,32,8,Rajasthan,02-01-2014,14997.36569
683,Jhunjhunun,5,8,Rajasthan,02-01-2014,14918.2457
684,Jodhpur,15,8,Rajasthan,02-01-2014,15297.75556
685,Kota,30,8,Rajasthan,02-01-2014,14893.67146
686,Nagaur,14,8,Rajasthan,02-01-2014,15198.00915
687,Pali,20,8,Rajasthan,02-01-2014,15270.50647
688,Rajsamand,25,8,Rajasthan,02-01-2014,15069.93631
689,Sawai Madhopur,10,8,Rajasthan,02-01-2014,14857.71446
690,Sirohi,19,8,Rajasthan,02-01-2014,15167.55903
691,Tonk,22,8,Rajasthan,02-01-2014,14899.75526
692,Sikar,13,8,Rajasthan,02-01-2014,14989.49175
693,Alwar,6,8,Rajasthan,02-01-2014,14716.77147
694,Udaipur,26,8,Rajasthan,02-01-2014,15088.80866
695,Ganganagar,1,8,Rajasthan,02-01-2014,14838.93647
696,Hanumangarh,2,8,Rajasthan,02-01-2014,14926.49595
697,Baran,31,8,Rajasthan,02-01-2014,14925.06273
698,Ajmer,21,8,Rajasthan,02-01-2014,15038.5658
699,Banswara,28,8,Rajasthan,02-01-2014,15068.9755
700,Barmer,17,8,Rajasthan,02-01-2014,15356.95274
701,Bhilwara,24,8,Rajasthan,02-01-2014,15022.70008
702,Bikaner,3,8,Rajasthan,02-01-2014,15265.94323
703,Bharatpur,7,8,Rajasthan,02-01-2014,14707.07576
704,Bundi,23,8,Rajasthan,02-01-2014,14892.21158
705,Chittaurgarh,29,8,Rajasthan,02-01-2014,14993.15708
706,Churu,4,8,Rajasthan,02-01-2014,15210.67772
707,Dausa,11,8,Rajasthan,02-01-2014,14818.25497
708,Dhaulpur,8,8,Rajasthan,02-01-2014,14816.88013
709,Dungarpur,27,8,Rajasthan,02-01-2014,15094.6122
710,Karauli,9,8,Rajasthan,02-01-2014,14896.86965
711,Jalaun,35,9,Uttar Pradesh,02-01-2014,14802.77815
712,Jaunpur,64,9,Uttar Pradesh,02-01-2014,14779.58485
713,Jhansi,36,9,Uttar Pradesh,02-01-2014,14822.31211
714,Jyotiba Phule Nagar,6,9,Uttar Pradesh,02-01-2014,14675.86744
715,Kannauj,30,9,Uttar Pradesh,02-01-2014,14740.02326
716,Kanpur Nagar,34,9,Uttar Pradesh,02-01-2014,14773.72219
717,Kaushambi,44,9,Uttar Pradesh,02-01-2014,14773.22087
718,Kheri,23,9,Uttar Pradesh,02-01-2014,14743.13714
719,Mirzapur,69,9,Uttar Pradesh,02-01-2014,14869.80966
720,Moradabad,4,9,Uttar Pradesh,02-01-2014,14695.53996
721,Muzaffarnagar,2,9,Uttar Pradesh,02-01-2014,14668.53248
722,Rae Bareli,28,9,Uttar Pradesh,02-01-2014,14780.33563
723,Kushinagar,59,9,Uttar Pradesh,02-01-2014,14782.70243
724,Lucknow,27,9,Uttar Pradesh,02-01-2014,14783.1176
725,Lalitpur,37,9,Uttar Pradesh,02-01-2014,14820.11457
726,Mahrajganj,57,9,Uttar Pradesh,02-01-2014,14735.23227
727,Mahoba,39,9,Uttar Pradesh,02-01-2014,14811.84442
728,Mainpuri,18,9,Uttar Pradesh,02-01-2014,14699.23162
729,Mathura,14,9,Uttar Pradesh,02-01-2014,14658.26981
730,Mau,62,9,Uttar Pradesh,02-01-2014,14751.23982
731,Meerut,7,9,Uttar Pradesh,02-01-2014,14660.46162
732,Pilibhit,21,9,Uttar Pradesh,02-01-2014,14706.26874
733,Pratapgarh,43,9,Uttar Pradesh,02-01-2014,14769.52244
734,Rampur,5,9,Uttar Pradesh,02-01-2014,14700.12143
735,Sant Ravidas Nagar Bhadohi,68,9,Uttar Pradesh,02-01-2014,14766.97258
736,Sant Kabir Nagar,56,9,Uttar Pradesh,02-01-2014,14732.97633
737,Shahjahanpur,22,9,Uttar Pradesh,02-01-2014,14694.31114
738,Hathras,13,9,Uttar Pradesh,02-01-2014,14692.42589
739,Shrawasti,51,9,Uttar Pradesh,02-01-2014,14744.88236
740,Saharanpur,1,9,Uttar Pradesh,02-01-2014,14646.0224
741,Sitapur,24,9,Uttar Pradesh,02-01-2014,14750.37111
742,Sultanpur,49,9,Uttar Pradesh,02-01-2014,14774.53242
743,Sonbhadra,70,9,Uttar Pradesh,02-01-2014,14894.17842
744,Siddharthnagar,54,9,Uttar Pradesh,02-01-2014,14727.42832
745,Unnao,26,9,Uttar Pradesh,02-01-2014,14747.43506
746,Varanasi,67,9,Uttar Pradesh,02-01-2014,14785.809
747,Bulandshahr,11,9,Uttar Pradesh,02-01-2014,14646.21693
748,Gautam Buddha Nagar,10,9,Uttar Pradesh,02-01-2014,14634.75708
749,Ghaziabad,9,9,Uttar Pradesh,02-01-2014,14667.50637
750,Auraiya,32,9,Uttar Pradesh,02-01-2014,14722.66216
751,Azamgarh,61,9,Uttar Pradesh,02-01-2014,14764.17575
752,Budaun,19,9,Uttar Pradesh,02-01-2014,14676.43057
753,Agra,15,9,Uttar Pradesh,02-01-2014,14734.49735
754,Aligarh,12,9,Uttar Pradesh,02-01-2014,14648.32716
755,Allahabad,45,9,Uttar Pradesh,02-01-2014,14796.83833
756,Ambedkar Nagar,48,9,Uttar Pradesh,02-01-2014,14750.71362
757,Bareilly,20,9,Uttar Pradesh,02-01-2014,14712.47067
758,Bijnor,3,9,Uttar Pradesh,02-01-2014,14704.89797
759,Basti,55,9,Uttar Pradesh,02-01-2014,14756.67239
760,Baghpat,8,9,Uttar Pradesh,02-01-2014,14663.15419
761,Bahraich,50,9,Uttar Pradesh,02-01-2014,14752.01802
762,Ballia,63,9,Uttar Pradesh,02-01-2014,14753.2879
763,Balrampur,52,9,Uttar Pradesh,02-01-2014,14762.7552
764,Banda,40,9,Uttar Pradesh,02-01-2014,14820.77476
765,Barabanki,46,9,Uttar Pradesh,02-01-2014,14764.78279
766,Chitrakoot,41,9,Uttar Pradesh,02-01-2014,14838.73064
767,Chandauli,66,9,Uttar Pradesh,02-01-2014,14838.17132
768,Deoria,60,9,Uttar Pradesh,02-01-2014,14754.63491
769,Etah,17,9,Uttar Pradesh,02-01-2014,14668.934
770,Kanpur Dehat,33,9,Uttar Pradesh,02-01-2014,14739.13312
771,Etawah,31,9,Uttar Pradesh,02-01-2014,14728.2886
772,Faizabad,47,9,Uttar Pradesh,02-01-2014,14775.77994
773,Ghazipur,65,9,Uttar Pradesh,02-01-2014,14770.34571
774,Gonda,53,9,Uttar Pradesh,02-01-2014,14767.51969
775,Gorakhpur,58,9,Uttar Pradesh,02-01-2014,14732.37301
776,Farrukhabad,29,9,Uttar Pradesh,02-01-2014,14694.01104
777,Fatehpur,42,9,Uttar Pradesh,02-01-2014,14795.81263
778,Firozabad,16,9,Uttar Pradesh,02-01-2014,14713.20584
779,Hamirpur,38,9,Uttar Pradesh,02-01-2014,14812.77876
780,Hardoi,25,9,Uttar Pradesh,02-01-2014,14708.09628
781,Jamui,37,10,Bihar,02-01-2014,14928.91064
782,Kishanganj,8,10,Bihar,02-01-2014,14883.12738
783,Muzaffarpur,14,10,Bihar,02-01-2014,14774.48321
784,Purnia,9,10,Bihar,02-01-2014,14815.13609
785,Khagaria,21,10,Bihar,02-01-2014,14800.85232
786,Madhubani,5,10,Bihar,02-01-2014,14795.15751
787,Lakhisarai,25,10,Bihar,02-01-2014,14836.09019
788,Madhepura,11,10,Bihar,02-01-2014,14799.88931
789,Purba Champaran,2,10,Bihar,02-01-2014,14780.17196
790,Munger,24,10,Bihar,02-01-2014,14838.54545
791,Nalanda,27,10,Bihar,02-01-2014,14846.129
792,Nawada,36,10,Bihar,02-01-2014,14852.00496
793,Pashchim Champaran,1,10,Bihar,02-01-2014,14809.68836
794,Patna,28,10,Bihar,02-01-2014,14830.42772
795,Samastipur,19,10,Bihar,02-01-2014,14799.60824
796,Sheikhpura,26,10,Bihar,02-01-2014,14869.61687
797,Sheohar,3,10,Bihar,02-01-2014,14768.31461
798,Saharsa,12,10,Bihar,02-01-2014,14783.8625
799,Sitamarhi,4,10,Bihar,02-01-2014,14791.69133
800,Siwan,16,10,Bihar,02-01-2014,14764.87919
801,Supaul,6,10,Bihar,02-01-2014,14786.73538
802,Vaishali,18,10,Bihar,02-01-2014,14762.91165
803,Kaimur (Bhabua),31,10,Bihar,02-01-2014,14856.01047
804,Gaya,35,10,Bihar,02-01-2014,14895.31228
805,Bhojpur,29,10,Bihar,02-01-2014,14812.29935
806,Buxar,30,10,Bihar,02-01-2014,14797.75742
807,Jehanabad,33,10,Bihar,02-01-2014,14865.24093
808,Rohtas,32,10,Bihar,02-01-2014,14837.33865
809,Araria,7,10,Bihar,02-01-2014,14805.84858
810,Aurangabad,34,10,Bihar,02-01-2014,14905.93964
811,Banka,23,10,Bihar,02-01-2014,14943.81618
812,Bhagalpur,22,10,Bihar,02-01-2014,14814.44696
813,Begusarai,20,10,Bihar,02-01-2014,14797.0046
814,Saran,17,10,Bihar,02-01-2014,14757.35549
815,Katihar,10,10,Bihar,02-01-2014,14774.5426
816,Darbhanga,13,10,Bihar,02-01-2014,14783.50392
817,Gopalganj,15,10,Bihar,02-01-2014,14780.25692
818,North,1,11,Sikkim,02-01-2014,13788.12525
819,South,3,11,Sikkim,02-01-2014,14417.73134
820,West,2,11,Sikkim,02-01-2014,14254.44509
821,East,4,11,Sikkim,02-01-2014,14346.47883
822,Lohit,11,12,Arunanchal Pradesh,02-01-2014,14269.58715
823,Lower Subansiri,5,12,Arunanchal Pradesh,02-01-2014,14236.78518
824,Papum Pare,4,12,Arunanchal Pradesh,02-01-2014,14485.67495
825,Tawang,1,12,Arunanchal Pradesh,02-01-2014,14039.28495
826,Tirap,13,12,Arunanchal Pradesh,02-01-2014,14664.72049
827,West Kameng,2,12,Arunanchal Pradesh,02-01-2014,14310.76174
828,West Siang,7,12,Arunanchal Pradesh,02-01-2014,14327.79245
829,Upper Siang,9,12,Arunanchal Pradesh,02-01-2014,14141.34503
830,Upper Subansiri,6,12,Arunanchal Pradesh,02-01-2014,14149.99298
831,Changlang,12,12,Arunanchal Pradesh,02-01-2014,14575.54108
832,Dibang Valley,10,12,Arunanchal Pradesh,02-01-2014,14059.41177
833,East Kameng,3,12,Arunanchal Pradesh,02-01-2014,14318.86926
834,East Siang,8,12,Arunanchal Pradesh,02-01-2014,14627.78626
835,Mokokchung,3,13,Nagaland,02-01-2014,14702.83089
836,Mon,1,13,Nagaland,02-01-2014,14738.78308
837,Phek,8,13,Nagaland,02-01-2014,14570.56684
838,Tuensang,2,13,Nagaland,02-01-2014,14583.66015
839,Wokha,5,13,Nagaland,02-01-2014,14723.77205
840,Zunheboto,4,13,Nagaland,02-01-2014,14622.95393
841,Dimapur,6,13,Nagaland,02-01-2014,14875.03901
842,Kohima,7,13,Nagaland,02-01-2014,14687.19574
843,Imphal East,7,14,Manipur,02-01-2014,14910.26376
844,Imphal West,6,14,Manipur,02-01-2014,14821.19443
845,Senapati (Excl. 3 sub-divisions),1,14,Manipur,02-01-2014,14686.12018
846,Tamenglong,2,14,Manipur,02-01-2014,14674.50226
847,Thoubal,5,14,Manipur,02-01-2014,14886.5927
848,Ukhrul,8,14,Manipur,02-01-2014,14687.64886
849,Bishnupur,4,14,Manipur,02-01-2014,14823.94964
850,Chandel,9,14,Manipur,02-01-2014,14752.74134
851,Churachandpur,3,14,Manipur,02-01-2014,14725.56548
852,Kolasib,2,15,Mizoram,02-01-2014,14829.6422
853,Mamit,1,15,Mizoram,02-01-2014,14835.3305
854,Lunglei,6,15,Mizoram,02-01-2014,14790.94168
855,Lawngtlai,7,15,Mizoram,02-01-2014,14861.57781
856,Saiha,8,15,Mizoram,02-01-2014,14776.48473
857,Serchhip,5,15,Mizoram,02-01-2014,14749.01983
858,Aizawl,3,15,Mizoram,02-01-2014,14774.4634
859,Champhai,4,15,Mizoram,02-01-2014,14720.10961
860,North Tripura,4,16,Tripura,02-01-2014,14948.02904
861,South Tripura,2,16,Tripura,02-01-2014,14989.02972
862,West Tripura,1,16,Tripura,02-01-2014,14986.45054
863,Dhalai,3,16,Tripura,02-01-2014,14940.4449
864,Jaintia Hills,7,17,Meghalaya,02-01-2014,14794.34063
865,Ri Bhoi,5,17,Meghalaya,02-01-2014,14788.04047
866,South Garo Hills,3,17,Meghalaya,02-01-2014,14830.14606
867,West Garo Hills,1,17,Meghalaya,02-01-2014,14888.94952
868,West Khasi Hills,4,17,Meghalaya,02-01-2014,14751.62203
869,East Garo Hills,2,17,Meghalaya,02-01-2014,14854.59224
870,East Khasi Hills,6,17,Meghalaya,02-01-2014,14742.55837
871,Jorhat,17,18,Assam,02-01-2014,14920.58344
872,Karimganj,22,18,Assam,02-01-2014,14985.33994
873,Kokrajhar,1,18,Assam,02-01-2014,14901.13383
874,Lakhimpur,12,18,Assam,02-01-2014,14923.33101
875,Nagaon,10,18,Assam,02-01-2014,14938.94197
876,Marigaon,9,18,Assam,02-01-2014,14927.60071
877,Nalbari,7,18,Assam,02-01-2014,14931.74559
878,North Cachar Hills,20,18,Assam,02-01-2014,14787.5876
879,Sonitpur,11,18,Assam,02-01-2014,14945.85869
880,Sibsagar,16,18,Assam,02-01-2014,14916.87045
881,Tinsukia,14,18,Assam,02-01-2014,14878.85628
882,Barpeta,5,18,Assam,02-01-2014,14923.53382
883,Bongaigaon,4,18,Assam,02-01-2014,14909.69384
884,Cachar,21,18,Assam,02-01-2014,14922.6511
885,Darrang,8,18,Assam,02-01-2014,14937.96829
886,Dhemaji,13,18,Assam,02-01-2014,14936.67908
887,Dhubri,2,18,Assam,02-01-2014,14933.45082
888,Dibrugarh,15,18,Assam,02-01-2014,14899.71067
889,Kamrup,6,18,Assam,02-01-2014,14904.56526
890,Karbi Anglong,19,18,Assam,02-01-2014,14806.80363
891,Goalpara,3,18,Assam,02-01-2014,14945.74459
892,Golaghat,18,18,Assam,02-01-2014,14941.23014
893,Hailakandi,23,18,Assam,02-01-2014,14965.10505
894,Jalpaiguri,2,19,West Bengal,02-01-2014,14869.85371
895,Koch Bihar,3,19,West Bengal,02-01-2014,14865.09906
896,Murshidabad,7,19,West Bengal,02-01-2014,14876.38211
897,Puruliya,14,19,West Bengal,02-01-2014,15065.72113
898,Kolkata,17,19,West Bengal,02-01-2014,15093.57749
899,Maldah,6,19,West Bengal,02-01-2014,14827.03609
900,Nadia,10,19,West Bengal,02-01-2014,14908.91067
901,North Twenty Four Parganas,11,19,West Bengal,02-01-2014,14910.00898
902,Medinipur,15,19,West Bengal,02-01-2014,14974.76904
903,Hugli,12,19,West Bengal,02-01-2014,14922.9328
904,South  Twenty Four Parganas,18,19,West Bengal,02-01-2014,14960.0729
905,Uttar Dinajpur,4,19,West Bengal,02-01-2014,14828.80347
906,Barddhaman,9,19,West Bengal,02-01-2014,14948.23958
907,Birbhum,8,19,West Bengal,02-01-2014,14953.03518
908,Bankura,13,19,West Bengal,02-01-2014,15017.5775
909,Dakshin Dinajpur,5,19,West Bengal,02-01-2014,14846.54835
910,Darjiling,1,19,West Bengal,02-01-2014,14668.24669
911,Haora,16,19,West Bengal,02-01-2014,14926.64412
912,Purbi Singhbhum,18,20,Jharkhand,02-01-2014,15069.15539
913,Lohardaga,15,20,Jharkhand,02-01-2014,14954.98446
914,Pakaur,10,20,Jharkhand,02-01-2014,15010.38811
915,Pashchimi Singhbhum,17,20,Jharkhand,02-01-2014,15024.19384
916,Ranchi,14,20,Jharkhand,02-01-2014,15023.26255
917,Sahibganj,9,20,Jharkhand,02-01-2014,14886.58429
918,Garhwa,1,20,Jharkhand,02-01-2014,14910.43028
919,Palamu,2,20,Jharkhand,02-01-2014,14911.8021
920,Chatra,3,20,Jharkhand,02-01-2014,14921.18766
921,Hazaribagh,4,20,Jharkhand,02-01-2014,14955.0225
922,Kodarma,5,20,Jharkhand,02-01-2014,14911.06034
923,Bokaro,13,20,Jharkhand,02-01-2014,15023.78624
924,Deoghar,7,20,Jharkhand,02-01-2014,15029.61764
925,Dhanbad,12,20,Jharkhand,02-01-2014,15021.17828
926,Dumka,11,20,Jharkhand,02-01-2014,15010.42763
927,Giridih,6,20,Jharkhand,02-01-2014,14993.96708
928,Godda,8,20,Jharkhand,02-01-2014,14943.82508
929,Gumla,16,20,Jharkhand,02-01-2014,15039.93086
930,Jajapur,13,21,Orissa,02-01-2014,15178.83707
931,Jagatsinghapur,11,21,Orissa,02-01-2014,15237.54211
932,Jharsuguda,2,21,Orissa,02-01-2014,15088.1989
933,Khordha,17,21,Orissa,02-01-2014,15208.47543
934,Mayurbhanj,7,21,Orissa,02-01-2014,15042.15576
935,Puri,18,21,Orissa,02-01-2014,15182.49803
936,Koraput,29,21,Orissa,02-01-2014,15216.79903
937,Malkangiri,30,21,Orissa,02-01-2014,15189.10317
938,Nabarangapur,28,21,Orissa,02-01-2014,15256.15821
939,Nayagarh,16,21,Orissa,02-01-2014,15133.81264
940,Nuapada,25,21,Orissa,02-01-2014,15182.24776
941,Kandhamal,21,21,Orissa,02-01-2014,15044.46891
942,Sambalpur,3,21,Orissa,02-01-2014,15048.20843
943,Rayagada,27,21,Orissa,02-01-2014,15147.14741
944,Sundargarh,5,21,Orissa,02-01-2014,15048.9278
945,Sonapur,23,21,Orissa,02-01-2014,15134.73536
946,Anugul,15,21,Orissa,02-01-2014,15094.47964
947,Bhadrak,9,21,Orissa,02-01-2014,15179.68814
948,Baudh,22,21,Orissa,02-01-2014,15112.36534
949,Balangir,24,21,Orissa,02-01-2014,15184.50943
950,Baleshwar,8,21,Orissa,02-01-2014,15069.59286
951,Bargarh,1,21,Orissa,02-01-2014,15116.39585
952,Kendrapara,10,21,Orissa,02-01-2014,15172.91611
953,Kendujhar,6,21,Orissa,02-01-2014,15093.48795
954,Debagarh,4,21,Orissa,02-01-2014,15022.99103
955,Cuttack,12,21,Orissa,02-01-2014,15170.42549
956,Dhenkanal,14,21,Orissa,02-01-2014,15149.59919
957,Kalahandi,26,21,Orissa,02-01-2014,15149.09394
958,Ganjam,19,21,Orissa,02-01-2014,15226.31824
959,Gajapati,20,21,Orissa,02-01-2014,15126.16737
960,Jashpur,3,22,Chhattisgarh,02-01-2014,15029.6381
961,Koriya,1,22,Chhattisgarh,02-01-2014,14931.72079
962,Mahasamund,12,22,Chhattisgarh,02-01-2014,15165.28953
963,Raigarh,4,22,Chhattisgarh,02-01-2014,15089.3367
964,Raipur,11,22,Chhattisgarh,02-01-2014,15157.31677
965,Rajnandgaon,9,22,Chhattisgarh,02-01-2014,15119.38616
966,Surguja,2,22,Chhattisgarh,02-01-2014,14945.89173
967,Bilaspur,7,22,Chhattisgarh,02-01-2014,15074.57306
968,Janjgir - Champa,6,22,Chhattisgarh,02-01-2014,15194.38738
969,Korba,5,22,Chhattisgarh,02-01-2014,15008.44669
970,Kawardha,8,22,Chhattisgarh,02-01-2014,15097.77862
971,Bastar,15,22,Chhattisgarh,02-01-2014,15149.98926
972,Dantewada,16,22,Chhattisgarh,02-01-2014,15123.92668
973,Dhamtari,13,22,Chhattisgarh,02-01-2014,15071.99128
974,Durg,10,22,Chhattisgarh,02-01-2014,15129.65491
975,Kanker,14,22,Chhattisgarh,02-01-2014,15105.92407
976,Jabalpur,39,23,Madhya Pradesh,02-01-2014,14958.69522
977,Jhabua,24,23,Madhya Pradesh,02-01-2014,15228.57303
978,Mandsaur,19,23,Madhya Pradesh,02-01-2014,14968.5106
979,Tikamgarh,8,23,Madhya Pradesh,02-01-2014,14825.97453
980,Narsimhapur,40,23,Madhya Pradesh,02-01-2014,15016.80582
981,Neemuch,18,23,Madhya Pradesh,02-01-2014,14996.43886
982,Panna,10,23,Madhya Pradesh,02-01-2014,14922.75335
983,Raisen,34,23,Madhya Pradesh,02-01-2014,14974.86223
984,Rajgarh,30,23,Madhya Pradesh,02-01-2014,15091.61515
985,Satna,13,23,Madhya Pradesh,02-01-2014,14857.73012
986,Sehore,33,23,Madhya Pradesh,02-01-2014,15059.43706
987,Seoni,44,23,Madhya Pradesh,02-01-2014,15109.07009
988,Hoshangabad,37,23,Madhya Pradesh,02-01-2014,14947.67507
989,Indore,26,23,Madhya Pradesh,02-01-2014,15023.36669
990,Shajapur,22,23,Madhya Pradesh,02-01-2014,15070.8465
991,Shivpuri,6,23,Madhya Pradesh,02-01-2014,14897.00124
992,Ratlam,20,23,Madhya Pradesh,02-01-2014,15046.71257
993,Rewa,14,23,Madhya Pradesh,02-01-2014,14868.81506
994,Sagar,11,23,Madhya Pradesh,02-01-2014,14955.543
995,Sidhi,17,23,Madhya Pradesh,02-01-2014,14891.88484
996,Ujjain,21,23,Madhya Pradesh,02-01-2014,14979.93277
997,Vidisha,31,23,Madhya Pradesh,02-01-2014,14901.80908
998,West Nimar,27,23,Madhya Pradesh,02-01-2014,15261.43877
999,Morena,2,23,Madhya Pradesh,02-01-2014,14816.25363
1000,Sheopur,1,23,Madhya Pradesh,02-01-2014,14957.2078
1001,Dindori,41,23,Madhya Pradesh,02-01-2014,15062.22118
1002,Mandla,42,23,Madhya Pradesh,02-01-2014,15054.96627
1003,Shahdol,16,23,Madhya Pradesh,02-01-2014,15013.34495
1004,Umaria,15,23,Madhya Pradesh,02-01-2014,14960.58234
1005,Bhind,3,23,Madhya Pradesh,02-01-2014,14767.33795
1006,Bhopal,32,23,Madhya Pradesh,02-01-2014,14964.76979
1007,Barwani,28,23,Madhya Pradesh,02-01-2014,15354.47961
1008,Betul,35,23,Madhya Pradesh,02-01-2014,15186.9246
1009,Balaghat,45,23,Madhya Pradesh,02-01-2014,15047.11992
1010,Chhatarpur,9,23,Madhya Pradesh,02-01-2014,14865.04558
1011,Chhindwara,43,23,Madhya Pradesh,02-01-2014,15152.55065
1012,Dewas,23,23,Madhya Pradesh,02-01-2014,15099.8337
1013,Katni,38,23,Madhya Pradesh,02-01-2014,14922.64782
1014,Datia,5,23,Madhya Pradesh,02-01-2014,14816.27975
1015,Damoh,12,23,Madhya Pradesh,02-01-2014,14967.82614
1016,Dhar,25,23,Madhya Pradesh,02-01-2014,15153.19734
1017,East Nimar,29,23,Madhya Pradesh,02-01-2014,15242.27196
1018,Guna,7,23,Madhya Pradesh,02-01-2014,14922.00201
1019,Gwalior,4,23,Madhya Pradesh,02-01-2014,14855.98561
1020,Harda,36,23,Madhya Pradesh,02-01-2014,15070.35956
1021,Jamnagar,10,24,Gujarat,02-01-2014,15270.74554
1022,Kheda,16,24,Gujarat,02-01-2014,15105.3367
1023,Mahesana,4,24,Gujarat,02-01-2014,15145.15015
1024,Narmada,20,24,Gujarat,02-01-2014,15267.75897
1025,Navsari,24,24,Gujarat,02-01-2014,15230.39394
1026,Panch Mahals,17,24,Gujarat,02-01-2014,15112.186
1027,Patan,3,24,Gujarat,02-01-2014,15234.98496
1028,Porbandar,11,24,Gujarat,02-01-2014,15245.5695
1029,Rajkot,9,24,Gujarat,02-01-2014,15276.02252
1030,Sabar Kantha,5,24,Gujarat,02-01-2014,15096.26598
1031,Surendranagar,8,24,Gujarat,02-01-2014,15305.14524
1032,The Dangs,23,24,Gujarat,02-01-2014,15299.05844
1033,Vadodara,19,24,Gujarat,02-01-2014,15159.10117
1034,Valsad,25,24,Gujarat,02-01-2014,15287.85029
1035,Bharuch,21,24,Gujarat,02-01-2014,15256.84528
1036,Surat,22,24,Gujarat,02-01-2014,15251.70164
1037,Anand,15,24,Gujarat,02-01-2014,15053.75641
1038,Ahmadabad,7,24,Gujarat,02-01-2014,15222.25659
1039,Amreli,13,24,Gujarat,02-01-2014,15372.30732
1040,Bhavnagar,14,24,Gujarat,02-01-2014,15346.68542
1041,Banas Kantha,2,24,Gujarat,02-01-2014,15135.74574
1042,Dohad,18,24,Gujarat,02-01-2014,15084.19007
1043,Junagadh,12,24,Gujarat,02-01-2014,15261.48023
1044,Kachchh,1,24,Gujarat,02-01-2014,15285.00847
1045,Gandhinagar,6,24,Gujarat,02-01-2014,15153.77853
1046,Daman,2,25,Daman & Diu,02-01-2014,15170.44749
1047,Diu,1,25,Daman & Diu,02-01-2014,15128.32953
1048,Dadra & Nagar Haveli,1,26,Dadara & Nagar Havelli,02-01-2014,15324.33087
1049,Jalgaon,3,27,Maharashtra,02-01-2014,15288.03688
1050,Jalna,18,27,Maharashtra,02-01-2014,15353.43493
1051,Kolhapur,34,27,Maharashtra,02-01-2014,15300.53025
1052,Latur,28,27,Maharashtra,02-01-2014,15419.58855
1053,Pune,25,27,Maharashtra,02-01-2014,15343.94683
1054,Nagpur,9,27,Maharashtra,02-01-2014,15189.55499
1055,Mumbai,23,27,Maharashtra,02-01-2014,15222.74772
1056,Mumbai (Suburban),22,27,Maharashtra,02-01-2014,15237.1479
1057,Nanded,15,27,Maharashtra,02-01-2014,15373.40492
1058,Nandurbar,1,27,Maharashtra,02-01-2014,15313.90351
1059,Nashik,20,27,Maharashtra,02-01-2014,15367.65692
1060,Osmanabad,29,27,Maharashtra,02-01-2014,15481.52395
1061,Parbhani,17,27,Maharashtra,02-01-2014,15351.83306
1062,Sangli,35,27,Maharashtra,02-01-2014,15486.47619
1063,Satara,31,27,Maharashtra,02-01-2014,15365.05667
1064,Hingoli,16,27,Maharashtra,02-01-2014,15345.5104
1065,Ratnagiri,32,27,Maharashtra,02-01-2014,15330.57655
1066,Raigarh,24,27,Maharashtra,02-01-2014,15356.50729
1067,Thane,21,27,Maharashtra,02-01-2014,15371.16054
1068,Solapur,30,27,Maharashtra,02-01-2014,15472.87469
1069,Sindhudurg,33,27,Maharashtra,02-01-2014,15327.34742
1070,Wardha,8,27,Maharashtra,02-01-2014,15302.68592
1071,Washim,6,27,Maharashtra,02-01-2014,15413.98169
1072,Yavatmal,14,27,Maharashtra,02-01-2014,15343.11423
1073,Aurangabad,19,27,Maharashtra,02-01-2014,15358.35856
1074,Ahmadnagar,26,27,Maharashtra,02-01-2014,15429.90054
1075,Akola,5,27,Maharashtra,02-01-2014,15374.20342
1076,Amravati,7,27,Maharashtra,02-01-2014,15299.39046
1077,Bid,27,27,Maharashtra,02-01-2014,15430.137
1078,Bhandara,10,27,Maharashtra,02-01-2014,15149.67689
1079,Buldana,4,27,Maharashtra,02-01-2014,15356.01465
1080,Chandrapur,13,27,Maharashtra,02-01-2014,15233.77199
1081,Dhule,2,27,Maharashtra,02-01-2014,15375.62886
1082,Gadchiroli,12,27,Maharashtra,02-01-2014,15104.17136
1083,Gondiya,11,27,Maharashtra,02-01-2014,15124.01914
1084,Khammam,10,28,Andhra Pradesh,02-01-2014,15226.7935
1085,Medak,4,28,Andhra Pradesh,02-01-2014,15305.08864
1086,Krishna,16,28,Andhra Pradesh,02-01-2014,15172.98961
1087,Kurnool,21,28,Andhra Pradesh,02-01-2014,15458.89206
1088,Mahbubnagar,7,28,Andhra Pradesh,02-01-2014,15396.84941
1089,Nalgonda,8,28,Andhra Pradesh,02-01-2014,15284.62337
1090,Nellore,19,28,Andhra Pradesh,02-01-2014,15324.15934
1091,Nizamabad,2,28,Andhra Pradesh,02-01-2014,15243.08823
1092,Prakasam,18,28,Andhra Pradesh,02-01-2014,15336.14946
1093,Hyderabad,5,28,Andhra Pradesh,02-01-2014,15256.90251
1094,Rangareddi,6,28,Andhra Pradesh,02-01-2014,15372.37079
1095,Srikakulam,11,28,Andhra Pradesh,02-01-2014,15287.57601
1096,West Godavari,15,28,Andhra Pradesh,02-01-2014,15112.99001
1097,Visakhapatnam,13,28,Andhra Pradesh,02-01-2014,15177.33211
1098,Vizianagaram,12,28,Andhra Pradesh,02-01-2014,15263.54425
1099,Warangal,9,28,Andhra Pradesh,02-01-2014,15230.15713
1100,Anantapur,22,28,Andhra Pradesh,02-01-2014,15559.53922
1101,Adilabad,1,28,Andhra Pradesh,02-01-2014,15286.55866
1102,Chittoor,23,28,Andhra Pradesh,02-01-2014,15383.65576
1103,Cuddapah,20,28,Andhra Pradesh,02-01-2014,15444.04922
1104,East Godavari,14,28,Andhra Pradesh,02-01-2014,15102.44883
1105,Karimnagar,3,28,Andhra Pradesh,02-01-2014,15208.31723
1106,Guntur,17,28,Andhra Pradesh,02-01-2014,15246.91101
1107,Kodagu,25,29,Karnataka,02-01-2014,15055.59121
1108,Kolar,19,29,Karnataka,02-01-2014,15470.92721
1109,Mandya,22,29,Karnataka,02-01-2014,15360.94678
1110,Koppal,7,29,Karnataka,02-01-2014,15501.26887
1111,Mysore,26,29,Karnataka,02-01-2014,15432.12321
1112,Raichur,6,29,Karnataka,02-01-2014,15420.36299
1113,Hassan,23,29,Karnataka,02-01-2014,15351.41065
1114,Haveri,11,29,Karnataka,02-01-2014,15527.5013
1115,Shimoga,15,29,Karnataka,02-01-2014,15243.80935
1116,Tumkur,18,29,Karnataka,02-01-2014,15473.40589
1117,Udupi,16,29,Karnataka,02-01-2014,15250.74205
1118,Uttara Kannada,10,29,Karnataka,02-01-2014,15139.54301
1119,Bagalkot,2,29,Karnataka,02-01-2014,15459.33192
1120,Bangalore,20,29,Karnataka,02-01-2014,15351.66221
1121,Bidar,5,29,Karnataka,02-01-2014,15469.31815
1122,Bijapur,3,29,Karnataka,02-01-2014,15558.04128
1123,Belgaum,1,29,Karnataka,02-01-2014,15418.39631
1124,Bellary,12,29,Karnataka,02-01-2014,15477.51994
1125,Bangalore Rural,21,29,Karnataka,02-01-2014,15415.7309
1126,Chamarajanagar,27,29,Karnataka,02-01-2014,15428.61755
1127,Chikmagalur,17,29,Karnataka,02-01-2014,15234.16703
1128,Chitradurga,13,29,Karnataka,02-01-2014,15571.40559
1129,Dakshina Kannada,24,29,Karnataka,02-01-2014,15213.76643
1130,Davanagere,14,29,Karnataka,02-01-2014,15450.93753
1131,Dharwad,9,29,Karnataka,02-01-2014,15571.49103
1132,Gulbarga,4,29,Karnataka,02-01-2014,15511.63782
1133,Gadag,8,29,Karnataka,02-01-2014,15649.17963
1134,North Goa,1,30,Goa,02-01-2014,15269.65919
1135,South Goa,2,30,Goa,02-01-2014,15214.24612
1136,Lakshadweep,1,31,Lakshadweep,02-01-2014,15055.65384
1137,Kollam,13,32,Kerala,02-01-2014,15226.63387
1138,Kottayam,10,32,Kerala,02-01-2014,15253.10618
1139,Kozhikode,4,32,Kerala,02-01-2014,15176.74418
1140,Malappuram,5,32,Kerala,02-01-2014,15197.58871
1141,Palakkad,6,32,Kerala,02-01-2014,15199.88443
1142,Pathanamthitta,12,32,Kerala,02-01-2014,15169.67861
1143,Idukki,9,32,Kerala,02-01-2014,15067.19956
1144,Thrissur,7,32,Kerala,02-01-2014,15240.22602
1145,Thiruvananthapuram,14,32,Kerala,02-01-2014,15236.5009
1146,Wayanad,3,32,Kerala,02-01-2014,15084.23738
1147,Alappuzha,11,32,Kerala,02-01-2014,15217.41886
1148,Kasaragod,1,32,Kerala,02-01-2014,15279.68005
1149,Kannur,2,32,Kerala,02-01-2014,15228.9405
1150,Ernakulam,8,32,Kerala,02-01-2014,15268.57647
1151,Kanniyakumari,30,33,Tamil Nadu,02-01-2014,15217.74676
1152,Karur,14,33,Tamil Nadu,02-01-2014,15641.71559
1153,Madurai,24,33,Tamil Nadu,02-01-2014,15516.62506
1154,Namakkal,9,33,Tamil Nadu,02-01-2014,15514.53521
1155,The Nilgiris,11,33,Tamil Nadu,02-01-2014,15028.09771
1156,Perambalur,16,33,Tamil Nadu,02-01-2014,15468.20165
1157,Pudukkottai,22,33,Tamil Nadu,02-01-2014,15537.14152
1158,Ramanathapuram,27,33,Tamil Nadu,02-01-2014,15503.74804
1159,Salem,8,33,Tamil Nadu,02-01-2014,15427.13085
1160,Sivaganga,23,33,Tamil Nadu,02-01-2014,15543.46237
1161,Tiruchirappalli,15,33,Tamil Nadu,02-01-2014,15513.0699
1162,Tirunelveli,29,33,Tamil Nadu,02-01-2014,15389.86644
1163,Tiruvannamalai,6,33,Tamil Nadu,02-01-2014,15382.72044
1164,Thoothukkudi,28,33,Tamil Nadu,02-01-2014,15552.25572
1165,Theni,25,33,Tamil Nadu,02-01-2014,15359.16671
1166,Vellore,4,33,Tamil Nadu,02-01-2014,15373.92765
1167,Viluppuram,7,33,Tamil Nadu,02-01-2014,15365.41936
1168,Virudhunagar,26,33,Tamil Nadu,02-01-2014,15579.60699
1169,Chennai,2,33,Tamil Nadu,02-01-2014,15327.33424
1170,Kancheepuram,3,33,Tamil Nadu,02-01-2014,15357.34379
1171,Thiruvallur,1,33,Tamil Nadu,02-01-2014,15371.78135
1172,Thanjavur,21,33,Tamil Nadu,02-01-2014,15341.79649
1173,Thiruvarur,20,33,Tamil Nadu,02-01-2014,15318.64117
1174,Nagapattinam,19,33,Tamil Nadu,02-01-2014,15293.5939
1175,Ariyalur,17,33,Tamil Nadu,02-01-2014,15383.98581
1176,Coimbatore,12,33,Tamil Nadu,02-01-2014,15424.25124
1177,Cuddalore,18,33,Tamil Nadu,02-01-2014,15341.01329
1178,Dharmapuri,5,33,Tamil Nadu,02-01-2014,15395.59873
1179,Dindigul,13,33,Tamil Nadu,02-01-2014,15451.96952
1180,Erode,10,33,Tamil Nadu,02-01-2014,15460.27337
1181,Pondicherry,2,34,Puducherry,02-01-2014,15282.66306
1182,Yanam,1,34,Puducherry,02-01-2014,15137.44107
1183,Karaikal,4,34,Puducherry,02-01-2014,15315.33953
1184,Mahe,3,34,Puducherry,02-01-2014,15194.2546
1185,Nicobars,2,35,Andaman & Nicobar Island,02-01-2014,15010.00791
1186,Andamans,1,35,Andaman & Nicobar Island,02-01-2014,15020.83552
1187,Data Not Available,99,99,Jammu and Kashmir,02-01-2014,13234.7376
1188,Jammu,13,1,Jammu and Kashmir,03-01-2014,14788.75187
1189,Kargil,8,1,Jammu and Kashmir,03-01-2014,13386.8071
1190,Kathua,14,1,Jammu and Kashmir,03-01-2014,14680.29961
1191,Leh (Ladakh),7,1,Jammu and Kashmir,03-01-2014,13730.81279
1192,Kupwara,1,1,Jammu and Kashmir,03-01-2014,13971.99384
1193,Punch,11,1,Jammu and Kashmir,03-01-2014,14355.20407
1194,Pulwama,5,1,Jammu and Kashmir,03-01-2014,14217.31677
1195,Rajauri,12,1,Jammu and Kashmir,03-01-2014,14604.98739
1196,Anantnag,6,1,Jammu and Kashmir,03-01-2014,13758.30261
1197,Badgam,4,1,Jammu and Kashmir,03-01-2014,14032.03904
1198,Baramula,2,1,Jammu and Kashmir,03-01-2014,13888.40653
1199,Doda,9,1,Jammu and Kashmir,03-01-2014,13663.67393
1200,Srinagar,3,1,Jammu and Kashmir,03-01-2014,13758.88517
1201,Udhampur,10,1,Jammu and Kashmir,03-01-2014,14429.17249
1202,Kangra,2,2,Himachal Pradesh,03-01-2014,14522.48245
1203,Kinnaur,12,2,Himachal Pradesh,03-01-2014,13520.82071
1204,Lahul & Spiti,3,2,Himachal Pradesh,03-01-2014,13317.2322
1205,Kullu,4,2,Himachal Pradesh,03-01-2014,13877.77285
1206,Mandi,5,2,Himachal Pradesh,03-01-2014,14594.48522
1207,Bilaspur,8,2,Himachal Pradesh,03-01-2014,14787.22261
1208,Chamba,1,2,Himachal Pradesh,03-01-2014,13913.51181
1209,Hamirpur,6,2,Himachal Pradesh,03-01-2014,14813.51853
1210,Shimla,11,2,Himachal Pradesh,03-01-2014,14329.82334
1211,Sirmaur,10,2,Himachal Pradesh,03-01-2014,14762.9501
1212,Solan,9,2,Himachal Pradesh,03-01-2014,14813.03061
1213,Una,7,2,Himachal Pradesh,03-01-2014,14841.00957
1214,Hoshiarpur,5,3,Punjab,03-01-2014,14890.54633
1215,Jalandhar,4,3,Punjab,03-01-2014,14853.74783
1216,Kapurthala,3,3,Punjab,03-01-2014,14834.4986
1217,Ludhiana,9,3,Punjab,03-01-2014,14836.97936
1218,Mansa,15,3,Punjab,03-01-2014,14848.06746
1219,Moga,10,3,Punjab,03-01-2014,14824.28122
1220,Muktsar,12,3,Punjab,03-01-2014,14832.94074
1221,Nawanshahr,6,3,Punjab,03-01-2014,14861.43132
1222,Patiala,17,3,Punjab,03-01-2014,14860.27133
1223,Sangrur,16,3,Punjab,03-01-2014,14813.65182
1224,Amritsar,2,3,Punjab,03-01-2014,14786.40075
1225,Firozpur,11,3,Punjab,03-01-2014,14835.95007
1226,Bathinda,14,3,Punjab,03-01-2014,14852.93872
1227,Gurdaspur,1,3,Punjab,03-01-2014,14795.0681
1228,Faridkot,13,3,Punjab,03-01-2014,14841.69668
1229,Fatehgarh Sahib,8,3,Punjab,03-01-2014,14851.05801
1230,Rupnagar,7,3,Punjab,03-01-2014,14878.99642
1231,Chandigarh,1,4,Chandigarh,03-01-2014,14997.388
1232,Hardwar,13,5,Uttarakhand,03-01-2014,14946.00724
1233,Nainital,11,5,Uttarakhand,03-01-2014,14851.01934
1234,Pithoragarh,7,5,Uttarakhand,03-01-2014,13946.40331
1235,Bageshwar,8,5,Uttarakhand,03-01-2014,14391.08885
1236,Almora,9,5,Uttarakhand,03-01-2014,14754.42822
1237,Chamoli,2,5,Uttarakhand,03-01-2014,13853.35042
1238,Champawat,10,5,Uttarakhand,03-01-2014,14757.57841
1239,Dehradun,5,5,Uttarakhand,03-01-2014,14783.77954
1240,Garhwal,6,5,Uttarakhand,03-01-2014,14772.04519
1241,Rudraprayag,3,5,Uttarakhand,03-01-2014,14240.02226
1242,Tehri Garhwal,4,5,Uttarakhand,03-01-2014,14519.23511
1243,Udham Singh Nagar,12,5,Uttarakhand,03-01-2014,14945.97341
1244,Uttarkashi,1,5,Uttarakhand,03-01-2014,13837.23673
1245,Hisar,12,6,Haryana,03-01-2014,14906.67579
1246,Jind,9,6,Haryana,03-01-2014,14846.75528
1247,Kaithal,5,6,Haryana,03-01-2014,14879.30165
1248,Karnal,6,6,Haryana,03-01-2014,14884.27152
1249,Kurukshetra,4,6,Haryana,03-01-2014,14895.68405
1250,Panchkula,1,6,Haryana,03-01-2014,14928.21607
1251,Panipat,7,6,Haryana,03-01-2014,14889.72014
1252,Ambala,2,6,Haryana,03-01-2014,14913.13489
1253,Gurgaon,18,6,Haryana,03-01-2014,14998.86759
1254,Faridabad,19,6,Haryana,03-01-2014,14938.13576
1255,Fatehabad,10,6,Haryana,03-01-2014,14860.22483
1256,Rohtak,14,6,Haryana,03-01-2014,14911.87724
1257,Sirsa,11,6,Haryana,03-01-2014,14887.20416
1258,Sonipat,8,6,Haryana,03-01-2014,14887.56096
1259,Yamunanagar,3,6,Haryana,03-01-2014,14917.90962
1260,Jhajjar,15,6,Haryana,03-01-2014,14940.16686
1261,Mahendragarh,16,6,Haryana,03-01-2014,15010.58958
1262,Rewari,17,6,Haryana,03-01-2014,14988.33141
1263,Bhiwani,13,6,Haryana,03-01-2014,14962.73367
1264,Central,6,7,Delhi  & NCR,03-01-2014,15064.80073
1265,East,4,7,Delhi  & NCR,03-01-2014,15038.1992
1266,New Delhi,5,7,Delhi  & NCR,03-01-2014,15003.24959
1267,North,2,7,Delhi  & NCR,03-01-2014,14988.37403
1268,North East,3,7,Delhi  & NCR,03-01-2014,15005.35378
1269,North West,1,7,Delhi  & NCR,03-01-2014,14992.43808
1270,South,9,7,Delhi  & NCR,03-01-2014,14980.14807
1271,South West,8,7,Delhi  & NCR,03-01-2014,15012.48861
1272,West,7,7,Delhi  & NCR,03-01-2014,15060.44468
1273,Jaipur,12,8,Rajasthan,03-01-2014,15277.53197
1274,Jaisalmer,16,8,Rajasthan,03-01-2014,15743.25913
1275,Jalor,18,8,Rajasthan,03-01-2014,15663.72638
1276,Jhalawar,32,8,Rajasthan,03-01-2014,15503.66619
1277,Jhunjhunun,5,8,Rajasthan,03-01-2014,15172.99792
1278,Jodhpur,15,8,Rajasthan,03-01-2014,15654.67473
1279,Kota,30,8,Rajasthan,03-01-2014,15333.93941
1280,Nagaur,14,8,Rajasthan,03-01-2014,15503.92031
1281,Pali,20,8,Rajasthan,03-01-2014,15662.82508
1282,Rajsamand,25,8,Rajasthan,03-01-2014,15459.99696
1283,Sawai Madhopur,10,8,Rajasthan,03-01-2014,15324.92252
1284,Ajmer,21,8,Rajasthan,03-01-2014,15448.28448
1285,Banswara,28,8,Rajasthan,03-01-2014,15509.61275
1286,Barmer,17,8,Rajasthan,03-01-2014,15727.11561
1287,Bhilwara,24,8,Rajasthan,03-01-2014,15457.84736
1288,Bikaner,3,8,Rajasthan,03-01-2014,15609.758
1289,Bharatpur,7,8,Rajasthan,03-01-2014,15137.52589
1290,Bundi,23,8,Rajasthan,03-01-2014,15312.76004
1291,Chittaurgarh,29,8,Rajasthan,03-01-2014,15452.9549
1292,Churu,4,8,Rajasthan,03-01-2014,15467.90759
1293,Dausa,11,8,Rajasthan,03-01-2014,15192.13602
1294,Dhaulpur,8,8,Rajasthan,03-01-2014,15240.95731
1295,Dungarpur,27,8,Rajasthan,03-01-2014,15518.08637
1296,Karauli,9,8,Rajasthan,03-01-2014,15261.87083
1297,Sirohi,19,8,Rajasthan,03-01-2014,15591.96018
1298,Tonk,22,8,Rajasthan,03-01-2014,15396.90411
1299,Sikar,13,8,Rajasthan,03-01-2014,15253.54054
1300,Alwar,6,8,Rajasthan,03-01-2014,15080.55856
1301,Udaipur,26,8,Rajasthan,03-01-2014,15506.88244
1302,Ganganagar,1,8,Rajasthan,03-01-2014,15164.64643
1303,Hanumangarh,2,8,Rajasthan,03-01-2014,15185.50236
1304,Baran,31,8,Rajasthan,03-01-2014,15403.51983
1305,Hathras,13,9,Uttar Pradesh,03-01-2014,15056.40947
1306,Jalaun,35,9,Uttar Pradesh,03-01-2014,15236.68181
1307,Jaunpur,64,9,Uttar Pradesh,03-01-2014,15106.47447
1308,Jhansi,36,9,Uttar Pradesh,03-01-2014,15293.87191
1309,Jyotiba Phule Nagar,6,9,Uttar Pradesh,03-01-2014,14908.09617
1310,Kannauj,30,9,Uttar Pradesh,03-01-2014,15136.0598
1311,Kanpur Nagar,34,9,Uttar Pradesh,03-01-2014,15118.6609
1312,Kaushambi,44,9,Uttar Pradesh,03-01-2014,15099.07424
1313,Kheri,23,9,Uttar Pradesh,03-01-2014,15107.27425
1314,Mirzapur,69,9,Uttar Pradesh,03-01-2014,15241.59069
1315,Moradabad,4,9,Uttar Pradesh,03-01-2014,14905.96583
1316,Muzaffarnagar,2,9,Uttar Pradesh,03-01-2014,14939.4302
1317,Rae Bareli,28,9,Uttar Pradesh,03-01-2014,15071.82905
1318,Kushinagar,59,9,Uttar Pradesh,03-01-2014,15117.18041
1319,Lucknow,27,9,Uttar Pradesh,03-01-2014,15097.24047
1320,Lalitpur,37,9,Uttar Pradesh,03-01-2014,15259.9322
1321,Mahrajganj,57,9,Uttar Pradesh,03-01-2014,15084.80367
1322,Mahoba,39,9,Uttar Pradesh,03-01-2014,15282.82652
1323,Mainpuri,18,9,Uttar Pradesh,03-01-2014,15050.21412
1324,Mathura,14,9,Uttar Pradesh,03-01-2014,15021.99701
1325,Mau,62,9,Uttar Pradesh,03-01-2014,15094.22997
1326,Meerut,7,9,Uttar Pradesh,03-01-2014,14917.96188
1327,Pilibhit,21,9,Uttar Pradesh,03-01-2014,15005.43238
1328,Pratapgarh,43,9,Uttar Pradesh,03-01-2014,15095.67634
1329,Rampur,5,9,Uttar Pradesh,03-01-2014,14892.14125
1330,Sant Ravidas Nagar Bhadohi,68,9,Uttar Pradesh,03-01-2014,15094.35992
1331,Sant Kabir Nagar,56,9,Uttar Pradesh,03-01-2014,15067.69307
1332,Shahjahanpur,22,9,Uttar Pradesh,03-01-2014,15066.8501
1333,Auraiya,32,9,Uttar Pradesh,03-01-2014,15097.21766
1334,Azamgarh,61,9,Uttar Pradesh,03-01-2014,15093.33841
1335,Budaun,19,9,Uttar Pradesh,03-01-2014,14957.05701
1336,Agra,15,9,Uttar Pradesh,03-01-2014,15111.8166
1337,Aligarh,12,9,Uttar Pradesh,03-01-2014,14977.0405
1338,Allahabad,45,9,Uttar Pradesh,03-01-2014,15153.87509
1339,Ambedkar Nagar,48,9,Uttar Pradesh,03-01-2014,15083.82773
1340,Bareilly,20,9,Uttar Pradesh,03-01-2014,14990.56452
1341,Bijnor,3,9,Uttar Pradesh,03-01-2014,14956.207
1342,Basti,55,9,Uttar Pradesh,03-01-2014,15113.80585
1343,Baghpat,8,9,Uttar Pradesh,03-01-2014,14913.67397
1344,Bahraich,50,9,Uttar Pradesh,03-01-2014,15086.88334
1345,Ballia,63,9,Uttar Pradesh,03-01-2014,15105.73143
1346,Balrampur,52,9,Uttar Pradesh,03-01-2014,15129.21453
1347,Banda,40,9,Uttar Pradesh,03-01-2014,15181.95692
1348,Barabanki,46,9,Uttar Pradesh,03-01-2014,15072.1814
1349,Chitrakoot,41,9,Uttar Pradesh,03-01-2014,15198.77574
1350,Chandauli,66,9,Uttar Pradesh,03-01-2014,15159.46716
1351,Deoria,60,9,Uttar Pradesh,03-01-2014,15071.9094
1352,Etah,17,9,Uttar Pradesh,03-01-2014,14987.20145
1353,Kanpur Dehat,33,9,Uttar Pradesh,03-01-2014,15123.80593
1354,Etawah,31,9,Uttar Pradesh,03-01-2014,15112.13371
1355,Faizabad,47,9,Uttar Pradesh,03-01-2014,15109.7332
1356,Ghazipur,65,9,Uttar Pradesh,03-01-2014,15112.75834
1357,Gonda,53,9,Uttar Pradesh,03-01-2014,15122.68065
1358,Gorakhpur,58,9,Uttar Pradesh,03-01-2014,15063.42445
1359,Farrukhabad,29,9,Uttar Pradesh,03-01-2014,15075.18849
1360,Fatehpur,42,9,Uttar Pradesh,03-01-2014,15090.76584
1361,Firozabad,16,9,Uttar Pradesh,03-01-2014,15074.42333
1362,Hamirpur,38,9,Uttar Pradesh,03-01-2014,15245.86046
1363,Hardoi,25,9,Uttar Pradesh,03-01-2014,15048.88834
1364,Shrawasti,51,9,Uttar Pradesh,03-01-2014,15100.40719
1365,Saharanpur,1,9,Uttar Pradesh,03-01-2014,14930.33754
1366,Sitapur,24,9,Uttar Pradesh,03-01-2014,15097.82568
1367,Sultanpur,49,9,Uttar Pradesh,03-01-2014,15091.19736
1368,Sonbhadra,70,9,Uttar Pradesh,03-01-2014,15249.85969
1369,Siddharthnagar,54,9,Uttar Pradesh,03-01-2014,15085.53854
1370,Unnao,26,9,Uttar Pradesh,03-01-2014,15069.10694
1371,Varanasi,67,9,Uttar Pradesh,03-01-2014,15124.26088
1372,Bulandshahr,11,9,Uttar Pradesh,03-01-2014,14904.93242
1373,Gautam Buddha Nagar,10,9,Uttar Pradesh,03-01-2014,14923.18503
1374,Ghaziabad,9,9,Uttar Pradesh,03-01-2014,14924.48508
1375,Jamui,37,10,Bihar,03-01-2014,15327.3923
1376,Kishanganj,8,10,Bihar,03-01-2014,15173.90528
1377,Muzaffarpur,14,10,Bihar,03-01-2014,15104.31998
1378,Purnia,9,10,Bihar,03-01-2014,15053.50449
1379,Khagaria,21,10,Bihar,03-01-2014,15077.06955
1380,Madhubani,5,10,Bihar,03-01-2014,15138.71927
1381,Lakhisarai,25,10,Bihar,03-01-2014,15261.81837
1382,Madhepura,11,10,Bihar,03-01-2014,15083.34997
1383,Purba Champaran,2,10,Bihar,03-01-2014,15079.14611
1384,Munger,24,10,Bihar,03-01-2014,15229.75965
1385,Nalanda,27,10,Bihar,03-01-2014,15233.77849
1386,Nawada,36,10,Bihar,03-01-2014,15241.82116
1387,Pashchim Champaran,1,10,Bihar,03-01-2014,15158.89688
1388,Patna,28,10,Bihar,03-01-2014,15194.17362
1389,Samastipur,19,10,Bihar,03-01-2014,15148.58418
1390,Araria,7,10,Bihar,03-01-2014,15063.13474
1391,Aurangabad,34,10,Bihar,03-01-2014,15231.89979
1392,Banka,23,10,Bihar,03-01-2014,15308.51616
1393,Bhagalpur,22,10,Bihar,03-01-2014,15146.0773
1394,Begusarai,20,10,Bihar,03-01-2014,15173.91797
1395,Saran,17,10,Bihar,03-01-2014,15094.04228
1396,Katihar,10,10,Bihar,03-01-2014,15054.5917
1397,Darbhanga,13,10,Bihar,03-01-2014,15130.68969
1398,Gopalganj,15,10,Bihar,03-01-2014,15082.18666
1399,Sheikhpura,26,10,Bihar,03-01-2014,15309.13201
1400,Sheohar,3,10,Bihar,03-01-2014,15078.36981
1401,Saharsa,12,10,Bihar,03-01-2014,15090.84511
1402,Sitamarhi,4,10,Bihar,03-01-2014,15112.56455
1403,Siwan,16,10,Bihar,03-01-2014,15086.6292
1404,Supaul,6,10,Bihar,03-01-2014,15107.77123
1405,Vaishali,18,10,Bihar,03-01-2014,15139.54174
1406,Kaimur (Bhabua),31,10,Bihar,03-01-2014,15193.90739
1407,Gaya,35,10,Bihar,03-01-2014,15259.31265
1408,Bhojpur,29,10,Bihar,03-01-2014,15129.45583
1409,Buxar,30,10,Bihar,03-01-2014,15102.91306
1410,Jehanabad,33,10,Bihar,03-01-2014,15206.12485
1411,Rohtas,32,10,Bihar,03-01-2014,15172.79331
1412,North,1,11,Sikkim,03-01-2014,13847.6192
1413,East,4,11,Sikkim,03-01-2014,14479.37827
1414,South,3,11,Sikkim,03-01-2014,14620.08589
1415,West,2,11,Sikkim,03-01-2014,14386.09564
1416,Lohit,11,12,Arunanchal Pradesh,03-01-2014,14376.21196
1417,Lower Subansiri,5,12,Arunanchal Pradesh,03-01-2014,14392.45133
1418,Papum Pare,4,12,Arunanchal Pradesh,03-01-2014,14671.32252
1419,Changlang,12,12,Arunanchal Pradesh,03-01-2014,14721.44773
1420,Dibang Valley,10,12,Arunanchal Pradesh,03-01-2014,14199.22286
1421,East Kameng,3,12,Arunanchal Pradesh,03-01-2014,14488.67366
1422,East Siang,8,12,Arunanchal Pradesh,03-01-2014,14768.56972
1423,Tawang,1,12,Arunanchal Pradesh,03-01-2014,14096.45876
1424,Tirap,13,12,Arunanchal Pradesh,03-01-2014,14817.95358
1425,West Kameng,2,12,Arunanchal Pradesh,03-01-2014,14444.12542
1426,West Siang,7,12,Arunanchal Pradesh,03-01-2014,14479.55019
1427,Upper Siang,9,12,Arunanchal Pradesh,03-01-2014,14266.54979
1428,Upper Subansiri,6,12,Arunanchal Pradesh,03-01-2014,14300.14687
1429,Mokokchung,3,13,Nagaland,03-01-2014,14906.23026
1430,Mon,1,13,Nagaland,03-01-2014,14912.4986
1431,Phek,8,13,Nagaland,03-01-2014,14812.69127
1432,Tuensang,2,13,Nagaland,03-01-2014,14799.1113
1433,Wokha,5,13,Nagaland,03-01-2014,14959.0247
1434,Zunheboto,4,13,Nagaland,03-01-2014,14867.15447
1435,Dimapur,6,13,Nagaland,03-01-2014,15131.02134
1436,Kohima,7,13,Nagaland,03-01-2014,14926.03259
1437,Imphal East,7,14,Manipur,03-01-2014,15156.98836
1438,Imphal West,6,14,Manipur,03-01-2014,15029.40697
1439,Senapati (Excl. 3 sub-divisions),1,14,Manipur,03-01-2014,14933.6794
1440,Bishnupur,4,14,Manipur,03-01-2014,15054.85897
1441,Chandel,9,14,Manipur,03-01-2014,15011.4386
1442,Churachandpur,3,14,Manipur,03-01-2014,14954.45558
1443,Tamenglong,2,14,Manipur,03-01-2014,14898.1758
1444,Thoubal,5,14,Manipur,03-01-2014,15160.09924
1445,Ukhrul,8,14,Manipur,03-01-2014,14934.26537
1446,Kolasib,2,15,Mizoram,03-01-2014,15046.01747
1447,Mamit,1,15,Mizoram,03-01-2014,15075.84764
1448,Lunglei,6,15,Mizoram,03-01-2014,15043.0844
1449,Lawngtlai,7,15,Mizoram,03-01-2014,15131.71258
1450,Saiha,8,15,Mizoram,03-01-2014,15012.85495
1451,Serchhip,5,15,Mizoram,03-01-2014,14996.19797
1452,Aizawl,3,15,Mizoram,03-01-2014,15003.49199
1453,Champhai,4,15,Mizoram,03-01-2014,14951.25028
1454,North Tripura,4,16,Tripura,03-01-2014,15194.17078
1455,Dhalai,3,16,Tripura,03-01-2014,15190.87788
1456,South Tripura,2,16,Tripura,03-01-2014,15215.81902
1457,West Tripura,1,16,Tripura,03-01-2014,15228.94763
1458,Jaintia Hills,7,17,Meghalaya,03-01-2014,15003.32785
1459,East Garo Hills,2,17,Meghalaya,03-01-2014,15103.28409
1460,East Khasi Hills,6,17,Meghalaya,03-01-2014,14926.08177
1461,Ri Bhoi,5,17,Meghalaya,03-01-2014,15041.47563
1462,South Garo Hills,3,17,Meghalaya,03-01-2014,15033.50968
1463,West Garo Hills,1,17,Meghalaya,03-01-2014,15124.60296
1464,West Khasi Hills,4,17,Meghalaya,03-01-2014,14967.99331
1465,Jorhat,17,18,Assam,03-01-2014,15157.23955
1466,Karimganj,22,18,Assam,03-01-2014,15219.43185
1467,Kokrajhar,1,18,Assam,03-01-2014,15091.20342
1468,Lakhimpur,12,18,Assam,03-01-2014,15164.35348
1469,Nagaon,10,18,Assam,03-01-2014,15166.81059
1470,Marigaon,9,18,Assam,03-01-2014,15126.6586
1471,Nalbari,7,18,Assam,03-01-2014,15128.16506
1472,North Cachar Hills,20,18,Assam,03-01-2014,15050.73494
1473,Barpeta,5,18,Assam,03-01-2014,15106.49363
1474,Bongaigaon,4,18,Assam,03-01-2014,15053.39797
1475,Cachar,21,18,Assam,03-01-2014,15137.77065
1476,Darrang,8,18,Assam,03-01-2014,15134.33824
1477,Dhemaji,13,18,Assam,03-01-2014,15109.76989
1478,Dhubri,2,18,Assam,03-01-2014,15118.64328
1479,Dibrugarh,15,18,Assam,03-01-2014,15132.18264
1480,Kamrup,6,18,Assam,03-01-2014,15107.52199
1481,Karbi Anglong,19,18,Assam,03-01-2014,15038.40229
1482,Goalpara,3,18,Assam,03-01-2014,15186.23051
1483,Golaghat,18,18,Assam,03-01-2014,15174.85153
1484,Hailakandi,23,18,Assam,03-01-2014,15194.15264
1485,Sonitpur,11,18,Assam,03-01-2014,15162.46653
1486,Sibsagar,16,18,Assam,03-01-2014,15132.78664
1487,Tinsukia,14,18,Assam,03-01-2014,15065.58116
1488,Hugli,12,19,West Bengal,03-01-2014,15280.32163
1489,Jalpaiguri,2,19,West Bengal,03-01-2014,15095.34506
1490,Koch Bihar,3,19,West Bengal,03-01-2014,15069.81913
1491,Murshidabad,7,19,West Bengal,03-01-2014,15225.10219
1492,Puruliya,14,19,West Bengal,03-01-2014,15389.72056
1493,Kolkata,17,19,West Bengal,03-01-2014,15394.74467
1494,Maldah,6,19,West Bengal,03-01-2014,15157.73394
1495,Nadia,10,19,West Bengal,03-01-2014,15261.82835
1496,North Twenty Four Parganas,11,19,West Bengal,03-01-2014,15189.28463
1497,Medinipur,15,19,West Bengal,03-01-2014,15252.61218
1498,Barddhaman,9,19,West Bengal,03-01-2014,15247.12296
1499,Birbhum,8,19,West Bengal,03-01-2014,15247.02272
1500,Bankura,13,19,West Bengal,03-01-2014,15361.14383
1501,Dakshin Dinajpur,5,19,West Bengal,03-01-2014,15153.87442
1502,Darjiling,1,19,West Bengal,03-01-2014,14877.30136
1503,Haora,16,19,West Bengal,03-01-2014,15198.3227
1504,South  Twenty Four Parganas,18,19,West Bengal,03-01-2014,15226.93513
1505,Uttar Dinajpur,4,19,West Bengal,03-01-2014,15117.20249
1506,Purbi Singhbhum,18,20,Jharkhand,03-01-2014,15389.1077
1507,Lohardaga,15,20,Jharkhand,03-01-2014,15211.66105
1508,Pakaur,10,20,Jharkhand,03-01-2014,15389.73678
1509,Pashchimi Singhbhum,17,20,Jharkhand,03-01-2014,15329.56478
1510,Bokaro,13,20,Jharkhand,03-01-2014,15348.32256
1511,Deoghar,7,20,Jharkhand,03-01-2014,15390.00067
1512,Dhanbad,12,20,Jharkhand,03-01-2014,15362.49511
1513,Dumka,11,20,Jharkhand,03-01-2014,15377.4527
1514,Giridih,6,20,Jharkhand,03-01-2014,15363.2556
1515,Godda,8,20,Jharkhand,03-01-2014,15306.23538
1516,Gumla,16,20,Jharkhand,03-01-2014,15313.89054
1517,Ranchi,14,20,Jharkhand,03-01-2014,15303.58349
1518,Sahibganj,9,20,Jharkhand,03-01-2014,15272.21572
1519,Garhwa,1,20,Jharkhand,03-01-2014,15286.51759
1520,Palamu,2,20,Jharkhand,03-01-2014,15263.32009
1521,Chatra,3,20,Jharkhand,03-01-2014,15281.63841
1522,Hazaribagh,4,20,Jharkhand,03-01-2014,15280.75384
1523,Kodarma,5,20,Jharkhand,03-01-2014,15285.72446
1524,Jajapur,13,21,Orissa,03-01-2014,15358.17367
1525,Jagatsinghapur,11,21,Orissa,03-01-2014,15397.54978
1526,Jharsuguda,2,21,Orissa,03-01-2014,15370.37231
1527,Khordha,17,21,Orissa,03-01-2014,15416.19253
1528,Mayurbhanj,7,21,Orissa,03-01-2014,15313.4532
1529,Puri,18,21,Orissa,03-01-2014,15340.03967
1530,Koraput,29,21,Orissa,03-01-2014,15394.57642
1531,Malkangiri,30,21,Orissa,03-01-2014,15465.00272
1532,Nabarangapur,28,21,Orissa,03-01-2014,15493.16512
1533,Nayagarh,16,21,Orissa,03-01-2014,15375.20627
1534,Nuapada,25,21,Orissa,03-01-2014,15529.93973
1535,Kandhamal,21,21,Orissa,03-01-2014,15341.22486
1536,Sambalpur,3,21,Orissa,03-01-2014,15371.12742
1537,Anugul,15,21,Orissa,03-01-2014,15408.88675
1538,Bhadrak,9,21,Orissa,03-01-2014,15396.33603
1539,Baudh,22,21,Orissa,03-01-2014,15461.33598
1540,Balangir,24,21,Orissa,03-01-2014,15539.49932
1541,Baleshwar,8,21,Orissa,03-01-2014,15271.07607
1542,Bargarh,1,21,Orissa,03-01-2014,15393.82292
1543,Kendrapara,10,21,Orissa,03-01-2014,15349.89118
1544,Kendujhar,6,21,Orissa,03-01-2014,15374.16436
1545,Debagarh,4,21,Orissa,03-01-2014,15341.25228
1546,Cuttack,12,21,Orissa,03-01-2014,15379.96865
1547,Dhenkanal,14,21,Orissa,03-01-2014,15384.6847
1548,Kalahandi,26,21,Orissa,03-01-2014,15435.71413
1549,Ganjam,19,21,Orissa,03-01-2014,15433.25905
1550,Gajapati,20,21,Orissa,03-01-2014,15309.25903
1551,Rayagada,27,21,Orissa,03-01-2014,15365.41114
1552,Sundargarh,5,21,Orissa,03-01-2014,15361.73555
1553,Sonapur,23,21,Orissa,03-01-2014,15443.91009
1554,Jashpur,3,22,Chhattisgarh,03-01-2014,15327.11238
1555,Koriya,1,22,Chhattisgarh,03-01-2014,15265.82797
1556,Mahasamund,12,22,Chhattisgarh,03-01-2014,15456.87035
1557,Raigarh,4,22,Chhattisgarh,03-01-2014,15366.24381
1558,Raipur,11,22,Chhattisgarh,03-01-2014,15467.22458
1559,Rajnandgaon,9,22,Chhattisgarh,03-01-2014,15456.33203
1560,Bastar,15,22,Chhattisgarh,03-01-2014,15406.46532
1561,Dantewada,16,22,Chhattisgarh,03-01-2014,15411.81278
1562,Dhamtari,13,22,Chhattisgarh,03-01-2014,15348.89389
1563,Durg,10,22,Chhattisgarh,03-01-2014,15465.39877
1564,Kanker,14,22,Chhattisgarh,03-01-2014,15414.56196
1565,Surguja,2,22,Chhattisgarh,03-01-2014,15258.01141
1566,Bilaspur,7,22,Chhattisgarh,03-01-2014,15336.9981
1567,Janjgir - Champa,6,22,Chhattisgarh,03-01-2014,15455.19669
1568,Korba,5,22,Chhattisgarh,03-01-2014,15273.22932
1569,Kawardha,8,22,Chhattisgarh,03-01-2014,15428.52343
1570,Hoshangabad,37,23,Madhya Pradesh,03-01-2014,15388.99851
1571,Indore,26,23,Madhya Pradesh,03-01-2014,15436.88703
1572,Jabalpur,39,23,Madhya Pradesh,03-01-2014,15326.20008
1573,Jhabua,24,23,Madhya Pradesh,03-01-2014,15642.33464
1574,Mandsaur,19,23,Madhya Pradesh,03-01-2014,15496.40185
1575,Tikamgarh,8,23,Madhya Pradesh,03-01-2014,15263.66008
1576,Narsimhapur,40,23,Madhya Pradesh,03-01-2014,15436.46727
1577,Neemuch,18,23,Madhya Pradesh,03-01-2014,15469.30033
1578,Panna,10,23,Madhya Pradesh,03-01-2014,15318.19695
1579,Raisen,34,23,Madhya Pradesh,03-01-2014,15450.03349
1580,Rajgarh,30,23,Madhya Pradesh,03-01-2014,15600.11374
1581,Satna,13,23,Madhya Pradesh,03-01-2014,15212.76073
1582,Sehore,33,23,Madhya Pradesh,03-01-2014,15526.86877
1583,Seoni,44,23,Madhya Pradesh,03-01-2014,15454.28361
1584,Bhind,3,23,Madhya Pradesh,03-01-2014,15204.79452
1585,Bhopal,32,23,Madhya Pradesh,03-01-2014,15414.69129
1586,Barwani,28,23,Madhya Pradesh,03-01-2014,15743.94696
1587,Betul,35,23,Madhya Pradesh,03-01-2014,15497.16247
1588,Balaghat,45,23,Madhya Pradesh,03-01-2014,15340.15348
1589,Chhatarpur,9,23,Madhya Pradesh,03-01-2014,15281.8692
1590,Chhindwara,43,23,Madhya Pradesh,03-01-2014,15472.82172
1591,Dewas,23,23,Madhya Pradesh,03-01-2014,15553.31493
1592,Katni,38,23,Madhya Pradesh,03-01-2014,15273.47468
1593,Datia,5,23,Madhya Pradesh,03-01-2014,15178.99275
1594,Damoh,12,23,Madhya Pradesh,03-01-2014,15369.61515
1595,Dhar,25,23,Madhya Pradesh,03-01-2014,15606.45048
1596,East Nimar,29,23,Madhya Pradesh,03-01-2014,15618.63735
1597,Guna,7,23,Madhya Pradesh,03-01-2014,15353.58756
1598,Gwalior,4,23,Madhya Pradesh,03-01-2014,15235.92154
1599,Harda,36,23,Madhya Pradesh,03-01-2014,15569.64923
1600,Shajapur,22,23,Madhya Pradesh,03-01-2014,15542.45914
1601,Shivpuri,6,23,Madhya Pradesh,03-01-2014,15287.87097
1602,Ratlam,20,23,Madhya Pradesh,03-01-2014,15544.32292
1603,Rewa,14,23,Madhya Pradesh,03-01-2014,15217.8366
1604,Sagar,11,23,Madhya Pradesh,03-01-2014,15402.5202
1605,Sidhi,17,23,Madhya Pradesh,03-01-2014,15243.12042
1606,Ujjain,21,23,Madhya Pradesh,03-01-2014,15453.11482
1607,Vidisha,31,23,Madhya Pradesh,03-01-2014,15385.73649
1608,West Nimar,27,23,Madhya Pradesh,03-01-2014,15669.96078
1609,Morena,2,23,Madhya Pradesh,03-01-2014,15191.08676
1610,Sheopur,1,23,Madhya Pradesh,03-01-2014,15391.26438
1611,Dindori,41,23,Madhya Pradesh,03-01-2014,15398.89208
1612,Mandla,42,23,Madhya Pradesh,03-01-2014,15409.28274
1613,Shahdol,16,23,Madhya Pradesh,03-01-2014,15323.72806
1614,Umaria,15,23,Madhya Pradesh,03-01-2014,15302.37794
1615,Jamnagar,10,24,Gujarat,03-01-2014,15656.27898
1616,Kheda,16,24,Gujarat,03-01-2014,15463.08138
1617,Mahesana,4,24,Gujarat,03-01-2014,15521.68917
1618,Narmada,20,24,Gujarat,03-01-2014,15604.5418
1619,Navsari,24,24,Gujarat,03-01-2014,15486.6799
1620,Panch Mahals,17,24,Gujarat,03-01-2014,15482.45713
1621,Patan,3,24,Gujarat,03-01-2014,15653.49376
1622,Porbandar,11,24,Gujarat,03-01-2014,15635.74711
1623,Rajkot,9,24,Gujarat,03-01-2014,15708.58841
1624,Anand,15,24,Gujarat,03-01-2014,15439.18513
1625,Ahmadabad,7,24,Gujarat,03-01-2014,15641.16049
1626,Amreli,13,24,Gujarat,03-01-2014,15786.33303
1627,Bhavnagar,14,24,Gujarat,03-01-2014,15741.57744
1628,Banas Kantha,2,24,Gujarat,03-01-2014,15570.16317
1629,Dohad,18,24,Gujarat,03-01-2014,15527.27053
1630,Junagadh,12,24,Gujarat,03-01-2014,15689.39845
1631,Kachchh,1,24,Gujarat,03-01-2014,15616.89387
1632,Gandhinagar,6,24,Gujarat,03-01-2014,15514.07883
1633,Sabar Kantha,5,24,Gujarat,03-01-2014,15486.47496
1634,Surendranagar,8,24,Gujarat,03-01-2014,15724.81899
1635,The Dangs,23,24,Gujarat,03-01-2014,15588.31791
1636,Vadodara,19,24,Gujarat,03-01-2014,15501.34214
1637,Valsad,25,24,Gujarat,03-01-2014,15583.03084
1638,Bharuch,21,24,Gujarat,03-01-2014,15599.01817
1639,Surat,22,24,Gujarat,03-01-2014,15544.80986
1640,Daman,2,25,Daman & Diu,03-01-2014,15405.51887
1641,Diu,1,25,Daman & Diu,03-01-2014,15367.47659
1642,Dadra & Nagar Haveli,1,26,Dadara & Nagar Havelli,03-01-2014,15668.26323
1643,Hingoli,16,27,Maharashtra,03-01-2014,15530.54847
1644,Jalgaon,3,27,Maharashtra,03-01-2014,15545.71969
1645,Jalna,18,27,Maharashtra,03-01-2014,15549.89557
1646,Kolhapur,34,27,Maharashtra,03-01-2014,15562.69979
1647,Latur,28,27,Maharashtra,03-01-2014,15632.41876
1648,Pune,25,27,Maharashtra,03-01-2014,15584.88889
1649,Nagpur,9,27,Maharashtra,03-01-2014,15486.21585
1650,Mumbai,23,27,Maharashtra,03-01-2014,15360.7062
1651,Mumbai (Suburban),22,27,Maharashtra,03-01-2014,15431.98856
1652,Nanded,15,27,Maharashtra,03-01-2014,15550.49273
1653,Nandurbar,1,27,Maharashtra,03-01-2014,15684.00426
1654,Nashik,20,27,Maharashtra,03-01-2014,15659.30591
1655,Osmanabad,29,27,Maharashtra,03-01-2014,15693.19861
1656,Parbhani,17,27,Maharashtra,03-01-2014,15540.39013
1657,Sangli,35,27,Maharashtra,03-01-2014,15747.25904
1658,Satara,31,27,Maharashtra,03-01-2014,15647.29782
1659,Aurangabad,19,27,Maharashtra,03-01-2014,15587.63154
1660,Ahmadnagar,26,27,Maharashtra,03-01-2014,15638.54013
1661,Akola,5,27,Maharashtra,03-01-2014,15674.40863
1662,Amravati,7,27,Maharashtra,03-01-2014,15591.34253
1663,Bid,27,27,Maharashtra,03-01-2014,15600.44055
1664,Bhandara,10,27,Maharashtra,03-01-2014,15425.09508
1665,Buldana,4,27,Maharashtra,03-01-2014,15575.80803
1666,Chandrapur,13,27,Maharashtra,03-01-2014,15501.41224
1667,Dhule,2,27,Maharashtra,03-01-2014,15676.61462
1668,Gadchiroli,12,27,Maharashtra,03-01-2014,15383.79333
1669,Gondiya,11,27,Maharashtra,03-01-2014,15399.35479
1670,Ratnagiri,32,27,Maharashtra,03-01-2014,15586.10657
1671,Raigarh,24,27,Maharashtra,03-01-2014,15622.21337
1672,Thane,21,27,Maharashtra,03-01-2014,15687.66932
1673,Solapur,30,27,Maharashtra,03-01-2014,15677.45672
1674,Sindhudurg,33,27,Maharashtra,03-01-2014,15532.63132
1675,Wardha,8,27,Maharashtra,03-01-2014,15586.81737
1676,Washim,6,27,Maharashtra,03-01-2014,15606.12079
1677,Yavatmal,14,27,Maharashtra,03-01-2014,15533.41701
1678,Hyderabad,5,28,Andhra Pradesh,03-01-2014,15536.57313
1679,Khammam,10,28,Andhra Pradesh,03-01-2014,15531.01443
1680,Medak,4,28,Andhra Pradesh,03-01-2014,15497.06953
1681,Krishna,16,28,Andhra Pradesh,03-01-2014,15395.78884
1682,Kurnool,21,28,Andhra Pradesh,03-01-2014,15716.66892
1683,Mahbubnagar,7,28,Andhra Pradesh,03-01-2014,15660.03096
1684,Nalgonda,8,28,Andhra Pradesh,03-01-2014,15553.80149
1685,Nellore,19,28,Andhra Pradesh,03-01-2014,15622.8871
1686,Nizamabad,2,28,Andhra Pradesh,03-01-2014,15398.76657
1687,Prakasam,18,28,Andhra Pradesh,03-01-2014,15682.43408
1688,Anantapur,22,28,Andhra Pradesh,03-01-2014,15786.69333
1689,Adilabad,1,28,Andhra Pradesh,03-01-2014,15506.54225
1690,Chittoor,23,28,Andhra Pradesh,03-01-2014,15655.09952
1691,Cuddapah,20,28,Andhra Pradesh,03-01-2014,15734.66376
1692,East Godavari,14,28,Andhra Pradesh,03-01-2014,15328.85548
1693,Karimnagar,3,28,Andhra Pradesh,03-01-2014,15391.89357
1694,Guntur,17,28,Andhra Pradesh,03-01-2014,15505.56906
1695,Rangareddi,6,28,Andhra Pradesh,03-01-2014,15645.36338
1696,Srikakulam,11,28,Andhra Pradesh,03-01-2014,15480.08497
1697,West Godavari,15,28,Andhra Pradesh,03-01-2014,15299.15998
1698,Visakhapatnam,13,28,Andhra Pradesh,03-01-2014,15402.81193
1699,Vizianagaram,12,28,Andhra Pradesh,03-01-2014,15470.06967
1700,Warangal,9,28,Andhra Pradesh,03-01-2014,15513.96643
1701,Hassan,23,29,Karnataka,03-01-2014,15560.29566
1702,Haveri,11,29,Karnataka,03-01-2014,15749.70032
1703,Kodagu,25,29,Karnataka,03-01-2014,15217.26333
1704,Kolar,19,29,Karnataka,03-01-2014,15695.74562
1705,Mandya,22,29,Karnataka,03-01-2014,15497.60388
1706,Koppal,7,29,Karnataka,03-01-2014,15668.95199
1707,Mysore,26,29,Karnataka,03-01-2014,15621.97135
1708,Raichur,6,29,Karnataka,03-01-2014,15632.12558
1709,Bagalkot,2,29,Karnataka,03-01-2014,15665.32047
1710,Bangalore,20,29,Karnataka,03-01-2014,15550.66143
1711,Bidar,5,29,Karnataka,03-01-2014,15666.16803
1712,Bijapur,3,29,Karnataka,03-01-2014,15791.41493
1713,Belgaum,1,29,Karnataka,03-01-2014,15660.05076
1714,Bellary,12,29,Karnataka,03-01-2014,15675.797
1715,Bangalore Rural,21,29,Karnataka,03-01-2014,15573.95769
1716,Chamarajanagar,27,29,Karnataka,03-01-2014,15623.92823
1717,Chikmagalur,17,29,Karnataka,03-01-2014,15416.96703
1718,Chitradurga,13,29,Karnataka,03-01-2014,15772.30235
1719,Dakshina Kannada,24,29,Karnataka,03-01-2014,15329.36305
1720,Davanagere,14,29,Karnataka,03-01-2014,15627.8963
1721,Dharwad,9,29,Karnataka,03-01-2014,15833.46352
1722,Gulbarga,4,29,Karnataka,03-01-2014,15743.02464
1723,Gadag,8,29,Karnataka,03-01-2014,15852.75677
1724,Shimoga,15,29,Karnataka,03-01-2014,15425.19176
1725,Tumkur,18,29,Karnataka,03-01-2014,15619.69795
1726,Udupi,16,29,Karnataka,03-01-2014,15371.03129
1727,Uttara Kannada,10,29,Karnataka,03-01-2014,15321.97805
1728,North Goa,1,30,Goa,03-01-2014,15441.98745
1729,South Goa,2,30,Goa,03-01-2014,15373.85411
1730,Lakshadweep,1,31,Lakshadweep,03-01-2014,15138.20699
1731,Idukki,9,32,Kerala,03-01-2014,15154.79763
1732,Kollam,13,32,Kerala,03-01-2014,15267.17655
1733,Kottayam,10,32,Kerala,03-01-2014,15336.05554
1734,Kozhikode,4,32,Kerala,03-01-2014,15289.56052
1735,Malappuram,5,32,Kerala,03-01-2014,15359.82106
1736,Palakkad,6,32,Kerala,03-01-2014,15413.4417
1737,Pathanamthitta,12,32,Kerala,03-01-2014,15225.19304
1738,Alappuzha,11,32,Kerala,03-01-2014,15323.71569
1739,Kasaragod,1,32,Kerala,03-01-2014,15391.32245
1740,Kannur,2,32,Kerala,03-01-2014,15361.98816
1741,Ernakulam,8,32,Kerala,03-01-2014,15374.1742
1742,Thrissur,7,32,Kerala,03-01-2014,15395.63924
1743,Thiruvananthapuram,14,32,Kerala,03-01-2014,15287.75236
1744,Wayanad,3,32,Kerala,03-01-2014,15227.85211
1745,Kanniyakumari,30,33,Tamil Nadu,03-01-2014,15297.70274
1746,Karur,14,33,Tamil Nadu,03-01-2014,15895.96307
1747,Madurai,24,33,Tamil Nadu,03-01-2014,15727.53022
1748,Namakkal,9,33,Tamil Nadu,03-01-2014,15760.82857
1749,The Nilgiris,11,33,Tamil Nadu,03-01-2014,15192.40239
1750,Perambalur,16,33,Tamil Nadu,03-01-2014,15792.82426
1751,Pudukkottai,22,33,Tamil Nadu,03-01-2014,15752.27015
1752,Ramanathapuram,27,33,Tamil Nadu,03-01-2014,15719.48105
1753,Salem,8,33,Tamil Nadu,03-01-2014,15695.60692
1754,Ariyalur,17,33,Tamil Nadu,03-01-2014,15665.04103
1755,Coimbatore,12,33,Tamil Nadu,03-01-2014,15630.72204
1756,Cuddalore,18,33,Tamil Nadu,03-01-2014,15582.28184
1757,Dharmapuri,5,33,Tamil Nadu,03-01-2014,15691.70398
1758,Dindigul,13,33,Tamil Nadu,03-01-2014,15657.27484
1759,Erode,10,33,Tamil Nadu,03-01-2014,15713.74206
1760,Sivaganga,23,33,Tamil Nadu,03-01-2014,15757.53102
1761,Tiruchirappalli,15,33,Tamil Nadu,03-01-2014,15760.04872
1762,Tirunelveli,29,33,Tamil Nadu,03-01-2014,15533.13269
1763,Tiruvannamalai,6,33,Tamil Nadu,03-01-2014,15673.15769
1764,Thoothukkudi,28,33,Tamil Nadu,03-01-2014,15754.42322
1765,Theni,25,33,Tamil Nadu,03-01-2014,15477.74608
1766,Vellore,4,33,Tamil Nadu,03-01-2014,15642.63319
1767,Viluppuram,7,33,Tamil Nadu,03-01-2014,15615.14621
1768,Virudhunagar,26,33,Tamil Nadu,03-01-2014,15786.19727
1769,Chennai,2,33,Tamil Nadu,03-01-2014,15512.27944
1770,Kancheepuram,3,33,Tamil Nadu,03-01-2014,15592.99343
1771,Thiruvallur,1,33,Tamil Nadu,03-01-2014,15599.68367
1772,Thanjavur,21,33,Tamil Nadu,03-01-2014,15554.30062
1773,Thiruvarur,20,33,Tamil Nadu,03-01-2014,15527.66753
1774,Nagapattinam,19,33,Tamil Nadu,03-01-2014,15514.92043
1775,Pondicherry,2,34,Puducherry,03-01-2014,15459.86608
1776,Yanam,1,34,Puducherry,03-01-2014,15280.9577
1777,Karaikal,4,34,Puducherry,03-01-2014,15515.04724
1778,Mahe,3,34,Puducherry,03-01-2014,15282.95804
1779,Nicobars,2,35,Andaman & Nicobar Island,03-01-2014,15106.71148
1780,Andamans,1,35,Andaman & Nicobar Island,03-01-2014,15207.19057
1781,Data Not Available,99,99,Jammu and Kashmir,03-01-2014,13553.04857
1782,Jammu,13,1,Jammu and Kashmir,04-01-2014,15233.02622
1783,Kargil,8,1,Jammu and Kashmir,04-01-2014,13807.28196
1784,Kathua,14,1,Jammu and Kashmir,04-01-2014,15023.23353
1785,Leh (Ladakh),7,1,Jammu and Kashmir,04-01-2014,14161.28413
1786,Kupwara,1,1,Jammu and Kashmir,04-01-2014,14328.50979
1787,Punch,11,1,Jammu and Kashmir,04-01-2014,14748.53418
1788,Pulwama,5,1,Jammu and Kashmir,04-01-2014,14629.20904
1789,Rajauri,12,1,Jammu and Kashmir,04-01-2014,15002.88904
1790,Srinagar,3,1,Jammu and Kashmir,04-01-2014,14121.31814
1791,Udhampur,10,1,Jammu and Kashmir,04-01-2014,14827.58892
1792,Anantnag,6,1,Jammu and Kashmir,04-01-2014,14125.93003
1793,Badgam,4,1,Jammu and Kashmir,04-01-2014,14404.64053
1794,Baramula,2,1,Jammu and Kashmir,04-01-2014,14213.945
1795,Doda,9,1,Jammu and Kashmir,04-01-2014,13998.51334
1796,Kangra,2,2,Himachal Pradesh,04-01-2014,14845.62817
1797,Kinnaur,12,2,Himachal Pradesh,04-01-2014,13868.212
1798,Lahul & Spiti,3,2,Himachal Pradesh,04-01-2014,13647.00507
1799,Kullu,4,2,Himachal Pradesh,04-01-2014,14154.49417
1800,Mandi,5,2,Himachal Pradesh,04-01-2014,14902.86182
1801,Shimla,11,2,Himachal Pradesh,04-01-2014,14650.90068
1802,Sirmaur,10,2,Himachal Pradesh,04-01-2014,15100.82608
1803,Solan,9,2,Himachal Pradesh,04-01-2014,15128.19613
1804,Una,7,2,Himachal Pradesh,04-01-2014,15267.87442
1805,Bilaspur,8,2,Himachal Pradesh,04-01-2014,15196.07679
1806,Chamba,1,2,Himachal Pradesh,04-01-2014,14277.86744
1807,Hamirpur,6,2,Himachal Pradesh,04-01-2014,15168.25726
1808,Hoshiarpur,5,3,Punjab,04-01-2014,15343.81589
1809,Jalandhar,4,3,Punjab,04-01-2014,15373.07284
1810,Kapurthala,3,3,Punjab,04-01-2014,15350.64933
1811,Ludhiana,9,3,Punjab,04-01-2014,15388.20265
1812,Mansa,15,3,Punjab,04-01-2014,15389.36984
1813,Moga,10,3,Punjab,04-01-2014,15372.94154
1814,Muktsar,12,3,Punjab,04-01-2014,15367.75568
1815,Nawanshahr,6,3,Punjab,04-01-2014,15368.1745
1816,Patiala,17,3,Punjab,04-01-2014,15413.74351
1817,Sangrur,16,3,Punjab,04-01-2014,15417.88396
1818,Rupnagar,7,3,Punjab,04-01-2014,15335.97884
1819,Amritsar,2,3,Punjab,04-01-2014,15284.25147
1820,Firozpur,11,3,Punjab,04-01-2014,15352.55779
1821,Bathinda,14,3,Punjab,04-01-2014,15387.77164
1822,Gurdaspur,1,3,Punjab,04-01-2014,15270.90214
1823,Faridkot,13,3,Punjab,04-01-2014,15406.6478
1824,Fatehgarh Sahib,8,3,Punjab,04-01-2014,15385.9959
1825,Chandigarh,1,4,Chandigarh,04-01-2014,15340.16015
1826,Hardwar,13,5,Uttarakhand,04-01-2014,15333.20491
1827,Nainital,11,5,Uttarakhand,04-01-2014,15235.09418
1828,Pithoragarh,7,5,Uttarakhand,04-01-2014,14277.30882
1829,Rudraprayag,3,5,Uttarakhand,04-01-2014,14544.38163
1830,Tehri Garhwal,4,5,Uttarakhand,04-01-2014,14836.58069
1831,Udham Singh Nagar,12,5,Uttarakhand,04-01-2014,15391.03067
1832,Uttarkashi,1,5,Uttarakhand,04-01-2014,14160.52478
1833,Bageshwar,8,5,Uttarakhand,04-01-2014,14711.36536
1834,Almora,9,5,Uttarakhand,04-01-2014,15139.40899
1835,Chamoli,2,5,Uttarakhand,04-01-2014,14159.75981
1836,Champawat,10,5,Uttarakhand,04-01-2014,15132.3439
1837,Dehradun,5,5,Uttarakhand,04-01-2014,15151.33196
1838,Garhwal,6,5,Uttarakhand,04-01-2014,15121.1323
1839,Hisar,12,6,Haryana,04-01-2014,15498.81978
1840,Jind,9,6,Haryana,04-01-2014,15428.15073
1841,Kaithal,5,6,Haryana,04-01-2014,15460.74447
1842,Karnal,6,6,Haryana,04-01-2014,15444.23277
1843,Kurukshetra,4,6,Haryana,04-01-2014,15417.10476
1844,Panchkula,1,6,Haryana,04-01-2014,15279.22431
1845,Panipat,7,6,Haryana,04-01-2014,15435.87169
1846,Rohtak,14,6,Haryana,04-01-2014,15446.57061
1847,Sirsa,11,6,Haryana,04-01-2014,15483.77697
1848,Sonipat,8,6,Haryana,04-01-2014,15455.30353
1849,Yamunanagar,3,6,Haryana,04-01-2014,15347.26401
1850,Jhajjar,15,6,Haryana,04-01-2014,15606.24935
1851,Mahendragarh,16,6,Haryana,04-01-2014,15757.07769
1852,Rewari,17,6,Haryana,04-01-2014,15722.99272
1853,Bhiwani,13,6,Haryana,04-01-2014,15666.9691
1854,Ambala,2,6,Haryana,04-01-2014,15383.52466
1855,Gurgaon,18,6,Haryana,04-01-2014,15652.61426
1856,Faridabad,19,6,Haryana,04-01-2014,15576.3634
1857,Fatehabad,10,6,Haryana,04-01-2014,15443.64675
1858,Central,6,7,Delhi  & NCR,04-01-2014,15464.58715
1859,East,4,7,Delhi  & NCR,04-01-2014,15423.96166
1860,New Delhi,5,7,Delhi  & NCR,04-01-2014,15402.92569
1861,North,2,7,Delhi  & NCR,04-01-2014,15441.61053
1862,North East,3,7,Delhi  & NCR,04-01-2014,15470.92344
1863,North West,1,7,Delhi  & NCR,04-01-2014,15503.97795
1864,South,9,7,Delhi  & NCR,04-01-2014,15436.14571
1865,South West,8,7,Delhi  & NCR,04-01-2014,15547.04607
1866,West,7,7,Delhi  & NCR,04-01-2014,15525.10962
1867,Jaipur,12,8,Rajasthan,04-01-2014,15830.70787
1868,Jaisalmer,16,8,Rajasthan,04-01-2014,16166.38107
1869,Jalor,18,8,Rajasthan,04-01-2014,16012.75923
1870,Jhalawar,32,8,Rajasthan,04-01-2014,15984.58775
1871,Jhunjhunun,5,8,Rajasthan,04-01-2014,15779.70936
1872,Jodhpur,15,8,Rajasthan,04-01-2014,16048.45377
1873,Kota,30,8,Rajasthan,04-01-2014,15864.51102
1874,Nagaur,14,8,Rajasthan,04-01-2014,15954.31995
1875,Pali,20,8,Rajasthan,04-01-2014,15996.24824
1876,Rajsamand,25,8,Rajasthan,04-01-2014,15795.79781
1877,Sawai Madhopur,10,8,Rajasthan,04-01-2014,15845.35614
1878,Sirohi,19,8,Rajasthan,04-01-2014,15888.34546
1879,Tonk,22,8,Rajasthan,04-01-2014,15899.17559
1880,Sikar,13,8,Rajasthan,04-01-2014,15822.09061
1881,Alwar,6,8,Rajasthan,04-01-2014,15733.13793
1882,Udaipur,26,8,Rajasthan,04-01-2014,15859.46028
1883,Ganganagar,1,8,Rajasthan,04-01-2014,15695.60777
1884,Hanumangarh,2,8,Rajasthan,04-01-2014,15742.48103
1885,Baran,31,8,Rajasthan,04-01-2014,15945.09207
1886,Ajmer,21,8,Rajasthan,04-01-2014,15901.16668
1887,Banswara,28,8,Rajasthan,04-01-2014,15948.01836
1888,Barmer,17,8,Rajasthan,04-01-2014,16114.15777
1889,Bhilwara,24,8,Rajasthan,04-01-2014,15886.58954
1890,Bikaner,3,8,Rajasthan,04-01-2014,16027.41296
1891,Bharatpur,7,8,Rajasthan,04-01-2014,15817.51738
1892,Bundi,23,8,Rajasthan,04-01-2014,15823.79985
1893,Chittaurgarh,29,8,Rajasthan,04-01-2014,15880.16858
1894,Churu,4,8,Rajasthan,04-01-2014,15933.53001
1895,Dausa,11,8,Rajasthan,04-01-2014,15839.33063
1896,Dhaulpur,8,8,Rajasthan,04-01-2014,15828.87428
1897,Dungarpur,27,8,Rajasthan,04-01-2014,15908.65853
1898,Karauli,9,8,Rajasthan,04-01-2014,15839.27802
1899,Hathras,13,9,Uttar Pradesh,04-01-2014,15651.06929
1900,Jalaun,35,9,Uttar Pradesh,04-01-2014,15779.4338
1901,Jaunpur,64,9,Uttar Pradesh,04-01-2014,15642.69602
1902,Jhansi,36,9,Uttar Pradesh,04-01-2014,15852.27115
1903,Jyotiba Phule Nagar,6,9,Uttar Pradesh,04-01-2014,15408.56971
1904,Kannauj,30,9,Uttar Pradesh,04-01-2014,15599.337
1905,Kanpur Nagar,34,9,Uttar Pradesh,04-01-2014,15621.65891
1906,Kaushambi,44,9,Uttar Pradesh,04-01-2014,15629.20437
1907,Kheri,23,9,Uttar Pradesh,04-01-2014,15556.18837
1908,Mirzapur,69,9,Uttar Pradesh,04-01-2014,15739.00535
1909,Moradabad,4,9,Uttar Pradesh,04-01-2014,15422.02935
1910,Muzaffarnagar,2,9,Uttar Pradesh,04-01-2014,15320.19191
1911,Rae Bareli,28,9,Uttar Pradesh,04-01-2014,15574.94121
1912,Kushinagar,59,9,Uttar Pradesh,04-01-2014,15555.81106
1913,Lucknow,27,9,Uttar Pradesh,04-01-2014,15552.04068
1914,Lalitpur,37,9,Uttar Pradesh,04-01-2014,15846.55289
1915,Mahrajganj,57,9,Uttar Pradesh,04-01-2014,15563.92619
1916,Mahoba,39,9,Uttar Pradesh,04-01-2014,15858.94589
1917,Mainpuri,18,9,Uttar Pradesh,04-01-2014,15623.08024
1918,Mathura,14,9,Uttar Pradesh,04-01-2014,15676.85932
1919,Mau,62,9,Uttar Pradesh,04-01-2014,15621.97022
1920,Meerut,7,9,Uttar Pradesh,04-01-2014,15357.52002
1921,Pilibhit,21,9,Uttar Pradesh,04-01-2014,15483.10565
1922,Pratapgarh,43,9,Uttar Pradesh,04-01-2014,15602.23373
1923,Rampur,5,9,Uttar Pradesh,04-01-2014,15321.43689
1924,Sant Ravidas Nagar Bhadohi,68,9,Uttar Pradesh,04-01-2014,15649.4289
1925,Sant Kabir Nagar,56,9,Uttar Pradesh,04-01-2014,15602.87605
1926,Shahjahanpur,22,9,Uttar Pradesh,04-01-2014,15574.33114
1927,Shrawasti,51,9,Uttar Pradesh,04-01-2014,15591.08473
1928,Saharanpur,1,9,Uttar Pradesh,04-01-2014,15304.48627
1929,Sitapur,24,9,Uttar Pradesh,04-01-2014,15569.7206
1930,Sultanpur,49,9,Uttar Pradesh,04-01-2014,15598.9784
1931,Sonbhadra,70,9,Uttar Pradesh,04-01-2014,15730.30231
1932,Siddharthnagar,54,9,Uttar Pradesh,04-01-2014,15632.20897
1933,Unnao,26,9,Uttar Pradesh,04-01-2014,15593.66832
1934,Varanasi,67,9,Uttar Pradesh,04-01-2014,15632.25112
1935,Bulandshahr,11,9,Uttar Pradesh,04-01-2014,15460.98859
1936,Gautam Buddha Nagar,10,9,Uttar Pradesh,04-01-2014,15515.02838
1937,Ghaziabad,9,9,Uttar Pradesh,04-01-2014,15413.59667
1938,Auraiya,32,9,Uttar Pradesh,04-01-2014,15646.63911
1939,Azamgarh,61,9,Uttar Pradesh,04-01-2014,15623.52906
1940,Budaun,19,9,Uttar Pradesh,04-01-2014,15486.8062
1941,Agra,15,9,Uttar Pradesh,04-01-2014,15734.71717
1942,Aligarh,12,9,Uttar Pradesh,04-01-2014,15577.68152
1943,Allahabad,45,9,Uttar Pradesh,04-01-2014,15697.07552
1944,Ambedkar Nagar,48,9,Uttar Pradesh,04-01-2014,15559.90578
1945,Bareilly,20,9,Uttar Pradesh,04-01-2014,15456.26287
1946,Bijnor,3,9,Uttar Pradesh,04-01-2014,15433.22572
1947,Basti,55,9,Uttar Pradesh,04-01-2014,15586.21187
1948,Baghpat,8,9,Uttar Pradesh,04-01-2014,15348.87951
1949,Bahraich,50,9,Uttar Pradesh,04-01-2014,15534.27989
1950,Ballia,63,9,Uttar Pradesh,04-01-2014,15625.36955
1951,Balrampur,52,9,Uttar Pradesh,04-01-2014,15591.75664
1952,Banda,40,9,Uttar Pradesh,04-01-2014,15775.60437
1953,Barabanki,46,9,Uttar Pradesh,04-01-2014,15482.96988
1954,Chitrakoot,41,9,Uttar Pradesh,04-01-2014,15737.45773
1955,Chandauli,66,9,Uttar Pradesh,04-01-2014,15707.50709
1956,Deoria,60,9,Uttar Pradesh,04-01-2014,15620.02378
1957,Etah,17,9,Uttar Pradesh,04-01-2014,15558.42767
1958,Kanpur Dehat,33,9,Uttar Pradesh,04-01-2014,15664.77943
1959,Etawah,31,9,Uttar Pradesh,04-01-2014,15640.2681
1960,Faizabad,47,9,Uttar Pradesh,04-01-2014,15537.99409
1961,Ghazipur,65,9,Uttar Pradesh,04-01-2014,15671.18439
1962,Gonda,53,9,Uttar Pradesh,04-01-2014,15555.97978
1963,Gorakhpur,58,9,Uttar Pradesh,04-01-2014,15601.62329
1964,Farrukhabad,29,9,Uttar Pradesh,04-01-2014,15528.04768
1965,Fatehpur,42,9,Uttar Pradesh,04-01-2014,15644.30379
1966,Firozabad,16,9,Uttar Pradesh,04-01-2014,15659.97964
1967,Hamirpur,38,9,Uttar Pradesh,04-01-2014,15830.54662
1968,Hardoi,25,9,Uttar Pradesh,04-01-2014,15595.73166
1969,Jamui,37,10,Bihar,04-01-2014,15761.81922
1970,Kishanganj,8,10,Bihar,04-01-2014,15450.1237
1971,Muzaffarpur,14,10,Bihar,04-01-2014,15508.15257
1972,Purnia,9,10,Bihar,04-01-2014,15298.00446
1973,Khagaria,21,10,Bihar,04-01-2014,15393.7763
1974,Madhubani,5,10,Bihar,04-01-2014,15552.68907
1975,Lakhisarai,25,10,Bihar,04-01-2014,15735.42968
1976,Madhepura,11,10,Bihar,04-01-2014,15396.80343
1977,Purba Champaran,2,10,Bihar,04-01-2014,15504.52573
1978,Munger,24,10,Bihar,04-01-2014,15658.51133
1979,Nalanda,27,10,Bihar,04-01-2014,15734.40511
1980,Nawada,36,10,Bihar,04-01-2014,15759.28475
1981,Pashchim Champaran,1,10,Bihar,04-01-2014,15531.05541
1982,Patna,28,10,Bihar,04-01-2014,15674.86681
1983,Samastipur,19,10,Bihar,04-01-2014,15515.27135
1984,Sheikhpura,26,10,Bihar,04-01-2014,15800.81404
1985,Sheohar,3,10,Bihar,04-01-2014,15512.2926
1986,Saharsa,12,10,Bihar,04-01-2014,15431.69824
1987,Sitamarhi,4,10,Bihar,04-01-2014,15555.06186
1988,Siwan,16,10,Bihar,04-01-2014,15547.92319
1989,Supaul,6,10,Bihar,04-01-2014,15455.33609
1990,Vaishali,18,10,Bihar,04-01-2014,15554.27829
1991,Kaimur (Bhabua),31,10,Bihar,04-01-2014,15752.96681
1992,Gaya,35,10,Bihar,04-01-2014,15785.24619
1993,Bhojpur,29,10,Bihar,04-01-2014,15710.9155
1994,Buxar,30,10,Bihar,04-01-2014,15681.64758
1995,Jehanabad,33,10,Bihar,04-01-2014,15765.34416
1996,Rohtas,32,10,Bihar,04-01-2014,15745.36776
1997,Araria,7,10,Bihar,04-01-2014,15376.34451
1998,Aurangabad,34,10,Bihar,04-01-2014,15781.33908
1999,Banka,23,10,Bihar,04-01-2014,15725.20622
2000,Bhagalpur,22,10,Bihar,04-01-2014,15519.39843
2001,Begusarai,20,10,Bihar,04-01-2014,15579.17853
2002,Saran,17,10,Bihar,04-01-2014,15534.90243
2003,Katihar,10,10,Bihar,04-01-2014,15336.02008
2004,Darbhanga,13,10,Bihar,04-01-2014,15553.15208
2005,Gopalganj,15,10,Bihar,04-01-2014,15535.9542
2006,North,1,11,Sikkim,04-01-2014,14077.81205
2007,South,3,11,Sikkim,04-01-2014,14782.80329
2008,West,2,11,Sikkim,04-01-2014,14514.43812
2009,East,4,11,Sikkim,04-01-2014,14618.29474
2010,Lohit,11,12,Arunanchal Pradesh,04-01-2014,14515.82039
2011,Lower Subansiri,5,12,Arunanchal Pradesh,04-01-2014,14495.50997
2012,Papum Pare,4,12,Arunanchal Pradesh,04-01-2014,14780.39402
2013,Tawang,1,12,Arunanchal Pradesh,04-01-2014,14270.8027
2014,Tirap,13,12,Arunanchal Pradesh,04-01-2014,14991.75938
2015,West Kameng,2,12,Arunanchal Pradesh,04-01-2014,14615.24584
2016,West Siang,7,12,Arunanchal Pradesh,04-01-2014,14600.03077
2017,Upper Siang,9,12,Arunanchal Pradesh,04-01-2014,14417.36838
2018,Upper Subansiri,6,12,Arunanchal Pradesh,04-01-2014,14428.19558
2019,Changlang,12,12,Arunanchal Pradesh,04-01-2014,14907.42731
2020,Dibang Valley,10,12,Arunanchal Pradesh,04-01-2014,14327.51553
2021,East Kameng,3,12,Arunanchal Pradesh,04-01-2014,14635.16837
2022,East Siang,8,12,Arunanchal Pradesh,04-01-2014,14905.41373
2023,Mokokchung,3,13,Nagaland,04-01-2014,15080.333
2024,Mon,1,13,Nagaland,04-01-2014,15091.02739
2025,Phek,8,13,Nagaland,04-01-2014,15022.65473
2026,Tuensang,2,13,Nagaland,04-01-2014,14975.31673
2027,Wokha,5,13,Nagaland,04-01-2014,15125.88362
2028,Zunheboto,4,13,Nagaland,04-01-2014,15021.643
2029,Dimapur,6,13,Nagaland,04-01-2014,15359.73722
2030,Kohima,7,13,Nagaland,04-01-2014,15124.14964
2031,Imphal East,7,14,Manipur,04-01-2014,15388.9396
2032,Imphal West,6,14,Manipur,04-01-2014,15175.3362
2033,Senapati (Excl. 3 sub-divisions),1,14,Manipur,04-01-2014,15123.94515
2034,Tamenglong,2,14,Manipur,04-01-2014,15068.49108
2035,Thoubal,5,14,Manipur,04-01-2014,15375.93548
2036,Ukhrul,8,14,Manipur,04-01-2014,15189.82534
2037,Bishnupur,4,14,Manipur,04-01-2014,15231.80278
2038,Chandel,9,14,Manipur,04-01-2014,15266.46173
2039,Churachandpur,3,14,Manipur,04-01-2014,15149.79693
2040,Kolasib,2,15,Mizoram,04-01-2014,15205.30446
2041,Mamit,1,15,Mizoram,04-01-2014,15237.85059
2042,Lunglei,6,15,Mizoram,04-01-2014,15278.50232
2043,Lawngtlai,7,15,Mizoram,04-01-2014,15409.22256
2044,Saiha,8,15,Mizoram,04-01-2014,15237.69615
2045,Serchhip,5,15,Mizoram,04-01-2014,15193.29152
2046,Aizawl,3,15,Mizoram,04-01-2014,15186.85465
2047,Champhai,4,15,Mizoram,04-01-2014,15174.29305
2048,North Tripura,4,16,Tripura,04-01-2014,15315.46566
2049,South Tripura,2,16,Tripura,04-01-2014,15371.83172
2050,West Tripura,1,16,Tripura,04-01-2014,15333.35518
2051,Dhalai,3,16,Tripura,04-01-2014,15303.76682
2052,Jaintia Hills,7,17,Meghalaya,04-01-2014,15156.17755
2053,Ri Bhoi,5,17,Meghalaya,04-01-2014,15311.67275
2054,South Garo Hills,3,17,Meghalaya,04-01-2014,15219.84932
2055,West Garo Hills,1,17,Meghalaya,04-01-2014,15322.68503
2056,West Khasi Hills,4,17,Meghalaya,04-01-2014,15168.31966
2057,East Garo Hills,2,17,Meghalaya,04-01-2014,15316.45174
2058,East Khasi Hills,6,17,Meghalaya,04-01-2014,15114.56096
2059,Jorhat,17,18,Assam,04-01-2014,15306.62607
2060,Karimganj,22,18,Assam,04-01-2014,15263.70721
2061,Kokrajhar,1,18,Assam,04-01-2014,15284.6159
2062,Lakhimpur,12,18,Assam,04-01-2014,15332.03842
2063,Nagaon,10,18,Assam,04-01-2014,15359.72595
2064,Marigaon,9,18,Assam,04-01-2014,15279.91323
2065,Nalbari,7,18,Assam,04-01-2014,15301.37022
2066,North Cachar Hills,20,18,Assam,04-01-2014,15245.79965
2067,Sonitpur,11,18,Assam,04-01-2014,15349.7875
2068,Sibsagar,16,18,Assam,04-01-2014,15302.27937
2069,Tinsukia,14,18,Assam,04-01-2014,15139.45782
2070,Barpeta,5,18,Assam,04-01-2014,15284.44911
2071,Bongaigaon,4,18,Assam,04-01-2014,15248.36492
2072,Cachar,21,18,Assam,04-01-2014,15230.79923
2073,Darrang,8,18,Assam,04-01-2014,15291.39382
2074,Dhemaji,13,18,Assam,04-01-2014,15276.4078
2075,Dhubri,2,18,Assam,04-01-2014,15317.8895
2076,Dibrugarh,15,18,Assam,04-01-2014,15239.25974
2077,Kamrup,6,18,Assam,04-01-2014,15320.88662
2078,Karbi Anglong,19,18,Assam,04-01-2014,15252.43724
2079,Goalpara,3,18,Assam,04-01-2014,15373.60615
2080,Golaghat,18,18,Assam,04-01-2014,15317.93223
2081,Hailakandi,23,18,Assam,04-01-2014,15284.74036
2082,Hugli,12,19,West Bengal,04-01-2014,15435.95518
2083,Jalpaiguri,2,19,West Bengal,04-01-2014,15303.6723
2084,Koch Bihar,3,19,West Bengal,04-01-2014,15284.06045
2085,Murshidabad,7,19,West Bengal,04-01-2014,15469.20978
2086,Puruliya,14,19,West Bengal,04-01-2014,15740.04471
2087,Kolkata,17,19,West Bengal,04-01-2014,15551.65454
2088,Maldah,6,19,West Bengal,04-01-2014,15414.51571
2089,Nadia,10,19,West Bengal,04-01-2014,15451.06922
2090,North Twenty Four Parganas,11,19,West Bengal,04-01-2014,15331.38695
2091,Medinipur,15,19,West Bengal,04-01-2014,15495.38803
2092,South  Twenty Four Parganas,18,19,West Bengal,04-01-2014,15394.41573
2093,Uttar Dinajpur,4,19,West Bengal,04-01-2014,15350.52799
2094,Barddhaman,9,19,West Bengal,04-01-2014,15491.39593
2095,Birbhum,8,19,West Bengal,04-01-2014,15525.22363
2096,Bankura,13,19,West Bengal,04-01-2014,15649.0831
2097,Dakshin Dinajpur,5,19,West Bengal,04-01-2014,15446.1287
2098,Darjiling,1,19,West Bengal,04-01-2014,15080.38888
2099,Haora,16,19,West Bengal,04-01-2014,15352.54462
2100,Purbi Singhbhum,18,20,Jharkhand,04-01-2014,15712.8465
2101,Lohardaga,15,20,Jharkhand,04-01-2014,15600.01684
2102,Pakaur,10,20,Jharkhand,04-01-2014,15738.84421
2103,Pashchimi Singhbhum,17,20,Jharkhand,04-01-2014,15651.12089
2104,Ranchi,14,20,Jharkhand,04-01-2014,15652.23384
2105,Sahibganj,9,20,Jharkhand,04-01-2014,15602.34874
2106,Garhwa,1,20,Jharkhand,04-01-2014,15780.40262
2107,Palamu,2,20,Jharkhand,04-01-2014,15729.62553
2108,Chatra,3,20,Jharkhand,04-01-2014,15744.24053
2109,Hazaribagh,4,20,Jharkhand,04-01-2014,15688.82091
2110,Kodarma,5,20,Jharkhand,04-01-2014,15749.91249
2111,Bokaro,13,20,Jharkhand,04-01-2014,15722.67039
2112,Deoghar,7,20,Jharkhand,04-01-2014,15781.42071
2113,Dhanbad,12,20,Jharkhand,04-01-2014,15714.60133
2114,Dumka,11,20,Jharkhand,04-01-2014,15746.20525
2115,Giridih,6,20,Jharkhand,04-01-2014,15776.72503
2116,Godda,8,20,Jharkhand,04-01-2014,15713.08345
2117,Gumla,16,20,Jharkhand,04-01-2014,15643.58815
2118,Jajapur,13,21,Orissa,04-01-2014,15563.77116
2119,Jagatsinghapur,11,21,Orissa,04-01-2014,15536.16017
2120,Jharsuguda,2,21,Orissa,04-01-2014,15628.10545
2121,Khordha,17,21,Orissa,04-01-2014,15590.47506
2122,Mayurbhanj,7,21,Orissa,04-01-2014,15570.14534
2123,Puri,18,21,Orissa,04-01-2014,15474.57266
2124,Koraput,29,21,Orissa,04-01-2014,15528.07321
2125,Malkangiri,30,21,Orissa,04-01-2014,15577.47466
2126,Nabarangapur,28,21,Orissa,04-01-2014,15696.94041
2127,Nayagarh,16,21,Orissa,04-01-2014,15562.79429
2128,Nuapada,25,21,Orissa,04-01-2014,15773.88767
2129,Kandhamal,21,21,Orissa,04-01-2014,15550.70354
2130,Sambalpur,3,21,Orissa,04-01-2014,15628.82797
2131,Rayagada,27,21,Orissa,04-01-2014,15561.27023
2132,Sundargarh,5,21,Orissa,04-01-2014,15668.63042
2133,Sonapur,23,21,Orissa,04-01-2014,15628.56802
2134,Anugul,15,21,Orissa,04-01-2014,15633.01436
2135,Bhadrak,9,21,Orissa,04-01-2014,15550.43652
2136,Baudh,22,21,Orissa,04-01-2014,15686.94438
2137,Balangir,24,21,Orissa,04-01-2014,15768.12261
2138,Baleshwar,8,21,Orissa,04-01-2014,15473.1499
2139,Bargarh,1,21,Orissa,04-01-2014,15631.9761
2140,Kendrapara,10,21,Orissa,04-01-2014,15513.72243
2141,Kendujhar,6,21,Orissa,04-01-2014,15603.26159
2142,Debagarh,4,21,Orissa,04-01-2014,15595.74067
2143,Cuttack,12,21,Orissa,04-01-2014,15555.9811
2144,Dhenkanal,14,21,Orissa,04-01-2014,15601.17383
2145,Kalahandi,26,21,Orissa,04-01-2014,15644.47019
2146,Ganjam,19,21,Orissa,04-01-2014,15590.1414
2147,Gajapati,20,21,Orissa,04-01-2014,15418.51805
2148,Jashpur,3,22,Chhattisgarh,04-01-2014,15652.47669
2149,Koriya,1,22,Chhattisgarh,04-01-2014,15643.58836
2150,Mahasamund,12,22,Chhattisgarh,04-01-2014,15715.86107
2151,Raigarh,4,22,Chhattisgarh,04-01-2014,15677.96414
2152,Raipur,11,22,Chhattisgarh,04-01-2014,15731.45134
2153,Rajnandgaon,9,22,Chhattisgarh,04-01-2014,15776.27397
2154,Surguja,2,22,Chhattisgarh,04-01-2014,15655.63965
2155,Bilaspur,7,22,Chhattisgarh,04-01-2014,15651.73239
2156,Janjgir - Champa,6,22,Chhattisgarh,04-01-2014,15750.66422
2157,Korba,5,22,Chhattisgarh,04-01-2014,15630.12041
2158,Kawardha,8,22,Chhattisgarh,04-01-2014,15779.60928
2159,Bastar,15,22,Chhattisgarh,04-01-2014,15591.28781
2160,Dantewada,16,22,Chhattisgarh,04-01-2014,15610.83656
2161,Dhamtari,13,22,Chhattisgarh,04-01-2014,15567.52919
2162,Durg,10,22,Chhattisgarh,04-01-2014,15755.18037
2163,Kanker,14,22,Chhattisgarh,04-01-2014,15678.15808
2164,Hoshangabad,37,23,Madhya Pradesh,04-01-2014,15825.14403
2165,Indore,26,23,Madhya Pradesh,04-01-2014,15953.99051
2166,Jabalpur,39,23,Madhya Pradesh,04-01-2014,15793.97481
2167,Jhabua,24,23,Madhya Pradesh,04-01-2014,16054.61961
2168,Mandsaur,19,23,Madhya Pradesh,04-01-2014,15946.24939
2169,Tikamgarh,8,23,Madhya Pradesh,04-01-2014,15852.77074
2170,Narsimhapur,40,23,Madhya Pradesh,04-01-2014,15819.74039
2171,Neemuch,18,23,Madhya Pradesh,04-01-2014,15905.19673
2172,Panna,10,23,Madhya Pradesh,04-01-2014,15844.29557
2173,Raisen,34,23,Madhya Pradesh,04-01-2014,15941.69165
2174,Rajgarh,30,23,Madhya Pradesh,04-01-2014,16075.41023
2175,Satna,13,23,Madhya Pradesh,04-01-2014,15718.51905
2176,Sehore,33,23,Madhya Pradesh,04-01-2014,15984.48878
2177,Seoni,44,23,Madhya Pradesh,04-01-2014,15859.17719
2178,Shajapur,22,23,Madhya Pradesh,04-01-2014,16036.28895
2179,Shivpuri,6,23,Madhya Pradesh,04-01-2014,15866.70506
2180,Ratlam,20,23,Madhya Pradesh,04-01-2014,16038.68034
2181,Rewa,14,23,Madhya Pradesh,04-01-2014,15733.45628
2182,Sagar,11,23,Madhya Pradesh,04-01-2014,15944.54901
2183,Sidhi,17,23,Madhya Pradesh,04-01-2014,15723.73868
2184,Ujjain,21,23,Madhya Pradesh,04-01-2014,15999.65454
2185,Vidisha,31,23,Madhya Pradesh,04-01-2014,15971.00365
2186,West Nimar,27,23,Madhya Pradesh,04-01-2014,16099.54147
2187,Morena,2,23,Madhya Pradesh,04-01-2014,15760.30037
2188,Sheopur,1,23,Madhya Pradesh,04-01-2014,15884.56933
2189,Dindori,41,23,Madhya Pradesh,04-01-2014,15763.69965
2190,Mandla,42,23,Madhya Pradesh,04-01-2014,15807.94527
2191,Shahdol,16,23,Madhya Pradesh,04-01-2014,15708.17451
2192,Umaria,15,23,Madhya Pradesh,04-01-2014,15714.90387
2193,Bhind,3,23,Madhya Pradesh,04-01-2014,15800.53732
2194,Bhopal,32,23,Madhya Pradesh,04-01-2014,15915.06725
2195,Barwani,28,23,Madhya Pradesh,04-01-2014,16116.03144
2196,Betul,35,23,Madhya Pradesh,04-01-2014,15930.6711
2197,Balaghat,45,23,Madhya Pradesh,04-01-2014,15680.72029
2198,Chhatarpur,9,23,Madhya Pradesh,04-01-2014,15809.22038
2199,Chhindwara,43,23,Madhya Pradesh,04-01-2014,15878.4223
2200,Dewas,23,23,Madhya Pradesh,04-01-2014,15996.08071
2201,Katni,38,23,Madhya Pradesh,04-01-2014,15759.83993
2202,Datia,5,23,Madhya Pradesh,04-01-2014,15778.85097
2203,Damoh,12,23,Madhya Pradesh,04-01-2014,15917.08423
2204,Dhar,25,23,Madhya Pradesh,04-01-2014,16083.71162
2205,East Nimar,29,23,Madhya Pradesh,04-01-2014,16022.73391
2206,Guna,7,23,Madhya Pradesh,04-01-2014,15965.84532
2207,Gwalior,4,23,Madhya Pradesh,04-01-2014,15796.26129
2208,Harda,36,23,Madhya Pradesh,04-01-2014,15923.01929
2209,Jamnagar,10,24,Gujarat,04-01-2014,15884.41611
2210,Kheda,16,24,Gujarat,04-01-2014,15770.20904
2211,Mahesana,4,24,Gujarat,04-01-2014,15853.74929
2212,Narmada,20,24,Gujarat,04-01-2014,15891.05891
2213,Navsari,24,24,Gujarat,04-01-2014,15654.98302
2214,Panch Mahals,17,24,Gujarat,04-01-2014,15790.5812
2215,Patan,3,24,Gujarat,04-01-2014,15956.14357
2216,Porbandar,11,24,Gujarat,04-01-2014,15822.65144
2217,Rajkot,9,24,Gujarat,04-01-2014,15988.80516
2218,Sabar Kantha,5,24,Gujarat,04-01-2014,15848.30369
2219,Surendranagar,8,24,Gujarat,04-01-2014,15966.59736
2220,The Dangs,23,24,Gujarat,04-01-2014,15917.99589
2221,Vadodara,19,24,Gujarat,04-01-2014,15798.0733
2222,Valsad,25,24,Gujarat,04-01-2014,15764.71294
2223,Bharuch,21,24,Gujarat,04-01-2014,15828.88551
2224,Surat,22,24,Gujarat,04-01-2014,15739.97131
2225,Anand,15,24,Gujarat,04-01-2014,15745.79423
2226,Ahmadabad,7,24,Gujarat,04-01-2014,15943.63656
2227,Amreli,13,24,Gujarat,04-01-2014,16043.60569
2228,Bhavnagar,14,24,Gujarat,04-01-2014,15991.29148
2229,Banas Kantha,2,24,Gujarat,04-01-2014,15851.59681
2230,Dohad,18,24,Gujarat,04-01-2014,15899.46784
2231,Junagadh,12,24,Gujarat,04-01-2014,15894.17922
2232,Kachchh,1,24,Gujarat,04-01-2014,15896.53738
2233,Gandhinagar,6,24,Gujarat,04-01-2014,15777.11576
2234,Daman,2,25,Daman & Diu,04-01-2014,15533.95106
2235,Diu,1,25,Daman & Diu,04-01-2014,15525.98206
2236,Dadra & Nagar Haveli,1,26,Dadara & Nagar Havelli,04-01-2014,15852.31462
2237,Hingoli,16,27,Maharashtra,04-01-2014,15909.71968
2238,Jalgaon,3,27,Maharashtra,04-01-2014,15964.76204
2239,Jalna,18,27,Maharashtra,04-01-2014,15933.36365
2240,Kolhapur,34,27,Maharashtra,04-01-2014,15642.51321
2241,Latur,28,27,Maharashtra,04-01-2014,15930.54182
2242,Pune,25,27,Maharashtra,04-01-2014,15844.56963
2243,Nagpur,9,27,Maharashtra,04-01-2014,15866.99096
2244,Mumbai,23,27,Maharashtra,04-01-2014,15436.20337
2245,Mumbai (Suburban),22,27,Maharashtra,04-01-2014,15514.98452
2246,Nanded,15,27,Maharashtra,04-01-2014,15886.87799
2247,Nandurbar,1,27,Maharashtra,04-01-2014,16003.62634
2248,Nashik,20,27,Maharashtra,04-01-2014,16026.50529
2249,Osmanabad,29,27,Maharashtra,04-01-2014,15990.05953
2250,Parbhani,17,27,Maharashtra,04-01-2014,15906.79948
2251,Sangli,35,27,Maharashtra,04-01-2014,15909.20607
2252,Satara,31,27,Maharashtra,04-01-2014,15860.22608
2253,Ratnagiri,32,27,Maharashtra,04-01-2014,15661.80719
2254,Raigarh,24,27,Maharashtra,04-01-2014,15755.07666
2255,Thane,21,27,Maharashtra,04-01-2014,15854.72742
2256,Solapur,30,27,Maharashtra,04-01-2014,15925.70103
2257,Sindhudurg,33,27,Maharashtra,04-01-2014,15567.02144
2258,Wardha,8,27,Maharashtra,04-01-2014,16000.83401
2259,Washim,6,27,Maharashtra,04-01-2014,16029.39839
2260,Yavatmal,14,27,Maharashtra,04-01-2014,15937.6742
2261,Aurangabad,19,27,Maharashtra,04-01-2014,15960.4676
2262,Ahmadnagar,26,27,Maharashtra,04-01-2014,15979.47597
2263,Akola,5,27,Maharashtra,04-01-2014,16089.02032
2264,Amravati,7,27,Maharashtra,04-01-2014,16014.6507
2265,Bid,27,27,Maharashtra,04-01-2014,15934.45295
2266,Bhandara,10,27,Maharashtra,04-01-2014,15717.77749
2267,Buldana,4,27,Maharashtra,04-01-2014,15985.78952
2268,Chandrapur,13,27,Maharashtra,04-01-2014,15811.94003
2269,Dhule,2,27,Maharashtra,04-01-2014,16079.4654
2270,Gadchiroli,12,27,Maharashtra,04-01-2014,15690.1721
2271,Gondiya,11,27,Maharashtra,04-01-2014,15683.25546
2272,Hyderabad,5,28,Andhra Pradesh,04-01-2014,15645.78845
2273,Khammam,10,28,Andhra Pradesh,04-01-2014,15631.80171
2274,Medak,4,28,Andhra Pradesh,04-01-2014,15700.57559
2275,Krishna,16,28,Andhra Pradesh,04-01-2014,15468.73275
2276,Kurnool,21,28,Andhra Pradesh,04-01-2014,15844.54036
2277,Mahbubnagar,7,28,Andhra Pradesh,04-01-2014,15801.48287
2278,Nalgonda,8,28,Andhra Pradesh,04-01-2014,15682.52277
2279,Nellore,19,28,Andhra Pradesh,04-01-2014,15715.17551
2280,Nizamabad,2,28,Andhra Pradesh,04-01-2014,15609.20869
2281,Prakasam,18,28,Andhra Pradesh,04-01-2014,15738.49183
2282,Rangareddi,6,28,Andhra Pradesh,04-01-2014,15784.67917
2283,Srikakulam,11,28,Andhra Pradesh,04-01-2014,15581.00682
2284,West Godavari,15,28,Andhra Pradesh,04-01-2014,15390.53851
2285,Visakhapatnam,13,28,Andhra Pradesh,04-01-2014,15479.11922
2286,Vizianagaram,12,28,Andhra Pradesh,04-01-2014,15576.07474
2287,Warangal,9,28,Andhra Pradesh,04-01-2014,15647.14798
2288,Anantapur,22,28,Andhra Pradesh,04-01-2014,15881.43449
2289,Adilabad,1,28,Andhra Pradesh,04-01-2014,15745.0151
2290,Chittoor,23,28,Andhra Pradesh,04-01-2014,15746.2597
2291,Cuddapah,20,28,Andhra Pradesh,04-01-2014,15827.8755
2292,East Godavari,14,28,Andhra Pradesh,04-01-2014,15403.14384
2293,Karimnagar,3,28,Andhra Pradesh,04-01-2014,15567.84804
2294,Guntur,17,28,Andhra Pradesh,04-01-2014,15607.43285
2295,Hassan,23,29,Karnataka,04-01-2014,15488.70474
2296,Haveri,11,29,Karnataka,04-01-2014,15772.82674
2297,Kodagu,25,29,Karnataka,04-01-2014,15166.37906
2298,Kolar,19,29,Karnataka,04-01-2014,15788.9977
2299,Mandya,22,29,Karnataka,04-01-2014,15470.52031
2300,Koppal,7,29,Karnataka,04-01-2014,15823.73506
2301,Mysore,26,29,Karnataka,04-01-2014,15581.22587
2302,Raichur,6,29,Karnataka,04-01-2014,15825.79289
2303,Shimoga,15,29,Karnataka,04-01-2014,15387.48519
2304,Tumkur,18,29,Karnataka,04-01-2014,15680.12888
2305,Udupi,16,29,Karnataka,04-01-2014,15392.39759
2306,Uttara Kannada,10,29,Karnataka,04-01-2014,15341.5757
2307,Bagalkot,2,29,Karnataka,04-01-2014,15833.24698
2308,Bangalore,20,29,Karnataka,04-01-2014,15637.13107
2309,Bidar,5,29,Karnataka,04-01-2014,15920.28278
2310,Bijapur,3,29,Karnataka,04-01-2014,15986.85401
2311,Belgaum,1,29,Karnataka,04-01-2014,15781.65158
2312,Bellary,12,29,Karnataka,04-01-2014,15786.91615
2313,Bangalore Rural,21,29,Karnataka,04-01-2014,15619.81918
2314,Chamarajanagar,27,29,Karnataka,04-01-2014,15605.27258
2315,Chikmagalur,17,29,Karnataka,04-01-2014,15347.68197
2316,Chitradurga,13,29,Karnataka,04-01-2014,15799.81346
2317,Dakshina Kannada,24,29,Karnataka,04-01-2014,15296.40263
2318,Davanagere,14,29,Karnataka,04-01-2014,15596.01072
2319,Dharwad,9,29,Karnataka,04-01-2014,15890.42922
2320,Gulbarga,4,29,Karnataka,04-01-2014,15974.51886
2321,Gadag,8,29,Karnataka,04-01-2014,15967.99917
2322,North Goa,1,30,Goa,04-01-2014,15450.23393
2323,South Goa,2,30,Goa,04-01-2014,15377.02488
2324,Lakshadweep,1,31,Lakshadweep,04-01-2014,15116.86851
2325,Idukki,9,32,Kerala,04-01-2014,15120.26192
2326,Kollam,13,32,Kerala,04-01-2014,15202.87689
2327,Kottayam,10,32,Kerala,04-01-2014,15227.75089
2328,Kozhikode,4,32,Kerala,04-01-2014,15239.83042
2329,Malappuram,5,32,Kerala,04-01-2014,15279.01679
2330,Palakkad,6,32,Kerala,04-01-2014,15333.93052
2331,Pathanamthitta,12,32,Kerala,04-01-2014,15159.62308
2332,Thrissur,7,32,Kerala,04-01-2014,15270.99537
2333,Thiruvananthapuram,14,32,Kerala,04-01-2014,15206.39709
2334,Wayanad,3,32,Kerala,04-01-2014,15153.33724
2335,Alappuzha,11,32,Kerala,04-01-2014,15213.69013
2336,Kasaragod,1,32,Kerala,04-01-2014,15356.68809
2337,Kannur,2,32,Kerala,04-01-2014,15315.74739
2338,Ernakulam,8,32,Kerala,04-01-2014,15248.77701
2339,Kanniyakumari,30,33,Tamil Nadu,04-01-2014,15281.46259
2340,Karur,14,33,Tamil Nadu,04-01-2014,15954.32095
2341,Madurai,24,33,Tamil Nadu,04-01-2014,15867.75303
2342,Namakkal,9,33,Tamil Nadu,04-01-2014,15764.71941
2343,The Nilgiris,11,33,Tamil Nadu,04-01-2014,15153.60534
2344,Perambalur,16,33,Tamil Nadu,04-01-2014,15906.80516
2345,Pudukkottai,22,33,Tamil Nadu,04-01-2014,15842.51044
2346,Ramanathapuram,27,33,Tamil Nadu,04-01-2014,15816.0853
2347,Salem,8,33,Tamil Nadu,04-01-2014,15732.064
2348,Sivaganga,23,33,Tamil Nadu,04-01-2014,15870.63102
2349,Tiruchirappalli,15,33,Tamil Nadu,04-01-2014,15859.63109
2350,Tirunelveli,29,33,Tamil Nadu,04-01-2014,15667.4121
2351,Tiruvannamalai,6,33,Tamil Nadu,04-01-2014,15798.87313
2352,Thoothukkudi,28,33,Tamil Nadu,04-01-2014,15902.77032
2353,Theni,25,33,Tamil Nadu,04-01-2014,15577.93918
2354,Vellore,4,33,Tamil Nadu,04-01-2014,15758.18399
2355,Viluppuram,7,33,Tamil Nadu,04-01-2014,15734.33245
2356,Virudhunagar,26,33,Tamil Nadu,04-01-2014,15912.52073
2357,Chennai,2,33,Tamil Nadu,04-01-2014,15493.11771
2358,Kancheepuram,3,33,Tamil Nadu,04-01-2014,15708.9803
2359,Thiruvallur,1,33,Tamil Nadu,04-01-2014,15664.75335
2360,Thanjavur,21,33,Tamil Nadu,04-01-2014,15605.98359
2361,Thiruvarur,20,33,Tamil Nadu,04-01-2014,15571.38323
2362,Nagapattinam,19,33,Tamil Nadu,04-01-2014,15567.23176
2363,Ariyalur,17,33,Tamil Nadu,04-01-2014,15765.73646
2364,Coimbatore,12,33,Tamil Nadu,04-01-2014,15615.64138
2365,Cuddalore,18,33,Tamil Nadu,04-01-2014,15676.95285
2366,Dharmapuri,5,33,Tamil Nadu,04-01-2014,15743.86105
2367,Dindigul,13,33,Tamil Nadu,04-01-2014,15700.24396
2368,Erode,10,33,Tamil Nadu,04-01-2014,15735.7521
2369,Pondicherry,2,34,Puducherry,04-01-2014,15479.18598
2370,Yanam,1,34,Puducherry,04-01-2014,15339.86355
2371,Karaikal,4,34,Puducherry,04-01-2014,15556.5064
2372,Mahe,3,34,Puducherry,04-01-2014,15291.71821
2373,Nicobars,2,35,Andaman & Nicobar Island,04-01-2014,15050.05231
2374,Andamans,1,35,Andaman & Nicobar Island,04-01-2014,15183.00031
2375,Data Not Available,99,99,Jammu and Kashmir,04-01-2014,13939.77759
2376,Jammu,13,1,Jammu and Kashmir,05-01-2014,15543.47807
2377,Kargil,8,1,Jammu and Kashmir,05-01-2014,14204.91497
2378,Kathua,14,1,Jammu and Kashmir,05-01-2014,15255.84883
2379,Leh (Ladakh),7,1,Jammu and Kashmir,05-01-2014,14427.40619
2380,Kupwara,1,1,Jammu and Kashmir,05-01-2014,14564.48879
2381,Punch,11,1,Jammu and Kashmir,05-01-2014,14879.34231
2382,Pulwama,5,1,Jammu and Kashmir,05-01-2014,14763.53517
2383,Rajauri,12,1,Jammu and Kashmir,05-01-2014,15181.78442
2384,Srinagar,3,1,Jammu and Kashmir,05-01-2014,14285.06203
2385,Udhampur,10,1,Jammu and Kashmir,05-01-2014,15017.32557
2386,Anantnag,6,1,Jammu and Kashmir,05-01-2014,14324.86743
2387,Badgam,4,1,Jammu and Kashmir,05-01-2014,14579.00657
2388,Baramula,2,1,Jammu and Kashmir,05-01-2014,14406.27331
2389,Doda,9,1,Jammu and Kashmir,05-01-2014,14242.52052
2390,Kangra,2,2,Himachal Pradesh,05-01-2014,15055.71088
2391,Kinnaur,12,2,Himachal Pradesh,05-01-2014,14158.81018
2392,Lahul & Spiti,3,2,Himachal Pradesh,05-01-2014,13965.65105
2393,Kullu,4,2,Himachal Pradesh,05-01-2014,14312.30526
2394,Mandi,5,2,Himachal Pradesh,05-01-2014,15079.93292
2395,Shimla,11,2,Himachal Pradesh,05-01-2014,14779.69224
2396,Sirmaur,10,2,Himachal Pradesh,05-01-2014,15287.71108
2397,Solan,9,2,Himachal Pradesh,05-01-2014,15344.10451
2398,Una,7,2,Himachal Pradesh,05-01-2014,15491.9975
2399,Bilaspur,8,2,Himachal Pradesh,05-01-2014,15416.23835
2400,Chamba,1,2,Himachal Pradesh,05-01-2014,14477.78135
2401,Hamirpur,6,2,Himachal Pradesh,05-01-2014,15388.97294
2402,Jalandhar,4,3,Punjab,05-01-2014,15674.19137
2403,Kapurthala,3,3,Punjab,05-01-2014,15660.00961
2404,Ludhiana,9,3,Punjab,05-01-2014,15741.78192
2405,Mansa,15,3,Punjab,05-01-2014,15776.82278
2406,Moga,10,3,Punjab,05-01-2014,15760.96023
2407,Muktsar,12,3,Punjab,05-01-2014,15737.55956
2408,Nawanshahr,6,3,Punjab,05-01-2014,15669.53762
2409,Patiala,17,3,Punjab,05-01-2014,15744.33011
2410,Sangrur,16,3,Punjab,05-01-2014,15767.90695
2411,Hoshiarpur,5,3,Punjab,05-01-2014,15603.99365
2412,Rupnagar,7,3,Punjab,05-01-2014,15638.71216
2413,Amritsar,2,3,Punjab,05-01-2014,15680.54098
2414,Firozpur,11,3,Punjab,05-01-2014,15725.91874
2415,Bathinda,14,3,Punjab,05-01-2014,15769.56717
2416,Gurdaspur,1,3,Punjab,05-01-2014,15611.05751
2417,Faridkot,13,3,Punjab,05-01-2014,15781.3729
2418,Fatehgarh Sahib,8,3,Punjab,05-01-2014,15723.47981
2419,Chandigarh,1,4,Chandigarh,05-01-2014,15610.98784
2420,Nainital,11,5,Uttarakhand,05-01-2014,15357.91417
2421,Pithoragarh,7,5,Uttarakhand,05-01-2014,14487.03678
2422,Hardwar,13,5,Uttarakhand,05-01-2014,15474.79794
2423,Rudraprayag,3,5,Uttarakhand,05-01-2014,14703.86558
2424,Tehri Garhwal,4,5,Uttarakhand,05-01-2014,14973.84194
2425,Udham Singh Nagar,12,5,Uttarakhand,05-01-2014,15522.15857
2426,Uttarkashi,1,5,Uttarakhand,05-01-2014,14375.17665
2427,Bageshwar,8,5,Uttarakhand,05-01-2014,14839.55994
2428,Almora,9,5,Uttarakhand,05-01-2014,15294.67827
2429,Chamoli,2,5,Uttarakhand,05-01-2014,14385.54662
2430,Champawat,10,5,Uttarakhand,05-01-2014,15278.93089
2431,Dehradun,5,5,Uttarakhand,05-01-2014,15301.22064
2432,Garhwal,6,5,Uttarakhand,05-01-2014,15279.04156
2433,Jind,9,6,Haryana,05-01-2014,15726.07505
2434,Kaithal,5,6,Haryana,05-01-2014,15752.48616
2435,Karnal,6,6,Haryana,05-01-2014,15677.81451
2436,Kurukshetra,4,6,Haryana,05-01-2014,15654.13986
2437,Panchkula,1,6,Haryana,05-01-2014,15573.1691
2438,Panipat,7,6,Haryana,05-01-2014,15664.1925
2439,Hisar,12,6,Haryana,05-01-2014,15794.16995
2440,Rohtak,14,6,Haryana,05-01-2014,15776.65261
2441,Sirsa,11,6,Haryana,05-01-2014,15791.49222
2442,Sonipat,8,6,Haryana,05-01-2014,15707.0819
2443,Yamunanagar,3,6,Haryana,05-01-2014,15571.3261
2444,Jhajjar,15,6,Haryana,05-01-2014,15873.38671
2445,Mahendragarh,16,6,Haryana,05-01-2014,15934.80017
2446,Rewari,17,6,Haryana,05-01-2014,15904.82172
2447,Bhiwani,13,6,Haryana,05-01-2014,15857.89349
2448,Ambala,2,6,Haryana,05-01-2014,15655.24078
2449,Gurgaon,18,6,Haryana,05-01-2014,15832.60964
2450,Faridabad,19,6,Haryana,05-01-2014,15749.12722
2451,Fatehabad,10,6,Haryana,05-01-2014,15784.91013
2452,Central,6,7,Delhi  & NCR,05-01-2014,15596.36497
2453,East,4,7,Delhi  & NCR,05-01-2014,15558.89567
2454,New Delhi,5,7,Delhi  & NCR,05-01-2014,15514.09086
2455,North,2,7,Delhi  & NCR,05-01-2014,15572.78216
2456,North East,3,7,Delhi  & NCR,05-01-2014,15596.24112
2457,North West,1,7,Delhi  & NCR,05-01-2014,15683.66205
2458,South,9,7,Delhi  & NCR,05-01-2014,15575.04793
2459,South West,8,7,Delhi  & NCR,05-01-2014,15697.47469
2460,West,7,7,Delhi  & NCR,05-01-2014,15626.09825
2461,Jaipur,12,8,Rajasthan,05-01-2014,15921.00057
2462,Jaisalmer,16,8,Rajasthan,05-01-2014,16117.47361
2463,Jalor,18,8,Rajasthan,05-01-2014,15955.41849
2464,Jhalawar,32,8,Rajasthan,05-01-2014,16090.20746
2465,Jhunjhunun,5,8,Rajasthan,05-01-2014,15921.11238
2466,Jodhpur,15,8,Rajasthan,05-01-2014,15990.06973
2467,Kota,30,8,Rajasthan,05-01-2014,16035.07988
2468,Nagaur,14,8,Rajasthan,05-01-2014,15952.88022
2469,Pali,20,8,Rajasthan,05-01-2014,16009.60366
2470,Rajsamand,25,8,Rajasthan,05-01-2014,15892.84208
2471,Sawai Madhopur,10,8,Rajasthan,05-01-2014,15982.55309
2472,Sirohi,19,8,Rajasthan,05-01-2014,15893.39929
2473,Tonk,22,8,Rajasthan,05-01-2014,15984.95572
2474,Sikar,13,8,Rajasthan,05-01-2014,15902.9658
2475,Alwar,6,8,Rajasthan,05-01-2014,15882.0613
2476,Udaipur,26,8,Rajasthan,05-01-2014,15901.48599
2477,Ganganagar,1,8,Rajasthan,05-01-2014,15830.83153
2478,Hanumangarh,2,8,Rajasthan,05-01-2014,15867.06516
2479,Baran,31,8,Rajasthan,05-01-2014,16075.61587
2480,Ajmer,21,8,Rajasthan,05-01-2014,15929.41123
2481,Banswara,28,8,Rajasthan,05-01-2014,16007.74107
2482,Barmer,17,8,Rajasthan,05-01-2014,16003.71227
2483,Bhilwara,24,8,Rajasthan,05-01-2014,15988.40325
2484,Bikaner,3,8,Rajasthan,05-01-2014,16062.98907
2485,Bharatpur,7,8,Rajasthan,05-01-2014,15968.6115
2486,Bundi,23,8,Rajasthan,05-01-2014,15988.07631
2487,Chittaurgarh,29,8,Rajasthan,05-01-2014,15988.22735
2488,Churu,4,8,Rajasthan,05-01-2014,15980.49904
2489,Dausa,11,8,Rajasthan,05-01-2014,15973.6028
2490,Dhaulpur,8,8,Rajasthan,05-01-2014,15933.94742
2491,Dungarpur,27,8,Rajasthan,05-01-2014,15898.24694
2492,Karauli,9,8,Rajasthan,05-01-2014,15970.20328
2493,Jalaun,35,9,Uttar Pradesh,05-01-2014,15887.19558
2494,Jaunpur,64,9,Uttar Pradesh,05-01-2014,15713.5984
2495,Jhansi,36,9,Uttar Pradesh,05-01-2014,15951.34795
2496,Jyotiba Phule Nagar,6,9,Uttar Pradesh,05-01-2014,15521.41558
2497,Kannauj,30,9,Uttar Pradesh,05-01-2014,15696.18524
2498,Kanpur Nagar,34,9,Uttar Pradesh,05-01-2014,15790.80204
2499,Kaushambi,44,9,Uttar Pradesh,05-01-2014,15724.04779
2500,Kheri,23,9,Uttar Pradesh,05-01-2014,15610.05678
2501,Mirzapur,69,9,Uttar Pradesh,05-01-2014,15820.10429
2502,Moradabad,4,9,Uttar Pradesh,05-01-2014,15531.21054
2503,Muzaffarnagar,2,9,Uttar Pradesh,05-01-2014,15468.25607
2504,Rae Bareli,28,9,Uttar Pradesh,05-01-2014,15722.30858
2505,Kushinagar,59,9,Uttar Pradesh,05-01-2014,15640.45454
2506,Lucknow,27,9,Uttar Pradesh,05-01-2014,15674.06446
2507,Lalitpur,37,9,Uttar Pradesh,05-01-2014,15973.13082
2508,Mahrajganj,57,9,Uttar Pradesh,05-01-2014,15632.1259
2509,Mahoba,39,9,Uttar Pradesh,05-01-2014,15937.66407
2510,Mainpuri,18,9,Uttar Pradesh,05-01-2014,15751.03457
2511,Mathura,14,9,Uttar Pradesh,05-01-2014,15828.22322
2512,Mau,62,9,Uttar Pradesh,05-01-2014,15755.6169
2513,Meerut,7,9,Uttar Pradesh,05-01-2014,15490.28454
2514,Pilibhit,21,9,Uttar Pradesh,05-01-2014,15590.90596
2515,Pratapgarh,43,9,Uttar Pradesh,05-01-2014,15721.53491
2516,Rampur,5,9,Uttar Pradesh,05-01-2014,15460.83734
2517,Sant Ravidas Nagar Bhadohi,68,9,Uttar Pradesh,05-01-2014,15735.37773
2518,Sant Kabir Nagar,56,9,Uttar Pradesh,05-01-2014,15772.70898
2519,Shahjahanpur,22,9,Uttar Pradesh,05-01-2014,15672.15138
2520,Hathras,13,9,Uttar Pradesh,05-01-2014,15729.86677
2521,Shrawasti,51,9,Uttar Pradesh,05-01-2014,15706.68796
2522,Saharanpur,1,9,Uttar Pradesh,05-01-2014,15477.37302
2523,Sitapur,24,9,Uttar Pradesh,05-01-2014,15669.03074
2524,Sultanpur,49,9,Uttar Pradesh,05-01-2014,15717.56927
2525,Sonbhadra,70,9,Uttar Pradesh,05-01-2014,15770.4113
2526,Siddharthnagar,54,9,Uttar Pradesh,05-01-2014,15761.96335
2527,Unnao,26,9,Uttar Pradesh,05-01-2014,15754.51911
2528,Varanasi,67,9,Uttar Pradesh,05-01-2014,15692.17193
2529,Bulandshahr,11,9,Uttar Pradesh,05-01-2014,15605.8836
2530,Gautam Buddha Nagar,10,9,Uttar Pradesh,05-01-2014,15689.51632
2531,Ghaziabad,9,9,Uttar Pradesh,05-01-2014,15547.12827
2532,Auraiya,32,9,Uttar Pradesh,05-01-2014,15805.96981
2533,Azamgarh,61,9,Uttar Pradesh,05-01-2014,15719.08509
2534,Budaun,19,9,Uttar Pradesh,05-01-2014,15635.56051
2535,Agra,15,9,Uttar Pradesh,05-01-2014,15840.89728
2536,Aligarh,12,9,Uttar Pradesh,05-01-2014,15721.20423
2537,Allahabad,45,9,Uttar Pradesh,05-01-2014,15805.52513
2538,Ambedkar Nagar,48,9,Uttar Pradesh,05-01-2014,15638.89637
2539,Bareilly,20,9,Uttar Pradesh,05-01-2014,15592.57243
2540,Bijnor,3,9,Uttar Pradesh,05-01-2014,15510.33331
2541,Basti,55,9,Uttar Pradesh,05-01-2014,15721.79793
2542,Baghpat,8,9,Uttar Pradesh,05-01-2014,15506.97483
2543,Bahraich,50,9,Uttar Pradesh,05-01-2014,15658.97681
2544,Ballia,63,9,Uttar Pradesh,05-01-2014,15752.02725
2545,Balrampur,52,9,Uttar Pradesh,05-01-2014,15657.85275
2546,Banda,40,9,Uttar Pradesh,05-01-2014,15925.48247
2547,Barabanki,46,9,Uttar Pradesh,05-01-2014,15584.02628
2548,Chitrakoot,41,9,Uttar Pradesh,05-01-2014,15871.06035
2549,Chandauli,66,9,Uttar Pradesh,05-01-2014,15793.95014
2550,Deoria,60,9,Uttar Pradesh,05-01-2014,15799.24437
2551,Etah,17,9,Uttar Pradesh,05-01-2014,15708.20545
2552,Kanpur Dehat,33,9,Uttar Pradesh,05-01-2014,15809.29246
2553,Etawah,31,9,Uttar Pradesh,05-01-2014,15782.08943
2554,Faizabad,47,9,Uttar Pradesh,05-01-2014,15651.1191
2555,Ghazipur,65,9,Uttar Pradesh,05-01-2014,15712.05677
2556,Gonda,53,9,Uttar Pradesh,05-01-2014,15661.80378
2557,Gorakhpur,58,9,Uttar Pradesh,05-01-2014,15782.69921
2558,Farrukhabad,29,9,Uttar Pradesh,05-01-2014,15646.20997
2559,Fatehpur,42,9,Uttar Pradesh,05-01-2014,15768.96997
2560,Firozabad,16,9,Uttar Pradesh,05-01-2014,15766.02286
2561,Hamirpur,38,9,Uttar Pradesh,05-01-2014,15921.23708
2562,Hardoi,25,9,Uttar Pradesh,05-01-2014,15727.00936
2563,Jamui,37,10,Bihar,05-01-2014,15781.44086
2564,Kishanganj,8,10,Bihar,05-01-2014,15348.90846
2565,Muzaffarpur,14,10,Bihar,05-01-2014,15644.90965
2566,Purnia,9,10,Bihar,05-01-2014,15403.20467
2567,Khagaria,21,10,Bihar,05-01-2014,15528.42578
2568,Madhubani,5,10,Bihar,05-01-2014,15589.73676
2569,Lakhisarai,25,10,Bihar,05-01-2014,15784.22023
2570,Madhepura,11,10,Bihar,05-01-2014,15459.14603
2571,Purba Champaran,2,10,Bihar,05-01-2014,15630.58085
2572,Munger,24,10,Bihar,05-01-2014,15714.79722
2573,Nalanda,27,10,Bihar,05-01-2014,15856.24232
2574,Nawada,36,10,Bihar,05-01-2014,15813.91964
2575,Pashchim Champaran,1,10,Bihar,05-01-2014,15572.68601
2576,Patna,28,10,Bihar,05-01-2014,15807.83104
2577,Samastipur,19,10,Bihar,05-01-2014,15681.10323
2578,Sheikhpura,26,10,Bihar,05-01-2014,15893.79081
2579,Sheohar,3,10,Bihar,05-01-2014,15693.70305
2580,Saharsa,12,10,Bihar,05-01-2014,15470.73112
2581,Sitamarhi,4,10,Bihar,05-01-2014,15628.69069
2582,Siwan,16,10,Bihar,05-01-2014,15741.61445
2583,Supaul,6,10,Bihar,05-01-2014,15525.25215
2584,Vaishali,18,10,Bihar,05-01-2014,15677.77397
2585,Kaimur (Bhabua),31,10,Bihar,05-01-2014,15828.75462
2586,Gaya,35,10,Bihar,05-01-2014,15841.19033
2587,Bhojpur,29,10,Bihar,05-01-2014,15859.28745
2588,Buxar,30,10,Bihar,05-01-2014,15812.36261
2589,Jehanabad,33,10,Bihar,05-01-2014,15869.39596
2590,Rohtas,32,10,Bihar,05-01-2014,15858.06252
2591,Araria,7,10,Bihar,05-01-2014,15449.90429
2592,Aurangabad,34,10,Bihar,05-01-2014,15854.67646
2593,Banka,23,10,Bihar,05-01-2014,15795.46945
2594,Bhagalpur,22,10,Bihar,05-01-2014,15647.91886
2595,Begusarai,20,10,Bihar,05-01-2014,15687.36199
2596,Saran,17,10,Bihar,05-01-2014,15709.79492
2597,Katihar,10,10,Bihar,05-01-2014,15453.20143
2598,Darbhanga,13,10,Bihar,05-01-2014,15623.79505
2599,Gopalganj,15,10,Bihar,05-01-2014,15670.29633
2600,North,1,11,Sikkim,05-01-2014,14187.44769
2601,South,3,11,Sikkim,05-01-2014,14765.97265
2602,West,2,11,Sikkim,05-01-2014,14503.35175
2603,East,4,11,Sikkim,05-01-2014,14661.21155
2604,Lohit,11,12,Arunanchal Pradesh,05-01-2014,14707.49226
2605,Lower Subansiri,5,12,Arunanchal Pradesh,05-01-2014,14689.91776
2606,Papum Pare,4,12,Arunanchal Pradesh,05-01-2014,14920.38557
2607,Tawang,1,12,Arunanchal Pradesh,05-01-2014,14302.18994
2608,Tirap,13,12,Arunanchal Pradesh,05-01-2014,14995.94511
2609,West Kameng,2,12,Arunanchal Pradesh,05-01-2014,14720.03384
2610,West Siang,7,12,Arunanchal Pradesh,05-01-2014,14839.94538
2611,Upper Siang,9,12,Arunanchal Pradesh,05-01-2014,14686.50868
2612,Upper Subansiri,6,12,Arunanchal Pradesh,05-01-2014,14647.38326
2613,Changlang,12,12,Arunanchal Pradesh,05-01-2014,14958.85281
2614,Dibang Valley,10,12,Arunanchal Pradesh,05-01-2014,14539.44582
2615,East Kameng,3,12,Arunanchal Pradesh,05-01-2014,14754.75815
2616,East Siang,8,12,Arunanchal Pradesh,05-01-2014,15013.84221
2617,Mokokchung,3,13,Nagaland,05-01-2014,15075.30887
2618,Mon,1,13,Nagaland,05-01-2014,15038.98736
2619,Phek,8,13,Nagaland,05-01-2014,14959.99104
2620,Tuensang,2,13,Nagaland,05-01-2014,14953.28744
2621,Wokha,5,13,Nagaland,05-01-2014,15132.58869
2622,Zunheboto,4,13,Nagaland,05-01-2014,14957.30497
2623,Dimapur,6,13,Nagaland,05-01-2014,15265.05548
2624,Kohima,7,13,Nagaland,05-01-2014,15004.71124
2625,Imphal East,7,14,Manipur,05-01-2014,15208.10745
2626,Imphal West,6,14,Manipur,05-01-2014,15083.68662
2627,Senapati (Excl. 3 sub-divisions),1,14,Manipur,05-01-2014,14933.57348
2628,Tamenglong,2,14,Manipur,05-01-2014,14954.87197
2629,Thoubal,5,14,Manipur,05-01-2014,15223.04969
2630,Ukhrul,8,14,Manipur,05-01-2014,15065.02819
2631,Bishnupur,4,14,Manipur,05-01-2014,15107.1909
2632,Chandel,9,14,Manipur,05-01-2014,15167.12396
2633,Churachandpur,3,14,Manipur,05-01-2014,15039.36153
2634,Kolasib,2,15,Mizoram,05-01-2014,15076.23356
2635,Mamit,1,15,Mizoram,05-01-2014,15088.42317
2636,Lunglei,6,15,Mizoram,05-01-2014,15127.17162
2637,Lawngtlai,7,15,Mizoram,05-01-2014,15196.50855
2638,Saiha,8,15,Mizoram,05-01-2014,15088.77498
2639,Serchhip,5,15,Mizoram,05-01-2014,15063.96648
2640,Aizawl,3,15,Mizoram,05-01-2014,15064.92371
2641,Champhai,4,15,Mizoram,05-01-2014,15061.38822
2642,North Tripura,4,16,Tripura,05-01-2014,15145.85803
2643,South Tripura,2,16,Tripura,05-01-2014,15242.26019
2644,West Tripura,1,16,Tripura,05-01-2014,15205.87552
2645,Dhalai,3,16,Tripura,05-01-2014,15156.05284
2646,Jaintia Hills,7,17,Meghalaya,05-01-2014,15009.85082
2647,Ri Bhoi,5,17,Meghalaya,05-01-2014,15150.48528
2648,South Garo Hills,3,17,Meghalaya,05-01-2014,15077.9994
2649,West Garo Hills,1,17,Meghalaya,05-01-2014,15162.93867
2650,West Khasi Hills,4,17,Meghalaya,05-01-2014,15017.29868
2651,East Garo Hills,2,17,Meghalaya,05-01-2014,15174.94953
2652,East Khasi Hills,6,17,Meghalaya,05-01-2014,14957.44713
2653,Jorhat,17,18,Assam,05-01-2014,15089.2753
2654,Karimganj,22,18,Assam,05-01-2014,15119.64537
2655,Kokrajhar,1,18,Assam,05-01-2014,15136.57153
2656,Lakhimpur,12,18,Assam,05-01-2014,15143.54019
2657,Nagaon,10,18,Assam,05-01-2014,15295.15998
2658,Marigaon,9,18,Assam,05-01-2014,15142.4825
2659,Nalbari,7,18,Assam,05-01-2014,15122.02407
2660,North Cachar Hills,20,18,Assam,05-01-2014,15100.87011
2661,Sonitpur,11,18,Assam,05-01-2014,15129.38395
2662,Sibsagar,16,18,Assam,05-01-2014,15072.32105
2663,Tinsukia,14,18,Assam,05-01-2014,15115.57415
2664,Barpeta,5,18,Assam,05-01-2014,15099.66998
2665,Bongaigaon,4,18,Assam,05-01-2014,15096.12998
2666,Cachar,21,18,Assam,05-01-2014,15097.42864
2667,Darrang,8,18,Assam,05-01-2014,15099.03146
2668,Dhemaji,13,18,Assam,05-01-2014,15167.8025
2669,Dhubri,2,18,Assam,05-01-2014,15111.58516
2670,Dibrugarh,15,18,Assam,05-01-2014,15075.2761
2671,Kamrup,6,18,Assam,05-01-2014,15163.02345
2672,Karbi Anglong,19,18,Assam,05-01-2014,15191.36834
2673,Goalpara,3,18,Assam,05-01-2014,15140.59516
2674,Golaghat,18,18,Assam,05-01-2014,15187.91772
2675,Hailakandi,23,18,Assam,05-01-2014,15104.12095
2676,Jalpaiguri,2,19,West Bengal,05-01-2014,15172.64709
2677,Koch Bihar,3,19,West Bengal,05-01-2014,15140.85568
2678,Murshidabad,7,19,West Bengal,05-01-2014,15494.97865
2679,Puruliya,14,19,West Bengal,05-01-2014,15685.6908
2680,Kolkata,17,19,West Bengal,05-01-2014,15507.05297
2681,Maldah,6,19,West Bengal,05-01-2014,15410.2929
2682,Nadia,10,19,West Bengal,05-01-2014,15457.41449
2683,North Twenty Four Parganas,11,19,West Bengal,05-01-2014,15308.87203
2684,Medinipur,15,19,West Bengal,05-01-2014,15511.82268
2685,Hugli,12,19,West Bengal,05-01-2014,15416.2524
2686,South  Twenty Four Parganas,18,19,West Bengal,05-01-2014,15365.59564
2687,Uttar Dinajpur,4,19,West Bengal,05-01-2014,15344.0763
2688,Barddhaman,9,19,West Bengal,05-01-2014,15597.37498
2689,Birbhum,8,19,West Bengal,05-01-2014,15590.39134
2690,Bankura,13,19,West Bengal,05-01-2014,15602.42565
2691,Dakshin Dinajpur,5,19,West Bengal,05-01-2014,15429.05069
2692,Darjiling,1,19,West Bengal,05-01-2014,15038.42954
2693,Haora,16,19,West Bengal,05-01-2014,15377.49547
2694,Purbi Singhbhum,18,20,Jharkhand,05-01-2014,15635.65717
2695,Lohardaga,15,20,Jharkhand,05-01-2014,15558.94208
2696,Pakaur,10,20,Jharkhand,05-01-2014,15769.52677
2697,Pashchimi Singhbhum,17,20,Jharkhand,05-01-2014,15628.99305
2698,Ranchi,14,20,Jharkhand,05-01-2014,15613.71669
2699,Sahibganj,9,20,Jharkhand,05-01-2014,15584.77711
2700,Garhwa,1,20,Jharkhand,05-01-2014,15799.06919
2701,Palamu,2,20,Jharkhand,05-01-2014,15740.98073
2702,Chatra,3,20,Jharkhand,05-01-2014,15733.96374
2703,Hazaribagh,4,20,Jharkhand,05-01-2014,15633.57098
2704,Kodarma,5,20,Jharkhand,05-01-2014,15726.19953
2705,Bokaro,13,20,Jharkhand,05-01-2014,15714.25271
2706,Deoghar,7,20,Jharkhand,05-01-2014,15812.9503
2707,Dhanbad,12,20,Jharkhand,05-01-2014,15733.71852
2708,Dumka,11,20,Jharkhand,05-01-2014,15774.34864
2709,Giridih,6,20,Jharkhand,05-01-2014,15753.45488
2710,Godda,8,20,Jharkhand,05-01-2014,15747.02522
2711,Gumla,16,20,Jharkhand,05-01-2014,15615.6175
2712,Jajapur,13,21,Orissa,05-01-2014,15602.24122
2713,Jagatsinghapur,11,21,Orissa,05-01-2014,15611.72343
2714,Jharsuguda,2,21,Orissa,05-01-2014,15619.03018
2715,Khordha,17,21,Orissa,05-01-2014,15583.0586
2716,Mayurbhanj,7,21,Orissa,05-01-2014,15526.9417
2717,Puri,18,21,Orissa,05-01-2014,15508.91378
2718,Koraput,29,21,Orissa,05-01-2014,15411.37204
2719,Malkangiri,30,21,Orissa,05-01-2014,15477.65776
2720,Nabarangapur,28,21,Orissa,05-01-2014,15602.51124
2721,Nayagarh,16,21,Orissa,05-01-2014,15511.12036
2722,Nuapada,25,21,Orissa,05-01-2014,15699.6072
2723,Kandhamal,21,21,Orissa,05-01-2014,15428.79815
2724,Sambalpur,3,21,Orissa,05-01-2014,15580.4746
2725,Rayagada,27,21,Orissa,05-01-2014,15437.04281
2726,Sundargarh,5,21,Orissa,05-01-2014,15608.50483
2727,Sonapur,23,21,Orissa,05-01-2014,15667.19698
2728,Anugul,15,21,Orissa,05-01-2014,15592.60937
2729,Bhadrak,9,21,Orissa,05-01-2014,15546.16197
2730,Baudh,22,21,Orissa,05-01-2014,15645.64069
2731,Balangir,24,21,Orissa,05-01-2014,15741.16375
2732,Baleshwar,8,21,Orissa,05-01-2014,15476.96879
2733,Bargarh,1,21,Orissa,05-01-2014,15655.95517
2734,Kendrapara,10,21,Orissa,05-01-2014,15567.921
2735,Kendujhar,6,21,Orissa,05-01-2014,15587.25203
2736,Debagarh,4,21,Orissa,05-01-2014,15529.39208
2737,Cuttack,12,21,Orissa,05-01-2014,15580.10335
2738,Dhenkanal,14,21,Orissa,05-01-2014,15598.34415
2739,Kalahandi,26,21,Orissa,05-01-2014,15584.78439
2740,Ganjam,19,21,Orissa,05-01-2014,15547.93551
2741,Gajapati,20,21,Orissa,05-01-2014,15318.50726
2742,Jashpur,3,22,Chhattisgarh,05-01-2014,15641.72367
2743,Koriya,1,22,Chhattisgarh,05-01-2014,15733.3264
2744,Mahasamund,12,22,Chhattisgarh,05-01-2014,15739.70893
2745,Raigarh,4,22,Chhattisgarh,05-01-2014,15673.13839
2746,Raipur,11,22,Chhattisgarh,05-01-2014,15752.55101
2747,Rajnandgaon,9,22,Chhattisgarh,05-01-2014,15832.4001
2748,Surguja,2,22,Chhattisgarh,05-01-2014,15678.9913
2749,Bilaspur,7,22,Chhattisgarh,05-01-2014,15766.79068
2750,Janjgir - Champa,6,22,Chhattisgarh,05-01-2014,15783.2787
2751,Korba,5,22,Chhattisgarh,05-01-2014,15690.62071
2752,Kawardha,8,22,Chhattisgarh,05-01-2014,15851.36447
2753,Bastar,15,22,Chhattisgarh,05-01-2014,15513.57225
2754,Dantewada,16,22,Chhattisgarh,05-01-2014,15502.79581
2755,Dhamtari,13,22,Chhattisgarh,05-01-2014,15613.57664
2756,Durg,10,22,Chhattisgarh,05-01-2014,15865.54534
2757,Kanker,14,22,Chhattisgarh,05-01-2014,15669.98893
2758,Jabalpur,39,23,Madhya Pradesh,05-01-2014,15982.24345
2759,Jhabua,24,23,Madhya Pradesh,05-01-2014,16047.13213
2760,Mandsaur,19,23,Madhya Pradesh,05-01-2014,16049.80017
2761,Tikamgarh,8,23,Madhya Pradesh,05-01-2014,15960.67578
2762,Narsimhapur,40,23,Madhya Pradesh,05-01-2014,15895.73081
2763,Neemuch,18,23,Madhya Pradesh,05-01-2014,16005.83139
2764,Panna,10,23,Madhya Pradesh,05-01-2014,15947.65664
2765,Raisen,34,23,Madhya Pradesh,05-01-2014,16057.57847
2766,Rajgarh,30,23,Madhya Pradesh,05-01-2014,16141.49
2767,Satna,13,23,Madhya Pradesh,05-01-2014,15871.84896
2768,Sehore,33,23,Madhya Pradesh,05-01-2014,16055.99456
2769,Seoni,44,23,Madhya Pradesh,05-01-2014,15921.05566
2770,Hoshangabad,37,23,Madhya Pradesh,05-01-2014,15871.82411
2771,Indore,26,23,Madhya Pradesh,05-01-2014,16012.63244
2772,Shajapur,22,23,Madhya Pradesh,05-01-2014,16113.64373
2773,Shivpuri,6,23,Madhya Pradesh,05-01-2014,15984.27898
2774,Ratlam,20,23,Madhya Pradesh,05-01-2014,16117.4153
2775,Rewa,14,23,Madhya Pradesh,05-01-2014,15886.35766
2776,Sagar,11,23,Madhya Pradesh,05-01-2014,16093.75433
2777,Sidhi,17,23,Madhya Pradesh,05-01-2014,15832.69128
2778,Ujjain,21,23,Madhya Pradesh,05-01-2014,16090.5454
2779,Vidisha,31,23,Madhya Pradesh,05-01-2014,16137.46882
2780,West Nimar,27,23,Madhya Pradesh,05-01-2014,16080.75966
2781,Morena,2,23,Madhya Pradesh,05-01-2014,15914.19791
2782,Sheopur,1,23,Madhya Pradesh,05-01-2014,16012.92767
2783,Dindori,41,23,Madhya Pradesh,05-01-2014,15877.42248
2784,Mandla,42,23,Madhya Pradesh,05-01-2014,15880.69366
2785,Shahdol,16,23,Madhya Pradesh,05-01-2014,15856.23388
2786,Umaria,15,23,Madhya Pradesh,05-01-2014,15873.46803
2787,Bhind,3,23,Madhya Pradesh,05-01-2014,15935.82532
2788,Bhopal,32,23,Madhya Pradesh,05-01-2014,16061.00467
2789,Barwani,28,23,Madhya Pradesh,05-01-2014,16074.93158
2790,Betul,35,23,Madhya Pradesh,05-01-2014,15945.88692
2791,Balaghat,45,23,Madhya Pradesh,05-01-2014,15695.6566
2792,Chhatarpur,9,23,Madhya Pradesh,05-01-2014,15942.32868
2793,Chhindwara,43,23,Madhya Pradesh,05-01-2014,15934.52377
2794,Dewas,23,23,Madhya Pradesh,05-01-2014,16034.69547
2795,Katni,38,23,Madhya Pradesh,05-01-2014,15905.62429
2796,Datia,5,23,Madhya Pradesh,05-01-2014,15931.15616
2797,Damoh,12,23,Madhya Pradesh,05-01-2014,16060.90912
2798,Dhar,25,23,Madhya Pradesh,05-01-2014,16079.95453
2799,East Nimar,29,23,Madhya Pradesh,05-01-2014,16030.63357
2800,Guna,7,23,Madhya Pradesh,05-01-2014,16076.35271
2801,Gwalior,4,23,Madhya Pradesh,05-01-2014,15958.08208
2802,Harda,36,23,Madhya Pradesh,05-01-2014,15915.17868
2803,Jamnagar,10,24,Gujarat,05-01-2014,15876.3062
2804,Kheda,16,24,Gujarat,05-01-2014,15844.89388
2805,Mahesana,4,24,Gujarat,05-01-2014,15907.1514
2806,Narmada,20,24,Gujarat,05-01-2014,15888.53705
2807,Navsari,24,24,Gujarat,05-01-2014,15615.13813
2808,Panch Mahals,17,24,Gujarat,05-01-2014,15846.32822
2809,Patan,3,24,Gujarat,05-01-2014,15941.34942
2810,Porbandar,11,24,Gujarat,05-01-2014,15777.40767
2811,Rajkot,9,24,Gujarat,05-01-2014,15988.94741
2812,Sabar Kantha,5,24,Gujarat,05-01-2014,15891.60228
2813,Surendranagar,8,24,Gujarat,05-01-2014,15992.46607
2814,The Dangs,23,24,Gujarat,05-01-2014,15886.44735
2815,Vadodara,19,24,Gujarat,05-01-2014,15862.31578
2816,Valsad,25,24,Gujarat,05-01-2014,15732.10147
2817,Bharuch,21,24,Gujarat,05-01-2014,15825.71775
2818,Surat,22,24,Gujarat,05-01-2014,15693.16698
2819,Anand,15,24,Gujarat,05-01-2014,15777.38698
2820,Ahmadabad,7,24,Gujarat,05-01-2014,15989.60173
2821,Amreli,13,24,Gujarat,05-01-2014,16004.12847
2822,Bhavnagar,14,24,Gujarat,05-01-2014,16006.96329
2823,Banas Kantha,2,24,Gujarat,05-01-2014,15795.30451
2824,Dohad,18,24,Gujarat,05-01-2014,15934.74467
2825,Junagadh,12,24,Gujarat,05-01-2014,15844.95741
2826,Kachchh,1,24,Gujarat,05-01-2014,15908.3883
2827,Gandhinagar,6,24,Gujarat,05-01-2014,15851.91325
2828,Daman,2,25,Daman & Diu,05-01-2014,15512.23481
2829,Diu,1,25,Daman & Diu,05-01-2014,15431.86338
2830,Dadra & Nagar Haveli,1,26,Dadara & Nagar Havelli,05-01-2014,15831.53177
2831,Jalgaon,3,27,Maharashtra,05-01-2014,15992.6163
2832,Jalna,18,27,Maharashtra,05-01-2014,16031.61895
2833,Kolhapur,34,27,Maharashtra,05-01-2014,15555.1324
2834,Latur,28,27,Maharashtra,05-01-2014,15968.38723
2835,Pune,25,27,Maharashtra,05-01-2014,15804.76527
2836,Nagpur,9,27,Maharashtra,05-01-2014,15926.98364
2837,Mumbai,23,27,Maharashtra,05-01-2014,15432.35645
2838,Mumbai (Suburban),22,27,Maharashtra,05-01-2014,15487.97866
2839,Nanded,15,27,Maharashtra,05-01-2014,15955.80263
2840,Nandurbar,1,27,Maharashtra,05-01-2014,15968.12749
2841,Nashik,20,27,Maharashtra,05-01-2014,15957.27761
2842,Osmanabad,29,27,Maharashtra,05-01-2014,16017.98881
2843,Parbhani,17,27,Maharashtra,05-01-2014,16017.69357
2844,Sangli,35,27,Maharashtra,05-01-2014,15863.78009
2845,Satara,31,27,Maharashtra,05-01-2014,15782.23825
2846,Hingoli,16,27,Maharashtra,05-01-2014,15998.09417
2847,Ratnagiri,32,27,Maharashtra,05-01-2014,15600.82185
2848,Raigarh,24,27,Maharashtra,05-01-2014,15713.2234
2849,Thane,21,27,Maharashtra,05-01-2014,15820.22118
2850,Solapur,30,27,Maharashtra,05-01-2014,15912.5559
2851,Sindhudurg,33,27,Maharashtra,05-01-2014,15527.98125
2852,Wardha,8,27,Maharashtra,05-01-2014,16032.24707
2853,Washim,6,27,Maharashtra,05-01-2014,16048.48294
2854,Yavatmal,14,27,Maharashtra,05-01-2014,16002.97459
2855,Aurangabad,19,27,Maharashtra,05-01-2014,15993.25968
2856,Ahmadnagar,26,27,Maharashtra,05-01-2014,15972.49945
2857,Akola,5,27,Maharashtra,05-01-2014,16084.91322
2858,Amravati,7,27,Maharashtra,05-01-2014,16026.8437
2859,Bid,27,27,Maharashtra,05-01-2014,16004.23541
2860,Bhandara,10,27,Maharashtra,05-01-2014,15761.57095
2861,Buldana,4,27,Maharashtra,05-01-2014,16037.01418
2862,Chandrapur,13,27,Maharashtra,05-01-2014,15851.57952
2863,Dhule,2,27,Maharashtra,05-01-2014,16056.29593
2864,Gadchiroli,12,27,Maharashtra,05-01-2014,15704.08061
2865,Gondiya,11,27,Maharashtra,05-01-2014,15714.75742
2866,Khammam,10,28,Andhra Pradesh,05-01-2014,15583.83889
2867,Medak,4,28,Andhra Pradesh,05-01-2014,15742.42659
2868,Krishna,16,28,Andhra Pradesh,05-01-2014,15561.43142
2869,Kurnool,21,28,Andhra Pradesh,05-01-2014,15742.35819
2870,Mahbubnagar,7,28,Andhra Pradesh,05-01-2014,15690.33244
2871,Nalgonda,8,28,Andhra Pradesh,05-01-2014,15747.41366
2872,Nellore,19,28,Andhra Pradesh,05-01-2014,15749.98779
2873,Nizamabad,2,28,Andhra Pradesh,05-01-2014,15717.47555
2874,Prakasam,18,28,Andhra Pradesh,05-01-2014,15808.78054
2875,Hyderabad,5,28,Andhra Pradesh,05-01-2014,15609.75807
2876,Rangareddi,6,28,Andhra Pradesh,05-01-2014,15704.52962
2877,Srikakulam,11,28,Andhra Pradesh,05-01-2014,15572.4839
2878,West Godavari,15,28,Andhra Pradesh,05-01-2014,15423.04458
2879,Visakhapatnam,13,28,Andhra Pradesh,05-01-2014,15376.66933
2880,Vizianagaram,12,28,Andhra Pradesh,05-01-2014,15522.24306
2881,Warangal,9,28,Andhra Pradesh,05-01-2014,15684.39666
2882,Anantapur,22,28,Andhra Pradesh,05-01-2014,15740.13775
2883,Adilabad,1,28,Andhra Pradesh,05-01-2014,15771.83282
2884,Chittoor,23,28,Andhra Pradesh,05-01-2014,15656.16039
2885,Cuddapah,20,28,Andhra Pradesh,05-01-2014,15767.85375
2886,East Godavari,14,28,Andhra Pradesh,05-01-2014,15382.32981
2887,Karimnagar,3,28,Andhra Pradesh,05-01-2014,15687.2921
2888,Guntur,17,28,Andhra Pradesh,05-01-2014,15742.8532
2889,Kodagu,25,29,Karnataka,05-01-2014,15066.55958
2890,Kolar,19,29,Karnataka,05-01-2014,15624.68971
2891,Mandya,22,29,Karnataka,05-01-2014,15339.42965
2892,Koppal,7,29,Karnataka,05-01-2014,15684.23052
2893,Mysore,26,29,Karnataka,05-01-2014,15375.04726
2894,Raichur,6,29,Karnataka,05-01-2014,15709.18346
2895,Hassan,23,29,Karnataka,05-01-2014,15320.59044
2896,Haveri,11,29,Karnataka,05-01-2014,15522.23568
2897,Shimoga,15,29,Karnataka,05-01-2014,15219.21299
2898,Tumkur,18,29,Karnataka,05-01-2014,15545.66839
2899,Udupi,16,29,Karnataka,05-01-2014,15259.28948
2900,Uttara Kannada,10,29,Karnataka,05-01-2014,15192.50948
2901,Bagalkot,2,29,Karnataka,05-01-2014,15667.40802
2902,Bangalore,20,29,Karnataka,05-01-2014,15486.52562
2903,Bidar,5,29,Karnataka,05-01-2014,15934.27453
2904,Bijapur,3,29,Karnataka,05-01-2014,15847.73901
2905,Belgaum,1,29,Karnataka,05-01-2014,15627.63602
2906,Bellary,12,29,Karnataka,05-01-2014,15594.64396
2907,Bangalore Rural,21,29,Karnataka,05-01-2014,15501.56557
2908,Chamarajanagar,27,29,Karnataka,05-01-2014,15412.75233
2909,Chikmagalur,17,29,Karnataka,05-01-2014,15180.29435
2910,Chitradurga,13,29,Karnataka,05-01-2014,15573.78032
2911,Dakshina Kannada,24,29,Karnataka,05-01-2014,15155.60216
2912,Davanagere,14,29,Karnataka,05-01-2014,15443.92209
2913,Dharwad,9,29,Karnataka,05-01-2014,15619.03288
2914,Gulbarga,4,29,Karnataka,05-01-2014,15861.01085
2915,Gadag,8,29,Karnataka,05-01-2014,15747.37485
2916,North Goa,1,30,Goa,05-01-2014,15419.79044
2917,South Goa,2,30,Goa,05-01-2014,15348.583
2918,Lakshadweep,1,31,Lakshadweep,05-01-2014,15136.58529
2919,Kollam,13,32,Kerala,05-01-2014,15114.02377
2920,Kottayam,10,32,Kerala,05-01-2014,15168.44977
2921,Kozhikode,4,32,Kerala,05-01-2014,15153.57351
2922,Malappuram,5,32,Kerala,05-01-2014,15190.20145
2923,Palakkad,6,32,Kerala,05-01-2014,15227.86004
2924,Pathanamthitta,12,32,Kerala,05-01-2014,15064.11978
2925,Idukki,9,32,Kerala,05-01-2014,15001.14108
2926,Thrissur,7,32,Kerala,05-01-2014,15209.05165
2927,Thiruvananthapuram,14,32,Kerala,05-01-2014,15112.33038
2928,Wayanad,3,32,Kerala,05-01-2014,15045.35606
2929,Alappuzha,11,32,Kerala,05-01-2014,15170.54384
2930,Kasaragod,1,32,Kerala,05-01-2014,15208.0699
2931,Kannur,2,32,Kerala,05-01-2014,15199.89427
2932,Ernakulam,8,32,Kerala,05-01-2014,15215.23666
2933,Kanniyakumari,30,33,Tamil Nadu,05-01-2014,15137.71188
2934,Karur,14,33,Tamil Nadu,05-01-2014,15674.89014
2935,Madurai,24,33,Tamil Nadu,05-01-2014,15577.24473
2936,Namakkal,9,33,Tamil Nadu,05-01-2014,15600.31334
2937,The Nilgiris,11,33,Tamil Nadu,05-01-2014,15036.94521
2938,Perambalur,16,33,Tamil Nadu,05-01-2014,15678.48369
2939,Pudukkottai,22,33,Tamil Nadu,05-01-2014,15596.37878
2940,Ramanathapuram,27,33,Tamil Nadu,05-01-2014,15572.0707
2941,Salem,8,33,Tamil Nadu,05-01-2014,15501.94805
2942,Sivaganga,23,33,Tamil Nadu,05-01-2014,15603.43722
2943,Tiruchirappalli,15,33,Tamil Nadu,05-01-2014,15596.3279
2944,Tirunelveli,29,33,Tamil Nadu,05-01-2014,15526.86632
2945,Tiruvannamalai,6,33,Tamil Nadu,05-01-2014,15614.4096
2946,Thoothukkudi,28,33,Tamil Nadu,05-01-2014,15739.25749
2947,Theni,25,33,Tamil Nadu,05-01-2014,15379.13827
2948,Vellore,4,33,Tamil Nadu,05-01-2014,15581.44181
2949,Viluppuram,7,33,Tamil Nadu,05-01-2014,15591.89205
2950,Virudhunagar,26,33,Tamil Nadu,05-01-2014,15681.72147
2951,Chennai,2,33,Tamil Nadu,05-01-2014,15599.51788
2952,Kancheepuram,3,33,Tamil Nadu,05-01-2014,15670.23289
2953,Thiruvallur,1,33,Tamil Nadu,05-01-2014,15695.71184
2954,Thanjavur,21,33,Tamil Nadu,05-01-2014,15472.8564
2955,Thiruvarur,20,33,Tamil Nadu,05-01-2014,15461.85512
2956,Nagapattinam,19,33,Tamil Nadu,05-01-2014,15476.75566
2957,Ariyalur,17,33,Tamil Nadu,05-01-2014,15581.52528
2958,Coimbatore,12,33,Tamil Nadu,05-01-2014,15454.7188
2959,Cuddalore,18,33,Tamil Nadu,05-01-2014,15536.42216
2960,Dharmapuri,5,33,Tamil Nadu,05-01-2014,15486.06332
2961,Dindigul,13,33,Tamil Nadu,05-01-2014,15459.67369
2962,Erode,10,33,Tamil Nadu,05-01-2014,15558.7554
2963,Pondicherry,2,34,Puducherry,05-01-2014,15449.96616
2964,Yanam,1,34,Puducherry,05-01-2014,15462.24953
2965,Karaikal,4,34,Puducherry,05-01-2014,15449.77668
2966,Mahe,3,34,Puducherry,05-01-2014,15197.78915
2967,Nicobars,2,35,Andaman & Nicobar Island,05-01-2014,15001.47992
2968,Andamans,1,35,Andaman & Nicobar Island,05-01-2014,15119.65197
2969,Data Not Available,99,99,Jammu and Kashmir,05-01-2014,14207.93207
2970,Jammu,13,1,Jammu and Kashmir,06-01-2014,15763.01302
2971,Kargil,8,1,Jammu and Kashmir,06-01-2014,14595.52942
2972,Kathua,14,1,Jammu and Kashmir,06-01-2014,15497.91043
2973,Leh (Ladakh),7,1,Jammu and Kashmir,06-01-2014,14831.86066
2974,Kupwara,1,1,Jammu and Kashmir,06-01-2014,14884.03053
2975,Punch,11,1,Jammu and Kashmir,06-01-2014,15093.41466
2976,Pulwama,5,1,Jammu and Kashmir,06-01-2014,15006.70659
2977,Rajauri,12,1,Jammu and Kashmir,06-01-2014,15411.42405
2978,Anantnag,6,1,Jammu and Kashmir,06-01-2014,14637.48213
2979,Badgam,4,1,Jammu and Kashmir,06-01-2014,14856.59957
2980,Baramula,2,1,Jammu and Kashmir,06-01-2014,14721.15809
2981,Doda,9,1,Jammu and Kashmir,06-01-2014,14510.91404
2982,Srinagar,3,1,Jammu and Kashmir,06-01-2014,14595.11595
2983,Udhampur,10,1,Jammu and Kashmir,06-01-2014,15263.79522
2984,Kangra,2,2,Himachal Pradesh,06-01-2014,15176.22184
2985,Kinnaur,12,2,Himachal Pradesh,06-01-2014,14478.32509
2986,Lahul & Spiti,3,2,Himachal Pradesh,06-01-2014,14309.35803
2987,Kullu,4,2,Himachal Pradesh,06-01-2014,14490.05973
2988,Mandi,5,2,Himachal Pradesh,06-01-2014,15181.2922
2989,Bilaspur,8,2,Himachal Pradesh,06-01-2014,15494.74543
2990,Chamba,1,2,Himachal Pradesh,06-01-2014,14712.45035
2991,Hamirpur,6,2,Himachal Pradesh,06-01-2014,15497.31212
2992,Shimla,11,2,Himachal Pradesh,06-01-2014,14946.57599
2993,Sirmaur,10,2,Himachal Pradesh,06-01-2014,15364.41643
2994,Solan,9,2,Himachal Pradesh,06-01-2014,15445.91712
2995,Una,7,2,Himachal Pradesh,06-01-2014,15616.15717
2996,Hoshiarpur,5,3,Punjab,06-01-2014,15650.24031
2997,Jalandhar,4,3,Punjab,06-01-2014,15696.16703
2998,Kapurthala,3,3,Punjab,06-01-2014,15690.85305
2999,Ludhiana,9,3,Punjab,06-01-2014,15727.15014
3000,Mansa,15,3,Punjab,06-01-2014,15661.76253
3001,Moga,10,3,Punjab,06-01-2014,15639.72503
3002,Muktsar,12,3,Punjab,06-01-2014,15697.21357
3003,Nawanshahr,6,3,Punjab,06-01-2014,15713.62758
3004,Patiala,17,3,Punjab,06-01-2014,15718.83683
3005,Sangrur,16,3,Punjab,06-01-2014,15650.74657
3006,Amritsar,2,3,Punjab,06-01-2014,15729.91405
3007,Firozpur,11,3,Punjab,06-01-2014,15688.76291
3008,Bathinda,14,3,Punjab,06-01-2014,15664.35911
3009,Gurdaspur,1,3,Punjab,06-01-2014,15763.05397
3010,Faridkot,13,3,Punjab,06-01-2014,15679.18479
3011,Fatehgarh Sahib,8,3,Punjab,06-01-2014,15698.20644
3012,Rupnagar,7,3,Punjab,06-01-2014,15731.78618
3013,Chandigarh,1,4,Chandigarh,06-01-2014,15655.02268
3014,Hardwar,13,5,Uttarakhand,06-01-2014,15454.79621
3015,Nainital,11,5,Uttarakhand,06-01-2014,15310.61597
3016,Pithoragarh,7,5,Uttarakhand,06-01-2014,14636.90276
3017,Bageshwar,8,5,Uttarakhand,06-01-2014,14903.72522
3018,Almora,9,5,Uttarakhand,06-01-2014,15378.12251
3019,Chamoli,2,5,Uttarakhand,06-01-2014,14565.27603
3020,Champawat,10,5,Uttarakhand,06-01-2014,15276.63907
3021,Dehradun,5,5,Uttarakhand,06-01-2014,15370.44143
3022,Garhwal,6,5,Uttarakhand,06-01-2014,15343.47579
3023,Rudraprayag,3,5,Uttarakhand,06-01-2014,14819.26035
3024,Tehri Garhwal,4,5,Uttarakhand,06-01-2014,15139.27663
3025,Udham Singh Nagar,12,5,Uttarakhand,06-01-2014,15424.36237
3026,Uttarkashi,1,5,Uttarakhand,06-01-2014,14650.67615
3027,Hisar,12,6,Haryana,06-01-2014,15779.32212
3028,Jind,9,6,Haryana,06-01-2014,15809.70777
3029,Kaithal,5,6,Haryana,06-01-2014,15765.26888
3030,Karnal,6,6,Haryana,06-01-2014,15728.08395
3031,Kurukshetra,4,6,Haryana,06-01-2014,15629.39619
3032,Panchkula,1,6,Haryana,06-01-2014,15645.99553
3033,Panipat,7,6,Haryana,06-01-2014,15731.97468
3034,Ambala,2,6,Haryana,06-01-2014,15711.41079
3035,Gurgaon,18,6,Haryana,06-01-2014,15876.566
3036,Faridabad,19,6,Haryana,06-01-2014,15762.81573
3037,Fatehabad,10,6,Haryana,06-01-2014,15720.43721
3038,Rohtak,14,6,Haryana,06-01-2014,15850.49827
3039,Sirsa,11,6,Haryana,06-01-2014,15701.02938
3040,Sonipat,8,6,Haryana,06-01-2014,15779.40507
3041,Yamunanagar,3,6,Haryana,06-01-2014,15540.85919
3042,Jhajjar,15,6,Haryana,06-01-2014,15917.43415
3043,Mahendragarh,16,6,Haryana,06-01-2014,15840.77544
3044,Rewari,17,6,Haryana,06-01-2014,15873.37241
3045,Bhiwani,13,6,Haryana,06-01-2014,15807.04709
3046,Central,6,7,Delhi  & NCR,06-01-2014,15555.30647
3047,East,4,7,Delhi  & NCR,06-01-2014,15538.24482
3048,New Delhi,5,7,Delhi  & NCR,06-01-2014,15528.74263
3049,North,2,7,Delhi  & NCR,06-01-2014,15529.10323
3050,North East,3,7,Delhi  & NCR,06-01-2014,15548.29872
3051,North West,1,7,Delhi  & NCR,06-01-2014,15716.87732
3052,South,9,7,Delhi  & NCR,06-01-2014,15585.61739
3053,South West,8,7,Delhi  & NCR,06-01-2014,15740.87309
3054,West,7,7,Delhi  & NCR,06-01-2014,15607.17067
3055,Jaipur,12,8,Rajasthan,06-01-2014,15807.94679
3056,Jaisalmer,16,8,Rajasthan,06-01-2014,16025.14733
3057,Jalor,18,8,Rajasthan,06-01-2014,15789.64665
3058,Jhalawar,32,8,Rajasthan,06-01-2014,15857.38133
3059,Jhunjhunun,5,8,Rajasthan,06-01-2014,15764.81424
3060,Jodhpur,15,8,Rajasthan,06-01-2014,15925.97286
3061,Kota,30,8,Rajasthan,06-01-2014,15869.46773
3062,Nagaur,14,8,Rajasthan,06-01-2014,15851.91954
3063,Pali,20,8,Rajasthan,06-01-2014,15845.13099
3064,Rajsamand,25,8,Rajasthan,06-01-2014,15761.08511
3065,Sawai Madhopur,10,8,Rajasthan,06-01-2014,15819.65387
3066,Ajmer,21,8,Rajasthan,06-01-2014,15829.78208
3067,Banswara,28,8,Rajasthan,06-01-2014,15760.20696
3068,Barmer,17,8,Rajasthan,06-01-2014,15918.40284
3069,Bhilwara,24,8,Rajasthan,06-01-2014,15863.41456
3070,Bikaner,3,8,Rajasthan,06-01-2014,15951.07992
3071,Bharatpur,7,8,Rajasthan,06-01-2014,16018.13624
3072,Bundi,23,8,Rajasthan,06-01-2014,15858.08576
3073,Chittaurgarh,29,8,Rajasthan,06-01-2014,15797.93884
3074,Churu,4,8,Rajasthan,06-01-2014,15848.41107
3075,Dausa,11,8,Rajasthan,06-01-2014,15827.08624
3076,Dhaulpur,8,8,Rajasthan,06-01-2014,15895.25741
3077,Dungarpur,27,8,Rajasthan,06-01-2014,15726.61484
3078,Karauli,9,8,Rajasthan,06-01-2014,15819.24844
3079,Sirohi,19,8,Rajasthan,06-01-2014,15753.78566
3080,Tonk,22,8,Rajasthan,06-01-2014,15830.49166
3081,Sikar,13,8,Rajasthan,06-01-2014,15787.02269
3082,Alwar,6,8,Rajasthan,06-01-2014,15828.86297
3083,Udaipur,26,8,Rajasthan,06-01-2014,15736.47576
3084,Ganganagar,1,8,Rajasthan,06-01-2014,15820.62977
3085,Hanumangarh,2,8,Rajasthan,06-01-2014,15801.37142
3086,Baran,31,8,Rajasthan,06-01-2014,15925.76431
3087,Hathras,13,9,Uttar Pradesh,06-01-2014,15802.54901
3088,Jalaun,35,9,Uttar Pradesh,06-01-2014,15865.97439
3089,Jaunpur,64,9,Uttar Pradesh,06-01-2014,15822.83675
3090,Jhansi,36,9,Uttar Pradesh,06-01-2014,15872.83949
3091,Jyotiba Phule Nagar,6,9,Uttar Pradesh,06-01-2014,15501.36277
3092,Kannauj,30,9,Uttar Pradesh,06-01-2014,15793.9696
3093,Kanpur Nagar,34,9,Uttar Pradesh,06-01-2014,15906.35505
3094,Kaushambi,44,9,Uttar Pradesh,06-01-2014,15802.71517
3095,Kheri,23,9,Uttar Pradesh,06-01-2014,15453.72176
3096,Mirzapur,69,9,Uttar Pradesh,06-01-2014,15774.69914
3097,Moradabad,4,9,Uttar Pradesh,06-01-2014,15548.18382
3098,Muzaffarnagar,2,9,Uttar Pradesh,06-01-2014,15391.32827
3099,Rae Bareli,28,9,Uttar Pradesh,06-01-2014,15763.95952
3100,Kushinagar,59,9,Uttar Pradesh,06-01-2014,15399.62889
3101,Lucknow,27,9,Uttar Pradesh,06-01-2014,15667.83447
3102,Lalitpur,37,9,Uttar Pradesh,06-01-2014,15788.95661
3103,Mahrajganj,57,9,Uttar Pradesh,06-01-2014,15439.7268
3104,Mahoba,39,9,Uttar Pradesh,06-01-2014,15879.44693
3105,Mainpuri,18,9,Uttar Pradesh,06-01-2014,15818.61356
3106,Mathura,14,9,Uttar Pradesh,06-01-2014,15892.22775
3107,Mau,62,9,Uttar Pradesh,06-01-2014,15674.11961
3108,Meerut,7,9,Uttar Pradesh,06-01-2014,15436.91565
3109,Pilibhit,21,9,Uttar Pradesh,06-01-2014,15453.35851
3110,Pratapgarh,43,9,Uttar Pradesh,06-01-2014,15726.60236
3111,Rampur,5,9,Uttar Pradesh,06-01-2014,15471.86273
3112,Sant Ravidas Nagar Bhadohi,68,9,Uttar Pradesh,06-01-2014,15849.05946
3113,Sant Kabir Nagar,56,9,Uttar Pradesh,06-01-2014,15717.96996
3114,Shahjahanpur,22,9,Uttar Pradesh,06-01-2014,15682.43575
3115,Auraiya,32,9,Uttar Pradesh,06-01-2014,15896.47144
3116,Azamgarh,61,9,Uttar Pradesh,06-01-2014,15744.32414
3117,Budaun,19,9,Uttar Pradesh,06-01-2014,15729.37877
3118,Agra,15,9,Uttar Pradesh,06-01-2014,15905.73353
3119,Aligarh,12,9,Uttar Pradesh,06-01-2014,15781.26751
3120,Allahabad,45,9,Uttar Pradesh,06-01-2014,15800.03196
3121,Ambedkar Nagar,48,9,Uttar Pradesh,06-01-2014,15625.37465
3122,Bareilly,20,9,Uttar Pradesh,06-01-2014,15572.80248
3123,Bijnor,3,9,Uttar Pradesh,06-01-2014,15506.6099
3124,Basti,55,9,Uttar Pradesh,06-01-2014,15660.79684
3125,Baghpat,8,9,Uttar Pradesh,06-01-2014,15490.46183
3126,Bahraich,50,9,Uttar Pradesh,06-01-2014,15582.08649
3127,Ballia,63,9,Uttar Pradesh,06-01-2014,15649.36622
3128,Balrampur,52,9,Uttar Pradesh,06-01-2014,15564.62665
3129,Banda,40,9,Uttar Pradesh,06-01-2014,15944.11719
3130,Barabanki,46,9,Uttar Pradesh,06-01-2014,15545.82638
3131,Chitrakoot,41,9,Uttar Pradesh,06-01-2014,15892.93358
3132,Chandauli,66,9,Uttar Pradesh,06-01-2014,15801.46866
3133,Deoria,60,9,Uttar Pradesh,06-01-2014,15610.54498
3134,Etah,17,9,Uttar Pradesh,06-01-2014,15830.03348
3135,Kanpur Dehat,33,9,Uttar Pradesh,06-01-2014,15938.93955
3136,Etawah,31,9,Uttar Pradesh,06-01-2014,15801.12556
3137,Faizabad,47,9,Uttar Pradesh,06-01-2014,15569.14879
3138,Ghazipur,65,9,Uttar Pradesh,06-01-2014,15664.31601
3139,Gonda,53,9,Uttar Pradesh,06-01-2014,15582.87771
3140,Gorakhpur,58,9,Uttar Pradesh,06-01-2014,15620.74583
3141,Farrukhabad,29,9,Uttar Pradesh,06-01-2014,15741.30916
3142,Fatehpur,42,9,Uttar Pradesh,06-01-2014,15851.40642
3143,Firozabad,16,9,Uttar Pradesh,06-01-2014,15878.4119
3144,Hamirpur,38,9,Uttar Pradesh,06-01-2014,15919.05134
3145,Hardoi,25,9,Uttar Pradesh,06-01-2014,15807.23809
3146,Shrawasti,51,9,Uttar Pradesh,06-01-2014,15619.5366
3147,Saharanpur,1,9,Uttar Pradesh,06-01-2014,15436.10392
3148,Sitapur,24,9,Uttar Pradesh,06-01-2014,15562.32059
3149,Sultanpur,49,9,Uttar Pradesh,06-01-2014,15729.02172
3150,Sonbhadra,70,9,Uttar Pradesh,06-01-2014,15609.35582
3151,Siddharthnagar,54,9,Uttar Pradesh,06-01-2014,15620.00647
3152,Unnao,26,9,Uttar Pradesh,06-01-2014,15863.6407
3153,Varanasi,67,9,Uttar Pradesh,06-01-2014,15826.48416
3154,Bulandshahr,11,9,Uttar Pradesh,06-01-2014,15595.64469
3155,Gautam Buddha Nagar,10,9,Uttar Pradesh,06-01-2014,15704.05668
3156,Ghaziabad,9,9,Uttar Pradesh,06-01-2014,15515.45526
3157,Jamui,37,10,Bihar,06-01-2014,15422.18546
3158,Kishanganj,8,10,Bihar,06-01-2014,15151.69367
3159,Muzaffarpur,14,10,Bihar,06-01-2014,15344.66124
3160,Purnia,9,10,Bihar,06-01-2014,15102.16473
3161,Khagaria,21,10,Bihar,06-01-2014,15256.22784
3162,Madhubani,5,10,Bihar,06-01-2014,15230.41402
3163,Lakhisarai,25,10,Bihar,06-01-2014,15395.50681
3164,Madhepura,11,10,Bihar,06-01-2014,15165.85732
3165,Purba Champaran,2,10,Bihar,06-01-2014,15291.97543
3166,Munger,24,10,Bihar,06-01-2014,15274.73939
3167,Nalanda,27,10,Bihar,06-01-2014,15503.69115
3168,Nawada,36,10,Bihar,06-01-2014,15416.09245
3169,Pashchim Champaran,1,10,Bihar,06-01-2014,15371.19229
3170,Patna,28,10,Bihar,06-01-2014,15580.0895
3171,Samastipur,19,10,Bihar,06-01-2014,15317.24895
3172,Araria,7,10,Bihar,06-01-2014,14952.20076
3173,Aurangabad,34,10,Bihar,06-01-2014,15771.33534
3174,Banka,23,10,Bihar,06-01-2014,15383.03056
3175,Bhagalpur,22,10,Bihar,06-01-2014,15276.00184
3176,Begusarai,20,10,Bihar,06-01-2014,15311.28874
3177,Saran,17,10,Bihar,06-01-2014,15538.8824
3178,Katihar,10,10,Bihar,06-01-2014,15090.77225
3179,Darbhanga,13,10,Bihar,06-01-2014,15216.5817
3180,Gopalganj,15,10,Bihar,06-01-2014,15434.70004
3181,Sheikhpura,26,10,Bihar,06-01-2014,15502.02953
3182,Sheohar,3,10,Bihar,06-01-2014,15301.31043
3183,Saharsa,12,10,Bihar,06-01-2014,15153.9931
3184,Sitamarhi,4,10,Bihar,06-01-2014,15238.62202
3185,Siwan,16,10,Bihar,06-01-2014,15504.2938
3186,Supaul,6,10,Bihar,06-01-2014,15063.94797
3187,Vaishali,18,10,Bihar,06-01-2014,15423.85551
3188,Kaimur (Bhabua),31,10,Bihar,06-01-2014,15743.08653
3189,Gaya,35,10,Bihar,06-01-2014,15560.1938
3190,Bhojpur,29,10,Bihar,06-01-2014,15712.71844
3191,Buxar,30,10,Bihar,06-01-2014,15713.96456
3192,Jehanabad,33,10,Bihar,06-01-2014,15646.1548
3193,Rohtas,32,10,Bihar,06-01-2014,15677.35414
3194,North,1,11,Sikkim,06-01-2014,14132.90827
3195,East,4,11,Sikkim,06-01-2014,14669.92396
3196,South,3,11,Sikkim,06-01-2014,14831.36315
3197,West,2,11,Sikkim,06-01-2014,14455.47603
3198,Lohit,11,12,Arunanchal Pradesh,06-01-2014,14630.57392
3199,Lower Subansiri,5,12,Arunanchal Pradesh,06-01-2014,14667.38418
3200,Papum Pare,4,12,Arunanchal Pradesh,06-01-2014,14907.26116
3201,Changlang,12,12,Arunanchal Pradesh,06-01-2014,14953.29966
3202,Dibang Valley,10,12,Arunanchal Pradesh,06-01-2014,14509.4832
3203,East Kameng,3,12,Arunanchal Pradesh,06-01-2014,14729.63356
3204,East Siang,8,12,Arunanchal Pradesh,06-01-2014,15079.18213
3205,Tawang,1,12,Arunanchal Pradesh,06-01-2014,14425.27837
3206,Tirap,13,12,Arunanchal Pradesh,06-01-2014,15067.0519
3207,West Kameng,2,12,Arunanchal Pradesh,06-01-2014,14744.82169
3208,West Siang,7,12,Arunanchal Pradesh,06-01-2014,14801.35624
3209,Upper Siang,9,12,Arunanchal Pradesh,06-01-2014,14633.50276
3210,Upper Subansiri,6,12,Arunanchal Pradesh,06-01-2014,14599.85244
3211,Mokokchung,3,13,Nagaland,06-01-2014,15139.5385
3212,Mon,1,13,Nagaland,06-01-2014,15136.42262
3213,Phek,8,13,Nagaland,06-01-2014,15093.56564
3214,Tuensang,2,13,Nagaland,06-01-2014,15046.35189
3215,Wokha,5,13,Nagaland,06-01-2014,15186.88302
3216,Zunheboto,4,13,Nagaland,06-01-2014,14986.83833
3217,Dimapur,6,13,Nagaland,06-01-2014,15317.89074
3218,Kohima,7,13,Nagaland,06-01-2014,15069.6011
3219,Imphal East,7,14,Manipur,06-01-2014,15268.86369
3220,Imphal West,6,14,Manipur,06-01-2014,15118.5572
3221,Senapati (Excl. 3 sub-divisions),1,14,Manipur,06-01-2014,15024.82713
3222,Bishnupur,4,14,Manipur,06-01-2014,15191.79428
3223,Chandel,9,14,Manipur,06-01-2014,15184.45106
3224,Churachandpur,3,14,Manipur,06-01-2014,15017.64634
3225,Tamenglong,2,14,Manipur,06-01-2014,15004.69435
3226,Thoubal,5,14,Manipur,06-01-2014,15347.23402
3227,Ukhrul,8,14,Manipur,06-01-2014,15165.90451
3228,Kolasib,2,15,Mizoram,06-01-2014,15098.23874
3229,Mamit,1,15,Mizoram,06-01-2014,15054.07509
3230,Lunglei,6,15,Mizoram,06-01-2014,15069.99793
3231,Lawngtlai,7,15,Mizoram,06-01-2014,15091.18028
3232,Saiha,8,15,Mizoram,06-01-2014,14989.28096
3233,Serchhip,5,15,Mizoram,06-01-2014,15026.79762
3234,Aizawl,3,15,Mizoram,06-01-2014,15047.47236
3235,Champhai,4,15,Mizoram,06-01-2014,15006.67844
3236,North Tripura,4,16,Tripura,06-01-2014,15117.6633
3237,Dhalai,3,16,Tripura,06-01-2014,15091.50956
3238,South Tripura,2,16,Tripura,06-01-2014,15105.61951
3239,West Tripura,1,16,Tripura,06-01-2014,15068.99854
3240,Jaintia Hills,7,17,Meghalaya,06-01-2014,15004.69802
3241,East Garo Hills,2,17,Meghalaya,06-01-2014,15094.39399
3242,East Khasi Hills,6,17,Meghalaya,06-01-2014,14963.50585
3243,Ri Bhoi,5,17,Meghalaya,06-01-2014,15097.61132
3244,South Garo Hills,3,17,Meghalaya,06-01-2014,15032.07286
3245,West Garo Hills,1,17,Meghalaya,06-01-2014,15095.64131
3246,West Khasi Hills,4,17,Meghalaya,06-01-2014,14985.52205
3247,Jorhat,17,18,Assam,06-01-2014,15239.14333
3248,Karimganj,22,18,Assam,06-01-2014,15157.34159
3249,Kokrajhar,1,18,Assam,06-01-2014,15319.08462
3250,Lakhimpur,12,18,Assam,06-01-2014,15253.87073
3251,Nagaon,10,18,Assam,06-01-2014,15429.51616
3252,Marigaon,9,18,Assam,06-01-2014,15340.92429
3253,Nalbari,7,18,Assam,06-01-2014,15303.67686
3254,North Cachar Hills,20,18,Assam,06-01-2014,15164.32342
3255,Barpeta,5,18,Assam,06-01-2014,15241.21317
3256,Bongaigaon,4,18,Assam,06-01-2014,15300.61132
3257,Cachar,21,18,Assam,06-01-2014,15157.66448
3258,Darrang,8,18,Assam,06-01-2014,15298.29204
3259,Dhemaji,13,18,Assam,06-01-2014,15230.0406
3260,Dhubri,2,18,Assam,06-01-2014,15186.77334
3261,Dibrugarh,15,18,Assam,06-01-2014,15114.1105
3262,Kamrup,6,18,Assam,06-01-2014,15254.17364
3263,Karbi Anglong,19,18,Assam,06-01-2014,15240.20623
3264,Goalpara,3,18,Assam,06-01-2014,15194.99536
3265,Golaghat,18,18,Assam,06-01-2014,15330.98267
3266,Hailakandi,23,18,Assam,06-01-2014,15174.91413
3267,Sonitpur,11,18,Assam,06-01-2014,15268.76975
3268,Sibsagar,16,18,Assam,06-01-2014,15214.34621
3269,Tinsukia,14,18,Assam,06-01-2014,15209.98697
3270,Hugli,12,19,West Bengal,06-01-2014,15262.44773
3271,Jalpaiguri,2,19,West Bengal,06-01-2014,15261.63672
3272,Koch Bihar,3,19,West Bengal,06-01-2014,15238.58828
3273,Murshidabad,7,19,West Bengal,06-01-2014,15285.79
3274,Puruliya,14,19,West Bengal,06-01-2014,15499.47561
3275,Kolkata,17,19,West Bengal,06-01-2014,15203.12215
3276,Maldah,6,19,West Bengal,06-01-2014,15129.95794
3277,Nadia,10,19,West Bengal,06-01-2014,15183.97627
3278,North Twenty Four Parganas,11,19,West Bengal,06-01-2014,15115.04753
3279,Medinipur,15,19,West Bengal,06-01-2014,15283.5819
3280,Barddhaman,9,19,West Bengal,06-01-2014,15380.43308
3281,Birbhum,8,19,West Bengal,06-01-2014,15423.62031
3282,Bankura,13,19,West Bengal,06-01-2014,15406.69484
3283,Dakshin Dinajpur,5,19,West Bengal,06-01-2014,15210.71061
3284,Darjiling,1,19,West Bengal,06-01-2014,15141.7898
3285,Haora,16,19,West Bengal,06-01-2014,15207.03621
3286,South  Twenty Four Parganas,18,19,West Bengal,06-01-2014,15158.48257
3287,Uttar Dinajpur,4,19,West Bengal,06-01-2014,15161.77526
3288,Purbi Singhbhum,18,20,Jharkhand,06-01-2014,15377.42545
3289,Lohardaga,15,20,Jharkhand,06-01-2014,15409.04723
3290,Pakaur,10,20,Jharkhand,06-01-2014,15352.78882
3291,Pashchimi Singhbhum,17,20,Jharkhand,06-01-2014,15410.23135
3292,Bokaro,13,20,Jharkhand,06-01-2014,15464.15873
3293,Deoghar,7,20,Jharkhand,06-01-2014,15508.01896
3294,Dhanbad,12,20,Jharkhand,06-01-2014,15487.21355
3295,Dumka,11,20,Jharkhand,06-01-2014,15441.49473
3296,Giridih,6,20,Jharkhand,06-01-2014,15448.63644
3297,Godda,8,20,Jharkhand,06-01-2014,15317.37383
3298,Gumla,16,20,Jharkhand,06-01-2014,15435.10734
3299,Ranchi,14,20,Jharkhand,06-01-2014,15421.54364
3300,Sahibganj,9,20,Jharkhand,06-01-2014,15224.30395
3301,Garhwa,1,20,Jharkhand,06-01-2014,15672.73736
3302,Palamu,2,20,Jharkhand,06-01-2014,15595.21161
3303,Chatra,3,20,Jharkhand,06-01-2014,15520.85077
3304,Hazaribagh,4,20,Jharkhand,06-01-2014,15454.2228
3305,Kodarma,5,20,Jharkhand,06-01-2014,15437.60418
3306,Jajapur,13,21,Orissa,06-01-2014,15347.66113
3307,Jagatsinghapur,11,21,Orissa,06-01-2014,15289.44322
3308,Jharsuguda,2,21,Orissa,06-01-2014,15503.48072
3309,Khordha,17,21,Orissa,06-01-2014,15431.60121
3310,Mayurbhanj,7,21,Orissa,06-01-2014,15252.35923
3311,Puri,18,21,Orissa,06-01-2014,15406.90417
3312,Koraput,29,21,Orissa,06-01-2014,15335.76201
3313,Malkangiri,30,21,Orissa,06-01-2014,15437.95211
3314,Nabarangapur,28,21,Orissa,06-01-2014,15441.75179
3315,Nayagarh,16,21,Orissa,06-01-2014,15381.38215
3316,Nuapada,25,21,Orissa,06-01-2014,15537.19511
3317,Kandhamal,21,21,Orissa,06-01-2014,15271.61349
3318,Sambalpur,3,21,Orissa,06-01-2014,15411.43091
3319,Anugul,15,21,Orissa,06-01-2014,15376.21203
3320,Bhadrak,9,21,Orissa,06-01-2014,15230.36603
3321,Baudh,22,21,Orissa,06-01-2014,15472.57101
3322,Balangir,24,21,Orissa,06-01-2014,15523.68627
3323,Baleshwar,8,21,Orissa,06-01-2014,15219.15399
3324,Bargarh,1,21,Orissa,06-01-2014,15507.4193
3325,Kendrapara,10,21,Orissa,06-01-2014,15235.35428
3326,Kendujhar,6,21,Orissa,06-01-2014,15342.95896
3327,Debagarh,4,21,Orissa,06-01-2014,15389.73096
3328,Cuttack,12,21,Orissa,06-01-2014,15379.97019
3329,Dhenkanal,14,21,Orissa,06-01-2014,15370.08476
3330,Kalahandi,26,21,Orissa,06-01-2014,15451.99845
3331,Ganjam,19,21,Orissa,06-01-2014,15426.0389
3332,Gajapati,20,21,Orissa,06-01-2014,15240.92817
3333,Rayagada,27,21,Orissa,06-01-2014,15322.30078
3334,Sundargarh,5,21,Orissa,06-01-2014,15433.73978
3335,Sonapur,23,21,Orissa,06-01-2014,15549.99572
3336,Jashpur,3,22,Chhattisgarh,06-01-2014,15389.19718
3337,Koriya,1,22,Chhattisgarh,06-01-2014,15561.90228
3338,Mahasamund,12,22,Chhattisgarh,06-01-2014,15607.67616
3339,Raigarh,4,22,Chhattisgarh,06-01-2014,15433.63818
3340,Raipur,11,22,Chhattisgarh,06-01-2014,15630.45862
3341,Rajnandgaon,9,22,Chhattisgarh,06-01-2014,15668.38795
3342,Bastar,15,22,Chhattisgarh,06-01-2014,15424.27218
3343,Dantewada,16,22,Chhattisgarh,06-01-2014,15458.02997
3344,Dhamtari,13,22,Chhattisgarh,06-01-2014,15593.69849
3345,Durg,10,22,Chhattisgarh,06-01-2014,15732.28793
3346,Kanker,14,22,Chhattisgarh,06-01-2014,15525.48952
3347,Surguja,2,22,Chhattisgarh,06-01-2014,15526.76169
3348,Bilaspur,7,22,Chhattisgarh,06-01-2014,15616.15591
3349,Janjgir - Champa,6,22,Chhattisgarh,06-01-2014,15655.82073
3350,Korba,5,22,Chhattisgarh,06-01-2014,15503.75838
3351,Kawardha,8,22,Chhattisgarh,06-01-2014,15681.85442
3352,Hoshangabad,37,23,Madhya Pradesh,06-01-2014,15780.23759
3353,Indore,26,23,Madhya Pradesh,06-01-2014,15791.8157
3354,Jabalpur,39,23,Madhya Pradesh,06-01-2014,15865.83126
3355,Jhabua,24,23,Madhya Pradesh,06-01-2014,15760.61226
3356,Mandsaur,19,23,Madhya Pradesh,06-01-2014,15788.46351
3357,Tikamgarh,8,23,Madhya Pradesh,06-01-2014,15822.8088
3358,Narsimhapur,40,23,Madhya Pradesh,06-01-2014,15802.51439
3359,Neemuch,18,23,Madhya Pradesh,06-01-2014,15814.96289
3360,Panna,10,23,Madhya Pradesh,06-01-2014,15882.02371
3361,Raisen,34,23,Madhya Pradesh,06-01-2014,15888.54241
3362,Rajgarh,30,23,Madhya Pradesh,06-01-2014,15876.94078
3363,Satna,13,23,Madhya Pradesh,06-01-2014,15857.4993
3364,Sehore,33,23,Madhya Pradesh,06-01-2014,15874.4267
3365,Seoni,44,23,Madhya Pradesh,06-01-2014,15831.68276
3366,Bhind,3,23,Madhya Pradesh,06-01-2014,15954.20937
3367,Bhopal,32,23,Madhya Pradesh,06-01-2014,15841.00788
3368,Barwani,28,23,Madhya Pradesh,06-01-2014,15782.59572
3369,Betul,35,23,Madhya Pradesh,06-01-2014,15839.53989
3370,Balaghat,45,23,Madhya Pradesh,06-01-2014,15614.05987
3371,Chhatarpur,9,23,Madhya Pradesh,06-01-2014,15880.92192
3372,Chhindwara,43,23,Madhya Pradesh,06-01-2014,15853.02088
3373,Dewas,23,23,Madhya Pradesh,06-01-2014,15818.09875
3374,Katni,38,23,Madhya Pradesh,06-01-2014,15781.51746
3375,Datia,5,23,Madhya Pradesh,06-01-2014,15898.67713
3376,Damoh,12,23,Madhya Pradesh,06-01-2014,15907.94465
3377,Dhar,25,23,Madhya Pradesh,06-01-2014,15768.32296
3378,East Nimar,29,23,Madhya Pradesh,06-01-2014,15824.99396
3379,Guna,7,23,Madhya Pradesh,06-01-2014,15857.74253
3380,Gwalior,4,23,Madhya Pradesh,06-01-2014,15867.76768
3381,Harda,36,23,Madhya Pradesh,06-01-2014,15899.92593
3382,Shajapur,22,23,Madhya Pradesh,06-01-2014,15879.12688
3383,Shivpuri,6,23,Madhya Pradesh,06-01-2014,15836.37134
3384,Ratlam,20,23,Madhya Pradesh,06-01-2014,15809.8063
3385,Rewa,14,23,Madhya Pradesh,06-01-2014,15817.5511
3386,Sagar,11,23,Madhya Pradesh,06-01-2014,15879.25979
3387,Sidhi,17,23,Madhya Pradesh,06-01-2014,15651.89262
3388,Ujjain,21,23,Madhya Pradesh,06-01-2014,15798.82718
3389,Vidisha,31,23,Madhya Pradesh,06-01-2014,15884.17039
3390,West Nimar,27,23,Madhya Pradesh,06-01-2014,15814.34336
3391,Morena,2,23,Madhya Pradesh,06-01-2014,15876.89319
3392,Sheopur,1,23,Madhya Pradesh,06-01-2014,15860.02407
3393,Dindori,41,23,Madhya Pradesh,06-01-2014,15696.27791
3394,Mandla,42,23,Madhya Pradesh,06-01-2014,15751.95482
3395,Shahdol,16,23,Madhya Pradesh,06-01-2014,15687.06117
3396,Umaria,15,23,Madhya Pradesh,06-01-2014,15720.64549
3397,Jamnagar,10,24,Gujarat,06-01-2014,15657.10539
3398,Kheda,16,24,Gujarat,06-01-2014,15707.96987
3399,Mahesana,4,24,Gujarat,06-01-2014,15817.49956
3400,Narmada,20,24,Gujarat,06-01-2014,15629.20963
3401,Navsari,24,24,Gujarat,06-01-2014,15443.18784
3402,Panch Mahals,17,24,Gujarat,06-01-2014,15664.58532
3403,Patan,3,24,Gujarat,06-01-2014,15804.51749
3404,Porbandar,11,24,Gujarat,06-01-2014,15604.19853
3405,Rajkot,9,24,Gujarat,06-01-2014,15769.2181
3406,Anand,15,24,Gujarat,06-01-2014,15668.32266
3407,Ahmadabad,7,24,Gujarat,06-01-2014,15816.84132
3408,Amreli,13,24,Gujarat,06-01-2014,15787.16282
3409,Bhavnagar,14,24,Gujarat,06-01-2014,15807.44842
3410,Banas Kantha,2,24,Gujarat,06-01-2014,15741.59723
3411,Dohad,18,24,Gujarat,06-01-2014,15698.40657
3412,Junagadh,12,24,Gujarat,06-01-2014,15691.79834
3413,Kachchh,1,24,Gujarat,06-01-2014,15787.13122
3414,Gandhinagar,6,24,Gujarat,06-01-2014,15729.9669
3415,Sabar Kantha,5,24,Gujarat,06-01-2014,15742.87714
3416,Surendranagar,8,24,Gujarat,06-01-2014,15806.45664
3417,The Dangs,23,24,Gujarat,06-01-2014,15679.76832
3418,Vadodara,19,24,Gujarat,06-01-2014,15635.41973
3419,Valsad,25,24,Gujarat,06-01-2014,15541.36585
3420,Bharuch,21,24,Gujarat,06-01-2014,15568.65695
3421,Surat,22,24,Gujarat,06-01-2014,15491.40607
3422,Daman,2,25,Daman & Diu,06-01-2014,15413.20475
3423,Diu,1,25,Daman & Diu,06-01-2014,15293.41268
3424,Dadra & Nagar Haveli,1,26,Dadara & Nagar Havelli,06-01-2014,15607.25199
3425,Hingoli,16,27,Maharashtra,06-01-2014,15775.71444
3426,Jalgaon,3,27,Maharashtra,06-01-2014,15789.28683
3427,Jalna,18,27,Maharashtra,06-01-2014,15816.65989
3428,Kolhapur,34,27,Maharashtra,06-01-2014,15244.53037
3429,Latur,28,27,Maharashtra,06-01-2014,15737.26578
3430,Pune,25,27,Maharashtra,06-01-2014,15568.76262
3431,Nagpur,9,27,Maharashtra,06-01-2014,15843.3449
3432,Mumbai,23,27,Maharashtra,06-01-2014,15344.23949
3433,Mumbai (Suburban),22,27,Maharashtra,06-01-2014,15309.64763
3434,Nanded,15,27,Maharashtra,06-01-2014,15772.05906
3435,Nandurbar,1,27,Maharashtra,06-01-2014,15702.33925
3436,Nashik,20,27,Maharashtra,06-01-2014,15696.48969
3437,Osmanabad,29,27,Maharashtra,06-01-2014,15710.92819
3438,Parbhani,17,27,Maharashtra,06-01-2014,15780.77074
3439,Sangli,35,27,Maharashtra,06-01-2014,15511.51955
3440,Satara,31,27,Maharashtra,06-01-2014,15451.9165
3441,Aurangabad,19,27,Maharashtra,06-01-2014,15764.34667
3442,Ahmadnagar,26,27,Maharashtra,06-01-2014,15671.16682
3443,Akola,5,27,Maharashtra,06-01-2014,15854.50875
3444,Amravati,7,27,Maharashtra,06-01-2014,15886.54344
3445,Bid,27,27,Maharashtra,06-01-2014,15729.03244
3446,Bhandara,10,27,Maharashtra,06-01-2014,15746.20192
3447,Buldana,4,27,Maharashtra,06-01-2014,15821.38301
3448,Chandrapur,13,27,Maharashtra,06-01-2014,15772.49352
3449,Dhule,2,27,Maharashtra,06-01-2014,15781.75371
3450,Gadchiroli,12,27,Maharashtra,06-01-2014,15592.68198
3451,Gondiya,11,27,Maharashtra,06-01-2014,15667.92391
3452,Ratnagiri,32,27,Maharashtra,06-01-2014,15239.65799
3453,Raigarh,24,27,Maharashtra,06-01-2014,15492.48615
3454,Thane,21,27,Maharashtra,06-01-2014,15591.03735
3455,Solapur,30,27,Maharashtra,06-01-2014,15640.42711
3456,Sindhudurg,33,27,Maharashtra,06-01-2014,15170.55
3457,Wardha,8,27,Maharashtra,06-01-2014,15909.5932
3458,Washim,6,27,Maharashtra,06-01-2014,15818.16033
3459,Yavatmal,14,27,Maharashtra,06-01-2014,15845.83796
3460,Hyderabad,5,28,Andhra Pradesh,06-01-2014,15466.09797
3461,Khammam,10,28,Andhra Pradesh,06-01-2014,15585.91033
3462,Medak,4,28,Andhra Pradesh,06-01-2014,15594.58844
3463,Krishna,16,28,Andhra Pradesh,06-01-2014,15597.66819
3464,Kurnool,21,28,Andhra Pradesh,06-01-2014,15580.15302
3465,Mahbubnagar,7,28,Andhra Pradesh,06-01-2014,15534.93396
3466,Nalgonda,8,28,Andhra Pradesh,06-01-2014,15628.63743
3467,Nellore,19,28,Andhra Pradesh,06-01-2014,15653.53316
3468,Nizamabad,2,28,Andhra Pradesh,06-01-2014,15605.4469
3469,Prakasam,18,28,Andhra Pradesh,06-01-2014,15725.95535
3470,Anantapur,22,28,Andhra Pradesh,06-01-2014,15544.57607
3471,Adilabad,1,28,Andhra Pradesh,06-01-2014,15659.98692
3472,Chittoor,23,28,Andhra Pradesh,06-01-2014,15500.38837
3473,Cuddapah,20,28,Andhra Pradesh,06-01-2014,15602.56832
3474,East Godavari,14,28,Andhra Pradesh,06-01-2014,15414.65278
3475,Karimnagar,3,28,Andhra Pradesh,06-01-2014,15587.68094
3476,Guntur,17,28,Andhra Pradesh,06-01-2014,15724.87934
3477,Rangareddi,6,28,Andhra Pradesh,06-01-2014,15553.30597
3478,Srikakulam,11,28,Andhra Pradesh,06-01-2014,15435.28077
3479,West Godavari,15,28,Andhra Pradesh,06-01-2014,15491.45526
3480,Visakhapatnam,13,28,Andhra Pradesh,06-01-2014,15322.12645
3481,Vizianagaram,12,28,Andhra Pradesh,06-01-2014,15427.34275
3482,Warangal,9,28,Andhra Pradesh,06-01-2014,15627.91267
3483,Hassan,23,29,Karnataka,06-01-2014,15197.03739
3484,Haveri,11,29,Karnataka,06-01-2014,15360.17786
3485,Kodagu,25,29,Karnataka,06-01-2014,14912.96496
3486,Kolar,19,29,Karnataka,06-01-2014,15410.43553
3487,Mandya,22,29,Karnataka,06-01-2014,15199.9172
3488,Koppal,7,29,Karnataka,06-01-2014,15534.39965
3489,Mysore,26,29,Karnataka,06-01-2014,15216.76273
3490,Raichur,6,29,Karnataka,06-01-2014,15665.01769
3491,Bagalkot,2,29,Karnataka,06-01-2014,15475.10992
3492,Bangalore,20,29,Karnataka,06-01-2014,15261.43262
3493,Bidar,5,29,Karnataka,06-01-2014,15702.7682
3494,Bijapur,3,29,Karnataka,06-01-2014,15641.31317
3495,Belgaum,1,29,Karnataka,06-01-2014,15393.74288
3496,Bellary,12,29,Karnataka,06-01-2014,15421.82019
3497,Bangalore Rural,21,29,Karnataka,06-01-2014,15280.78611
3498,Chamarajanagar,27,29,Karnataka,06-01-2014,15290.45305
3499,Chikmagalur,17,29,Karnataka,06-01-2014,15101.4187
3500,Chitradurga,13,29,Karnataka,06-01-2014,15357.21442
3501,Dakshina Kannada,24,29,Karnataka,06-01-2014,15068.84636
3502,Davanagere,14,29,Karnataka,06-01-2014,15302.49929
3503,Dharwad,9,29,Karnataka,06-01-2014,15406.34358
3504,Gulbarga,4,29,Karnataka,06-01-2014,15701.57611
3505,Gadag,8,29,Karnataka,06-01-2014,15514.20082
3506,Shimoga,15,29,Karnataka,06-01-2014,15073.432
3507,Tumkur,18,29,Karnataka,06-01-2014,15335.45669
3508,Udupi,16,29,Karnataka,06-01-2014,15088.47736
3509,Uttara Kannada,10,29,Karnataka,06-01-2014,15023.46593
3510,North Goa,1,30,Goa,06-01-2014,15087.60538
3511,South Goa,2,30,Goa,06-01-2014,15055.09965
3512,Lakshadweep,1,31,Lakshadweep,06-01-2014,15063.32033
3513,Idukki,9,32,Kerala,06-01-2014,14935.66402
3514,Kollam,13,32,Kerala,06-01-2014,15056.73326
3515,Kottayam,10,32,Kerala,06-01-2014,15073.24183
3516,Kozhikode,4,32,Kerala,06-01-2014,14962.98729
3517,Malappuram,5,32,Kerala,06-01-2014,15011.88948
3518,Palakkad,6,32,Kerala,06-01-2014,15087.39221
3519,Pathanamthitta,12,32,Kerala,06-01-2014,14985.83084
3520,Alappuzha,11,32,Kerala,06-01-2014,15082.4301
3521,Kasaragod,1,32,Kerala,06-01-2014,15020.02231
3522,Kannur,2,32,Kerala,06-01-2014,15036.15128
3523,Ernakulam,8,32,Kerala,06-01-2014,15044.99213
3524,Thrissur,7,32,Kerala,06-01-2014,15014.41361
3525,Thiruvananthapuram,14,32,Kerala,06-01-2014,15035.09504
3526,Wayanad,3,32,Kerala,06-01-2014,14944.41336
3527,Kanniyakumari,30,33,Tamil Nadu,06-01-2014,15081.52904
3528,Karur,14,33,Tamil Nadu,06-01-2014,15683.33426
3529,Madurai,24,33,Tamil Nadu,06-01-2014,15605.85365
3530,Namakkal,9,33,Tamil Nadu,06-01-2014,15520.68124
3531,The Nilgiris,11,33,Tamil Nadu,06-01-2014,14936.41288
3532,Perambalur,16,33,Tamil Nadu,06-01-2014,15596.13456
3533,Pudukkottai,22,33,Tamil Nadu,06-01-2014,15680.42343
3534,Ramanathapuram,27,33,Tamil Nadu,06-01-2014,15772.37012
3535,Salem,8,33,Tamil Nadu,06-01-2014,15429.00248
3536,Ariyalur,17,33,Tamil Nadu,06-01-2014,15608.56209
3537,Coimbatore,12,33,Tamil Nadu,06-01-2014,15431.80478
3538,Cuddalore,18,33,Tamil Nadu,06-01-2014,15513.80608
3539,Dharmapuri,5,33,Tamil Nadu,06-01-2014,15370.63702
3540,Dindigul,13,33,Tamil Nadu,06-01-2014,15446.47639
3541,Erode,10,33,Tamil Nadu,06-01-2014,15522.67063
3542,Sivaganga,23,33,Tamil Nadu,06-01-2014,15741.32048
3543,Tiruchirappalli,15,33,Tamil Nadu,06-01-2014,15599.61869
3544,Tirunelveli,29,33,Tamil Nadu,06-01-2014,15596.29094
3545,Tiruvannamalai,6,33,Tamil Nadu,06-01-2014,15531.04693
3546,Thoothukkudi,28,33,Tamil Nadu,06-01-2014,15834.40891
3547,Theni,25,33,Tamil Nadu,06-01-2014,15413.57547
3548,Vellore,4,33,Tamil Nadu,06-01-2014,15439.38477
3549,Viluppuram,7,33,Tamil Nadu,06-01-2014,15552.04053
3550,Virudhunagar,26,33,Tamil Nadu,06-01-2014,15785.85174
3551,Chennai,2,33,Tamil Nadu,06-01-2014,15532.32295
3552,Kancheepuram,3,33,Tamil Nadu,06-01-2014,15590.55037
3553,Thiruvallur,1,33,Tamil Nadu,06-01-2014,15572.37825
3554,Thanjavur,21,33,Tamil Nadu,06-01-2014,15522.69051
3555,Thiruvarur,20,33,Tamil Nadu,06-01-2014,15542.7986
3556,Nagapattinam,19,33,Tamil Nadu,06-01-2014,15503.4976
3557,Pondicherry,2,34,Puducherry,06-01-2014,15459.97778
3558,Yanam,1,34,Puducherry,06-01-2014,15486.09688
3559,Karaikal,4,34,Puducherry,06-01-2014,15480.87351
3560,Mahe,3,34,Puducherry,06-01-2014,15083.30019
3561,Nicobars,2,35,Andaman & Nicobar Island,06-01-2014,14935.66383
3562,Andamans,1,35,Andaman & Nicobar Island,06-01-2014,15048.87548
3563,Data Not Available,99,99,Jammu and Kashmir,06-01-2014,14535.14243
3564,Srinagar,3,1,Jammu and Kashmir,07-01-2014,14680.17909
3565,Udhampur,10,1,Jammu and Kashmir,07-01-2014,15004.58522
3566,Anantnag,6,1,Jammu and Kashmir,07-01-2014,14704.53406
3567,Badgam,4,1,Jammu and Kashmir,07-01-2014,14848.42334
3568,Baramula,2,1,Jammu and Kashmir,07-01-2014,14786.06376
3569,Doda,9,1,Jammu and Kashmir,07-01-2014,14571.31512
3570,Jammu,13,1,Jammu and Kashmir,07-01-2014,15408.48405
3571,Kargil,8,1,Jammu and Kashmir,07-01-2014,14902.7171
3572,Kathua,14,1,Jammu and Kashmir,07-01-2014,15179.7461
3573,Leh (Ladakh),7,1,Jammu and Kashmir,07-01-2014,14997.79111
3574,Kupwara,1,1,Jammu and Kashmir,07-01-2014,14841.01939
3575,Punch,11,1,Jammu and Kashmir,07-01-2014,14897.32659
3576,Pulwama,5,1,Jammu and Kashmir,07-01-2014,14969.32417
3577,Rajauri,12,1,Jammu and Kashmir,07-01-2014,15095.83302
3578,Shimla,11,2,Himachal Pradesh,07-01-2014,14741.01384
3579,Sirmaur,10,2,Himachal Pradesh,07-01-2014,15082.1022
3580,Solan,9,2,Himachal Pradesh,07-01-2014,15099.97018
3581,Una,7,2,Himachal Pradesh,07-01-2014,15273.05391
3582,Bilaspur,8,2,Himachal Pradesh,07-01-2014,15090.04087
3583,Chamba,1,2,Himachal Pradesh,07-01-2014,14618.52041
3584,Hamirpur,6,2,Himachal Pradesh,07-01-2014,15129.83289
3585,Kangra,2,2,Himachal Pradesh,07-01-2014,14944.34301
3586,Kinnaur,12,2,Himachal Pradesh,07-01-2014,14511.17932
3587,Lahul & Spiti,3,2,Himachal Pradesh,07-01-2014,14585.72174
3588,Kullu,4,2,Himachal Pradesh,07-01-2014,14368.78999
3589,Mandi,5,2,Himachal Pradesh,07-01-2014,14900.30262
3590,Rupnagar,7,3,Punjab,07-01-2014,15317.6777
3591,Hoshiarpur,5,3,Punjab,07-01-2014,15318.60198
3592,Amritsar,2,3,Punjab,07-01-2014,15289.44728
3593,Firozpur,11,3,Punjab,07-01-2014,15328.9536
3594,Bathinda,14,3,Punjab,07-01-2014,15342.08705
3595,Gurdaspur,1,3,Punjab,07-01-2014,15293.57268
3596,Faridkot,13,3,Punjab,07-01-2014,15245.20824
3597,Fatehgarh Sahib,8,3,Punjab,07-01-2014,15279.85528
3598,Jalandhar,4,3,Punjab,07-01-2014,15275.95532
3599,Kapurthala,3,3,Punjab,07-01-2014,15262.85398
3600,Ludhiana,9,3,Punjab,07-01-2014,15275.94681
3601,Mansa,15,3,Punjab,07-01-2014,15333.5243
3602,Moga,10,3,Punjab,07-01-2014,15194.21612
3603,Muktsar,12,3,Punjab,07-01-2014,15328.79388
3604,Nawanshahr,6,3,Punjab,07-01-2014,15267.96443
3605,Patiala,17,3,Punjab,07-01-2014,15286.00135
3606,Sangrur,16,3,Punjab,07-01-2014,15214.69026
3607,Chandigarh,1,4,Chandigarh,07-01-2014,15345.75134
3608,Rudraprayag,3,5,Uttarakhand,07-01-2014,14548.14013
3609,Tehri Garhwal,4,5,Uttarakhand,07-01-2014,14894.70542
3610,Udham Singh Nagar,12,5,Uttarakhand,07-01-2014,15116.97792
3611,Uttarkashi,1,5,Uttarakhand,07-01-2014,14512.19658
3612,Hardwar,13,5,Uttarakhand,07-01-2014,15168.26172
3613,Bageshwar,8,5,Uttarakhand,07-01-2014,14715.71398
3614,Almora,9,5,Uttarakhand,07-01-2014,15057.99559
3615,Chamoli,2,5,Uttarakhand,07-01-2014,14413.75289
3616,Champawat,10,5,Uttarakhand,07-01-2014,15007.46553
3617,Dehradun,5,5,Uttarakhand,07-01-2014,15086.06789
3618,Garhwal,6,5,Uttarakhand,07-01-2014,15063.38733
3619,Nainital,11,5,Uttarakhand,07-01-2014,15022.44166
3620,Pithoragarh,7,5,Uttarakhand,07-01-2014,14437.6926
3621,Rohtak,14,6,Haryana,07-01-2014,15649.08556
3622,Sirsa,11,6,Haryana,07-01-2014,15403.99221
3623,Sonipat,8,6,Haryana,07-01-2014,15424.55548
3624,Yamunanagar,3,6,Haryana,07-01-2014,15234.7099
3625,Jhajjar,15,6,Haryana,07-01-2014,15555.83046
3626,Mahendragarh,16,6,Haryana,07-01-2014,15705.98848
3627,Rewari,17,6,Haryana,07-01-2014,15622.2303
3628,Bhiwani,13,6,Haryana,07-01-2014,15585.61818
3629,Hisar,12,6,Haryana,07-01-2014,15473.8004
3630,Ambala,2,6,Haryana,07-01-2014,15287.82439
3631,Gurgaon,18,6,Haryana,07-01-2014,15533.62895
3632,Faridabad,19,6,Haryana,07-01-2014,15477.42293
3633,Fatehabad,10,6,Haryana,07-01-2014,15336.15474
3634,Jind,9,6,Haryana,07-01-2014,15488.92788
3635,Kaithal,5,6,Haryana,07-01-2014,15325.85546
3636,Karnal,6,6,Haryana,07-01-2014,15309.32183
3637,Kurukshetra,4,6,Haryana,07-01-2014,15218.17906
3638,Panchkula,1,6,Haryana,07-01-2014,15251.32341
3639,Panipat,7,6,Haryana,07-01-2014,15475.28095
3640,Central,6,7,Delhi  & NCR,07-01-2014,15405.82552
3641,East,4,7,Delhi  & NCR,07-01-2014,15408.3696
3642,New Delhi,5,7,Delhi  & NCR,07-01-2014,15334.93413
3643,North,2,7,Delhi  & NCR,07-01-2014,15370.97205
3644,North East,3,7,Delhi  & NCR,07-01-2014,15390.61249
3645,North West,1,7,Delhi  & NCR,07-01-2014,15448.65875
3646,South,9,7,Delhi  & NCR,07-01-2014,15339.20989
3647,South West,8,7,Delhi  & NCR,07-01-2014,15494.41827
3648,West,7,7,Delhi  & NCR,07-01-2014,15438.37016
3649,Sirohi,19,8,Rajasthan,07-01-2014,15593.71655
3650,Tonk,22,8,Rajasthan,07-01-2014,15672.9592
3651,Sikar,13,8,Rajasthan,07-01-2014,15578.29921
3652,Alwar,6,8,Rajasthan,07-01-2014,15665.9824
3653,Udaipur,26,8,Rajasthan,07-01-2014,15647.09479
3654,Ganganagar,1,8,Rajasthan,07-01-2014,15691.56044
3655,Hanumangarh,2,8,Rajasthan,07-01-2014,15607.94836
3656,Baran,31,8,Rajasthan,07-01-2014,15763.47754
3657,Ajmer,21,8,Rajasthan,07-01-2014,15596.14361
3658,Banswara,28,8,Rajasthan,07-01-2014,15542.16047
3659,Barmer,17,8,Rajasthan,07-01-2014,15764.20439
3660,Bhilwara,24,8,Rajasthan,07-01-2014,15624.55622
3661,Bikaner,3,8,Rajasthan,07-01-2014,15835.35886
3662,Bharatpur,7,8,Rajasthan,07-01-2014,15466.87533
3663,Bundi,23,8,Rajasthan,07-01-2014,15676.68614
3664,Chittaurgarh,29,8,Rajasthan,07-01-2014,15594.31375
3665,Churu,4,8,Rajasthan,07-01-2014,15645.94904
3666,Dausa,11,8,Rajasthan,07-01-2014,15606.73119
3667,Dhaulpur,8,8,Rajasthan,07-01-2014,15525.79263
3668,Dungarpur,27,8,Rajasthan,07-01-2014,15656.93045
3669,Karauli,9,8,Rajasthan,07-01-2014,15620.93033
3670,Jaipur,12,8,Rajasthan,07-01-2014,15603.34683
3671,Jaisalmer,16,8,Rajasthan,07-01-2014,15859.26432
3672,Jalor,18,8,Rajasthan,07-01-2014,15646.7462
3673,Jhalawar,32,8,Rajasthan,07-01-2014,15749.02114
3674,Jhunjhunun,5,8,Rajasthan,07-01-2014,15618.51066
3675,Jodhpur,15,8,Rajasthan,07-01-2014,15735.84359
3676,Kota,30,8,Rajasthan,07-01-2014,15755.16265
3677,Nagaur,14,8,Rajasthan,07-01-2014,15639.55938
3678,Pali,20,8,Rajasthan,07-01-2014,15627.95106
3679,Rajsamand,25,8,Rajasthan,07-01-2014,15561.19613
3680,Sawai Madhopur,10,8,Rajasthan,07-01-2014,15666.83393
3681,Shrawasti,51,9,Uttar Pradesh,07-01-2014,15175.78813
3682,Saharanpur,1,9,Uttar Pradesh,07-01-2014,15193.77068
3683,Sitapur,24,9,Uttar Pradesh,07-01-2014,15143.37361
3684,Sultanpur,49,9,Uttar Pradesh,07-01-2014,15204.94333
3685,Sonbhadra,70,9,Uttar Pradesh,07-01-2014,15332.1183
3686,Siddharthnagar,54,9,Uttar Pradesh,07-01-2014,15175.588
3687,Unnao,26,9,Uttar Pradesh,07-01-2014,15279.98309
3688,Varanasi,67,9,Uttar Pradesh,07-01-2014,15335.75805
3689,Bulandshahr,11,9,Uttar Pradesh,07-01-2014,15328.32551
3690,Gautam Buddha Nagar,10,9,Uttar Pradesh,07-01-2014,15422.57981
3691,Ghaziabad,9,9,Uttar Pradesh,07-01-2014,15298.80721
3692,Hathras,13,9,Uttar Pradesh,07-01-2014,15621.64597
3693,Auraiya,32,9,Uttar Pradesh,07-01-2014,15647.91917
3694,Azamgarh,61,9,Uttar Pradesh,07-01-2014,15285.61863
3695,Budaun,19,9,Uttar Pradesh,07-01-2014,15489.97784
3696,Agra,15,9,Uttar Pradesh,07-01-2014,15602.12475
3697,Aligarh,12,9,Uttar Pradesh,07-01-2014,15593.03286
3698,Allahabad,45,9,Uttar Pradesh,07-01-2014,15372.27229
3699,Ambedkar Nagar,48,9,Uttar Pradesh,07-01-2014,15241.72378
3700,Bareilly,20,9,Uttar Pradesh,07-01-2014,15220.95878
3701,Bijnor,3,9,Uttar Pradesh,07-01-2014,15216.06216
3702,Basti,55,9,Uttar Pradesh,07-01-2014,15146.32094
3703,Baghpat,8,9,Uttar Pradesh,07-01-2014,15278.6966
3704,Bahraich,50,9,Uttar Pradesh,07-01-2014,15099.04835
3705,Ballia,63,9,Uttar Pradesh,07-01-2014,15348.45175
3706,Balrampur,52,9,Uttar Pradesh,07-01-2014,15190.86571
3707,Banda,40,9,Uttar Pradesh,07-01-2014,15618.85732
3708,Barabanki,46,9,Uttar Pradesh,07-01-2014,15145.65176
3709,Chitrakoot,41,9,Uttar Pradesh,07-01-2014,15532.21836
3710,Chandauli,66,9,Uttar Pradesh,07-01-2014,15392.62729
3711,Deoria,60,9,Uttar Pradesh,07-01-2014,15206.85218
3712,Etah,17,9,Uttar Pradesh,07-01-2014,15647.61309
3713,Kanpur Dehat,33,9,Uttar Pradesh,07-01-2014,15564.88258
3714,Etawah,31,9,Uttar Pradesh,07-01-2014,15632.14046
3715,Faizabad,47,9,Uttar Pradesh,07-01-2014,15180.83396
3716,Ghazipur,65,9,Uttar Pradesh,07-01-2014,15352.24521
3717,Gonda,53,9,Uttar Pradesh,07-01-2014,15026.21379
3718,Gorakhpur,58,9,Uttar Pradesh,07-01-2014,15178.57893
3719,Farrukhabad,29,9,Uttar Pradesh,07-01-2014,15505.81036
3720,Fatehpur,42,9,Uttar Pradesh,07-01-2014,15335.03704
3721,Firozabad,16,9,Uttar Pradesh,07-01-2014,15574.40267
3722,Hamirpur,38,9,Uttar Pradesh,07-01-2014,15692.96318
3723,Hardoi,25,9,Uttar Pradesh,07-01-2014,15265.61053
3724,Jalaun,35,9,Uttar Pradesh,07-01-2014,15747.60556
3725,Jaunpur,64,9,Uttar Pradesh,07-01-2014,15311.61685
3726,Jhansi,36,9,Uttar Pradesh,07-01-2014,15708.61004
3727,Jyotiba Phule Nagar,6,9,Uttar Pradesh,07-01-2014,15321.90298
3728,Kannauj,30,9,Uttar Pradesh,07-01-2014,15539.97511
3729,Kanpur Nagar,34,9,Uttar Pradesh,07-01-2014,15413.75751
3730,Kaushambi,44,9,Uttar Pradesh,07-01-2014,15271.05161
3731,Kheri,23,9,Uttar Pradesh,07-01-2014,15114.27347
3732,Mirzapur,69,9,Uttar Pradesh,07-01-2014,15351.19642
3733,Moradabad,4,9,Uttar Pradesh,07-01-2014,15374.5012
3734,Muzaffarnagar,2,9,Uttar Pradesh,07-01-2014,15240.3516
3735,Rae Bareli,28,9,Uttar Pradesh,07-01-2014,15175.34578
3736,Kushinagar,59,9,Uttar Pradesh,07-01-2014,15277.19409
3737,Lucknow,27,9,Uttar Pradesh,07-01-2014,15203.88842
3738,Lalitpur,37,9,Uttar Pradesh,07-01-2014,15630.28046
3739,Mahrajganj,57,9,Uttar Pradesh,07-01-2014,15257.85724
3740,Mahoba,39,9,Uttar Pradesh,07-01-2014,15736.5371
3741,Mainpuri,18,9,Uttar Pradesh,07-01-2014,15601.28116
3742,Mathura,14,9,Uttar Pradesh,07-01-2014,15600.76529
3743,Mau,62,9,Uttar Pradesh,07-01-2014,15298.80069
3744,Meerut,7,9,Uttar Pradesh,07-01-2014,15254.64302
3745,Pilibhit,21,9,Uttar Pradesh,07-01-2014,15089.70658
3746,Pratapgarh,43,9,Uttar Pradesh,07-01-2014,15257.07825
3747,Rampur,5,9,Uttar Pradesh,07-01-2014,15203.51424
3748,Sant Ravidas Nagar Bhadohi,68,9,Uttar Pradesh,07-01-2014,15312.43527
3749,Sant Kabir Nagar,56,9,Uttar Pradesh,07-01-2014,15177.80211
3750,Shahjahanpur,22,9,Uttar Pradesh,07-01-2014,15193.69995
3751,Sheikhpura,26,10,Bihar,07-01-2014,15197.4757
3752,Saharsa,12,10,Bihar,07-01-2014,15052.92442
3753,Siwan,16,10,Bihar,07-01-2014,15298.79586
3754,Supaul,6,10,Bihar,07-01-2014,15126.88721
3755,Vaishali,18,10,Bihar,07-01-2014,15198.42345
3756,Kaimur (Bhabua),31,10,Bihar,07-01-2014,15446.04009
3757,Gaya,35,10,Bihar,07-01-2014,15314.54541
3758,Bhojpur,29,10,Bihar,07-01-2014,15374.78609
3759,Buxar,30,10,Bihar,07-01-2014,15406.85119
3760,Jehanabad,33,10,Bihar,07-01-2014,15351.9585
3761,Rohtas,32,10,Bihar,07-01-2014,15356.56209
3762,Araria,7,10,Bihar,07-01-2014,15176.23177
3763,Aurangabad,34,10,Bihar,07-01-2014,15314.52263
3764,Banka,23,10,Bihar,07-01-2014,15257.22886
3765,Bhagalpur,22,10,Bihar,07-01-2014,15180.85615
3766,Begusarai,20,10,Bihar,07-01-2014,15152.97269
3767,Saran,17,10,Bihar,07-01-2014,15291.65342
3768,Katihar,10,10,Bihar,07-01-2014,15161.52491
3769,Darbhanga,13,10,Bihar,07-01-2014,15252.61542
3770,Gopalganj,15,10,Bihar,07-01-2014,15297.96697
3771,Jamui,37,10,Bihar,07-01-2014,15194.86354
3772,Kishanganj,8,10,Bihar,07-01-2014,15307.77576
3773,Muzaffarpur,14,10,Bihar,07-01-2014,15232.83835
3774,Purnia,9,10,Bihar,07-01-2014,15142.20802
3775,Khagaria,21,10,Bihar,07-01-2014,15139.43838
3776,Madhubani,5,10,Bihar,07-01-2014,15263.60125
3777,Lakhisarai,25,10,Bihar,07-01-2014,15173.56995
3778,Madhepura,11,10,Bihar,07-01-2014,15079.96344
3779,Purba Champaran,2,10,Bihar,07-01-2014,15232.47736
3780,Munger,24,10,Bihar,07-01-2014,15152.35521
3781,Nalanda,27,10,Bihar,07-01-2014,15316.582
3782,Nawada,36,10,Bihar,07-01-2014,15138.67951
3783,Pashchim Champaran,1,10,Bihar,07-01-2014,15169.62902
3784,Patna,28,10,Bihar,07-01-2014,15323.38911
3785,Samastipur,19,10,Bihar,07-01-2014,15123.96795
3786,South,3,11,Sikkim,07-01-2014,14720.79891
3787,West,2,11,Sikkim,07-01-2014,14364.8102
3788,East,4,11,Sikkim,07-01-2014,14601.05074
3789,North,1,11,Sikkim,07-01-2014,14063.79453
3790,Tawang,1,12,Arunanchal Pradesh,07-01-2014,14180.19898
3791,Tirap,13,12,Arunanchal Pradesh,07-01-2014,15131.68914
3792,West Kameng,2,12,Arunanchal Pradesh,07-01-2014,14353.41313
3793,West Siang,7,12,Arunanchal Pradesh,07-01-2014,14616.64973
3794,Upper Siang,9,12,Arunanchal Pradesh,07-01-2014,14418.48782
3795,Upper Subansiri,6,12,Arunanchal Pradesh,07-01-2014,14375.11308
3796,Changlang,12,12,Arunanchal Pradesh,07-01-2014,14845.11754
3797,Dibang Valley,10,12,Arunanchal Pradesh,07-01-2014,14316.23969
3798,East Kameng,3,12,Arunanchal Pradesh,07-01-2014,14424.03548
3799,East Siang,8,12,Arunanchal Pradesh,07-01-2014,15050.85309
3800,Lohit,11,12,Arunanchal Pradesh,07-01-2014,14490.72328
3801,Lower Subansiri,5,12,Arunanchal Pradesh,07-01-2014,14523.20371
3802,Papum Pare,4,12,Arunanchal Pradesh,07-01-2014,14754.34593
3803,Tuensang,2,13,Nagaland,07-01-2014,14922.95971
3804,Wokha,5,13,Nagaland,07-01-2014,15050.47555
3805,Zunheboto,4,13,Nagaland,07-01-2014,14928.10158
3806,Dimapur,6,13,Nagaland,07-01-2014,15122.07899
3807,Kohima,7,13,Nagaland,07-01-2014,15027.54696
3808,Mokokchung,3,13,Nagaland,07-01-2014,14997.82623
3809,Mon,1,13,Nagaland,07-01-2014,15054.42183
3810,Phek,8,13,Nagaland,07-01-2014,14941.75803
3811,Tamenglong,2,14,Manipur,07-01-2014,15048.16978
3812,Thoubal,5,14,Manipur,07-01-2014,15161.63116
3813,Ukhrul,8,14,Manipur,07-01-2014,14989.14836
3814,Bishnupur,4,14,Manipur,07-01-2014,15051.28575
3815,Chandel,9,14,Manipur,07-01-2014,15034.25386
3816,Churachandpur,3,14,Manipur,07-01-2014,15029.57062
3817,Imphal East,7,14,Manipur,07-01-2014,15224.29406
3818,Imphal West,6,14,Manipur,07-01-2014,15192.66382
3819,Senapati (Excl. 3 sub-divisions),1,14,Manipur,07-01-2014,14951.76009
3820,Aizawl,3,15,Mizoram,07-01-2014,15030.29618
3821,Champhai,4,15,Mizoram,07-01-2014,14989.44528
3822,Kolasib,2,15,Mizoram,07-01-2014,15088.1863
3823,Mamit,1,15,Mizoram,07-01-2014,15011.43608
3824,Lunglei,6,15,Mizoram,07-01-2014,15001.1886
3825,Lawngtlai,7,15,Mizoram,07-01-2014,15003.78041
3826,Saiha,8,15,Mizoram,07-01-2014,14963.01985
3827,Serchhip,5,15,Mizoram,07-01-2014,14993.76391
3828,South Tripura,2,16,Tripura,07-01-2014,15140.16183
3829,West Tripura,1,16,Tripura,07-01-2014,15070.69578
3830,Dhalai,3,16,Tripura,07-01-2014,15049.67466
3831,North Tripura,4,16,Tripura,07-01-2014,15063.01895
3832,Ri Bhoi,5,17,Meghalaya,07-01-2014,14954.3467
3833,South Garo Hills,3,17,Meghalaya,07-01-2014,15035.85389
3834,West Garo Hills,1,17,Meghalaya,07-01-2014,15139.45591
3835,West Khasi Hills,4,17,Meghalaya,07-01-2014,14972.47134
3836,East Garo Hills,2,17,Meghalaya,07-01-2014,14974.03351
3837,East Khasi Hills,6,17,Meghalaya,07-01-2014,14910.43146
3838,Jaintia Hills,7,17,Meghalaya,07-01-2014,15012.80123
3839,Sonitpur,11,18,Assam,07-01-2014,14947.45359
3840,Sibsagar,16,18,Assam,07-01-2014,15069.81207
3841,Tinsukia,14,18,Assam,07-01-2014,15121.70992
3842,Barpeta,5,18,Assam,07-01-2014,15006.82313
3843,Bongaigaon,4,18,Assam,07-01-2014,15128.7577
3844,Cachar,21,18,Assam,07-01-2014,15182.49587
3845,Darrang,8,18,Assam,07-01-2014,15072.37232
3846,Dhemaji,13,18,Assam,07-01-2014,15033.10056
3847,Dhubri,2,18,Assam,07-01-2014,15022.46706
3848,Dibrugarh,15,18,Assam,07-01-2014,15024.96434
3849,Kamrup,6,18,Assam,07-01-2014,15044.01282
3850,Karbi Anglong,19,18,Assam,07-01-2014,15038.67461
3851,Goalpara,3,18,Assam,07-01-2014,15073.01106
3852,Golaghat,18,18,Assam,07-01-2014,15028.01109
3853,Hailakandi,23,18,Assam,07-01-2014,15195.49603
3854,Jorhat,17,18,Assam,07-01-2014,14950.24811
3855,Karimganj,22,18,Assam,07-01-2014,15213.85627
3856,Kokrajhar,1,18,Assam,07-01-2014,15147.68713
3857,Lakhimpur,12,18,Assam,07-01-2014,15088.55549
3858,Nagaon,10,18,Assam,07-01-2014,15028.83789
3859,Marigaon,9,18,Assam,07-01-2014,14279.22576
3860,Nalbari,7,18,Assam,07-01-2014,14724.74148
3861,North Cachar Hills,20,18,Assam,07-01-2014,15072.44447
3862,South  Twenty Four Parganas,18,19,West Bengal,07-01-2014,15040.88082
3863,Uttar Dinajpur,4,19,West Bengal,07-01-2014,15336.81117
3864,Hugli,12,19,West Bengal,07-01-2014,15191.21952
3865,Barddhaman,9,19,West Bengal,07-01-2014,15168.00248
3866,Birbhum,8,19,West Bengal,07-01-2014,15256.29116
3867,Bankura,13,19,West Bengal,07-01-2014,15141.23133
3868,Dakshin Dinajpur,5,19,West Bengal,07-01-2014,15126.69931
3869,Darjiling,1,19,West Bengal,07-01-2014,15060.39801
3870,Haora,16,19,West Bengal,07-01-2014,14900.78761
3871,Jalpaiguri,2,19,West Bengal,07-01-2014,15231.02106
3872,Koch Bihar,3,19,West Bengal,07-01-2014,15044.4369
3873,Murshidabad,7,19,West Bengal,07-01-2014,15170.7653
3874,Puruliya,14,19,West Bengal,07-01-2014,15181.90778
3875,Kolkata,17,19,West Bengal,07-01-2014,14324.94538
3876,Maldah,6,19,West Bengal,07-01-2014,15190.43246
3877,Nadia,10,19,West Bengal,07-01-2014,15045.83993
3878,North Twenty Four Parganas,11,19,West Bengal,07-01-2014,15001.69065
3879,Medinipur,15,19,West Bengal,07-01-2014,15090.29969
3880,Ranchi,14,20,Jharkhand,07-01-2014,15195.85486
3881,Sahibganj,9,20,Jharkhand,07-01-2014,15027.62004
3882,Garhwa,1,20,Jharkhand,07-01-2014,15322.35669
3883,Palamu,2,20,Jharkhand,07-01-2014,15245.84842
3884,Chatra,3,20,Jharkhand,07-01-2014,15256.11853
3885,Hazaribagh,4,20,Jharkhand,07-01-2014,15256.83857
3886,Kodarma,5,20,Jharkhand,07-01-2014,15270.07821
3887,Bokaro,13,20,Jharkhand,07-01-2014,15208.80151
3888,Deoghar,7,20,Jharkhand,07-01-2014,15264.47248
3889,Dhanbad,12,20,Jharkhand,07-01-2014,15168.03107
3890,Dumka,11,20,Jharkhand,07-01-2014,15237.86342
3891,Giridih,6,20,Jharkhand,07-01-2014,15283.93008
3892,Godda,8,20,Jharkhand,07-01-2014,15319.81994
3893,Gumla,16,20,Jharkhand,07-01-2014,15217.62298
3894,Purbi Singhbhum,18,20,Jharkhand,07-01-2014,15046.18612
3895,Lohardaga,15,20,Jharkhand,07-01-2014,15197.25106
3896,Pakaur,10,20,Jharkhand,07-01-2014,15306.70352
3897,Pashchimi Singhbhum,17,20,Jharkhand,07-01-2014,15064.47675
3898,Rayagada,27,21,Orissa,07-01-2014,15044.90842
3899,Sundargarh,5,21,Orissa,07-01-2014,15194.96107
3900,Sonapur,23,21,Orissa,07-01-2014,15217.08321
3901,Anugul,15,21,Orissa,07-01-2014,15022.88245
3902,Bhadrak,9,21,Orissa,07-01-2014,15089.85014
3903,Baudh,22,21,Orissa,07-01-2014,15026.06511
3904,Balangir,24,21,Orissa,07-01-2014,15299.50043
3905,Baleshwar,8,21,Orissa,07-01-2014,15010.26968
3906,Bargarh,1,21,Orissa,07-01-2014,15325.90049
3907,Kendrapara,10,21,Orissa,07-01-2014,14988.64669
3908,Kendujhar,6,21,Orissa,07-01-2014,15063.77066
3909,Debagarh,4,21,Orissa,07-01-2014,15139.44412
3910,Cuttack,12,21,Orissa,07-01-2014,15109.27145
3911,Dhenkanal,14,21,Orissa,07-01-2014,15044.53401
3912,Kalahandi,26,21,Orissa,07-01-2014,15065.75355
3913,Ganjam,19,21,Orissa,07-01-2014,15146.88874
3914,Gajapati,20,21,Orissa,07-01-2014,14983.1218
3915,Jajapur,13,21,Orissa,07-01-2014,15049.8147
3916,Jagatsinghapur,11,21,Orissa,07-01-2014,14996.89346
3917,Jharsuguda,2,21,Orissa,07-01-2014,15304.35387
3918,Khordha,17,21,Orissa,07-01-2014,15033.50489
3919,Mayurbhanj,7,21,Orissa,07-01-2014,15011.43605
3920,Puri,18,21,Orissa,07-01-2014,15041.10977
3921,Koraput,29,21,Orissa,07-01-2014,15070.56937
3922,Malkangiri,30,21,Orissa,07-01-2014,15187.96636
3923,Nabarangapur,28,21,Orissa,07-01-2014,15070.30925
3924,Nayagarh,16,21,Orissa,07-01-2014,15122.58116
3925,Nuapada,25,21,Orissa,07-01-2014,15481.59629
3926,Kandhamal,21,21,Orissa,07-01-2014,15107.35149
3927,Sambalpur,3,21,Orissa,07-01-2014,15211.38985
3928,Surguja,2,22,Chhattisgarh,07-01-2014,15246.0586
3929,Bilaspur,7,22,Chhattisgarh,07-01-2014,15405.29449
3930,Janjgir - Champa,6,22,Chhattisgarh,07-01-2014,15496.6139
3931,Korba,5,22,Chhattisgarh,07-01-2014,15323.96292
3932,Kawardha,8,22,Chhattisgarh,07-01-2014,15442.18077
3933,Bastar,15,22,Chhattisgarh,07-01-2014,15296.59233
3934,Dantewada,16,22,Chhattisgarh,07-01-2014,15293.63364
3935,Dhamtari,13,22,Chhattisgarh,07-01-2014,15464.4241
3936,Durg,10,22,Chhattisgarh,07-01-2014,15587.8575
3937,Kanker,14,22,Chhattisgarh,07-01-2014,15494.406
3938,Jashpur,3,22,Chhattisgarh,07-01-2014,15219.84809
3939,Koriya,1,22,Chhattisgarh,07-01-2014,15277.79087
3940,Mahasamund,12,22,Chhattisgarh,07-01-2014,15497.71973
3941,Raigarh,4,22,Chhattisgarh,07-01-2014,15302.75209
3942,Raipur,11,22,Chhattisgarh,07-01-2014,15527.26972
3943,Rajnandgaon,9,22,Chhattisgarh,07-01-2014,15495.73591
3944,Shajapur,22,23,Madhya Pradesh,07-01-2014,15717.49089
3945,Shivpuri,6,23,Madhya Pradesh,07-01-2014,15669.38895
3946,Ratlam,20,23,Madhya Pradesh,07-01-2014,15475.1396
3947,Rewa,14,23,Madhya Pradesh,07-01-2014,15417.39675
3948,Sagar,11,23,Madhya Pradesh,07-01-2014,15605.63471
3949,Sidhi,17,23,Madhya Pradesh,07-01-2014,15328.86246
3950,Ujjain,21,23,Madhya Pradesh,07-01-2014,15577.11679
3951,Vidisha,31,23,Madhya Pradesh,07-01-2014,15676.48694
3952,West Nimar,27,23,Madhya Pradesh,07-01-2014,15696.00188
3953,Morena,2,23,Madhya Pradesh,07-01-2014,15626.18595
3954,Sheopur,1,23,Madhya Pradesh,07-01-2014,15667.00612
3955,Dindori,41,23,Madhya Pradesh,07-01-2014,15394.90077
3956,Mandla,42,23,Madhya Pradesh,07-01-2014,15400.63454
3957,Shahdol,16,23,Madhya Pradesh,07-01-2014,15417.71865
3958,Umaria,15,23,Madhya Pradesh,07-01-2014,15430.68447
3959,Hoshangabad,37,23,Madhya Pradesh,07-01-2014,15581.23649
3960,Indore,26,23,Madhya Pradesh,07-01-2014,15545.57446
3961,Bhind,3,23,Madhya Pradesh,07-01-2014,15795.57762
3962,Bhopal,32,23,Madhya Pradesh,07-01-2014,15640.15336
3963,Barwani,28,23,Madhya Pradesh,07-01-2014,15649.08124
3964,Betul,35,23,Madhya Pradesh,07-01-2014,15515.24311
3965,Balaghat,45,23,Madhya Pradesh,07-01-2014,15359.53136
3966,Chhatarpur,9,23,Madhya Pradesh,07-01-2014,15635.65323
3967,Chhindwara,43,23,Madhya Pradesh,07-01-2014,15607.85499
3968,Dewas,23,23,Madhya Pradesh,07-01-2014,15682.47449
3969,Katni,38,23,Madhya Pradesh,07-01-2014,15527.74258
3970,Datia,5,23,Madhya Pradesh,07-01-2014,15747.06601
3971,Damoh,12,23,Madhya Pradesh,07-01-2014,15574.35473
3972,Dhar,25,23,Madhya Pradesh,07-01-2014,15567.67266
3973,East Nimar,29,23,Madhya Pradesh,07-01-2014,15660.30427
3974,Guna,7,23,Madhya Pradesh,07-01-2014,15679.52831
3975,Gwalior,4,23,Madhya Pradesh,07-01-2014,15669.11355
3976,Harda,36,23,Madhya Pradesh,07-01-2014,15714.0864
3977,Jabalpur,39,23,Madhya Pradesh,07-01-2014,15576.52426
3978,Jhabua,24,23,Madhya Pradesh,07-01-2014,15532.6533
3979,Mandsaur,19,23,Madhya Pradesh,07-01-2014,15599.21805
3980,Tikamgarh,8,23,Madhya Pradesh,07-01-2014,15665.87011
3981,Narsimhapur,40,23,Madhya Pradesh,07-01-2014,15506.55911
3982,Neemuch,18,23,Madhya Pradesh,07-01-2014,15590.49048
3983,Panna,10,23,Madhya Pradesh,07-01-2014,15594.18639
3984,Raisen,34,23,Madhya Pradesh,07-01-2014,15591.22816
3985,Rajgarh,30,23,Madhya Pradesh,07-01-2014,15733.96142
3986,Satna,13,23,Madhya Pradesh,07-01-2014,15527.94466
3987,Sehore,33,23,Madhya Pradesh,07-01-2014,15634.20506
3988,Seoni,44,23,Madhya Pradesh,07-01-2014,15505.18292
3989,Sabar Kantha,5,24,Gujarat,07-01-2014,15676.05633
3990,Surendranagar,8,24,Gujarat,07-01-2014,15563.41348
3991,The Dangs,23,24,Gujarat,07-01-2014,15565.83396
3992,Vadodara,19,24,Gujarat,07-01-2014,15552.72123
3993,Valsad,25,24,Gujarat,07-01-2014,15059.11571
3994,Bharuch,21,24,Gujarat,07-01-2014,15529.09856
3995,Surat,22,24,Gujarat,07-01-2014,15372.80621
3996,Anand,15,24,Gujarat,07-01-2014,15717.60896
3997,Ahmadabad,7,24,Gujarat,07-01-2014,15635.00424
3998,Amreli,13,24,Gujarat,07-01-2014,15574.15262
3999,Bhavnagar,14,24,Gujarat,07-01-2014,15669.04723
4000,Banas Kantha,2,24,Gujarat,07-01-2014,15734.6449
4001,Dohad,18,24,Gujarat,07-01-2014,15523.13736
4002,Junagadh,12,24,Gujarat,07-01-2014,15432.46493
4003,Kachchh,1,24,Gujarat,07-01-2014,15512.80927
4004,Gandhinagar,6,24,Gujarat,07-01-2014,15738.4949
4005,Jamnagar,10,24,Gujarat,07-01-2014,15478.04034
4006,Kheda,16,24,Gujarat,07-01-2014,15710.56419
4007,Mahesana,4,24,Gujarat,07-01-2014,15829.86954
4008,Narmada,20,24,Gujarat,07-01-2014,15430.88248
4009,Navsari,24,24,Gujarat,07-01-2014,15285.73552
4010,Panch Mahals,17,24,Gujarat,07-01-2014,15656.72212
4011,Patan,3,24,Gujarat,07-01-2014,15626.84295
4012,Porbandar,11,24,Gujarat,07-01-2014,15430.93766
4013,Rajkot,9,24,Gujarat,07-01-2014,15528.14573
4014,Daman,2,25,Daman & Diu,07-01-2014,15020.17309
4015,Diu,1,25,Daman & Diu,07-01-2014,15379.04413
4016,Dadra & Nagar Haveli,1,26,Dadara & Nagar Havelli,07-01-2014,15068.02344
4017,Ratnagiri,32,27,Maharashtra,07-01-2014,15155.34605
4018,Raigarh,24,27,Maharashtra,07-01-2014,15050.41002
4019,Thane,21,27,Maharashtra,07-01-2014,15134.97568
4020,Solapur,30,27,Maharashtra,07-01-2014,15689.48772
4021,Sindhudurg,33,27,Maharashtra,07-01-2014,15145.39026
4022,Wardha,8,27,Maharashtra,07-01-2014,15721.15575
4023,Washim,6,27,Maharashtra,07-01-2014,15748.30655
4024,Yavatmal,14,27,Maharashtra,07-01-2014,15740.30397
4025,Hingoli,16,27,Maharashtra,07-01-2014,15810.85857
4026,Aurangabad,19,27,Maharashtra,07-01-2014,15596.69713
4027,Ahmadnagar,26,27,Maharashtra,07-01-2014,15560.14765
4028,Akola,5,27,Maharashtra,07-01-2014,15639.69899
4029,Amravati,7,27,Maharashtra,07-01-2014,15607.42369
4030,Bid,27,27,Maharashtra,07-01-2014,15640.94698
4031,Bhandara,10,27,Maharashtra,07-01-2014,15625.87402
4032,Buldana,4,27,Maharashtra,07-01-2014,15664.38021
4033,Chandrapur,13,27,Maharashtra,07-01-2014,15622.83682
4034,Dhule,2,27,Maharashtra,07-01-2014,15664.763
4035,Gadchiroli,12,27,Maharashtra,07-01-2014,15470.18985
4036,Gondiya,11,27,Maharashtra,07-01-2014,15489.6648
4037,Jalgaon,3,27,Maharashtra,07-01-2014,15733.97762
4038,Jalna,18,27,Maharashtra,07-01-2014,15665.46481
4039,Kolhapur,34,27,Maharashtra,07-01-2014,15225.67905
4040,Latur,28,27,Maharashtra,07-01-2014,15776.1947
4041,Pune,25,27,Maharashtra,07-01-2014,15511.24584
4042,Nagpur,9,27,Maharashtra,07-01-2014,15655.44833
4043,Mumbai,23,27,Maharashtra,07-01-2014,14895.5052
4044,Mumbai (Suburban),22,27,Maharashtra,07-01-2014,15067.80354
4045,Nanded,15,27,Maharashtra,07-01-2014,15801.7716
4046,Nandurbar,1,27,Maharashtra,07-01-2014,15579.71089
4047,Nashik,20,27,Maharashtra,07-01-2014,15550.04564
4048,Osmanabad,29,27,Maharashtra,07-01-2014,15758.1469
4049,Parbhani,17,27,Maharashtra,07-01-2014,15727.84329
4050,Sangli,35,27,Maharashtra,07-01-2014,15423.23013
4051,Satara,31,27,Maharashtra,07-01-2014,15493.83012
4052,Rangareddi,6,28,Andhra Pradesh,07-01-2014,15705.17962
4053,Srikakulam,11,28,Andhra Pradesh,07-01-2014,15293.87661
4054,West Godavari,15,28,Andhra Pradesh,07-01-2014,15560.13867
4055,Visakhapatnam,13,28,Andhra Pradesh,07-01-2014,15150.2336
4056,Vizianagaram,12,28,Andhra Pradesh,07-01-2014,15250.29566
4057,Warangal,9,28,Andhra Pradesh,07-01-2014,15492.77166
4058,Hyderabad,5,28,Andhra Pradesh,07-01-2014,15562.96097
4059,Anantapur,22,28,Andhra Pradesh,07-01-2014,15338.4067
4060,Adilabad,1,28,Andhra Pradesh,07-01-2014,15635.67163
4061,Chittoor,23,28,Andhra Pradesh,07-01-2014,15375.15744
4062,Cuddapah,20,28,Andhra Pradesh,07-01-2014,15440.37796
4063,East Godavari,14,28,Andhra Pradesh,07-01-2014,15369.46944
4064,Karimnagar,3,28,Andhra Pradesh,07-01-2014,15489.79716
4065,Guntur,17,28,Andhra Pradesh,07-01-2014,15702.79915
4066,Khammam,10,28,Andhra Pradesh,07-01-2014,15564.20208
4067,Medak,4,28,Andhra Pradesh,07-01-2014,15633.43396
4068,Krishna,16,28,Andhra Pradesh,07-01-2014,15621.31445
4069,Kurnool,21,28,Andhra Pradesh,07-01-2014,15607.62618
4070,Mahbubnagar,7,28,Andhra Pradesh,07-01-2014,15670.30028
4071,Nalgonda,8,28,Andhra Pradesh,07-01-2014,15665.82545
4072,Nellore,19,28,Andhra Pradesh,07-01-2014,15520.54216
4073,Nizamabad,2,28,Andhra Pradesh,07-01-2014,15575.82417
4074,Prakasam,18,28,Andhra Pradesh,07-01-2014,15638.83077
4075,Shimoga,15,29,Karnataka,07-01-2014,15065.80064
4076,Tumkur,18,29,Karnataka,07-01-2014,15228.59706
4077,Udupi,16,29,Karnataka,07-01-2014,14907.52097
4078,Uttara Kannada,10,29,Karnataka,07-01-2014,15031.20164
4079,Hassan,23,29,Karnataka,07-01-2014,15068.434
4080,Haveri,11,29,Karnataka,07-01-2014,15247.73789
4081,Bagalkot,2,29,Karnataka,07-01-2014,15546.7248
4082,Bangalore,20,29,Karnataka,07-01-2014,15156.19021
4083,Bidar,5,29,Karnataka,07-01-2014,15823.99434
4084,Bijapur,3,29,Karnataka,07-01-2014,15684.57801
4085,Belgaum,1,29,Karnataka,07-01-2014,15342.60549
4086,Bellary,12,29,Karnataka,07-01-2014,15200.25654
4087,Bangalore Rural,21,29,Karnataka,07-01-2014,15216.61267
4088,Chamarajanagar,27,29,Karnataka,07-01-2014,15139.59658
4089,Chikmagalur,17,29,Karnataka,07-01-2014,15171.65673
4090,Chitradurga,13,29,Karnataka,07-01-2014,15211.10271
4091,Dakshina Kannada,24,29,Karnataka,07-01-2014,15011.9219
4092,Davanagere,14,29,Karnataka,07-01-2014,14966.45928
4093,Dharwad,9,29,Karnataka,07-01-2014,14991.15873
4094,Gulbarga,4,29,Karnataka,07-01-2014,15897.87923
4095,Gadag,8,29,Karnataka,07-01-2014,15389.18338
4096,Kodagu,25,29,Karnataka,07-01-2014,14812.03606
4097,Kolar,19,29,Karnataka,07-01-2014,15321.1679
4098,Mandya,22,29,Karnataka,07-01-2014,15170.87147
4099,Koppal,7,29,Karnataka,07-01-2014,15335.11805
4100,Mysore,26,29,Karnataka,07-01-2014,14985.9359
4101,Raichur,6,29,Karnataka,07-01-2014,15723.98751
4102,South Goa,2,30,Goa,07-01-2014,14979.67468
4103,North Goa,1,30,Goa,07-01-2014,14992.07872
4104,Lakshadweep,1,31,Lakshadweep,07-01-2014,14943.62279
4105,Thrissur,7,32,Kerala,07-01-2014,15073.24867
4106,Thiruvananthapuram,14,32,Kerala,07-01-2014,14965.60207
4107,Wayanad,3,32,Kerala,07-01-2014,14893.61063
4108,Idukki,9,32,Kerala,07-01-2014,14808.17585
4109,Alappuzha,11,32,Kerala,07-01-2014,14988.03829
4110,Kasaragod,1,32,Kerala,07-01-2014,14901.32211
4111,Kannur,2,32,Kerala,07-01-2014,14909.85167
4112,Ernakulam,8,32,Kerala,07-01-2014,15011.03298
4113,Kollam,13,32,Kerala,07-01-2014,15000.49512
4114,Kottayam,10,32,Kerala,07-01-2014,15029.04351
4115,Kozhikode,4,32,Kerala,07-01-2014,14970.46014
4116,Malappuram,5,32,Kerala,07-01-2014,15032.41059
4117,Palakkad,6,32,Kerala,07-01-2014,15038.86437
4118,Pathanamthitta,12,32,Kerala,07-01-2014,14933.52044
4119,Sivaganga,23,33,Tamil Nadu,07-01-2014,15806.26635
4120,Tiruchirappalli,15,33,Tamil Nadu,07-01-2014,15673.49735
4121,Tirunelveli,29,33,Tamil Nadu,07-01-2014,15590.57727
4122,Tiruvannamalai,6,33,Tamil Nadu,07-01-2014,15427.49107
4123,Thoothukkudi,28,33,Tamil Nadu,07-01-2014,15861.82627
4124,Theni,25,33,Tamil Nadu,07-01-2014,15378.25368
4125,Vellore,4,33,Tamil Nadu,07-01-2014,15335.50629
4126,Viluppuram,7,33,Tamil Nadu,07-01-2014,15511.61555
4127,Virudhunagar,26,33,Tamil Nadu,07-01-2014,15909.03167
4128,Chennai,2,33,Tamil Nadu,07-01-2014,15525.13373
4129,Kancheepuram,3,33,Tamil Nadu,07-01-2014,15465.86584
4130,Thiruvallur,1,33,Tamil Nadu,07-01-2014,15447.34321
4131,Thanjavur,21,33,Tamil Nadu,07-01-2014,15538.04414
4132,Thiruvarur,20,33,Tamil Nadu,07-01-2014,15515.71088
4133,Nagapattinam,19,33,Tamil Nadu,07-01-2014,15496.92705
4134,Ariyalur,17,33,Tamil Nadu,07-01-2014,15614.22622
4135,Coimbatore,12,33,Tamil Nadu,07-01-2014,15476.19827
4136,Cuddalore,18,33,Tamil Nadu,07-01-2014,15543.32988
4137,Dharmapuri,5,33,Tamil Nadu,07-01-2014,15378.79376
4138,Dindigul,13,33,Tamil Nadu,07-01-2014,15500.06754
4139,Erode,10,33,Tamil Nadu,07-01-2014,15556.84794
4140,Kanniyakumari,30,33,Tamil Nadu,07-01-2014,15006.54292
4141,Karur,14,33,Tamil Nadu,07-01-2014,15709.83717
4142,Madurai,24,33,Tamil Nadu,07-01-2014,15739.1314
4143,Namakkal,9,33,Tamil Nadu,07-01-2014,15566.65014
4144,The Nilgiris,11,33,Tamil Nadu,07-01-2014,14809.35807
4145,Perambalur,16,33,Tamil Nadu,07-01-2014,15696.93073
4146,Pudukkottai,22,33,Tamil Nadu,07-01-2014,15711.47591
4147,Ramanathapuram,27,33,Tamil Nadu,07-01-2014,15871.86288
4148,Salem,8,33,Tamil Nadu,07-01-2014,15480.62194
4149,Yanam,1,34,Puducherry,07-01-2014,15521.21046
4150,Karaikal,4,34,Puducherry,07-01-2014,15526.60731
4151,Mahe,3,34,Puducherry,07-01-2014,14949.04239
4152,Pondicherry,2,34,Puducherry,07-01-2014,15423.25558
4153,Nicobars,2,35,Andaman & Nicobar Island,07-01-2014,14999.15424
4154,Andamans,1,35,Andaman & Nicobar Island,07-01-2014,14916.47248
4155,Data Not Available,99,99,Jammu and Kashmir,07-01-2014,14708.89232
4156,Srinagar,3,1,Jammu and Kashmir,08-01-2014,14706.65611
4157,Udhampur,10,1,Jammu and Kashmir,08-01-2014,14860.76123
4158,Anantnag,6,1,Jammu and Kashmir,08-01-2014,14678.58153
4159,Badgam,4,1,Jammu and Kashmir,08-01-2014,14835.536
4160,Baramula,2,1,Jammu and Kashmir,08-01-2014,14803.92518
4161,Doda,9,1,Jammu and Kashmir,08-01-2014,14566.60739
4162,Jammu,13,1,Jammu and Kashmir,08-01-2014,15141.5201
4163,Kargil,8,1,Jammu and Kashmir,08-01-2014,14898.90674
4164,Kathua,14,1,Jammu and Kashmir,08-01-2014,15016.18364
4165,Leh (Ladakh),7,1,Jammu and Kashmir,08-01-2014,14964.46671
4166,Kupwara,1,1,Jammu and Kashmir,08-01-2014,14873.20891
4167,Punch,11,1,Jammu and Kashmir,08-01-2014,14839.49618
4168,Pulwama,5,1,Jammu and Kashmir,08-01-2014,14896.59585
4169,Rajauri,12,1,Jammu and Kashmir,08-01-2014,14939.14654
4170,Shimla,11,2,Himachal Pradesh,08-01-2014,14762.37065
4171,Sirmaur,10,2,Himachal Pradesh,08-01-2014,15000.23988
4172,Solan,9,2,Himachal Pradesh,08-01-2014,15017.39701
4173,Una,7,2,Himachal Pradesh,08-01-2014,15066.02956
4174,Bilaspur,8,2,Himachal Pradesh,08-01-2014,15012.82357
4175,Chamba,1,2,Himachal Pradesh,08-01-2014,14627.86551
4176,Hamirpur,6,2,Himachal Pradesh,08-01-2014,15013.56511
4177,Kangra,2,2,Himachal Pradesh,08-01-2014,14864.47988
4178,Kinnaur,12,2,Himachal Pradesh,08-01-2014,14641.48642
4179,Lahul & Spiti,3,2,Himachal Pradesh,08-01-2014,14709.27264
4180,Kullu,4,2,Himachal Pradesh,08-01-2014,14461.36505
4181,Mandi,5,2,Himachal Pradesh,08-01-2014,14853.6271
4182,Rupnagar,7,3,Punjab,08-01-2014,15162.03312
4183,Amritsar,2,3,Punjab,08-01-2014,15120.11828
4184,Firozpur,11,3,Punjab,08-01-2014,15185.74904
4185,Bathinda,14,3,Punjab,08-01-2014,15198.67049
4186,Gurdaspur,1,3,Punjab,08-01-2014,15124.83713
4187,Faridkot,13,3,Punjab,08-01-2014,15137.9469
4188,Fatehgarh Sahib,8,3,Punjab,08-01-2014,15133.10782
4189,Hoshiarpur,5,3,Punjab,08-01-2014,15148.07813
4190,Jalandhar,4,3,Punjab,08-01-2014,15144.13921
4191,Kapurthala,3,3,Punjab,08-01-2014,15111.81072
4192,Ludhiana,9,3,Punjab,08-01-2014,15139.15134
4193,Mansa,15,3,Punjab,08-01-2014,15222.91245
4194,Moga,10,3,Punjab,08-01-2014,15095.04685
4195,Muktsar,12,3,Punjab,08-01-2014,15190.55934
4196,Nawanshahr,6,3,Punjab,08-01-2014,15122.63642
4197,Patiala,17,3,Punjab,08-01-2014,15171.50117
4198,Sangrur,16,3,Punjab,08-01-2014,15130.14008
4199,Chandigarh,1,4,Chandigarh,08-01-2014,15320.72335
4200,Rudraprayag,3,5,Uttarakhand,08-01-2014,14533.30041
4201,Tehri Garhwal,4,5,Uttarakhand,08-01-2014,14774.85131
4202,Udham Singh Nagar,12,5,Uttarakhand,08-01-2014,15111.48682
4203,Uttarkashi,1,5,Uttarakhand,08-01-2014,14546.31937
4204,Bageshwar,8,5,Uttarakhand,08-01-2014,14616.16527
4205,Almora,9,5,Uttarakhand,08-01-2014,14934.51803
4206,Chamoli,2,5,Uttarakhand,08-01-2014,14418.7256
4207,Champawat,10,5,Uttarakhand,08-01-2014,14942.5402
4208,Dehradun,5,5,Uttarakhand,08-01-2014,15002.0374
4209,Garhwal,6,5,Uttarakhand,08-01-2014,14950.91096
4210,Hardwar,13,5,Uttarakhand,08-01-2014,15134.3282
4211,Nainital,11,5,Uttarakhand,08-01-2014,14988.27672
4212,Pithoragarh,7,5,Uttarakhand,08-01-2014,14433.21715
4213,Rohtak,14,6,Haryana,08-01-2014,15362.96975
4214,Sirsa,11,6,Haryana,08-01-2014,15328.64172
4215,Sonipat,8,6,Haryana,08-01-2014,15268.20502
4216,Yamunanagar,3,6,Haryana,08-01-2014,15141.58509
4217,Jhajjar,15,6,Haryana,08-01-2014,15441.53023
4218,Mahendragarh,16,6,Haryana,08-01-2014,15460.3433
4219,Rewari,17,6,Haryana,08-01-2014,15479.75623
4220,Bhiwani,13,6,Haryana,08-01-2014,15478.87565
4221,Ambala,2,6,Haryana,08-01-2014,15168.01047
4222,Gurgaon,18,6,Haryana,08-01-2014,15447.69377
4223,Faridabad,19,6,Haryana,08-01-2014,15324.64023
4224,Fatehabad,10,6,Haryana,08-01-2014,15260.12173
4225,Hisar,12,6,Haryana,08-01-2014,15409.56025
4226,Jind,9,6,Haryana,08-01-2014,15256.27254
4227,Kaithal,5,6,Haryana,08-01-2014,15149.6254
4228,Karnal,6,6,Haryana,08-01-2014,15117.85457
4229,Kurukshetra,4,6,Haryana,08-01-2014,15121.48821
4230,Panchkula,1,6,Haryana,08-01-2014,15127.19788
4231,Panipat,7,6,Haryana,08-01-2014,15191.23087
4232,Central,6,7,Delhi  & NCR,08-01-2014,15446.80675
4233,East,4,7,Delhi  & NCR,08-01-2014,15411.38946
4234,New Delhi,5,7,Delhi  & NCR,08-01-2014,15363.9349
4235,North,2,7,Delhi  & NCR,08-01-2014,15396.2785
4236,North East,3,7,Delhi  & NCR,08-01-2014,15448.58113
4237,North West,1,7,Delhi  & NCR,08-01-2014,15444.60189
4238,South,9,7,Delhi  & NCR,08-01-2014,15346.36623
4239,South West,8,7,Delhi  & NCR,08-01-2014,15478.80661
4240,West,7,7,Delhi  & NCR,08-01-2014,15492.20977
4241,Sirohi,19,8,Rajasthan,08-01-2014,15302.24293
4242,Tonk,22,8,Rajasthan,08-01-2014,15485.56325
4243,Sikar,13,8,Rajasthan,08-01-2014,15466.89613
4244,Alwar,6,8,Rajasthan,08-01-2014,15355.57229
4245,Udaipur,26,8,Rajasthan,08-01-2014,15141.25234
4246,Ganganagar,1,8,Rajasthan,08-01-2014,15575.76289
4247,Hanumangarh,2,8,Rajasthan,08-01-2014,15590.69705
4248,Baran,31,8,Rajasthan,08-01-2014,15471.50174
4249,Ajmer,21,8,Rajasthan,08-01-2014,15399.87806
4250,Banswara,28,8,Rajasthan,08-01-2014,15175.37529
4251,Barmer,17,8,Rajasthan,08-01-2014,15715.89188
4252,Bhilwara,24,8,Rajasthan,08-01-2014,15279.14256
4253,Bikaner,3,8,Rajasthan,08-01-2014,15842.18094
4254,Bharatpur,7,8,Rajasthan,08-01-2014,15402.92862
4255,Bundi,23,8,Rajasthan,08-01-2014,15391.99568
4256,Chittaurgarh,29,8,Rajasthan,08-01-2014,15238.10681
4257,Churu,4,8,Rajasthan,08-01-2014,15733.21143
4258,Dausa,11,8,Rajasthan,08-01-2014,15392.15331
4259,Dhaulpur,8,8,Rajasthan,08-01-2014,15468.51474
4260,Dungarpur,27,8,Rajasthan,08-01-2014,15155.00546
4261,Karauli,9,8,Rajasthan,08-01-2014,15370.7652
4262,Jaipur,12,8,Rajasthan,08-01-2014,15446.74403
4263,Jaisalmer,16,8,Rajasthan,08-01-2014,15946.11948
4264,Jalor,18,8,Rajasthan,08-01-2014,15541.9367
4265,Jhalawar,32,8,Rajasthan,08-01-2014,15388.90354
4266,Jhunjhunun,5,8,Rajasthan,08-01-2014,15461.57032
4267,Jodhpur,15,8,Rajasthan,08-01-2014,15711.63768
4268,Kota,30,8,Rajasthan,08-01-2014,15428.60293
4269,Nagaur,14,8,Rajasthan,08-01-2014,15587.63045
4270,Pali,20,8,Rajasthan,08-01-2014,15412.7435
4271,Rajsamand,25,8,Rajasthan,08-01-2014,15175.34009
4272,Sawai Madhopur,10,8,Rajasthan,08-01-2014,15450.93872
4273,Shrawasti,51,9,Uttar Pradesh,08-01-2014,15145.60493
4274,Saharanpur,1,9,Uttar Pradesh,08-01-2014,15155.13912
4275,Sitapur,24,9,Uttar Pradesh,08-01-2014,15173.01475
4276,Sultanpur,49,9,Uttar Pradesh,08-01-2014,15153.63009
4277,Sonbhadra,70,9,Uttar Pradesh,08-01-2014,15215.36229
4278,Siddharthnagar,54,9,Uttar Pradesh,08-01-2014,15115.27399
4279,Unnao,26,9,Uttar Pradesh,08-01-2014,15329.66972
4280,Varanasi,67,9,Uttar Pradesh,08-01-2014,15257.50364
4281,Bulandshahr,11,9,Uttar Pradesh,08-01-2014,15250.09098
4282,Gautam Buddha Nagar,10,9,Uttar Pradesh,08-01-2014,15368.2278
4283,Ghaziabad,9,9,Uttar Pradesh,08-01-2014,15283.32935
4284,Auraiya,32,9,Uttar Pradesh,08-01-2014,15307.26892
4285,Azamgarh,61,9,Uttar Pradesh,08-01-2014,15241.12146
4286,Budaun,19,9,Uttar Pradesh,08-01-2014,15299.15352
4287,Agra,15,9,Uttar Pradesh,08-01-2014,15394.58957
4288,Aligarh,12,9,Uttar Pradesh,08-01-2014,15285.22151
4289,Allahabad,45,9,Uttar Pradesh,08-01-2014,15246.88144
4290,Ambedkar Nagar,48,9,Uttar Pradesh,08-01-2014,15186.34542
4291,Bareilly,20,9,Uttar Pradesh,08-01-2014,15122.54837
4292,Bijnor,3,9,Uttar Pradesh,08-01-2014,15134.70109
4293,Basti,55,9,Uttar Pradesh,08-01-2014,15129.53637
4294,Baghpat,8,9,Uttar Pradesh,08-01-2014,15221.68218
4295,Bahraich,50,9,Uttar Pradesh,08-01-2014,15129.47707
4296,Ballia,63,9,Uttar Pradesh,08-01-2014,15223.66339
4297,Balrampur,52,9,Uttar Pradesh,08-01-2014,15123.72232
4298,Banda,40,9,Uttar Pradesh,08-01-2014,15428.71975
4299,Barabanki,46,9,Uttar Pradesh,08-01-2014,15140.47128
4300,Chitrakoot,41,9,Uttar Pradesh,08-01-2014,15356.94782
4301,Chandauli,66,9,Uttar Pradesh,08-01-2014,15273.56853
4302,Deoria,60,9,Uttar Pradesh,08-01-2014,15175.87327
4303,Etah,17,9,Uttar Pradesh,08-01-2014,15293.45442
4304,Kanpur Dehat,33,9,Uttar Pradesh,08-01-2014,15365.38063
4305,Etawah,31,9,Uttar Pradesh,08-01-2014,15279.62646
4306,Faizabad,47,9,Uttar Pradesh,08-01-2014,15080.24706
4307,Ghazipur,65,9,Uttar Pradesh,08-01-2014,15252.2767
4308,Gonda,53,9,Uttar Pradesh,08-01-2014,15106.01494
4309,Gorakhpur,58,9,Uttar Pradesh,08-01-2014,15193.6376
4310,Farrukhabad,29,9,Uttar Pradesh,08-01-2014,15366.10816
4311,Fatehpur,42,9,Uttar Pradesh,08-01-2014,15347.47196
4312,Firozabad,16,9,Uttar Pradesh,08-01-2014,15343.94189
4313,Hamirpur,38,9,Uttar Pradesh,08-01-2014,15451.29855
4314,Hardoi,25,9,Uttar Pradesh,08-01-2014,15294.15272
4315,Hathras,13,9,Uttar Pradesh,08-01-2014,15366.908
4316,Jalaun,35,9,Uttar Pradesh,08-01-2014,15435.50648
4317,Jaunpur,64,9,Uttar Pradesh,08-01-2014,15172.73341
4318,Jhansi,36,9,Uttar Pradesh,08-01-2014,15361.49515
4319,Jyotiba Phule Nagar,6,9,Uttar Pradesh,08-01-2014,15174.72213
4320,Kannauj,30,9,Uttar Pradesh,08-01-2014,15392.53354
4321,Kanpur Nagar,34,9,Uttar Pradesh,08-01-2014,15400.2014
4322,Kaushambi,44,9,Uttar Pradesh,08-01-2014,15275.38899
4323,Kheri,23,9,Uttar Pradesh,08-01-2014,15133.64512
4324,Mirzapur,69,9,Uttar Pradesh,08-01-2014,15287.40268
4325,Moradabad,4,9,Uttar Pradesh,08-01-2014,15162.13956
4326,Muzaffarnagar,2,9,Uttar Pradesh,08-01-2014,15176.72688
4327,Rae Bareli,28,9,Uttar Pradesh,08-01-2014,15194.63344
4328,Kushinagar,59,9,Uttar Pradesh,08-01-2014,15112.50628
4329,Lucknow,27,9,Uttar Pradesh,08-01-2014,15270.33772
4330,Lalitpur,37,9,Uttar Pradesh,08-01-2014,15254.12713
4331,Mahrajganj,57,9,Uttar Pradesh,08-01-2014,15076.88845
4332,Mahoba,39,9,Uttar Pradesh,08-01-2014,15405.61561
4333,Mainpuri,18,9,Uttar Pradesh,08-01-2014,15284.26399
4334,Mathura,14,9,Uttar Pradesh,08-01-2014,15348.30711
4335,Mau,62,9,Uttar Pradesh,08-01-2014,15235.81698
4336,Meerut,7,9,Uttar Pradesh,08-01-2014,15210.5588
4337,Pilibhit,21,9,Uttar Pradesh,08-01-2014,15110.01716
4338,Pratapgarh,43,9,Uttar Pradesh,08-01-2014,15210.99767
4339,Rampur,5,9,Uttar Pradesh,08-01-2014,15089.21128
4340,Sant Ravidas Nagar Bhadohi,68,9,Uttar Pradesh,08-01-2014,15236.81456
4341,Sant Kabir Nagar,56,9,Uttar Pradesh,08-01-2014,15187.7301
4342,Shahjahanpur,22,9,Uttar Pradesh,08-01-2014,15173.65616
4343,Sheikhpura,26,10,Bihar,08-01-2014,15126.22732
4344,Sheohar,3,10,Bihar,08-01-2014,15229.676
4345,Saharsa,12,10,Bihar,08-01-2014,15156.11515
4346,Sitamarhi,4,10,Bihar,08-01-2014,15148.56271
4347,Siwan,16,10,Bihar,08-01-2014,15206.14955
4348,Supaul,6,10,Bihar,08-01-2014,15118.33336
4349,Vaishali,18,10,Bihar,08-01-2014,15177.13551
4350,Kaimur (Bhabua),31,10,Bihar,08-01-2014,15290.4949
4351,Gaya,35,10,Bihar,08-01-2014,15219.91559
4352,Bhojpur,29,10,Bihar,08-01-2014,15235.05365
4353,Buxar,30,10,Bihar,08-01-2014,15279.95447
4354,Jehanabad,33,10,Bihar,08-01-2014,15224.89212
4355,Rohtas,32,10,Bihar,08-01-2014,15212.69821
4356,Araria,7,10,Bihar,08-01-2014,15193.93401
4357,Aurangabad,34,10,Bihar,08-01-2014,15195.67557
4358,Banka,23,10,Bihar,08-01-2014,15181.82551
4359,Bhagalpur,22,10,Bihar,08-01-2014,15202.02159
4360,Begusarai,20,10,Bihar,08-01-2014,15043.21904
4361,Saran,17,10,Bihar,08-01-2014,15179.41026
4362,Katihar,10,10,Bihar,08-01-2014,15194.91091
4363,Darbhanga,13,10,Bihar,08-01-2014,15198.06669
4364,Gopalganj,15,10,Bihar,08-01-2014,15157.64827
4365,Jamui,37,10,Bihar,08-01-2014,15247.89696
4366,Kishanganj,8,10,Bihar,08-01-2014,15205.6645
4367,Muzaffarpur,14,10,Bihar,08-01-2014,15144.32285
4368,Purnia,9,10,Bihar,08-01-2014,15182.32003
4369,Khagaria,21,10,Bihar,08-01-2014,15156.98487
4370,Madhubani,5,10,Bihar,08-01-2014,15125.22043
4371,Lakhisarai,25,10,Bihar,08-01-2014,15146.53005
4372,Madhepura,11,10,Bihar,08-01-2014,15191.49284
4373,Purba Champaran,2,10,Bihar,08-01-2014,15126.53801
4374,Munger,24,10,Bihar,08-01-2014,15163.82032
4375,Nalanda,27,10,Bihar,08-01-2014,15151.41797
4376,Nawada,36,10,Bihar,08-01-2014,15128.83624
4377,Pashchim Champaran,1,10,Bihar,08-01-2014,15108.57381
4378,Patna,28,10,Bihar,08-01-2014,15179.7627
4379,Samastipur,19,10,Bihar,08-01-2014,15182.92427
4380,South,3,11,Sikkim,08-01-2014,14754.23535
4381,West,2,11,Sikkim,08-01-2014,14444.70859
4382,East,4,11,Sikkim,08-01-2014,14670.86492
4383,North,1,11,Sikkim,08-01-2014,14083.32551
4384,Tawang,1,12,Arunanchal Pradesh,08-01-2014,14185.22377
4385,Tirap,13,12,Arunanchal Pradesh,08-01-2014,15033.76493
4386,West Kameng,2,12,Arunanchal Pradesh,08-01-2014,14628.98344
4387,West Siang,7,12,Arunanchal Pradesh,08-01-2014,14734.13829
4388,Upper Siang,9,12,Arunanchal Pradesh,08-01-2014,14549.49763
4389,Upper Subansiri,6,12,Arunanchal Pradesh,08-01-2014,14542.67811
4390,Changlang,12,12,Arunanchal Pradesh,08-01-2014,15002.44087
4391,Dibang Valley,10,12,Arunanchal Pradesh,08-01-2014,14442.24421
4392,East Kameng,3,12,Arunanchal Pradesh,08-01-2014,14678.14436
4393,East Siang,8,12,Arunanchal Pradesh,08-01-2014,15082.01065
4394,Lohit,11,12,Arunanchal Pradesh,08-01-2014,14547.77403
4395,Lower Subansiri,5,12,Arunanchal Pradesh,08-01-2014,14586.29438
4396,Papum Pare,4,12,Arunanchal Pradesh,08-01-2014,14887.39849
4397,Tuensang,2,13,Nagaland,08-01-2014,14919.98451
4398,Wokha,5,13,Nagaland,08-01-2014,15093.52616
4399,Zunheboto,4,13,Nagaland,08-01-2014,14961.67242
4400,Dimapur,6,13,Nagaland,08-01-2014,15177.67069
4401,Kohima,7,13,Nagaland,08-01-2014,15052.76444
4402,Mokokchung,3,13,Nagaland,08-01-2014,15091.34376
4403,Mon,1,13,Nagaland,08-01-2014,15099.89375
4404,Phek,8,13,Nagaland,08-01-2014,14923.79211
4405,Tamenglong,2,14,Manipur,08-01-2014,15039.07049
4406,Thoubal,5,14,Manipur,08-01-2014,14989.94798
4407,Ukhrul,8,14,Manipur,08-01-2014,14951.37921
4408,Bishnupur,4,14,Manipur,08-01-2014,14909.24464
4409,Chandel,9,14,Manipur,08-01-2014,14989.9999
4410,Churachandpur,3,14,Manipur,08-01-2014,14990.77553
4411,Imphal East,7,14,Manipur,08-01-2014,15081.91499
4412,Imphal West,6,14,Manipur,08-01-2014,15122.58468
4413,Senapati (Excl. 3 sub-divisions),1,14,Manipur,08-01-2014,14951.96808
4414,Aizawl,3,15,Mizoram,08-01-2014,15067.29313
4415,Champhai,4,15,Mizoram,08-01-2014,14989.23064
4416,Kolasib,2,15,Mizoram,08-01-2014,15099.63896
4417,Mamit,1,15,Mizoram,08-01-2014,15065.95133
4418,Lunglei,6,15,Mizoram,08-01-2014,15005.7265
4419,Lawngtlai,7,15,Mizoram,08-01-2014,15040.0344
4420,Saiha,8,15,Mizoram,08-01-2014,14968.53777
4421,Serchhip,5,15,Mizoram,08-01-2014,15050.44208
4422,South Tripura,2,16,Tripura,08-01-2014,15158.47264
4423,West Tripura,1,16,Tripura,08-01-2014,15114.34822
4424,Dhalai,3,16,Tripura,08-01-2014,15053.61957
4425,North Tripura,4,16,Tripura,08-01-2014,15079.65811
4426,Ri Bhoi,5,17,Meghalaya,08-01-2014,15126.32799
4427,South Garo Hills,3,17,Meghalaya,08-01-2014,15155.63995
4428,West Garo Hills,1,17,Meghalaya,08-01-2014,15176.10751
4429,West Khasi Hills,4,17,Meghalaya,08-01-2014,15042.86177
4430,East Garo Hills,2,17,Meghalaya,08-01-2014,15160.80912
4431,East Khasi Hills,6,17,Meghalaya,08-01-2014,15020.29252
4432,Jaintia Hills,7,17,Meghalaya,08-01-2014,15057.00029
4433,Sonitpur,11,18,Assam,08-01-2014,15203.45261
4434,Sibsagar,16,18,Assam,08-01-2014,15225.32015
4435,Tinsukia,14,18,Assam,08-01-2014,15221.4631
4436,Barpeta,5,18,Assam,08-01-2014,15151.40517
4437,Bongaigaon,4,18,Assam,08-01-2014,15246.29877
4438,Cachar,21,18,Assam,08-01-2014,15187.3574
4439,Darrang,8,18,Assam,08-01-2014,15199.6295
4440,Dhemaji,13,18,Assam,08-01-2014,15204.17173
4441,Dhubri,2,18,Assam,08-01-2014,15097.48601
4442,Dibrugarh,15,18,Assam,08-01-2014,15154.69763
4443,Kamrup,6,18,Assam,08-01-2014,15194.70976
4444,Karbi Anglong,19,18,Assam,08-01-2014,15115.75362
4445,Goalpara,3,18,Assam,08-01-2014,15148.20187
4446,Golaghat,18,18,Assam,08-01-2014,15164.15187
4447,Hailakandi,23,18,Assam,08-01-2014,15186.96201
4448,Jorhat,17,18,Assam,08-01-2014,15120.05484
4449,Karimganj,22,18,Assam,08-01-2014,15214.49786
4450,Kokrajhar,1,18,Assam,08-01-2014,15269.20507
4451,Lakhimpur,12,18,Assam,08-01-2014,15212.95396
4452,Nagaon,10,18,Assam,08-01-2014,15244.87205
4453,Marigaon,9,18,Assam,08-01-2014,15132.41473
4454,Nalbari,7,18,Assam,08-01-2014,15229.24767
4455,North Cachar Hills,20,18,Assam,08-01-2014,15086.67615
4456,South  Twenty Four Parganas,18,19,West Bengal,08-01-2014,15061.04834
4457,Uttar Dinajpur,4,19,West Bengal,08-01-2014,15209.50115
4458,Barddhaman,9,19,West Bengal,08-01-2014,15156.29734
4459,Birbhum,8,19,West Bengal,08-01-2014,15113.01583
4460,Bankura,13,19,West Bengal,08-01-2014,15191.73725
4461,Dakshin Dinajpur,5,19,West Bengal,08-01-2014,15125.66165
4462,Darjiling,1,19,West Bengal,08-01-2014,15096.91431
4463,Haora,16,19,West Bengal,08-01-2014,15097.42732
4464,Hugli,12,19,West Bengal,08-01-2014,15179.8124
4465,Jalpaiguri,2,19,West Bengal,08-01-2014,15261.83812
4466,Koch Bihar,3,19,West Bengal,08-01-2014,15203.99835
4467,Murshidabad,7,19,West Bengal,08-01-2014,15112.78819
4468,Puruliya,14,19,West Bengal,08-01-2014,15143.00454
4469,Kolkata,17,19,West Bengal,08-01-2014,15009.55177
4470,Maldah,6,19,West Bengal,08-01-2014,15181.998
4471,Nadia,10,19,West Bengal,08-01-2014,15104.99634
4472,North Twenty Four Parganas,11,19,West Bengal,08-01-2014,15067.65919
4473,Medinipur,15,19,West Bengal,08-01-2014,15173.97966
4474,Ranchi,14,20,Jharkhand,08-01-2014,15141.40624
4475,Sahibganj,9,20,Jharkhand,08-01-2014,15191.03941
4476,Garhwa,1,20,Jharkhand,08-01-2014,15180.434
4477,Palamu,2,20,Jharkhand,08-01-2014,15172.26543
4478,Chatra,3,20,Jharkhand,08-01-2014,15194.09125
4479,Hazaribagh,4,20,Jharkhand,08-01-2014,15167.38664
4480,Kodarma,5,20,Jharkhand,08-01-2014,15179.72482
4481,Bokaro,13,20,Jharkhand,08-01-2014,15173.23668
4482,Deoghar,7,20,Jharkhand,08-01-2014,15337.94007
4483,Dhanbad,12,20,Jharkhand,08-01-2014,15168.10465
4484,Dumka,11,20,Jharkhand,08-01-2014,15160.20489
4485,Giridih,6,20,Jharkhand,08-01-2014,15282.39205
4486,Godda,8,20,Jharkhand,08-01-2014,15224.23683
4487,Gumla,16,20,Jharkhand,08-01-2014,15164.73651
4488,Purbi Singhbhum,18,20,Jharkhand,08-01-2014,15127.42298
4489,Lohardaga,15,20,Jharkhand,08-01-2014,15123.34274
4490,Pakaur,10,20,Jharkhand,08-01-2014,15151.84057
4491,Pashchimi Singhbhum,17,20,Jharkhand,08-01-2014,15023.63766
4492,Rayagada,27,21,Orissa,08-01-2014,15200.41172
4493,Sundargarh,5,21,Orissa,08-01-2014,15101.28168
4494,Sonapur,23,21,Orissa,08-01-2014,15179.10949
4495,Anugul,15,21,Orissa,08-01-2014,15107.80935
4496,Bhadrak,9,21,Orissa,08-01-2014,15172.01173
4497,Baudh,22,21,Orissa,08-01-2014,15105.69194
4498,Balangir,24,21,Orissa,08-01-2014,15232.19449
4499,Baleshwar,8,21,Orissa,08-01-2014,15155.67574
4500,Bargarh,1,21,Orissa,08-01-2014,15160.66449
4501,Kendrapara,10,21,Orissa,08-01-2014,15135.25118
4502,Kendujhar,6,21,Orissa,08-01-2014,15181.58189
4503,Debagarh,4,21,Orissa,08-01-2014,15101.3546
4504,Cuttack,12,21,Orissa,08-01-2014,15165.56527
4505,Dhenkanal,14,21,Orissa,08-01-2014,15166.22004
4506,Kalahandi,26,21,Orissa,08-01-2014,15184.92794
4507,Ganjam,19,21,Orissa,08-01-2014,15213.81199
4508,Gajapati,20,21,Orissa,08-01-2014,15113.85074
4509,Jajapur,13,21,Orissa,08-01-2014,15178.87701
4510,Jagatsinghapur,11,21,Orissa,08-01-2014,15152.61186
4511,Jharsuguda,2,21,Orissa,08-01-2014,15098.77138
4512,Khordha,17,21,Orissa,08-01-2014,15179.10363
4513,Mayurbhanj,7,21,Orissa,08-01-2014,15116.84601
4514,Puri,18,21,Orissa,08-01-2014,15138.48094
4515,Koraput,29,21,Orissa,08-01-2014,15167.95959
4516,Malkangiri,30,21,Orissa,08-01-2014,15132.65532
4517,Nabarangapur,28,21,Orissa,08-01-2014,15103.57145
4518,Nayagarh,16,21,Orissa,08-01-2014,15153.39904
4519,Nuapada,25,21,Orissa,08-01-2014,15213.25585
4520,Kandhamal,21,21,Orissa,08-01-2014,15099.49758
4521,Sambalpur,3,21,Orissa,08-01-2014,15151.79975
4522,Surguja,2,22,Chhattisgarh,08-01-2014,15148.70517
4523,Bilaspur,7,22,Chhattisgarh,08-01-2014,15185.78166
4524,Janjgir - Champa,6,22,Chhattisgarh,08-01-2014,15156.19993
4525,Korba,5,22,Chhattisgarh,08-01-2014,15150.28169
4526,Kawardha,8,22,Chhattisgarh,08-01-2014,15145.93967
4527,Bastar,15,22,Chhattisgarh,08-01-2014,15089.91799
4528,Dantewada,16,22,Chhattisgarh,08-01-2014,15109.56571
4529,Dhamtari,13,22,Chhattisgarh,08-01-2014,15096.46485
4530,Durg,10,22,Chhattisgarh,08-01-2014,15179.56973
4531,Kanker,14,22,Chhattisgarh,08-01-2014,15083.06864
4532,Jashpur,3,22,Chhattisgarh,08-01-2014,15129.41114
4533,Koriya,1,22,Chhattisgarh,08-01-2014,15168.5936
4534,Mahasamund,12,22,Chhattisgarh,08-01-2014,15123.11628
4535,Raigarh,4,22,Chhattisgarh,08-01-2014,15130.94023
4536,Raipur,11,22,Chhattisgarh,08-01-2014,15115.80242
4537,Rajnandgaon,9,22,Chhattisgarh,08-01-2014,15117.02285
4538,Shajapur,22,23,Madhya Pradesh,08-01-2014,15309.06324
4539,Shivpuri,6,23,Madhya Pradesh,08-01-2014,15367.60386
4540,Ratlam,20,23,Madhya Pradesh,08-01-2014,15285.05423
4541,Rewa,14,23,Madhya Pradesh,08-01-2014,15316.41429
4542,Sagar,11,23,Madhya Pradesh,08-01-2014,15290.80742
4543,Sidhi,17,23,Madhya Pradesh,08-01-2014,15280.48881
4544,Ujjain,21,23,Madhya Pradesh,08-01-2014,15202.18274
4545,Vidisha,31,23,Madhya Pradesh,08-01-2014,15340.66593
4546,West Nimar,27,23,Madhya Pradesh,08-01-2014,15402.91784
4547,Morena,2,23,Madhya Pradesh,08-01-2014,15446.08683
4548,Sheopur,1,23,Madhya Pradesh,08-01-2014,15371.63499
4549,Dindori,41,23,Madhya Pradesh,08-01-2014,15155.1126
4550,Mandla,42,23,Madhya Pradesh,08-01-2014,15158.37329
4551,Shahdol,16,23,Madhya Pradesh,08-01-2014,15291.60134
4552,Umaria,15,23,Madhya Pradesh,08-01-2014,15276.24949
4553,Bhind,3,23,Madhya Pradesh,08-01-2014,15462.03783
4554,Bhopal,32,23,Madhya Pradesh,08-01-2014,15374.76155
4555,Barwani,28,23,Madhya Pradesh,08-01-2014,15347.63103
4556,Betul,35,23,Madhya Pradesh,08-01-2014,15271.76246
4557,Balaghat,45,23,Madhya Pradesh,08-01-2014,15102.13803
4558,Chhatarpur,9,23,Madhya Pradesh,08-01-2014,15335.86956
4559,Chhindwara,43,23,Madhya Pradesh,08-01-2014,15239.69205
4560,Dewas,23,23,Madhya Pradesh,08-01-2014,15243.69826
4561,Katni,38,23,Madhya Pradesh,08-01-2014,15270.36263
4562,Datia,5,23,Madhya Pradesh,08-01-2014,15340.57175
4563,Damoh,12,23,Madhya Pradesh,08-01-2014,15338.07535
4564,Dhar,25,23,Madhya Pradesh,08-01-2014,15265.47255
4565,East Nimar,29,23,Madhya Pradesh,08-01-2014,15377.81332
4566,Guna,7,23,Madhya Pradesh,08-01-2014,15409.97984
4567,Gwalior,4,23,Madhya Pradesh,08-01-2014,15397.9557
4568,Harda,36,23,Madhya Pradesh,08-01-2014,15353.07824
4569,Hoshangabad,37,23,Madhya Pradesh,08-01-2014,15337.57478
4570,Indore,26,23,Madhya Pradesh,08-01-2014,15214.68026
4571,Jabalpur,39,23,Madhya Pradesh,08-01-2014,15269.27669
4572,Jhabua,24,23,Madhya Pradesh,08-01-2014,15194.94791
4573,Mandsaur,19,23,Madhya Pradesh,08-01-2014,15339.85211
4574,Tikamgarh,8,23,Madhya Pradesh,08-01-2014,15313.83172
4575,Narsimhapur,40,23,Madhya Pradesh,08-01-2014,15277.63659
4576,Neemuch,18,23,Madhya Pradesh,08-01-2014,15263.75996
4577,Panna,10,23,Madhya Pradesh,08-01-2014,15286.72585
4578,Raisen,34,23,Madhya Pradesh,08-01-2014,15281.19248
4579,Rajgarh,30,23,Madhya Pradesh,08-01-2014,15368.29455
4580,Satna,13,23,Madhya Pradesh,08-01-2014,15286.19187
4581,Sehore,33,23,Madhya Pradesh,08-01-2014,15292.84893
4582,Seoni,44,23,Madhya Pradesh,08-01-2014,15157.40638
4583,Sabar Kantha,5,24,Gujarat,08-01-2014,15273.65641
4584,Surendranagar,8,24,Gujarat,08-01-2014,15412.35894
4585,The Dangs,23,24,Gujarat,08-01-2014,15100.04239
4586,Vadodara,19,24,Gujarat,08-01-2014,15173.85288
4587,Valsad,25,24,Gujarat,08-01-2014,15044.99237
4588,Bharuch,21,24,Gujarat,08-01-2014,15168.90938
4589,Surat,22,24,Gujarat,08-01-2014,15163.87171
4590,Anand,15,24,Gujarat,08-01-2014,15182.51683
4591,Ahmadabad,7,24,Gujarat,08-01-2014,15319.21815
4592,Amreli,13,24,Gujarat,08-01-2014,15378.60085
4593,Bhavnagar,14,24,Gujarat,08-01-2014,15331.94553
4594,Banas Kantha,2,24,Gujarat,08-01-2014,15402.85138
4595,Dohad,18,24,Gujarat,08-01-2014,15192.10249
4596,Junagadh,12,24,Gujarat,08-01-2014,15131.24232
4597,Kachchh,1,24,Gujarat,08-01-2014,15497.04475
4598,Gandhinagar,6,24,Gujarat,08-01-2014,15335.07837
4599,Jamnagar,10,24,Gujarat,08-01-2014,15344.7886
4600,Kheda,16,24,Gujarat,08-01-2014,15307.1178
4601,Mahesana,4,24,Gujarat,08-01-2014,15376.01885
4602,Narmada,20,24,Gujarat,08-01-2014,15109.0552
4603,Navsari,24,24,Gujarat,08-01-2014,15067.28767
4604,Panch Mahals,17,24,Gujarat,08-01-2014,15236.10952
4605,Patan,3,24,Gujarat,08-01-2014,15492.80124
4606,Porbandar,11,24,Gujarat,08-01-2014,15164.13173
4607,Rajkot,9,24,Gujarat,08-01-2014,15373.109
4608,Daman,2,25,Daman & Diu,08-01-2014,15160.22237
4609,Diu,1,25,Daman & Diu,08-01-2014,15055.38521
4610,Dadra & Nagar Haveli,1,26,Dadara & Nagar Havelli,08-01-2014,15026.5463
4611,Ratnagiri,32,27,Maharashtra,08-01-2014,15035.88076
4612,Raigarh,24,27,Maharashtra,08-01-2014,15017.58156
4613,Thane,21,27,Maharashtra,08-01-2014,15054.76733
4614,Solapur,30,27,Maharashtra,08-01-2014,15441.34662
4615,Sindhudurg,33,27,Maharashtra,08-01-2014,15023.27802
4616,Wardha,8,27,Maharashtra,08-01-2014,15494.87822
4617,Washim,6,27,Maharashtra,08-01-2014,15443.96103
4618,Yavatmal,14,27,Maharashtra,08-01-2014,15494.16522
4619,Aurangabad,19,27,Maharashtra,08-01-2014,15390.12791
4620,Ahmadnagar,26,27,Maharashtra,08-01-2014,15360.62615
4621,Akola,5,27,Maharashtra,08-01-2014,15575.48817
4622,Amravati,7,27,Maharashtra,08-01-2014,15460.33806
4623,Bid,27,27,Maharashtra,08-01-2014,15402.3744
4624,Bhandara,10,27,Maharashtra,08-01-2014,15123.13727
4625,Buldana,4,27,Maharashtra,08-01-2014,15470.66919
4626,Chandrapur,13,27,Maharashtra,08-01-2014,15296.47527
4627,Dhule,2,27,Maharashtra,08-01-2014,15413.28867
4628,Gadchiroli,12,27,Maharashtra,08-01-2014,15090.4881
4629,Gondiya,11,27,Maharashtra,08-01-2014,15067.70388
4630,Hingoli,16,27,Maharashtra,08-01-2014,15504.9435
4631,Jalgaon,3,27,Maharashtra,08-01-2014,15478.77865
4632,Jalna,18,27,Maharashtra,08-01-2014,15445.85035
4633,Kolhapur,34,27,Maharashtra,08-01-2014,15036.3953
4634,Latur,28,27,Maharashtra,08-01-2014,15404.37743
4635,Pune,25,27,Maharashtra,08-01-2014,15249.70386
4636,Nagpur,9,27,Maharashtra,08-01-2014,15358.78768
4637,Mumbai,23,27,Maharashtra,08-01-2014,15126.66722
4638,Mumbai (Suburban),22,27,Maharashtra,08-01-2014,14965.86551
4639,Nanded,15,27,Maharashtra,08-01-2014,15549.11798
4640,Nandurbar,1,27,Maharashtra,08-01-2014,15305.27018
4641,Nashik,20,27,Maharashtra,08-01-2014,15309.30602
4642,Osmanabad,29,27,Maharashtra,08-01-2014,15399.36785
4643,Parbhani,17,27,Maharashtra,08-01-2014,15550.21011
4644,Sangli,35,27,Maharashtra,08-01-2014,15217.88335
4645,Satara,31,27,Maharashtra,08-01-2014,15159.36261
4646,Rangareddi,6,28,Andhra Pradesh,08-01-2014,15377.51779
4647,Srikakulam,11,28,Andhra Pradesh,08-01-2014,15261.20453
4648,West Godavari,15,28,Andhra Pradesh,08-01-2014,15204.09035
4649,Visakhapatnam,13,28,Andhra Pradesh,08-01-2014,15206.0015
4650,Vizianagaram,12,28,Andhra Pradesh,08-01-2014,15275.78094
4651,Warangal,9,28,Andhra Pradesh,08-01-2014,15293.01394
4652,Anantapur,22,28,Andhra Pradesh,08-01-2014,15582.96309
4653,Adilabad,1,28,Andhra Pradesh,08-01-2014,15356.0262
4654,Chittoor,23,28,Andhra Pradesh,08-01-2014,15367.6124
4655,Cuddapah,20,28,Andhra Pradesh,08-01-2014,15671.50921
4656,East Godavari,14,28,Andhra Pradesh,08-01-2014,15209.47385
4657,Karimnagar,3,28,Andhra Pradesh,08-01-2014,15323.13818
4658,Guntur,17,28,Andhra Pradesh,08-01-2014,15655.27941
4659,Hyderabad,5,28,Andhra Pradesh,08-01-2014,15428.47593
4660,Khammam,10,28,Andhra Pradesh,08-01-2014,15286.76317
4661,Medak,4,28,Andhra Pradesh,08-01-2014,15349.86134
4662,Krishna,16,28,Andhra Pradesh,08-01-2014,15390.69261
4663,Kurnool,21,28,Andhra Pradesh,08-01-2014,15523.97251
4664,Mahbubnagar,7,28,Andhra Pradesh,08-01-2014,15431.0784
4665,Nalgonda,8,28,Andhra Pradesh,08-01-2014,15570.79233
4666,Nellore,19,28,Andhra Pradesh,08-01-2014,15552.56398
4667,Nizamabad,2,28,Andhra Pradesh,08-01-2014,15286.30442
4668,Prakasam,18,28,Andhra Pradesh,08-01-2014,15626.88258
4669,Shimoga,15,29,Karnataka,08-01-2014,15050.09322
4670,Tumkur,18,29,Karnataka,08-01-2014,15277.60721
4671,Udupi,16,29,Karnataka,08-01-2014,15042.53732
4672,Uttara Kannada,10,29,Karnataka,08-01-2014,15031.4122
4673,Bagalkot,2,29,Karnataka,08-01-2014,15208.50837
4674,Bangalore,20,29,Karnataka,08-01-2014,15150.1015
4675,Bidar,5,29,Karnataka,08-01-2014,15443.755
4676,Bijapur,3,29,Karnataka,08-01-2014,15386.33946
4677,Belgaum,1,29,Karnataka,08-01-2014,15131.1763
4678,Bellary,12,29,Karnataka,08-01-2014,15271.3221
4679,Bangalore Rural,21,29,Karnataka,08-01-2014,15183.10898
4680,Chamarajanagar,27,29,Karnataka,08-01-2014,15219.17035
4681,Chikmagalur,17,29,Karnataka,08-01-2014,15020.28595
4682,Chitradurga,13,29,Karnataka,08-01-2014,15204.20048
4683,Dakshina Kannada,24,29,Karnataka,08-01-2014,15062.18275
4684,Davanagere,14,29,Karnataka,08-01-2014,15135.70422
4685,Dharwad,9,29,Karnataka,08-01-2014,15155.44521
4686,Gulbarga,4,29,Karnataka,08-01-2014,15543.58294
4687,Gadag,8,29,Karnataka,08-01-2014,15232.55369
4688,Hassan,23,29,Karnataka,08-01-2014,15022.39203
4689,Haveri,11,29,Karnataka,08-01-2014,15134.4918
4690,Kodagu,25,29,Karnataka,08-01-2014,14931.50058
4691,Kolar,19,29,Karnataka,08-01-2014,15341.68707
4692,Mandya,22,29,Karnataka,08-01-2014,15119.62
4693,Koppal,7,29,Karnataka,08-01-2014,15244.34306
4694,Mysore,26,29,Karnataka,08-01-2014,15040.04811
4695,Raichur,6,29,Karnataka,08-01-2014,15368.32037
4696,South Goa,2,30,Goa,08-01-2014,15008.5005
4697,North Goa,1,30,Goa,08-01-2014,14933.48164
4698,Lakshadweep,1,31,Lakshadweep,08-01-2014,15023
4699,Thrissur,7,32,Kerala,08-01-2014,15043.30349
4700,Thiruvananthapuram,14,32,Kerala,08-01-2014,15035.26756
4701,Wayanad,3,32,Kerala,08-01-2014,14987.61262
4702,Alappuzha,11,32,Kerala,08-01-2014,15053.855
4703,Kasaragod,1,32,Kerala,08-01-2014,15056.31855
4704,Kannur,2,32,Kerala,08-01-2014,15130.81108
4705,Ernakulam,8,32,Kerala,08-01-2014,15137.54042
4706,Idukki,9,32,Kerala,08-01-2014,14905.82875
4707,Kollam,13,32,Kerala,08-01-2014,15012.66073
4708,Kottayam,10,32,Kerala,08-01-2014,15115.265
4709,Kozhikode,4,32,Kerala,08-01-2014,15132.66395
4710,Malappuram,5,32,Kerala,08-01-2014,15122.95544
4711,Palakkad,6,32,Kerala,08-01-2014,15053.40674
4712,Pathanamthitta,12,32,Kerala,08-01-2014,14984.60052
4713,Sivaganga,23,33,Tamil Nadu,08-01-2014,15662.37355
4714,Tiruchirappalli,15,33,Tamil Nadu,08-01-2014,15667.90479
4715,Tirunelveli,29,33,Tamil Nadu,08-01-2014,15487.8026
4716,Tiruvannamalai,6,33,Tamil Nadu,08-01-2014,15368.23086
4717,Thoothukkudi,28,33,Tamil Nadu,08-01-2014,15937.422
4718,Theni,25,33,Tamil Nadu,08-01-2014,15353.53322
4719,Vellore,4,33,Tamil Nadu,08-01-2014,15305.63726
4720,Viluppuram,7,33,Tamil Nadu,08-01-2014,15447.27012
4721,Virudhunagar,26,33,Tamil Nadu,08-01-2014,15854.82759
4722,Chennai,2,33,Tamil Nadu,08-01-2014,15440.89829
4723,Kancheepuram,3,33,Tamil Nadu,08-01-2014,15381.52173
4724,Thiruvallur,1,33,Tamil Nadu,08-01-2014,15393.3833
4725,Thanjavur,21,33,Tamil Nadu,08-01-2014,15495.96364
4726,Thiruvarur,20,33,Tamil Nadu,08-01-2014,15552.35428
4727,Nagapattinam,19,33,Tamil Nadu,08-01-2014,15435.16838
4728,Ariyalur,17,33,Tamil Nadu,08-01-2014,15537.56402
4729,Coimbatore,12,33,Tamil Nadu,08-01-2014,15400.44123
4730,Cuddalore,18,33,Tamil Nadu,08-01-2014,15411.20749
4731,Dharmapuri,5,33,Tamil Nadu,08-01-2014,15391.67102
4732,Dindigul,13,33,Tamil Nadu,08-01-2014,15353.09049
4733,Erode,10,33,Tamil Nadu,08-01-2014,15478.53922
4734,Kanniyakumari,30,33,Tamil Nadu,08-01-2014,15048.15113
4735,Karur,14,33,Tamil Nadu,08-01-2014,15597.90751
4736,Madurai,24,33,Tamil Nadu,08-01-2014,15669.21883
4737,Namakkal,9,33,Tamil Nadu,08-01-2014,15524.77153
4738,The Nilgiris,11,33,Tamil Nadu,08-01-2014,14860.96687
4739,Perambalur,16,33,Tamil Nadu,08-01-2014,15672.59172
4740,Pudukkottai,22,33,Tamil Nadu,08-01-2014,15584.53619
4741,Ramanathapuram,27,33,Tamil Nadu,08-01-2014,15824.92458
4742,Salem,8,33,Tamil Nadu,08-01-2014,15473.62466
4743,Yanam,1,34,Puducherry,08-01-2014,15451.38012
4744,Karaikal,4,34,Puducherry,08-01-2014,15599.38268
4745,Mahe,3,34,Puducherry,08-01-2014,15045.54249
4746,Pondicherry,2,34,Puducherry,08-01-2014,15281.58764
4747,Nicobars,2,35,Andaman & Nicobar Island,08-01-2014,14974.35795
4748,Andamans,1,35,Andaman & Nicobar Island,08-01-2014,14954.2806
4749,Data Not Available,99,99,Jammu and Kashmir,08-01-2014,14673.96967
4750,Jammu,13,1,Jammu and Kashmir,09-01-2014,15088.13035
4751,Kargil,8,1,Jammu and Kashmir,09-01-2014,14562.06995
4752,Kathua,14,1,Jammu and Kashmir,09-01-2014,14975.23625
4753,Leh (Ladakh),7,1,Jammu and Kashmir,09-01-2014,14597.51347
4754,Kupwara,1,1,Jammu and Kashmir,09-01-2014,14707.21285
4755,Punch,11,1,Jammu and Kashmir,09-01-2014,14814.9462
4756,Pulwama,5,1,Jammu and Kashmir,09-01-2014,14791.33637
4757,Rajauri,12,1,Jammu and Kashmir,09-01-2014,14930.64983
4758,Srinagar,3,1,Jammu and Kashmir,09-01-2014,14608.83076
4759,Udhampur,10,1,Jammu and Kashmir,09-01-2014,14842.51931
4760,Anantnag,6,1,Jammu and Kashmir,09-01-2014,14621.27249
4761,Badgam,4,1,Jammu and Kashmir,09-01-2014,14738.28796
4762,Baramula,2,1,Jammu and Kashmir,09-01-2014,14662.71699
4763,Doda,9,1,Jammu and Kashmir,09-01-2014,14494.93122
4764,Kangra,2,2,Himachal Pradesh,09-01-2014,14859.75548
4765,Kinnaur,12,2,Himachal Pradesh,09-01-2014,14612.47198
4766,Lahul & Spiti,3,2,Himachal Pradesh,09-01-2014,14529.21123
4767,Kullu,4,2,Himachal Pradesh,09-01-2014,14455.43384
4768,Mandi,5,2,Himachal Pradesh,09-01-2014,14829.95538
4769,Shimla,11,2,Himachal Pradesh,09-01-2014,14698.34221
4770,Sirmaur,10,2,Himachal Pradesh,09-01-2014,14945.06167
4771,Solan,9,2,Himachal Pradesh,09-01-2014,14974.24804
4772,Una,7,2,Himachal Pradesh,09-01-2014,15044.34577
4773,Bilaspur,8,2,Himachal Pradesh,09-01-2014,14996.29445
4774,Chamba,1,2,Himachal Pradesh,09-01-2014,14636.15653
4775,Hamirpur,6,2,Himachal Pradesh,09-01-2014,15003.00963
4776,Jalandhar,4,3,Punjab,09-01-2014,15114.41606
4777,Kapurthala,3,3,Punjab,09-01-2014,15088.91013
4778,Ludhiana,9,3,Punjab,09-01-2014,15101.0265
4779,Mansa,15,3,Punjab,09-01-2014,15149.86864
4780,Moga,10,3,Punjab,09-01-2014,15073.15173
4781,Muktsar,12,3,Punjab,09-01-2014,15105.82305
4782,Nawanshahr,6,3,Punjab,09-01-2014,15114.55964
4783,Patiala,17,3,Punjab,09-01-2014,15109.44563
4784,Sangrur,16,3,Punjab,09-01-2014,15078.98033
4785,Hoshiarpur,5,3,Punjab,09-01-2014,15129.87971
4786,Rupnagar,7,3,Punjab,09-01-2014,15143.27076
4787,Amritsar,2,3,Punjab,09-01-2014,15102.48707
4788,Firozpur,11,3,Punjab,09-01-2014,15106.35638
4789,Bathinda,14,3,Punjab,09-01-2014,15137.2396
4790,Gurdaspur,1,3,Punjab,09-01-2014,15091.90666
4791,Faridkot,13,3,Punjab,09-01-2014,15100.58769
4792,Fatehgarh Sahib,8,3,Punjab,09-01-2014,15091.58923
4793,Chandigarh,1,4,Chandigarh,09-01-2014,15293.78312
4794,Nainital,11,5,Uttarakhand,09-01-2014,14978.23992
4795,Pithoragarh,7,5,Uttarakhand,09-01-2014,14495.50413
4796,Hardwar,13,5,Uttarakhand,09-01-2014,15107.24139
4797,Rudraprayag,3,5,Uttarakhand,09-01-2014,14519.25116
4798,Tehri Garhwal,4,5,Uttarakhand,09-01-2014,14741.02831
4799,Udham Singh Nagar,12,5,Uttarakhand,09-01-2014,15108.066
4800,Uttarkashi,1,5,Uttarakhand,09-01-2014,14527.74131
4801,Bageshwar,8,5,Uttarakhand,09-01-2014,14653.86205
4802,Almora,9,5,Uttarakhand,09-01-2014,14929.09366
4803,Chamoli,2,5,Uttarakhand,09-01-2014,14437.19542
4804,Champawat,10,5,Uttarakhand,09-01-2014,14928.9173
4805,Dehradun,5,5,Uttarakhand,09-01-2014,14959.75044
4806,Garhwal,6,5,Uttarakhand,09-01-2014,14908.57503
4807,Jind,9,6,Haryana,09-01-2014,15154.82826
4808,Kaithal,5,6,Haryana,09-01-2014,15098.3365
4809,Karnal,6,6,Haryana,09-01-2014,15111.3531
4810,Kurukshetra,4,6,Haryana,09-01-2014,15114.42506
4811,Panchkula,1,6,Haryana,09-01-2014,15102.40954
4812,Panipat,7,6,Haryana,09-01-2014,15123.1485
4813,Hisar,12,6,Haryana,09-01-2014,15351.17189
4814,Rohtak,14,6,Haryana,09-01-2014,15261.39915
4815,Sirsa,11,6,Haryana,09-01-2014,15246.16015
4816,Sonipat,8,6,Haryana,09-01-2014,15187.24844
4817,Yamunanagar,3,6,Haryana,09-01-2014,15116.54961
4818,Jhajjar,15,6,Haryana,09-01-2014,15411.72982
4819,Mahendragarh,16,6,Haryana,09-01-2014,15565.9897
4820,Rewari,17,6,Haryana,09-01-2014,15544.02327
4821,Bhiwani,13,6,Haryana,09-01-2014,15476.06588
4822,Ambala,2,6,Haryana,09-01-2014,15137.15837
4823,Gurgaon,18,6,Haryana,09-01-2014,15428.77287
4824,Faridabad,19,6,Haryana,09-01-2014,15297.29767
4825,Fatehabad,10,6,Haryana,09-01-2014,15176.46499
4826,Central,6,7,Delhi  & NCR,09-01-2014,15362.88629
4827,East,4,7,Delhi  & NCR,09-01-2014,15357.04844
4828,New Delhi,5,7,Delhi  & NCR,09-01-2014,15300.09929
4829,North,2,7,Delhi  & NCR,09-01-2014,15351.67806
4830,North East,3,7,Delhi  & NCR,09-01-2014,15388.12805
4831,North West,1,7,Delhi  & NCR,09-01-2014,15403.22217
4832,South,9,7,Delhi  & NCR,09-01-2014,15344.47696
4833,South West,8,7,Delhi  & NCR,09-01-2014,15431.69685
4834,West,7,7,Delhi  & NCR,09-01-2014,15434.21709
4835,Jaipur,12,8,Rajasthan,09-01-2014,15390.64192
4836,Jaisalmer,16,8,Rajasthan,09-01-2014,15959.45737
4837,Jalor,18,8,Rajasthan,09-01-2014,15449.06608
4838,Jhalawar,32,8,Rajasthan,09-01-2014,15282.73332
4839,Jhunjhunun,5,8,Rajasthan,09-01-2014,15486.9543
4840,Jodhpur,15,8,Rajasthan,09-01-2014,15600.68829
4841,Kota,30,8,Rajasthan,09-01-2014,15378.1676
4842,Nagaur,14,8,Rajasthan,09-01-2014,15444.49011
4843,Pali,20,8,Rajasthan,09-01-2014,15346.18431
4844,Rajsamand,25,8,Rajasthan,09-01-2014,15181.59331
4845,Sawai Madhopur,10,8,Rajasthan,09-01-2014,15443.96732
4846,Sirohi,19,8,Rajasthan,09-01-2014,15295.43637
4847,Tonk,22,8,Rajasthan,09-01-2014,15481.33546
4848,Sikar,13,8,Rajasthan,09-01-2014,15406.92972
4849,Alwar,6,8,Rajasthan,09-01-2014,15383.5629
4850,Udaipur,26,8,Rajasthan,09-01-2014,15166.12278
4851,Ganganagar,1,8,Rajasthan,09-01-2014,15450.62476
4852,Hanumangarh,2,8,Rajasthan,09-01-2014,15451.40836
4853,Baran,31,8,Rajasthan,09-01-2014,15424.2492
4854,Ajmer,21,8,Rajasthan,09-01-2014,15313.39099
4855,Banswara,28,8,Rajasthan,09-01-2014,15196.96994
4856,Barmer,17,8,Rajasthan,09-01-2014,15684.66916
4857,Bhilwara,24,8,Rajasthan,09-01-2014,15292.66644
4858,Bikaner,3,8,Rajasthan,09-01-2014,15772.19444
4859,Bharatpur,7,8,Rajasthan,09-01-2014,15494.80568
4860,Bundi,23,8,Rajasthan,09-01-2014,15337.10256
4861,Chittaurgarh,29,8,Rajasthan,09-01-2014,15222.72316
4862,Churu,4,8,Rajasthan,09-01-2014,15573.2512
4863,Dausa,11,8,Rajasthan,09-01-2014,15394.12089
4864,Dhaulpur,8,8,Rajasthan,09-01-2014,15416.80988
4865,Dungarpur,27,8,Rajasthan,09-01-2014,15198.81741
4866,Karauli,9,8,Rajasthan,09-01-2014,15392.49155
4867,Jalaun,35,9,Uttar Pradesh,09-01-2014,15437.78654
4868,Jaunpur,64,9,Uttar Pradesh,09-01-2014,15203.33658
4869,Jhansi,36,9,Uttar Pradesh,09-01-2014,15413.14154
4870,Jyotiba Phule Nagar,6,9,Uttar Pradesh,09-01-2014,15192.26312
4871,Kannauj,30,9,Uttar Pradesh,09-01-2014,15359.31017
4872,Kanpur Nagar,34,9,Uttar Pradesh,09-01-2014,15378.90832
4873,Kaushambi,44,9,Uttar Pradesh,09-01-2014,15299.02459
4874,Kheri,23,9,Uttar Pradesh,09-01-2014,15135.31558
4875,Mirzapur,69,9,Uttar Pradesh,09-01-2014,15227.7459
4876,Moradabad,4,9,Uttar Pradesh,09-01-2014,15157.69301
4877,Muzaffarnagar,2,9,Uttar Pradesh,09-01-2014,15152.05043
4878,Rae Bareli,28,9,Uttar Pradesh,09-01-2014,15233.96489
4879,Kushinagar,59,9,Uttar Pradesh,09-01-2014,15067.62668
4880,Lucknow,27,9,Uttar Pradesh,09-01-2014,15245.99
4881,Lalitpur,37,9,Uttar Pradesh,09-01-2014,15311.38047
4882,Mahrajganj,57,9,Uttar Pradesh,09-01-2014,15063.11793
4883,Mahoba,39,9,Uttar Pradesh,09-01-2014,15460.41613
4884,Mainpuri,18,9,Uttar Pradesh,09-01-2014,15252.81942
4885,Mathura,14,9,Uttar Pradesh,09-01-2014,15313.16591
4886,Mau,62,9,Uttar Pradesh,09-01-2014,15158.31638
4887,Meerut,7,9,Uttar Pradesh,09-01-2014,15202.10438
4888,Pilibhit,21,9,Uttar Pradesh,09-01-2014,15099.21214
4889,Pratapgarh,43,9,Uttar Pradesh,09-01-2014,15230.42004
4890,Rampur,5,9,Uttar Pradesh,09-01-2014,15141.14192
4891,Sant Ravidas Nagar Bhadohi,68,9,Uttar Pradesh,09-01-2014,15217.24723
4892,Sant Kabir Nagar,56,9,Uttar Pradesh,09-01-2014,15113.01625
4893,Shahjahanpur,22,9,Uttar Pradesh,09-01-2014,15168.43008
4894,Hathras,13,9,Uttar Pradesh,09-01-2014,15386.31946
4895,Shrawasti,51,9,Uttar Pradesh,09-01-2014,15107.27411
4896,Saharanpur,1,9,Uttar Pradesh,09-01-2014,15122.30899
4897,Sitapur,24,9,Uttar Pradesh,09-01-2014,15176.73735
4898,Sultanpur,49,9,Uttar Pradesh,09-01-2014,15186.26146
4899,Sonbhadra,70,9,Uttar Pradesh,09-01-2014,15186.2779
4900,Siddharthnagar,54,9,Uttar Pradesh,09-01-2014,15078.00796
4901,Unnao,26,9,Uttar Pradesh,09-01-2014,15287.90972
4902,Varanasi,67,9,Uttar Pradesh,09-01-2014,15218.03351
4903,Bulandshahr,11,9,Uttar Pradesh,09-01-2014,15237.44282
4904,Gautam Buddha Nagar,10,9,Uttar Pradesh,09-01-2014,15287.71485
4905,Ghaziabad,9,9,Uttar Pradesh,09-01-2014,15253.0148
4906,Auraiya,32,9,Uttar Pradesh,09-01-2014,15250.53297
4907,Azamgarh,61,9,Uttar Pradesh,09-01-2014,15144.20193
4908,Budaun,19,9,Uttar Pradesh,09-01-2014,15257.12927
4909,Agra,15,9,Uttar Pradesh,09-01-2014,15397.11265
4910,Aligarh,12,9,Uttar Pradesh,09-01-2014,15253.13651
4911,Allahabad,45,9,Uttar Pradesh,09-01-2014,15257.94952
4912,Ambedkar Nagar,48,9,Uttar Pradesh,09-01-2014,15140.61526
4913,Bareilly,20,9,Uttar Pradesh,09-01-2014,15159.93735
4914,Bijnor,3,9,Uttar Pradesh,09-01-2014,15122.07031
4915,Basti,55,9,Uttar Pradesh,09-01-2014,15110.29429
4916,Baghpat,8,9,Uttar Pradesh,09-01-2014,15201.14266
4917,Bahraich,50,9,Uttar Pradesh,09-01-2014,15118.12786
4918,Ballia,63,9,Uttar Pradesh,09-01-2014,15166.20452
4919,Balrampur,52,9,Uttar Pradesh,09-01-2014,15121.14287
4920,Banda,40,9,Uttar Pradesh,09-01-2014,15433.56283
4921,Barabanki,46,9,Uttar Pradesh,09-01-2014,15152.03249
4922,Chitrakoot,41,9,Uttar Pradesh,09-01-2014,15358.75113
4923,Chandauli,66,9,Uttar Pradesh,09-01-2014,15161.15259
4924,Deoria,60,9,Uttar Pradesh,09-01-2014,15097.20939
4925,Etah,17,9,Uttar Pradesh,09-01-2014,15278.12443
4926,Kanpur Dehat,33,9,Uttar Pradesh,09-01-2014,15322.27401
4927,Etawah,31,9,Uttar Pradesh,09-01-2014,15251.31649
4928,Faizabad,47,9,Uttar Pradesh,09-01-2014,15148.05389
4929,Ghazipur,65,9,Uttar Pradesh,09-01-2014,15171.05687
4930,Gonda,53,9,Uttar Pradesh,09-01-2014,15133.60407
4931,Gorakhpur,58,9,Uttar Pradesh,09-01-2014,15124.25943
4932,Farrukhabad,29,9,Uttar Pradesh,09-01-2014,15338.84809
4933,Fatehpur,42,9,Uttar Pradesh,09-01-2014,15378.9207
4934,Firozabad,16,9,Uttar Pradesh,09-01-2014,15344.18232
4935,Hamirpur,38,9,Uttar Pradesh,09-01-2014,15483.12007
4936,Hardoi,25,9,Uttar Pradesh,09-01-2014,15256.55868
4937,Jamui,37,10,Bihar,09-01-2014,15156.66389
4938,Kishanganj,8,10,Bihar,09-01-2014,15076.4155
4939,Muzaffarpur,14,10,Bihar,09-01-2014,15106.22114
4940,Purnia,9,10,Bihar,09-01-2014,15085.98828
4941,Khagaria,21,10,Bihar,09-01-2014,15125.81153
4942,Madhubani,5,10,Bihar,09-01-2014,15094.84344
4943,Lakhisarai,25,10,Bihar,09-01-2014,15134.40693
4944,Madhepura,11,10,Bihar,09-01-2014,15088.64823
4945,Purba Champaran,2,10,Bihar,09-01-2014,15072.95903
4946,Munger,24,10,Bihar,09-01-2014,15110.97189
4947,Nalanda,27,10,Bihar,09-01-2014,15117.7679
4948,Nawada,36,10,Bihar,09-01-2014,15113.82615
4949,Pashchim Champaran,1,10,Bihar,09-01-2014,15076.62194
4950,Patna,28,10,Bihar,09-01-2014,15144.08225
4951,Samastipur,19,10,Bihar,09-01-2014,15134.15865
4952,Sheikhpura,26,10,Bihar,09-01-2014,15104.77641
4953,Sheohar,3,10,Bihar,09-01-2014,15109.56813
4954,Saharsa,12,10,Bihar,09-01-2014,15069.87614
4955,Sitamarhi,4,10,Bihar,09-01-2014,15096.68592
4956,Siwan,16,10,Bihar,09-01-2014,15115.48359
4957,Supaul,6,10,Bihar,09-01-2014,15080.29149
4958,Vaishali,18,10,Bihar,09-01-2014,15116.51026
4959,Kaimur (Bhabua),31,10,Bihar,09-01-2014,15181.14351
4960,Gaya,35,10,Bihar,09-01-2014,15148.46846
4961,Bhojpur,29,10,Bihar,09-01-2014,15162.71679
4962,Buxar,30,10,Bihar,09-01-2014,15187.9912
4963,Jehanabad,33,10,Bihar,09-01-2014,15119.94854
4964,Rohtas,32,10,Bihar,09-01-2014,15128.57963
4965,Araria,7,10,Bihar,09-01-2014,15068.5463
4966,Aurangabad,34,10,Bihar,09-01-2014,15147.41737
4967,Banka,23,10,Bihar,09-01-2014,15115.56024
4968,Bhagalpur,22,10,Bihar,09-01-2014,15102.81482
4969,Begusarai,20,10,Bihar,09-01-2014,15189.8449
4970,Saran,17,10,Bihar,09-01-2014,15122.6219
4971,Katihar,10,10,Bihar,09-01-2014,15095.00619
4972,Darbhanga,13,10,Bihar,09-01-2014,15117.63731
4973,Gopalganj,15,10,Bihar,09-01-2014,15092.1124
4974,North,1,11,Sikkim,09-01-2014,14091.19021
4975,South,3,11,Sikkim,09-01-2014,14676.73218
4976,West,2,11,Sikkim,09-01-2014,14388.70745
4977,East,4,11,Sikkim,09-01-2014,14544.59411
4978,Lohit,11,12,Arunanchal Pradesh,09-01-2014,14609.90986
4979,Lower Subansiri,5,12,Arunanchal Pradesh,09-01-2014,14559.5669
4980,Papum Pare,4,12,Arunanchal Pradesh,09-01-2014,14788.95311
4981,Tawang,1,12,Arunanchal Pradesh,09-01-2014,14259.52003
4982,Tirap,13,12,Arunanchal Pradesh,09-01-2014,14950.46238
4983,West Kameng,2,12,Arunanchal Pradesh,09-01-2014,14568.75673
4984,West Siang,7,12,Arunanchal Pradesh,09-01-2014,14709.22544
4985,Upper Siang,9,12,Arunanchal Pradesh,09-01-2014,14578.0247
4986,Upper Subansiri,6,12,Arunanchal Pradesh,09-01-2014,14537.18345
4987,Changlang,12,12,Arunanchal Pradesh,09-01-2014,14873.03693
4988,Dibang Valley,10,12,Arunanchal Pradesh,09-01-2014,14483.38297
4989,East Kameng,3,12,Arunanchal Pradesh,09-01-2014,14626.18885
4990,East Siang,8,12,Arunanchal Pradesh,09-01-2014,14919.47317
4991,Mokokchung,3,13,Nagaland,09-01-2014,14987.70679
4992,Mon,1,13,Nagaland,09-01-2014,14983.10986
4993,Phek,8,13,Nagaland,09-01-2014,14826.46003
4994,Tuensang,2,13,Nagaland,09-01-2014,14837.30791
4995,Wokha,5,13,Nagaland,09-01-2014,14972.69617
4996,Zunheboto,4,13,Nagaland,09-01-2014,14865.74218
4997,Dimapur,6,13,Nagaland,09-01-2014,15081.14892
4998,Kohima,7,13,Nagaland,09-01-2014,14906.56902
4999,Imphal East,7,14,Manipur,09-01-2014,15023.47631
5000,Imphal West,6,14,Manipur,09-01-2014,15044.66381
5001,Senapati (Excl. 3 sub-divisions),1,14,Manipur,09-01-2014,14854.30535
5002,Tamenglong,2,14,Manipur,09-01-2014,14936.64186
5003,Thoubal,5,14,Manipur,09-01-2014,14980.66109
5004,Ukhrul,8,14,Manipur,09-01-2014,14872.25029
5005,Bishnupur,4,14,Manipur,09-01-2014,14947.97545
5006,Chandel,9,14,Manipur,09-01-2014,14919.25612
5007,Churachandpur,3,14,Manipur,09-01-2014,14932.25889
5008,Kolasib,2,15,Mizoram,09-01-2014,15001.11675
5009,Mamit,1,15,Mizoram,09-01-2014,14994.9583
5010,Lunglei,6,15,Mizoram,09-01-2014,14987.30189
5011,Lawngtlai,7,15,Mizoram,09-01-2014,15016.46962
5012,Saiha,8,15,Mizoram,09-01-2014,14934.59265
5013,Serchhip,5,15,Mizoram,09-01-2014,14959.4224
5014,Aizawl,3,15,Mizoram,09-01-2014,14960.43216
5015,Champhai,4,15,Mizoram,09-01-2014,14909.17967
5016,North Tripura,4,16,Tripura,09-01-2014,15097.88809
5017,South Tripura,2,16,Tripura,09-01-2014,15091.13826
5018,West Tripura,1,16,Tripura,09-01-2014,15122.10517
5019,Dhalai,3,16,Tripura,09-01-2014,15091.01889
5020,Jaintia Hills,7,17,Meghalaya,09-01-2014,14947.10538
5021,Ri Bhoi,5,17,Meghalaya,09-01-2014,14986.16832
5022,South Garo Hills,3,17,Meghalaya,09-01-2014,15047.00572
5023,West Garo Hills,1,17,Meghalaya,09-01-2014,15045.39335
5024,West Khasi Hills,4,17,Meghalaya,09-01-2014,14913.899
5025,East Garo Hills,2,17,Meghalaya,09-01-2014,15039.65665
5026,East Khasi Hills,6,17,Meghalaya,09-01-2014,14901.92047
5027,Jorhat,17,18,Assam,09-01-2014,15013.41332
5028,Karimganj,22,18,Assam,09-01-2014,15092.77469
5029,Kokrajhar,1,18,Assam,09-01-2014,15088.06213
5030,Lakhimpur,12,18,Assam,09-01-2014,15069.22318
5031,Nagaon,10,18,Assam,09-01-2014,15106.76165
5032,Marigaon,9,18,Assam,09-01-2014,15120.93272
5033,Nalbari,7,18,Assam,09-01-2014,15111.20947
5034,North Cachar Hills,20,18,Assam,09-01-2014,14985.92818
5035,Sonitpur,11,18,Assam,09-01-2014,15076.89801
5036,Sibsagar,16,18,Assam,09-01-2014,15040.87492
5037,Tinsukia,14,18,Assam,09-01-2014,15084.80814
5038,Barpeta,5,18,Assam,09-01-2014,15086.81749
5039,Bongaigaon,4,18,Assam,09-01-2014,15113.20699
5040,Cachar,21,18,Assam,09-01-2014,15072.25036
5041,Darrang,8,18,Assam,09-01-2014,15091.00752
5042,Dhemaji,13,18,Assam,09-01-2014,15080.30366
5043,Dhubri,2,18,Assam,09-01-2014,15083.6136
5044,Dibrugarh,15,18,Assam,09-01-2014,15050.65468
5045,Kamrup,6,18,Assam,09-01-2014,15105.00127
5046,Karbi Anglong,19,18,Assam,09-01-2014,15012.7997
5047,Goalpara,3,18,Assam,09-01-2014,15091.87302
5048,Golaghat,18,18,Assam,09-01-2014,15049.76269
5049,Hailakandi,23,18,Assam,09-01-2014,15072.40927
5050,Jalpaiguri,2,19,West Bengal,09-01-2014,15112.4131
5051,Koch Bihar,3,19,West Bengal,09-01-2014,15098.19326
5052,Murshidabad,7,19,West Bengal,09-01-2014,15111.18873
5053,Puruliya,14,19,West Bengal,09-01-2014,15144.9267
5054,Kolkata,17,19,West Bengal,09-01-2014,15379.56505
5055,Maldah,6,19,West Bengal,09-01-2014,15095.53019
5056,Nadia,10,19,West Bengal,09-01-2014,15175.45545
5057,North Twenty Four Parganas,11,19,West Bengal,09-01-2014,15126.80477
5058,Medinipur,15,19,West Bengal,09-01-2014,15153.57617
5059,Hugli,12,19,West Bengal,09-01-2014,15121.90435
5060,South  Twenty Four Parganas,18,19,West Bengal,09-01-2014,15114.93666
5061,Uttar Dinajpur,4,19,West Bengal,09-01-2014,15058.54384
5062,Barddhaman,9,19,West Bengal,09-01-2014,15120.27204
5063,Birbhum,8,19,West Bengal,09-01-2014,15101.75843
5064,Bankura,13,19,West Bengal,09-01-2014,15154.81864
5065,Dakshin Dinajpur,5,19,West Bengal,09-01-2014,15051.74151
5066,Darjiling,1,19,West Bengal,09-01-2014,14919.63068
5067,Haora,16,19,West Bengal,09-01-2014,15172.01207
5068,Purbi Singhbhum,18,20,Jharkhand,09-01-2014,15149.46286
5069,Lohardaga,15,20,Jharkhand,09-01-2014,15039.14969
5070,Pakaur,10,20,Jharkhand,09-01-2014,15124.8079
5071,Pashchimi Singhbhum,17,20,Jharkhand,09-01-2014,15125.71321
5072,Ranchi,14,20,Jharkhand,09-01-2014,15104.94641
5073,Sahibganj,9,20,Jharkhand,09-01-2014,15086.05567
5074,Garhwa,1,20,Jharkhand,09-01-2014,15173.64544
5075,Palamu,2,20,Jharkhand,09-01-2014,15134.41574
5076,Chatra,3,20,Jharkhand,09-01-2014,15129.53279
5077,Hazaribagh,4,20,Jharkhand,09-01-2014,15119.70011
5078,Kodarma,5,20,Jharkhand,09-01-2014,15133.97152
5079,Bokaro,13,20,Jharkhand,09-01-2014,15149.19513
5080,Deoghar,7,20,Jharkhand,09-01-2014,15161.3454
5081,Dhanbad,12,20,Jharkhand,09-01-2014,15169.66652
5082,Dumka,11,20,Jharkhand,09-01-2014,15134.24631
5083,Giridih,6,20,Jharkhand,09-01-2014,15161.19077
5084,Godda,8,20,Jharkhand,09-01-2014,15095.47802
5085,Gumla,16,20,Jharkhand,09-01-2014,15098.65099
5086,Jajapur,13,21,Orissa,09-01-2014,15171.30929
5087,Jagatsinghapur,11,21,Orissa,09-01-2014,15149.8214
5088,Jharsuguda,2,21,Orissa,09-01-2014,15132.72337
5089,Khordha,17,21,Orissa,09-01-2014,15175.80227
5090,Mayurbhanj,7,21,Orissa,09-01-2014,15122.37684
5091,Puri,18,21,Orissa,09-01-2014,15152.9243
5092,Koraput,29,21,Orissa,09-01-2014,15091.28306
5093,Malkangiri,30,21,Orissa,09-01-2014,15129.73185
5094,Nabarangapur,28,21,Orissa,09-01-2014,15107.58729
5095,Nayagarh,16,21,Orissa,09-01-2014,15135.78072
5096,Nuapada,25,21,Orissa,09-01-2014,15128.37139
5097,Kandhamal,21,21,Orissa,09-01-2014,15050.65845
5098,Sambalpur,3,21,Orissa,09-01-2014,15115.24765
5099,Rayagada,27,21,Orissa,09-01-2014,15105.02402
5100,Sundargarh,5,21,Orissa,09-01-2014,15122.24744
5101,Sonapur,23,21,Orissa,09-01-2014,15131.05772
5102,Anugul,15,21,Orissa,09-01-2014,15161.82287
5103,Bhadrak,9,21,Orissa,09-01-2014,15116.77084
5104,Baudh,22,21,Orissa,09-01-2014,15132.2981
5105,Balangir,24,21,Orissa,09-01-2014,15163.1767
5106,Baleshwar,8,21,Orissa,09-01-2014,15137.66366
5107,Bargarh,1,21,Orissa,09-01-2014,15141.30876
5108,Kendrapara,10,21,Orissa,09-01-2014,15109.99021
5109,Kendujhar,6,21,Orissa,09-01-2014,15157.80227
5110,Debagarh,4,21,Orissa,09-01-2014,15144.56237
5111,Cuttack,12,21,Orissa,09-01-2014,15156.11127
5112,Dhenkanal,14,21,Orissa,09-01-2014,15190.16737
5113,Kalahandi,26,21,Orissa,09-01-2014,15135.26071
5114,Ganjam,19,21,Orissa,09-01-2014,15141.01605
5115,Gajapati,20,21,Orissa,09-01-2014,15059.30023
5116,Jashpur,3,22,Chhattisgarh,09-01-2014,15080.59025
5117,Koriya,1,22,Chhattisgarh,09-01-2014,15112.94853
5118,Mahasamund,12,22,Chhattisgarh,09-01-2014,15123.32797
5119,Raigarh,4,22,Chhattisgarh,09-01-2014,15133.1408
5120,Raipur,11,22,Chhattisgarh,09-01-2014,15131.59234
5121,Rajnandgaon,9,22,Chhattisgarh,09-01-2014,15124.25043
5122,Surguja,2,22,Chhattisgarh,09-01-2014,15092.66106
5123,Bilaspur,7,22,Chhattisgarh,09-01-2014,15112.25656
5124,Janjgir - Champa,6,22,Chhattisgarh,09-01-2014,15119.21541
5125,Korba,5,22,Chhattisgarh,09-01-2014,15114.07434
5126,Kawardha,8,22,Chhattisgarh,09-01-2014,15116.57833
5127,Bastar,15,22,Chhattisgarh,09-01-2014,15108.70278
5128,Dantewada,16,22,Chhattisgarh,09-01-2014,15121.73791
5129,Dhamtari,13,22,Chhattisgarh,09-01-2014,15114.10268
5130,Durg,10,22,Chhattisgarh,09-01-2014,15128.64054
5131,Kanker,14,22,Chhattisgarh,09-01-2014,15117.42655
5132,Jabalpur,39,23,Madhya Pradesh,09-01-2014,15263.79746
5133,Jhabua,24,23,Madhya Pradesh,09-01-2014,15224.48111
5134,Mandsaur,19,23,Madhya Pradesh,09-01-2014,15236.74185
5135,Tikamgarh,8,23,Madhya Pradesh,09-01-2014,15334.5817
5136,Narsimhapur,40,23,Madhya Pradesh,09-01-2014,15239.36808
5137,Neemuch,18,23,Madhya Pradesh,09-01-2014,15238.33928
5138,Panna,10,23,Madhya Pradesh,09-01-2014,15327.57758
5139,Raisen,34,23,Madhya Pradesh,09-01-2014,15229.6813
5140,Rajgarh,30,23,Madhya Pradesh,09-01-2014,15277.17517
5141,Satna,13,23,Madhya Pradesh,09-01-2014,15266.07543
5142,Sehore,33,23,Madhya Pradesh,09-01-2014,15223.09009
5143,Seoni,44,23,Madhya Pradesh,09-01-2014,15234.08504
5144,Hoshangabad,37,23,Madhya Pradesh,09-01-2014,15184.34076
5145,Indore,26,23,Madhya Pradesh,09-01-2014,15152.91734
5146,Shajapur,22,23,Madhya Pradesh,09-01-2014,15240.32124
5147,Shivpuri,6,23,Madhya Pradesh,09-01-2014,15291.96716
5148,Ratlam,20,23,Madhya Pradesh,09-01-2014,15208.40836
5149,Rewa,14,23,Madhya Pradesh,09-01-2014,15276.81663
5150,Sagar,11,23,Madhya Pradesh,09-01-2014,15291.39203
5151,Sidhi,17,23,Madhya Pradesh,09-01-2014,15203.05088
5152,Ujjain,21,23,Madhya Pradesh,09-01-2014,15156.95725
5153,Vidisha,31,23,Madhya Pradesh,09-01-2014,15257.56764
5154,West Nimar,27,23,Madhya Pradesh,09-01-2014,15274.19781
5155,Morena,2,23,Madhya Pradesh,09-01-2014,15375.4736
5156,Sheopur,1,23,Madhya Pradesh,09-01-2014,15307.83293
5157,Dindori,41,23,Madhya Pradesh,09-01-2014,15108.39332
5158,Mandla,42,23,Madhya Pradesh,09-01-2014,15153.88429
5159,Shahdol,16,23,Madhya Pradesh,09-01-2014,15181.28647
5160,Umaria,15,23,Madhya Pradesh,09-01-2014,15203.16258
5161,Bhind,3,23,Madhya Pradesh,09-01-2014,15401.30013
5162,Bhopal,32,23,Madhya Pradesh,09-01-2014,15270.67949
5163,Barwani,28,23,Madhya Pradesh,09-01-2014,15294.63273
5164,Betul,35,23,Madhya Pradesh,09-01-2014,15207.40285
5165,Balaghat,45,23,Madhya Pradesh,09-01-2014,15098.52389
5166,Chhatarpur,9,23,Madhya Pradesh,09-01-2014,15328.54789
5167,Chhindwara,43,23,Madhya Pradesh,09-01-2014,15235.92376
5168,Dewas,23,23,Madhya Pradesh,09-01-2014,15201.76266
5169,Katni,38,23,Madhya Pradesh,09-01-2014,15259.66966
5170,Datia,5,23,Madhya Pradesh,09-01-2014,15293.66053
5171,Damoh,12,23,Madhya Pradesh,09-01-2014,15339.40108
5172,Dhar,25,23,Madhya Pradesh,09-01-2014,15221.55119
5173,East Nimar,29,23,Madhya Pradesh,09-01-2014,15217.53074
5174,Guna,7,23,Madhya Pradesh,09-01-2014,15278.6715
5175,Gwalior,4,23,Madhya Pradesh,09-01-2014,15325.14266
5176,Harda,36,23,Madhya Pradesh,09-01-2014,15194.7263
5177,Jamnagar,10,24,Gujarat,09-01-2014,15339.02826
5178,Kheda,16,24,Gujarat,09-01-2014,15289.3499
5179,Mahesana,4,24,Gujarat,09-01-2014,15284.04158
5180,Narmada,20,24,Gujarat,09-01-2014,15220.86288
5181,Navsari,24,24,Gujarat,09-01-2014,15157.58786
5182,Panch Mahals,17,24,Gujarat,09-01-2014,15227.62739
5183,Patan,3,24,Gujarat,09-01-2014,15415.67502
5184,Porbandar,11,24,Gujarat,09-01-2014,15254.89728
5185,Rajkot,9,24,Gujarat,09-01-2014,15345.15243
5186,Sabar Kantha,5,24,Gujarat,09-01-2014,15258.84631
5187,Surendranagar,8,24,Gujarat,09-01-2014,15364.36527
5188,The Dangs,23,24,Gujarat,09-01-2014,15111.93016
5189,Vadodara,19,24,Gujarat,09-01-2014,15290.00577
5190,Valsad,25,24,Gujarat,09-01-2014,15136.38233
5191,Bharuch,21,24,Gujarat,09-01-2014,15327.08152
5192,Surat,22,24,Gujarat,09-01-2014,15209.63216
5193,Anand,15,24,Gujarat,09-01-2014,15209.14386
5194,Ahmadabad,7,24,Gujarat,09-01-2014,15289.86565
5195,Amreli,13,24,Gujarat,09-01-2014,15335.42707
5196,Bhavnagar,14,24,Gujarat,09-01-2014,15349.02248
5197,Banas Kantha,2,24,Gujarat,09-01-2014,15374.52517
5198,Dohad,18,24,Gujarat,09-01-2014,15180.37086
5199,Junagadh,12,24,Gujarat,09-01-2014,15229.45501
5200,Kachchh,1,24,Gujarat,09-01-2014,15526.01562
5201,Gandhinagar,6,24,Gujarat,09-01-2014,15265.45243
5202,Daman,2,25,Daman & Diu,09-01-2014,15157.19007
5203,Diu,1,25,Daman & Diu,09-01-2014,15218.43159
5204,Dadra & Nagar Haveli,1,26,Dadara & Nagar Havelli,09-01-2014,15150.4483
5205,Jalgaon,3,27,Maharashtra,09-01-2014,15316.58068
5206,Jalna,18,27,Maharashtra,09-01-2014,15389.00095
5207,Kolhapur,34,27,Maharashtra,09-01-2014,15112.27787
5208,Latur,28,27,Maharashtra,09-01-2014,15312.77799
5209,Pune,25,27,Maharashtra,09-01-2014,15277.81042
5210,Nagpur,9,27,Maharashtra,09-01-2014,15274.06977
5211,Mumbai,23,27,Maharashtra,09-01-2014,15234.75567
5212,Mumbai (Suburban),22,27,Maharashtra,09-01-2014,15328.38029
5213,Nanded,15,27,Maharashtra,09-01-2014,15343.26603
5214,Nandurbar,1,27,Maharashtra,09-01-2014,15247.78014
5215,Nashik,20,27,Maharashtra,09-01-2014,15273.90404
5216,Osmanabad,29,27,Maharashtra,09-01-2014,15350.47623
5217,Parbhani,17,27,Maharashtra,09-01-2014,15393.27201
5218,Sangli,35,27,Maharashtra,09-01-2014,15286.40408
5219,Satara,31,27,Maharashtra,09-01-2014,15252.90952
5220,Hingoli,16,27,Maharashtra,09-01-2014,15320.99877
5221,Ratnagiri,32,27,Maharashtra,09-01-2014,15162.72424
5222,Raigarh,24,27,Maharashtra,09-01-2014,15171.7995
5223,Thane,21,27,Maharashtra,09-01-2014,15149.97876
5224,Solapur,30,27,Maharashtra,09-01-2014,15416.87677
5225,Sindhudurg,33,27,Maharashtra,09-01-2014,15128.63324
5226,Wardha,8,27,Maharashtra,09-01-2014,15305.22061
5227,Washim,6,27,Maharashtra,09-01-2014,15252.13998
5228,Yavatmal,14,27,Maharashtra,09-01-2014,15294.99109
5229,Aurangabad,19,27,Maharashtra,09-01-2014,15341.28002
5230,Ahmadnagar,26,27,Maharashtra,09-01-2014,15445.77413
5231,Akola,5,27,Maharashtra,09-01-2014,15356.50888
5232,Amravati,7,27,Maharashtra,09-01-2014,15265.39536
5233,Bid,27,27,Maharashtra,09-01-2014,15391.46085
5234,Bhandara,10,27,Maharashtra,09-01-2014,15154.98062
5235,Buldana,4,27,Maharashtra,09-01-2014,15282.9
5236,Chandrapur,13,27,Maharashtra,09-01-2014,15210.52644
5237,Dhule,2,27,Maharashtra,09-01-2014,15364.43501
5238,Gadchiroli,12,27,Maharashtra,09-01-2014,15122.69611
5239,Gondiya,11,27,Maharashtra,09-01-2014,15115.67969
5240,Khammam,10,28,Andhra Pradesh,09-01-2014,15193.84168
5241,Medak,4,28,Andhra Pradesh,09-01-2014,15185.8735
5242,Krishna,16,28,Andhra Pradesh,09-01-2014,15230.5072
5243,Kurnool,21,28,Andhra Pradesh,09-01-2014,15315.41268
5244,Mahbubnagar,7,28,Andhra Pradesh,09-01-2014,15220.28268
5245,Nalgonda,8,28,Andhra Pradesh,09-01-2014,15332.17884
5246,Nellore,19,28,Andhra Pradesh,09-01-2014,15537.71602
5247,Nizamabad,2,28,Andhra Pradesh,09-01-2014,15184.26199
5248,Prakasam,18,28,Andhra Pradesh,09-01-2014,15468.71909
5249,Hyderabad,5,28,Andhra Pradesh,09-01-2014,15319.86406
5250,Rangareddi,6,28,Andhra Pradesh,09-01-2014,15217.86314
5251,Srikakulam,11,28,Andhra Pradesh,09-01-2014,15167.89276
5252,West Godavari,15,28,Andhra Pradesh,09-01-2014,15150.03596
5253,Visakhapatnam,13,28,Andhra Pradesh,09-01-2014,15126.09331
5254,Vizianagaram,12,28,Andhra Pradesh,09-01-2014,15177.58909
5255,Warangal,9,28,Andhra Pradesh,09-01-2014,15178.98797
5256,Anantapur,22,28,Andhra Pradesh,09-01-2014,15465.219
5257,Adilabad,1,28,Andhra Pradesh,09-01-2014,15245.58454
5258,Chittoor,23,28,Andhra Pradesh,09-01-2014,15374.38967
5259,Cuddapah,20,28,Andhra Pradesh,09-01-2014,15425.67644
5260,East Godavari,14,28,Andhra Pradesh,09-01-2014,15112.82453
5261,Karimnagar,3,28,Andhra Pradesh,09-01-2014,15185.88829
5262,Guntur,17,28,Andhra Pradesh,09-01-2014,15458.99342
5263,Kodagu,25,29,Karnataka,09-01-2014,14949.35443
5264,Kolar,19,29,Karnataka,09-01-2014,15350.63657
5265,Mandya,22,29,Karnataka,09-01-2014,15148.81336
5266,Koppal,7,29,Karnataka,09-01-2014,15281.37491
5267,Mysore,26,29,Karnataka,09-01-2014,15074.24745
5268,Raichur,6,29,Karnataka,09-01-2014,15254.03016
5269,Hassan,23,29,Karnataka,09-01-2014,15053.79907
5270,Haveri,11,29,Karnataka,09-01-2014,15150.8309
5271,Shimoga,15,29,Karnataka,09-01-2014,15044.53272
5272,Tumkur,18,29,Karnataka,09-01-2014,15219.15351
5273,Udupi,16,29,Karnataka,09-01-2014,15130.44672
5274,Uttara Kannada,10,29,Karnataka,09-01-2014,15059.88446
5275,Bagalkot,2,29,Karnataka,09-01-2014,15328.89984
5276,Bangalore,20,29,Karnataka,09-01-2014,15206.36308
5277,Bidar,5,29,Karnataka,09-01-2014,15267.0848
5278,Bijapur,3,29,Karnataka,09-01-2014,15412.7656
5279,Belgaum,1,29,Karnataka,09-01-2014,15237.43507
5280,Bellary,12,29,Karnataka,09-01-2014,15235.9058
5281,Bangalore Rural,21,29,Karnataka,09-01-2014,15190.24859
5282,Chamarajanagar,27,29,Karnataka,09-01-2014,15153.80001
5283,Chikmagalur,17,29,Karnataka,09-01-2014,15049.18524
5284,Chitradurga,13,29,Karnataka,09-01-2014,15274.73802
5285,Dakshina Kannada,24,29,Karnataka,09-01-2014,15120.30741
5286,Davanagere,14,29,Karnataka,09-01-2014,15098.94593
5287,Dharwad,9,29,Karnataka,09-01-2014,15260.54179
5288,Gulbarga,4,29,Karnataka,09-01-2014,15274.30202
5289,Gadag,8,29,Karnataka,09-01-2014,15358.67532
5290,North Goa,1,30,Goa,09-01-2014,15129.21574
5291,South Goa,2,30,Goa,09-01-2014,15115.95208
5292,Lakshadweep,1,31,Lakshadweep,09-01-2014,14979.50075
5293,Kollam,13,32,Kerala,09-01-2014,15070.40891
5294,Kottayam,10,32,Kerala,09-01-2014,15133.09195
5295,Kozhikode,4,32,Kerala,09-01-2014,15091.50577
5296,Malappuram,5,32,Kerala,09-01-2014,15089.36511
5297,Palakkad,6,32,Kerala,09-01-2014,15046.36975
5298,Pathanamthitta,12,32,Kerala,09-01-2014,15040.88236
5299,Idukki,9,32,Kerala,09-01-2014,14933.13731
5300,Thrissur,7,32,Kerala,09-01-2014,15072.89953
5301,Thiruvananthapuram,14,32,Kerala,09-01-2014,15081.85825
5302,Wayanad,3,32,Kerala,09-01-2014,14924.38259
5303,Alappuzha,11,32,Kerala,09-01-2014,15092.17718
5304,Kasaragod,1,32,Kerala,09-01-2014,15098.63795
5305,Kannur,2,32,Kerala,09-01-2014,15094.67126
5306,Ernakulam,8,32,Kerala,09-01-2014,15159.76078
5307,Kanniyakumari,30,33,Tamil Nadu,09-01-2014,15097.58048
5308,Karur,14,33,Tamil Nadu,09-01-2014,15689.74894
5309,Madurai,24,33,Tamil Nadu,09-01-2014,15725.04576
5310,Namakkal,9,33,Tamil Nadu,09-01-2014,15511.40005
5311,The Nilgiris,11,33,Tamil Nadu,09-01-2014,14886.44796
5312,Perambalur,16,33,Tamil Nadu,09-01-2014,15734.60525
5313,Pudukkottai,22,33,Tamil Nadu,09-01-2014,15634.94202
5314,Ramanathapuram,27,33,Tamil Nadu,09-01-2014,15876.20762
5315,Salem,8,33,Tamil Nadu,09-01-2014,15463.1079
5316,Sivaganga,23,33,Tamil Nadu,09-01-2014,15725.34594
5317,Tiruchirappalli,15,33,Tamil Nadu,09-01-2014,15677.32638
5318,Tirunelveli,29,33,Tamil Nadu,09-01-2014,15629.26896
5319,Tiruvannamalai,6,33,Tamil Nadu,09-01-2014,15464.89843
5320,Thoothukkudi,28,33,Tamil Nadu,09-01-2014,15937.33913
5321,Theni,25,33,Tamil Nadu,09-01-2014,15433.19812
5322,Vellore,4,33,Tamil Nadu,09-01-2014,15411.7626
5323,Viluppuram,7,33,Tamil Nadu,09-01-2014,15506.3929
5324,Virudhunagar,26,33,Tamil Nadu,09-01-2014,15955.36732
5325,Chennai,2,33,Tamil Nadu,09-01-2014,15499.37049
5326,Kancheepuram,3,33,Tamil Nadu,09-01-2014,15389.97632
5327,Thiruvallur,1,33,Tamil Nadu,09-01-2014,15408.92904
5328,Thanjavur,21,33,Tamil Nadu,09-01-2014,15493.43321
5329,Thiruvarur,20,33,Tamil Nadu,09-01-2014,15535.64092
5330,Nagapattinam,19,33,Tamil Nadu,09-01-2014,15554.16344
5331,Ariyalur,17,33,Tamil Nadu,09-01-2014,15589.32076
5332,Coimbatore,12,33,Tamil Nadu,09-01-2014,15412.88406
5333,Cuddalore,18,33,Tamil Nadu,09-01-2014,15532.19959
5334,Dharmapuri,5,33,Tamil Nadu,09-01-2014,15454.40391
5335,Dindigul,13,33,Tamil Nadu,09-01-2014,15526.37004
5336,Erode,10,33,Tamil Nadu,09-01-2014,15449.21627
5337,Pondicherry,2,34,Puducherry,09-01-2014,15367.01498
5338,Yanam,1,34,Puducherry,09-01-2014,15157.41466
5339,Karaikal,4,34,Puducherry,09-01-2014,15516.99916
5340,Mahe,3,34,Puducherry,09-01-2014,15097.77871
5341,Nicobars,2,35,Andaman & Nicobar Island,09-01-2014,15073.98328
5342,Andamans,1,35,Andaman & Nicobar Island,09-01-2014,14985.30947
5343,Data Not Available,99,99,Jammu and Kashmir,09-01-2014,14361.26196
5344,Jammu,13,1,Jammu and Kashmir,10-01-2014,15018.9487
5345,Kargil,8,1,Jammu and Kashmir,10-01-2014,14292.73981
5346,Kathua,14,1,Jammu and Kashmir,10-01-2014,14890.82042
5347,Leh (Ladakh),7,1,Jammu and Kashmir,10-01-2014,14296.65872
5348,Kupwara,1,1,Jammu and Kashmir,10-01-2014,14478.48811
5349,Punch,11,1,Jammu and Kashmir,10-01-2014,14675.36013
5350,Pulwama,5,1,Jammu and Kashmir,10-01-2014,14585.26668
5351,Rajauri,12,1,Jammu and Kashmir,10-01-2014,14813.32556
5352,Anantnag,6,1,Jammu and Kashmir,10-01-2014,14359.09826
5353,Badgam,4,1,Jammu and Kashmir,10-01-2014,14477.75062
5354,Baramula,2,1,Jammu and Kashmir,10-01-2014,14407.98429
5355,Doda,9,1,Jammu and Kashmir,10-01-2014,14257.17786
5356,Srinagar,3,1,Jammu and Kashmir,10-01-2014,14323.02134
5357,Udhampur,10,1,Jammu and Kashmir,10-01-2014,14713.47585
5358,Kangra,2,2,Himachal Pradesh,10-01-2014,14761.3528
5359,Kinnaur,12,2,Himachal Pradesh,10-01-2014,14353.36944
5360,Lahul & Spiti,3,2,Himachal Pradesh,10-01-2014,14265.04375
5361,Kullu,4,2,Himachal Pradesh,10-01-2014,14310.18101
5362,Mandi,5,2,Himachal Pradesh,10-01-2014,14759.94284
5363,Bilaspur,8,2,Himachal Pradesh,10-01-2014,14928.73272
5364,Chamba,1,2,Himachal Pradesh,10-01-2014,14461.9867
5365,Hamirpur,6,2,Himachal Pradesh,10-01-2014,14913.32736
5366,Shimla,11,2,Himachal Pradesh,10-01-2014,14614.74438
5367,Sirmaur,10,2,Himachal Pradesh,10-01-2014,14864.39757
5368,Solan,9,2,Himachal Pradesh,10-01-2014,14924.49263
5369,Una,7,2,Himachal Pradesh,10-01-2014,14978.29421
5370,Hoshiarpur,5,3,Punjab,10-01-2014,15083.95588
5371,Jalandhar,4,3,Punjab,10-01-2014,15133.1159
5372,Kapurthala,3,3,Punjab,10-01-2014,15136.90838
5373,Ludhiana,9,3,Punjab,10-01-2014,15099.92803
5374,Mansa,15,3,Punjab,10-01-2014,15171.52732
5375,Moga,10,3,Punjab,10-01-2014,15106.80582
5376,Muktsar,12,3,Punjab,10-01-2014,15138.27291
5377,Nawanshahr,6,3,Punjab,10-01-2014,15111.62273
5378,Patiala,17,3,Punjab,10-01-2014,15115.27306
5379,Sangrur,16,3,Punjab,10-01-2014,15087.27928
5380,Amritsar,2,3,Punjab,10-01-2014,15102.76934
5381,Firozpur,11,3,Punjab,10-01-2014,15140.91236
5382,Bathinda,14,3,Punjab,10-01-2014,15174.67488
5383,Gurdaspur,1,3,Punjab,10-01-2014,15064.6855
5384,Faridkot,13,3,Punjab,10-01-2014,15174.36972
5385,Fatehgarh Sahib,8,3,Punjab,10-01-2014,15119.19543
5386,Rupnagar,7,3,Punjab,10-01-2014,15121.76582
5387,Chandigarh,1,4,Chandigarh,10-01-2014,15177.85633
5388,Hardwar,13,5,Uttarakhand,10-01-2014,15059.77464
5389,Nainital,11,5,Uttarakhand,10-01-2014,14891.41318
5390,Pithoragarh,7,5,Uttarakhand,10-01-2014,14330.52319
5391,Bageshwar,8,5,Uttarakhand,10-01-2014,14542.81345
5392,Almora,9,5,Uttarakhand,10-01-2014,14839.74586
5393,Chamoli,2,5,Uttarakhand,10-01-2014,14256.79161
5394,Champawat,10,5,Uttarakhand,10-01-2014,14816.6055
5395,Dehradun,5,5,Uttarakhand,10-01-2014,14882.72762
5396,Garhwal,6,5,Uttarakhand,10-01-2014,14824.68029
5397,Rudraprayag,3,5,Uttarakhand,10-01-2014,14453.24284
5398,Tehri Garhwal,4,5,Uttarakhand,10-01-2014,14665.43897
5399,Udham Singh Nagar,12,5,Uttarakhand,10-01-2014,15074.06501
5400,Uttarkashi,1,5,Uttarakhand,10-01-2014,14330.397
5401,Hisar,12,6,Haryana,10-01-2014,15334.54463
5402,Jind,9,6,Haryana,10-01-2014,15139.00901
5403,Kaithal,5,6,Haryana,10-01-2014,15085.0825
5404,Karnal,6,6,Haryana,10-01-2014,15088.4873
5405,Kurukshetra,4,6,Haryana,10-01-2014,15103.65079
5406,Panchkula,1,6,Haryana,10-01-2014,15063.55895
5407,Panipat,7,6,Haryana,10-01-2014,15102.35239
5408,Ambala,2,6,Haryana,10-01-2014,15105.54096
5409,Gurgaon,18,6,Haryana,10-01-2014,15441.79698
5410,Faridabad,19,6,Haryana,10-01-2014,15304.31062
5411,Fatehabad,10,6,Haryana,10-01-2014,15181.45276
5412,Rohtak,14,6,Haryana,10-01-2014,15254.43969
5413,Sirsa,11,6,Haryana,10-01-2014,15276.38533
5414,Sonipat,8,6,Haryana,10-01-2014,15182.33047
5415,Yamunanagar,3,6,Haryana,10-01-2014,15053.46612
5416,Jhajjar,15,6,Haryana,10-01-2014,15410.08355
5417,Mahendragarh,16,6,Haryana,10-01-2014,15541.10504
5418,Rewari,17,6,Haryana,10-01-2014,15539.71332
5419,Bhiwani,13,6,Haryana,10-01-2014,15464.2134
5420,Central,6,7,Delhi  & NCR,10-01-2014,15301.28676
5421,East,4,7,Delhi  & NCR,10-01-2014,15289.18574
5422,New Delhi,5,7,Delhi  & NCR,10-01-2014,15241.60063
5423,North,2,7,Delhi  & NCR,10-01-2014,15282.69289
5424,North East,3,7,Delhi  & NCR,10-01-2014,15293.6682
5425,North West,1,7,Delhi  & NCR,10-01-2014,15338.35407
5426,South,9,7,Delhi  & NCR,10-01-2014,15291.03118
5427,South West,8,7,Delhi  & NCR,10-01-2014,15387.48841
5428,West,7,7,Delhi  & NCR,10-01-2014,15349.13873
5429,Jaipur,12,8,Rajasthan,10-01-2014,15490.12732
5430,Jaisalmer,16,8,Rajasthan,10-01-2014,16001.89301
5431,Jalor,18,8,Rajasthan,10-01-2014,15658.477
5432,Jhalawar,32,8,Rajasthan,10-01-2014,15492.12863
5433,Jhunjhunun,5,8,Rajasthan,10-01-2014,15542.24161
5434,Jodhpur,15,8,Rajasthan,10-01-2014,15738.36105
5435,Kota,30,8,Rajasthan,10-01-2014,15507.01835
5436,Nagaur,14,8,Rajasthan,10-01-2014,15590.10554
5437,Pali,20,8,Rajasthan,10-01-2014,15556.60603
5438,Rajsamand,25,8,Rajasthan,10-01-2014,15325.0813
5439,Sawai Madhopur,10,8,Rajasthan,10-01-2014,15519.47402
5440,Ajmer,21,8,Rajasthan,10-01-2014,15478.04051
5441,Banswara,28,8,Rajasthan,10-01-2014,15418.09609
5442,Barmer,17,8,Rajasthan,10-01-2014,15840.23964
5443,Bhilwara,24,8,Rajasthan,10-01-2014,15435.48142
5444,Bikaner,3,8,Rajasthan,10-01-2014,15801.74757
5445,Bharatpur,7,8,Rajasthan,10-01-2014,15568.45318
5446,Bundi,23,8,Rajasthan,10-01-2014,15462.15146
5447,Chittaurgarh,29,8,Rajasthan,10-01-2014,15404.87461
5448,Churu,4,8,Rajasthan,10-01-2014,15678.36953
5449,Dausa,11,8,Rajasthan,10-01-2014,15500.87966
5450,Dhaulpur,8,8,Rajasthan,10-01-2014,15509.79379
5451,Dungarpur,27,8,Rajasthan,10-01-2014,15396.54647
5452,Karauli,9,8,Rajasthan,10-01-2014,15497.97713
5453,Sirohi,19,8,Rajasthan,10-01-2014,15478.29739
5454,Tonk,22,8,Rajasthan,10-01-2014,15568.86352
5455,Sikar,13,8,Rajasthan,10-01-2014,15506.70122
5456,Alwar,6,8,Rajasthan,10-01-2014,15451.10923
5457,Udaipur,26,8,Rajasthan,10-01-2014,15313.69675
5458,Ganganagar,1,8,Rajasthan,10-01-2014,15486.57951
5459,Hanumangarh,2,8,Rajasthan,10-01-2014,15482.69794
5460,Baran,31,8,Rajasthan,10-01-2014,15532.50136
5461,Hathras,13,9,Uttar Pradesh,10-01-2014,15356.08179
5462,Jalaun,35,9,Uttar Pradesh,10-01-2014,15481.64692
5463,Jaunpur,64,9,Uttar Pradesh,10-01-2014,15188.35254
5464,Jhansi,36,9,Uttar Pradesh,10-01-2014,15506.87319
5465,Jyotiba Phule Nagar,6,9,Uttar Pradesh,10-01-2014,15134.90568
5466,Kannauj,30,9,Uttar Pradesh,10-01-2014,15326.64065
5467,Kanpur Nagar,34,9,Uttar Pradesh,10-01-2014,15266.29882
5468,Kaushambi,44,9,Uttar Pradesh,10-01-2014,15197.14018
5469,Kheri,23,9,Uttar Pradesh,10-01-2014,15109.7002
5470,Mirzapur,69,9,Uttar Pradesh,10-01-2014,15217.37566
5471,Moradabad,4,9,Uttar Pradesh,10-01-2014,15139.07675
5472,Muzaffarnagar,2,9,Uttar Pradesh,10-01-2014,15097.69946
5473,Rae Bareli,28,9,Uttar Pradesh,10-01-2014,15158.1358
5474,Kushinagar,59,9,Uttar Pradesh,10-01-2014,15105.69102
5475,Lucknow,27,9,Uttar Pradesh,10-01-2014,15159.72671
5476,Lalitpur,37,9,Uttar Pradesh,10-01-2014,15506.77649
5477,Mahrajganj,57,9,Uttar Pradesh,10-01-2014,15085.00642
5478,Mahoba,39,9,Uttar Pradesh,10-01-2014,15502.10832
5479,Mainpuri,18,9,Uttar Pradesh,10-01-2014,15278.37363
5480,Mathura,14,9,Uttar Pradesh,10-01-2014,15371.17265
5481,Mau,62,9,Uttar Pradesh,10-01-2014,15141.51095
5482,Meerut,7,9,Uttar Pradesh,10-01-2014,15138.61823
5483,Pilibhit,21,9,Uttar Pradesh,10-01-2014,15096.79502
5484,Pratapgarh,43,9,Uttar Pradesh,10-01-2014,15161.52227
5485,Rampur,5,9,Uttar Pradesh,10-01-2014,15132.29684
5486,Sant Ravidas Nagar Bhadohi,68,9,Uttar Pradesh,10-01-2014,15188.23137
5487,Sant Kabir Nagar,56,9,Uttar Pradesh,10-01-2014,15131.61826
5488,Shahjahanpur,22,9,Uttar Pradesh,10-01-2014,15188.64509
5489,Auraiya,32,9,Uttar Pradesh,10-01-2014,15271.9359
5490,Azamgarh,61,9,Uttar Pradesh,10-01-2014,15136.8944
5491,Budaun,19,9,Uttar Pradesh,10-01-2014,15219.19257
5492,Agra,15,9,Uttar Pradesh,10-01-2014,15432.93908
5493,Aligarh,12,9,Uttar Pradesh,10-01-2014,15253.36529
5494,Allahabad,45,9,Uttar Pradesh,10-01-2014,15181.54083
5495,Ambedkar Nagar,48,9,Uttar Pradesh,10-01-2014,15133.14597
5496,Bareilly,20,9,Uttar Pradesh,10-01-2014,15159.32141
5497,Bijnor,3,9,Uttar Pradesh,10-01-2014,15072.23515
5498,Basti,55,9,Uttar Pradesh,10-01-2014,15140.12079
5499,Baghpat,8,9,Uttar Pradesh,10-01-2014,15167.67572
5500,Bahraich,50,9,Uttar Pradesh,10-01-2014,15110.54817
5501,Ballia,63,9,Uttar Pradesh,10-01-2014,15167.07271
5502,Balrampur,52,9,Uttar Pradesh,10-01-2014,15139.97656
5503,Banda,40,9,Uttar Pradesh,10-01-2014,15342.51988
5504,Barabanki,46,9,Uttar Pradesh,10-01-2014,15132.43206
5505,Chitrakoot,41,9,Uttar Pradesh,10-01-2014,15245.62003
5506,Chandauli,66,9,Uttar Pradesh,10-01-2014,15129.65885
5507,Deoria,60,9,Uttar Pradesh,10-01-2014,15124.18448
5508,Etah,17,9,Uttar Pradesh,10-01-2014,15277.28675
5509,Kanpur Dehat,33,9,Uttar Pradesh,10-01-2014,15320.23768
5510,Etawah,31,9,Uttar Pradesh,10-01-2014,15273.00015
5511,Faizabad,47,9,Uttar Pradesh,10-01-2014,15154.27381
5512,Ghazipur,65,9,Uttar Pradesh,10-01-2014,15164.56151
5513,Gonda,53,9,Uttar Pradesh,10-01-2014,15156.03406
5514,Gorakhpur,58,9,Uttar Pradesh,10-01-2014,15133.79452
5515,Farrukhabad,29,9,Uttar Pradesh,10-01-2014,15344.72033
5516,Fatehpur,42,9,Uttar Pradesh,10-01-2014,15263.05526
5517,Firozabad,16,9,Uttar Pradesh,10-01-2014,15367.17468
5518,Hamirpur,38,9,Uttar Pradesh,10-01-2014,15494.23853
5519,Hardoi,25,9,Uttar Pradesh,10-01-2014,15256.83393
5520,Shrawasti,51,9,Uttar Pradesh,10-01-2014,15125.03329
5521,Saharanpur,1,9,Uttar Pradesh,10-01-2014,15060.20423
5522,Sitapur,24,9,Uttar Pradesh,10-01-2014,15154.31107
5523,Sultanpur,49,9,Uttar Pradesh,10-01-2014,15159.92606
5524,Sonbhadra,70,9,Uttar Pradesh,10-01-2014,15178.57344
5525,Siddharthnagar,54,9,Uttar Pradesh,10-01-2014,15105.85673
5526,Unnao,26,9,Uttar Pradesh,10-01-2014,15198.52287
5527,Varanasi,67,9,Uttar Pradesh,10-01-2014,15197.71174
5528,Bulandshahr,11,9,Uttar Pradesh,10-01-2014,15197.88405
5529,Gautam Buddha Nagar,10,9,Uttar Pradesh,10-01-2014,15275.96917
5530,Ghaziabad,9,9,Uttar Pradesh,10-01-2014,15208.75738
5531,Jamui,37,10,Bihar,10-01-2014,15140.61424
5532,Kishanganj,8,10,Bihar,10-01-2014,15133.26148
5533,Muzaffarpur,14,10,Bihar,10-01-2014,15109.38581
5534,Purnia,9,10,Bihar,10-01-2014,15129.67199
5535,Khagaria,21,10,Bihar,10-01-2014,15175.32653
5536,Madhubani,5,10,Bihar,10-01-2014,15089.32114
5537,Lakhisarai,25,10,Bihar,10-01-2014,15148.30524
5538,Madhepura,11,10,Bihar,10-01-2014,15120.73309
5539,Purba Champaran,2,10,Bihar,10-01-2014,15098.89359
5540,Munger,24,10,Bihar,10-01-2014,15124.31667
5541,Nalanda,27,10,Bihar,10-01-2014,15160.97049
5542,Nawada,36,10,Bihar,10-01-2014,15123.86779
5543,Pashchim Champaran,1,10,Bihar,10-01-2014,15092.14177
5544,Patna,28,10,Bihar,10-01-2014,15166.10845
5545,Samastipur,19,10,Bihar,10-01-2014,15169.01727
5546,Araria,7,10,Bihar,10-01-2014,15101.06806
5547,Aurangabad,34,10,Bihar,10-01-2014,15142.32606
5548,Banka,23,10,Bihar,10-01-2014,15125.83462
5549,Bhagalpur,22,10,Bihar,10-01-2014,15173.47438
5550,Begusarai,20,10,Bihar,10-01-2014,15206.29719
5551,Saran,17,10,Bihar,10-01-2014,15114.36633
5552,Katihar,10,10,Bihar,10-01-2014,15138.9887
5553,Darbhanga,13,10,Bihar,10-01-2014,15116.06802
5554,Gopalganj,15,10,Bihar,10-01-2014,15104.89381
5555,Sheikhpura,26,10,Bihar,10-01-2014,15139.97237
5556,Sheohar,3,10,Bihar,10-01-2014,15100.87165
5557,Saharsa,12,10,Bihar,10-01-2014,15107.34422
5558,Sitamarhi,4,10,Bihar,10-01-2014,15099.11336
5559,Siwan,16,10,Bihar,10-01-2014,15119.37341
5560,Supaul,6,10,Bihar,10-01-2014,15097.37701
5561,Vaishali,18,10,Bihar,10-01-2014,15136.39128
5562,Kaimur (Bhabua),31,10,Bihar,10-01-2014,15139.04059
5563,Gaya,35,10,Bihar,10-01-2014,15176.21443
5564,Bhojpur,29,10,Bihar,10-01-2014,15160.07713
5565,Buxar,30,10,Bihar,10-01-2014,15146.27832
5566,Jehanabad,33,10,Bihar,10-01-2014,15140.25652
5567,Rohtas,32,10,Bihar,10-01-2014,15081.95634
5568,North,1,11,Sikkim,10-01-2014,14113.44966
5569,East,4,11,Sikkim,10-01-2014,14554.87902
5570,South,3,11,Sikkim,10-01-2014,14628.0484
5571,West,2,11,Sikkim,10-01-2014,14406.43298
5572,Lohit,11,12,Arunanchal Pradesh,10-01-2014,14595.44416
5573,Lower Subansiri,5,12,Arunanchal Pradesh,10-01-2014,14541.04065
5574,Papum Pare,4,12,Arunanchal Pradesh,10-01-2014,14766.45007
5575,Changlang,12,12,Arunanchal Pradesh,10-01-2014,14808.95349
5576,Dibang Valley,10,12,Arunanchal Pradesh,10-01-2014,14454.37313
5577,East Kameng,3,12,Arunanchal Pradesh,10-01-2014,14620.11514
5578,East Siang,8,12,Arunanchal Pradesh,10-01-2014,14891.42936
5579,Tawang,1,12,Arunanchal Pradesh,10-01-2014,14349.31612
5580,Tirap,13,12,Arunanchal Pradesh,10-01-2014,14857.98021
5581,West Kameng,2,12,Arunanchal Pradesh,10-01-2014,14575.23827
5582,West Siang,7,12,Arunanchal Pradesh,10-01-2014,14640.92674
5583,Upper Siang,9,12,Arunanchal Pradesh,10-01-2014,14503.50544
5584,Upper Subansiri,6,12,Arunanchal Pradesh,10-01-2014,14485.49027
5585,Mokokchung,3,13,Nagaland,10-01-2014,14930.31565
5586,Mon,1,13,Nagaland,10-01-2014,14923.467
5587,Phek,8,13,Nagaland,10-01-2014,14767.27569
5588,Tuensang,2,13,Nagaland,10-01-2014,14761.33791
5589,Wokha,5,13,Nagaland,10-01-2014,14946.75274
5590,Zunheboto,4,13,Nagaland,10-01-2014,14798.70999
5591,Dimapur,6,13,Nagaland,10-01-2014,15026.96605
5592,Kohima,7,13,Nagaland,10-01-2014,14868.30304
5593,Imphal East,7,14,Manipur,10-01-2014,14988.92307
5594,Imphal West,6,14,Manipur,10-01-2014,15047.49848
5595,Senapati (Excl. 3 sub-divisions),1,14,Manipur,10-01-2014,14832.70482
5596,Bishnupur,4,14,Manipur,10-01-2014,14936.53872
5597,Chandel,9,14,Manipur,10-01-2014,14895.14144
5598,Churachandpur,3,14,Manipur,10-01-2014,14920.77117
5599,Tamenglong,2,14,Manipur,10-01-2014,14910.26293
5600,Thoubal,5,14,Manipur,10-01-2014,14966.36359
5601,Ukhrul,8,14,Manipur,10-01-2014,14833.8099
5602,Kolasib,2,15,Mizoram,10-01-2014,15024.97338
5603,Mamit,1,15,Mizoram,10-01-2014,15008.11374
5604,Lunglei,6,15,Mizoram,10-01-2014,14980.43547
5605,Lawngtlai,7,15,Mizoram,10-01-2014,15026.83061
5606,Saiha,8,15,Mizoram,10-01-2014,14917.83172
5607,Serchhip,5,15,Mizoram,10-01-2014,14919.40317
5608,Aizawl,3,15,Mizoram,10-01-2014,14957.14344
5609,Champhai,4,15,Mizoram,10-01-2014,14886.76253
5610,North Tripura,4,16,Tripura,10-01-2014,15087.11017
5611,Dhalai,3,16,Tripura,10-01-2014,15074.09878
5612,South Tripura,2,16,Tripura,10-01-2014,15084.06017
5613,West Tripura,1,16,Tripura,10-01-2014,15093.46233
5614,Jaintia Hills,7,17,Meghalaya,10-01-2014,14952.79881
5615,East Garo Hills,2,17,Meghalaya,10-01-2014,15000.57246
5616,East Khasi Hills,6,17,Meghalaya,10-01-2014,14924.71681
5617,Ri Bhoi,5,17,Meghalaya,10-01-2014,14972.83194
5618,South Garo Hills,3,17,Meghalaya,10-01-2014,15031.37731
5619,West Garo Hills,1,17,Meghalaya,10-01-2014,15029.96902
5620,West Khasi Hills,4,17,Meghalaya,10-01-2014,14925.44506
5621,Jorhat,17,18,Assam,10-01-2014,15079.15164
5622,Karimganj,22,18,Assam,10-01-2014,15103.0831
5623,Kokrajhar,1,18,Assam,10-01-2014,15091.81751
5624,Lakhimpur,12,18,Assam,10-01-2014,15115.59835
5625,Nagaon,10,18,Assam,10-01-2014,15067.55799
5626,Marigaon,9,18,Assam,10-01-2014,15096.87553
5627,Nalbari,7,18,Assam,10-01-2014,15101.34754
5628,North Cachar Hills,20,18,Assam,10-01-2014,14945.2361
5629,Barpeta,5,18,Assam,10-01-2014,15094.70672
5630,Bongaigaon,4,18,Assam,10-01-2014,15106.69628
5631,Cachar,21,18,Assam,10-01-2014,15087.25036
5632,Darrang,8,18,Assam,10-01-2014,15099.7329
5633,Dhemaji,13,18,Assam,10-01-2014,15115.78954
5634,Dhubri,2,18,Assam,10-01-2014,15090.13128
5635,Dibrugarh,15,18,Assam,10-01-2014,15081.65383
5636,Kamrup,6,18,Assam,10-01-2014,15076.33548
5637,Karbi Anglong,19,18,Assam,10-01-2014,14970.28368
5638,Goalpara,3,18,Assam,10-01-2014,15081.83324
5639,Golaghat,18,18,Assam,10-01-2014,15072.06869
5640,Hailakandi,23,18,Assam,10-01-2014,15092.43008
5641,Sonitpur,11,18,Assam,10-01-2014,15107.9525
5642,Sibsagar,16,18,Assam,10-01-2014,15072.8112
5643,Tinsukia,14,18,Assam,10-01-2014,15072.90359
5644,Hugli,12,19,West Bengal,10-01-2014,15085.50635
5645,Jalpaiguri,2,19,West Bengal,10-01-2014,15098.25475
5646,Koch Bihar,3,19,West Bengal,10-01-2014,15092.598
5647,Murshidabad,7,19,West Bengal,10-01-2014,15154.95905
5648,Puruliya,14,19,West Bengal,10-01-2014,15118.45176
5649,Kolkata,17,19,West Bengal,10-01-2014,15321.63656
5650,Maldah,6,19,West Bengal,10-01-2014,15096.64407
5651,Nadia,10,19,West Bengal,10-01-2014,15209.68803
5652,North Twenty Four Parganas,11,19,West Bengal,10-01-2014,15114.05099
5653,Medinipur,15,19,West Bengal,10-01-2014,15099.03727
5654,Barddhaman,9,19,West Bengal,10-01-2014,15116.13875
5655,Birbhum,8,19,West Bengal,10-01-2014,15127.0285
5656,Bankura,13,19,West Bengal,10-01-2014,15126.3059
5657,Dakshin Dinajpur,5,19,West Bengal,10-01-2014,15056.20455
5658,Darjiling,1,19,West Bengal,10-01-2014,14878.76805
5659,Haora,16,19,West Bengal,10-01-2014,15111.64963
5660,South  Twenty Four Parganas,18,19,West Bengal,10-01-2014,15096.43216
5661,Uttar Dinajpur,4,19,West Bengal,10-01-2014,15097.90328
5662,Purbi Singhbhum,18,20,Jharkhand,10-01-2014,15103.57717
5663,Lohardaga,15,20,Jharkhand,10-01-2014,15054.99033
5664,Pakaur,10,20,Jharkhand,10-01-2014,15148.18876
5665,Pashchimi Singhbhum,17,20,Jharkhand,10-01-2014,15069.21814
5666,Bokaro,13,20,Jharkhand,10-01-2014,15113.76302
5667,Deoghar,7,20,Jharkhand,10-01-2014,15192.42842
5668,Dhanbad,12,20,Jharkhand,10-01-2014,15149.62731
5669,Dumka,11,20,Jharkhand,10-01-2014,15174.99859
5670,Giridih,6,20,Jharkhand,10-01-2014,15153.98305
5671,Godda,8,20,Jharkhand,10-01-2014,15110.64516
5672,Gumla,16,20,Jharkhand,10-01-2014,15085.64009
5673,Ranchi,14,20,Jharkhand,10-01-2014,15065.54147
5674,Sahibganj,9,20,Jharkhand,10-01-2014,15093.84298
5675,Garhwa,1,20,Jharkhand,10-01-2014,15196.49558
5676,Palamu,2,20,Jharkhand,10-01-2014,15150.71508
5677,Chatra,3,20,Jharkhand,10-01-2014,15107.00926
5678,Hazaribagh,4,20,Jharkhand,10-01-2014,15071.53304
5679,Kodarma,5,20,Jharkhand,10-01-2014,15104.4549
5680,Jajapur,13,21,Orissa,10-01-2014,15141.93718
5681,Jagatsinghapur,11,21,Orissa,10-01-2014,15102.45675
5682,Jharsuguda,2,21,Orissa,10-01-2014,15110.67232
5683,Khordha,17,21,Orissa,10-01-2014,15112.42738
5684,Mayurbhanj,7,21,Orissa,10-01-2014,15055.44165
5685,Puri,18,21,Orissa,10-01-2014,15114.13908
5686,Koraput,29,21,Orissa,10-01-2014,15045.66215
5687,Malkangiri,30,21,Orissa,10-01-2014,15061.80224
5688,Nabarangapur,28,21,Orissa,10-01-2014,15056.18062
5689,Nayagarh,16,21,Orissa,10-01-2014,15077.77781
5690,Nuapada,25,21,Orissa,10-01-2014,15076.12781
5691,Kandhamal,21,21,Orissa,10-01-2014,14984.97069
5692,Sambalpur,3,21,Orissa,10-01-2014,15087.34935
5693,Anugul,15,21,Orissa,10-01-2014,15106.95952
5694,Bhadrak,9,21,Orissa,10-01-2014,15092.89957
5695,Baudh,22,21,Orissa,10-01-2014,15108.00897
5696,Balangir,24,21,Orissa,10-01-2014,15145.18177
5697,Baleshwar,8,21,Orissa,10-01-2014,15082.80257
5698,Bargarh,1,21,Orissa,10-01-2014,15105.64539
5699,Kendrapara,10,21,Orissa,10-01-2014,15089.5516
5700,Kendujhar,6,21,Orissa,10-01-2014,15074.11191
5701,Debagarh,4,21,Orissa,10-01-2014,15093.25562
5702,Cuttack,12,21,Orissa,10-01-2014,15125.37676
5703,Dhenkanal,14,21,Orissa,10-01-2014,15127.62063
5704,Kalahandi,26,21,Orissa,10-01-2014,15089.52306
5705,Ganjam,19,21,Orissa,10-01-2014,15079.55108
5706,Gajapati,20,21,Orissa,10-01-2014,15013.15375
5707,Rayagada,27,21,Orissa,10-01-2014,15057.48622
5708,Sundargarh,5,21,Orissa,10-01-2014,15091.29683
5709,Sonapur,23,21,Orissa,10-01-2014,15130.3879
5710,Jashpur,3,22,Chhattisgarh,10-01-2014,15080.03353
5711,Koriya,1,22,Chhattisgarh,10-01-2014,15070.66425
5712,Mahasamund,12,22,Chhattisgarh,10-01-2014,15097.99587
5713,Raigarh,4,22,Chhattisgarh,10-01-2014,15097.32911
5714,Raipur,11,22,Chhattisgarh,10-01-2014,15089.02462
5715,Rajnandgaon,9,22,Chhattisgarh,10-01-2014,15116.85039
5716,Bastar,15,22,Chhattisgarh,10-01-2014,15031.40351
5717,Dantewada,16,22,Chhattisgarh,10-01-2014,15050.65174
5718,Dhamtari,13,22,Chhattisgarh,10-01-2014,15050.93491
5719,Durg,10,22,Chhattisgarh,10-01-2014,15127.007
5720,Kanker,14,22,Chhattisgarh,10-01-2014,15069.56488
5721,Surguja,2,22,Chhattisgarh,10-01-2014,15079.53141
5722,Bilaspur,7,22,Chhattisgarh,10-01-2014,15069.52578
5723,Janjgir - Champa,6,22,Chhattisgarh,10-01-2014,15082.72245
5724,Korba,5,22,Chhattisgarh,10-01-2014,15075.10309
5725,Kawardha,8,22,Chhattisgarh,10-01-2014,15090.4032
5726,Hoshangabad,37,23,Madhya Pradesh,10-01-2014,15297.15455
5727,Indore,26,23,Madhya Pradesh,10-01-2014,15445.47838
5728,Jabalpur,39,23,Madhya Pradesh,10-01-2014,15242.26283
5729,Jhabua,24,23,Madhya Pradesh,10-01-2014,15444.06618
5730,Mandsaur,19,23,Madhya Pradesh,10-01-2014,15523.99399
5731,Tikamgarh,8,23,Madhya Pradesh,10-01-2014,15489.6777
5732,Narsimhapur,40,23,Madhya Pradesh,10-01-2014,15288.76867
5733,Neemuch,18,23,Madhya Pradesh,10-01-2014,15480.9362
5734,Panna,10,23,Madhya Pradesh,10-01-2014,15311.76887
5735,Raisen,34,23,Madhya Pradesh,10-01-2014,15332.62395
5736,Rajgarh,30,23,Madhya Pradesh,10-01-2014,15507.2602
5737,Satna,13,23,Madhya Pradesh,10-01-2014,15223.23785
5738,Sehore,33,23,Madhya Pradesh,10-01-2014,15436.23532
5739,Seoni,44,23,Madhya Pradesh,10-01-2014,15250.05893
5740,Bhind,3,23,Madhya Pradesh,10-01-2014,15483.08239
5741,Bhopal,32,23,Madhya Pradesh,10-01-2014,15449.59195
5742,Barwani,28,23,Madhya Pradesh,10-01-2014,15459.44788
5743,Betul,35,23,Madhya Pradesh,10-01-2014,15282.94851
5744,Balaghat,45,23,Madhya Pradesh,10-01-2014,15079.24026
5745,Chhatarpur,9,23,Madhya Pradesh,10-01-2014,15407.229
5746,Chhindwara,43,23,Madhya Pradesh,10-01-2014,15255.93054
5747,Dewas,23,23,Madhya Pradesh,10-01-2014,15438.65802
5748,Katni,38,23,Madhya Pradesh,10-01-2014,15232.28751
5749,Datia,5,23,Madhya Pradesh,10-01-2014,15427.60876
5750,Damoh,12,23,Madhya Pradesh,10-01-2014,15400.59625
5751,Dhar,25,23,Madhya Pradesh,10-01-2014,15465.84731
5752,East Nimar,29,23,Madhya Pradesh,10-01-2014,15354.3577
5753,Guna,7,23,Madhya Pradesh,10-01-2014,15512.58885
5754,Gwalior,4,23,Madhya Pradesh,10-01-2014,15414.42232
5755,Harda,36,23,Madhya Pradesh,10-01-2014,15380.67799
5756,Shajapur,22,23,Madhya Pradesh,10-01-2014,15531.8985
5757,Shivpuri,6,23,Madhya Pradesh,10-01-2014,15434.24119
5758,Ratlam,20,23,Madhya Pradesh,10-01-2014,15540.92113
5759,Rewa,14,23,Madhya Pradesh,10-01-2014,15215.15244
5760,Sagar,11,23,Madhya Pradesh,10-01-2014,15455.65424
5761,Sidhi,17,23,Madhya Pradesh,10-01-2014,15175.60295
5762,Ujjain,21,23,Madhya Pradesh,10-01-2014,15574.78451
5763,Vidisha,31,23,Madhya Pradesh,10-01-2014,15549.01703
5764,West Nimar,27,23,Madhya Pradesh,10-01-2014,15430.35749
5765,Morena,2,23,Madhya Pradesh,10-01-2014,15470.69826
5766,Sheopur,1,23,Madhya Pradesh,10-01-2014,15423.27363
5767,Dindori,41,23,Madhya Pradesh,10-01-2014,15124.04476
5768,Mandla,42,23,Madhya Pradesh,10-01-2014,15150.85811
5769,Shahdol,16,23,Madhya Pradesh,10-01-2014,15162.42739
5770,Umaria,15,23,Madhya Pradesh,10-01-2014,15164.72435
5771,Jamnagar,10,24,Gujarat,10-01-2014,15513.1801
5772,Kheda,16,24,Gujarat,10-01-2014,15399.98298
5773,Mahesana,4,24,Gujarat,10-01-2014,15474.01004
5774,Narmada,20,24,Gujarat,10-01-2014,15346.55029
5775,Navsari,24,24,Gujarat,10-01-2014,15298.68096
5776,Panch Mahals,17,24,Gujarat,10-01-2014,15376.0639
5777,Patan,3,24,Gujarat,10-01-2014,15644.17914
5778,Porbandar,11,24,Gujarat,10-01-2014,15440.80307
5779,Rajkot,9,24,Gujarat,10-01-2014,15471.90708
5780,Anand,15,24,Gujarat,10-01-2014,15341.2235
5781,Ahmadabad,7,24,Gujarat,10-01-2014,15465.27862
5782,Amreli,13,24,Gujarat,10-01-2014,15441.63286
5783,Bhavnagar,14,24,Gujarat,10-01-2014,15457.11354
5784,Banas Kantha,2,24,Gujarat,10-01-2014,15560.42143
5785,Dohad,18,24,Gujarat,10-01-2014,15369.52274
5786,Junagadh,12,24,Gujarat,10-01-2014,15413.79047
5787,Kachchh,1,24,Gujarat,10-01-2014,15724.72847
5788,Gandhinagar,6,24,Gujarat,10-01-2014,15432.57246
5789,Sabar Kantha,5,24,Gujarat,10-01-2014,15388.617
5790,Surendranagar,8,24,Gujarat,10-01-2014,15539.72993
5791,The Dangs,23,24,Gujarat,10-01-2014,15162.71378
5792,Vadodara,19,24,Gujarat,10-01-2014,15408.31219
5793,Valsad,25,24,Gujarat,10-01-2014,15259.31178
5794,Bharuch,21,24,Gujarat,10-01-2014,15479.08934
5795,Surat,22,24,Gujarat,10-01-2014,15331.8672
5796,Daman,2,25,Daman & Diu,10-01-2014,15280.08751
5797,Diu,1,25,Daman & Diu,10-01-2014,15344.87273
5798,Dadra & Nagar Haveli,1,26,Dadara & Nagar Havelli,10-01-2014,15280.77702
5799,Hingoli,16,27,Maharashtra,10-01-2014,15481.61959
5800,Jalgaon,3,27,Maharashtra,10-01-2014,15419.6141
5801,Jalna,18,27,Maharashtra,10-01-2014,15496.47694
5802,Kolhapur,34,27,Maharashtra,10-01-2014,15128.19042
5803,Latur,28,27,Maharashtra,10-01-2014,15517.08261
5804,Pune,25,27,Maharashtra,10-01-2014,15317.44226
5805,Nagpur,9,27,Maharashtra,10-01-2014,15267.90034
5806,Mumbai,23,27,Maharashtra,10-01-2014,15358.79808
5807,Mumbai (Suburban),22,27,Maharashtra,10-01-2014,15337.18765
5808,Nanded,15,27,Maharashtra,10-01-2014,15454.00904
5809,Nandurbar,1,27,Maharashtra,10-01-2014,15396.92629
5810,Nashik,20,27,Maharashtra,10-01-2014,15351.9089
5811,Osmanabad,29,27,Maharashtra,10-01-2014,15538.3715
5812,Parbhani,17,27,Maharashtra,10-01-2014,15536.51519
5813,Sangli,35,27,Maharashtra,10-01-2014,15366.66536
5814,Satara,31,27,Maharashtra,10-01-2014,15284.992
5815,Aurangabad,19,27,Maharashtra,10-01-2014,15415.87015
5816,Ahmadnagar,26,27,Maharashtra,10-01-2014,15490.32602
5817,Akola,5,27,Maharashtra,10-01-2014,15463.87263
5818,Amravati,7,27,Maharashtra,10-01-2014,15326.51647
5819,Bid,27,27,Maharashtra,10-01-2014,15514.19738
5820,Bhandara,10,27,Maharashtra,10-01-2014,15154.8828
5821,Buldana,4,27,Maharashtra,10-01-2014,15435.73722
5822,Chandrapur,13,27,Maharashtra,10-01-2014,15215.28673
5823,Dhule,2,27,Maharashtra,10-01-2014,15482.18965
5824,Gadchiroli,12,27,Maharashtra,10-01-2014,15104.91396
5825,Gondiya,11,27,Maharashtra,10-01-2014,15112.13802
5826,Ratnagiri,32,27,Maharashtra,10-01-2014,15164.18072
5827,Raigarh,24,27,Maharashtra,10-01-2014,15199.1017
5828,Thane,21,27,Maharashtra,10-01-2014,15239.66681
5829,Solapur,30,27,Maharashtra,10-01-2014,15519.39635
5830,Sindhudurg,33,27,Maharashtra,10-01-2014,15182.37415
5831,Wardha,8,27,Maharashtra,10-01-2014,15320.88963
5832,Washim,6,27,Maharashtra,10-01-2014,15455.63605
5833,Yavatmal,14,27,Maharashtra,10-01-2014,15361.02384
5834,Hyderabad,5,28,Andhra Pradesh,10-01-2014,15349.38047
5835,Khammam,10,28,Andhra Pradesh,10-01-2014,15150.09243
5836,Medak,4,28,Andhra Pradesh,10-01-2014,15304.75284
5837,Krishna,16,28,Andhra Pradesh,10-01-2014,15123.60206
5838,Kurnool,21,28,Andhra Pradesh,10-01-2014,15381.82527
5839,Mahbubnagar,7,28,Andhra Pradesh,10-01-2014,15311.85695
5840,Nalgonda,8,28,Andhra Pradesh,10-01-2014,15338.80845
5841,Nellore,19,28,Andhra Pradesh,10-01-2014,15447.25369
5842,Nizamabad,2,28,Andhra Pradesh,10-01-2014,15299.79294
5843,Prakasam,18,28,Andhra Pradesh,10-01-2014,15415.20137
5844,Anantapur,22,28,Andhra Pradesh,10-01-2014,15474.01245
5845,Adilabad,1,28,Andhra Pradesh,10-01-2014,15265.47874
5846,Chittoor,23,28,Andhra Pradesh,10-01-2014,15308.43273
5847,Cuddapah,20,28,Andhra Pradesh,10-01-2014,15433.81762
5848,East Godavari,14,28,Andhra Pradesh,10-01-2014,15033.4457
5849,Karimnagar,3,28,Andhra Pradesh,10-01-2014,15246.45336
5850,Guntur,17,28,Andhra Pradesh,10-01-2014,15279.40076
5851,Rangareddi,6,28,Andhra Pradesh,10-01-2014,15310.64359
5852,Srikakulam,11,28,Andhra Pradesh,10-01-2014,15109.71874
5853,West Godavari,15,28,Andhra Pradesh,10-01-2014,15097.23257
5854,Visakhapatnam,13,28,Andhra Pradesh,10-01-2014,15052.4677
5855,Vizianagaram,12,28,Andhra Pradesh,10-01-2014,15122.48066
5856,Warangal,9,28,Andhra Pradesh,10-01-2014,15232.00719
5857,Hassan,23,29,Karnataka,10-01-2014,15029.84079
5858,Haveri,11,29,Karnataka,10-01-2014,15205.55195
5859,Kodagu,25,29,Karnataka,10-01-2014,14943.58203
5860,Kolar,19,29,Karnataka,10-01-2014,15258.26335
5861,Mandya,22,29,Karnataka,10-01-2014,15069.32456
5862,Koppal,7,29,Karnataka,10-01-2014,15377.97712
5863,Mysore,26,29,Karnataka,10-01-2014,15058.362
5864,Raichur,6,29,Karnataka,10-01-2014,15361.07447
5865,Bagalkot,2,29,Karnataka,10-01-2014,15384.93748
5866,Bangalore,20,29,Karnataka,10-01-2014,15108.91089
5867,Bidar,5,29,Karnataka,10-01-2014,15484.04666
5868,Bijapur,3,29,Karnataka,10-01-2014,15482.12072
5869,Belgaum,1,29,Karnataka,10-01-2014,15251.52351
5870,Bellary,12,29,Karnataka,10-01-2014,15272.25223
5871,Bangalore Rural,21,29,Karnataka,10-01-2014,15070.98962
5872,Chamarajanagar,27,29,Karnataka,10-01-2014,15103.40292
5873,Chikmagalur,17,29,Karnataka,10-01-2014,15007.99742
5874,Chitradurga,13,29,Karnataka,10-01-2014,15274.55718
5875,Dakshina Kannada,24,29,Karnataka,10-01-2014,15135.42377
5876,Davanagere,14,29,Karnataka,10-01-2014,15138.88895
5877,Dharwad,9,29,Karnataka,10-01-2014,15299.53041
5878,Gulbarga,4,29,Karnataka,10-01-2014,15389.36144
5879,Gadag,8,29,Karnataka,10-01-2014,15419.35188
5880,Shimoga,15,29,Karnataka,10-01-2014,15027.80819
5881,Tumkur,18,29,Karnataka,10-01-2014,15171.446
5882,Udupi,16,29,Karnataka,10-01-2014,15146.79603
5883,Uttara Kannada,10,29,Karnataka,10-01-2014,15045.25879
5884,North Goa,1,30,Goa,10-01-2014,15165.82631
5885,South Goa,2,30,Goa,10-01-2014,15147.36642
5886,Lakshadweep,1,31,Lakshadweep,10-01-2014,15009.50454
5887,Idukki,9,32,Kerala,10-01-2014,14928.51347
5888,Kollam,13,32,Kerala,10-01-2014,15118.25963
5889,Kottayam,10,32,Kerala,10-01-2014,15171.45714
5890,Kozhikode,4,32,Kerala,10-01-2014,15120.66116
5891,Malappuram,5,32,Kerala,10-01-2014,15083.14786
5892,Palakkad,6,32,Kerala,10-01-2014,15077.09889
5893,Pathanamthitta,12,32,Kerala,10-01-2014,15063.85108
5894,Alappuzha,11,32,Kerala,10-01-2014,15141.4235
5895,Kasaragod,1,32,Kerala,10-01-2014,15122.17365
5896,Kannur,2,32,Kerala,10-01-2014,15130.99396
5897,Ernakulam,8,32,Kerala,10-01-2014,15159.39119
5898,Thrissur,7,32,Kerala,10-01-2014,15106.48921
5899,Thiruvananthapuram,14,32,Kerala,10-01-2014,15138.52651
5900,Wayanad,3,32,Kerala,10-01-2014,14940.57557
5901,Kanniyakumari,30,33,Tamil Nadu,10-01-2014,15144.1549
5902,Karur,14,33,Tamil Nadu,10-01-2014,15419.81455
5903,Madurai,24,33,Tamil Nadu,10-01-2014,15332.01996
5904,Namakkal,9,33,Tamil Nadu,10-01-2014,15278.22034
5905,The Nilgiris,11,33,Tamil Nadu,10-01-2014,14821.18563
5906,Perambalur,16,33,Tamil Nadu,10-01-2014,15516.00923
5907,Pudukkottai,22,33,Tamil Nadu,10-01-2014,15424.50658
5908,Ramanathapuram,27,33,Tamil Nadu,10-01-2014,15620.74951
5909,Salem,8,33,Tamil Nadu,10-01-2014,15233.69297
5910,Ariyalur,17,33,Tamil Nadu,10-01-2014,15483.84885
5911,Coimbatore,12,33,Tamil Nadu,10-01-2014,15242.58233
5912,Cuddalore,18,33,Tamil Nadu,10-01-2014,15427.18236
5913,Dharmapuri,5,33,Tamil Nadu,10-01-2014,15248.84208
5914,Dindigul,13,33,Tamil Nadu,10-01-2014,15182.47501
5915,Erode,10,33,Tamil Nadu,10-01-2014,15222.82245
5916,Sivaganga,23,33,Tamil Nadu,10-01-2014,15462.45454
5917,Tiruchirappalli,15,33,Tamil Nadu,10-01-2014,15354.55957
5918,Tirunelveli,29,33,Tamil Nadu,10-01-2014,15482.93936
5919,Tiruvannamalai,6,33,Tamil Nadu,10-01-2014,15259.81392
5920,Thoothukkudi,28,33,Tamil Nadu,10-01-2014,15675.25922
5921,Theni,25,33,Tamil Nadu,10-01-2014,15168.10225
5922,Vellore,4,33,Tamil Nadu,10-01-2014,15251.68397
5923,Viluppuram,7,33,Tamil Nadu,10-01-2014,15318.80445
5924,Virudhunagar,26,33,Tamil Nadu,10-01-2014,15522.98312
5925,Chennai,2,33,Tamil Nadu,10-01-2014,15390.14496
5926,Kancheepuram,3,33,Tamil Nadu,10-01-2014,15306.0567
5927,Thiruvallur,1,33,Tamil Nadu,10-01-2014,15306.53048
5928,Thanjavur,21,33,Tamil Nadu,10-01-2014,15332.20094
5929,Thiruvarur,20,33,Tamil Nadu,10-01-2014,15292.47841
5930,Nagapattinam,19,33,Tamil Nadu,10-01-2014,15307.49084
5931,Pondicherry,2,34,Puducherry,10-01-2014,15306.81515
5932,Yanam,1,34,Puducherry,10-01-2014,15091.50654
5933,Karaikal,4,34,Puducherry,10-01-2014,15343.55972
5934,Mahe,3,34,Puducherry,10-01-2014,15131.21027
5935,Nicobars,2,35,Andaman & Nicobar Island,10-01-2014,14971.40969
5936,Andamans,1,35,Andaman & Nicobar Island,10-01-2014,14964.77105
5937,Data Not Available,99,99,Jammu and Kashmir,10-01-2014,14092.0414
5938,Jammu,13,1,Jammu and Kashmir,11-01-2014,14871.258
5939,Kargil,8,1,Jammu and Kashmir,11-01-2014,13603.83632
5940,Kathua,14,1,Jammu and Kashmir,11-01-2014,14782.37154
5941,Leh (Ladakh),7,1,Jammu and Kashmir,11-01-2014,13739.98544
5942,Kupwara,1,1,Jammu and Kashmir,11-01-2014,14107.82822
5943,Punch,11,1,Jammu and Kashmir,11-01-2014,14489.39012
5944,Pulwama,5,1,Jammu and Kashmir,11-01-2014,14275.76561
5945,Rajauri,12,1,Jammu and Kashmir,11-01-2014,14645.69694
5946,Srinagar,3,1,Jammu and Kashmir,11-01-2014,13948.26093
5947,Udhampur,10,1,Jammu and Kashmir,11-01-2014,14557.96889
5948,Anantnag,6,1,Jammu and Kashmir,11-01-2014,13995.93009
5949,Badgam,4,1,Jammu and Kashmir,11-01-2014,14132.75858
5950,Baramula,2,1,Jammu and Kashmir,11-01-2014,13973.69496
5951,Doda,9,1,Jammu and Kashmir,11-01-2014,13887.82603
5952,Kangra,2,2,Himachal Pradesh,11-01-2014,14593.70454
5953,Kinnaur,12,2,Himachal Pradesh,11-01-2014,14003.66617
5954,Lahul & Spiti,3,2,Himachal Pradesh,11-01-2014,13727.89976
5955,Kullu,4,2,Himachal Pradesh,11-01-2014,14121.48513
5956,Mandi,5,2,Himachal Pradesh,11-01-2014,14623.83124
5957,Shimla,11,2,Himachal Pradesh,11-01-2014,14519.73485
5958,Sirmaur,10,2,Himachal Pradesh,11-01-2014,14733.13494
5959,Solan,9,2,Himachal Pradesh,11-01-2014,14788.38241
5960,Una,7,2,Himachal Pradesh,11-01-2014,14866.42221
5961,Bilaspur,8,2,Himachal Pradesh,11-01-2014,14769.10938
5962,Chamba,1,2,Himachal Pradesh,11-01-2014,14192.60304
5963,Hamirpur,6,2,Himachal Pradesh,11-01-2014,14763.72553
5964,Hoshiarpur,5,3,Punjab,11-01-2014,14928.68465
5965,Jalandhar,4,3,Punjab,11-01-2014,15025.72018
5966,Kapurthala,3,3,Punjab,11-01-2014,15021.38627
5967,Ludhiana,9,3,Punjab,11-01-2014,15093.03762
5968,Mansa,15,3,Punjab,11-01-2014,15145.17978
5969,Moga,10,3,Punjab,11-01-2014,15174.05014
5970,Muktsar,12,3,Punjab,11-01-2014,15144.91435
5971,Nawanshahr,6,3,Punjab,11-01-2014,14998.47792
5972,Patiala,17,3,Punjab,11-01-2014,15098.60525
5973,Sangrur,16,3,Punjab,11-01-2014,15174.22267
5974,Rupnagar,7,3,Punjab,11-01-2014,15005.28883
5975,Amritsar,2,3,Punjab,11-01-2014,14991.46256
5976,Firozpur,11,3,Punjab,11-01-2014,15111.45998
5977,Bathinda,14,3,Punjab,11-01-2014,15129.06378
5978,Gurdaspur,1,3,Punjab,11-01-2014,14967.57259
5979,Faridkot,13,3,Punjab,11-01-2014,15186.51859
5980,Fatehgarh Sahib,8,3,Punjab,11-01-2014,15077.81951
5981,Chandigarh,1,4,Chandigarh,11-01-2014,15000.75886
5982,Hardwar,13,5,Uttarakhand,11-01-2014,14885.7345
5983,Nainital,11,5,Uttarakhand,11-01-2014,14768.9401
5984,Pithoragarh,7,5,Uttarakhand,11-01-2014,14173.57081
5985,Rudraprayag,3,5,Uttarakhand,11-01-2014,14386.19963
5986,Tehri Garhwal,4,5,Uttarakhand,11-01-2014,14544.05003
5987,Udham Singh Nagar,12,5,Uttarakhand,11-01-2014,15004.28116
5988,Uttarkashi,1,5,Uttarakhand,11-01-2014,14125.32573
5989,Bageshwar,8,5,Uttarakhand,11-01-2014,14472.68039
5990,Almora,9,5,Uttarakhand,11-01-2014,14725.54728
5991,Chamoli,2,5,Uttarakhand,11-01-2014,14084.91916
5992,Champawat,10,5,Uttarakhand,11-01-2014,14677.98746
5993,Dehradun,5,5,Uttarakhand,11-01-2014,14737.6908
5994,Garhwal,6,5,Uttarakhand,11-01-2014,14699.28398
5995,Hisar,12,6,Haryana,11-01-2014,15138.8477
5996,Jind,9,6,Haryana,11-01-2014,15106.44454
5997,Kaithal,5,6,Haryana,11-01-2014,15109.41896
5998,Karnal,6,6,Haryana,11-01-2014,15109.46828
5999,Kurukshetra,4,6,Haryana,11-01-2014,15030.29047
6000,Panchkula,1,6,Haryana,11-01-2014,14952.28323
6001,Panipat,7,6,Haryana,11-01-2014,15113.66311
6002,Rohtak,14,6,Haryana,11-01-2014,15095.29935
6003,Sirsa,11,6,Haryana,11-01-2014,15134.7274
6004,Sonipat,8,6,Haryana,11-01-2014,15107.48362
6005,Yamunanagar,3,6,Haryana,11-01-2014,14942.84138
6006,Jhajjar,15,6,Haryana,11-01-2014,15169.82211
6007,Mahendragarh,16,6,Haryana,11-01-2014,15279.13963
6008,Rewari,17,6,Haryana,11-01-2014,15237.3456
6009,Bhiwani,13,6,Haryana,11-01-2014,15239.36202
6010,Ambala,2,6,Haryana,11-01-2014,15000.57788
6011,Gurgaon,18,6,Haryana,11-01-2014,15164.92394
6012,Faridabad,19,6,Haryana,11-01-2014,15130.49843
6013,Fatehabad,10,6,Haryana,11-01-2014,15145.81536
6014,Central,6,7,Delhi  & NCR,11-01-2014,14999.57881
6015,East,4,7,Delhi  & NCR,11-01-2014,14996.80806
6016,New Delhi,5,7,Delhi  & NCR,11-01-2014,14961.59454
6017,North,2,7,Delhi  & NCR,11-01-2014,15012.42446
6018,North East,3,7,Delhi  & NCR,11-01-2014,15031.244
6019,North West,1,7,Delhi  & NCR,11-01-2014,15090.06478
6020,South,9,7,Delhi  & NCR,11-01-2014,15034.44621
6021,South West,8,7,Delhi  & NCR,11-01-2014,15083.85362
6022,West,7,7,Delhi  & NCR,11-01-2014,15061.29902
6023,Jaipur,12,8,Rajasthan,11-01-2014,15302.09433
6024,Jaisalmer,16,8,Rajasthan,11-01-2014,15617.21514
6025,Jalor,18,8,Rajasthan,11-01-2014,15454.76076
6026,Jhalawar,32,8,Rajasthan,11-01-2014,15353.4722
6027,Jhunjhunun,5,8,Rajasthan,11-01-2014,15314.29202
6028,Jodhpur,15,8,Rajasthan,11-01-2014,15504.35243
6029,Kota,30,8,Rajasthan,11-01-2014,15290.21251
6030,Nagaur,14,8,Rajasthan,11-01-2014,15410.58501
6031,Pali,20,8,Rajasthan,11-01-2014,15420.4054
6032,Rajsamand,25,8,Rajasthan,11-01-2014,15241.17344
6033,Sawai Madhopur,10,8,Rajasthan,11-01-2014,15193.48832
6034,Sirohi,19,8,Rajasthan,11-01-2014,15338.77898
6035,Tonk,22,8,Rajasthan,11-01-2014,15227.14105
6036,Sikar,13,8,Rajasthan,11-01-2014,15313.7742
6037,Alwar,6,8,Rajasthan,11-01-2014,15218.28487
6038,Udaipur,26,8,Rajasthan,11-01-2014,15239.22674
6039,Ganganagar,1,8,Rajasthan,11-01-2014,15255.12094
6040,Hanumangarh,2,8,Rajasthan,11-01-2014,15251.21705
6041,Baran,31,8,Rajasthan,11-01-2014,15305.19251
6042,Ajmer,21,8,Rajasthan,11-01-2014,15342.81251
6043,Banswara,28,8,Rajasthan,11-01-2014,15383.32057
6044,Barmer,17,8,Rajasthan,11-01-2014,15558.97844
6045,Bhilwara,24,8,Rajasthan,11-01-2014,15296.70291
6046,Bikaner,3,8,Rajasthan,11-01-2014,15481.63396
6047,Bharatpur,7,8,Rajasthan,11-01-2014,15240.12741
6048,Bundi,23,8,Rajasthan,11-01-2014,15265.04453
6049,Chittaurgarh,29,8,Rajasthan,11-01-2014,15270.47271
6050,Churu,4,8,Rajasthan,11-01-2014,15398.26154
6051,Dausa,11,8,Rajasthan,11-01-2014,15262.19153
6052,Dhaulpur,8,8,Rajasthan,11-01-2014,15265.43014
6053,Dungarpur,27,8,Rajasthan,11-01-2014,15331.40111
6054,Karauli,9,8,Rajasthan,11-01-2014,15264.31495
6055,Hathras,13,9,Uttar Pradesh,11-01-2014,15111.29019
6056,Jalaun,35,9,Uttar Pradesh,11-01-2014,15221.09
6057,Jaunpur,64,9,Uttar Pradesh,11-01-2014,15091.02762
6058,Jhansi,36,9,Uttar Pradesh,11-01-2014,15298.75424
6059,Jyotiba Phule Nagar,6,9,Uttar Pradesh,11-01-2014,14972.64638
6060,Kannauj,30,9,Uttar Pradesh,11-01-2014,15038.63219
6061,Kanpur Nagar,34,9,Uttar Pradesh,11-01-2014,15066.78137
6062,Kaushambi,44,9,Uttar Pradesh,11-01-2014,15093.81141
6063,Kheri,23,9,Uttar Pradesh,11-01-2014,14989.7691
6064,Mirzapur,69,9,Uttar Pradesh,11-01-2014,15105.92308
6065,Moradabad,4,9,Uttar Pradesh,11-01-2014,15006.41364
6066,Muzaffarnagar,2,9,Uttar Pradesh,11-01-2014,14938.74478
6067,Rae Bareli,28,9,Uttar Pradesh,11-01-2014,15046.42159
6068,Kushinagar,59,9,Uttar Pradesh,11-01-2014,15001.15327
6069,Lucknow,27,9,Uttar Pradesh,11-01-2014,15032.90853
6070,Lalitpur,37,9,Uttar Pradesh,11-01-2014,15304.48935
6071,Mahrajganj,57,9,Uttar Pradesh,11-01-2014,15006.64979
6072,Mahoba,39,9,Uttar Pradesh,11-01-2014,15320.1364
6073,Mainpuri,18,9,Uttar Pradesh,11-01-2014,15068.72689
6074,Mathura,14,9,Uttar Pradesh,11-01-2014,15151.76306
6075,Mau,62,9,Uttar Pradesh,11-01-2014,15051.12124
6076,Meerut,7,9,Uttar Pradesh,11-01-2014,14973.80578
6077,Pilibhit,21,9,Uttar Pradesh,11-01-2014,15018.09077
6078,Pratapgarh,43,9,Uttar Pradesh,11-01-2014,15078.94388
6079,Rampur,5,9,Uttar Pradesh,11-01-2014,15010.63818
6080,Sant Ravidas Nagar Bhadohi,68,9,Uttar Pradesh,11-01-2014,15075.32619
6081,Sant Kabir Nagar,56,9,Uttar Pradesh,11-01-2014,15058.72791
6082,Shahjahanpur,22,9,Uttar Pradesh,11-01-2014,15080.75374
6083,Shrawasti,51,9,Uttar Pradesh,11-01-2014,15042.98328
6084,Saharanpur,1,9,Uttar Pradesh,11-01-2014,14914.74922
6085,Sitapur,24,9,Uttar Pradesh,11-01-2014,15044.94962
6086,Sultanpur,49,9,Uttar Pradesh,11-01-2014,15067.78939
6087,Sonbhadra,70,9,Uttar Pradesh,11-01-2014,15067.77537
6088,Siddharthnagar,54,9,Uttar Pradesh,11-01-2014,15044.226
6089,Unnao,26,9,Uttar Pradesh,11-01-2014,15054.6157
6090,Varanasi,67,9,Uttar Pradesh,11-01-2014,15071.90722
6091,Bulandshahr,11,9,Uttar Pradesh,11-01-2014,15054.35271
6092,Gautam Buddha Nagar,10,9,Uttar Pradesh,11-01-2014,15104.95852
6093,Ghaziabad,9,9,Uttar Pradesh,11-01-2014,15033.58891
6094,Auraiya,32,9,Uttar Pradesh,11-01-2014,15098.52918
6095,Azamgarh,61,9,Uttar Pradesh,11-01-2014,15049.40799
6096,Budaun,19,9,Uttar Pradesh,11-01-2014,15094.17526
6097,Agra,15,9,Uttar Pradesh,11-01-2014,15165.80857
6098,Aligarh,12,9,Uttar Pradesh,11-01-2014,15106.59012
6099,Allahabad,45,9,Uttar Pradesh,11-01-2014,15089.10123
6100,Ambedkar Nagar,48,9,Uttar Pradesh,11-01-2014,15036.2037
6101,Bareilly,20,9,Uttar Pradesh,11-01-2014,15042.53789
6102,Bijnor,3,9,Uttar Pradesh,11-01-2014,14923.34577
6103,Basti,55,9,Uttar Pradesh,11-01-2014,15030.80495
6104,Baghpat,8,9,Uttar Pradesh,11-01-2014,14984.89434
6105,Bahraich,50,9,Uttar Pradesh,11-01-2014,14996.9607
6106,Ballia,63,9,Uttar Pradesh,11-01-2014,15084.14844
6107,Balrampur,52,9,Uttar Pradesh,11-01-2014,15014.24232
6108,Banda,40,9,Uttar Pradesh,11-01-2014,15200.18578
6109,Barabanki,46,9,Uttar Pradesh,11-01-2014,15050.71499
6110,Chitrakoot,41,9,Uttar Pradesh,11-01-2014,15158.43179
6111,Chandauli,66,9,Uttar Pradesh,11-01-2014,15027.048
6112,Deoria,60,9,Uttar Pradesh,11-01-2014,15052.87017
6113,Etah,17,9,Uttar Pradesh,11-01-2014,15084.80253
6114,Kanpur Dehat,33,9,Uttar Pradesh,11-01-2014,15115.22221
6115,Etawah,31,9,Uttar Pradesh,11-01-2014,15091.60031
6116,Faizabad,47,9,Uttar Pradesh,11-01-2014,15028.57518
6117,Ghazipur,65,9,Uttar Pradesh,11-01-2014,15068.39803
6118,Gonda,53,9,Uttar Pradesh,11-01-2014,15035.04453
6119,Gorakhpur,58,9,Uttar Pradesh,11-01-2014,15045.2697
6120,Farrukhabad,29,9,Uttar Pradesh,11-01-2014,15050.1844
6121,Fatehpur,42,9,Uttar Pradesh,11-01-2014,15107.96447
6122,Firozabad,16,9,Uttar Pradesh,11-01-2014,15097.48385
6123,Hamirpur,38,9,Uttar Pradesh,11-01-2014,15253.47226
6124,Hardoi,25,9,Uttar Pradesh,11-01-2014,15092.3961
6125,Jamui,37,10,Bihar,11-01-2014,15063.75209
6126,Kishanganj,8,10,Bihar,11-01-2014,15117.35512
6127,Muzaffarpur,14,10,Bihar,11-01-2014,15016.66
6128,Purnia,9,10,Bihar,11-01-2014,15104.61085
6129,Khagaria,21,10,Bihar,11-01-2014,15084.28097
6130,Madhubani,5,10,Bihar,11-01-2014,15021.0311
6131,Lakhisarai,25,10,Bihar,11-01-2014,15044.18744
6132,Madhepura,11,10,Bihar,11-01-2014,15090.24218
6133,Purba Champaran,2,10,Bihar,11-01-2014,15012.09607
6134,Munger,24,10,Bihar,11-01-2014,15038.65829
6135,Nalanda,27,10,Bihar,11-01-2014,15063.23983
6136,Nawada,36,10,Bihar,11-01-2014,15040.72688
6137,Pashchim Champaran,1,10,Bihar,11-01-2014,14972.28614
6138,Patna,28,10,Bihar,11-01-2014,15042.29729
6139,Samastipur,19,10,Bihar,11-01-2014,15089.26734
6140,Sheikhpura,26,10,Bihar,11-01-2014,15065.28005
6141,Sheohar,3,10,Bihar,11-01-2014,14999.56822
6142,Saharsa,12,10,Bihar,11-01-2014,15028.83634
6143,Sitamarhi,4,10,Bihar,11-01-2014,14990.07495
6144,Siwan,16,10,Bihar,11-01-2014,15002.70885
6145,Supaul,6,10,Bihar,11-01-2014,15051.217
6146,Vaishali,18,10,Bihar,11-01-2014,15008.81458
6147,Kaimur (Bhabua),31,10,Bihar,11-01-2014,15038.28142
6148,Gaya,35,10,Bihar,11-01-2014,15078.01545
6149,Bhojpur,29,10,Bihar,11-01-2014,15026.84746
6150,Buxar,30,10,Bihar,11-01-2014,15030.69877
6151,Jehanabad,33,10,Bihar,11-01-2014,15019.12354
6152,Rohtas,32,10,Bihar,11-01-2014,14995.31038
6153,Araria,7,10,Bihar,11-01-2014,15078.24439
6154,Aurangabad,34,10,Bihar,11-01-2014,15038.42103
6155,Banka,23,10,Bihar,11-01-2014,15071.74466
6156,Bhagalpur,22,10,Bihar,11-01-2014,15082.17972
6157,Begusarai,20,10,Bihar,11-01-2014,15105.62218
6158,Saran,17,10,Bihar,11-01-2014,15009.74832
6159,Katihar,10,10,Bihar,11-01-2014,15081.96157
6160,Darbhanga,13,10,Bihar,11-01-2014,15049.55342
6161,Gopalganj,15,10,Bihar,11-01-2014,14991.05235
6162,North,1,11,Sikkim,11-01-2014,14076.74165
6163,South,3,11,Sikkim,11-01-2014,14523.1775
6164,West,2,11,Sikkim,11-01-2014,14354.06386
6165,East,4,11,Sikkim,11-01-2014,14459.36393
6166,Lohit,11,12,Arunanchal Pradesh,11-01-2014,14431.27801
6167,Lower Subansiri,5,12,Arunanchal Pradesh,11-01-2014,14368.72361
6168,Papum Pare,4,12,Arunanchal Pradesh,11-01-2014,14616.98242
6169,Tawang,1,12,Arunanchal Pradesh,11-01-2014,14217.18961
6170,Tirap,13,12,Arunanchal Pradesh,11-01-2014,14718.3725
6171,West Kameng,2,12,Arunanchal Pradesh,11-01-2014,14421.61451
6172,West Siang,7,12,Arunanchal Pradesh,11-01-2014,14468.79651
6173,Upper Siang,9,12,Arunanchal Pradesh,11-01-2014,14312.41019
6174,Upper Subansiri,6,12,Arunanchal Pradesh,11-01-2014,14302.72163
6175,Changlang,12,12,Arunanchal Pradesh,11-01-2014,14655.55773
6176,Dibang Valley,10,12,Arunanchal Pradesh,11-01-2014,14259.587
6177,East Kameng,3,12,Arunanchal Pradesh,11-01-2014,14463.3468
6178,East Siang,8,12,Arunanchal Pradesh,11-01-2014,14759.20431
6179,Mokokchung,3,13,Nagaland,11-01-2014,14782.6994
6180,Mon,1,13,Nagaland,11-01-2014,14794.17626
6181,Phek,8,13,Nagaland,11-01-2014,14598.06074
6182,Tuensang,2,13,Nagaland,11-01-2014,14613.53939
6183,Wokha,5,13,Nagaland,11-01-2014,14806.60022
6184,Zunheboto,4,13,Nagaland,11-01-2014,14641.94219
6185,Dimapur,6,13,Nagaland,11-01-2014,14910.61986
6186,Kohima,7,13,Nagaland,11-01-2014,14717.97794
6187,Imphal East,7,14,Manipur,11-01-2014,14901.69429
6188,Imphal West,6,14,Manipur,11-01-2014,14891.29468
6189,Senapati (Excl. 3 sub-divisions),1,14,Manipur,11-01-2014,14675.37009
6190,Tamenglong,2,14,Manipur,11-01-2014,14732.53074
6191,Thoubal,5,14,Manipur,11-01-2014,14865.98908
6192,Ukhrul,8,14,Manipur,11-01-2014,14665.77599
6193,Bishnupur,4,14,Manipur,11-01-2014,14818.00183
6194,Chandel,9,14,Manipur,11-01-2014,14706.96991
6195,Churachandpur,3,14,Manipur,11-01-2014,14737.54848
6196,Kolasib,2,15,Mizoram,11-01-2014,14852.40189
6197,Mamit,1,15,Mizoram,11-01-2014,14847.36636
6198,Lunglei,6,15,Mizoram,11-01-2014,14802.1733
6199,Lawngtlai,7,15,Mizoram,11-01-2014,14861.92101
6200,Saiha,8,15,Mizoram,11-01-2014,14769.53342
6201,Serchhip,5,15,Mizoram,11-01-2014,14732.66491
6202,Aizawl,3,15,Mizoram,11-01-2014,14783.14367
6203,Champhai,4,15,Mizoram,11-01-2014,14711.92971
6204,North Tripura,4,16,Tripura,11-01-2014,14960.45832
6205,South Tripura,2,16,Tripura,11-01-2014,14989.66583
6206,West Tripura,1,16,Tripura,11-01-2014,15008.56291
6207,Dhalai,3,16,Tripura,11-01-2014,14950.85155
6208,Jaintia Hills,7,17,Meghalaya,11-01-2014,14816.3306
6209,Ri Bhoi,5,17,Meghalaya,11-01-2014,14839.61232
6210,South Garo Hills,3,17,Meghalaya,11-01-2014,14947.41067
6211,West Garo Hills,1,17,Meghalaya,11-01-2014,14978.66381
6212,West Khasi Hills,4,17,Meghalaya,11-01-2014,14796.1415
6213,East Garo Hills,2,17,Meghalaya,11-01-2014,14908.18398
6214,East Khasi Hills,6,17,Meghalaya,11-01-2014,14795.92629
6215,Jorhat,17,18,Assam,11-01-2014,15011.27837
6216,Karimganj,22,18,Assam,11-01-2014,14990.60444
6217,Kokrajhar,1,18,Assam,11-01-2014,15060.0093
6218,Lakhimpur,12,18,Assam,11-01-2014,15036.95739
6219,Nagaon,10,18,Assam,11-01-2014,15013.70428
6220,Marigaon,9,18,Assam,11-01-2014,15048.7753
6221,Nalbari,7,18,Assam,11-01-2014,15077.31051
6222,North Cachar Hills,20,18,Assam,11-01-2014,14823.16004
6223,Sonitpur,11,18,Assam,11-01-2014,15039.81594
6224,Sibsagar,16,18,Assam,11-01-2014,14996.67991
6225,Tinsukia,14,18,Assam,11-01-2014,14954.15756
6226,Barpeta,5,18,Assam,11-01-2014,15064.28789
6227,Bongaigaon,4,18,Assam,11-01-2014,15061.07914
6228,Cachar,21,18,Assam,11-01-2014,14965.4498
6229,Darrang,8,18,Assam,11-01-2014,15073.86998
6230,Dhemaji,13,18,Assam,11-01-2014,15048.93085
6231,Dhubri,2,18,Assam,11-01-2014,15057.58356
6232,Dibrugarh,15,18,Assam,11-01-2014,15015.99311
6233,Kamrup,6,18,Assam,11-01-2014,15015.02103
6234,Karbi Anglong,19,18,Assam,11-01-2014,14874.5331
6235,Goalpara,3,18,Assam,11-01-2014,15042.4238
6236,Golaghat,18,18,Assam,11-01-2014,15006.3853
6237,Hailakandi,23,18,Assam,11-01-2014,14966.31599
6238,Hugli,12,19,West Bengal,11-01-2014,15056.64133
6239,Jalpaiguri,2,19,West Bengal,11-01-2014,15055.78274
6240,Koch Bihar,3,19,West Bengal,11-01-2014,15066.6682
6241,Murshidabad,7,19,West Bengal,11-01-2014,15061.02086
6242,Puruliya,14,19,West Bengal,11-01-2014,15062.10242
6243,Kolkata,17,19,West Bengal,11-01-2014,15194.90058
6244,Maldah,6,19,West Bengal,11-01-2014,15026.52593
6245,Nadia,10,19,West Bengal,11-01-2014,15086.75135
6246,North Twenty Four Parganas,11,19,West Bengal,11-01-2014,15033.23853
6247,Medinipur,15,19,West Bengal,11-01-2014,15031.69791
6248,South  Twenty Four Parganas,18,19,West Bengal,11-01-2014,15027.00645
6249,Uttar Dinajpur,4,19,West Bengal,11-01-2014,15078.08659
6250,Barddhaman,9,19,West Bengal,11-01-2014,15060.47352
6251,Birbhum,8,19,West Bengal,11-01-2014,15085.58321
6252,Bankura,13,19,West Bengal,11-01-2014,15064.43501
6253,Dakshin Dinajpur,5,19,West Bengal,11-01-2014,15059.60775
6254,Darjiling,1,19,West Bengal,11-01-2014,14793.19277
6255,Haora,16,19,West Bengal,11-01-2014,15025.34199
6256,Purbi Singhbhum,18,20,Jharkhand,11-01-2014,15031.71651
6257,Lohardaga,15,20,Jharkhand,11-01-2014,14983.4337
6258,Pakaur,10,20,Jharkhand,11-01-2014,15087.45079
6259,Pashchimi Singhbhum,17,20,Jharkhand,11-01-2014,14974.30451
6260,Ranchi,14,20,Jharkhand,11-01-2014,14992.00478
6261,Sahibganj,9,20,Jharkhand,11-01-2014,15028.84484
6262,Garhwa,1,20,Jharkhand,11-01-2014,15088.86791
6263,Palamu,2,20,Jharkhand,11-01-2014,15033.76667
6264,Chatra,3,20,Jharkhand,11-01-2014,15008.43924
6265,Hazaribagh,4,20,Jharkhand,11-01-2014,14975.10868
6266,Kodarma,5,20,Jharkhand,11-01-2014,15007.39567
6267,Bokaro,13,20,Jharkhand,11-01-2014,15034.48898
6268,Deoghar,7,20,Jharkhand,11-01-2014,15119.16494
6269,Dhanbad,12,20,Jharkhand,11-01-2014,15075.08642
6270,Dumka,11,20,Jharkhand,11-01-2014,15101.16848
6271,Giridih,6,20,Jharkhand,11-01-2014,15074.11979
6272,Godda,8,20,Jharkhand,11-01-2014,15041.36497
6273,Gumla,16,20,Jharkhand,11-01-2014,15023.47002
6274,Jajapur,13,21,Orissa,11-01-2014,15088.5977
6275,Jagatsinghapur,11,21,Orissa,11-01-2014,15028.66319
6276,Jharsuguda,2,21,Orissa,11-01-2014,15031.76924
6277,Khordha,17,21,Orissa,11-01-2014,15071.8077
6278,Mayurbhanj,7,21,Orissa,11-01-2014,14991.23793
6279,Puri,18,21,Orissa,11-01-2014,15054.93772
6280,Koraput,29,21,Orissa,11-01-2014,15019.99485
6281,Malkangiri,30,21,Orissa,11-01-2014,15009.33031
6282,Nabarangapur,28,21,Orissa,11-01-2014,15075.94856
6283,Nayagarh,16,21,Orissa,11-01-2014,15000.83221
6284,Nuapada,25,21,Orissa,11-01-2014,15055.84252
6285,Kandhamal,21,21,Orissa,11-01-2014,14900.42435
6286,Sambalpur,3,21,Orissa,11-01-2014,14986.71175
6287,Rayagada,27,21,Orissa,11-01-2014,14970.90388
6288,Sundargarh,5,21,Orissa,11-01-2014,14985.00983
6289,Sonapur,23,21,Orissa,11-01-2014,15046.87206
6290,Anugul,15,21,Orissa,11-01-2014,14996.70728
6291,Bhadrak,9,21,Orissa,11-01-2014,15027.17201
6292,Baudh,22,21,Orissa,11-01-2014,14989.28201
6293,Balangir,24,21,Orissa,11-01-2014,15089.13369
6294,Baleshwar,8,21,Orissa,11-01-2014,15017.82945
6295,Bargarh,1,21,Orissa,11-01-2014,15057.18894
6296,Kendrapara,10,21,Orissa,11-01-2014,15026.93984
6297,Kendujhar,6,21,Orissa,11-01-2014,15008.55467
6298,Debagarh,4,21,Orissa,11-01-2014,14996.84635
6299,Cuttack,12,21,Orissa,11-01-2014,15049.55024
6300,Dhenkanal,14,21,Orissa,11-01-2014,15041.68254
6301,Kalahandi,26,21,Orissa,11-01-2014,15021.51183
6302,Ganjam,19,21,Orissa,11-01-2014,15024.78085
6303,Gajapati,20,21,Orissa,11-01-2014,14921.7522
6304,Jashpur,3,22,Chhattisgarh,11-01-2014,15025.78464
6305,Koriya,1,22,Chhattisgarh,11-01-2014,14962.58405
6306,Mahasamund,12,22,Chhattisgarh,11-01-2014,15088.43804
6307,Raigarh,4,22,Chhattisgarh,11-01-2014,15025.91243
6308,Raipur,11,22,Chhattisgarh,11-01-2014,15066.92849
6309,Rajnandgaon,9,22,Chhattisgarh,11-01-2014,15076.8301
6310,Surguja,2,22,Chhattisgarh,11-01-2014,14986.08409
6311,Bilaspur,7,22,Chhattisgarh,11-01-2014,15008.44579
6312,Janjgir - Champa,6,22,Chhattisgarh,11-01-2014,15050.17935
6313,Korba,5,22,Chhattisgarh,11-01-2014,14954.85687
6314,Kawardha,8,22,Chhattisgarh,11-01-2014,15055.53163
6315,Bastar,15,22,Chhattisgarh,11-01-2014,14982.80142
6316,Dantewada,16,22,Chhattisgarh,11-01-2014,14972.58377
6317,Dhamtari,13,22,Chhattisgarh,11-01-2014,15022.53703
6318,Durg,10,22,Chhattisgarh,11-01-2014,15116.96946
6319,Kanker,14,22,Chhattisgarh,11-01-2014,14994.19942
6320,Hoshangabad,37,23,Madhya Pradesh,11-01-2014,15217.35512
6321,Indore,26,23,Madhya Pradesh,11-01-2014,15357.12886
6322,Jabalpur,39,23,Madhya Pradesh,11-01-2014,15192.00883
6323,Jhabua,24,23,Madhya Pradesh,11-01-2014,15408.15805
6324,Mandsaur,19,23,Madhya Pradesh,11-01-2014,15325.34397
6325,Tikamgarh,8,23,Madhya Pradesh,11-01-2014,15325.67136
6326,Narsimhapur,40,23,Madhya Pradesh,11-01-2014,15204.07301
6327,Neemuch,18,23,Madhya Pradesh,11-01-2014,15291.60242
6328,Panna,10,23,Madhya Pradesh,11-01-2014,15242.5749
6329,Raisen,34,23,Madhya Pradesh,11-01-2014,15265.16487
6330,Rajgarh,30,23,Madhya Pradesh,11-01-2014,15414.41152
6331,Satna,13,23,Madhya Pradesh,11-01-2014,15176.23425
6332,Sehore,33,23,Madhya Pradesh,11-01-2014,15370.96654
6333,Seoni,44,23,Madhya Pradesh,11-01-2014,15217.65603
6334,Shajapur,22,23,Madhya Pradesh,11-01-2014,15433.79166
6335,Shivpuri,6,23,Madhya Pradesh,11-01-2014,15307.32237
6336,Ratlam,20,23,Madhya Pradesh,11-01-2014,15427.96386
6337,Rewa,14,23,Madhya Pradesh,11-01-2014,15148.582
6338,Sagar,11,23,Madhya Pradesh,11-01-2014,15341.79218
6339,Sidhi,17,23,Madhya Pradesh,11-01-2014,15055.62307
6340,Ujjain,21,23,Madhya Pradesh,11-01-2014,15441.38168
6341,Vidisha,31,23,Madhya Pradesh,11-01-2014,15419.09708
6342,West Nimar,27,23,Madhya Pradesh,11-01-2014,15379.89288
6343,Morena,2,23,Madhya Pradesh,11-01-2014,15239.88098
6344,Sheopur,1,23,Madhya Pradesh,11-01-2014,15242.56158
6345,Dindori,41,23,Madhya Pradesh,11-01-2014,15069.855
6346,Mandla,42,23,Madhya Pradesh,11-01-2014,15068.19523
6347,Shahdol,16,23,Madhya Pradesh,11-01-2014,15066.25295
6348,Umaria,15,23,Madhya Pradesh,11-01-2014,15064.06877
6349,Bhind,3,23,Madhya Pradesh,11-01-2014,15225.11645
6350,Bhopal,32,23,Madhya Pradesh,11-01-2014,15350.52867
6351,Barwani,28,23,Madhya Pradesh,11-01-2014,15418.02218
6352,Betul,35,23,Madhya Pradesh,11-01-2014,15246.09698
6353,Balaghat,45,23,Madhya Pradesh,11-01-2014,14996.70771
6354,Chhatarpur,9,23,Madhya Pradesh,11-01-2014,15303.69904
6355,Chhindwara,43,23,Madhya Pradesh,11-01-2014,15201.07902
6356,Dewas,23,23,Madhya Pradesh,11-01-2014,15372.83577
6357,Katni,38,23,Madhya Pradesh,11-01-2014,15165.56589
6358,Datia,5,23,Madhya Pradesh,11-01-2014,15238.98423
6359,Damoh,12,23,Madhya Pradesh,11-01-2014,15303.65142
6360,Dhar,25,23,Madhya Pradesh,11-01-2014,15408.8798
6361,East Nimar,29,23,Madhya Pradesh,11-01-2014,15333.18169
6362,Guna,7,23,Madhya Pradesh,11-01-2014,15386.90238
6363,Gwalior,4,23,Madhya Pradesh,11-01-2014,15251.7227
6364,Harda,36,23,Madhya Pradesh,11-01-2014,15347.18334
6365,Jamnagar,10,24,Gujarat,11-01-2014,15436.84387
6366,Kheda,16,24,Gujarat,11-01-2014,15303.9407
6367,Mahesana,4,24,Gujarat,11-01-2014,15322.50538
6368,Narmada,20,24,Gujarat,11-01-2014,15325.43832
6369,Navsari,24,24,Gujarat,11-01-2014,15287.80973
6370,Panch Mahals,17,24,Gujarat,11-01-2014,15295.35966
6371,Patan,3,24,Gujarat,11-01-2014,15437.23546
6372,Porbandar,11,24,Gujarat,11-01-2014,15414.00548
6373,Rajkot,9,24,Gujarat,11-01-2014,15420.2418
6374,Sabar Kantha,5,24,Gujarat,11-01-2014,15282.57196
6375,Surendranagar,8,24,Gujarat,11-01-2014,15433.49636
6376,The Dangs,23,24,Gujarat,11-01-2014,15187.47117
6377,Vadodara,19,24,Gujarat,11-01-2014,15309.17736
6378,Valsad,25,24,Gujarat,11-01-2014,15287.03687
6379,Bharuch,21,24,Gujarat,11-01-2014,15388.13544
6380,Surat,22,24,Gujarat,11-01-2014,15310.68343
6381,Anand,15,24,Gujarat,11-01-2014,15313.46664
6382,Ahmadabad,7,24,Gujarat,11-01-2014,15411.29083
6383,Amreli,13,24,Gujarat,11-01-2014,15431.04177
6384,Bhavnagar,14,24,Gujarat,11-01-2014,15426.66768
6385,Banas Kantha,2,24,Gujarat,11-01-2014,15369.23104
6386,Dohad,18,24,Gujarat,11-01-2014,15345.58144
6387,Junagadh,12,24,Gujarat,11-01-2014,15369.682
6388,Kachchh,1,24,Gujarat,11-01-2014,15488.30843
6389,Gandhinagar,6,24,Gujarat,11-01-2014,15320.14185
6390,Daman,2,25,Daman & Diu,11-01-2014,15270.60597
6391,Diu,1,25,Daman & Diu,11-01-2014,15235.17498
6392,Dadra & Nagar Haveli,1,26,Dadara & Nagar Havelli,11-01-2014,15328.66674
6393,Hingoli,16,27,Maharashtra,11-01-2014,15409.63907
6394,Jalgaon,3,27,Maharashtra,11-01-2014,15348.98722
6395,Jalna,18,27,Maharashtra,11-01-2014,15421.34483
6396,Kolhapur,34,27,Maharashtra,11-01-2014,15075.29223
6397,Latur,28,27,Maharashtra,11-01-2014,15432.70325
6398,Pune,25,27,Maharashtra,11-01-2014,15228.10644
6399,Nagpur,9,27,Maharashtra,11-01-2014,15206.46735
6400,Mumbai,23,27,Maharashtra,11-01-2014,15319.58623
6401,Mumbai (Suburban),22,27,Maharashtra,11-01-2014,15327.5605
6402,Nanded,15,27,Maharashtra,11-01-2014,15421.01116
6403,Nandurbar,1,27,Maharashtra,11-01-2014,15392.0526
6404,Nashik,20,27,Maharashtra,11-01-2014,15335.93253
6405,Osmanabad,29,27,Maharashtra,11-01-2014,15442.88974
6406,Parbhani,17,27,Maharashtra,11-01-2014,15475.781
6407,Sangli,35,27,Maharashtra,11-01-2014,15309.27516
6408,Satara,31,27,Maharashtra,11-01-2014,15200.22676
6409,Ratnagiri,32,27,Maharashtra,11-01-2014,15165.75932
6410,Raigarh,24,27,Maharashtra,11-01-2014,15247.49872
6411,Thane,21,27,Maharashtra,11-01-2014,15309.86126
6412,Solapur,30,27,Maharashtra,11-01-2014,15369.45585
6413,Sindhudurg,33,27,Maharashtra,11-01-2014,15150.12234
6414,Wardha,8,27,Maharashtra,11-01-2014,15275.10484
6415,Washim,6,27,Maharashtra,11-01-2014,15430.34766
6416,Yavatmal,14,27,Maharashtra,11-01-2014,15323.24223
6417,Aurangabad,19,27,Maharashtra,11-01-2014,15357.32701
6418,Ahmadnagar,26,27,Maharashtra,11-01-2014,15337.65416
6419,Akola,5,27,Maharashtra,11-01-2014,15433.62689
6420,Amravati,7,27,Maharashtra,11-01-2014,15295.19615
6421,Bid,27,27,Maharashtra,11-01-2014,15407.10412
6422,Bhandara,10,27,Maharashtra,11-01-2014,15111.69624
6423,Buldana,4,27,Maharashtra,11-01-2014,15403.88447
6424,Chandrapur,13,27,Maharashtra,11-01-2014,15165.38093
6425,Dhule,2,27,Maharashtra,11-01-2014,15400.38307
6426,Gadchiroli,12,27,Maharashtra,11-01-2014,15009.77517
6427,Gondiya,11,27,Maharashtra,11-01-2014,15043.71261
6428,Hyderabad,5,28,Andhra Pradesh,11-01-2014,15228.25101
6429,Khammam,10,28,Andhra Pradesh,11-01-2014,15102.22486
6430,Medak,4,28,Andhra Pradesh,11-01-2014,15297.69083
6431,Krishna,16,28,Andhra Pradesh,11-01-2014,15085.54013
6432,Kurnool,21,28,Andhra Pradesh,11-01-2014,15212.37398
6433,Mahbubnagar,7,28,Andhra Pradesh,11-01-2014,15240.59681
6434,Nalgonda,8,28,Andhra Pradesh,11-01-2014,15239.2877
6435,Nellore,19,28,Andhra Pradesh,11-01-2014,15138.9912
6436,Nizamabad,2,28,Andhra Pradesh,11-01-2014,15323.36042
6437,Prakasam,18,28,Andhra Pradesh,11-01-2014,15153.95964
6438,Rangareddi,6,28,Andhra Pradesh,11-01-2014,15261.7375
6439,Srikakulam,11,28,Andhra Pradesh,11-01-2014,15097.08152
6440,West Godavari,15,28,Andhra Pradesh,11-01-2014,15120.03436
6441,Visakhapatnam,13,28,Andhra Pradesh,11-01-2014,15029.00201
6442,Vizianagaram,12,28,Andhra Pradesh,11-01-2014,15087.53139
6443,Warangal,9,28,Andhra Pradesh,11-01-2014,15210.29682
6444,Anantapur,22,28,Andhra Pradesh,11-01-2014,15314.08297
6445,Adilabad,1,28,Andhra Pradesh,11-01-2014,15225.18896
6446,Chittoor,23,28,Andhra Pradesh,11-01-2014,15123.02543
6447,Cuddapah,20,28,Andhra Pradesh,11-01-2014,15214.43828
6448,East Godavari,14,28,Andhra Pradesh,11-01-2014,15038.68878
6449,Karimnagar,3,28,Andhra Pradesh,11-01-2014,15269.6266
6450,Guntur,17,28,Andhra Pradesh,11-01-2014,15090.24067
6451,Hassan,23,29,Karnataka,11-01-2014,15044.58763
6452,Haveri,11,29,Karnataka,11-01-2014,15151.94756
6453,Kodagu,25,29,Karnataka,11-01-2014,14911.6947
6454,Kolar,19,29,Karnataka,11-01-2014,15163.522
6455,Mandya,22,29,Karnataka,11-01-2014,15064.67988
6456,Koppal,7,29,Karnataka,11-01-2014,15270.87772
6457,Mysore,26,29,Karnataka,11-01-2014,15051.93168
6458,Raichur,6,29,Karnataka,11-01-2014,15274.68529
6459,Shimoga,15,29,Karnataka,11-01-2014,14970.00395
6460,Tumkur,18,29,Karnataka,11-01-2014,15136.24117
6461,Udupi,16,29,Karnataka,11-01-2014,15126.93859
6462,Uttara Kannada,10,29,Karnataka,11-01-2014,14998.05691
6463,Bagalkot,2,29,Karnataka,11-01-2014,15294.85012
6464,Bangalore,20,29,Karnataka,11-01-2014,15080.08875
6465,Bidar,5,29,Karnataka,11-01-2014,15414.51769
6466,Bijapur,3,29,Karnataka,11-01-2014,15360.79456
6467,Belgaum,1,29,Karnataka,11-01-2014,15191.51692
6468,Bellary,12,29,Karnataka,11-01-2014,15195.1747
6469,Bangalore Rural,21,29,Karnataka,11-01-2014,15044.39744
6470,Chamarajanagar,27,29,Karnataka,11-01-2014,15054.42535
6471,Chikmagalur,17,29,Karnataka,11-01-2014,14972.60188
6472,Chitradurga,13,29,Karnataka,11-01-2014,15203.72501
6473,Dakshina Kannada,24,29,Karnataka,11-01-2014,15120.02404
6474,Davanagere,14,29,Karnataka,11-01-2014,15129.7007
6475,Dharwad,9,29,Karnataka,11-01-2014,15263.97676
6476,Gulbarga,4,29,Karnataka,11-01-2014,15296.86265
6477,Gadag,8,29,Karnataka,11-01-2014,15356.42395
6478,North Goa,1,30,Goa,11-01-2014,15149.50712
6479,South Goa,2,30,Goa,11-01-2014,15088.85996
6480,Lakshadweep,1,31,Lakshadweep,11-01-2014,14998.77753
6481,Idukki,9,32,Kerala,11-01-2014,14872.06173
6482,Kollam,13,32,Kerala,11-01-2014,15090.87857
6483,Kottayam,10,32,Kerala,11-01-2014,15133.91525
6484,Kozhikode,4,32,Kerala,11-01-2014,15083.04805
6485,Malappuram,5,32,Kerala,11-01-2014,15069.78494
6486,Palakkad,6,32,Kerala,11-01-2014,15015.60071
6487,Pathanamthitta,12,32,Kerala,11-01-2014,15032.84361
6488,Thrissur,7,32,Kerala,11-01-2014,15049.67135
6489,Thiruvananthapuram,14,32,Kerala,11-01-2014,15103.3904
6490,Wayanad,3,32,Kerala,11-01-2014,14895.37124
6491,Alappuzha,11,32,Kerala,11-01-2014,15175.20624
6492,Kasaragod,1,32,Kerala,11-01-2014,15168.36379
6493,Kannur,2,32,Kerala,11-01-2014,15110.13067
6494,Ernakulam,8,32,Kerala,11-01-2014,15140.76103
6495,Kanniyakumari,30,33,Tamil Nadu,11-01-2014,15084.72814
6496,Karur,14,33,Tamil Nadu,11-01-2014,15222.75986
6497,Madurai,24,33,Tamil Nadu,11-01-2014,15188.42054
6498,Namakkal,9,33,Tamil Nadu,11-01-2014,15158.15755
6499,The Nilgiris,11,33,Tamil Nadu,11-01-2014,14816.73286
6500,Perambalur,16,33,Tamil Nadu,11-01-2014,15194.71167
6501,Pudukkottai,22,33,Tamil Nadu,11-01-2014,15247.72712
6502,Ramanathapuram,27,33,Tamil Nadu,11-01-2014,15238.39328
6503,Salem,8,33,Tamil Nadu,11-01-2014,15098.40743
6504,Sivaganga,23,33,Tamil Nadu,11-01-2014,15236.0804
6505,Tiruchirappalli,15,33,Tamil Nadu,11-01-2014,15196.3796
6506,Tirunelveli,29,33,Tamil Nadu,11-01-2014,15235.49001
6507,Tiruvannamalai,6,33,Tamil Nadu,11-01-2014,15077.09053
6508,Thoothukkudi,28,33,Tamil Nadu,11-01-2014,15336.54279
6509,Theni,25,33,Tamil Nadu,11-01-2014,15056.79234
6510,Vellore,4,33,Tamil Nadu,11-01-2014,15086.41974
6511,Viluppuram,7,33,Tamil Nadu,11-01-2014,15171.2331
6512,Virudhunagar,26,33,Tamil Nadu,11-01-2014,15266.68669
6513,Chennai,2,33,Tamil Nadu,11-01-2014,15211.83257
6514,Kancheepuram,3,33,Tamil Nadu,11-01-2014,15103.02414
6515,Thiruvallur,1,33,Tamil Nadu,11-01-2014,15097.79924
6516,Thanjavur,21,33,Tamil Nadu,11-01-2014,15158.19644
6517,Thiruvarur,20,33,Tamil Nadu,11-01-2014,15111.58721
6518,Nagapattinam,19,33,Tamil Nadu,11-01-2014,15114.19604
6519,Ariyalur,17,33,Tamil Nadu,11-01-2014,15176.21048
6520,Coimbatore,12,33,Tamil Nadu,11-01-2014,15116.19744
6521,Cuddalore,18,33,Tamil Nadu,11-01-2014,15155.14115
6522,Dharmapuri,5,33,Tamil Nadu,11-01-2014,15055.4144
6523,Dindigul,13,33,Tamil Nadu,11-01-2014,15060.27673
6524,Erode,10,33,Tamil Nadu,11-01-2014,15121.13819
6525,Pondicherry,2,34,Puducherry,11-01-2014,15157.96445
6526,Yanam,1,34,Puducherry,11-01-2014,15089.57172
6527,Karaikal,4,34,Puducherry,11-01-2014,15146.34909
6528,Mahe,3,34,Puducherry,11-01-2014,15162.76222
6529,Nicobars,2,35,Andaman & Nicobar Island,11-01-2014,15008.76547
6530,Andamans,1,35,Andaman & Nicobar Island,11-01-2014,14963.78307
6531,Data Not Available,99,99,Jammu and Kashmir,11-01-2014,13581.91823
6532,Jammu,13,1,Jammu and Kashmir,12-01-2014,14684.00399
6533,Kargil,8,1,Jammu and Kashmir,12-01-2014,13295.34384
6534,Kathua,14,1,Jammu and Kashmir,12-01-2014,14538.79247
6535,Leh (Ladakh),7,1,Jammu and Kashmir,12-01-2014,13331.37117
6536,Kupwara,1,1,Jammu and Kashmir,12-01-2014,13898.74414
6537,Punch,11,1,Jammu and Kashmir,12-01-2014,14323.8162
6538,Pulwama,5,1,Jammu and Kashmir,12-01-2014,14081.68137
6539,Rajauri,12,1,Jammu and Kashmir,12-01-2014,14479.71959
6540,Srinagar,3,1,Jammu and Kashmir,12-01-2014,13759.0424
6541,Udhampur,10,1,Jammu and Kashmir,12-01-2014,14383.85209
6542,Anantnag,6,1,Jammu and Kashmir,12-01-2014,13834.89188
6543,Badgam,4,1,Jammu and Kashmir,12-01-2014,13932.0446
6544,Baramula,2,1,Jammu and Kashmir,12-01-2014,13748.55777
6545,Doda,9,1,Jammu and Kashmir,12-01-2014,13695.26218
6546,Kangra,2,2,Himachal Pradesh,12-01-2014,14319.46394
6547,Kinnaur,12,2,Himachal Pradesh,12-01-2014,13586.90039
6548,Lahul & Spiti,3,2,Himachal Pradesh,12-01-2014,13275.21521
6549,Kullu,4,2,Himachal Pradesh,12-01-2014,13801.43591
6550,Mandi,5,2,Himachal Pradesh,12-01-2014,14351.2464
6551,Shimla,11,2,Himachal Pradesh,12-01-2014,14245.877
6552,Sirmaur,10,2,Himachal Pradesh,12-01-2014,14482.20382
6553,Solan,9,2,Himachal Pradesh,12-01-2014,14532.23958
6554,Una,7,2,Himachal Pradesh,12-01-2014,14599.44787
6555,Bilaspur,8,2,Himachal Pradesh,12-01-2014,14489.13626
6556,Chamba,1,2,Himachal Pradesh,12-01-2014,13906.10655
6557,Hamirpur,6,2,Himachal Pradesh,12-01-2014,14494.40854
6558,Jalandhar,4,3,Punjab,12-01-2014,14769.71257
6559,Kapurthala,3,3,Punjab,12-01-2014,14720.06072
6560,Ludhiana,9,3,Punjab,12-01-2014,14816.32316
6561,Mansa,15,3,Punjab,12-01-2014,14935.12208
6562,Moga,10,3,Punjab,12-01-2014,14841.46242
6563,Muktsar,12,3,Punjab,12-01-2014,15015.62242
6564,Nawanshahr,6,3,Punjab,12-01-2014,14756.07006
6565,Patiala,17,3,Punjab,12-01-2014,14747.53928
6566,Sangrur,16,3,Punjab,12-01-2014,14861.56291
6567,Hoshiarpur,5,3,Punjab,12-01-2014,14682.64055
6568,Rupnagar,7,3,Punjab,12-01-2014,14712.15479
6569,Amritsar,2,3,Punjab,12-01-2014,14833.0557
6570,Firozpur,11,3,Punjab,12-01-2014,14965.83046
6571,Bathinda,14,3,Punjab,12-01-2014,14969.9779
6572,Gurdaspur,1,3,Punjab,12-01-2014,14692.99854
6573,Faridkot,13,3,Punjab,12-01-2014,14913.8429
6574,Fatehgarh Sahib,8,3,Punjab,12-01-2014,14705.20398
6575,Chandigarh,1,4,Chandigarh,12-01-2014,14709.78107
6576,Nainital,11,5,Uttarakhand,12-01-2014,14525.84343
6577,Pithoragarh,7,5,Uttarakhand,12-01-2014,13956.12126
6578,Hardwar,13,5,Uttarakhand,12-01-2014,14660.53793
6579,Rudraprayag,3,5,Uttarakhand,12-01-2014,14182.52226
6580,Tehri Garhwal,4,5,Uttarakhand,12-01-2014,14332.42162
6581,Udham Singh Nagar,12,5,Uttarakhand,12-01-2014,14644.4737
6582,Uttarkashi,1,5,Uttarakhand,12-01-2014,13865.69949
6583,Bageshwar,8,5,Uttarakhand,12-01-2014,14249.05731
6584,Almora,9,5,Uttarakhand,12-01-2014,14444.33372
6585,Chamoli,2,5,Uttarakhand,12-01-2014,13841.57512
6586,Champawat,10,5,Uttarakhand,12-01-2014,14431.26371
6587,Dehradun,5,5,Uttarakhand,12-01-2014,14506.96464
6588,Garhwal,6,5,Uttarakhand,12-01-2014,14461.68944
6589,Jind,9,6,Haryana,12-01-2014,14938.77097
6590,Kaithal,5,6,Haryana,12-01-2014,14798.37688
6591,Karnal,6,6,Haryana,12-01-2014,14779.77952
6592,Kurukshetra,4,6,Haryana,12-01-2014,14684.80113
6593,Panchkula,1,6,Haryana,12-01-2014,14680.5525
6594,Panipat,7,6,Haryana,12-01-2014,14864.41527
6595,Hisar,12,6,Haryana,12-01-2014,14898.45932
6596,Rohtak,14,6,Haryana,12-01-2014,14918.3459
6597,Sirsa,11,6,Haryana,12-01-2014,14984.21562
6598,Sonipat,8,6,Haryana,12-01-2014,14904.82361
6599,Yamunanagar,3,6,Haryana,12-01-2014,14663.21873
6600,Jhajjar,15,6,Haryana,12-01-2014,14892.40152
6601,Mahendragarh,16,6,Haryana,12-01-2014,14851.12508
6602,Rewari,17,6,Haryana,12-01-2014,14796.91662
6603,Bhiwani,13,6,Haryana,12-01-2014,14932.27587
6604,Ambala,2,6,Haryana,12-01-2014,14689.86811
6605,Gurgaon,18,6,Haryana,12-01-2014,14859.6966
6606,Faridabad,19,6,Haryana,12-01-2014,14873.83076
6607,Fatehabad,10,6,Haryana,12-01-2014,14910.26959
6608,Central,6,7,Delhi  & NCR,12-01-2014,14760.19826
6609,East,4,7,Delhi  & NCR,12-01-2014,14748.27467
6610,New Delhi,5,7,Delhi  & NCR,12-01-2014,14737.72099
6611,North,2,7,Delhi  & NCR,12-01-2014,14760.96825
6612,North East,3,7,Delhi  & NCR,12-01-2014,14799.55948
6613,North West,1,7,Delhi  & NCR,12-01-2014,14864.6626
6614,South,9,7,Delhi  & NCR,12-01-2014,14757.54008
6615,South West,8,7,Delhi  & NCR,12-01-2014,14820.02243
6616,West,7,7,Delhi  & NCR,12-01-2014,14829.81772
6617,Jaipur,12,8,Rajasthan,12-01-2014,14965.3927
6618,Jaisalmer,16,8,Rajasthan,12-01-2014,15248.38234
6619,Jalor,18,8,Rajasthan,12-01-2014,15144.76488
6620,Jhalawar,32,8,Rajasthan,12-01-2014,15001.53305
6621,Jhunjhunun,5,8,Rajasthan,12-01-2014,14973.73867
6622,Jodhpur,15,8,Rajasthan,12-01-2014,15169.66666
6623,Kota,30,8,Rajasthan,12-01-2014,14943.70685
6624,Nagaur,14,8,Rajasthan,12-01-2014,15107.0377
6625,Pali,20,8,Rajasthan,12-01-2014,15122.31492
6626,Rajsamand,25,8,Rajasthan,12-01-2014,14940.19299
6627,Sawai Madhopur,10,8,Rajasthan,12-01-2014,14811.57484
6628,Sirohi,19,8,Rajasthan,12-01-2014,15071.50485
6629,Tonk,22,8,Rajasthan,12-01-2014,14841.40984
6630,Sikar,13,8,Rajasthan,12-01-2014,14988.86808
6631,Alwar,6,8,Rajasthan,12-01-2014,14843.2004
6632,Udaipur,26,8,Rajasthan,12-01-2014,14976.00725
6633,Ganganagar,1,8,Rajasthan,12-01-2014,15021.78993
6634,Hanumangarh,2,8,Rajasthan,12-01-2014,15046.35084
6635,Baran,31,8,Rajasthan,12-01-2014,14912.50514
6636,Ajmer,21,8,Rajasthan,12-01-2014,15032.40699
6637,Banswara,28,8,Rajasthan,12-01-2014,15102.45551
6638,Barmer,17,8,Rajasthan,12-01-2014,15226.69957
6639,Bhilwara,24,8,Rajasthan,12-01-2014,14983.18218
6640,Bikaner,3,8,Rajasthan,12-01-2014,15170.92119
6641,Bharatpur,7,8,Rajasthan,12-01-2014,14898.92249
6642,Bundi,23,8,Rajasthan,12-01-2014,14904.33503
6643,Chittaurgarh,29,8,Rajasthan,12-01-2014,14948.75397
6644,Churu,4,8,Rajasthan,12-01-2014,15102.10394
6645,Dausa,11,8,Rajasthan,12-01-2014,14894.03676
6646,Dhaulpur,8,8,Rajasthan,12-01-2014,14965.79791
6647,Dungarpur,27,8,Rajasthan,12-01-2014,15055.91013
6648,Karauli,9,8,Rajasthan,12-01-2014,14917.62537
6649,Jalaun,35,9,Uttar Pradesh,12-01-2014,14949.47019
6650,Jaunpur,64,9,Uttar Pradesh,12-01-2014,14850.10203
6651,Jhansi,36,9,Uttar Pradesh,12-01-2014,14973.73015
6652,Jyotiba Phule Nagar,6,9,Uttar Pradesh,12-01-2014,14682.6934
6653,Kannauj,30,9,Uttar Pradesh,12-01-2014,14799.69612
6654,Kanpur Nagar,34,9,Uttar Pradesh,12-01-2014,14863.43427
6655,Kaushambi,44,9,Uttar Pradesh,12-01-2014,14918.38773
6656,Kheri,23,9,Uttar Pradesh,12-01-2014,14632.11442
6657,Mirzapur,69,9,Uttar Pradesh,12-01-2014,14905.88907
6658,Moradabad,4,9,Uttar Pradesh,12-01-2014,14683.64333
6659,Muzaffarnagar,2,9,Uttar Pradesh,12-01-2014,14700.14836
6660,Rae Bareli,28,9,Uttar Pradesh,12-01-2014,14810.71662
6661,Kushinagar,59,9,Uttar Pradesh,12-01-2014,14703.52932
6662,Lucknow,27,9,Uttar Pradesh,12-01-2014,14677.75211
6663,Lalitpur,37,9,Uttar Pradesh,12-01-2014,14899.72723
6664,Mahrajganj,57,9,Uttar Pradesh,12-01-2014,14713.66437
6665,Mahoba,39,9,Uttar Pradesh,12-01-2014,15007.659
6666,Mainpuri,18,9,Uttar Pradesh,12-01-2014,14870.46322
6667,Mathura,14,9,Uttar Pradesh,12-01-2014,14921.27615
6668,Mau,62,9,Uttar Pradesh,12-01-2014,14754.93302
6669,Meerut,7,9,Uttar Pradesh,12-01-2014,14723.1597
6670,Pilibhit,21,9,Uttar Pradesh,12-01-2014,14639.1574
6671,Pratapgarh,43,9,Uttar Pradesh,12-01-2014,14885.03074
6672,Rampur,5,9,Uttar Pradesh,12-01-2014,14627.87047
6673,Sant Ravidas Nagar Bhadohi,68,9,Uttar Pradesh,12-01-2014,14886.08535
6674,Sant Kabir Nagar,56,9,Uttar Pradesh,12-01-2014,14625.848
6675,Shahjahanpur,22,9,Uttar Pradesh,12-01-2014,14732.08737
6676,Hathras,13,9,Uttar Pradesh,12-01-2014,14842.47088
6677,Shrawasti,51,9,Uttar Pradesh,12-01-2014,14601.83583
6678,Saharanpur,1,9,Uttar Pradesh,12-01-2014,14650.41637
6679,Sitapur,24,9,Uttar Pradesh,12-01-2014,14632.91941
6680,Sultanpur,49,9,Uttar Pradesh,12-01-2014,14774.80867
6681,Sonbhadra,70,9,Uttar Pradesh,12-01-2014,14870.00516
6682,Siddharthnagar,54,9,Uttar Pradesh,12-01-2014,14661.02835
6683,Unnao,26,9,Uttar Pradesh,12-01-2014,14742.11733
6684,Varanasi,67,9,Uttar Pradesh,12-01-2014,14844.32278
6685,Bulandshahr,11,9,Uttar Pradesh,12-01-2014,14859.1656
6686,Gautam Buddha Nagar,10,9,Uttar Pradesh,12-01-2014,14910.42745
6687,Ghaziabad,9,9,Uttar Pradesh,12-01-2014,14824.27071
6688,Auraiya,32,9,Uttar Pradesh,12-01-2014,14931.97498
6689,Azamgarh,61,9,Uttar Pradesh,12-01-2014,14799.65246
6690,Budaun,19,9,Uttar Pradesh,12-01-2014,14852.78656
6691,Agra,15,9,Uttar Pradesh,12-01-2014,14889.90278
6692,Aligarh,12,9,Uttar Pradesh,12-01-2014,14896.17242
6693,Allahabad,45,9,Uttar Pradesh,12-01-2014,14925.07874
6694,Ambedkar Nagar,48,9,Uttar Pradesh,12-01-2014,14757.7587
6695,Bareilly,20,9,Uttar Pradesh,12-01-2014,14686.67873
6696,Bijnor,3,9,Uttar Pradesh,12-01-2014,14661.34118
6697,Basti,55,9,Uttar Pradesh,12-01-2014,14646.194
6698,Baghpat,8,9,Uttar Pradesh,12-01-2014,14805.20408
6699,Bahraich,50,9,Uttar Pradesh,12-01-2014,14612.34495
6700,Ballia,63,9,Uttar Pradesh,12-01-2014,14765.49817
6701,Balrampur,52,9,Uttar Pradesh,12-01-2014,14662.44349
6702,Banda,40,9,Uttar Pradesh,12-01-2014,14963.49812
6703,Barabanki,46,9,Uttar Pradesh,12-01-2014,14642.4351
6704,Chitrakoot,41,9,Uttar Pradesh,12-01-2014,14951.3719
6705,Chandauli,66,9,Uttar Pradesh,12-01-2014,14874.36009
6706,Deoria,60,9,Uttar Pradesh,12-01-2014,14646.84198
6707,Etah,17,9,Uttar Pradesh,12-01-2014,14861.97692
6708,Kanpur Dehat,33,9,Uttar Pradesh,12-01-2014,14940.06499
6709,Etawah,31,9,Uttar Pradesh,12-01-2014,14892.92074
6710,Faizabad,47,9,Uttar Pradesh,12-01-2014,14669.03112
6711,Ghazipur,65,9,Uttar Pradesh,12-01-2014,14844.19087
6712,Gonda,53,9,Uttar Pradesh,12-01-2014,14637.88838
6713,Gorakhpur,58,9,Uttar Pradesh,12-01-2014,14646.99839
6714,Farrukhabad,29,9,Uttar Pradesh,12-01-2014,14769.66944
6715,Fatehpur,42,9,Uttar Pradesh,12-01-2014,14875.2982
6716,Firozabad,16,9,Uttar Pradesh,12-01-2014,14860.77778
6717,Hamirpur,38,9,Uttar Pradesh,12-01-2014,14962.94506
6718,Hardoi,25,9,Uttar Pradesh,12-01-2014,14735.2672
6719,Jamui,37,10,Bihar,12-01-2014,14846.08789
6720,Kishanganj,8,10,Bihar,12-01-2014,14886.80797
6721,Muzaffarpur,14,10,Bihar,12-01-2014,14702.60307
6722,Purnia,9,10,Bihar,12-01-2014,14832.09645
6723,Khagaria,21,10,Bihar,12-01-2014,14712.40351
6724,Madhubani,5,10,Bihar,12-01-2014,14783.80186
6725,Lakhisarai,25,10,Bihar,12-01-2014,14770.74538
6726,Madhepura,11,10,Bihar,12-01-2014,14802.22578
6727,Purba Champaran,2,10,Bihar,12-01-2014,14734.05552
6728,Munger,24,10,Bihar,12-01-2014,14741.2137
6729,Nalanda,27,10,Bihar,12-01-2014,14799.86088
6730,Nawada,36,10,Bihar,12-01-2014,14810.58105
6731,Pashchim Champaran,1,10,Bihar,12-01-2014,14730.6094
6732,Patna,28,10,Bihar,12-01-2014,14755.57423
6733,Samastipur,19,10,Bihar,12-01-2014,14698.94317
6734,Sheikhpura,26,10,Bihar,12-01-2014,14813.62776
6735,Sheohar,3,10,Bihar,12-01-2014,14749.64384
6736,Saharsa,12,10,Bihar,12-01-2014,14757.511
6737,Sitamarhi,4,10,Bihar,12-01-2014,14743.9129
6738,Siwan,16,10,Bihar,12-01-2014,14674.32684
6739,Supaul,6,10,Bihar,12-01-2014,14818.53658
6740,Vaishali,18,10,Bihar,12-01-2014,14684.66811
6741,Kaimur (Bhabua),31,10,Bihar,12-01-2014,14863.70291
6742,Gaya,35,10,Bihar,12-01-2014,14890.96365
6743,Bhojpur,29,10,Bihar,12-01-2014,14803.43856
6744,Buxar,30,10,Bihar,12-01-2014,14829.62939
6745,Jehanabad,33,10,Bihar,12-01-2014,14821.71493
6746,Rohtas,32,10,Bihar,12-01-2014,14852.5273
6747,Araria,7,10,Bihar,12-01-2014,14871.07479
6748,Aurangabad,34,10,Bihar,12-01-2014,14897.79145
6749,Banka,23,10,Bihar,12-01-2014,14881.72465
6750,Bhagalpur,22,10,Bihar,12-01-2014,14742.94872
6751,Begusarai,20,10,Bihar,12-01-2014,14690.00386
6752,Saran,17,10,Bihar,12-01-2014,14685.68646
6753,Katihar,10,10,Bihar,12-01-2014,14790.0011
6754,Darbhanga,13,10,Bihar,12-01-2014,14737.09612
6755,Gopalganj,15,10,Bihar,12-01-2014,14679.68284
6756,North,1,11,Sikkim,12-01-2014,13886.48322
6757,South,3,11,Sikkim,12-01-2014,14381.67168
6758,West,2,11,Sikkim,12-01-2014,14233.78177
6759,East,4,11,Sikkim,12-01-2014,14299.12191
6760,Lohit,11,12,Arunanchal Pradesh,12-01-2014,14210.57359
6761,Lower Subansiri,5,12,Arunanchal Pradesh,12-01-2014,14180.6529
6762,Papum Pare,4,12,Arunanchal Pradesh,12-01-2014,14448.28905
6763,Tawang,1,12,Arunanchal Pradesh,12-01-2014,14074.39338
6764,Tirap,13,12,Arunanchal Pradesh,12-01-2014,14590.48759
6765,West Kameng,2,12,Arunanchal Pradesh,12-01-2014,14255.94293
6766,West Siang,7,12,Arunanchal Pradesh,12-01-2014,14244.91288
6767,Upper Siang,9,12,Arunanchal Pradesh,12-01-2014,14078.97163
6768,Upper Subansiri,6,12,Arunanchal Pradesh,12-01-2014,14093.47395
6769,Changlang,12,12,Arunanchal Pradesh,12-01-2014,14509.51983
6770,Dibang Valley,10,12,Arunanchal Pradesh,12-01-2014,13993.65056
6771,East Kameng,3,12,Arunanchal Pradesh,12-01-2014,14286.06928
6772,East Siang,8,12,Arunanchal Pradesh,12-01-2014,14566.91558
6773,Mokokchung,3,13,Nagaland,12-01-2014,14634.40323
6774,Mon,1,13,Nagaland,12-01-2014,14662.38899
6775,Phek,8,13,Nagaland,12-01-2014,14465.63074
6776,Tuensang,2,13,Nagaland,12-01-2014,14488.99999
6777,Wokha,5,13,Nagaland,12-01-2014,14647.97307
6778,Zunheboto,4,13,Nagaland,12-01-2014,14510.54327
6779,Dimapur,6,13,Nagaland,12-01-2014,14767.1986
6780,Kohima,7,13,Nagaland,12-01-2014,14594.66649
6781,Imphal East,7,14,Manipur,12-01-2014,14786.05066
6782,Imphal West,6,14,Manipur,12-01-2014,14769.21794
6783,Senapati (Excl. 3 sub-divisions),1,14,Manipur,12-01-2014,14577.09238
6784,Tamenglong,2,14,Manipur,12-01-2014,14610.86942
6785,Thoubal,5,14,Manipur,12-01-2014,14715.28492
6786,Ukhrul,8,14,Manipur,12-01-2014,14561.48786
6787,Bishnupur,4,14,Manipur,12-01-2014,14677.36699
6788,Chandel,9,14,Manipur,12-01-2014,14620.38021
6789,Churachandpur,3,14,Manipur,12-01-2014,14618.70176
6790,Kolasib,2,15,Mizoram,12-01-2014,14743.62351
6791,Mamit,1,15,Mizoram,12-01-2014,14741.19818
6792,Lunglei,6,15,Mizoram,12-01-2014,14694.21685
6793,Lawngtlai,7,15,Mizoram,12-01-2014,14761.9757
6794,Saiha,8,15,Mizoram,12-01-2014,14651.94941
6795,Serchhip,5,15,Mizoram,12-01-2014,14612.68096
6796,Aizawl,3,15,Mizoram,12-01-2014,14669.25428
6797,Champhai,4,15,Mizoram,12-01-2014,14591.09566
6798,North Tripura,4,16,Tripura,12-01-2014,14839.12661
6799,South Tripura,2,16,Tripura,12-01-2014,14868.36169
6800,West Tripura,1,16,Tripura,12-01-2014,14882.77613
6801,Dhalai,3,16,Tripura,12-01-2014,14824.08723
6802,Jaintia Hills,7,17,Meghalaya,12-01-2014,14713.27809
6803,Ri Bhoi,5,17,Meghalaya,12-01-2014,14698.48323
6804,South Garo Hills,3,17,Meghalaya,12-01-2014,14765.07395
6805,West Garo Hills,1,17,Meghalaya,12-01-2014,14794.55919
6806,West Khasi Hills,4,17,Meghalaya,12-01-2014,14673.40407
6807,East Garo Hills,2,17,Meghalaya,12-01-2014,14741.14737
6808,East Khasi Hills,6,17,Meghalaya,12-01-2014,14680.75182
6809,Jorhat,17,18,Assam,12-01-2014,14840.07419
6810,Karimganj,22,18,Assam,12-01-2014,14877.54134
6811,Kokrajhar,1,18,Assam,12-01-2014,14890.32256
6812,Lakhimpur,12,18,Assam,12-01-2014,14857.6597
6813,Nagaon,10,18,Assam,12-01-2014,14847.51069
6814,Marigaon,9,18,Assam,12-01-2014,14877.40039
6815,Nalbari,7,18,Assam,12-01-2014,14906.2928
6816,North Cachar Hills,20,18,Assam,12-01-2014,14696.41556
6817,Sonitpur,11,18,Assam,12-01-2014,14878.59603
6818,Sibsagar,16,18,Assam,12-01-2014,14824.99567
6819,Tinsukia,14,18,Assam,12-01-2014,14796.60219
6820,Barpeta,5,18,Assam,12-01-2014,14884.71512
6821,Bongaigaon,4,18,Assam,12-01-2014,14876.44759
6822,Cachar,21,18,Assam,12-01-2014,14862.34791
6823,Darrang,8,18,Assam,12-01-2014,14894.09337
6824,Dhemaji,13,18,Assam,12-01-2014,14885.44891
6825,Dhubri,2,18,Assam,12-01-2014,14859.47738
6826,Dibrugarh,15,18,Assam,12-01-2014,14849.49986
6827,Kamrup,6,18,Assam,12-01-2014,14830.33907
6828,Karbi Anglong,19,18,Assam,12-01-2014,14722.28868
6829,Goalpara,3,18,Assam,12-01-2014,14846.83583
6830,Golaghat,18,18,Assam,12-01-2014,14850.20331
6831,Hailakandi,23,18,Assam,12-01-2014,14862.95303
6832,Jalpaiguri,2,19,West Bengal,12-01-2014,14882.12713
6833,Koch Bihar,3,19,West Bengal,12-01-2014,14889.68989
6834,Murshidabad,7,19,West Bengal,12-01-2014,14824.5578
6835,Puruliya,14,19,West Bengal,12-01-2014,14947.85026
6836,Kolkata,17,19,West Bengal,12-01-2014,14936.41964
6837,Maldah,6,19,West Bengal,12-01-2014,14781.18602
6838,Nadia,10,19,West Bengal,12-01-2014,14836.97689
6839,North Twenty Four Parganas,11,19,West Bengal,12-01-2014,14812.03719
6840,Medinipur,15,19,West Bengal,12-01-2014,14894.01865
6841,Hugli,12,19,West Bengal,12-01-2014,14874.2044
6842,South  Twenty Four Parganas,18,19,West Bengal,12-01-2014,14834.74001
6843,Uttar Dinajpur,4,19,West Bengal,12-01-2014,14891.63642
6844,Barddhaman,9,19,West Bengal,12-01-2014,14901.85918
6845,Birbhum,8,19,West Bengal,12-01-2014,14929.89666
6846,Bankura,13,19,West Bengal,12-01-2014,14928.75139
6847,Dakshin Dinajpur,5,19,West Bengal,12-01-2014,14864.29679
6848,Darjiling,1,19,West Bengal,12-01-2014,14633.99952
6849,Haora,16,19,West Bengal,12-01-2014,14818.07631
6850,Purbi Singhbhum,18,20,Jharkhand,12-01-2014,14913.93193
6851,Lohardaga,15,20,Jharkhand,12-01-2014,14834.83131
6852,Pakaur,10,20,Jharkhand,12-01-2014,14899.74778
6853,Pashchimi Singhbhum,17,20,Jharkhand,12-01-2014,14864.938
6854,Ranchi,14,20,Jharkhand,12-01-2014,14879.42191
6855,Sahibganj,9,20,Jharkhand,12-01-2014,14783.8199
6856,Garhwa,1,20,Jharkhand,12-01-2014,14880.8865
6857,Palamu,2,20,Jharkhand,12-01-2014,14846.37571
6858,Chatra,3,20,Jharkhand,12-01-2014,14830.25251
6859,Hazaribagh,4,20,Jharkhand,12-01-2014,14830.47236
6860,Kodarma,5,20,Jharkhand,12-01-2014,14814.23273
6861,Bokaro,13,20,Jharkhand,12-01-2014,14906.44806
6862,Deoghar,7,20,Jharkhand,12-01-2014,14954.99406
6863,Dhanbad,12,20,Jharkhand,12-01-2014,14943.49043
6864,Dumka,11,20,Jharkhand,12-01-2014,14935.82291
6865,Giridih,6,20,Jharkhand,12-01-2014,14902.50308
6866,Godda,8,20,Jharkhand,12-01-2014,14829.24022
6867,Gumla,16,20,Jharkhand,12-01-2014,14895.77289
6868,Jajapur,13,21,Orissa,12-01-2014,15015.91762
6869,Jagatsinghapur,11,21,Orissa,12-01-2014,14957.26938
6870,Jharsuguda,2,21,Orissa,12-01-2014,14937.18582
6871,Khordha,17,21,Orissa,12-01-2014,14994.74009
6872,Mayurbhanj,7,21,Orissa,12-01-2014,14882.51167
6873,Puri,18,21,Orissa,12-01-2014,14952.92688
6874,Koraput,29,21,Orissa,12-01-2014,14969.02111
6875,Malkangiri,30,21,Orissa,12-01-2014,14940.54342
6876,Nabarangapur,28,21,Orissa,12-01-2014,15001.86588
6877,Nayagarh,16,21,Orissa,12-01-2014,14908.73156
6878,Nuapada,25,21,Orissa,12-01-2014,14965.13386
6879,Kandhamal,21,21,Orissa,12-01-2014,14794.70703
6880,Sambalpur,3,21,Orissa,12-01-2014,14884.44145
6881,Rayagada,27,21,Orissa,12-01-2014,14901.62692
6882,Sundargarh,5,21,Orissa,12-01-2014,14881.25901
6883,Sonapur,23,21,Orissa,12-01-2014,14955.54679
6884,Anugul,15,21,Orissa,12-01-2014,14901.0178
6885,Bhadrak,9,21,Orissa,12-01-2014,14978.68021
6886,Baudh,22,21,Orissa,12-01-2014,14873.89175
6887,Balangir,24,21,Orissa,12-01-2014,14989.24612
6888,Baleshwar,8,21,Orissa,12-01-2014,14936.5117
6889,Bargarh,1,21,Orissa,12-01-2014,14970.22145
6890,Kendrapara,10,21,Orissa,12-01-2014,14951.60514
6891,Kendujhar,6,21,Orissa,12-01-2014,14913.5508
6892,Debagarh,4,21,Orissa,12-01-2014,14886.94488
6893,Cuttack,12,21,Orissa,12-01-2014,14962.71752
6894,Dhenkanal,14,21,Orissa,12-01-2014,14946.42354
6895,Kalahandi,26,21,Orissa,12-01-2014,14915.66902
6896,Ganjam,19,21,Orissa,12-01-2014,14963.0089
6897,Gajapati,20,21,Orissa,12-01-2014,14865.18287
6898,Jashpur,3,22,Chhattisgarh,12-01-2014,14895.79738
6899,Koriya,1,22,Chhattisgarh,12-01-2014,14785.1378
6900,Mahasamund,12,22,Chhattisgarh,12-01-2014,15015.56597
6901,Raigarh,4,22,Chhattisgarh,12-01-2014,14930.28287
6902,Raipur,11,22,Chhattisgarh,12-01-2014,14986.44892
6903,Rajnandgaon,9,22,Chhattisgarh,12-01-2014,14964.86243
6904,Surguja,2,22,Chhattisgarh,12-01-2014,14829.28163
6905,Bilaspur,7,22,Chhattisgarh,12-01-2014,14906.28082
6906,Janjgir - Champa,6,22,Chhattisgarh,12-01-2014,15006.54783
6907,Korba,5,22,Chhattisgarh,12-01-2014,14835.68272
6908,Kawardha,8,22,Chhattisgarh,12-01-2014,14943.19887
6909,Bastar,15,22,Chhattisgarh,12-01-2014,14904.58782
6910,Dantewada,16,22,Chhattisgarh,12-01-2014,14915.21866
6911,Dhamtari,13,22,Chhattisgarh,12-01-2014,14932.37156
6912,Durg,10,22,Chhattisgarh,12-01-2014,15015.78995
6913,Kanker,14,22,Chhattisgarh,12-01-2014,14906.70826
6914,Jabalpur,39,23,Madhya Pradesh,12-01-2014,14979.31409
6915,Jhabua,24,23,Madhya Pradesh,12-01-2014,15140.44308
6916,Mandsaur,19,23,Madhya Pradesh,12-01-2014,14969.05179
6917,Tikamgarh,8,23,Madhya Pradesh,12-01-2014,14952.51116
6918,Narsimhapur,40,23,Madhya Pradesh,12-01-2014,14961.98101
6919,Neemuch,18,23,Madhya Pradesh,12-01-2014,14970.56446
6920,Panna,10,23,Madhya Pradesh,12-01-2014,14962.64742
6921,Raisen,34,23,Madhya Pradesh,12-01-2014,14979.77413
6922,Rajgarh,30,23,Madhya Pradesh,12-01-2014,15015.65611
6923,Satna,13,23,Madhya Pradesh,12-01-2014,14906.79022
6924,Sehore,33,23,Madhya Pradesh,12-01-2014,14976.97246
6925,Seoni,44,23,Madhya Pradesh,12-01-2014,15011.05151
6926,Hoshangabad,37,23,Madhya Pradesh,12-01-2014,14926.23806
6927,Indore,26,23,Madhya Pradesh,12-01-2014,14981.08136
6928,Shajapur,22,23,Madhya Pradesh,12-01-2014,15033.25623
6929,Shivpuri,6,23,Madhya Pradesh,12-01-2014,14943.66356
6930,Ratlam,20,23,Madhya Pradesh,12-01-2014,15075.15618
6931,Rewa,14,23,Madhya Pradesh,12-01-2014,14912.46252
6932,Sagar,11,23,Madhya Pradesh,12-01-2014,14991.00404
6933,Sidhi,17,23,Madhya Pradesh,12-01-2014,14840.92593
6934,Ujjain,21,23,Madhya Pradesh,12-01-2014,15031.70202
6935,Vidisha,31,23,Madhya Pradesh,12-01-2014,15007.53099
6936,West Nimar,27,23,Madhya Pradesh,12-01-2014,15113.87392
6937,Morena,2,23,Madhya Pradesh,12-01-2014,14940.36366
6938,Sheopur,1,23,Madhya Pradesh,12-01-2014,14916.65208
6939,Dindori,41,23,Madhya Pradesh,12-01-2014,14906.1164
6940,Mandla,42,23,Madhya Pradesh,12-01-2014,14903.13301
6941,Shahdol,16,23,Madhya Pradesh,12-01-2014,14890.62448
6942,Umaria,15,23,Madhya Pradesh,12-01-2014,14863.95464
6943,Bhind,3,23,Madhya Pradesh,12-01-2014,14962.43286
6944,Bhopal,32,23,Madhya Pradesh,12-01-2014,14947.04387
6945,Barwani,28,23,Madhya Pradesh,12-01-2014,15198.22445
6946,Betul,35,23,Madhya Pradesh,12-01-2014,15044.23259
6947,Balaghat,45,23,Madhya Pradesh,12-01-2014,14860.75635
6948,Chhatarpur,9,23,Madhya Pradesh,12-01-2014,14977.83306
6949,Chhindwara,43,23,Madhya Pradesh,12-01-2014,15019.13492
6950,Dewas,23,23,Madhya Pradesh,12-01-2014,15010.75761
6951,Katni,38,23,Madhya Pradesh,12-01-2014,14933.0257
6952,Datia,5,23,Madhya Pradesh,12-01-2014,14989.0227
6953,Damoh,12,23,Madhya Pradesh,12-01-2014,14990.2784
6954,Dhar,25,23,Madhya Pradesh,12-01-2014,15081.24923
6955,East Nimar,29,23,Madhya Pradesh,12-01-2014,15070.57382
6956,Guna,7,23,Madhya Pradesh,12-01-2014,15013.01323
6957,Gwalior,4,23,Madhya Pradesh,12-01-2014,14960.72716
6958,Harda,36,23,Madhya Pradesh,12-01-2014,14959.82921
6959,Jamnagar,10,24,Gujarat,12-01-2014,15243.57709
6960,Kheda,16,24,Gujarat,12-01-2014,15058.83326
6961,Mahesana,4,24,Gujarat,12-01-2014,15075.25082
6962,Narmada,20,24,Gujarat,12-01-2014,15160.17146
6963,Navsari,24,24,Gujarat,12-01-2014,15129.94103
6964,Panch Mahals,17,24,Gujarat,12-01-2014,15062.6314
6965,Patan,3,24,Gujarat,12-01-2014,15165.04645
6966,Porbandar,11,24,Gujarat,12-01-2014,15172.18086
6967,Rajkot,9,24,Gujarat,12-01-2014,15244.39099
6968,Sabar Kantha,5,24,Gujarat,12-01-2014,15028.00447
6969,Surendranagar,8,24,Gujarat,12-01-2014,15190.71099
6970,The Dangs,23,24,Gujarat,12-01-2014,15098.78311
6971,Vadodara,19,24,Gujarat,12-01-2014,15108.51155
6972,Valsad,25,24,Gujarat,12-01-2014,15157.55267
6973,Bharuch,21,24,Gujarat,12-01-2014,15170.71773
6974,Surat,22,24,Gujarat,12-01-2014,15138.97789
6975,Anand,15,24,Gujarat,12-01-2014,15078.02574
6976,Ahmadabad,7,24,Gujarat,12-01-2014,15159.39411
6977,Amreli,13,24,Gujarat,12-01-2014,15275.52911
6978,Bhavnagar,14,24,Gujarat,12-01-2014,15240.2667
6979,Banas Kantha,2,24,Gujarat,12-01-2014,15064.3761
6980,Dohad,18,24,Gujarat,12-01-2014,15076.76225
6981,Junagadh,12,24,Gujarat,12-01-2014,15148.24038
6982,Kachchh,1,24,Gujarat,12-01-2014,15220.89265
6983,Gandhinagar,6,24,Gujarat,12-01-2014,15096.26462
6984,Daman,2,25,Daman & Diu,12-01-2014,15096.77376
6985,Diu,1,25,Daman & Diu,12-01-2014,15076.317
6986,Dadra & Nagar Haveli,1,26,Dadara & Nagar Havelli,12-01-2014,15209.30973
6987,Jalgaon,3,27,Maharashtra,12-01-2014,15109.51804
6988,Jalna,18,27,Maharashtra,12-01-2014,15231.94925
6989,Kolhapur,34,27,Maharashtra,12-01-2014,15040.88939
6990,Latur,28,27,Maharashtra,12-01-2014,15355.86656
6991,Pune,25,27,Maharashtra,12-01-2014,15111.28646
6992,Nagpur,9,27,Maharashtra,12-01-2014,15055.66463
6993,Mumbai,23,27,Maharashtra,12-01-2014,15152.73325
6994,Mumbai (Suburban),22,27,Maharashtra,12-01-2014,15169.76669
6995,Nanded,15,27,Maharashtra,12-01-2014,15297.6441
6996,Nandurbar,1,27,Maharashtra,12-01-2014,15209.127
6997,Nashik,20,27,Maharashtra,12-01-2014,15161.47822
6998,Osmanabad,29,27,Maharashtra,12-01-2014,15345.93917
6999,Parbhani,17,27,Maharashtra,12-01-2014,15339.8256
7000,Sangli,35,27,Maharashtra,12-01-2014,15230.46885
7001,Satara,31,27,Maharashtra,12-01-2014,15144.98812
7002,Hingoli,16,27,Maharashtra,12-01-2014,15272.79814
7003,Ratnagiri,32,27,Maharashtra,12-01-2014,15118.8635
7004,Raigarh,24,27,Maharashtra,12-01-2014,15174.59645
7005,Thane,21,27,Maharashtra,12-01-2014,15214.9195
7006,Solapur,30,27,Maharashtra,12-01-2014,15259.73347
7007,Sindhudurg,33,27,Maharashtra,12-01-2014,15123.29967
7008,Wardha,8,27,Maharashtra,12-01-2014,15141.22898
7009,Washim,6,27,Maharashtra,12-01-2014,15244.39425
7010,Yavatmal,14,27,Maharashtra,12-01-2014,15184.00563
7011,Aurangabad,19,27,Maharashtra,12-01-2014,15176.19812
7012,Ahmadnagar,26,27,Maharashtra,12-01-2014,15173.56966
7013,Akola,5,27,Maharashtra,12-01-2014,15245.65779
7014,Amravati,7,27,Maharashtra,12-01-2014,15130.54186
7015,Bid,27,27,Maharashtra,12-01-2014,15289.78976
7016,Bhandara,10,27,Maharashtra,12-01-2014,14988.66484
7017,Buldana,4,27,Maharashtra,12-01-2014,15185.25044
7018,Chandrapur,13,27,Maharashtra,12-01-2014,15066.13413
7019,Dhule,2,27,Maharashtra,12-01-2014,15174.54481
7020,Gadchiroli,12,27,Maharashtra,12-01-2014,14940.40479
7021,Gondiya,11,27,Maharashtra,12-01-2014,14948.75659
7022,Khammam,10,28,Andhra Pradesh,12-01-2014,15056.76765
7023,Medak,4,28,Andhra Pradesh,12-01-2014,15257.69768
7024,Krishna,16,28,Andhra Pradesh,12-01-2014,15075.65653
7025,Kurnool,21,28,Andhra Pradesh,12-01-2014,15197.21814
7026,Mahbubnagar,7,28,Andhra Pradesh,12-01-2014,15233.98851
7027,Nalgonda,8,28,Andhra Pradesh,12-01-2014,15224.73184
7028,Nellore,19,28,Andhra Pradesh,12-01-2014,15080.64169
7029,Nizamabad,2,28,Andhra Pradesh,12-01-2014,15215.91654
7030,Prakasam,18,28,Andhra Pradesh,12-01-2014,15144.3476
7031,Hyderabad,5,28,Andhra Pradesh,12-01-2014,15117.8505
7032,Rangareddi,6,28,Andhra Pradesh,12-01-2014,15258.808
7033,Srikakulam,11,28,Andhra Pradesh,12-01-2014,15048.79534
7034,West Godavari,15,28,Andhra Pradesh,12-01-2014,15072.23396
7035,Visakhapatnam,13,28,Andhra Pradesh,12-01-2014,14968.15374
7036,Vizianagaram,12,28,Andhra Pradesh,12-01-2014,15043.20545
7037,Warangal,9,28,Andhra Pradesh,12-01-2014,15163.55306
7038,Anantapur,22,28,Andhra Pradesh,12-01-2014,15289.0572
7039,Adilabad,1,28,Andhra Pradesh,12-01-2014,15151.56222
7040,Chittoor,23,28,Andhra Pradesh,12-01-2014,15130.66019
7041,Cuddapah,20,28,Andhra Pradesh,12-01-2014,15198.4401
7042,East Godavari,14,28,Andhra Pradesh,12-01-2014,14991.91149
7043,Karimnagar,3,28,Andhra Pradesh,12-01-2014,15193.33338
7044,Guntur,17,28,Andhra Pradesh,12-01-2014,15084.97371
7045,Kodagu,25,29,Karnataka,12-01-2014,14888.36598
7046,Kolar,19,29,Karnataka,12-01-2014,15149.78625
7047,Mandya,22,29,Karnataka,12-01-2014,15056.04217
7048,Koppal,7,29,Karnataka,12-01-2014,15210.49919
7049,Mysore,26,29,Karnataka,12-01-2014,15086.93694
7050,Raichur,6,29,Karnataka,12-01-2014,15242.48836
7051,Hassan,23,29,Karnataka,12-01-2014,15042.48892
7052,Haveri,11,29,Karnataka,12-01-2014,15177.74037
7053,Shimoga,15,29,Karnataka,12-01-2014,15004.08026
7054,Tumkur,18,29,Karnataka,12-01-2014,15151.67342
7055,Udupi,16,29,Karnataka,12-01-2014,15097.35647
7056,Uttara Kannada,10,29,Karnataka,12-01-2014,14968.33096
7057,Bagalkot,2,29,Karnataka,12-01-2014,15186.20413
7058,Bangalore,20,29,Karnataka,12-01-2014,15047.09531
7059,Bidar,5,29,Karnataka,12-01-2014,15330.75157
7060,Bijapur,3,29,Karnataka,12-01-2014,15282.87804
7061,Belgaum,1,29,Karnataka,12-01-2014,15119.14502
7062,Bellary,12,29,Karnataka,12-01-2014,15182.64513
7063,Bangalore Rural,21,29,Karnataka,12-01-2014,15062.2651
7064,Chamarajanagar,27,29,Karnataka,12-01-2014,15082.56552
7065,Chikmagalur,17,29,Karnataka,12-01-2014,14976.14389
7066,Chitradurga,13,29,Karnataka,12-01-2014,15225.49618
7067,Dakshina Kannada,24,29,Karnataka,12-01-2014,15073.33569
7068,Davanagere,14,29,Karnataka,12-01-2014,15145.94006
7069,Dharwad,9,29,Karnataka,12-01-2014,15158.2627
7070,Gulbarga,4,29,Karnataka,12-01-2014,15269.7299
7071,Gadag,8,29,Karnataka,12-01-2014,15246.58106
7072,North Goa,1,30,Goa,12-01-2014,15105.36858
7073,South Goa,2,30,Goa,12-01-2014,15070.64664
7074,Lakshadweep,1,31,Lakshadweep,12-01-2014,15054.09351
7075,Kollam,13,32,Kerala,12-01-2014,15077.50573
7076,Kottayam,10,32,Kerala,12-01-2014,15113.36654
7077,Kozhikode,4,32,Kerala,12-01-2014,15071.33125
7078,Malappuram,5,32,Kerala,12-01-2014,15056.31237
7079,Palakkad,6,32,Kerala,12-01-2014,15011.07722
7080,Pathanamthitta,12,32,Kerala,12-01-2014,15015.78218
7081,Idukki,9,32,Kerala,12-01-2014,14878.8928
7082,Thrissur,7,32,Kerala,12-01-2014,15073.8137
7083,Thiruvananthapuram,14,32,Kerala,12-01-2014,15090.36587
7084,Wayanad,3,32,Kerala,12-01-2014,14891.05655
7085,Alappuzha,11,32,Kerala,12-01-2014,15148.33832
7086,Kasaragod,1,32,Kerala,12-01-2014,15132.852
7087,Kannur,2,32,Kerala,12-01-2014,15104.09144
7088,Ernakulam,8,32,Kerala,12-01-2014,15134.23358
7089,Kanniyakumari,30,33,Tamil Nadu,12-01-2014,15048.80628
7090,Karur,14,33,Tamil Nadu,12-01-2014,15202.82327
7091,Madurai,24,33,Tamil Nadu,12-01-2014,15144.77213
7092,Namakkal,9,33,Tamil Nadu,12-01-2014,15180.80709
7093,The Nilgiris,11,33,Tamil Nadu,12-01-2014,14799.06519
7094,Perambalur,16,33,Tamil Nadu,12-01-2014,15123.58023
7095,Pudukkottai,22,33,Tamil Nadu,12-01-2014,15097.34685
7096,Ramanathapuram,27,33,Tamil Nadu,12-01-2014,15078.99219
7097,Salem,8,33,Tamil Nadu,12-01-2014,15068.8711
7098,Sivaganga,23,33,Tamil Nadu,12-01-2014,15073.3886
7099,Tiruchirappalli,15,33,Tamil Nadu,12-01-2014,15126.7029
7100,Tirunelveli,29,33,Tamil Nadu,12-01-2014,15071.8138
7101,Tiruvannamalai,6,33,Tamil Nadu,12-01-2014,15145.90676
7102,Thoothukkudi,28,33,Tamil Nadu,12-01-2014,15150.00789
7103,Theni,25,33,Tamil Nadu,12-01-2014,15033.96856
7104,Vellore,4,33,Tamil Nadu,12-01-2014,15139.96328
7105,Viluppuram,7,33,Tamil Nadu,12-01-2014,15108.70042
7106,Virudhunagar,26,33,Tamil Nadu,12-01-2014,15198.01493
7107,Chennai,2,33,Tamil Nadu,12-01-2014,15177.61582
7108,Kancheepuram,3,33,Tamil Nadu,12-01-2014,15091.36126
7109,Thiruvallur,1,33,Tamil Nadu,12-01-2014,15076.43788
7110,Thanjavur,21,33,Tamil Nadu,12-01-2014,15020.23683
7111,Thiruvarur,20,33,Tamil Nadu,12-01-2014,14976.80049
7112,Nagapattinam,19,33,Tamil Nadu,12-01-2014,14988.66332
7113,Ariyalur,17,33,Tamil Nadu,12-01-2014,15069.56182
7114,Coimbatore,12,33,Tamil Nadu,12-01-2014,15095.54479
7115,Cuddalore,18,33,Tamil Nadu,12-01-2014,15087.91686
7116,Dharmapuri,5,33,Tamil Nadu,12-01-2014,15056.76816
7117,Dindigul,13,33,Tamil Nadu,12-01-2014,15059.65094
7118,Erode,10,33,Tamil Nadu,12-01-2014,15106.01102
7119,Pondicherry,2,34,Puducherry,12-01-2014,15097.58671
7120,Yanam,1,34,Puducherry,12-01-2014,15053.95925
7121,Karaikal,4,34,Puducherry,12-01-2014,15017.57691
7122,Mahe,3,34,Puducherry,12-01-2014,15122.68246
7123,Nicobars,2,35,Andaman & Nicobar Island,12-01-2014,14948.05592
7124,Andamans,1,35,Andaman & Nicobar Island,12-01-2014,14935.22617
7125,Data Not Available,99,99,Jammu and Kashmir,12-01-2014,13300.64233
0,Anantnag,6,1,Jammu and Kashmir,01-01-2015,13722.2604
1,Badgam,4,1,Jammu and Kashmir,01-01-2015,13926.89141
2,Baramula,2,1,Jammu and Kashmir,01-01-2015,13689.2613
3,Doda,9,1,Jammu and Kashmir,01-01-2015,13551.03095
4,Jammu,13,1,Jammu and Kashmir,01-01-2015,14534.22848
5,Kargil,8,1,Jammu and Kashmir,01-01-2015,13103.46479
6,Kathua,14,1,Jammu and Kashmir,01-01-2015,14430.27135
7,Leh (Ladakh),7,1,Jammu and Kashmir,01-01-2015,13192.64319
8,Kupwara,1,1,Jammu and Kashmir,01-01-2015,13818.63673
9,Punch,11,1,Jammu and Kashmir,01-01-2015,14267.12193
10,Pulwama,5,1,Jammu and Kashmir,01-01-2015,14079.58882
11,Rajauri,12,1,Jammu and Kashmir,01-01-2015,14401.29317
12,Srinagar,3,1,Jammu and Kashmir,01-01-2015,13656.66268
13,Udhampur,10,1,Jammu and Kashmir,01-01-2015,14288.22507
14,Bilaspur,8,2,Himachal Pradesh,01-01-2015,14367.44002
15,Chamba,1,2,Himachal Pradesh,01-01-2015,13741.189
16,Hamirpur,6,2,Himachal Pradesh,01-01-2015,14365.54495
17,Kangra,2,2,Himachal Pradesh,01-01-2015,14181.57404
18,Kinnaur,12,2,Himachal Pradesh,01-01-2015,13187.66721
19,Lahul & Spiti,3,2,Himachal Pradesh,01-01-2015,12958.49279
20,Kullu,4,2,Himachal Pradesh,01-01-2015,13577.65652
21,Mandi,5,2,Himachal Pradesh,01-01-2015,14227.18168
22,Shimla,11,2,Himachal Pradesh,01-01-2015,14046.60969
23,Sirmaur,10,2,Himachal Pradesh,01-01-2015,14384.7886
24,Solan,9,2,Himachal Pradesh,01-01-2015,14413.14837
25,Una,7,2,Himachal Pradesh,01-01-2015,14468.31067
26,Amritsar,2,3,Punjab,01-01-2015,14480.69096
27,Firozpur,11,3,Punjab,01-01-2015,14500.19888
28,Bathinda,14,3,Punjab,01-01-2015,14487.56716
29,Gurdaspur,1,3,Punjab,01-01-2015,14480.03599
30,Faridkot,13,3,Punjab,01-01-2015,14486.8741
31,Fatehgarh Sahib,8,3,Punjab,01-01-2015,14477.85518
32,Jalandhar,4,3,Punjab,01-01-2015,14482.0003
33,Kapurthala,3,3,Punjab,01-01-2015,14472.9039
34,Ludhiana,9,3,Punjab,01-01-2015,14476.50721
35,Mansa,15,3,Punjab,01-01-2015,14482.42821
36,Moga,10,3,Punjab,01-01-2015,14464.39121
37,Muktsar,12,3,Punjab,01-01-2015,14493.21391
38,Nawanshahr,6,3,Punjab,01-01-2015,14496.17692
39,Patiala,17,3,Punjab,01-01-2015,14475.5411
40,Sangrur,16,3,Punjab,01-01-2015,14452.34812
41,Hoshiarpur,5,3,Punjab,01-01-2015,14504.73011
42,Rupnagar,7,3,Punjab,01-01-2015,14497.15499
43,Chandigarh,1,4,Chandigarh,01-01-2015,14551.04249
44,Bageshwar,8,5,Uttarakhand,01-01-2015,14065.72872
45,Almora,9,5,Uttarakhand,01-01-2015,14347.22762
46,Chamoli,2,5,Uttarakhand,01-01-2015,13535.86099
47,Champawat,10,5,Uttarakhand,01-01-2015,14366.89813
48,Dehradun,5,5,Uttarakhand,01-01-2015,14406.73302
49,Garhwal,6,5,Uttarakhand,01-01-2015,14370.00056
50,Nainital,11,5,Uttarakhand,01-01-2015,14446.33292
51,Pithoragarh,7,5,Uttarakhand,01-01-2015,13613.69316
52,Hardwar,13,5,Uttarakhand,01-01-2015,14563.4177
53,Rudraprayag,3,5,Uttarakhand,01-01-2015,13947.22483
54,Tehri Garhwal,4,5,Uttarakhand,01-01-2015,14186.70974
55,Udham Singh Nagar,12,5,Uttarakhand,01-01-2015,14554.75664
56,Uttarkashi,1,5,Uttarakhand,01-01-2015,13551.93229
57,Ambala,2,6,Haryana,01-01-2015,14507.41983
58,Gurgaon,18,6,Haryana,01-01-2015,14554.07504
59,Faridabad,19,6,Haryana,01-01-2015,14521.4103
60,Fatehabad,10,6,Haryana,01-01-2015,14516.17873
61,Jind,9,6,Haryana,01-01-2015,14501.79188
62,Kaithal,5,6,Haryana,01-01-2015,14481.20449
63,Karnal,6,6,Haryana,01-01-2015,14477.47448
64,Kurukshetra,4,6,Haryana,01-01-2015,14479.30996
65,Panchkula,1,6,Haryana,01-01-2015,14514.56506
66,Panipat,7,6,Haryana,01-01-2015,14491.1517
67,Hisar,12,6,Haryana,01-01-2015,14565.69178
68,Rohtak,14,6,Haryana,01-01-2015,14520.89194
69,Sirsa,11,6,Haryana,01-01-2015,14527.43677
70,Sonipat,8,6,Haryana,01-01-2015,14476.50737
71,Yamunanagar,3,6,Haryana,01-01-2015,14528.55279
72,Jhajjar,15,6,Haryana,01-01-2015,14519.40362
73,Mahendragarh,16,6,Haryana,01-01-2015,14608.02122
74,Rewari,17,6,Haryana,01-01-2015,14537.23925
75,Bhiwani,13,6,Haryana,01-01-2015,14596.51266
76,Central,6,7,Delhi  & NCR,01-01-2015,14548.53266
77,East,4,7,Delhi  & NCR,01-01-2015,14540.58981
78,New Delhi,5,7,Delhi  & NCR,01-01-2015,14527.78701
79,North,2,7,Delhi  & NCR,01-01-2015,14541.26143
80,North East,3,7,Delhi  & NCR,01-01-2015,14546.26226
81,North West,1,7,Delhi  & NCR,01-01-2015,14541.14978
82,South,9,7,Delhi  & NCR,01-01-2015,14548.90441
83,South West,8,7,Delhi  & NCR,01-01-2015,14542.39631
84,West,7,7,Delhi  & NCR,01-01-2015,14578.50397
85,Ajmer,21,8,Rajasthan,01-01-2015,14912.11831
86,Banswara,28,8,Rajasthan,01-01-2015,14998.03993
87,Barmer,17,8,Rajasthan,01-01-2015,15155.13222
88,Bhilwara,24,8,Rajasthan,01-01-2015,14881.14629
89,Bikaner,3,8,Rajasthan,01-01-2015,15077.71456
90,Bharatpur,7,8,Rajasthan,01-01-2015,14596.638
91,Bundi,23,8,Rajasthan,01-01-2015,14749.75243
92,Chittaurgarh,29,8,Rajasthan,01-01-2015,14835.65962
93,Churu,4,8,Rajasthan,01-01-2015,14989.99868
94,Dausa,11,8,Rajasthan,01-01-2015,14677.18944
95,Dhaulpur,8,8,Rajasthan,01-01-2015,14651.05668
96,Dungarpur,27,8,Rajasthan,01-01-2015,14957.21362
97,Karauli,9,8,Rajasthan,01-01-2015,14700.68042
98,Jaipur,12,8,Rajasthan,01-01-2015,14800.69532
99,Jaisalmer,16,8,Rajasthan,01-01-2015,15165.20956
100,Jalor,18,8,Rajasthan,01-01-2015,15075.92504
101,Jhalawar,32,8,Rajasthan,01-01-2015,14831.85316
102,Jhunjhunun,5,8,Rajasthan,01-01-2015,14805.51908
103,Jodhpur,15,8,Rajasthan,01-01-2015,15098.21676
104,Kota,30,8,Rajasthan,01-01-2015,14749.4428
105,Nagaur,14,8,Rajasthan,01-01-2015,15016.2881
106,Pali,20,8,Rajasthan,01-01-2015,15032.23888
107,Rajsamand,25,8,Rajasthan,01-01-2015,14868.70561
108,Sawai Madhopur,10,8,Rajasthan,01-01-2015,14662.16477
109,Sirohi,19,8,Rajasthan,01-01-2015,15004.82961
110,Tonk,22,8,Rajasthan,01-01-2015,14736.67712
111,Sikar,13,8,Rajasthan,01-01-2015,14861.40214
112,Alwar,6,8,Rajasthan,01-01-2015,14616.70215
113,Udaipur,26,8,Rajasthan,01-01-2015,14895.74663
114,Ganganagar,1,8,Rajasthan,01-01-2015,14752.58893
115,Hanumangarh,2,8,Rajasthan,01-01-2015,14745.42899
116,Baran,31,8,Rajasthan,01-01-2015,14727.08052
117,Auraiya,32,9,Uttar Pradesh,01-01-2015,14576.07357
118,Azamgarh,61,9,Uttar Pradesh,01-01-2015,14523.11858
119,Budaun,19,9,Uttar Pradesh,01-01-2015,14481.97675
120,Agra,15,9,Uttar Pradesh,01-01-2015,14578.53055
121,Aligarh,12,9,Uttar Pradesh,01-01-2015,14505.04307
122,Allahabad,45,9,Uttar Pradesh,01-01-2015,14632.16014
123,Ambedkar Nagar,48,9,Uttar Pradesh,01-01-2015,14506.95852
124,Bareilly,20,9,Uttar Pradesh,01-01-2015,14511.55643
125,Bijnor,3,9,Uttar Pradesh,01-01-2015,14559.23319
126,Basti,55,9,Uttar Pradesh,01-01-2015,14592.93202
127,Baghpat,8,9,Uttar Pradesh,01-01-2015,14537.0968
128,Bahraich,50,9,Uttar Pradesh,01-01-2015,14574.7008
129,Ballia,63,9,Uttar Pradesh,01-01-2015,14531.37017
130,Balrampur,52,9,Uttar Pradesh,01-01-2015,14657.79706
131,Banda,40,9,Uttar Pradesh,01-01-2015,14685.4558
132,Barabanki,46,9,Uttar Pradesh,01-01-2015,14553.10152
133,Chitrakoot,41,9,Uttar Pradesh,01-01-2015,14670.49462
134,Chandauli,66,9,Uttar Pradesh,01-01-2015,14642.54315
135,Deoria,60,9,Uttar Pradesh,01-01-2015,14588.32292
136,Etah,17,9,Uttar Pradesh,01-01-2015,14508.17676
137,Kanpur Dehat,33,9,Uttar Pradesh,01-01-2015,14597.50221
138,Etawah,31,9,Uttar Pradesh,01-01-2015,14590.35245
139,Faizabad,47,9,Uttar Pradesh,01-01-2015,14565.34228
140,Ghazipur,65,9,Uttar Pradesh,01-01-2015,14559.90474
141,Gonda,53,9,Uttar Pradesh,01-01-2015,14600.96059
142,Gorakhpur,58,9,Uttar Pradesh,01-01-2015,14551.52526
143,Farrukhabad,29,9,Uttar Pradesh,01-01-2015,14522.00268
144,Fatehpur,42,9,Uttar Pradesh,01-01-2015,14624.87428
145,Firozabad,16,9,Uttar Pradesh,01-01-2015,14555.73448
146,Hamirpur,38,9,Uttar Pradesh,01-01-2015,14666.26826
147,Hardoi,25,9,Uttar Pradesh,01-01-2015,14512.20326
148,Jalaun,35,9,Uttar Pradesh,01-01-2015,14638.34793
149,Jaunpur,64,9,Uttar Pradesh,01-01-2015,14582.92212
150,Jhansi,36,9,Uttar Pradesh,01-01-2015,14659.87113
151,Jyotiba Phule Nagar,6,9,Uttar Pradesh,01-01-2015,14521.83729
152,Kannauj,30,9,Uttar Pradesh,01-01-2015,14557.88286
153,Kanpur Nagar,34,9,Uttar Pradesh,01-01-2015,14605.64395
154,Kaushambi,44,9,Uttar Pradesh,01-01-2015,14608.93094
155,Kheri,23,9,Uttar Pradesh,01-01-2015,14521.55337
156,Mirzapur,69,9,Uttar Pradesh,01-01-2015,14650.75311
157,Moradabad,4,9,Uttar Pradesh,01-01-2015,14520.3893
158,Muzaffarnagar,2,9,Uttar Pradesh,01-01-2015,14536.82662
159,Rae Bareli,28,9,Uttar Pradesh,01-01-2015,14600.64794
160,Kushinagar,59,9,Uttar Pradesh,01-01-2015,14646.00695
161,Lucknow,27,9,Uttar Pradesh,01-01-2015,14579.15801
162,Lalitpur,37,9,Uttar Pradesh,01-01-2015,14634.41797
163,Mahrajganj,57,9,Uttar Pradesh,01-01-2015,14589.46931
164,Mahoba,39,9,Uttar Pradesh,01-01-2015,14665.59936
165,Mainpuri,18,9,Uttar Pradesh,01-01-2015,14568.80801
166,Mathura,14,9,Uttar Pradesh,01-01-2015,14542.50756
167,Mau,62,9,Uttar Pradesh,01-01-2015,14522.57998
168,Meerut,7,9,Uttar Pradesh,01-01-2015,14522.09289
169,Pilibhit,21,9,Uttar Pradesh,01-01-2015,14531.49157
170,Pratapgarh,43,9,Uttar Pradesh,01-01-2015,14592.24003
171,Rampur,5,9,Uttar Pradesh,01-01-2015,14507.12488
172,Sant Ravidas Nagar Bhadohi,68,9,Uttar Pradesh,01-01-2015,14605.80874
173,Sant Kabir Nagar,56,9,Uttar Pradesh,01-01-2015,14535.40971
174,Shahjahanpur,22,9,Uttar Pradesh,01-01-2015,14493.14006
175,Hathras,13,9,Uttar Pradesh,01-01-2015,14540.09304
176,Shrawasti,51,9,Uttar Pradesh,01-01-2015,14611.91858
177,Saharanpur,1,9,Uttar Pradesh,01-01-2015,14530.20328
178,Sitapur,24,9,Uttar Pradesh,01-01-2015,14542.59914
179,Sultanpur,49,9,Uttar Pradesh,01-01-2015,14575.24036
180,Sonbhadra,70,9,Uttar Pradesh,01-01-2015,14668.94448
181,Siddharthnagar,54,9,Uttar Pradesh,01-01-2015,14608.8828
182,Unnao,26,9,Uttar Pradesh,01-01-2015,14558.97037
183,Varanasi,67,9,Uttar Pradesh,01-01-2015,14608.18557
184,Bulandshahr,11,9,Uttar Pradesh,01-01-2015,14495.46006
185,Gautam Buddha Nagar,10,9,Uttar Pradesh,01-01-2015,14511.10581
186,Ghaziabad,9,9,Uttar Pradesh,01-01-2015,14509.7552
187,Araria,7,10,Bihar,01-01-2015,14686.74616
188,Aurangabad,34,10,Bihar,01-01-2015,14745.58982
189,Banka,23,10,Bihar,01-01-2015,14777.25468
190,Bhagalpur,22,10,Bihar,01-01-2015,14695.25496
191,Begusarai,20,10,Bihar,01-01-2015,14537.51628
192,Saran,17,10,Bihar,01-01-2015,14542.78344
193,Katihar,10,10,Bihar,01-01-2015,14668.13574
194,Darbhanga,13,10,Bihar,01-01-2015,14597.46465
195,Gopalganj,15,10,Bihar,01-01-2015,14639.0313
196,Jamui,37,10,Bihar,01-01-2015,14762.14673
197,Kishanganj,8,10,Bihar,01-01-2015,14822.05833
198,Muzaffarpur,14,10,Bihar,01-01-2015,14615.78574
199,Purnia,9,10,Bihar,01-01-2015,14676.87538
200,Khagaria,21,10,Bihar,01-01-2015,14593.68618
201,Madhubani,5,10,Bihar,01-01-2015,14635.79999
202,Lakhisarai,25,10,Bihar,01-01-2015,14658.74797
203,Madhepura,11,10,Bihar,01-01-2015,14625.91322
204,Purba Champaran,2,10,Bihar,01-01-2015,14632.31326
205,Munger,24,10,Bihar,01-01-2015,14667.58904
206,Nalanda,27,10,Bihar,01-01-2015,14664.65397
207,Nawada,36,10,Bihar,01-01-2015,14717.74571
208,Pashchim Champaran,1,10,Bihar,01-01-2015,14661.04145
209,Patna,28,10,Bihar,01-01-2015,14634.37541
210,Samastipur,19,10,Bihar,01-01-2015,14550.81281
211,Sheikhpura,26,10,Bihar,01-01-2015,14689.40696
212,Sheohar,3,10,Bihar,01-01-2015,14591.78538
213,Saharsa,12,10,Bihar,01-01-2015,14566.40169
214,Sitamarhi,4,10,Bihar,01-01-2015,14597.3582
215,Siwan,16,10,Bihar,01-01-2015,14634.3275
216,Supaul,6,10,Bihar,01-01-2015,14647.85208
217,Vaishali,18,10,Bihar,01-01-2015,14547.76829
218,Kaimur (Bhabua),31,10,Bihar,01-01-2015,14697.37207
219,Gaya,35,10,Bihar,01-01-2015,14743.99062
220,Bhojpur,29,10,Bihar,01-01-2015,14651.99008
221,Buxar,30,10,Bihar,01-01-2015,14616.43133
222,Jehanabad,33,10,Bihar,01-01-2015,14697.66046
223,Rohtas,32,10,Bihar,01-01-2015,14700.1943
224,East,4,11,Sikkim,01-01-2015,14202.60438
225,North,1,11,Sikkim,01-01-2015,13519.79285
226,South,3,11,Sikkim,01-01-2015,14319.2941
227,West,2,11,Sikkim,01-01-2015,14102.67903
228,Changlang,12,12,Arunanchal Pradesh,01-01-2015,14471.07233
229,Dibang Valley,10,12,Arunanchal Pradesh,01-01-2015,13963.83835
230,East Kameng,3,12,Arunanchal Pradesh,01-01-2015,14261.41293
231,East Siang,8,12,Arunanchal Pradesh,01-01-2015,14535.80934
232,Lohit,11,12,Arunanchal Pradesh,01-01-2015,14156.73669
233,Lower Subansiri,5,12,Arunanchal Pradesh,01-01-2015,14140.55505
234,Papum Pare,4,12,Arunanchal Pradesh,01-01-2015,14428.37519
235,Tawang,1,12,Arunanchal Pradesh,01-01-2015,13867.20235
236,Tirap,13,12,Arunanchal Pradesh,01-01-2015,14560.8861
237,West Kameng,2,12,Arunanchal Pradesh,01-01-2015,14215.98961
238,West Siang,7,12,Arunanchal Pradesh,01-01-2015,14207.31959
239,Upper Siang,9,12,Arunanchal Pradesh,01-01-2015,14045.66372
240,Upper Subansiri,6,12,Arunanchal Pradesh,01-01-2015,14049.43006
241,Mokokchung,3,13,Nagaland,01-01-2015,14617.43571
242,Mon,1,13,Nagaland,01-01-2015,14638.40352
243,Phek,8,13,Nagaland,01-01-2015,14435.9033
244,Tuensang,2,13,Nagaland,01-01-2015,14455.83507
245,Wokha,5,13,Nagaland,01-01-2015,14627.56619
246,Zunheboto,4,13,Nagaland,01-01-2015,14488.08565
247,Dimapur,6,13,Nagaland,01-01-2015,14740.97272
248,Kohima,7,13,Nagaland,01-01-2015,14568.66497
249,Bishnupur,4,14,Manipur,01-01-2015,14694.07823
250,Chandel,9,14,Manipur,01-01-2015,14621.53322
251,Churachandpur,3,14,Manipur,01-01-2015,14613.49422
252,Imphal East,7,14,Manipur,01-01-2015,14779.1808
253,Imphal West,6,14,Manipur,01-01-2015,14736.58366
254,Senapati (Excl. 3 sub-divisions),1,14,Manipur,01-01-2015,14537.1895
255,Tamenglong,2,14,Manipur,01-01-2015,14571.10883
256,Thoubal,5,14,Manipur,01-01-2015,14748.0248
257,Ukhrul,8,14,Manipur,01-01-2015,14541.86717
258,Aizawl,3,15,Mizoram,01-01-2015,14651.16911
259,Champhai,4,15,Mizoram,01-01-2015,14593.57489
260,Kolasib,2,15,Mizoram,01-01-2015,14722.55005
261,Mamit,1,15,Mizoram,01-01-2015,14709.04848
262,Lunglei,6,15,Mizoram,01-01-2015,14677.02253
263,Lawngtlai,7,15,Mizoram,01-01-2015,14754.69233
264,Saiha,8,15,Mizoram,01-01-2015,14648.79857
265,Serchhip,5,15,Mizoram,01-01-2015,14610.79359
266,Dhalai,3,16,Tripura,01-01-2015,14823.11749
267,North Tripura,4,16,Tripura,01-01-2015,14833.91298
268,South Tripura,2,16,Tripura,01-01-2015,14865.63016
269,West Tripura,1,16,Tripura,01-01-2015,14905.98028
270,East Garo Hills,2,17,Meghalaya,01-01-2015,14706.66813
271,East Khasi Hills,6,17,Meghalaya,01-01-2015,14617.9239
272,Jaintia Hills,7,17,Meghalaya,01-01-2015,14661.6879
273,Ri Bhoi,5,17,Meghalaya,01-01-2015,14666.63126
274,South Garo Hills,3,17,Meghalaya,01-01-2015,14741.40641
275,West Garo Hills,1,17,Meghalaya,01-01-2015,14765.88732
276,West Khasi Hills,4,17,Meghalaya,01-01-2015,14623.06851
277,Barpeta,5,18,Assam,01-01-2015,14817.86207
278,Bongaigaon,4,18,Assam,01-01-2015,14816.91753
279,Cachar,21,18,Assam,01-01-2015,14836.46228
280,Darrang,8,18,Assam,01-01-2015,14861.51856
281,Dhemaji,13,18,Assam,01-01-2015,14882.49274
282,Dhubri,2,18,Assam,01-01-2015,14773.61184
283,Dibrugarh,15,18,Assam,01-01-2015,14830.7854
284,Kamrup,6,18,Assam,01-01-2015,14784.06204
285,Karbi Anglong,19,18,Assam,01-01-2015,14699.75912
286,Goalpara,3,18,Assam,01-01-2015,14762.28332
287,Golaghat,18,18,Assam,01-01-2015,14832.18731
288,Hailakandi,23,18,Assam,01-01-2015,14853.55218
289,Jorhat,17,18,Assam,01-01-2015,14828.36142
290,Karimganj,22,18,Assam,01-01-2015,14867.16942
291,Kokrajhar,1,18,Assam,01-01-2015,14857.91999
292,Lakhimpur,12,18,Assam,01-01-2015,14858.46626
293,Nagaon,10,18,Assam,01-01-2015,14828.08523
294,Marigaon,9,18,Assam,01-01-2015,14841.31783
295,Nalbari,7,18,Assam,01-01-2015,14850.60599
296,North Cachar Hills,20,18,Assam,01-01-2015,14673.76468
297,Sonitpur,11,18,Assam,01-01-2015,14856.52311
298,Sibsagar,16,18,Assam,01-01-2015,14824.45773
299,Tinsukia,14,18,Assam,01-01-2015,14776.52958
300,Barddhaman,9,19,West Bengal,01-01-2015,14857.44677
301,Birbhum,8,19,West Bengal,01-01-2015,14891.42108
302,Bankura,13,19,West Bengal,01-01-2015,14870.82822
303,Dakshin Dinajpur,5,19,West Bengal,01-01-2015,14744.56791
304,Darjiling,1,19,West Bengal,01-01-2015,14595.9128
305,Haora,16,19,West Bengal,01-01-2015,14797.1541
306,Jalpaiguri,2,19,West Bengal,01-01-2015,14828.65018
307,Koch Bihar,3,19,West Bengal,01-01-2015,14788.85531
308,Murshidabad,7,19,West Bengal,01-01-2015,14789.44475
309,Puruliya,14,19,West Bengal,01-01-2015,14884.2094
310,Kolkata,17,19,West Bengal,01-01-2015,14889.57641
311,Maldah,6,19,West Bengal,01-01-2015,14705.65745
312,Nadia,10,19,West Bengal,01-01-2015,14778.40556
313,North Twenty Four Parganas,11,19,West Bengal,01-01-2015,14757.37952
314,Medinipur,15,19,West Bengal,01-01-2015,14848.21245
315,Hugli,12,19,West Bengal,01-01-2015,14799.67952
316,South  Twenty Four Parganas,18,19,West Bengal,01-01-2015,14803.50083
317,Uttar Dinajpur,4,19,West Bengal,01-01-2015,14749.67727
318,Bokaro,13,20,Jharkhand,01-01-2015,14860.60997
319,Deoghar,7,20,Jharkhand,01-01-2015,14860.40079
320,Dhanbad,12,20,Jharkhand,01-01-2015,14879.13156
321,Dumka,11,20,Jharkhand,01-01-2015,14866.59081
322,Giridih,6,20,Jharkhand,01-01-2015,14847.40557
323,Godda,8,20,Jharkhand,01-01-2015,14800.53869
324,Gumla,16,20,Jharkhand,01-01-2015,14828.572
325,Purbi Singhbhum,18,20,Jharkhand,01-01-2015,14894.24522
326,Lohardaga,15,20,Jharkhand,01-01-2015,14789.01616
327,Pakaur,10,20,Jharkhand,01-01-2015,14889.04594
328,Pashchimi Singhbhum,17,20,Jharkhand,01-01-2015,14853.6597
329,Ranchi,14,20,Jharkhand,01-01-2015,14822.88946
330,Sahibganj,9,20,Jharkhand,01-01-2015,14767.37126
331,Garhwa,1,20,Jharkhand,01-01-2015,14763.03249
332,Palamu,2,20,Jharkhand,01-01-2015,14773.47062
333,Chatra,3,20,Jharkhand,01-01-2015,14761.28958
334,Hazaribagh,4,20,Jharkhand,01-01-2015,14799.34962
335,Kodarma,5,20,Jharkhand,01-01-2015,14767.64653
336,Anugul,15,21,Orissa,01-01-2015,14889.3795
337,Bhadrak,9,21,Orissa,01-01-2015,14954.49344
338,Baudh,22,21,Orissa,01-01-2015,14903.67271
339,Balangir,24,21,Orissa,01-01-2015,14983.43233
340,Baleshwar,8,21,Orissa,01-01-2015,14897.74209
341,Bargarh,1,21,Orissa,01-01-2015,14960.34322
342,Kendrapara,10,21,Orissa,01-01-2015,14950.04547
343,Kendujhar,6,21,Orissa,01-01-2015,14915.06374
344,Debagarh,4,21,Orissa,01-01-2015,14869.50233
345,Cuttack,12,21,Orissa,01-01-2015,14968.85587
346,Dhenkanal,14,21,Orissa,01-01-2015,14933.37389
347,Kalahandi,26,21,Orissa,01-01-2015,14964.86821
348,Ganjam,19,21,Orissa,01-01-2015,14977.55154
349,Gajapati,20,21,Orissa,01-01-2015,14916.89858
350,Jajapur,13,21,Orissa,01-01-2015,14997.35602
351,Jagatsinghapur,11,21,Orissa,01-01-2015,14966.09805
352,Jharsuguda,2,21,Orissa,01-01-2015,14901.57537
353,Khordha,17,21,Orissa,01-01-2015,14989.23442
354,Mayurbhanj,7,21,Orissa,01-01-2015,14865.02301
355,Puri,18,21,Orissa,01-01-2015,14964.62682
356,Koraput,29,21,Orissa,01-01-2015,15028.9852
357,Malkangiri,30,21,Orissa,01-01-2015,15027.13005
358,Nabarangapur,28,21,Orissa,01-01-2015,15058.7784
359,Nayagarh,16,21,Orissa,01-01-2015,14900.3257
360,Nuapada,25,21,Orissa,01-01-2015,14952.81537
361,Kandhamal,21,21,Orissa,01-01-2015,14821.24775
362,Sambalpur,3,21,Orissa,01-01-2015,14856.82508
363,Rayagada,27,21,Orissa,01-01-2015,14948.42593
364,Sundargarh,5,21,Orissa,01-01-2015,14866.67828
365,Sonapur,23,21,Orissa,01-01-2015,14962.07057
366,Bastar,15,22,Chhattisgarh,01-01-2015,14934.11418
367,Dantewada,16,22,Chhattisgarh,01-01-2015,14938.21902
368,Dhamtari,13,22,Chhattisgarh,01-01-2015,14887.45524
369,Durg,10,22,Chhattisgarh,01-01-2015,14954.33189
370,Kanker,14,22,Chhattisgarh,01-01-2015,14892.10223
371,Jashpur,3,22,Chhattisgarh,01-01-2015,14854.11524
372,Koriya,1,22,Chhattisgarh,01-01-2015,14686.5548
373,Mahasamund,12,22,Chhattisgarh,01-01-2015,14998.50263
374,Raigarh,4,22,Chhattisgarh,01-01-2015,14914.871
375,Raipur,11,22,Chhattisgarh,01-01-2015,14963.47305
376,Rajnandgaon,9,22,Chhattisgarh,01-01-2015,14915.45737
377,Surguja,2,22,Chhattisgarh,01-01-2015,14778.1938
378,Bilaspur,7,22,Chhattisgarh,01-01-2015,14849.68534
379,Janjgir - Champa,6,22,Chhattisgarh,01-01-2015,15003.12204
380,Korba,5,22,Chhattisgarh,01-01-2015,14792.07508
381,Kawardha,8,22,Chhattisgarh,01-01-2015,14910.57405
382,Bhind,3,23,Madhya Pradesh,01-01-2015,14627.26492
383,Bhopal,32,23,Madhya Pradesh,01-01-2015,14744.23435
384,Barwani,28,23,Madhya Pradesh,01-01-2015,15152.89722
385,Betul,35,23,Madhya Pradesh,01-01-2015,14900.52054
386,Balaghat,45,23,Madhya Pradesh,01-01-2015,14854.8061
387,Chhatarpur,9,23,Madhya Pradesh,01-01-2015,14699.57051
388,Chhindwara,43,23,Madhya Pradesh,01-01-2015,14930.81271
389,Dewas,23,23,Madhya Pradesh,01-01-2015,14840.02098
390,Katni,38,23,Madhya Pradesh,01-01-2015,14710.09652
391,Datia,5,23,Madhya Pradesh,01-01-2015,14690.93694
392,Damoh,12,23,Madhya Pradesh,01-01-2015,14746.82678
393,Dhar,25,23,Madhya Pradesh,01-01-2015,14977.13677
394,East Nimar,29,23,Madhya Pradesh,01-01-2015,14948.4993
395,Guna,7,23,Madhya Pradesh,01-01-2015,14772.1728
396,Gwalior,4,23,Madhya Pradesh,01-01-2015,14704.93734
397,Harda,36,23,Madhya Pradesh,01-01-2015,14767.74787
398,Jabalpur,39,23,Madhya Pradesh,01-01-2015,14758.36045
399,Jhabua,24,23,Madhya Pradesh,01-01-2015,15090.8649
400,Mandsaur,19,23,Madhya Pradesh,01-01-2015,14830.32569
401,Tikamgarh,8,23,Madhya Pradesh,01-01-2015,14654.01486
402,Narsimhapur,40,23,Madhya Pradesh,01-01-2015,14776.42974
403,Neemuch,18,23,Madhya Pradesh,01-01-2015,14836.24582
404,Panna,10,23,Madhya Pradesh,01-01-2015,14716.55469
405,Raisen,34,23,Madhya Pradesh,01-01-2015,14791.1842
406,Rajgarh,30,23,Madhya Pradesh,01-01-2015,14810.22109
407,Satna,13,23,Madhya Pradesh,01-01-2015,14665.35826
408,Sehore,33,23,Madhya Pradesh,01-01-2015,14787.69539
409,Seoni,44,23,Madhya Pradesh,01-01-2015,14914.18959
410,Hoshangabad,37,23,Madhya Pradesh,01-01-2015,14731.35956
411,Indore,26,23,Madhya Pradesh,01-01-2015,14816.48517
412,Shajapur,22,23,Madhya Pradesh,01-01-2015,14843.03922
413,Shivpuri,6,23,Madhya Pradesh,01-01-2015,14733.18425
414,Ratlam,20,23,Madhya Pradesh,01-01-2015,14941.4487
415,Rewa,14,23,Madhya Pradesh,01-01-2015,14655.19629
416,Sagar,11,23,Madhya Pradesh,01-01-2015,14766.14595
417,Sidhi,17,23,Madhya Pradesh,01-01-2015,14632.83536
418,Ujjain,21,23,Madhya Pradesh,01-01-2015,14870.41228
419,Vidisha,31,23,Madhya Pradesh,01-01-2015,14736.92799
420,West Nimar,27,23,Madhya Pradesh,01-01-2015,15005.3923
421,Morena,2,23,Madhya Pradesh,01-01-2015,14643.76784
422,Sheopur,1,23,Madhya Pradesh,01-01-2015,14754.16413
423,Dindori,41,23,Madhya Pradesh,01-01-2015,14868.64829
424,Mandla,42,23,Madhya Pradesh,01-01-2015,14856.24605
425,Shahdol,16,23,Madhya Pradesh,01-01-2015,14778.74218
426,Umaria,15,23,Madhya Pradesh,01-01-2015,14703.95475
427,Anand,15,24,Gujarat,01-01-2015,14953.73315
428,Ahmadabad,7,24,Gujarat,01-01-2015,15061.44195
429,Amreli,13,24,Gujarat,01-01-2015,15283.74345
430,Bhavnagar,14,24,Gujarat,01-01-2015,15234.61745
431,Banas Kantha,2,24,Gujarat,01-01-2015,14980.40417
432,Dohad,18,24,Gujarat,01-01-2015,15020.33508
433,Junagadh,12,24,Gujarat,01-01-2015,15111.78704
434,Kachchh,1,24,Gujarat,01-01-2015,15175.32567
435,Gandhinagar,6,24,Gujarat,01-01-2015,14961.66904
436,Jamnagar,10,24,Gujarat,01-01-2015,15213.18599
437,Kheda,16,24,Gujarat,01-01-2015,14987.0754
438,Mahesana,4,24,Gujarat,01-01-2015,14962.87775
439,Narmada,20,24,Gujarat,01-01-2015,15139.69549
440,Navsari,24,24,Gujarat,01-01-2015,15123.80852
441,Panch Mahals,17,24,Gujarat,01-01-2015,15012.2245
442,Patan,3,24,Gujarat,01-01-2015,15090.99897
443,Porbandar,11,24,Gujarat,01-01-2015,15114.53313
444,Rajkot,9,24,Gujarat,01-01-2015,15247.88747
445,Sabar Kantha,5,24,Gujarat,01-01-2015,14932.72569
446,Surendranagar,8,24,Gujarat,01-01-2015,15152.95847
447,The Dangs,23,24,Gujarat,01-01-2015,15128.93098
448,Vadodara,19,24,Gujarat,01-01-2015,15067.83983
449,Valsad,25,24,Gujarat,01-01-2015,15162.31193
450,Bharuch,21,24,Gujarat,01-01-2015,15132.06163
451,Surat,22,24,Gujarat,01-01-2015,15131.09675
452,Daman,2,25,Daman & Diu,01-01-2015,15042.92648
453,Diu,1,25,Daman & Diu,01-01-2015,14991.46384
454,Dadra & Nagar Haveli,1,26,Dadara & Nagar Havelli,01-01-2015,15215.82214
455,Aurangabad,19,27,Maharashtra,01-01-2015,15186.95485
456,Ahmadnagar,26,27,Maharashtra,01-01-2015,15208.93323
457,Akola,5,27,Maharashtra,01-01-2015,15117.68064
458,Amravati,7,27,Maharashtra,01-01-2015,15029.12674
459,Bid,27,27,Maharashtra,01-01-2015,15298.31512
460,Bhandara,10,27,Maharashtra,01-01-2015,14978.92066
461,Buldana,4,27,Maharashtra,01-01-2015,15098.51768
462,Chandrapur,13,27,Maharashtra,01-01-2015,15027.80619
463,Dhule,2,27,Maharashtra,01-01-2015,15204.17944
464,Gadchiroli,12,27,Maharashtra,01-01-2015,14913.74957
465,Gondiya,11,27,Maharashtra,01-01-2015,14930.69223
466,Jalgaon,3,27,Maharashtra,01-01-2015,15101.4453
467,Jalna,18,27,Maharashtra,01-01-2015,15201.1293
468,Kolhapur,34,27,Maharashtra,01-01-2015,15109.38952
469,Latur,28,27,Maharashtra,01-01-2015,15349.48241
470,Pune,25,27,Maharashtra,01-01-2015,15151.13277
471,Nagpur,9,27,Maharashtra,01-01-2015,15056.24807
472,Mumbai,23,27,Maharashtra,01-01-2015,15094.9461
473,Mumbai (Suburban),22,27,Maharashtra,01-01-2015,15128.22983
474,Nanded,15,27,Maharashtra,01-01-2015,15283.7883
475,Nandurbar,1,27,Maharashtra,01-01-2015,15193.7689
476,Nashik,20,27,Maharashtra,01-01-2015,15176.77953
477,Osmanabad,29,27,Maharashtra,01-01-2015,15312.18028
478,Parbhani,17,27,Maharashtra,01-01-2015,15310.48809
479,Sangli,35,27,Maharashtra,01-01-2015,15262.26413
480,Satara,31,27,Maharashtra,01-01-2015,15164.51451
481,Hingoli,16,27,Maharashtra,01-01-2015,15212.57088
482,Ratnagiri,32,27,Maharashtra,01-01-2015,15172.00085
483,Raigarh,24,27,Maharashtra,01-01-2015,15198.62824
484,Thane,21,27,Maharashtra,01-01-2015,15231.86201
485,Solapur,30,27,Maharashtra,01-01-2015,15278.15992
486,Sindhudurg,33,27,Maharashtra,01-01-2015,15182.27697
487,Wardha,8,27,Maharashtra,01-01-2015,15129.82858
488,Washim,6,27,Maharashtra,01-01-2015,15186.79326
489,Yavatmal,14,27,Maharashtra,01-01-2015,15152.56238
490,Anantapur,22,28,Andhra Pradesh,01-01-2015,15387.77505
491,Adilabad,1,28,Andhra Pradesh,01-01-2015,15123.46007
492,Chittoor,23,28,Andhra Pradesh,01-01-2015,15197.2256
493,Cuddapah,20,28,Andhra Pradesh,01-01-2015,15279.5794
494,East Godavari,14,28,Andhra Pradesh,01-01-2015,15030.11256
495,Karimnagar,3,28,Andhra Pradesh,01-01-2015,15141.113
496,Guntur,17,28,Andhra Pradesh,01-01-2015,15161.04663
497,Khammam,10,28,Andhra Pradesh,01-01-2015,15124.1143
498,Medak,4,28,Andhra Pradesh,01-01-2015,15214.91536
499,Krishna,16,28,Andhra Pradesh,01-01-2015,15130.90626
500,Kurnool,21,28,Andhra Pradesh,01-01-2015,15299.92943
501,Mahbubnagar,7,28,Andhra Pradesh,01-01-2015,15282.53188
502,Nalgonda,8,28,Andhra Pradesh,01-01-2015,15257.61861
503,Nellore,19,28,Andhra Pradesh,01-01-2015,15134.65117
504,Nizamabad,2,28,Andhra Pradesh,01-01-2015,15174.88825
505,Prakasam,18,28,Andhra Pradesh,01-01-2015,15194.05534
506,Hyderabad,5,28,Andhra Pradesh,01-01-2015,15140.66329
507,Rangareddi,6,28,Andhra Pradesh,01-01-2015,15275.72342
508,Srikakulam,11,28,Andhra Pradesh,01-01-2015,15095.67707
509,West Godavari,15,28,Andhra Pradesh,01-01-2015,15072.03722
510,Visakhapatnam,13,28,Andhra Pradesh,01-01-2015,15038.52463
511,Vizianagaram,12,28,Andhra Pradesh,01-01-2015,15100.74919
512,Warangal,9,28,Andhra Pradesh,01-01-2015,15184.57839
513,Bagalkot,2,29,Karnataka,01-01-2015,15261.48588
514,Bangalore,20,29,Karnataka,01-01-2015,15103.30268
515,Bidar,5,29,Karnataka,01-01-2015,15351.60673
516,Bijapur,3,29,Karnataka,01-01-2015,15365.40707
517,Belgaum,1,29,Karnataka,01-01-2015,15189.4591
518,Bellary,12,29,Karnataka,01-01-2015,15261.57873
519,Bangalore Rural,21,29,Karnataka,01-01-2015,15164.68747
520,Chamarajanagar,27,29,Karnataka,01-01-2015,15183.17857
521,Chikmagalur,17,29,Karnataka,01-01-2015,15039.38594
522,Chitradurga,13,29,Karnataka,01-01-2015,15320.72263
523,Dakshina Kannada,24,29,Karnataka,01-01-2015,15108.31742
524,Davanagere,14,29,Karnataka,01-01-2015,15242.83395
525,Dharwad,9,29,Karnataka,01-01-2015,15258.87833
526,Gulbarga,4,29,Karnataka,01-01-2015,15331.03795
527,Gadag,8,29,Karnataka,01-01-2015,15374.22883
528,Kodagu,25,29,Karnataka,01-01-2015,14921.98682
529,Kolar,19,29,Karnataka,01-01-2015,15259.76569
530,Mandya,22,29,Karnataka,01-01-2015,15140.57449
531,Koppal,7,29,Karnataka,01-01-2015,15302.24448
532,Mysore,26,29,Karnataka,01-01-2015,15165.98385
533,Raichur,6,29,Karnataka,01-01-2015,15269.49298
534,Hassan,23,29,Karnataka,01-01-2015,15128.05276
535,Haveri,11,29,Karnataka,01-01-2015,15269.71252
536,Shimoga,15,29,Karnataka,01-01-2015,15078.21157
537,Tumkur,18,29,Karnataka,01-01-2015,15243.35836
538,Udupi,16,29,Karnataka,01-01-2015,15147.00204
539,Uttara Kannada,10,29,Karnataka,01-01-2015,15008.59142
540,North Goa,1,30,Goa,01-01-2015,15156.53622
541,South Goa,2,30,Goa,01-01-2015,15111.05436
542,Lakshadweep,1,31,Lakshadweep,01-01-2015,15062.26617
543,Alappuzha,11,32,Kerala,01-01-2015,15135.65349
544,Kasaragod,1,32,Kerala,01-01-2015,15161.09382
545,Kannur,2,32,Kerala,01-01-2015,15123.99135
546,Ernakulam,8,32,Kerala,01-01-2015,15171.24966
547,Kollam,13,32,Kerala,01-01-2015,15117.9247
548,Kottayam,10,32,Kerala,01-01-2015,15155.59288
549,Kozhikode,4,32,Kerala,01-01-2015,15101.483
550,Malappuram,5,32,Kerala,01-01-2015,15101.91265
551,Palakkad,6,32,Kerala,01-01-2015,15051.95543
552,Pathanamthitta,12,32,Kerala,01-01-2015,15062.95297
553,Idukki,9,32,Kerala,01-01-2015,14939.2153
554,Thrissur,7,32,Kerala,01-01-2015,15111.39999
555,Thiruvananthapuram,14,32,Kerala,01-01-2015,15140.47344
556,Wayanad,3,32,Kerala,01-01-2015,14926.45066
557,Ariyalur,17,33,Tamil Nadu,01-01-2015,15155.45034
558,Coimbatore,12,33,Tamil Nadu,01-01-2015,15145.06926
559,Cuddalore,18,33,Tamil Nadu,01-01-2015,15128.18761
560,Dharmapuri,5,33,Tamil Nadu,01-01-2015,15131.5847
561,Dindigul,13,33,Tamil Nadu,01-01-2015,15092.74834
562,Erode,10,33,Tamil Nadu,01-01-2015,15168.75347
563,Kanniyakumari,30,33,Tamil Nadu,01-01-2015,15120.73202
564,Karur,14,33,Tamil Nadu,01-01-2015,15283.77572
565,Madurai,24,33,Tamil Nadu,01-01-2015,15209.45936
566,Namakkal,9,33,Tamil Nadu,01-01-2015,15267.45028
567,The Nilgiris,11,33,Tamil Nadu,01-01-2015,14863.81528
568,Perambalur,16,33,Tamil Nadu,01-01-2015,15177.12862
569,Pudukkottai,22,33,Tamil Nadu,01-01-2015,15171.77543
570,Ramanathapuram,27,33,Tamil Nadu,01-01-2015,15172.72863
571,Salem,8,33,Tamil Nadu,01-01-2015,15161.99104
572,Sivaganga,23,33,Tamil Nadu,01-01-2015,15186.57399
573,Tiruchirappalli,15,33,Tamil Nadu,01-01-2015,15202.07862
574,Tirunelveli,29,33,Tamil Nadu,01-01-2015,15118.82276
575,Tiruvannamalai,6,33,Tamil Nadu,01-01-2015,15152.30382
576,Thoothukkudi,28,33,Tamil Nadu,01-01-2015,15221.24319
577,Theni,25,33,Tamil Nadu,01-01-2015,15085.18962
578,Vellore,4,33,Tamil Nadu,01-01-2015,15178.88744
579,Viluppuram,7,33,Tamil Nadu,01-01-2015,15141.20703
580,Virudhunagar,26,33,Tamil Nadu,01-01-2015,15297.85344
581,Chennai,2,33,Tamil Nadu,01-01-2015,15195.76455
582,Kancheepuram,3,33,Tamil Nadu,01-01-2015,15132.13065
583,Thiruvallur,1,33,Tamil Nadu,01-01-2015,15150.90592
584,Thanjavur,21,33,Tamil Nadu,01-01-2015,15098.46779
585,Thiruvarur,20,33,Tamil Nadu,01-01-2015,15079.92545
586,Nagapattinam,19,33,Tamil Nadu,01-01-2015,15072.19336
587,Pondicherry,2,34,Puducherry,01-01-2015,15130.3816
588,Yanam,1,34,Puducherry,01-01-2015,15034.94714
589,Karaikal,4,34,Puducherry,01-01-2015,15092.04407
590,Mahe,3,34,Puducherry,01-01-2015,15140.62911
591,Nicobars,2,35,Andaman & Nicobar Island,01-01-2015,14983.71169
592,Andamans,1,35,Andaman & Nicobar Island,01-01-2015,14959.49313
593,Data Not Available,99,99,Jammu and Kashmir,01-01-2015,13197.19073
594,Jammu,13,1,Jammu and Kashmir,02-01-2015,14611.44301
595,Kargil,8,1,Jammu and Kashmir,02-01-2015,13095.37825
596,Kathua,14,1,Jammu and Kashmir,02-01-2015,14515.65697
597,Leh (Ladakh),7,1,Jammu and Kashmir,02-01-2015,13410.18041
598,Kupwara,1,1,Jammu and Kashmir,02-01-2015,13789.83736
599,Punch,11,1,Jammu and Kashmir,02-01-2015,14203.71477
600,Pulwama,5,1,Jammu and Kashmir,02-01-2015,14123.63376
601,Rajauri,12,1,Jammu and Kashmir,02-01-2015,14418.07121
602,Srinagar,3,1,Jammu and Kashmir,02-01-2015,13622.19792
603,Udhampur,10,1,Jammu and Kashmir,02-01-2015,14287.80469
604,Anantnag,6,1,Jammu and Kashmir,02-01-2015,13661.99527
605,Badgam,4,1,Jammu and Kashmir,02-01-2015,13930.32457
606,Baramula,2,1,Jammu and Kashmir,02-01-2015,13710.68296
607,Doda,9,1,Jammu and Kashmir,02-01-2015,13499.31156
608,Kangra,2,2,Himachal Pradesh,02-01-2015,14323.72592
609,Kinnaur,12,2,Himachal Pradesh,02-01-2015,13262.1063
610,Lahul & Spiti,3,2,Himachal Pradesh,02-01-2015,13072.81228
611,Kullu,4,2,Himachal Pradesh,02-01-2015,13695.25702
612,Mandi,5,2,Himachal Pradesh,02-01-2015,14401.79711
613,Shimla,11,2,Himachal Pradesh,02-01-2015,14168.9905
614,Sirmaur,10,2,Himachal Pradesh,02-01-2015,14529.93762
615,Solan,9,2,Himachal Pradesh,02-01-2015,14552.04154
616,Una,7,2,Himachal Pradesh,02-01-2015,14649.26073
617,Bilaspur,8,2,Himachal Pradesh,02-01-2015,14543.37703
618,Chamba,1,2,Himachal Pradesh,02-01-2015,13742.19273
619,Hamirpur,6,2,Himachal Pradesh,02-01-2015,14570.09921
620,Jalandhar,4,3,Punjab,02-01-2015,14618.87414
621,Kapurthala,3,3,Punjab,02-01-2015,14597.72168
622,Ludhiana,9,3,Punjab,02-01-2015,14605.04549
623,Mansa,15,3,Punjab,02-01-2015,14621.84039
624,Moga,10,3,Punjab,02-01-2015,14584.68583
625,Muktsar,12,3,Punjab,02-01-2015,14608.75482
626,Nawanshahr,6,3,Punjab,02-01-2015,14638.62826
627,Patiala,17,3,Punjab,02-01-2015,14615.88967
628,Sangrur,16,3,Punjab,02-01-2015,14608.63406
629,Hoshiarpur,5,3,Punjab,02-01-2015,14630.50082
630,Rupnagar,7,3,Punjab,02-01-2015,14639.21667
631,Amritsar,2,3,Punjab,02-01-2015,14573.42754
632,Firozpur,11,3,Punjab,02-01-2015,14603.90907
633,Bathinda,14,3,Punjab,02-01-2015,14616.7024
634,Gurdaspur,1,3,Punjab,02-01-2015,14575.69744
635,Faridkot,13,3,Punjab,02-01-2015,14603.92633
636,Fatehgarh Sahib,8,3,Punjab,02-01-2015,14593.24794
637,Chandigarh,1,4,Chandigarh,02-01-2015,14719.81531
638,Nainital,11,5,Uttarakhand,02-01-2015,14636.6777
639,Pithoragarh,7,5,Uttarakhand,02-01-2015,13810.23923
640,Hardwar,13,5,Uttarakhand,02-01-2015,14732.25795
641,Rudraprayag,3,5,Uttarakhand,02-01-2015,14098.57909
642,Tehri Garhwal,4,5,Uttarakhand,02-01-2015,14337.4509
643,Udham Singh Nagar,12,5,Uttarakhand,02-01-2015,14728.09481
644,Uttarkashi,1,5,Uttarakhand,02-01-2015,13670.73511
645,Bageshwar,8,5,Uttarakhand,02-01-2015,14230.8525
646,Almora,9,5,Uttarakhand,02-01-2015,14524.89594
647,Chamoli,2,5,Uttarakhand,02-01-2015,13704.34697
648,Champawat,10,5,Uttarakhand,02-01-2015,14529.17872
649,Dehradun,5,5,Uttarakhand,02-01-2015,14577.20538
650,Garhwal,6,5,Uttarakhand,02-01-2015,14534.53952
651,Jind,9,6,Haryana,02-01-2015,14634.68331
652,Kaithal,5,6,Haryana,02-01-2015,14618.13489
653,Karnal,6,6,Haryana,02-01-2015,14643.03828
654,Kurukshetra,4,6,Haryana,02-01-2015,14640.66949
655,Panchkula,1,6,Haryana,02-01-2015,14658.04561
656,Panipat,7,6,Haryana,02-01-2015,14685.89564
657,Hisar,12,6,Haryana,02-01-2015,14692.94839
658,Rohtak,14,6,Haryana,02-01-2015,14735.31532
659,Sirsa,11,6,Haryana,02-01-2015,14637.98253
660,Sonipat,8,6,Haryana,02-01-2015,14707.4519
661,Yamunanagar,3,6,Haryana,02-01-2015,14691.02156
662,Jhajjar,15,6,Haryana,02-01-2015,14749.00432
663,Mahendragarh,16,6,Haryana,02-01-2015,14834.6132
664,Rewari,17,6,Haryana,02-01-2015,14765.94702
665,Bhiwani,13,6,Haryana,02-01-2015,14770.6695
666,Ambala,2,6,Haryana,02-01-2015,14660.32937
667,Gurgaon,18,6,Haryana,02-01-2015,14818.16552
668,Faridabad,19,6,Haryana,02-01-2015,14785.62678
669,Fatehabad,10,6,Haryana,02-01-2015,14626.99209
670,Central,6,7,Delhi  & NCR,02-01-2015,14874.99196
671,East,4,7,Delhi  & NCR,02-01-2015,14858.05931
672,New Delhi,5,7,Delhi  & NCR,02-01-2015,14835.09025
673,North,2,7,Delhi  & NCR,02-01-2015,14859.24589
674,North East,3,7,Delhi  & NCR,02-01-2015,14862.37318
675,North West,1,7,Delhi  & NCR,02-01-2015,14844.30893
676,South,9,7,Delhi  & NCR,02-01-2015,14879.8666
677,South West,8,7,Delhi  & NCR,02-01-2015,14844.90451
678,West,7,7,Delhi  & NCR,02-01-2015,14898.308
679,Jaipur,12,8,Rajasthan,02-01-2015,15074.09432
680,Jaisalmer,16,8,Rajasthan,02-01-2015,15410.71815
681,Jalor,18,8,Rajasthan,02-01-2015,15329.49466
682,Jhalawar,32,8,Rajasthan,02-01-2015,15139.60828
683,Jhunjhunun,5,8,Rajasthan,02-01-2015,15040.16937
684,Jodhpur,15,8,Rajasthan,02-01-2015,15333.19016
685,Kota,30,8,Rajasthan,02-01-2015,15013.02242
686,Nagaur,14,8,Rajasthan,02-01-2015,15256.75913
687,Pali,20,8,Rajasthan,02-01-2015,15308.30866
688,Rajsamand,25,8,Rajasthan,02-01-2015,15178.44935
689,Sawai Madhopur,10,8,Rajasthan,02-01-2015,14999.14167
690,Sirohi,19,8,Rajasthan,02-01-2015,15291.5809
691,Tonk,22,8,Rajasthan,02-01-2015,15059.88262
692,Sikar,13,8,Rajasthan,02-01-2015,15100.36041
693,Alwar,6,8,Rajasthan,02-01-2015,14846.65488
694,Udaipur,26,8,Rajasthan,02-01-2015,15216.11372
695,Ganganagar,1,8,Rajasthan,02-01-2015,14881.96225
696,Hanumangarh,2,8,Rajasthan,02-01-2015,14898.82196
697,Baran,31,8,Rajasthan,02-01-2015,15039.83583
698,Ajmer,21,8,Rajasthan,02-01-2015,15174.21927
699,Banswara,28,8,Rajasthan,02-01-2015,15282.30351
700,Barmer,17,8,Rajasthan,02-01-2015,15406.7706
701,Bhilwara,24,8,Rajasthan,02-01-2015,15141.75877
702,Bikaner,3,8,Rajasthan,02-01-2015,15271.99319
703,Bharatpur,7,8,Rajasthan,02-01-2015,14823.27758
704,Bundi,23,8,Rajasthan,02-01-2015,15001.21957
705,Chittaurgarh,29,8,Rajasthan,02-01-2015,15137.87619
706,Churu,4,8,Rajasthan,02-01-2015,15208.03981
707,Dausa,11,8,Rajasthan,02-01-2015,14945.97944
708,Dhaulpur,8,8,Rajasthan,02-01-2015,14931.3298
709,Dungarpur,27,8,Rajasthan,02-01-2015,15282.6672
710,Karauli,9,8,Rajasthan,02-01-2015,15021.02283
711,Jalaun,35,9,Uttar Pradesh,02-01-2015,14877.4995
712,Jaunpur,64,9,Uttar Pradesh,02-01-2015,14831.37667
713,Jhansi,36,9,Uttar Pradesh,02-01-2015,14900.65027
714,Jyotiba Phule Nagar,6,9,Uttar Pradesh,02-01-2015,14753.80928
715,Kannauj,30,9,Uttar Pradesh,02-01-2015,14871.69888
716,Kanpur Nagar,34,9,Uttar Pradesh,02-01-2015,14880.45971
717,Kaushambi,44,9,Uttar Pradesh,02-01-2015,14835.1581
718,Kheri,23,9,Uttar Pradesh,02-01-2015,14788.05899
719,Mirzapur,69,9,Uttar Pradesh,02-01-2015,14983.01996
720,Moradabad,4,9,Uttar Pradesh,02-01-2015,14749.56558
721,Muzaffarnagar,2,9,Uttar Pradesh,02-01-2015,14734.64442
722,Rae Bareli,28,9,Uttar Pradesh,02-01-2015,14823.69351
723,Kushinagar,59,9,Uttar Pradesh,02-01-2015,14803.99371
724,Lucknow,27,9,Uttar Pradesh,02-01-2015,14850.02068
725,Lalitpur,37,9,Uttar Pradesh,02-01-2015,14892.29176
726,Mahrajganj,57,9,Uttar Pradesh,02-01-2015,14776.11673
727,Mahoba,39,9,Uttar Pradesh,02-01-2015,14920.64523
728,Mainpuri,18,9,Uttar Pradesh,02-01-2015,14816.61963
729,Mathura,14,9,Uttar Pradesh,02-01-2015,14763.97023
730,Mau,62,9,Uttar Pradesh,02-01-2015,14807.32016
731,Meerut,7,9,Uttar Pradesh,02-01-2015,14752.73245
732,Pilibhit,21,9,Uttar Pradesh,02-01-2015,14710.71704
733,Pratapgarh,43,9,Uttar Pradesh,02-01-2015,14834.77441
734,Rampur,5,9,Uttar Pradesh,02-01-2015,14732.29757
735,Sant Ravidas Nagar Bhadohi,68,9,Uttar Pradesh,02-01-2015,14863.12577
736,Sant Kabir Nagar,56,9,Uttar Pradesh,02-01-2015,14812.55663
737,Shahjahanpur,22,9,Uttar Pradesh,02-01-2015,14747.85185
738,Hathras,13,9,Uttar Pradesh,02-01-2015,14817.02569
739,Shrawasti,51,9,Uttar Pradesh,02-01-2015,14771.50064
740,Saharanpur,1,9,Uttar Pradesh,02-01-2015,14693.647
741,Sitapur,24,9,Uttar Pradesh,02-01-2015,14830.42342
742,Sultanpur,49,9,Uttar Pradesh,02-01-2015,14820.86219
743,Sonbhadra,70,9,Uttar Pradesh,02-01-2015,15022.14247
744,Siddharthnagar,54,9,Uttar Pradesh,02-01-2015,14764.7694
745,Unnao,26,9,Uttar Pradesh,02-01-2015,14835.15221
746,Varanasi,67,9,Uttar Pradesh,02-01-2015,14854.71323
747,Bulandshahr,11,9,Uttar Pradesh,02-01-2015,14735.82186
748,Gautam Buddha Nagar,10,9,Uttar Pradesh,02-01-2015,14793.65939
749,Ghaziabad,9,9,Uttar Pradesh,02-01-2015,14771.71033
750,Auraiya,32,9,Uttar Pradesh,02-01-2015,14834.75901
751,Azamgarh,61,9,Uttar Pradesh,02-01-2015,14813.38435
752,Budaun,19,9,Uttar Pradesh,02-01-2015,14741.8215
753,Agra,15,9,Uttar Pradesh,02-01-2015,14837.36481
754,Aligarh,12,9,Uttar Pradesh,02-01-2015,14763.07427
755,Allahabad,45,9,Uttar Pradesh,02-01-2015,14888.01172
756,Ambedkar Nagar,48,9,Uttar Pradesh,02-01-2015,14819.47272
757,Bareilly,20,9,Uttar Pradesh,02-01-2015,14735.24203
758,Bijnor,3,9,Uttar Pradesh,02-01-2015,14770.03839
759,Basti,55,9,Uttar Pradesh,02-01-2015,14835.21826
760,Baghpat,8,9,Uttar Pradesh,02-01-2015,14750.90789
761,Bahraich,50,9,Uttar Pradesh,02-01-2015,14781.10841
762,Ballia,63,9,Uttar Pradesh,02-01-2015,14824.19766
763,Balrampur,52,9,Uttar Pradesh,02-01-2015,14811.88783
764,Banda,40,9,Uttar Pradesh,02-01-2015,14890.30614
765,Barabanki,46,9,Uttar Pradesh,02-01-2015,14807.8142
766,Chitrakoot,41,9,Uttar Pradesh,02-01-2015,14940.06218
767,Chandauli,66,9,Uttar Pradesh,02-01-2015,14913.22219
768,Deoria,60,9,Uttar Pradesh,02-01-2015,14786.58802
769,Etah,17,9,Uttar Pradesh,02-01-2015,14784.81101
770,Kanpur Dehat,33,9,Uttar Pradesh,02-01-2015,14855.38169
771,Etawah,31,9,Uttar Pradesh,02-01-2015,14849.14154
772,Faizabad,47,9,Uttar Pradesh,02-01-2015,14849.47414
773,Ghazipur,65,9,Uttar Pradesh,02-01-2015,14846.6702
774,Gonda,53,9,Uttar Pradesh,02-01-2015,14851.58088
775,Gorakhpur,58,9,Uttar Pradesh,02-01-2015,14790.48301
776,Farrukhabad,29,9,Uttar Pradesh,02-01-2015,14840.19069
777,Fatehpur,42,9,Uttar Pradesh,02-01-2015,14834.97794
778,Firozabad,16,9,Uttar Pradesh,02-01-2015,14820.35214
779,Hamirpur,38,9,Uttar Pradesh,02-01-2015,14889.64437
780,Hardoi,25,9,Uttar Pradesh,02-01-2015,14798.75876
781,Jamui,37,10,Bihar,02-01-2015,15048.21109
782,Kishanganj,8,10,Bihar,02-01-2015,14953.16529
783,Muzaffarpur,14,10,Bihar,02-01-2015,14795.93452
784,Purnia,9,10,Bihar,02-01-2015,14847.90764
785,Khagaria,21,10,Bihar,02-01-2015,14799.45976
786,Madhubani,5,10,Bihar,02-01-2015,14810.09748
787,Lakhisarai,25,10,Bihar,02-01-2015,14925.68534
788,Madhepura,11,10,Bihar,02-01-2015,14815.15489
789,Purba Champaran,2,10,Bihar,02-01-2015,14775.79402
790,Munger,24,10,Bihar,02-01-2015,14888.91858
791,Nalanda,27,10,Bihar,02-01-2015,14891.47735
792,Nawada,36,10,Bihar,02-01-2015,14943.68158
793,Pashchim Champaran,1,10,Bihar,02-01-2015,14849.06346
794,Patna,28,10,Bihar,02-01-2015,14878.4633
795,Samastipur,19,10,Bihar,02-01-2015,14796.03554
796,Sheikhpura,26,10,Bihar,02-01-2015,14947.74243
797,Sheohar,3,10,Bihar,02-01-2015,14768.07313
798,Saharsa,12,10,Bihar,02-01-2015,14797.32879
799,Sitamarhi,4,10,Bihar,02-01-2015,14776.3432
800,Siwan,16,10,Bihar,02-01-2015,14797.23447
801,Supaul,6,10,Bihar,02-01-2015,14812.90835
802,Vaishali,18,10,Bihar,02-01-2015,14797.6552
803,Kaimur (Bhabua),31,10,Bihar,02-01-2015,14957.52782
804,Gaya,35,10,Bihar,02-01-2015,15006.76477
805,Bhojpur,29,10,Bihar,02-01-2015,14886.83533
806,Buxar,30,10,Bihar,02-01-2015,14862.63634
807,Jehanabad,33,10,Bihar,02-01-2015,14929.24477
808,Rohtas,32,10,Bihar,02-01-2015,14910.63759
809,Araria,7,10,Bihar,02-01-2015,14830.87022
810,Aurangabad,34,10,Bihar,02-01-2015,15006.93189
811,Banka,23,10,Bihar,02-01-2015,15013.94246
812,Bhagalpur,22,10,Bihar,02-01-2015,14832.86275
813,Begusarai,20,10,Bihar,02-01-2015,14822.20884
814,Saran,17,10,Bihar,02-01-2015,14800.82148
815,Katihar,10,10,Bihar,02-01-2015,14808.77486
816,Darbhanga,13,10,Bihar,02-01-2015,14787.45583
817,Gopalganj,15,10,Bihar,02-01-2015,14802.88756
818,North,1,11,Sikkim,02-01-2015,13708.7541
819,South,3,11,Sikkim,02-01-2015,14445.51285
820,West,2,11,Sikkim,02-01-2015,14239.68276
821,East,4,11,Sikkim,02-01-2015,14338.32505
822,Lohit,11,12,Arunanchal Pradesh,02-01-2015,14207.51204
823,Lower Subansiri,5,12,Arunanchal Pradesh,02-01-2015,14205.80431
824,Papum Pare,4,12,Arunanchal Pradesh,02-01-2015,14490.72315
825,Tawang,1,12,Arunanchal Pradesh,02-01-2015,14038.43461
826,Tirap,13,12,Arunanchal Pradesh,02-01-2015,14642.67236
827,West Kameng,2,12,Arunanchal Pradesh,02-01-2015,14295.08087
828,West Siang,7,12,Arunanchal Pradesh,02-01-2015,14297.12728
829,Upper Siang,9,12,Arunanchal Pradesh,02-01-2015,14097.20704
830,Upper Subansiri,6,12,Arunanchal Pradesh,02-01-2015,14123.14132
831,Changlang,12,12,Arunanchal Pradesh,02-01-2015,14528.58549
832,Dibang Valley,10,12,Arunanchal Pradesh,02-01-2015,14003.61257
833,East Kameng,3,12,Arunanchal Pradesh,02-01-2015,14313.38832
834,East Siang,8,12,Arunanchal Pradesh,02-01-2015,14624.53671
835,Mokokchung,3,13,Nagaland,02-01-2015,14717.90754
836,Mon,1,13,Nagaland,02-01-2015,14723.20575
837,Phek,8,13,Nagaland,02-01-2015,14547.39041
838,Tuensang,2,13,Nagaland,02-01-2015,14562.9502
839,Wokha,5,13,Nagaland,02-01-2015,14729.73225
840,Zunheboto,4,13,Nagaland,02-01-2015,14586.43335
841,Dimapur,6,13,Nagaland,02-01-2015,14880.42211
842,Kohima,7,13,Nagaland,02-01-2015,14677.04945
843,Imphal East,7,14,Manipur,02-01-2015,14921.52443
844,Imphal West,6,14,Manipur,02-01-2015,14797.48065
845,Senapati (Excl. 3 sub-divisions),1,14,Manipur,02-01-2015,14670.37289
846,Tamenglong,2,14,Manipur,02-01-2015,14657.95971
847,Thoubal,5,14,Manipur,02-01-2015,14885.51095
848,Ukhrul,8,14,Manipur,02-01-2015,14661.46224
849,Bishnupur,4,14,Manipur,02-01-2015,14819.34559
850,Chandel,9,14,Manipur,02-01-2015,14743.31984
851,Churachandpur,3,14,Manipur,02-01-2015,14712.36321
852,Kolasib,2,15,Mizoram,02-01-2015,14803.37903
853,Mamit,1,15,Mizoram,02-01-2015,14829.53079
854,Lunglei,6,15,Mizoram,02-01-2015,14789.20383
855,Lawngtlai,7,15,Mizoram,02-01-2015,14886.94661
856,Saiha,8,15,Mizoram,02-01-2015,14783.59744
857,Serchhip,5,15,Mizoram,02-01-2015,14726.50279
858,Aizawl,3,15,Mizoram,02-01-2015,14760.94336
859,Champhai,4,15,Mizoram,02-01-2015,14718.67237
860,North Tripura,4,16,Tripura,02-01-2015,14930.33891
861,South Tripura,2,16,Tripura,02-01-2015,14982.38685
862,West Tripura,1,16,Tripura,02-01-2015,14978.32939
863,Dhalai,3,16,Tripura,02-01-2015,14931.51139
864,Jaintia Hills,7,17,Meghalaya,02-01-2015,14755.34252
865,Ri Bhoi,5,17,Meghalaya,02-01-2015,14773.55876
866,South Garo Hills,3,17,Meghalaya,02-01-2015,14802.58477
867,West Garo Hills,1,17,Meghalaya,02-01-2015,14870.8532
868,West Khasi Hills,4,17,Meghalaya,02-01-2015,14713.40438
869,East Garo Hills,2,17,Meghalaya,02-01-2015,14826.11464
870,East Khasi Hills,6,17,Meghalaya,02-01-2015,14715.19602
871,Jorhat,17,18,Assam,02-01-2015,14918.30673
872,Karimganj,22,18,Assam,02-01-2015,14959.73714
873,Kokrajhar,1,18,Assam,02-01-2015,14996.95619
874,Lakhimpur,12,18,Assam,02-01-2015,14950.54124
875,Nagaon,10,18,Assam,02-01-2015,14942.14785
876,Marigaon,9,18,Assam,02-01-2015,14919.31987
877,Nalbari,7,18,Assam,02-01-2015,14966.50844
878,North Cachar Hills,20,18,Assam,02-01-2015,14785.43455
879,Sonitpur,11,18,Assam,02-01-2015,14969.16742
880,Sibsagar,16,18,Assam,02-01-2015,14924.00535
881,Tinsukia,14,18,Assam,02-01-2015,14856.4762
882,Barpeta,5,18,Assam,02-01-2015,14956.29756
883,Bongaigaon,4,18,Assam,02-01-2015,14952.06812
884,Cachar,21,18,Assam,02-01-2015,14908.72986
885,Darrang,8,18,Assam,02-01-2015,14959.22659
886,Dhemaji,13,18,Assam,02-01-2015,14956.03331
887,Dhubri,2,18,Assam,02-01-2015,14917.15714
888,Dibrugarh,15,18,Assam,02-01-2015,14906.87426
889,Kamrup,6,18,Assam,02-01-2015,14902.87015
890,Karbi Anglong,19,18,Assam,02-01-2015,14813.9294
891,Goalpara,3,18,Assam,02-01-2015,14901.30773
892,Golaghat,18,18,Assam,02-01-2015,14949.20934
893,Hailakandi,23,18,Assam,02-01-2015,14944.12077
894,Jalpaiguri,2,19,West Bengal,02-01-2015,14948.05323
895,Koch Bihar,3,19,West Bengal,02-01-2015,14878.27263
896,Murshidabad,7,19,West Bengal,02-01-2015,14941.63512
897,Puruliya,14,19,West Bengal,02-01-2015,15213.33765
898,Kolkata,17,19,West Bengal,02-01-2015,15154.51101
899,Maldah,6,19,West Bengal,02-01-2015,14859.68132
900,Nadia,10,19,West Bengal,02-01-2015,14986.93701
901,North Twenty Four Parganas,11,19,West Bengal,02-01-2015,14964.75749
902,Medinipur,15,19,West Bengal,02-01-2015,15077.26016
903,Hugli,12,19,West Bengal,02-01-2015,15032.62119
904,South  Twenty Four Parganas,18,19,West Bengal,02-01-2015,15025.48399
905,Uttar Dinajpur,4,19,West Bengal,02-01-2015,14880.48984
906,Barddhaman,9,19,West Bengal,02-01-2015,15058.44745
907,Birbhum,8,19,West Bengal,02-01-2015,15062.74187
908,Bankura,13,19,West Bengal,02-01-2015,15142.13978
909,Dakshin Dinajpur,5,19,West Bengal,02-01-2015,14887.3474
910,Darjiling,1,19,West Bengal,02-01-2015,14723.81365
911,Haora,16,19,West Bengal,02-01-2015,15014.94872
912,Purbi Singhbhum,18,20,Jharkhand,02-01-2015,15225.45792
913,Lohardaga,15,20,Jharkhand,02-01-2015,15099.4722
914,Pakaur,10,20,Jharkhand,02-01-2015,15097.55032
915,Pashchimi Singhbhum,17,20,Jharkhand,02-01-2015,15173.55702
916,Ranchi,14,20,Jharkhand,02-01-2015,15156.70007
917,Sahibganj,9,20,Jharkhand,02-01-2015,14955.37347
918,Garhwa,1,20,Jharkhand,02-01-2015,15101.52306
919,Palamu,2,20,Jharkhand,02-01-2015,15098.78547
920,Chatra,3,20,Jharkhand,02-01-2015,15084.10134
921,Hazaribagh,4,20,Jharkhand,02-01-2015,15094.21619
922,Kodarma,5,20,Jharkhand,02-01-2015,15054.36474
923,Bokaro,13,20,Jharkhand,02-01-2015,15175.959
924,Deoghar,7,20,Jharkhand,02-01-2015,15150.93999
925,Dhanbad,12,20,Jharkhand,02-01-2015,15156.09682
926,Dumka,11,20,Jharkhand,02-01-2015,15136.67513
927,Giridih,6,20,Jharkhand,02-01-2015,15131.53284
928,Godda,8,20,Jharkhand,02-01-2015,15004.98868
929,Gumla,16,20,Jharkhand,02-01-2015,15144.55173
930,Jajapur,13,21,Orissa,02-01-2015,15240.7703
931,Jagatsinghapur,11,21,Orissa,02-01-2015,15214.90932
932,Jharsuguda,2,21,Orissa,02-01-2015,15135.97454
933,Khordha,17,21,Orissa,02-01-2015,15251.45358
934,Mayurbhanj,7,21,Orissa,02-01-2015,15165.5377
935,Puri,18,21,Orissa,02-01-2015,15171.062
936,Koraput,29,21,Orissa,02-01-2015,15272.75671
937,Malkangiri,30,21,Orissa,02-01-2015,15226.51617
938,Nabarangapur,28,21,Orissa,02-01-2015,15341.25032
939,Nayagarh,16,21,Orissa,02-01-2015,15173.86396
940,Nuapada,25,21,Orissa,02-01-2015,15272.46259
941,Kandhamal,21,21,Orissa,02-01-2015,15091.89391
942,Sambalpur,3,21,Orissa,02-01-2015,15118.20318
943,Rayagada,27,21,Orissa,02-01-2015,15198.78954
944,Sundargarh,5,21,Orissa,02-01-2015,15158.81429
945,Sonapur,23,21,Orissa,02-01-2015,15222.94774
946,Anugul,15,21,Orissa,02-01-2015,15163.30941
947,Bhadrak,9,21,Orissa,02-01-2015,15229.5278
948,Baudh,22,21,Orissa,02-01-2015,15194.9914
949,Balangir,24,21,Orissa,02-01-2015,15286.29695
950,Baleshwar,8,21,Orissa,02-01-2015,15144.18505
951,Bargarh,1,21,Orissa,02-01-2015,15197.29859
952,Kendrapara,10,21,Orissa,02-01-2015,15193.72207
953,Kendujhar,6,21,Orissa,02-01-2015,15190.68206
954,Debagarh,4,21,Orissa,02-01-2015,15151.52403
955,Cuttack,12,21,Orissa,02-01-2015,15234.2278
956,Dhenkanal,14,21,Orissa,02-01-2015,15213.46619
957,Kalahandi,26,21,Orissa,02-01-2015,15224.68113
958,Ganjam,19,21,Orissa,02-01-2015,15228.25679
959,Gajapati,20,21,Orissa,02-01-2015,15157.39318
960,Jashpur,3,22,Chhattisgarh,02-01-2015,15148.43655
961,Koriya,1,22,Chhattisgarh,02-01-2015,15044.80624
962,Mahasamund,12,22,Chhattisgarh,02-01-2015,15274.74039
963,Raigarh,4,22,Chhattisgarh,02-01-2015,15214.69068
964,Raipur,11,22,Chhattisgarh,02-01-2015,15253.81411
965,Rajnandgaon,9,22,Chhattisgarh,02-01-2015,15209.10904
966,Surguja,2,22,Chhattisgarh,02-01-2015,15109.92544
967,Bilaspur,7,22,Chhattisgarh,02-01-2015,15168.50173
968,Janjgir - Champa,6,22,Chhattisgarh,02-01-2015,15323.99617
969,Korba,5,22,Chhattisgarh,02-01-2015,15125.99826
970,Kawardha,8,22,Chhattisgarh,02-01-2015,15215.16411
971,Bastar,15,22,Chhattisgarh,02-01-2015,15195.54957
972,Dantewada,16,22,Chhattisgarh,02-01-2015,15148.54445
973,Dhamtari,13,22,Chhattisgarh,02-01-2015,15134.16818
974,Durg,10,22,Chhattisgarh,02-01-2015,15223.04791
975,Kanker,14,22,Chhattisgarh,02-01-2015,15161.44449
976,Jabalpur,39,23,Madhya Pradesh,02-01-2015,15032.67482
977,Jhabua,24,23,Madhya Pradesh,02-01-2015,15419.2657
978,Mandsaur,19,23,Madhya Pradesh,02-01-2015,15151.3168
979,Tikamgarh,8,23,Madhya Pradesh,02-01-2015,14937.59852
980,Narsimhapur,40,23,Madhya Pradesh,02-01-2015,15130.53842
981,Neemuch,18,23,Madhya Pradesh,02-01-2015,15161.16316
982,Panna,10,23,Madhya Pradesh,02-01-2015,15082.87005
983,Raisen,34,23,Madhya Pradesh,02-01-2015,15093.63905
984,Rajgarh,30,23,Madhya Pradesh,02-01-2015,15102.96323
985,Satna,13,23,Madhya Pradesh,02-01-2015,14971.15676
986,Sehore,33,23,Madhya Pradesh,02-01-2015,15107.82702
987,Seoni,44,23,Madhya Pradesh,02-01-2015,15206.20219
988,Hoshangabad,37,23,Madhya Pradesh,02-01-2015,14995.38326
989,Indore,26,23,Madhya Pradesh,02-01-2015,15150.86612
990,Shajapur,22,23,Madhya Pradesh,02-01-2015,15160.1103
991,Shivpuri,6,23,Madhya Pradesh,02-01-2015,15017.14733
992,Ratlam,20,23,Madhya Pradesh,02-01-2015,15288.99279
993,Rewa,14,23,Madhya Pradesh,02-01-2015,14965.70841
994,Sagar,11,23,Madhya Pradesh,02-01-2015,15091.40273
995,Sidhi,17,23,Madhya Pradesh,02-01-2015,14998.2292
996,Ujjain,21,23,Madhya Pradesh,02-01-2015,15195.55506
997,Vidisha,31,23,Madhya Pradesh,02-01-2015,14998.01385
998,West Nimar,27,23,Madhya Pradesh,02-01-2015,15365.55833
999,Morena,2,23,Madhya Pradesh,02-01-2015,14930.69238
1000,Sheopur,1,23,Madhya Pradesh,02-01-2015,15081.68252
1001,Dindori,41,23,Madhya Pradesh,02-01-2015,15175.93885
1002,Mandla,42,23,Madhya Pradesh,02-01-2015,15165.53455
1003,Shahdol,16,23,Madhya Pradesh,02-01-2015,15123.54927
1004,Umaria,15,23,Madhya Pradesh,02-01-2015,15071.05583
1005,Bhind,3,23,Madhya Pradesh,02-01-2015,14876.54207
1006,Bhopal,32,23,Madhya Pradesh,02-01-2015,15048.84183
1007,Barwani,28,23,Madhya Pradesh,02-01-2015,15501.96237
1008,Betul,35,23,Madhya Pradesh,02-01-2015,15212.65965
1009,Balaghat,45,23,Madhya Pradesh,02-01-2015,15139.23782
1010,Chhatarpur,9,23,Madhya Pradesh,02-01-2015,15015.11242
1011,Chhindwara,43,23,Madhya Pradesh,02-01-2015,15238.99038
1012,Dewas,23,23,Madhya Pradesh,02-01-2015,15184.16381
1013,Katni,38,23,Madhya Pradesh,02-01-2015,15014.40165
1014,Datia,5,23,Madhya Pradesh,02-01-2015,14872.79314
1015,Damoh,12,23,Madhya Pradesh,02-01-2015,15097.73693
1016,Dhar,25,23,Madhya Pradesh,02-01-2015,15321.13065
1017,East Nimar,29,23,Madhya Pradesh,02-01-2015,15303.43811
1018,Guna,7,23,Madhya Pradesh,02-01-2015,15027.07964
1019,Gwalior,4,23,Madhya Pradesh,02-01-2015,14952.35352
1020,Harda,36,23,Madhya Pradesh,02-01-2015,15084.18033
1021,Jamnagar,10,24,Gujarat,02-01-2015,15496.85949
1022,Kheda,16,24,Gujarat,02-01-2015,15220.19604
1023,Mahesana,4,24,Gujarat,02-01-2015,15215.20976
1024,Narmada,20,24,Gujarat,02-01-2015,15427.43816
1025,Navsari,24,24,Gujarat,02-01-2015,15319.58277
1026,Panch Mahals,17,24,Gujarat,02-01-2015,15268.12098
1027,Patan,3,24,Gujarat,02-01-2015,15356.36141
1028,Porbandar,11,24,Gujarat,02-01-2015,15407.64182
1029,Rajkot,9,24,Gujarat,02-01-2015,15541.62243
1030,Sabar Kantha,5,24,Gujarat,02-01-2015,15205.85342
1031,Surendranagar,8,24,Gujarat,02-01-2015,15434.98023
1032,The Dangs,23,24,Gujarat,02-01-2015,15450.37804
1033,Vadodara,19,24,Gujarat,02-01-2015,15310.87459
1034,Valsad,25,24,Gujarat,02-01-2015,15398.92374
1035,Bharuch,21,24,Gujarat,02-01-2015,15380.01959
1036,Surat,22,24,Gujarat,02-01-2015,15356.45394
1037,Anand,15,24,Gujarat,02-01-2015,15138.89139
1038,Ahmadabad,7,24,Gujarat,02-01-2015,15328.32914
1039,Amreli,13,24,Gujarat,02-01-2015,15572.07486
1040,Bhavnagar,14,24,Gujarat,02-01-2015,15526.34896
1041,Banas Kantha,2,24,Gujarat,02-01-2015,15234.99981
1042,Dohad,18,24,Gujarat,02-01-2015,15317.74135
1043,Junagadh,12,24,Gujarat,02-01-2015,15417.88746
1044,Kachchh,1,24,Gujarat,02-01-2015,15411.31908
1045,Gandhinagar,6,24,Gujarat,02-01-2015,15232.8144
1046,Daman,2,25,Daman & Diu,02-01-2015,15244.53467
1047,Diu,1,25,Daman & Diu,02-01-2015,15176.71107
1048,Dadra & Nagar Haveli,1,26,Dadara & Nagar Havelli,02-01-2015,15464.96481
1049,Jalgaon,3,27,Maharashtra,02-01-2015,15400.7364
1050,Jalna,18,27,Maharashtra,02-01-2015,15550.26298
1051,Kolhapur,34,27,Maharashtra,02-01-2015,15367.75223
1052,Latur,28,27,Maharashtra,02-01-2015,15679.84636
1053,Pune,25,27,Maharashtra,02-01-2015,15433.11825
1054,Nagpur,9,27,Maharashtra,02-01-2015,15332.49123
1055,Mumbai,23,27,Maharashtra,02-01-2015,15255.55983
1056,Mumbai (Suburban),22,27,Maharashtra,02-01-2015,15313.25443
1057,Nanded,15,27,Maharashtra,02-01-2015,15586.4324
1058,Nandurbar,1,27,Maharashtra,02-01-2015,15493.91207
1059,Nashik,20,27,Maharashtra,02-01-2015,15480.84628
1060,Osmanabad,29,27,Maharashtra,02-01-2015,15645.02622
1061,Parbhani,17,27,Maharashtra,02-01-2015,15637.14832
1062,Sangli,35,27,Maharashtra,02-01-2015,15555.24472
1063,Satara,31,27,Maharashtra,02-01-2015,15456.68012
1064,Hingoli,16,27,Maharashtra,02-01-2015,15516.62207
1065,Ratnagiri,32,27,Maharashtra,02-01-2015,15383.79903
1066,Raigarh,24,27,Maharashtra,02-01-2015,15445.56929
1067,Thane,21,27,Maharashtra,02-01-2015,15489.88716
1068,Solapur,30,27,Maharashtra,02-01-2015,15588.84069
1069,Sindhudurg,33,27,Maharashtra,02-01-2015,15358.59177
1070,Wardha,8,27,Maharashtra,02-01-2015,15449.92405
1071,Washim,6,27,Maharashtra,02-01-2015,15535.82115
1072,Yavatmal,14,27,Maharashtra,02-01-2015,15475.64572
1073,Aurangabad,19,27,Maharashtra,02-01-2015,15512.82287
1074,Ahmadnagar,26,27,Maharashtra,02-01-2015,15533.49843
1075,Akola,5,27,Maharashtra,02-01-2015,15469.87996
1076,Amravati,7,27,Maharashtra,02-01-2015,15354.83135
1077,Bid,27,27,Maharashtra,02-01-2015,15661.17068
1078,Bhandara,10,27,Maharashtra,02-01-2015,15262.58306
1079,Buldana,4,27,Maharashtra,02-01-2015,15449.02417
1080,Chandrapur,13,27,Maharashtra,02-01-2015,15334.20415
1081,Dhule,2,27,Maharashtra,02-01-2015,15501.76374
1082,Gadchiroli,12,27,Maharashtra,02-01-2015,15151.15442
1083,Gondiya,11,27,Maharashtra,02-01-2015,15215.51214
1084,Khammam,10,28,Andhra Pradesh,02-01-2015,15292.71083
1085,Medak,4,28,Andhra Pradesh,02-01-2015,15505.47329
1086,Krishna,16,28,Andhra Pradesh,02-01-2015,15233.5248
1087,Kurnool,21,28,Andhra Pradesh,02-01-2015,15530.39709
1088,Mahbubnagar,7,28,Andhra Pradesh,02-01-2015,15517.5212
1089,Nalgonda,8,28,Andhra Pradesh,02-01-2015,15412.41921
1090,Nellore,19,28,Andhra Pradesh,02-01-2015,15345.34529
1091,Nizamabad,2,28,Andhra Pradesh,02-01-2015,15431.73497
1092,Prakasam,18,28,Andhra Pradesh,02-01-2015,15420.94943
1093,Hyderabad,5,28,Andhra Pradesh,02-01-2015,15344.83869
1094,Rangareddi,6,28,Andhra Pradesh,02-01-2015,15537.67116
1095,Srikakulam,11,28,Andhra Pradesh,02-01-2015,15297.48118
1096,West Godavari,15,28,Andhra Pradesh,02-01-2015,15147.0464
1097,Visakhapatnam,13,28,Andhra Pradesh,02-01-2015,15242.535
1098,Vizianagaram,12,28,Andhra Pradesh,02-01-2015,15305.83673
1099,Warangal,9,28,Andhra Pradesh,02-01-2015,15367.34065
1100,Anantapur,22,28,Andhra Pradesh,02-01-2015,15619.60073
1101,Adilabad,1,28,Andhra Pradesh,02-01-2015,15406.53965
1102,Chittoor,23,28,Andhra Pradesh,02-01-2015,15436.29561
1103,Cuddapah,20,28,Andhra Pradesh,02-01-2015,15517.27411
1104,East Godavari,14,28,Andhra Pradesh,02-01-2015,15157.06874
1105,Karimnagar,3,28,Andhra Pradesh,02-01-2015,15353.65824
1106,Guntur,17,28,Andhra Pradesh,02-01-2015,15298.53535
1107,Kodagu,25,29,Karnataka,02-01-2015,15065.69366
1108,Kolar,19,29,Karnataka,02-01-2015,15534.64386
1109,Mandya,22,29,Karnataka,02-01-2015,15355.65536
1110,Koppal,7,29,Karnataka,02-01-2015,15555.74161
1111,Mysore,26,29,Karnataka,02-01-2015,15435.72211
1112,Raichur,6,29,Karnataka,02-01-2015,15487.37024
1113,Hassan,23,29,Karnataka,02-01-2015,15364.58661
1114,Haveri,11,29,Karnataka,02-01-2015,15490.78799
1115,Shimoga,15,29,Karnataka,02-01-2015,15252.74934
1116,Tumkur,18,29,Karnataka,02-01-2015,15489.19305
1117,Udupi,16,29,Karnataka,02-01-2015,15249.55095
1118,Uttara Kannada,10,29,Karnataka,02-01-2015,15153.23874
1119,Bagalkot,2,29,Karnataka,02-01-2015,15516.05892
1120,Bangalore,20,29,Karnataka,02-01-2015,15366.97534
1121,Bidar,5,29,Karnataka,02-01-2015,15673.98483
1122,Bijapur,3,29,Karnataka,02-01-2015,15656.65985
1123,Belgaum,1,29,Karnataka,02-01-2015,15457.69052
1124,Bellary,12,29,Karnataka,02-01-2015,15492.06833
1125,Bangalore Rural,21,29,Karnataka,02-01-2015,15429.2592
1126,Chamarajanagar,27,29,Karnataka,02-01-2015,15426.87234
1127,Chikmagalur,17,29,Karnataka,02-01-2015,15230.15371
1128,Chitradurga,13,29,Karnataka,02-01-2015,15556.64288
1129,Dakshina Kannada,24,29,Karnataka,02-01-2015,15209.75837
1130,Davanagere,14,29,Karnataka,02-01-2015,15440.68455
1131,Dharwad,9,29,Karnataka,02-01-2015,15536.7198
1132,Gulbarga,4,29,Karnataka,02-01-2015,15603.91245
1133,Gadag,8,29,Karnataka,02-01-2015,15651.02932
1134,North Goa,1,30,Goa,02-01-2015,15306.27228
1135,South Goa,2,30,Goa,02-01-2015,15250.35872
1136,Lakshadweep,1,31,Lakshadweep,02-01-2015,15092.39305
1137,Kollam,13,32,Kerala,02-01-2015,15200.35991
1138,Kottayam,10,32,Kerala,02-01-2015,15216.16046
1139,Kozhikode,4,32,Kerala,02-01-2015,15194.35562
1140,Malappuram,5,32,Kerala,02-01-2015,15214.63044
1141,Palakkad,6,32,Kerala,02-01-2015,15194.14391
1142,Pathanamthitta,12,32,Kerala,02-01-2015,15145.93054
1143,Idukki,9,32,Kerala,02-01-2015,15029.24542
1144,Thrissur,7,32,Kerala,02-01-2015,15237.06027
1145,Thiruvananthapuram,14,32,Kerala,02-01-2015,15236.24839
1146,Wayanad,3,32,Kerala,02-01-2015,15083.11734
1147,Alappuzha,11,32,Kerala,02-01-2015,15188.48952
1148,Kasaragod,1,32,Kerala,02-01-2015,15268.39861
1149,Kannur,2,32,Kerala,02-01-2015,15231.49689
1150,Ernakulam,8,32,Kerala,02-01-2015,15251.16531
1151,Kanniyakumari,30,33,Tamil Nadu,02-01-2015,15234.13016
1152,Karur,14,33,Tamil Nadu,02-01-2015,15562.18758
1153,Madurai,24,33,Tamil Nadu,02-01-2015,15437.31819
1154,Namakkal,9,33,Tamil Nadu,02-01-2015,15520.26387
1155,The Nilgiris,11,33,Tamil Nadu,02-01-2015,15008.3679
1156,Perambalur,16,33,Tamil Nadu,02-01-2015,15439.47193
1157,Pudukkottai,22,33,Tamil Nadu,02-01-2015,15448.08214
1158,Ramanathapuram,27,33,Tamil Nadu,02-01-2015,15438.70561
1159,Salem,8,33,Tamil Nadu,02-01-2015,15408.22242
1160,Sivaganga,23,33,Tamil Nadu,02-01-2015,15445.80184
1161,Tiruchirappalli,15,33,Tamil Nadu,02-01-2015,15491.60084
1162,Tirunelveli,29,33,Tamil Nadu,02-01-2015,15324.35988
1163,Tiruvannamalai,6,33,Tamil Nadu,02-01-2015,15381.40064
1164,Thoothukkudi,28,33,Tamil Nadu,02-01-2015,15457.03794
1165,Theni,25,33,Tamil Nadu,02-01-2015,15271.66163
1166,Vellore,4,33,Tamil Nadu,02-01-2015,15420.84478
1167,Viluppuram,7,33,Tamil Nadu,02-01-2015,15362.96916
1168,Virudhunagar,26,33,Tamil Nadu,02-01-2015,15542.45266
1169,Chennai,2,33,Tamil Nadu,02-01-2015,15344.37959
1170,Kancheepuram,3,33,Tamil Nadu,02-01-2015,15366.8456
1171,Thiruvallur,1,33,Tamil Nadu,02-01-2015,15382.49265
1172,Thanjavur,21,33,Tamil Nadu,02-01-2015,15320.46008
1173,Thiruvarur,20,33,Tamil Nadu,02-01-2015,15330.2993
1174,Nagapattinam,19,33,Tamil Nadu,02-01-2015,15280.73443
1175,Ariyalur,17,33,Tamil Nadu,02-01-2015,15392.82888
1176,Coimbatore,12,33,Tamil Nadu,02-01-2015,15354.05364
1177,Cuddalore,18,33,Tamil Nadu,02-01-2015,15345.54943
1178,Dharmapuri,5,33,Tamil Nadu,02-01-2015,15400.53605
1179,Dindigul,13,33,Tamil Nadu,02-01-2015,15327.73946
1180,Erode,10,33,Tamil Nadu,02-01-2015,15386.41401
1181,Pondicherry,2,34,Puducherry,02-01-2015,15308.76534
1182,Yanam,1,34,Puducherry,02-01-2015,15160.02511
1183,Karaikal,4,34,Puducherry,02-01-2015,15314.80193
1184,Mahe,3,34,Puducherry,02-01-2015,15233.91068
1185,Nicobars,2,35,Andaman & Nicobar Island,02-01-2015,15028.55584
1186,Andamans,1,35,Andaman & Nicobar Island,02-01-2015,15051.80842
1187,Data Not Available,99,99,Jammu and Kashmir,02-01-2015,13299.20262
1188,Jammu,13,1,Jammu and Kashmir,03-01-2015,14878.32285
1189,Kargil,8,1,Jammu and Kashmir,03-01-2015,13408.66139
1190,Kathua,14,1,Jammu and Kashmir,03-01-2015,14727.55016
1191,Leh (Ladakh),7,1,Jammu and Kashmir,03-01-2015,13788.84139
1192,Kupwara,1,1,Jammu and Kashmir,03-01-2015,13996.20243
1193,Punch,11,1,Jammu and Kashmir,03-01-2015,14362.36127
1194,Pulwama,5,1,Jammu and Kashmir,03-01-2015,14268.92431
1195,Rajauri,12,1,Jammu and Kashmir,03-01-2015,14655.86075
1196,Anantnag,6,1,Jammu and Kashmir,03-01-2015,13793.65934
1197,Badgam,4,1,Jammu and Kashmir,03-01-2015,14079.69147
1198,Baramula,2,1,Jammu and Kashmir,03-01-2015,13882.58333
1199,Doda,9,1,Jammu and Kashmir,03-01-2015,13718.49296
1200,Srinagar,3,1,Jammu and Kashmir,03-01-2015,13785.40633
1201,Udhampur,10,1,Jammu and Kashmir,03-01-2015,14494.50473
1202,Kangra,2,2,Himachal Pradesh,03-01-2015,14535.88702
1203,Kinnaur,12,2,Himachal Pradesh,03-01-2015,13588.88284
1204,Lahul & Spiti,3,2,Himachal Pradesh,03-01-2015,13353.38791
1205,Kullu,4,2,Himachal Pradesh,03-01-2015,13931.89458
1206,Mandi,5,2,Himachal Pradesh,03-01-2015,14640.1553
1207,Bilaspur,8,2,Himachal Pradesh,03-01-2015,14816.05406
1208,Chamba,1,2,Himachal Pradesh,03-01-2015,13935.12866
1209,Hamirpur,6,2,Himachal Pradesh,03-01-2015,14824.80349
1210,Shimla,11,2,Himachal Pradesh,03-01-2015,14441.87268
1211,Sirmaur,10,2,Himachal Pradesh,03-01-2015,14808.26142
1212,Solan,9,2,Himachal Pradesh,03-01-2015,14849.92429
1213,Una,7,2,Himachal Pradesh,03-01-2015,14880.12889
1214,Hoshiarpur,5,3,Punjab,03-01-2015,14890.65838
1215,Jalandhar,4,3,Punjab,03-01-2015,14876.71866
1216,Kapurthala,3,3,Punjab,03-01-2015,14840.79756
1217,Ludhiana,9,3,Punjab,03-01-2015,14894.04058
1218,Mansa,15,3,Punjab,03-01-2015,14886.89212
1219,Moga,10,3,Punjab,03-01-2015,14815.49314
1220,Muktsar,12,3,Punjab,03-01-2015,14821.58529
1221,Nawanshahr,6,3,Punjab,03-01-2015,14898.24917
1222,Patiala,17,3,Punjab,03-01-2015,14908.49862
1223,Sangrur,16,3,Punjab,03-01-2015,14881.74256
1224,Amritsar,2,3,Punjab,03-01-2015,14810.72601
1225,Firozpur,11,3,Punjab,03-01-2015,14824.98902
1226,Bathinda,14,3,Punjab,03-01-2015,14841.38998
1227,Gurdaspur,1,3,Punjab,03-01-2015,14821.27594
1228,Faridkot,13,3,Punjab,03-01-2015,14822.0349
1229,Fatehgarh Sahib,8,3,Punjab,03-01-2015,14889.9168
1230,Rupnagar,7,3,Punjab,03-01-2015,14912.34354
1231,Chandigarh,1,4,Chandigarh,03-01-2015,14995.15467
1232,Hardwar,13,5,Uttarakhand,03-01-2015,14978.34281
1233,Nainital,11,5,Uttarakhand,03-01-2015,14875.37326
1234,Pithoragarh,7,5,Uttarakhand,03-01-2015,14019.8089
1235,Bageshwar,8,5,Uttarakhand,03-01-2015,14425.17123
1236,Almora,9,5,Uttarakhand,03-01-2015,14778.76487
1237,Chamoli,2,5,Uttarakhand,03-01-2015,13942.50707
1238,Champawat,10,5,Uttarakhand,03-01-2015,14769.345
1239,Dehradun,5,5,Uttarakhand,03-01-2015,14833.47822
1240,Garhwal,6,5,Uttarakhand,03-01-2015,14789.86089
1241,Rudraprayag,3,5,Uttarakhand,03-01-2015,14312.17661
1242,Tehri Garhwal,4,5,Uttarakhand,03-01-2015,14587.9307
1243,Udham Singh Nagar,12,5,Uttarakhand,03-01-2015,14997.74484
1244,Uttarkashi,1,5,Uttarakhand,03-01-2015,13936.74236
1245,Hisar,12,6,Haryana,03-01-2015,14955.24401
1246,Jind,9,6,Haryana,03-01-2015,14915.62432
1247,Kaithal,5,6,Haryana,03-01-2015,14905.1695
1248,Karnal,6,6,Haryana,03-01-2015,14927.64469
1249,Kurukshetra,4,6,Haryana,03-01-2015,14931.78309
1250,Panchkula,1,6,Haryana,03-01-2015,14923.3266
1251,Panipat,7,6,Haryana,03-01-2015,14957.70094
1252,Ambala,2,6,Haryana,03-01-2015,14920.28666
1253,Gurgaon,18,6,Haryana,03-01-2015,15078.57705
1254,Faridabad,19,6,Haryana,03-01-2015,15033.79582
1255,Fatehabad,10,6,Haryana,03-01-2015,14894.3215
1256,Rohtak,14,6,Haryana,03-01-2015,14994.26133
1257,Sirsa,11,6,Haryana,03-01-2015,14877.92961
1258,Sonipat,8,6,Haryana,03-01-2015,14968.48471
1259,Yamunanagar,3,6,Haryana,03-01-2015,14938.05017
1260,Jhajjar,15,6,Haryana,03-01-2015,15029.12278
1261,Mahendragarh,16,6,Haryana,03-01-2015,15118.16162
1262,Rewari,17,6,Haryana,03-01-2015,15060.44339
1263,Bhiwani,13,6,Haryana,03-01-2015,15030.7892
1264,Central,6,7,Delhi  & NCR,03-01-2015,15123.69079
1265,East,4,7,Delhi  & NCR,03-01-2015,15119.51868
1266,New Delhi,5,7,Delhi  & NCR,03-01-2015,15094.12067
1267,North,2,7,Delhi  & NCR,03-01-2015,15099.80918
1268,North East,3,7,Delhi  & NCR,03-01-2015,15120.37112
1269,North West,1,7,Delhi  & NCR,03-01-2015,15104.26057
1270,South,9,7,Delhi  & NCR,03-01-2015,15116.84737
1271,South West,8,7,Delhi  & NCR,03-01-2015,15112.5677
1272,West,7,7,Delhi  & NCR,03-01-2015,15164.75931
1273,Jaipur,12,8,Rajasthan,03-01-2015,15264.14916
1274,Jaisalmer,16,8,Rajasthan,03-01-2015,15656.22452
1275,Jalor,18,8,Rajasthan,03-01-2015,15679.97718
1276,Jhalawar,32,8,Rajasthan,03-01-2015,15490.99903
1277,Jhunjhunun,5,8,Rajasthan,03-01-2015,15232.10106
1278,Jodhpur,15,8,Rajasthan,03-01-2015,15600.28517
1279,Kota,30,8,Rajasthan,03-01-2015,15303.77675
1280,Nagaur,14,8,Rajasthan,03-01-2015,15449.20601
1281,Pali,20,8,Rajasthan,03-01-2015,15584.40546
1282,Rajsamand,25,8,Rajasthan,03-01-2015,15358.10096
1283,Sawai Madhopur,10,8,Rajasthan,03-01-2015,15254.72612
1284,Ajmer,21,8,Rajasthan,03-01-2015,15373.89408
1285,Banswara,28,8,Rajasthan,03-01-2015,15565.96526
1286,Barmer,17,8,Rajasthan,03-01-2015,15719.66038
1287,Bhilwara,24,8,Rajasthan,03-01-2015,15345.46298
1288,Bikaner,3,8,Rajasthan,03-01-2015,15475.09554
1289,Bharatpur,7,8,Rajasthan,03-01-2015,15133.94683
1290,Bundi,23,8,Rajasthan,03-01-2015,15207.38433
1291,Chittaurgarh,29,8,Rajasthan,03-01-2015,15401.93233
1292,Churu,4,8,Rajasthan,03-01-2015,15384.88553
1293,Dausa,11,8,Rajasthan,03-01-2015,15166.56906
1294,Dhaulpur,8,8,Rajasthan,03-01-2015,15181.23345
1295,Dungarpur,27,8,Rajasthan,03-01-2015,15523.96234
1296,Karauli,9,8,Rajasthan,03-01-2015,15257.13151
1297,Sirohi,19,8,Rajasthan,03-01-2015,15534.15582
1298,Tonk,22,8,Rajasthan,03-01-2015,15310.81452
1299,Sikar,13,8,Rajasthan,03-01-2015,15271.56187
1300,Alwar,6,8,Rajasthan,03-01-2015,15080.19595
1301,Udaipur,26,8,Rajasthan,03-01-2015,15413.39098
1302,Ganganagar,1,8,Rajasthan,03-01-2015,15082.74525
1303,Hanumangarh,2,8,Rajasthan,03-01-2015,15127.49003
1304,Baran,31,8,Rajasthan,03-01-2015,15362.41802
1305,Hathras,13,9,Uttar Pradesh,03-01-2015,15139.52078
1306,Jalaun,35,9,Uttar Pradesh,03-01-2015,15174.20874
1307,Jaunpur,64,9,Uttar Pradesh,03-01-2015,15157.73293
1308,Jhansi,36,9,Uttar Pradesh,03-01-2015,15230.18057
1309,Jyotiba Phule Nagar,6,9,Uttar Pradesh,03-01-2015,15005.12599
1310,Kannauj,30,9,Uttar Pradesh,03-01-2015,15089.83612
1311,Kanpur Nagar,34,9,Uttar Pradesh,03-01-2015,15105.60998
1312,Kaushambi,44,9,Uttar Pradesh,03-01-2015,15135.34443
1313,Kheri,23,9,Uttar Pradesh,03-01-2015,15098.06908
1314,Mirzapur,69,9,Uttar Pradesh,03-01-2015,15277.26642
1315,Moradabad,4,9,Uttar Pradesh,03-01-2015,15019.57072
1316,Muzaffarnagar,2,9,Uttar Pradesh,03-01-2015,15000.20919
1317,Rae Bareli,28,9,Uttar Pradesh,03-01-2015,15106.8483
1318,Kushinagar,59,9,Uttar Pradesh,03-01-2015,15100.32056
1319,Lucknow,27,9,Uttar Pradesh,03-01-2015,15106.27421
1320,Lalitpur,37,9,Uttar Pradesh,03-01-2015,15262.9323
1321,Mahrajganj,57,9,Uttar Pradesh,03-01-2015,15065.50353
1322,Mahoba,39,9,Uttar Pradesh,03-01-2015,15253.72005
1323,Mainpuri,18,9,Uttar Pradesh,03-01-2015,15047.0933
1324,Mathura,14,9,Uttar Pradesh,03-01-2015,15053.77331
1325,Mau,62,9,Uttar Pradesh,03-01-2015,15166.79353
1326,Meerut,7,9,Uttar Pradesh,03-01-2015,15023.6044
1327,Pilibhit,21,9,Uttar Pradesh,03-01-2015,15044.12961
1328,Pratapgarh,43,9,Uttar Pradesh,03-01-2015,15149.94382
1329,Rampur,5,9,Uttar Pradesh,03-01-2015,14975.71069
1330,Sant Ravidas Nagar Bhadohi,68,9,Uttar Pradesh,03-01-2015,15151.5293
1331,Sant Kabir Nagar,56,9,Uttar Pradesh,03-01-2015,15133.54269
1332,Shahjahanpur,22,9,Uttar Pradesh,03-01-2015,15051.1285
1333,Auraiya,32,9,Uttar Pradesh,03-01-2015,15076.61778
1334,Azamgarh,61,9,Uttar Pradesh,03-01-2015,15161.68122
1335,Budaun,19,9,Uttar Pradesh,03-01-2015,15020.63499
1336,Agra,15,9,Uttar Pradesh,03-01-2015,15103.43284
1337,Aligarh,12,9,Uttar Pradesh,03-01-2015,15047.14292
1338,Allahabad,45,9,Uttar Pradesh,03-01-2015,15199.75965
1339,Ambedkar Nagar,48,9,Uttar Pradesh,03-01-2015,15140.61973
1340,Bareilly,20,9,Uttar Pradesh,03-01-2015,15047.32279
1341,Bijnor,3,9,Uttar Pradesh,03-01-2015,15041.34835
1342,Basti,55,9,Uttar Pradesh,03-01-2015,15160.00821
1343,Baghpat,8,9,Uttar Pradesh,03-01-2015,14999.58548
1344,Bahraich,50,9,Uttar Pradesh,03-01-2015,15078.72631
1345,Ballia,63,9,Uttar Pradesh,03-01-2015,15176.00078
1346,Balrampur,52,9,Uttar Pradesh,03-01-2015,15123.43034
1347,Banda,40,9,Uttar Pradesh,03-01-2015,15200.54406
1348,Barabanki,46,9,Uttar Pradesh,03-01-2015,15083.69653
1349,Chitrakoot,41,9,Uttar Pradesh,03-01-2015,15222.27811
1350,Chandauli,66,9,Uttar Pradesh,03-01-2015,15255.0271
1351,Deoria,60,9,Uttar Pradesh,03-01-2015,15095.81646
1352,Etah,17,9,Uttar Pradesh,03-01-2015,15036.1537
1353,Kanpur Dehat,33,9,Uttar Pradesh,03-01-2015,15086.80465
1354,Etawah,31,9,Uttar Pradesh,03-01-2015,15082.77833
1355,Faizabad,47,9,Uttar Pradesh,03-01-2015,15137.9094
1356,Ghazipur,65,9,Uttar Pradesh,03-01-2015,15201.14513
1357,Gonda,53,9,Uttar Pradesh,03-01-2015,15140.07188
1358,Gorakhpur,58,9,Uttar Pradesh,03-01-2015,15100.31649
1359,Farrukhabad,29,9,Uttar Pradesh,03-01-2015,15069.68797
1360,Fatehpur,42,9,Uttar Pradesh,03-01-2015,15124.7724
1361,Firozabad,16,9,Uttar Pradesh,03-01-2015,15096.5204
1362,Hamirpur,38,9,Uttar Pradesh,03-01-2015,15193.87031
1363,Hardoi,25,9,Uttar Pradesh,03-01-2015,15071.16744
1364,Shrawasti,51,9,Uttar Pradesh,03-01-2015,15085.6161
1365,Saharanpur,1,9,Uttar Pradesh,03-01-2015,14950.54957
1366,Sitapur,24,9,Uttar Pradesh,03-01-2015,15128.56522
1367,Sultanpur,49,9,Uttar Pradesh,03-01-2015,15144.8488
1368,Sonbhadra,70,9,Uttar Pradesh,03-01-2015,15342.44901
1369,Siddharthnagar,54,9,Uttar Pradesh,03-01-2015,15062.42029
1370,Unnao,26,9,Uttar Pradesh,03-01-2015,15085.91889
1371,Varanasi,67,9,Uttar Pradesh,03-01-2015,15196.05406
1372,Bulandshahr,11,9,Uttar Pradesh,03-01-2015,15006.56222
1373,Gautam Buddha Nagar,10,9,Uttar Pradesh,03-01-2015,15057.52818
1374,Ghaziabad,9,9,Uttar Pradesh,03-01-2015,15016.54062
1375,Jamui,37,10,Bihar,03-01-2015,15382.66441
1376,Kishanganj,8,10,Bihar,03-01-2015,15187.03864
1377,Muzaffarpur,14,10,Bihar,03-01-2015,15120.30166
1378,Purnia,9,10,Bihar,03-01-2015,15063.5706
1379,Khagaria,21,10,Bihar,03-01-2015,15087.12598
1380,Madhubani,5,10,Bihar,03-01-2015,15129.50638
1381,Lakhisarai,25,10,Bihar,03-01-2015,15296.71555
1382,Madhepura,11,10,Bihar,03-01-2015,15082.81262
1383,Purba Champaran,2,10,Bihar,03-01-2015,15080.17211
1384,Munger,24,10,Bihar,03-01-2015,15272.4373
1385,Nalanda,27,10,Bihar,03-01-2015,15280.11018
1386,Nawada,36,10,Bihar,03-01-2015,15295.4641
1387,Pashchim Champaran,1,10,Bihar,03-01-2015,15131.09934
1388,Patna,28,10,Bihar,03-01-2015,15267.03947
1389,Samastipur,19,10,Bihar,03-01-2015,15151.5156
1390,Araria,7,10,Bihar,03-01-2015,15050.08606
1391,Aurangabad,34,10,Bihar,03-01-2015,15339.98807
1392,Banka,23,10,Bihar,03-01-2015,15378.05553
1393,Bhagalpur,22,10,Bihar,03-01-2015,15213.32165
1394,Begusarai,20,10,Bihar,03-01-2015,15172.80959
1395,Saran,17,10,Bihar,03-01-2015,15151.40272
1396,Katihar,10,10,Bihar,03-01-2015,15091.97896
1397,Darbhanga,13,10,Bihar,03-01-2015,15144.06998
1398,Gopalganj,15,10,Bihar,03-01-2015,15102.5919
1399,Sheikhpura,26,10,Bihar,03-01-2015,15303.15723
1400,Sheohar,3,10,Bihar,03-01-2015,15064.77107
1401,Saharsa,12,10,Bihar,03-01-2015,15101.12889
1402,Sitamarhi,4,10,Bihar,03-01-2015,15076.35368
1403,Siwan,16,10,Bihar,03-01-2015,15140.14564
1404,Supaul,6,10,Bihar,03-01-2015,15098.30716
1405,Vaishali,18,10,Bihar,03-01-2015,15169.41257
1406,Kaimur (Bhabua),31,10,Bihar,03-01-2015,15310.33885
1407,Gaya,35,10,Bihar,03-01-2015,15338.21911
1408,Bhojpur,29,10,Bihar,03-01-2015,15214.22684
1409,Buxar,30,10,Bihar,03-01-2015,15194.16569
1410,Jehanabad,33,10,Bihar,03-01-2015,15267.65489
1411,Rohtas,32,10,Bihar,03-01-2015,15236.86851
1412,North,1,11,Sikkim,03-01-2015,13847.20291
1413,East,4,11,Sikkim,03-01-2015,14468.939
1414,South,3,11,Sikkim,03-01-2015,14635.22339
1415,West,2,11,Sikkim,03-01-2015,14330.21517
1416,Lohit,11,12,Arunanchal Pradesh,03-01-2015,14413.27622
1417,Lower Subansiri,5,12,Arunanchal Pradesh,03-01-2015,14454.92535
1418,Papum Pare,4,12,Arunanchal Pradesh,03-01-2015,14705.66761
1419,Changlang,12,12,Arunanchal Pradesh,03-01-2015,14748.21421
1420,Dibang Valley,10,12,Arunanchal Pradesh,03-01-2015,14235.4396
1421,East Kameng,3,12,Arunanchal Pradesh,03-01-2015,14542.65035
1422,East Siang,8,12,Arunanchal Pradesh,03-01-2015,14813.64599
1423,Tawang,1,12,Arunanchal Pradesh,03-01-2015,14253.066
1424,Tirap,13,12,Arunanchal Pradesh,03-01-2015,14888.13877
1425,West Kameng,2,12,Arunanchal Pradesh,03-01-2015,14506.41435
1426,West Siang,7,12,Arunanchal Pradesh,03-01-2015,14523.33269
1427,Upper Siang,9,12,Arunanchal Pradesh,03-01-2015,14326.91899
1428,Upper Subansiri,6,12,Arunanchal Pradesh,03-01-2015,14364.80979
1429,Mokokchung,3,13,Nagaland,03-01-2015,14945.9255
1430,Mon,1,13,Nagaland,03-01-2015,14981.77107
1431,Phek,8,13,Nagaland,03-01-2015,14881.58494
1432,Tuensang,2,13,Nagaland,03-01-2015,14876.93936
1433,Wokha,5,13,Nagaland,03-01-2015,14985.5553
1434,Zunheboto,4,13,Nagaland,03-01-2015,14894.99051
1435,Dimapur,6,13,Nagaland,03-01-2015,15174.49729
1436,Kohima,7,13,Nagaland,03-01-2015,14983.52867
1437,Imphal East,7,14,Manipur,03-01-2015,15226.34428
1438,Imphal West,6,14,Manipur,03-01-2015,15104.04333
1439,Senapati (Excl. 3 sub-divisions),1,14,Manipur,03-01-2015,15015.46016
1440,Bishnupur,4,14,Manipur,03-01-2015,15108.5823
1441,Chandel,9,14,Manipur,03-01-2015,15051.91828
1442,Churachandpur,3,14,Manipur,03-01-2015,15020.25566
1443,Tamenglong,2,14,Manipur,03-01-2015,14956.99725
1444,Thoubal,5,14,Manipur,03-01-2015,15204.34501
1445,Ukhrul,8,14,Manipur,03-01-2015,15002.25773
1446,Kolasib,2,15,Mizoram,03-01-2015,15098.23429
1447,Mamit,1,15,Mizoram,03-01-2015,15122.82166
1448,Lunglei,6,15,Mizoram,03-01-2015,15094.83827
1449,Lawngtlai,7,15,Mizoram,03-01-2015,15199.20378
1450,Saiha,8,15,Mizoram,03-01-2015,15078.78064
1451,Serchhip,5,15,Mizoram,03-01-2015,15037.0163
1452,Aizawl,3,15,Mizoram,03-01-2015,15052.93861
1453,Champhai,4,15,Mizoram,03-01-2015,15022.15335
1454,North Tripura,4,16,Tripura,03-01-2015,15249.27167
1455,Dhalai,3,16,Tripura,03-01-2015,15222.07681
1456,South Tripura,2,16,Tripura,03-01-2015,15243.81544
1457,West Tripura,1,16,Tripura,03-01-2015,15250.41611
1458,Jaintia Hills,7,17,Meghalaya,03-01-2015,15082.59456
1459,East Garo Hills,2,17,Meghalaya,03-01-2015,15168.39199
1460,East Khasi Hills,6,17,Meghalaya,03-01-2015,15030.44046
1461,Ri Bhoi,5,17,Meghalaya,03-01-2015,15097.73977
1462,South Garo Hills,3,17,Meghalaya,03-01-2015,15101.16909
1463,West Garo Hills,1,17,Meghalaya,03-01-2015,15145.54662
1464,West Khasi Hills,4,17,Meghalaya,03-01-2015,15038.47099
1465,Jorhat,17,18,Assam,03-01-2015,15178.07696
1466,Karimganj,22,18,Assam,03-01-2015,15294.64272
1467,Kokrajhar,1,18,Assam,03-01-2015,15186.17111
1468,Lakhimpur,12,18,Assam,03-01-2015,15224.44393
1469,Nagaon,10,18,Assam,03-01-2015,15193.59454
1470,Marigaon,9,18,Assam,03-01-2015,15146.42243
1471,Nalbari,7,18,Assam,03-01-2015,15169.19692
1472,North Cachar Hills,20,18,Assam,03-01-2015,15108.47059
1473,Barpeta,5,18,Assam,03-01-2015,15171.93988
1474,Bongaigaon,4,18,Assam,03-01-2015,15158.62353
1475,Cachar,21,18,Assam,03-01-2015,15226.42607
1476,Darrang,8,18,Assam,03-01-2015,15161.92659
1477,Dhemaji,13,18,Assam,03-01-2015,15153.72211
1478,Dhubri,2,18,Assam,03-01-2015,15172.77734
1479,Dibrugarh,15,18,Assam,03-01-2015,15142.87442
1480,Kamrup,6,18,Assam,03-01-2015,15158.00686
1481,Karbi Anglong,19,18,Assam,03-01-2015,15086.10015
1482,Goalpara,3,18,Assam,03-01-2015,15183.83262
1483,Golaghat,18,18,Assam,03-01-2015,15218.74629
1484,Hailakandi,23,18,Assam,03-01-2015,15274.24048
1485,Sonitpur,11,18,Assam,03-01-2015,15200.98374
1486,Sibsagar,16,18,Assam,03-01-2015,15176.72976
1487,Tinsukia,14,18,Assam,03-01-2015,15049.23883
1488,Hugli,12,19,West Bengal,03-01-2015,15308.63373
1489,Jalpaiguri,2,19,West Bengal,03-01-2015,15147.41007
1490,Koch Bihar,3,19,West Bengal,03-01-2015,15132.61106
1491,Murshidabad,7,19,West Bengal,03-01-2015,15248.15728
1492,Puruliya,14,19,West Bengal,03-01-2015,15505.00302
1493,Kolkata,17,19,West Bengal,03-01-2015,15405.7867
1494,Maldah,6,19,West Bengal,03-01-2015,15156.17815
1495,Nadia,10,19,West Bengal,03-01-2015,15286.11657
1496,North Twenty Four Parganas,11,19,West Bengal,03-01-2015,15179.34851
1497,Medinipur,15,19,West Bengal,03-01-2015,15259.5204
1498,Barddhaman,9,19,West Bengal,03-01-2015,15299.97042
1499,Birbhum,8,19,West Bengal,03-01-2015,15319.46287
1500,Bankura,13,19,West Bengal,03-01-2015,15417.44071
1501,Dakshin Dinajpur,5,19,West Bengal,03-01-2015,15119.29308
1502,Darjiling,1,19,West Bengal,03-01-2015,14913.07268
1503,Haora,16,19,West Bengal,03-01-2015,15191.64768
1504,South  Twenty Four Parganas,18,19,West Bengal,03-01-2015,15213.92633
1505,Uttar Dinajpur,4,19,West Bengal,03-01-2015,15115.03467
1506,Purbi Singhbhum,18,20,Jharkhand,03-01-2015,15467.00899
1507,Lohardaga,15,20,Jharkhand,03-01-2015,15360.94477
1508,Pakaur,10,20,Jharkhand,03-01-2015,15487.51429
1509,Pashchimi Singhbhum,17,20,Jharkhand,03-01-2015,15444.43114
1510,Bokaro,13,20,Jharkhand,03-01-2015,15480.24916
1511,Deoghar,7,20,Jharkhand,03-01-2015,15456.11037
1512,Dhanbad,12,20,Jharkhand,03-01-2015,15476.79295
1513,Dumka,11,20,Jharkhand,03-01-2015,15459.69639
1514,Giridih,6,20,Jharkhand,03-01-2015,15448.33686
1515,Godda,8,20,Jharkhand,03-01-2015,15373.00493
1516,Gumla,16,20,Jharkhand,03-01-2015,15446.25336
1517,Ranchi,14,20,Jharkhand,03-01-2015,15427.35909
1518,Sahibganj,9,20,Jharkhand,03-01-2015,15327.37528
1519,Garhwa,1,20,Jharkhand,03-01-2015,15472.06868
1520,Palamu,2,20,Jharkhand,03-01-2015,15419.78776
1521,Chatra,3,20,Jharkhand,03-01-2015,15384.80982
1522,Hazaribagh,4,20,Jharkhand,03-01-2015,15393.22182
1523,Kodarma,5,20,Jharkhand,03-01-2015,15367.61788
1524,Jajapur,13,21,Orissa,03-01-2015,15462.68111
1525,Jagatsinghapur,11,21,Orissa,03-01-2015,15369.97845
1526,Jharsuguda,2,21,Orissa,03-01-2015,15458.31025
1527,Khordha,17,21,Orissa,03-01-2015,15401.48922
1528,Mayurbhanj,7,21,Orissa,03-01-2015,15377.4755
1529,Puri,18,21,Orissa,03-01-2015,15327.66742
1530,Koraput,29,21,Orissa,03-01-2015,15468.14309
1531,Malkangiri,30,21,Orissa,03-01-2015,15491.17007
1532,Nabarangapur,28,21,Orissa,03-01-2015,15601.1392
1533,Nayagarh,16,21,Orissa,03-01-2015,15362.07895
1534,Nuapada,25,21,Orissa,03-01-2015,15568.91481
1535,Kandhamal,21,21,Orissa,03-01-2015,15332.23615
1536,Sambalpur,3,21,Orissa,03-01-2015,15397.38061
1537,Anugul,15,21,Orissa,03-01-2015,15407.75371
1538,Bhadrak,9,21,Orissa,03-01-2015,15433.68617
1539,Baudh,22,21,Orissa,03-01-2015,15458.50236
1540,Balangir,24,21,Orissa,03-01-2015,15581.26593
1541,Baleshwar,8,21,Orissa,03-01-2015,15329.24474
1542,Bargarh,1,21,Orissa,03-01-2015,15451.01801
1543,Kendrapara,10,21,Orissa,03-01-2015,15356.54483
1544,Kendujhar,6,21,Orissa,03-01-2015,15416.18603
1545,Debagarh,4,21,Orissa,03-01-2015,15380.68072
1546,Cuttack,12,21,Orissa,03-01-2015,15412.89158
1547,Dhenkanal,14,21,Orissa,03-01-2015,15436.89227
1548,Kalahandi,26,21,Orissa,03-01-2015,15476.96544
1549,Ganjam,19,21,Orissa,03-01-2015,15419.74714
1550,Gajapati,20,21,Orissa,03-01-2015,15360.17853
1551,Rayagada,27,21,Orissa,03-01-2015,15431.09614
1552,Sundargarh,5,21,Orissa,03-01-2015,15453.75477
1553,Sonapur,23,21,Orissa,03-01-2015,15465.16476
1554,Jashpur,3,22,Chhattisgarh,03-01-2015,15400.30917
1555,Koriya,1,22,Chhattisgarh,03-01-2015,15318.73567
1556,Mahasamund,12,22,Chhattisgarh,03-01-2015,15519.16998
1557,Raigarh,4,22,Chhattisgarh,03-01-2015,15475.75105
1558,Raipur,11,22,Chhattisgarh,03-01-2015,15518.09112
1559,Rajnandgaon,9,22,Chhattisgarh,03-01-2015,15464.43479
1560,Bastar,15,22,Chhattisgarh,03-01-2015,15462.30631
1561,Dantewada,16,22,Chhattisgarh,03-01-2015,15459.01016
1562,Dhamtari,13,22,Chhattisgarh,03-01-2015,15339.57633
1563,Durg,10,22,Chhattisgarh,03-01-2015,15477.02647
1564,Kanker,14,22,Chhattisgarh,03-01-2015,15430.86317
1565,Surguja,2,22,Chhattisgarh,03-01-2015,15349.71725
1566,Bilaspur,7,22,Chhattisgarh,03-01-2015,15401.66746
1567,Janjgir - Champa,6,22,Chhattisgarh,03-01-2015,15584.67364
1568,Korba,5,22,Chhattisgarh,03-01-2015,15358.82681
1569,Kawardha,8,22,Chhattisgarh,03-01-2015,15440.79218
1570,Hoshangabad,37,23,Madhya Pradesh,03-01-2015,15269.74
1571,Indore,26,23,Madhya Pradesh,03-01-2015,15471.5573
1572,Jabalpur,39,23,Madhya Pradesh,03-01-2015,15314.2911
1573,Jhabua,24,23,Madhya Pradesh,03-01-2015,15659.76743
1574,Mandsaur,19,23,Madhya Pradesh,03-01-2015,15529.64129
1575,Tikamgarh,8,23,Madhya Pradesh,03-01-2015,15242.56733
1576,Narsimhapur,40,23,Madhya Pradesh,03-01-2015,15369.33162
1577,Neemuch,18,23,Madhya Pradesh,03-01-2015,15449.23718
1578,Panna,10,23,Madhya Pradesh,03-01-2015,15358.37432
1579,Raisen,34,23,Madhya Pradesh,03-01-2015,15402.31602
1580,Rajgarh,30,23,Madhya Pradesh,03-01-2015,15508.43292
1581,Satna,13,23,Madhya Pradesh,03-01-2015,15252.32365
1582,Sehore,33,23,Madhya Pradesh,03-01-2015,15470.36688
1583,Seoni,44,23,Madhya Pradesh,03-01-2015,15397.6998
1584,Bhind,3,23,Madhya Pradesh,03-01-2015,15111.96829
1585,Bhopal,32,23,Madhya Pradesh,03-01-2015,15362.9627
1586,Barwani,28,23,Madhya Pradesh,03-01-2015,15730.13961
1587,Betul,35,23,Madhya Pradesh,03-01-2015,15389.31492
1588,Balaghat,45,23,Madhya Pradesh,03-01-2015,15284.74769
1589,Chhatarpur,9,23,Madhya Pradesh,03-01-2015,15332.39256
1590,Chhindwara,43,23,Madhya Pradesh,03-01-2015,15414.22389
1591,Dewas,23,23,Madhya Pradesh,03-01-2015,15530.21055
1592,Katni,38,23,Madhya Pradesh,03-01-2015,15307.25148
1593,Datia,5,23,Madhya Pradesh,03-01-2015,15099.04033
1594,Damoh,12,23,Madhya Pradesh,03-01-2015,15434.01955
1595,Dhar,25,23,Madhya Pradesh,03-01-2015,15649.6293
1596,East Nimar,29,23,Madhya Pradesh,03-01-2015,15536.36558
1597,Guna,7,23,Madhya Pradesh,03-01-2015,15344.74559
1598,Gwalior,4,23,Madhya Pradesh,03-01-2015,15147.57013
1599,Harda,36,23,Madhya Pradesh,03-01-2015,15435.94926
1600,Shajapur,22,23,Madhya Pradesh,03-01-2015,15548.38478
1601,Shivpuri,6,23,Madhya Pradesh,03-01-2015,15260.4601
1602,Ratlam,20,23,Madhya Pradesh,03-01-2015,15601.30427
1603,Rewa,14,23,Madhya Pradesh,03-01-2015,15263.49335
1604,Sagar,11,23,Madhya Pradesh,03-01-2015,15445.03914
1605,Sidhi,17,23,Madhya Pradesh,03-01-2015,15322.54078
1606,Ujjain,21,23,Madhya Pradesh,03-01-2015,15517.37458
1607,Vidisha,31,23,Madhya Pradesh,03-01-2015,15356.0208
1608,West Nimar,27,23,Madhya Pradesh,03-01-2015,15657.31118
1609,Morena,2,23,Madhya Pradesh,03-01-2015,15132.7058
1610,Sheopur,1,23,Madhya Pradesh,03-01-2015,15317.90024
1611,Dindori,41,23,Madhya Pradesh,03-01-2015,15351.40329
1612,Mandla,42,23,Madhya Pradesh,03-01-2015,15353.30323
1613,Shahdol,16,23,Madhya Pradesh,03-01-2015,15371.46497
1614,Umaria,15,23,Madhya Pradesh,03-01-2015,15336.44465
1615,Jamnagar,10,24,Gujarat,03-01-2015,15666.45203
1616,Kheda,16,24,Gujarat,03-01-2015,15459.62052
1617,Mahesana,4,24,Gujarat,03-01-2015,15515.65861
1618,Narmada,20,24,Gujarat,03-01-2015,15623.97936
1619,Navsari,24,24,Gujarat,03-01-2015,15476.69233
1620,Panch Mahals,17,24,Gujarat,03-01-2015,15523.00676
1621,Patan,3,24,Gujarat,03-01-2015,15652.32185
1622,Porbandar,11,24,Gujarat,03-01-2015,15605.86596
1623,Rajkot,9,24,Gujarat,03-01-2015,15745.83804
1624,Anand,15,24,Gujarat,03-01-2015,15370.57876
1625,Ahmadabad,7,24,Gujarat,03-01-2015,15604.30559
1626,Amreli,13,24,Gujarat,03-01-2015,15782.42401
1627,Bhavnagar,14,24,Gujarat,03-01-2015,15744.80802
1628,Banas Kantha,2,24,Gujarat,03-01-2015,15536.35219
1629,Dohad,18,24,Gujarat,03-01-2015,15583.61031
1630,Junagadh,12,24,Gujarat,03-01-2015,15653.96881
1631,Kachchh,1,24,Gujarat,03-01-2015,15692.48427
1632,Gandhinagar,6,24,Gujarat,03-01-2015,15512.23303
1633,Sabar Kantha,5,24,Gujarat,03-01-2015,15453.65245
1634,Surendranagar,8,24,Gujarat,03-01-2015,15689.73596
1635,The Dangs,23,24,Gujarat,03-01-2015,15646.25568
1636,Vadodara,19,24,Gujarat,03-01-2015,15517.11353
1637,Valsad,25,24,Gujarat,03-01-2015,15592.58476
1638,Bharuch,21,24,Gujarat,03-01-2015,15571.69376
1639,Surat,22,24,Gujarat,03-01-2015,15545.77234
1640,Daman,2,25,Daman & Diu,03-01-2015,15402.6368
1641,Diu,1,25,Daman & Diu,03-01-2015,15306.63967
1642,Dadra & Nagar Haveli,1,26,Dadara & Nagar Havelli,03-01-2015,15693.81122
1643,Hingoli,16,27,Maharashtra,03-01-2015,15721.68065
1644,Jalgaon,3,27,Maharashtra,03-01-2015,15558.44019
1645,Jalna,18,27,Maharashtra,03-01-2015,15727.72955
1646,Kolhapur,34,27,Maharashtra,03-01-2015,15432.58928
1647,Latur,28,27,Maharashtra,03-01-2015,15883.8895
1648,Pune,25,27,Maharashtra,03-01-2015,15533.62714
1649,Nagpur,9,27,Maharashtra,03-01-2015,15500.83709
1650,Mumbai,23,27,Maharashtra,03-01-2015,15354.35242
1651,Mumbai (Suburban),22,27,Maharashtra,03-01-2015,15427.84573
1652,Nanded,15,27,Maharashtra,03-01-2015,15761.30956
1653,Nandurbar,1,27,Maharashtra,03-01-2015,15706.30175
1654,Nashik,20,27,Maharashtra,03-01-2015,15619.32605
1655,Osmanabad,29,27,Maharashtra,03-01-2015,15845.08891
1656,Parbhani,17,27,Maharashtra,03-01-2015,15809.82494
1657,Sangli,35,27,Maharashtra,03-01-2015,15651.60491
1658,Satara,31,27,Maharashtra,03-01-2015,15543.26456
1659,Aurangabad,19,27,Maharashtra,03-01-2015,15658.76791
1660,Ahmadnagar,26,27,Maharashtra,03-01-2015,15640.29309
1661,Akola,5,27,Maharashtra,03-01-2015,15665.56987
1662,Amravati,7,27,Maharashtra,03-01-2015,15516.7694
1663,Bid,27,27,Maharashtra,03-01-2015,15802.88064
1664,Bhandara,10,27,Maharashtra,03-01-2015,15410.35164
1665,Buldana,4,27,Maharashtra,03-01-2015,15639.85996
1666,Chandrapur,13,27,Maharashtra,03-01-2015,15518.20097
1667,Dhule,2,27,Maharashtra,03-01-2015,15681.31354
1668,Gadchiroli,12,27,Maharashtra,03-01-2015,15422.02764
1669,Gondiya,11,27,Maharashtra,03-01-2015,15380.14681
1670,Ratnagiri,32,27,Maharashtra,03-01-2015,15482.80147
1671,Raigarh,24,27,Maharashtra,03-01-2015,15571.20064
1672,Thane,21,27,Maharashtra,03-01-2015,15680.47501
1673,Solapur,30,27,Maharashtra,03-01-2015,15759.90907
1674,Sindhudurg,33,27,Maharashtra,03-01-2015,15409.95828
1675,Wardha,8,27,Maharashtra,03-01-2015,15600.90843
1676,Washim,6,27,Maharashtra,03-01-2015,15694.38961
1677,Yavatmal,14,27,Maharashtra,03-01-2015,15597.22766
1678,Hyderabad,5,28,Andhra Pradesh,03-01-2015,15509.3346
1679,Khammam,10,28,Andhra Pradesh,03-01-2015,15555.42396
1680,Medak,4,28,Andhra Pradesh,03-01-2015,15596.93138
1681,Krishna,16,28,Andhra Pradesh,03-01-2015,15436.17914
1682,Kurnool,21,28,Andhra Pradesh,03-01-2015,15739.93157
1683,Mahbubnagar,7,28,Andhra Pradesh,03-01-2015,15707.63766
1684,Nalgonda,8,28,Andhra Pradesh,03-01-2015,15608.07978
1685,Nellore,19,28,Andhra Pradesh,03-01-2015,15571.48758
1686,Nizamabad,2,28,Andhra Pradesh,03-01-2015,15575.78668
1687,Prakasam,18,28,Andhra Pradesh,03-01-2015,15645.96122
1688,Anantapur,22,28,Andhra Pradesh,03-01-2015,15800.9677
1689,Adilabad,1,28,Andhra Pradesh,03-01-2015,15591.05228
1690,Chittoor,23,28,Andhra Pradesh,03-01-2015,15609.02375
1691,Cuddapah,20,28,Andhra Pradesh,03-01-2015,15722.43084
1692,East Godavari,14,28,Andhra Pradesh,03-01-2015,15334.4631
1693,Karimnagar,3,28,Andhra Pradesh,03-01-2015,15528.57613
1694,Guntur,17,28,Andhra Pradesh,03-01-2015,15501.99436
1695,Rangareddi,6,28,Andhra Pradesh,03-01-2015,15641.37033
1696,Srikakulam,11,28,Andhra Pradesh,03-01-2015,15496.08584
1697,West Godavari,15,28,Andhra Pradesh,03-01-2015,15315.85603
1698,Visakhapatnam,13,28,Andhra Pradesh,03-01-2015,15414.1087
1699,Vizianagaram,12,28,Andhra Pradesh,03-01-2015,15510.35706
1700,Warangal,9,28,Andhra Pradesh,03-01-2015,15582.73833
1701,Hassan,23,29,Karnataka,03-01-2015,15466.01725
1702,Haveri,11,29,Karnataka,03-01-2015,15643.52715
1703,Kodagu,25,29,Karnataka,03-01-2015,15146.5976
1704,Kolar,19,29,Karnataka,03-01-2015,15644.15768
1705,Mandya,22,29,Karnataka,03-01-2015,15496.26902
1706,Koppal,7,29,Karnataka,03-01-2015,15706.4833
1707,Mysore,26,29,Karnataka,03-01-2015,15555.52055
1708,Raichur,6,29,Karnataka,03-01-2015,15673.95824
1709,Bagalkot,2,29,Karnataka,03-01-2015,15706.82764
1710,Bangalore,20,29,Karnataka,03-01-2015,15520.21528
1711,Bidar,5,29,Karnataka,03-01-2015,15819.40571
1712,Bijapur,3,29,Karnataka,03-01-2015,15852.38129
1713,Belgaum,1,29,Karnataka,03-01-2015,15589.27377
1714,Bellary,12,29,Karnataka,03-01-2015,15660.63637
1715,Bangalore Rural,21,29,Karnataka,03-01-2015,15587.55732
1716,Chamarajanagar,27,29,Karnataka,03-01-2015,15563.75459
1717,Chikmagalur,17,29,Karnataka,03-01-2015,15316.92588
1718,Chitradurga,13,29,Karnataka,03-01-2015,15734.29023
1719,Dakshina Kannada,24,29,Karnataka,03-01-2015,15274.45857
1720,Davanagere,14,29,Karnataka,03-01-2015,15562.36755
1721,Dharwad,9,29,Karnataka,03-01-2015,15692.64014
1722,Gulbarga,4,29,Karnataka,03-01-2015,15772.07938
1723,Gadag,8,29,Karnataka,03-01-2015,15815.1796
1724,Shimoga,15,29,Karnataka,03-01-2015,15339.90178
1725,Tumkur,18,29,Karnataka,03-01-2015,15649.73624
1726,Udupi,16,29,Karnataka,03-01-2015,15314.75184
1727,Uttara Kannada,10,29,Karnataka,03-01-2015,15246.54067
1728,North Goa,1,30,Goa,03-01-2015,15321.88788
1729,South Goa,2,30,Goa,03-01-2015,15280.58041
1730,Lakshadweep,1,31,Lakshadweep,03-01-2015,15116.7282
1731,Idukki,9,32,Kerala,03-01-2015,15094.60833
1732,Kollam,13,32,Kerala,03-01-2015,15258.37205
1733,Kottayam,10,32,Kerala,03-01-2015,15242.64873
1734,Kozhikode,4,32,Kerala,03-01-2015,15226.73535
1735,Malappuram,5,32,Kerala,03-01-2015,15267.5855
1736,Palakkad,6,32,Kerala,03-01-2015,15318.74116
1737,Pathanamthitta,12,32,Kerala,03-01-2015,15186.06347
1738,Alappuzha,11,32,Kerala,03-01-2015,15251.79974
1739,Kasaragod,1,32,Kerala,03-01-2015,15325.7605
1740,Kannur,2,32,Kerala,03-01-2015,15284.11886
1741,Ernakulam,8,32,Kerala,03-01-2015,15295.36637
1742,Thrissur,7,32,Kerala,03-01-2015,15313.7607
1743,Thiruvananthapuram,14,32,Kerala,03-01-2015,15250.11193
1744,Wayanad,3,32,Kerala,03-01-2015,15142.74614
1745,Kanniyakumari,30,33,Tamil Nadu,03-01-2015,15252.39223
1746,Karur,14,33,Tamil Nadu,03-01-2015,15770.21493
1747,Madurai,24,33,Tamil Nadu,03-01-2015,15576.33346
1748,Namakkal,9,33,Tamil Nadu,03-01-2015,15669.27979
1749,The Nilgiris,11,33,Tamil Nadu,03-01-2015,15122.33347
1750,Perambalur,16,33,Tamil Nadu,03-01-2015,15682.63484
1751,Pudukkottai,22,33,Tamil Nadu,03-01-2015,15633.2289
1752,Ramanathapuram,27,33,Tamil Nadu,03-01-2015,15533.14207
1753,Salem,8,33,Tamil Nadu,03-01-2015,15560.60216
1754,Ariyalur,17,33,Tamil Nadu,03-01-2015,15587.0162
1755,Coimbatore,12,33,Tamil Nadu,03-01-2015,15484.70293
1756,Cuddalore,18,33,Tamil Nadu,03-01-2015,15505.63005
1757,Dharmapuri,5,33,Tamil Nadu,03-01-2015,15564.85243
1758,Dindigul,13,33,Tamil Nadu,03-01-2015,15511.10981
1759,Erode,10,33,Tamil Nadu,03-01-2015,15519.06819
1760,Sivaganga,23,33,Tamil Nadu,03-01-2015,15583.65113
1761,Tiruchirappalli,15,33,Tamil Nadu,03-01-2015,15700.20623
1762,Tirunelveli,29,33,Tamil Nadu,03-01-2015,15389.62321
1763,Tiruvannamalai,6,33,Tamil Nadu,03-01-2015,15631.51236
1764,Thoothukkudi,28,33,Tamil Nadu,03-01-2015,15544.60721
1765,Theni,25,33,Tamil Nadu,03-01-2015,15341.03388
1766,Vellore,4,33,Tamil Nadu,03-01-2015,15636.16319
1767,Viluppuram,7,33,Tamil Nadu,03-01-2015,15590.04293
1768,Virudhunagar,26,33,Tamil Nadu,03-01-2015,15613.68816
1769,Chennai,2,33,Tamil Nadu,03-01-2015,15530.34598
1770,Kancheepuram,3,33,Tamil Nadu,03-01-2015,15596.64643
1771,Thiruvallur,1,33,Tamil Nadu,03-01-2015,15576.10447
1772,Thanjavur,21,33,Tamil Nadu,03-01-2015,15475.42066
1773,Thiruvarur,20,33,Tamil Nadu,03-01-2015,15455.07618
1774,Nagapattinam,19,33,Tamil Nadu,03-01-2015,15452.0788
1775,Pondicherry,2,34,Puducherry,03-01-2015,15437.56233
1776,Yanam,1,34,Puducherry,03-01-2015,15325.06986
1777,Karaikal,4,34,Puducherry,03-01-2015,15442.44124
1778,Mahe,3,34,Puducherry,03-01-2015,15252.72024
1779,Nicobars,2,35,Andaman & Nicobar Island,03-01-2015,15115.8455
1780,Andamans,1,35,Andaman & Nicobar Island,03-01-2015,15150.0086
1781,Data Not Available,99,99,Jammu and Kashmir,03-01-2015,13628.29228
1782,Jammu,13,1,Jammu and Kashmir,04-01-2015,15143.97675
1783,Kargil,8,1,Jammu and Kashmir,04-01-2015,13812.02325
1784,Kathua,14,1,Jammu and Kashmir,04-01-2015,14989.22987
1785,Leh (Ladakh),7,1,Jammu and Kashmir,04-01-2015,14174.53558
1786,Kupwara,1,1,Jammu and Kashmir,04-01-2015,14431.10444
1787,Punch,11,1,Jammu and Kashmir,04-01-2015,14725.14848
1788,Pulwama,5,1,Jammu and Kashmir,04-01-2015,14675.55182
1789,Rajauri,12,1,Jammu and Kashmir,04-01-2015,14924.10247
1790,Srinagar,3,1,Jammu and Kashmir,04-01-2015,14187.9764
1791,Udhampur,10,1,Jammu and Kashmir,04-01-2015,14779.97124
1792,Anantnag,6,1,Jammu and Kashmir,04-01-2015,14198.03073
1793,Badgam,4,1,Jammu and Kashmir,04-01-2015,14451.88013
1794,Baramula,2,1,Jammu and Kashmir,04-01-2015,14272.44523
1795,Doda,9,1,Jammu and Kashmir,04-01-2015,14091.72186
1796,Kangra,2,2,Himachal Pradesh,04-01-2015,14765.78207
1797,Kinnaur,12,2,Himachal Pradesh,04-01-2015,13970.05072
1798,Lahul & Spiti,3,2,Himachal Pradesh,04-01-2015,13729.42041
1799,Kullu,4,2,Himachal Pradesh,04-01-2015,14179.47765
1800,Mandi,5,2,Himachal Pradesh,04-01-2015,14798.63264
1801,Shimla,11,2,Himachal Pradesh,04-01-2015,14609.62333
1802,Sirmaur,10,2,Himachal Pradesh,04-01-2015,15004.85183
1803,Solan,9,2,Himachal Pradesh,04-01-2015,15027.39411
1804,Una,7,2,Himachal Pradesh,04-01-2015,15086.16535
1805,Bilaspur,8,2,Himachal Pradesh,04-01-2015,14988.24735
1806,Chamba,1,2,Himachal Pradesh,04-01-2015,14291.94889
1807,Hamirpur,6,2,Himachal Pradesh,04-01-2015,14999.05666
1808,Hoshiarpur,5,3,Punjab,04-01-2015,15171.79948
1809,Jalandhar,4,3,Punjab,04-01-2015,15270.13045
1810,Kapurthala,3,3,Punjab,04-01-2015,15260.42488
1811,Ludhiana,9,3,Punjab,04-01-2015,15292.218
1812,Mansa,15,3,Punjab,04-01-2015,15423.2922
1813,Moga,10,3,Punjab,04-01-2015,15354.11055
1814,Muktsar,12,3,Punjab,04-01-2015,15395.32401
1815,Nawanshahr,6,3,Punjab,04-01-2015,15193.91674
1816,Patiala,17,3,Punjab,04-01-2015,15345.56659
1817,Sangrur,16,3,Punjab,04-01-2015,15364.2841
1818,Rupnagar,7,3,Punjab,04-01-2015,15213.94638
1819,Amritsar,2,3,Punjab,04-01-2015,15228.60909
1820,Firozpur,11,3,Punjab,04-01-2015,15354.62194
1821,Bathinda,14,3,Punjab,04-01-2015,15423.44838
1822,Gurdaspur,1,3,Punjab,04-01-2015,15199.61052
1823,Faridkot,13,3,Punjab,04-01-2015,15420.34199
1824,Fatehgarh Sahib,8,3,Punjab,04-01-2015,15305.17225
1825,Chandigarh,1,4,Chandigarh,04-01-2015,15283.47174
1826,Hardwar,13,5,Uttarakhand,04-01-2015,15251.37118
1827,Nainital,11,5,Uttarakhand,04-01-2015,15048.53854
1828,Pithoragarh,7,5,Uttarakhand,04-01-2015,14236.82964
1829,Rudraprayag,3,5,Uttarakhand,04-01-2015,14484.8316
1830,Tehri Garhwal,4,5,Uttarakhand,04-01-2015,14756.74346
1831,Udham Singh Nagar,12,5,Uttarakhand,04-01-2015,15253.80527
1832,Uttarkashi,1,5,Uttarakhand,04-01-2015,14158.41061
1833,Bageshwar,8,5,Uttarakhand,04-01-2015,14598.58721
1834,Almora,9,5,Uttarakhand,04-01-2015,14948.33104
1835,Chamoli,2,5,Uttarakhand,04-01-2015,14156.81197
1836,Champawat,10,5,Uttarakhand,04-01-2015,14920.53861
1837,Dehradun,5,5,Uttarakhand,04-01-2015,15039.89941
1838,Garhwal,6,5,Uttarakhand,04-01-2015,14979.75441
1839,Hisar,12,6,Haryana,04-01-2015,15430.22859
1840,Jind,9,6,Haryana,04-01-2015,15369.16029
1841,Kaithal,5,6,Haryana,04-01-2015,15361.46736
1842,Karnal,6,6,Haryana,04-01-2015,15328.56207
1843,Kurukshetra,4,6,Haryana,04-01-2015,15280.56465
1844,Panchkula,1,6,Haryana,04-01-2015,15184.73478
1845,Panipat,7,6,Haryana,04-01-2015,15359.66054
1846,Rohtak,14,6,Haryana,04-01-2015,15405.63325
1847,Sirsa,11,6,Haryana,04-01-2015,15461.1034
1848,Sonipat,8,6,Haryana,04-01-2015,15374.5489
1849,Yamunanagar,3,6,Haryana,04-01-2015,15218.58722
1850,Jhajjar,15,6,Haryana,04-01-2015,15503.13732
1851,Mahendragarh,16,6,Haryana,04-01-2015,15620.21895
1852,Rewari,17,6,Haryana,04-01-2015,15539.72494
1853,Bhiwani,13,6,Haryana,04-01-2015,15573.56019
1854,Ambala,2,6,Haryana,04-01-2015,15268.51231
1855,Gurgaon,18,6,Haryana,04-01-2015,15445.84104
1856,Faridabad,19,6,Haryana,04-01-2015,15400.79697
1857,Fatehabad,10,6,Haryana,04-01-2015,15410.59542
1858,Central,6,7,Delhi  & NCR,04-01-2015,15332.404
1859,East,4,7,Delhi  & NCR,04-01-2015,15321.51858
1860,New Delhi,5,7,Delhi  & NCR,04-01-2015,15274.51271
1861,North,2,7,Delhi  & NCR,04-01-2015,15330.58768
1862,North East,3,7,Delhi  & NCR,04-01-2015,15351.3076
1863,North West,1,7,Delhi  & NCR,04-01-2015,15387.42807
1864,South,9,7,Delhi  & NCR,04-01-2015,15292.37105
1865,South West,8,7,Delhi  & NCR,04-01-2015,15394.92807
1866,West,7,7,Delhi  & NCR,04-01-2015,15388.42848
1867,Jaipur,12,8,Rajasthan,04-01-2015,15633.01743
1868,Jaisalmer,16,8,Rajasthan,04-01-2015,16075.843
1869,Jalor,18,8,Rajasthan,04-01-2015,15898.15474
1870,Jhalawar,32,8,Rajasthan,04-01-2015,15874.51722
1871,Jhunjhunun,5,8,Rajasthan,04-01-2015,15660.27792
1872,Jodhpur,15,8,Rajasthan,04-01-2015,15889.50371
1873,Kota,30,8,Rajasthan,04-01-2015,15754.16195
1874,Nagaur,14,8,Rajasthan,04-01-2015,15777.42519
1875,Pali,20,8,Rajasthan,04-01-2015,15867.3138
1876,Rajsamand,25,8,Rajasthan,04-01-2015,15691.28562
1877,Sawai Madhopur,10,8,Rajasthan,04-01-2015,15670.40207
1878,Sirohi,19,8,Rajasthan,04-01-2015,15810.47503
1879,Tonk,22,8,Rajasthan,04-01-2015,15695.10598
1880,Sikar,13,8,Rajasthan,04-01-2015,15653.7453
1881,Alwar,6,8,Rajasthan,04-01-2015,15496.27282
1882,Udaipur,26,8,Rajasthan,04-01-2015,15742.83755
1883,Ganganagar,1,8,Rajasthan,04-01-2015,15643.70212
1884,Hanumangarh,2,8,Rajasthan,04-01-2015,15616.48683
1885,Baran,31,8,Rajasthan,04-01-2015,15802.70781
1886,Ajmer,21,8,Rajasthan,04-01-2015,15721.12788
1887,Banswara,28,8,Rajasthan,04-01-2015,15837.66509
1888,Barmer,17,8,Rajasthan,04-01-2015,15998.97537
1889,Bhilwara,24,8,Rajasthan,04-01-2015,15739.86616
1890,Bikaner,3,8,Rajasthan,04-01-2015,15934.15862
1891,Bharatpur,7,8,Rajasthan,04-01-2015,15587.34117
1892,Bundi,23,8,Rajasthan,04-01-2015,15658.39057
1893,Chittaurgarh,29,8,Rajasthan,04-01-2015,15777.5026
1894,Churu,4,8,Rajasthan,04-01-2015,15803.88132
1895,Dausa,11,8,Rajasthan,04-01-2015,15625.70788
1896,Dhaulpur,8,8,Rajasthan,04-01-2015,15640.83739
1897,Dungarpur,27,8,Rajasthan,04-01-2015,15779.98011
1898,Karauli,9,8,Rajasthan,04-01-2015,15672.39265
1899,Hathras,13,9,Uttar Pradesh,04-01-2015,15446.26611
1900,Jalaun,35,9,Uttar Pradesh,04-01-2015,15660.52511
1901,Jaunpur,64,9,Uttar Pradesh,04-01-2015,15461.06728
1902,Jhansi,36,9,Uttar Pradesh,04-01-2015,15690.95446
1903,Jyotiba Phule Nagar,6,9,Uttar Pradesh,04-01-2015,15300.83944
1904,Kannauj,30,9,Uttar Pradesh,04-01-2015,15464.98339
1905,Kanpur Nagar,34,9,Uttar Pradesh,04-01-2015,15507.90541
1906,Kaushambi,44,9,Uttar Pradesh,04-01-2015,15504.87717
1907,Kheri,23,9,Uttar Pradesh,04-01-2015,15371.09153
1908,Mirzapur,69,9,Uttar Pradesh,04-01-2015,15554.90517
1909,Moradabad,4,9,Uttar Pradesh,04-01-2015,15335.0033
1910,Muzaffarnagar,2,9,Uttar Pradesh,04-01-2015,15247.78922
1911,Rae Bareli,28,9,Uttar Pradesh,04-01-2015,15454.22793
1912,Kushinagar,59,9,Uttar Pradesh,04-01-2015,15350.82076
1913,Lucknow,27,9,Uttar Pradesh,04-01-2015,15402.6179
1914,Lalitpur,37,9,Uttar Pradesh,04-01-2015,15689.99501
1915,Mahrajganj,57,9,Uttar Pradesh,04-01-2015,15342.53976
1916,Mahoba,39,9,Uttar Pradesh,04-01-2015,15697.6841
1917,Mainpuri,18,9,Uttar Pradesh,04-01-2015,15457.66878
1918,Mathura,14,9,Uttar Pradesh,04-01-2015,15430.46936
1919,Mau,62,9,Uttar Pradesh,04-01-2015,15461.94557
1920,Meerut,7,9,Uttar Pradesh,04-01-2015,15269.96244
1921,Pilibhit,21,9,Uttar Pradesh,04-01-2015,15333.7844
1922,Pratapgarh,43,9,Uttar Pradesh,04-01-2015,15504.58459
1923,Rampur,5,9,Uttar Pradesh,04-01-2015,15258.55114
1924,Sant Ravidas Nagar Bhadohi,68,9,Uttar Pradesh,04-01-2015,15474.64335
1925,Sant Kabir Nagar,56,9,Uttar Pradesh,04-01-2015,15440.44433
1926,Shahjahanpur,22,9,Uttar Pradesh,04-01-2015,15467.57722
1927,Shrawasti,51,9,Uttar Pradesh,04-01-2015,15441.88471
1928,Saharanpur,1,9,Uttar Pradesh,04-01-2015,15203.70565
1929,Sitapur,24,9,Uttar Pradesh,04-01-2015,15391.04225
1930,Sultanpur,49,9,Uttar Pradesh,04-01-2015,15482.60942
1931,Sonbhadra,70,9,Uttar Pradesh,04-01-2015,15631.17963
1932,Siddharthnagar,54,9,Uttar Pradesh,04-01-2015,15409.11843
1933,Unnao,26,9,Uttar Pradesh,04-01-2015,15478.16519
1934,Varanasi,67,9,Uttar Pradesh,04-01-2015,15468.22628
1935,Bulandshahr,11,9,Uttar Pradesh,04-01-2015,15390.44818
1936,Gautam Buddha Nagar,10,9,Uttar Pradesh,04-01-2015,15389.02251
1937,Ghaziabad,9,9,Uttar Pradesh,04-01-2015,15307.40811
1938,Auraiya,32,9,Uttar Pradesh,04-01-2015,15572.67806
1939,Azamgarh,61,9,Uttar Pradesh,04-01-2015,15450.36874
1940,Budaun,19,9,Uttar Pradesh,04-01-2015,15454.21172
1941,Agra,15,9,Uttar Pradesh,04-01-2015,15534.64313
1942,Aligarh,12,9,Uttar Pradesh,04-01-2015,15479.52869
1943,Allahabad,45,9,Uttar Pradesh,04-01-2015,15535.03893
1944,Ambedkar Nagar,48,9,Uttar Pradesh,04-01-2015,15458.90925
1945,Bareilly,20,9,Uttar Pradesh,04-01-2015,15355.96042
1946,Bijnor,3,9,Uttar Pradesh,04-01-2015,15332.04773
1947,Basti,55,9,Uttar Pradesh,04-01-2015,15465.55123
1948,Baghpat,8,9,Uttar Pradesh,04-01-2015,15288.20545
1949,Bahraich,50,9,Uttar Pradesh,04-01-2015,15397.02048
1950,Ballia,63,9,Uttar Pradesh,04-01-2015,15449.23548
1951,Balrampur,52,9,Uttar Pradesh,04-01-2015,15411.31785
1952,Banda,40,9,Uttar Pradesh,04-01-2015,15668.68725
1953,Barabanki,46,9,Uttar Pradesh,04-01-2015,15405.51632
1954,Chitrakoot,41,9,Uttar Pradesh,04-01-2015,15600.4675
1955,Chandauli,66,9,Uttar Pradesh,04-01-2015,15564.34805
1956,Deoria,60,9,Uttar Pradesh,04-01-2015,15445.18311
1957,Etah,17,9,Uttar Pradesh,04-01-2015,15473.19882
1958,Kanpur Dehat,33,9,Uttar Pradesh,04-01-2015,15522.93405
1959,Etawah,31,9,Uttar Pradesh,04-01-2015,15533.45233
1960,Faizabad,47,9,Uttar Pradesh,04-01-2015,15459.13171
1961,Ghazipur,65,9,Uttar Pradesh,04-01-2015,15504.58454
1962,Gonda,53,9,Uttar Pradesh,04-01-2015,15483.13047
1963,Gorakhpur,58,9,Uttar Pradesh,04-01-2015,15410.97858
1964,Farrukhabad,29,9,Uttar Pradesh,04-01-2015,15437.79335
1965,Fatehpur,42,9,Uttar Pradesh,04-01-2015,15531.28231
1966,Firozabad,16,9,Uttar Pradesh,04-01-2015,15481.45836
1967,Hamirpur,38,9,Uttar Pradesh,04-01-2015,15653.06272
1968,Hardoi,25,9,Uttar Pradesh,04-01-2015,15440.57622
1969,Jamui,37,10,Bihar,04-01-2015,15445.95267
1970,Kishanganj,8,10,Bihar,04-01-2015,15245.00161
1971,Muzaffarpur,14,10,Bihar,04-01-2015,15325.64218
1972,Purnia,9,10,Bihar,04-01-2015,15145.80719
1973,Khagaria,21,10,Bihar,04-01-2015,15255.17291
1974,Madhubani,5,10,Bihar,04-01-2015,15315.27303
1975,Lakhisarai,25,10,Bihar,04-01-2015,15472.5991
1976,Madhepura,11,10,Bihar,04-01-2015,15249.93505
1977,Purba Champaran,2,10,Bihar,04-01-2015,15344.37216
1978,Munger,24,10,Bihar,04-01-2015,15368.99126
1979,Nalanda,27,10,Bihar,04-01-2015,15502.7964
1980,Nawada,36,10,Bihar,04-01-2015,15530.88785
1981,Pashchim Champaran,1,10,Bihar,04-01-2015,15321.38028
1982,Patna,28,10,Bihar,04-01-2015,15482.42891
1983,Samastipur,19,10,Bihar,04-01-2015,15349.17625
1984,Sheikhpura,26,10,Bihar,04-01-2015,15514.23326
1985,Sheohar,3,10,Bihar,04-01-2015,15314.98827
1986,Saharsa,12,10,Bihar,04-01-2015,15221.44823
1987,Sitamarhi,4,10,Bihar,04-01-2015,15345.97704
1988,Siwan,16,10,Bihar,04-01-2015,15420.80701
1989,Supaul,6,10,Bihar,04-01-2015,15279.82238
1990,Vaishali,18,10,Bihar,04-01-2015,15363.31995
1991,Kaimur (Bhabua),31,10,Bihar,04-01-2015,15608.46436
1992,Gaya,35,10,Bihar,04-01-2015,15560.15192
1993,Bhojpur,29,10,Bihar,04-01-2015,15505.17766
1994,Buxar,30,10,Bihar,04-01-2015,15524.08399
1995,Jehanabad,33,10,Bihar,04-01-2015,15537.55238
1996,Rohtas,32,10,Bihar,04-01-2015,15546.78152
1997,Araria,7,10,Bihar,04-01-2015,15221.17058
1998,Aurangabad,34,10,Bihar,04-01-2015,15540.30348
1999,Banka,23,10,Bihar,04-01-2015,15408.96787
2000,Bhagalpur,22,10,Bihar,04-01-2015,15325.31933
2001,Begusarai,20,10,Bihar,04-01-2015,15378.1603
2002,Saran,17,10,Bihar,04-01-2015,15382.35891
2003,Katihar,10,10,Bihar,04-01-2015,15196.82939
2004,Darbhanga,13,10,Bihar,04-01-2015,15335.64452
2005,Gopalganj,15,10,Bihar,04-01-2015,15350.73547
2006,North,1,11,Sikkim,04-01-2015,14044.80906
2007,South,3,11,Sikkim,04-01-2015,14707.43267
2008,West,2,11,Sikkim,04-01-2015,14432.36668
2009,East,4,11,Sikkim,04-01-2015,14515.30976
2010,Lohit,11,12,Arunanchal Pradesh,04-01-2015,14483.95615
2011,Lower Subansiri,5,12,Arunanchal Pradesh,04-01-2015,14526.15473
2012,Papum Pare,4,12,Arunanchal Pradesh,04-01-2015,14737.09198
2013,Tawang,1,12,Arunanchal Pradesh,04-01-2015,14085.23351
2014,Tirap,13,12,Arunanchal Pradesh,04-01-2015,14967.62338
2015,West Kameng,2,12,Arunanchal Pradesh,04-01-2015,14532.47284
2016,West Siang,7,12,Arunanchal Pradesh,04-01-2015,14581.49694
2017,Upper Siang,9,12,Arunanchal Pradesh,04-01-2015,14370.2497
2018,Upper Subansiri,6,12,Arunanchal Pradesh,04-01-2015,14410.5056
2019,Changlang,12,12,Arunanchal Pradesh,04-01-2015,14851.68083
2020,Dibang Valley,10,12,Arunanchal Pradesh,04-01-2015,14280.13851
2021,East Kameng,3,12,Arunanchal Pradesh,04-01-2015,14571.77633
2022,East Siang,8,12,Arunanchal Pradesh,04-01-2015,14884.92524
2023,Mokokchung,3,13,Nagaland,04-01-2015,14990.14219
2024,Mon,1,13,Nagaland,04-01-2015,15021.77798
2025,Phek,8,13,Nagaland,04-01-2015,14885.10365
2026,Tuensang,2,13,Nagaland,04-01-2015,14861.69219
2027,Wokha,5,13,Nagaland,04-01-2015,15004.60356
2028,Zunheboto,4,13,Nagaland,04-01-2015,14870.87336
2029,Dimapur,6,13,Nagaland,04-01-2015,15083.60283
2030,Kohima,7,13,Nagaland,04-01-2015,14942.79154
2031,Imphal East,7,14,Manipur,04-01-2015,15021.71893
2032,Imphal West,6,14,Manipur,04-01-2015,15012.32693
2033,Senapati (Excl. 3 sub-divisions),1,14,Manipur,04-01-2015,14857.82814
2034,Tamenglong,2,14,Manipur,04-01-2015,14889.19508
2035,Thoubal,5,14,Manipur,04-01-2015,15050.68917
2036,Ukhrul,8,14,Manipur,04-01-2015,14902.39569
2037,Bishnupur,4,14,Manipur,04-01-2015,14932.25423
2038,Chandel,9,14,Manipur,04-01-2015,14967.16443
2039,Churachandpur,3,14,Manipur,04-01-2015,14900.34786
2040,Kolasib,2,15,Mizoram,04-01-2015,14985.8815
2041,Mamit,1,15,Mizoram,04-01-2015,14999.98383
2042,Lunglei,6,15,Mizoram,04-01-2015,15032.91463
2043,Lawngtlai,7,15,Mizoram,04-01-2015,15113.19828
2044,Saiha,8,15,Mizoram,04-01-2015,15023.70475
2045,Serchhip,5,15,Mizoram,04-01-2015,14941.00849
2046,Aizawl,3,15,Mizoram,04-01-2015,14951.11205
2047,Champhai,4,15,Mizoram,04-01-2015,14933.68729
2048,North Tripura,4,16,Tripura,04-01-2015,15110.40854
2049,South Tripura,2,16,Tripura,04-01-2015,15121.28779
2050,West Tripura,1,16,Tripura,04-01-2015,15123.68786
2051,Dhalai,3,16,Tripura,04-01-2015,15112.5905
2052,Jaintia Hills,7,17,Meghalaya,04-01-2015,14944.12672
2053,Ri Bhoi,5,17,Meghalaya,04-01-2015,15080.5765
2054,South Garo Hills,3,17,Meghalaya,04-01-2015,15037.17756
2055,West Garo Hills,1,17,Meghalaya,04-01-2015,15073.22566
2056,West Khasi Hills,4,17,Meghalaya,04-01-2015,14962.71249
2057,East Garo Hills,2,17,Meghalaya,04-01-2015,15038.56187
2058,East Khasi Hills,6,17,Meghalaya,04-01-2015,14926.93309
2059,Jorhat,17,18,Assam,04-01-2015,15108.46964
2060,Karimganj,22,18,Assam,04-01-2015,15100.26168
2061,Kokrajhar,1,18,Assam,04-01-2015,15106.16102
2062,Lakhimpur,12,18,Assam,04-01-2015,15079.44649
2063,Nagaon,10,18,Assam,04-01-2015,15163.59679
2064,Marigaon,9,18,Assam,04-01-2015,15034.65063
2065,Nalbari,7,18,Assam,04-01-2015,15089.05517
2066,North Cachar Hills,20,18,Assam,04-01-2015,15028.0696
2067,Sonitpur,11,18,Assam,04-01-2015,15049.31624
2068,Sibsagar,16,18,Assam,04-01-2015,15170.91461
2069,Tinsukia,14,18,Assam,04-01-2015,15045.37761
2070,Barpeta,5,18,Assam,04-01-2015,15076.245
2071,Bongaigaon,4,18,Assam,04-01-2015,15080.11413
2072,Cachar,21,18,Assam,04-01-2015,15054.24366
2073,Darrang,8,18,Assam,04-01-2015,15067.5647
2074,Dhemaji,13,18,Assam,04-01-2015,15099.57792
2075,Dhubri,2,18,Assam,04-01-2015,15071.56253
2076,Dibrugarh,15,18,Assam,04-01-2015,15110.00715
2077,Kamrup,6,18,Assam,04-01-2015,15106.44176
2078,Karbi Anglong,19,18,Assam,04-01-2015,15034.59927
2079,Goalpara,3,18,Assam,04-01-2015,15127.18803
2080,Golaghat,18,18,Assam,04-01-2015,15132.18223
2081,Hailakandi,23,18,Assam,04-01-2015,15079.44325
2082,Hugli,12,19,West Bengal,04-01-2015,15224.6449
2083,Jalpaiguri,2,19,West Bengal,04-01-2015,15089.58585
2084,Koch Bihar,3,19,West Bengal,04-01-2015,15044.52762
2085,Murshidabad,7,19,West Bengal,04-01-2015,15200.808
2086,Puruliya,14,19,West Bengal,04-01-2015,15536.90465
2087,Kolkata,17,19,West Bengal,04-01-2015,15384.98551
2088,Maldah,6,19,West Bengal,04-01-2015,15186.92268
2089,Nadia,10,19,West Bengal,04-01-2015,15231.65981
2090,North Twenty Four Parganas,11,19,West Bengal,04-01-2015,15150.36791
2091,Medinipur,15,19,West Bengal,04-01-2015,15290.83607
2092,South  Twenty Four Parganas,18,19,West Bengal,04-01-2015,15230.77084
2093,Uttar Dinajpur,4,19,West Bengal,04-01-2015,15155.53312
2094,Barddhaman,9,19,West Bengal,04-01-2015,15258.56081
2095,Birbhum,8,19,West Bengal,04-01-2015,15273.93463
2096,Bankura,13,19,West Bengal,04-01-2015,15398.3497
2097,Dakshin Dinajpur,5,19,West Bengal,04-01-2015,15224.8453
2098,Darjiling,1,19,West Bengal,04-01-2015,14884.33775
2099,Haora,16,19,West Bengal,04-01-2015,15217.18503
2100,Purbi Singhbhum,18,20,Jharkhand,04-01-2015,15460.80213
2101,Lohardaga,15,20,Jharkhand,04-01-2015,15420.5775
2102,Pakaur,10,20,Jharkhand,04-01-2015,15402.80473
2103,Pashchimi Singhbhum,17,20,Jharkhand,04-01-2015,15494.0914
2104,Ranchi,14,20,Jharkhand,04-01-2015,15438.81755
2105,Sahibganj,9,20,Jharkhand,04-01-2015,15390.53262
2106,Garhwa,1,20,Jharkhand,04-01-2015,15647.71737
2107,Palamu,2,20,Jharkhand,04-01-2015,15575.60818
2108,Chatra,3,20,Jharkhand,04-01-2015,15518.53534
2109,Hazaribagh,4,20,Jharkhand,04-01-2015,15434.02449
2110,Kodarma,5,20,Jharkhand,04-01-2015,15487.47696
2111,Bokaro,13,20,Jharkhand,04-01-2015,15499.06777
2112,Deoghar,7,20,Jharkhand,04-01-2015,15464.34845
2113,Dhanbad,12,20,Jharkhand,04-01-2015,15501.52768
2114,Dumka,11,20,Jharkhand,04-01-2015,15423.69624
2115,Giridih,6,20,Jharkhand,04-01-2015,15504.258
2116,Godda,8,20,Jharkhand,04-01-2015,15386.94173
2117,Gumla,16,20,Jharkhand,04-01-2015,15498.21521
2118,Jajapur,13,21,Orissa,04-01-2015,15530.14119
2119,Jagatsinghapur,11,21,Orissa,04-01-2015,15424.65473
2120,Jharsuguda,2,21,Orissa,04-01-2015,15524.61414
2121,Khordha,17,21,Orissa,04-01-2015,15500.98604
2122,Mayurbhanj,7,21,Orissa,04-01-2015,15413.10977
2123,Puri,18,21,Orissa,04-01-2015,15381.58795
2124,Koraput,29,21,Orissa,04-01-2015,15420.12717
2125,Malkangiri,30,21,Orissa,04-01-2015,15529.5311
2126,Nabarangapur,28,21,Orissa,04-01-2015,15531.64469
2127,Nayagarh,16,21,Orissa,04-01-2015,15460.4294
2128,Nuapada,25,21,Orissa,04-01-2015,15573.01109
2129,Kandhamal,21,21,Orissa,04-01-2015,15371.80562
2130,Sambalpur,3,21,Orissa,04-01-2015,15456.91962
2131,Rayagada,27,21,Orissa,04-01-2015,15394.0543
2132,Sundargarh,5,21,Orissa,04-01-2015,15522.72881
2133,Sonapur,23,21,Orissa,04-01-2015,15498.85537
2134,Anugul,15,21,Orissa,04-01-2015,15526.97661
2135,Bhadrak,9,21,Orissa,04-01-2015,15480.57934
2136,Baudh,22,21,Orissa,04-01-2015,15528.69166
2137,Balangir,24,21,Orissa,04-01-2015,15621.85637
2138,Baleshwar,8,21,Orissa,04-01-2015,15385.189
2139,Bargarh,1,21,Orissa,04-01-2015,15484.3328
2140,Kendrapara,10,21,Orissa,04-01-2015,15430.99513
2141,Kendujhar,6,21,Orissa,04-01-2015,15507.15873
2142,Debagarh,4,21,Orissa,04-01-2015,15468.91636
2143,Cuttack,12,21,Orissa,04-01-2015,15479.82967
2144,Dhenkanal,14,21,Orissa,04-01-2015,15524.73602
2145,Kalahandi,26,21,Orissa,04-01-2015,15497.51149
2146,Ganjam,19,21,Orissa,04-01-2015,15523.34411
2147,Gajapati,20,21,Orissa,04-01-2015,15381.7004
2148,Jashpur,3,22,Chhattisgarh,04-01-2015,15464.05479
2149,Koriya,1,22,Chhattisgarh,04-01-2015,15530.49241
2150,Mahasamund,12,22,Chhattisgarh,04-01-2015,15526.58253
2151,Raigarh,4,22,Chhattisgarh,04-01-2015,15530.68948
2152,Raipur,11,22,Chhattisgarh,04-01-2015,15561.1619
2153,Rajnandgaon,9,22,Chhattisgarh,04-01-2015,15614.82242
2154,Surguja,2,22,Chhattisgarh,04-01-2015,15525.60584
2155,Bilaspur,7,22,Chhattisgarh,04-01-2015,15544.11859
2156,Janjgir - Champa,6,22,Chhattisgarh,04-01-2015,15592.74765
2157,Korba,5,22,Chhattisgarh,04-01-2015,15508.33439
2158,Kawardha,8,22,Chhattisgarh,04-01-2015,15593.15676
2159,Bastar,15,22,Chhattisgarh,04-01-2015,15474.23293
2160,Dantewada,16,22,Chhattisgarh,04-01-2015,15500.62382
2161,Dhamtari,13,22,Chhattisgarh,04-01-2015,15429.29217
2162,Durg,10,22,Chhattisgarh,04-01-2015,15590.94279
2163,Kanker,14,22,Chhattisgarh,04-01-2015,15538.63668
2164,Hoshangabad,37,23,Madhya Pradesh,04-01-2015,15658.90274
2165,Indore,26,23,Madhya Pradesh,04-01-2015,15788.42148
2166,Jabalpur,39,23,Madhya Pradesh,04-01-2015,15567.93728
2167,Jhabua,24,23,Madhya Pradesh,04-01-2015,15887.56471
2168,Mandsaur,19,23,Madhya Pradesh,04-01-2015,15885.75895
2169,Tikamgarh,8,23,Madhya Pradesh,04-01-2015,15687.01421
2170,Narsimhapur,40,23,Madhya Pradesh,04-01-2015,15622.3178
2171,Neemuch,18,23,Madhya Pradesh,04-01-2015,15812.73573
2172,Panna,10,23,Madhya Pradesh,04-01-2015,15627.42974
2173,Raisen,34,23,Madhya Pradesh,04-01-2015,15767.46592
2174,Rajgarh,30,23,Madhya Pradesh,04-01-2015,15875.05735
2175,Satna,13,23,Madhya Pradesh,04-01-2015,15561.87878
2176,Sehore,33,23,Madhya Pradesh,04-01-2015,15852.01302
2177,Seoni,44,23,Madhya Pradesh,04-01-2015,15606.23958
2178,Shajapur,22,23,Madhya Pradesh,04-01-2015,15877.06797
2179,Shivpuri,6,23,Madhya Pradesh,04-01-2015,15701.53211
2180,Ratlam,20,23,Madhya Pradesh,04-01-2015,15932.86743
2181,Rewa,14,23,Madhya Pradesh,04-01-2015,15586.28766
2182,Sagar,11,23,Madhya Pradesh,04-01-2015,15771.1014
2183,Sidhi,17,23,Madhya Pradesh,04-01-2015,15601.64134
2184,Ujjain,21,23,Madhya Pradesh,04-01-2015,15848.985
2185,Vidisha,31,23,Madhya Pradesh,04-01-2015,15758.59452
2186,West Nimar,27,23,Madhya Pradesh,04-01-2015,15911.8757
2187,Morena,2,23,Madhya Pradesh,04-01-2015,15587.79937
2188,Sheopur,1,23,Madhya Pradesh,04-01-2015,15688.32488
2189,Dindori,41,23,Madhya Pradesh,04-01-2015,15539.94818
2190,Mandla,42,23,Madhya Pradesh,04-01-2015,15541.11123
2191,Shahdol,16,23,Madhya Pradesh,04-01-2015,15583.04781
2192,Umaria,15,23,Madhya Pradesh,04-01-2015,15559.95373
2193,Bhind,3,23,Madhya Pradesh,04-01-2015,15619.30646
2194,Bhopal,32,23,Madhya Pradesh,04-01-2015,15758.93429
2195,Barwani,28,23,Madhya Pradesh,04-01-2015,15945.87654
2196,Betul,35,23,Madhya Pradesh,04-01-2015,15652.4529
2197,Balaghat,45,23,Madhya Pradesh,04-01-2015,15459.60953
2198,Chhatarpur,9,23,Madhya Pradesh,04-01-2015,15690.37178
2199,Chhindwara,43,23,Madhya Pradesh,04-01-2015,15632.753
2200,Dewas,23,23,Madhya Pradesh,04-01-2015,15838.24423
2201,Katni,38,23,Madhya Pradesh,04-01-2015,15521.89778
2202,Datia,5,23,Madhya Pradesh,04-01-2015,15622.69288
2203,Damoh,12,23,Madhya Pradesh,04-01-2015,15701.3125
2204,Dhar,25,23,Madhya Pradesh,04-01-2015,15890.56451
2205,East Nimar,29,23,Madhya Pradesh,04-01-2015,15819.94936
2206,Guna,7,23,Madhya Pradesh,04-01-2015,15772.38795
2207,Gwalior,4,23,Madhya Pradesh,04-01-2015,15616.47803
2208,Harda,36,23,Madhya Pradesh,04-01-2015,15794.51225
2209,Jamnagar,10,24,Gujarat,04-01-2015,15894.71584
2210,Kheda,16,24,Gujarat,04-01-2015,15658.96512
2211,Mahesana,4,24,Gujarat,04-01-2015,15714.64066
2212,Narmada,20,24,Gujarat,04-01-2015,15757.1706
2213,Navsari,24,24,Gujarat,04-01-2015,15560.38304
2214,Panch Mahals,17,24,Gujarat,04-01-2015,15694.17572
2215,Patan,3,24,Gujarat,04-01-2015,15824.92087
2216,Porbandar,11,24,Gujarat,04-01-2015,15785.54019
2217,Rajkot,9,24,Gujarat,04-01-2015,15984.58316
2218,Sabar Kantha,5,24,Gujarat,04-01-2015,15700.79748
2219,Surendranagar,8,24,Gujarat,04-01-2015,15914.60221
2220,The Dangs,23,24,Gujarat,04-01-2015,15803.89423
2221,Vadodara,19,24,Gujarat,04-01-2015,15687.15928
2222,Valsad,25,24,Gujarat,04-01-2015,15674.7195
2223,Bharuch,21,24,Gujarat,04-01-2015,15722.85733
2224,Surat,22,24,Gujarat,04-01-2015,15619.91171
2225,Anand,15,24,Gujarat,04-01-2015,15620.63449
2226,Ahmadabad,7,24,Gujarat,04-01-2015,15865.13671
2227,Amreli,13,24,Gujarat,04-01-2015,15991.46277
2228,Bhavnagar,14,24,Gujarat,04-01-2015,15962.72053
2229,Banas Kantha,2,24,Gujarat,04-01-2015,15725.71345
2230,Dohad,18,24,Gujarat,04-01-2015,15797.36866
2231,Junagadh,12,24,Gujarat,04-01-2015,15818.85503
2232,Kachchh,1,24,Gujarat,04-01-2015,15868.51663
2233,Gandhinagar,6,24,Gujarat,04-01-2015,15708.08755
2234,Daman,2,25,Daman & Diu,04-01-2015,15481.43672
2235,Diu,1,25,Daman & Diu,04-01-2015,15397.83444
2236,Dadra & Nagar Haveli,1,26,Dadara & Nagar Havelli,04-01-2015,15789.61139
2237,Hingoli,16,27,Maharashtra,04-01-2015,15921.66821
2238,Jalgaon,3,27,Maharashtra,04-01-2015,15854.43355
2239,Jalna,18,27,Maharashtra,04-01-2015,16038.60792
2240,Kolhapur,34,27,Maharashtra,04-01-2015,15588.82738
2241,Latur,28,27,Maharashtra,04-01-2015,16020.84353
2242,Pune,25,27,Maharashtra,04-01-2015,15763.37526
2243,Nagpur,9,27,Maharashtra,04-01-2015,15710.17373
2244,Mumbai,23,27,Maharashtra,04-01-2015,15404.1863
2245,Mumbai (Suburban),22,27,Maharashtra,04-01-2015,15455.52422
2246,Nanded,15,27,Maharashtra,04-01-2015,15876.72282
2247,Nandurbar,1,27,Maharashtra,04-01-2015,15867.12939
2248,Nashik,20,27,Maharashtra,04-01-2015,15905.63645
2249,Osmanabad,29,27,Maharashtra,04-01-2015,16074.26109
2250,Parbhani,17,27,Maharashtra,04-01-2015,16010.90338
2251,Sangli,35,27,Maharashtra,04-01-2015,15884.50728
2252,Satara,31,27,Maharashtra,04-01-2015,15796.74002
2253,Ratnagiri,32,27,Maharashtra,04-01-2015,15562.26314
2254,Raigarh,24,27,Maharashtra,04-01-2015,15661.06181
2255,Thane,21,27,Maharashtra,04-01-2015,15771.41889
2256,Solapur,30,27,Maharashtra,04-01-2015,15964.0081
2257,Sindhudurg,33,27,Maharashtra,04-01-2015,15494.02665
2258,Wardha,8,27,Maharashtra,04-01-2015,15837.10375
2259,Washim,6,27,Maharashtra,04-01-2015,15928.22343
2260,Yavatmal,14,27,Maharashtra,04-01-2015,15810.28329
2261,Aurangabad,19,27,Maharashtra,04-01-2015,15967.59294
2262,Ahmadnagar,26,27,Maharashtra,04-01-2015,15933.61878
2263,Akola,5,27,Maharashtra,04-01-2015,15924.23839
2264,Amravati,7,27,Maharashtra,04-01-2015,15784.05238
2265,Bid,27,27,Maharashtra,04-01-2015,16039.12712
2266,Bhandara,10,27,Maharashtra,04-01-2015,15541.28376
2267,Buldana,4,27,Maharashtra,04-01-2015,15909.77372
2268,Chandrapur,13,27,Maharashtra,04-01-2015,15678.00806
2269,Dhule,2,27,Maharashtra,04-01-2015,15925.67971
2270,Gadchiroli,12,27,Maharashtra,04-01-2015,15564.27761
2271,Gondiya,11,27,Maharashtra,04-01-2015,15528.63235
2272,Hyderabad,5,28,Andhra Pradesh,04-01-2015,15563.00774
2273,Khammam,10,28,Andhra Pradesh,04-01-2015,15572.48058
2274,Medak,4,28,Andhra Pradesh,04-01-2015,15628.37494
2275,Krishna,16,28,Andhra Pradesh,04-01-2015,15506.0493
2276,Kurnool,21,28,Andhra Pradesh,04-01-2015,15795.63601
2277,Mahbubnagar,7,28,Andhra Pradesh,04-01-2015,15739.8552
2278,Nalgonda,8,28,Andhra Pradesh,04-01-2015,15683.82119
2279,Nellore,19,28,Andhra Pradesh,04-01-2015,15635.48102
2280,Nizamabad,2,28,Andhra Pradesh,04-01-2015,15612.38297
2281,Prakasam,18,28,Andhra Pradesh,04-01-2015,15688.18801
2282,Rangareddi,6,28,Andhra Pradesh,04-01-2015,15676.14917
2283,Srikakulam,11,28,Andhra Pradesh,04-01-2015,15565.44151
2284,West Godavari,15,28,Andhra Pradesh,04-01-2015,15404.35074
2285,Visakhapatnam,13,28,Andhra Pradesh,04-01-2015,15426.54885
2286,Vizianagaram,12,28,Andhra Pradesh,04-01-2015,15556.52085
2287,Warangal,9,28,Andhra Pradesh,04-01-2015,15597.17737
2288,Anantapur,22,28,Andhra Pradesh,04-01-2015,15757.75817
2289,Adilabad,1,28,Andhra Pradesh,04-01-2015,15677.77212
2290,Chittoor,23,28,Andhra Pradesh,04-01-2015,15558.7763
2291,Cuddapah,20,28,Andhra Pradesh,04-01-2015,15741.28277
2292,East Godavari,14,28,Andhra Pradesh,04-01-2015,15381.18187
2293,Karimnagar,3,28,Andhra Pradesh,04-01-2015,15577.75297
2294,Guntur,17,28,Andhra Pradesh,04-01-2015,15604.11202
2295,Hassan,23,29,Karnataka,04-01-2015,15362.50472
2296,Haveri,11,29,Karnataka,04-01-2015,15774.29262
2297,Kodagu,25,29,Karnataka,04-01-2015,15099.93064
2298,Kolar,19,29,Karnataka,04-01-2015,15533.86944
2299,Mandya,22,29,Karnataka,04-01-2015,15399.15585
2300,Koppal,7,29,Karnataka,04-01-2015,15744.02816
2301,Mysore,26,29,Karnataka,04-01-2015,15419.97952
2302,Raichur,6,29,Karnataka,04-01-2015,15745.96785
2303,Shimoga,15,29,Karnataka,04-01-2015,15370.83074
2304,Tumkur,18,29,Karnataka,04-01-2015,15534.23987
2305,Udupi,16,29,Karnataka,04-01-2015,15352.17611
2306,Uttara Kannada,10,29,Karnataka,04-01-2015,15305.03965
2307,Bagalkot,2,29,Karnataka,04-01-2015,15780.8447
2308,Bangalore,20,29,Karnataka,04-01-2015,15380.43523
2309,Bidar,5,29,Karnataka,04-01-2015,15920.60505
2310,Bijapur,3,29,Karnataka,04-01-2015,15931.66681
2311,Belgaum,1,29,Karnataka,04-01-2015,15754.93479
2312,Bellary,12,29,Karnataka,04-01-2015,15699.36635
2313,Bangalore Rural,21,29,Karnataka,04-01-2015,15454.07775
2314,Chamarajanagar,27,29,Karnataka,04-01-2015,15397.32769
2315,Chikmagalur,17,29,Karnataka,04-01-2015,15280.32124
2316,Chitradurga,13,29,Karnataka,04-01-2015,15682.5186
2317,Dakshina Kannada,24,29,Karnataka,04-01-2015,15269.88676
2318,Davanagere,14,29,Karnataka,04-01-2015,15582.08669
2319,Dharwad,9,29,Karnataka,04-01-2015,15815.7923
2320,Gulbarga,4,29,Karnataka,04-01-2015,15865.33985
2321,Gadag,8,29,Karnataka,04-01-2015,15908.26671
2322,North Goa,1,30,Goa,04-01-2015,15400.5776
2323,South Goa,2,30,Goa,04-01-2015,15350.96336
2324,Lakshadweep,1,31,Lakshadweep,04-01-2015,15150.03729
2325,Idukki,9,32,Kerala,04-01-2015,15038.55294
2326,Kollam,13,32,Kerala,04-01-2015,15177.2143
2327,Kottayam,10,32,Kerala,04-01-2015,15193.32848
2328,Kozhikode,4,32,Kerala,04-01-2015,15197.42333
2329,Malappuram,5,32,Kerala,04-01-2015,15227.07231
2330,Palakkad,6,32,Kerala,04-01-2015,15211.60397
2331,Pathanamthitta,12,32,Kerala,04-01-2015,15116.09384
2332,Thrissur,7,32,Kerala,04-01-2015,15243.79922
2333,Thiruvananthapuram,14,32,Kerala,04-01-2015,15178.11036
2334,Wayanad,3,32,Kerala,04-01-2015,15068.28712
2335,Alappuzha,11,32,Kerala,04-01-2015,15189.88695
2336,Kasaragod,1,32,Kerala,04-01-2015,15313.66912
2337,Kannur,2,32,Kerala,04-01-2015,15254.24858
2338,Ernakulam,8,32,Kerala,04-01-2015,15242.71714
2339,Kanniyakumari,30,33,Tamil Nadu,04-01-2015,15183.91531
2340,Karur,14,33,Tamil Nadu,04-01-2015,15676.61693
2341,Madurai,24,33,Tamil Nadu,04-01-2015,15525.71572
2342,Namakkal,9,33,Tamil Nadu,04-01-2015,15528.19813
2343,The Nilgiris,11,33,Tamil Nadu,04-01-2015,15007.3598
2344,Perambalur,16,33,Tamil Nadu,04-01-2015,15605.59032
2345,Pudukkottai,22,33,Tamil Nadu,04-01-2015,15565.26328
2346,Ramanathapuram,27,33,Tamil Nadu,04-01-2015,15595.23094
2347,Salem,8,33,Tamil Nadu,04-01-2015,15450.83221
2348,Sivaganga,23,33,Tamil Nadu,04-01-2015,15552.27843
2349,Tiruchirappalli,15,33,Tamil Nadu,04-01-2015,15607.07036
2350,Tirunelveli,29,33,Tamil Nadu,04-01-2015,15446.02693
2351,Tiruvannamalai,6,33,Tamil Nadu,04-01-2015,15581.14986
2352,Thoothukkudi,28,33,Tamil Nadu,04-01-2015,15644.92827
2353,Theni,25,33,Tamil Nadu,04-01-2015,15354.17046
2354,Vellore,4,33,Tamil Nadu,04-01-2015,15568.61168
2355,Viluppuram,7,33,Tamil Nadu,04-01-2015,15540.79729
2356,Virudhunagar,26,33,Tamil Nadu,04-01-2015,15623.20223
2357,Chennai,2,33,Tamil Nadu,04-01-2015,15477.42133
2358,Kancheepuram,3,33,Tamil Nadu,04-01-2015,15586.15673
2359,Thiruvallur,1,33,Tamil Nadu,04-01-2015,15600.57553
2360,Thanjavur,21,33,Tamil Nadu,04-01-2015,15426.13266
2361,Thiruvarur,20,33,Tamil Nadu,04-01-2015,15417.5688
2362,Nagapattinam,19,33,Tamil Nadu,04-01-2015,15484.96019
2363,Ariyalur,17,33,Tamil Nadu,04-01-2015,15578.2683
2364,Coimbatore,12,33,Tamil Nadu,04-01-2015,15365.83006
2365,Cuddalore,18,33,Tamil Nadu,04-01-2015,15510.42277
2366,Dharmapuri,5,33,Tamil Nadu,04-01-2015,15461.84072
2367,Dindigul,13,33,Tamil Nadu,04-01-2015,15422.67759
2368,Erode,10,33,Tamil Nadu,04-01-2015,15406.5595
2369,Pondicherry,2,34,Puducherry,04-01-2015,15418.73297
2370,Yanam,1,34,Puducherry,04-01-2015,15286.85212
2371,Karaikal,4,34,Puducherry,04-01-2015,15462.66464
2372,Mahe,3,34,Puducherry,04-01-2015,15135.28542
2373,Nicobars,2,35,Andaman & Nicobar Island,04-01-2015,15045.75985
2374,Andamans,1,35,Andaman & Nicobar Island,04-01-2015,15147.82798
2375,Data Not Available,99,99,Jammu and Kashmir,04-01-2015,13980.36624
2376,Srinagar,3,1,Jammu and Kashmir,05-01-2015,14335.70035
2377,Udhampur,10,1,Jammu and Kashmir,05-01-2015,15031.03822
2378,Anantnag,6,1,Jammu and Kashmir,05-01-2015,14362.43136
2379,Badgam,4,1,Jammu and Kashmir,05-01-2015,14575.013
2380,Baramula,2,1,Jammu and Kashmir,05-01-2015,14423.26359
2381,Doda,9,1,Jammu and Kashmir,05-01-2015,14285.16134
2382,Jammu,13,1,Jammu and Kashmir,05-01-2015,15492.06163
2383,Kargil,8,1,Jammu and Kashmir,05-01-2015,14115.30741
2384,Kathua,14,1,Jammu and Kashmir,05-01-2015,15364.91339
2385,Leh (Ladakh),7,1,Jammu and Kashmir,05-01-2015,14390.98579
2386,Kupwara,1,1,Jammu and Kashmir,05-01-2015,14586.05764
2387,Punch,11,1,Jammu and Kashmir,05-01-2015,14948.44503
2388,Pulwama,5,1,Jammu and Kashmir,05-01-2015,14736.0722
2389,Rajauri,12,1,Jammu and Kashmir,05-01-2015,15192.34717
2390,Shimla,11,2,Himachal Pradesh,05-01-2015,14850.98851
2391,Sirmaur,10,2,Himachal Pradesh,05-01-2015,15301.56428
2392,Solan,9,2,Himachal Pradesh,05-01-2015,15397.79079
2393,Una,7,2,Himachal Pradesh,05-01-2015,15495.06567
2394,Bilaspur,8,2,Himachal Pradesh,05-01-2015,15370.00115
2395,Chamba,1,2,Himachal Pradesh,05-01-2015,14547.97087
2396,Hamirpur,6,2,Himachal Pradesh,05-01-2015,15361.16383
2397,Kangra,2,2,Himachal Pradesh,05-01-2015,15108.48368
2398,Kinnaur,12,2,Himachal Pradesh,05-01-2015,14240.21533
2399,Lahul & Spiti,3,2,Himachal Pradesh,05-01-2015,13989.8154
2400,Kullu,4,2,Himachal Pradesh,05-01-2015,14372.04033
2401,Mandi,5,2,Himachal Pradesh,05-01-2015,15085.73791
2402,Rupnagar,7,3,Punjab,05-01-2015,15665.15165
2403,Hoshiarpur,5,3,Punjab,05-01-2015,15650.88336
2404,Amritsar,2,3,Punjab,05-01-2015,15703.69933
2405,Firozpur,11,3,Punjab,05-01-2015,15827.17557
2406,Bathinda,14,3,Punjab,05-01-2015,15855.30382
2407,Gurdaspur,1,3,Punjab,05-01-2015,15660.74416
2408,Faridkot,13,3,Punjab,05-01-2015,15838.66518
2409,Fatehgarh Sahib,8,3,Punjab,05-01-2015,15714.44519
2410,Jalandhar,4,3,Punjab,05-01-2015,15686.6982
2411,Kapurthala,3,3,Punjab,05-01-2015,15660.60669
2412,Ludhiana,9,3,Punjab,05-01-2015,15736.3729
2413,Mansa,15,3,Punjab,05-01-2015,15877.72986
2414,Moga,10,3,Punjab,05-01-2015,15802.30027
2415,Muktsar,12,3,Punjab,05-01-2015,15847.37466
2416,Nawanshahr,6,3,Punjab,05-01-2015,15666.73034
2417,Patiala,17,3,Punjab,05-01-2015,15731.14872
2418,Sangrur,16,3,Punjab,05-01-2015,15791.19822
2419,Chandigarh,1,4,Chandigarh,05-01-2015,15653.23466
2420,Rudraprayag,3,5,Uttarakhand,05-01-2015,14700.99373
2421,Tehri Garhwal,4,5,Uttarakhand,05-01-2015,15012.23798
2422,Udham Singh Nagar,12,5,Uttarakhand,05-01-2015,15437.42835
2423,Uttarkashi,1,5,Uttarakhand,05-01-2015,14434.48066
2424,Hardwar,13,5,Uttarakhand,05-01-2015,15480.50827
2425,Bageshwar,8,5,Uttarakhand,05-01-2015,14816.44527
2426,Almora,9,5,Uttarakhand,05-01-2015,15263.04253
2427,Chamoli,2,5,Uttarakhand,05-01-2015,14416.82305
2428,Champawat,10,5,Uttarakhand,05-01-2015,15195.29093
2429,Dehradun,5,5,Uttarakhand,05-01-2015,15328.92386
2430,Garhwal,6,5,Uttarakhand,05-01-2015,15229.56895
2431,Nainital,11,5,Uttarakhand,05-01-2015,15288.00282
2432,Pithoragarh,7,5,Uttarakhand,05-01-2015,14468.28674
2433,Rohtak,14,6,Haryana,05-01-2015,15836.57353
2434,Sirsa,11,6,Haryana,05-01-2015,15939.30887
2435,Sonipat,8,6,Haryana,05-01-2015,15702.30616
2436,Yamunanagar,3,6,Haryana,05-01-2015,15541.22709
2437,Jhajjar,15,6,Haryana,05-01-2015,15871.96021
2438,Mahendragarh,16,6,Haryana,05-01-2015,15958.70924
2439,Rewari,17,6,Haryana,05-01-2015,15898.72519
2440,Bhiwani,13,6,Haryana,05-01-2015,15972.12885
2441,Hisar,12,6,Haryana,05-01-2015,15943.36899
2442,Ambala,2,6,Haryana,05-01-2015,15636.68357
2443,Gurgaon,18,6,Haryana,05-01-2015,15775.75402
2444,Faridabad,19,6,Haryana,05-01-2015,15724.60048
2445,Fatehabad,10,6,Haryana,05-01-2015,15899.09081
2446,Jind,9,6,Haryana,05-01-2015,15785.50627
2447,Kaithal,5,6,Haryana,05-01-2015,15756.41256
2448,Karnal,6,6,Haryana,05-01-2015,15704.63117
2449,Kurukshetra,4,6,Haryana,05-01-2015,15646.80827
2450,Panchkula,1,6,Haryana,05-01-2015,15578.17014
2451,Panipat,7,6,Haryana,05-01-2015,15640.6589
2452,Central,6,7,Delhi  & NCR,05-01-2015,15646.6487
2453,East,4,7,Delhi  & NCR,05-01-2015,15605.29707
2454,New Delhi,5,7,Delhi  & NCR,05-01-2015,15576.80507
2455,North,2,7,Delhi  & NCR,05-01-2015,15630.82102
2456,North East,3,7,Delhi  & NCR,05-01-2015,15654.24704
2457,North West,1,7,Delhi  & NCR,05-01-2015,15682.41363
2458,South,9,7,Delhi  & NCR,05-01-2015,15609.20294
2459,South West,8,7,Delhi  & NCR,05-01-2015,15734.36937
2460,West,7,7,Delhi  & NCR,05-01-2015,15682.98675
2461,Sirohi,19,8,Rajasthan,05-01-2015,15998.71114
2462,Tonk,22,8,Rajasthan,05-01-2015,15947.30919
2463,Sikar,13,8,Rajasthan,05-01-2015,15923.28623
2464,Alwar,6,8,Rajasthan,05-01-2015,15845.29711
2465,Udaipur,26,8,Rajasthan,05-01-2015,16005.13984
2466,Ganganagar,1,8,Rajasthan,05-01-2015,15967.12122
2467,Hanumangarh,2,8,Rajasthan,05-01-2015,16018.72578
2468,Baran,31,8,Rajasthan,05-01-2015,16064.44218
2469,Ajmer,21,8,Rajasthan,05-01-2015,15948.59885
2470,Banswara,28,8,Rajasthan,05-01-2015,16056.25142
2471,Barmer,17,8,Rajasthan,05-01-2015,16058.59388
2472,Bhilwara,24,8,Rajasthan,05-01-2015,16022.71017
2473,Bikaner,3,8,Rajasthan,05-01-2015,16100.7249
2474,Bharatpur,7,8,Rajasthan,05-01-2015,15902.65866
2475,Bundi,23,8,Rajasthan,05-01-2015,15962.40759
2476,Chittaurgarh,29,8,Rajasthan,05-01-2015,16045.73858
2477,Churu,4,8,Rajasthan,05-01-2015,16023.04401
2478,Dausa,11,8,Rajasthan,05-01-2015,15934.80372
2479,Dhaulpur,8,8,Rajasthan,05-01-2015,15925.17723
2480,Dungarpur,27,8,Rajasthan,05-01-2015,16034.38753
2481,Karauli,9,8,Rajasthan,05-01-2015,15950.00117
2482,Jaipur,12,8,Rajasthan,05-01-2015,15916.47664
2483,Jaisalmer,16,8,Rajasthan,05-01-2015,16184.35071
2484,Jalor,18,8,Rajasthan,05-01-2015,16033.04142
2485,Jhalawar,32,8,Rajasthan,05-01-2015,16105.62479
2486,Jhunjhunun,5,8,Rajasthan,05-01-2015,15961.326
2487,Jodhpur,15,8,Rajasthan,05-01-2015,16037.85292
2488,Kota,30,8,Rajasthan,05-01-2015,16027.88602
2489,Nagaur,14,8,Rajasthan,05-01-2015,15971.90639
2490,Pali,20,8,Rajasthan,05-01-2015,16062.01915
2491,Rajsamand,25,8,Rajasthan,05-01-2015,15986.17338
2492,Sawai Madhopur,10,8,Rajasthan,05-01-2015,15938.18777
2493,Shrawasti,51,9,Uttar Pradesh,05-01-2015,15535.9581
2494,Saharanpur,1,9,Uttar Pradesh,05-01-2015,15475.54804
2495,Sitapur,24,9,Uttar Pradesh,05-01-2015,15557.14234
2496,Sultanpur,49,9,Uttar Pradesh,05-01-2015,15672.53995
2497,Sonbhadra,70,9,Uttar Pradesh,05-01-2015,15837.68241
2498,Siddharthnagar,54,9,Uttar Pradesh,05-01-2015,15567.2685
2499,Unnao,26,9,Uttar Pradesh,05-01-2015,15666.42426
2500,Varanasi,67,9,Uttar Pradesh,05-01-2015,15685.99796
2501,Bulandshahr,11,9,Uttar Pradesh,05-01-2015,15650.86346
2502,Gautam Buddha Nagar,10,9,Uttar Pradesh,05-01-2015,15730.9293
2503,Ghaziabad,9,9,Uttar Pradesh,05-01-2015,15569.56181
2504,Hathras,13,9,Uttar Pradesh,05-01-2015,15685.78689
2505,Auraiya,32,9,Uttar Pradesh,05-01-2015,15751.31323
2506,Azamgarh,61,9,Uttar Pradesh,05-01-2015,15657.0363
2507,Budaun,19,9,Uttar Pradesh,05-01-2015,15624.14496
2508,Agra,15,9,Uttar Pradesh,05-01-2015,15770.52542
2509,Aligarh,12,9,Uttar Pradesh,05-01-2015,15727.05898
2510,Allahabad,45,9,Uttar Pradesh,05-01-2015,15767.40218
2511,Ambedkar Nagar,48,9,Uttar Pradesh,05-01-2015,15605.02618
2512,Bareilly,20,9,Uttar Pradesh,05-01-2015,15526.74271
2513,Bijnor,3,9,Uttar Pradesh,05-01-2015,15544.27662
2514,Basti,55,9,Uttar Pradesh,05-01-2015,15586.21075
2515,Baghpat,8,9,Uttar Pradesh,05-01-2015,15509.38974
2516,Bahraich,50,9,Uttar Pradesh,05-01-2015,15502.90826
2517,Ballia,63,9,Uttar Pradesh,05-01-2015,15578.4317
2518,Balrampur,52,9,Uttar Pradesh,05-01-2015,15496.06451
2519,Banda,40,9,Uttar Pradesh,05-01-2015,15927.42962
2520,Barabanki,46,9,Uttar Pradesh,05-01-2015,15528.29127
2521,Chitrakoot,41,9,Uttar Pradesh,05-01-2015,15863.67568
2522,Chandauli,66,9,Uttar Pradesh,05-01-2015,15824.04991
2523,Deoria,60,9,Uttar Pradesh,05-01-2015,15543.08843
2524,Etah,17,9,Uttar Pradesh,05-01-2015,15698.27025
2525,Kanpur Dehat,33,9,Uttar Pradesh,05-01-2015,15733.76095
2526,Etawah,31,9,Uttar Pradesh,05-01-2015,15728.22791
2527,Faizabad,47,9,Uttar Pradesh,05-01-2015,15576.46359
2528,Ghazipur,65,9,Uttar Pradesh,05-01-2015,15733.626
2529,Gonda,53,9,Uttar Pradesh,05-01-2015,15547.49304
2530,Gorakhpur,58,9,Uttar Pradesh,05-01-2015,15580.52821
2531,Farrukhabad,29,9,Uttar Pradesh,05-01-2015,15606.96711
2532,Fatehpur,42,9,Uttar Pradesh,05-01-2015,15761.86288
2533,Firozabad,16,9,Uttar Pradesh,05-01-2015,15701.8448
2534,Hamirpur,38,9,Uttar Pradesh,05-01-2015,15892.46372
2535,Hardoi,25,9,Uttar Pradesh,05-01-2015,15660.51486
2536,Jalaun,35,9,Uttar Pradesh,05-01-2015,15866.86186
2537,Jaunpur,64,9,Uttar Pradesh,05-01-2015,15729.30196
2538,Jhansi,36,9,Uttar Pradesh,05-01-2015,15945.6698
2539,Jyotiba Phule Nagar,6,9,Uttar Pradesh,05-01-2015,15503.89555
2540,Kannauj,30,9,Uttar Pradesh,05-01-2015,15613.05965
2541,Kanpur Nagar,34,9,Uttar Pradesh,05-01-2015,15710.99204
2542,Kaushambi,44,9,Uttar Pradesh,05-01-2015,15731.95022
2543,Kheri,23,9,Uttar Pradesh,05-01-2015,15501.02877
2544,Mirzapur,69,9,Uttar Pradesh,05-01-2015,15799.07099
2545,Moradabad,4,9,Uttar Pradesh,05-01-2015,15510.76668
2546,Muzaffarnagar,2,9,Uttar Pradesh,05-01-2015,15502.67694
2547,Rae Bareli,28,9,Uttar Pradesh,05-01-2015,15680.73676
2548,Kushinagar,59,9,Uttar Pradesh,05-01-2015,15435.19692
2549,Lucknow,27,9,Uttar Pradesh,05-01-2015,15566.27085
2550,Lalitpur,37,9,Uttar Pradesh,05-01-2015,15958.83436
2551,Mahrajganj,57,9,Uttar Pradesh,05-01-2015,15485.33009
2552,Mahoba,39,9,Uttar Pradesh,05-01-2015,15924.45425
2553,Mainpuri,18,9,Uttar Pradesh,05-01-2015,15699.12399
2554,Mathura,14,9,Uttar Pradesh,05-01-2015,15762.95796
2555,Mau,62,9,Uttar Pradesh,05-01-2015,15637.66618
2556,Meerut,7,9,Uttar Pradesh,05-01-2015,15482.63155
2557,Pilibhit,21,9,Uttar Pradesh,05-01-2015,15495.47755
2558,Pratapgarh,43,9,Uttar Pradesh,05-01-2015,15715.50343
2559,Rampur,5,9,Uttar Pradesh,05-01-2015,15438.04742
2560,Sant Ravidas Nagar Bhadohi,68,9,Uttar Pradesh,05-01-2015,15749.74513
2561,Sant Kabir Nagar,56,9,Uttar Pradesh,05-01-2015,15602.65041
2562,Shahjahanpur,22,9,Uttar Pradesh,05-01-2015,15614.65214
2563,Sheikhpura,26,10,Bihar,05-01-2015,15779.68758
2564,Sheohar,3,10,Bihar,05-01-2015,15344.76205
2565,Saharsa,12,10,Bihar,05-01-2015,15273.5398
2566,Sitamarhi,4,10,Bihar,05-01-2015,15412.42207
2567,Siwan,16,10,Bihar,05-01-2015,15463.46964
2568,Supaul,6,10,Bihar,05-01-2015,15313.54618
2569,Vaishali,18,10,Bihar,05-01-2015,15476.7568
2570,Kaimur (Bhabua),31,10,Bihar,05-01-2015,15840.9942
2571,Gaya,35,10,Bihar,05-01-2015,15788.18369
2572,Bhojpur,29,10,Bihar,05-01-2015,15744.85845
2573,Buxar,30,10,Bihar,05-01-2015,15813.6223
2574,Jehanabad,33,10,Bihar,05-01-2015,15809.03744
2575,Rohtas,32,10,Bihar,05-01-2015,15825.26329
2576,Araria,7,10,Bihar,05-01-2015,15233.41132
2577,Aurangabad,34,10,Bihar,05-01-2015,15792.0532
2578,Banka,23,10,Bihar,05-01-2015,15569.70504
2579,Bhagalpur,22,10,Bihar,05-01-2015,15488.26449
2580,Begusarai,20,10,Bihar,05-01-2015,15570.40201
2581,Saran,17,10,Bihar,05-01-2015,15526.44627
2582,Katihar,10,10,Bihar,05-01-2015,15243.08165
2583,Darbhanga,13,10,Bihar,05-01-2015,15364.60844
2584,Gopalganj,15,10,Bihar,05-01-2015,15390.81272
2585,Jamui,37,10,Bihar,05-01-2015,15620.95006
2586,Kishanganj,8,10,Bihar,05-01-2015,15221.04519
2587,Muzaffarpur,14,10,Bihar,05-01-2015,15350.70737
2588,Purnia,9,10,Bihar,05-01-2015,15253.34413
2589,Khagaria,21,10,Bihar,05-01-2015,15440.93242
2590,Madhubani,5,10,Bihar,05-01-2015,15350.33074
2591,Lakhisarai,25,10,Bihar,05-01-2015,15686.58399
2592,Madhepura,11,10,Bihar,05-01-2015,15283.62595
2593,Purba Champaran,2,10,Bihar,05-01-2015,15386.94132
2594,Munger,24,10,Bihar,05-01-2015,15550.72105
2595,Nalanda,27,10,Bihar,05-01-2015,15753.10259
2596,Nawada,36,10,Bihar,05-01-2015,15728.79056
2597,Pashchim Champaran,1,10,Bihar,05-01-2015,15354.95714
2598,Patna,28,10,Bihar,05-01-2015,15704.91144
2599,Samastipur,19,10,Bihar,05-01-2015,15469.03167
2600,South,3,11,Sikkim,05-01-2015,14721.57466
2601,West,2,11,Sikkim,05-01-2015,14438.61809
2602,East,4,11,Sikkim,05-01-2015,14572.66049
2603,North,1,11,Sikkim,05-01-2015,14157.95686
2604,Tawang,1,12,Arunanchal Pradesh,05-01-2015,14247.87278
2605,Tirap,13,12,Arunanchal Pradesh,05-01-2015,14948.84962
2606,West Kameng,2,12,Arunanchal Pradesh,05-01-2015,14628.35798
2607,West Siang,7,12,Arunanchal Pradesh,05-01-2015,14671.20768
2608,Upper Siang,9,12,Arunanchal Pradesh,05-01-2015,14466.71633
2609,Upper Subansiri,6,12,Arunanchal Pradesh,05-01-2015,14506.3794
2610,Changlang,12,12,Arunanchal Pradesh,05-01-2015,14959.91584
2611,Dibang Valley,10,12,Arunanchal Pradesh,05-01-2015,14387.58957
2612,East Kameng,3,12,Arunanchal Pradesh,05-01-2015,14601.21824
2613,East Siang,8,12,Arunanchal Pradesh,05-01-2015,14967.75809
2614,Lohit,11,12,Arunanchal Pradesh,05-01-2015,14603.43047
2615,Lower Subansiri,5,12,Arunanchal Pradesh,05-01-2015,14567.88102
2616,Papum Pare,4,12,Arunanchal Pradesh,05-01-2015,14786.79014
2617,Tuensang,2,13,Nagaland,05-01-2015,14891.62044
2618,Wokha,5,13,Nagaland,05-01-2015,15070.91924
2619,Zunheboto,4,13,Nagaland,05-01-2015,14928.5529
2620,Dimapur,6,13,Nagaland,05-01-2015,15169.96086
2621,Kohima,7,13,Nagaland,05-01-2015,14994.40817
2622,Mokokchung,3,13,Nagaland,05-01-2015,15000.19022
2623,Mon,1,13,Nagaland,05-01-2015,15003.14941
2624,Phek,8,13,Nagaland,05-01-2015,14937.87035
2625,Tamenglong,2,14,Manipur,05-01-2015,14943.43547
2626,Thoubal,5,14,Manipur,05-01-2015,15200.75117
2627,Ukhrul,8,14,Manipur,05-01-2015,15039.30322
2628,Bishnupur,4,14,Manipur,05-01-2015,15084.59549
2629,Chandel,9,14,Manipur,05-01-2015,15104.78763
2630,Churachandpur,3,14,Manipur,05-01-2015,14993.42697
2631,Imphal East,7,14,Manipur,05-01-2015,15210.24303
2632,Imphal West,6,14,Manipur,05-01-2015,15034.32323
2633,Senapati (Excl. 3 sub-divisions),1,14,Manipur,05-01-2015,14958.03052
2634,Aizawl,3,15,Mizoram,05-01-2015,14988.99251
2635,Champhai,4,15,Mizoram,05-01-2015,14953.80498
2636,Kolasib,2,15,Mizoram,05-01-2015,15016.11564
2637,Mamit,1,15,Mizoram,05-01-2015,15029.6244
2638,Lunglei,6,15,Mizoram,05-01-2015,15026.46146
2639,Lawngtlai,7,15,Mizoram,05-01-2015,15088.73739
2640,Saiha,8,15,Mizoram,05-01-2015,14998.33142
2641,Serchhip,5,15,Mizoram,05-01-2015,14963.16155
2642,South Tripura,2,16,Tripura,05-01-2015,15028.92759
2643,West Tripura,1,16,Tripura,05-01-2015,15075.29235
2644,Dhalai,3,16,Tripura,05-01-2015,15056.34118
2645,North Tripura,4,16,Tripura,05-01-2015,15061.81594
2646,Ri Bhoi,5,17,Meghalaya,05-01-2015,15045.31808
2647,South Garo Hills,3,17,Meghalaya,05-01-2015,15005.38363
2648,West Garo Hills,1,17,Meghalaya,05-01-2015,15081.09071
2649,West Khasi Hills,4,17,Meghalaya,05-01-2015,14946.38492
2650,East Garo Hills,2,17,Meghalaya,05-01-2015,15046.2691
2651,East Khasi Hills,6,17,Meghalaya,05-01-2015,14927.44311
2652,Jaintia Hills,7,17,Meghalaya,05-01-2015,14969.52793
2653,Sonitpur,11,18,Assam,05-01-2015,15151.63832
2654,Sibsagar,16,18,Assam,05-01-2015,15174.01987
2655,Tinsukia,14,18,Assam,05-01-2015,15152.33538
2656,Barpeta,5,18,Assam,05-01-2015,15063.0482
2657,Bongaigaon,4,18,Assam,05-01-2015,15089.31734
2658,Cachar,21,18,Assam,05-01-2015,15055.12993
2659,Darrang,8,18,Assam,05-01-2015,15108.19021
2660,Dhemaji,13,18,Assam,05-01-2015,15192.75799
2661,Dhubri,2,18,Assam,05-01-2015,15097.72947
2662,Dibrugarh,15,18,Assam,05-01-2015,15138.21422
2663,Kamrup,6,18,Assam,05-01-2015,15089.17872
2664,Karbi Anglong,19,18,Assam,05-01-2015,15106.26239
2665,Goalpara,3,18,Assam,05-01-2015,15114.62249
2666,Golaghat,18,18,Assam,05-01-2015,15183.56737
2667,Hailakandi,23,18,Assam,05-01-2015,15058.6682
2668,Jorhat,17,18,Assam,05-01-2015,15147.88049
2669,Karimganj,22,18,Assam,05-01-2015,15031.77638
2670,Kokrajhar,1,18,Assam,05-01-2015,15100.32233
2671,Lakhimpur,12,18,Assam,05-01-2015,15139.50163
2672,Nagaon,10,18,Assam,05-01-2015,15212.45608
2673,Marigaon,9,18,Assam,05-01-2015,15089.15139
2674,Nalbari,7,18,Assam,05-01-2015,15088.74976
2675,North Cachar Hills,20,18,Assam,05-01-2015,15061.05233
2676,South  Twenty Four Parganas,18,19,West Bengal,05-01-2015,15271.37148
2677,Uttar Dinajpur,4,19,West Bengal,05-01-2015,15156.36577
2678,Hugli,12,19,West Bengal,05-01-2015,15264.09935
2679,Barddhaman,9,19,West Bengal,05-01-2015,15332.4107
2680,Birbhum,8,19,West Bengal,05-01-2015,15382.90108
2681,Bankura,13,19,West Bengal,05-01-2015,15404.88634
2682,Dakshin Dinajpur,5,19,West Bengal,05-01-2015,15186.33619
2683,Darjiling,1,19,West Bengal,05-01-2015,14962.75206
2684,Haora,16,19,West Bengal,05-01-2015,15279.89101
2685,Jalpaiguri,2,19,West Bengal,05-01-2015,15124.11879
2686,Koch Bihar,3,19,West Bengal,05-01-2015,15112.66168
2687,Murshidabad,7,19,West Bengal,05-01-2015,15274.66047
2688,Puruliya,14,19,West Bengal,05-01-2015,15486.31067
2689,Kolkata,17,19,West Bengal,05-01-2015,15400.69416
2690,Maldah,6,19,West Bengal,05-01-2015,15215.05252
2691,Nadia,10,19,West Bengal,05-01-2015,15217.8546
2692,North Twenty Four Parganas,11,19,West Bengal,05-01-2015,15206.67218
2693,Medinipur,15,19,West Bengal,05-01-2015,15354.13728
2694,Ranchi,14,20,Jharkhand,05-01-2015,15501.52679
2695,Sahibganj,9,20,Jharkhand,05-01-2015,15375.80417
2696,Garhwa,1,20,Jharkhand,05-01-2015,15861.241
2697,Palamu,2,20,Jharkhand,05-01-2015,15756.43649
2698,Chatra,3,20,Jharkhand,05-01-2015,15714.28749
2699,Hazaribagh,4,20,Jharkhand,05-01-2015,15563.42457
2700,Kodarma,5,20,Jharkhand,05-01-2015,15644.67772
2701,Bokaro,13,20,Jharkhand,05-01-2015,15489.64242
2702,Deoghar,7,20,Jharkhand,05-01-2015,15508.84691
2703,Dhanbad,12,20,Jharkhand,05-01-2015,15522.29573
2704,Dumka,11,20,Jharkhand,05-01-2015,15471.35174
2705,Giridih,6,20,Jharkhand,05-01-2015,15660.62724
2706,Godda,8,20,Jharkhand,05-01-2015,15490.42819
2707,Gumla,16,20,Jharkhand,05-01-2015,15597.45186
2708,Purbi Singhbhum,18,20,Jharkhand,05-01-2015,15436.49186
2709,Lohardaga,15,20,Jharkhand,05-01-2015,15572.82428
2710,Pakaur,10,20,Jharkhand,05-01-2015,15417.71944
2711,Pashchimi Singhbhum,17,20,Jharkhand,05-01-2015,15489.73436
2712,Rayagada,27,21,Orissa,05-01-2015,15388.86133
2713,Sundargarh,5,21,Orissa,05-01-2015,15530.21525
2714,Sonapur,23,21,Orissa,05-01-2015,15574.73576
2715,Anugul,15,21,Orissa,05-01-2015,15496.68192
2716,Bhadrak,9,21,Orissa,05-01-2015,15439.95402
2717,Baudh,22,21,Orissa,05-01-2015,15538.4436
2718,Balangir,24,21,Orissa,05-01-2015,15684.48647
2719,Baleshwar,8,21,Orissa,05-01-2015,15414.58817
2720,Bargarh,1,21,Orissa,05-01-2015,15599.97263
2721,Kendrapara,10,21,Orissa,05-01-2015,15438.03187
2722,Kendujhar,6,21,Orissa,05-01-2015,15434.93601
2723,Debagarh,4,21,Orissa,05-01-2015,15459.95403
2724,Cuttack,12,21,Orissa,05-01-2015,15483.16718
2725,Dhenkanal,14,21,Orissa,05-01-2015,15473.49141
2726,Kalahandi,26,21,Orissa,05-01-2015,15524.10004
2727,Ganjam,19,21,Orissa,05-01-2015,15507.11399
2728,Gajapati,20,21,Orissa,05-01-2015,15326.25818
2729,Jajapur,13,21,Orissa,05-01-2015,15498.57471
2730,Jagatsinghapur,11,21,Orissa,05-01-2015,15469.68253
2731,Jharsuguda,2,21,Orissa,05-01-2015,15595.35536
2732,Khordha,17,21,Orissa,05-01-2015,15474.87696
2733,Mayurbhanj,7,21,Orissa,05-01-2015,15392.78719
2734,Puri,18,21,Orissa,05-01-2015,15412.62666
2735,Koraput,29,21,Orissa,05-01-2015,15392.76907
2736,Malkangiri,30,21,Orissa,05-01-2015,15462.16386
2737,Nabarangapur,28,21,Orissa,05-01-2015,15535.36348
2738,Nayagarh,16,21,Orissa,05-01-2015,15466.56272
2739,Nuapada,25,21,Orissa,05-01-2015,15654.48672
2740,Kandhamal,21,21,Orissa,05-01-2015,15348.31407
2741,Sambalpur,3,21,Orissa,05-01-2015,15502.96284
2742,Surguja,2,22,Chhattisgarh,05-01-2015,15734.53937
2743,Bilaspur,7,22,Chhattisgarh,05-01-2015,15790.75148
2744,Janjgir - Champa,6,22,Chhattisgarh,05-01-2015,15843.06492
2745,Korba,5,22,Chhattisgarh,05-01-2015,15716.83363
2746,Kawardha,8,22,Chhattisgarh,05-01-2015,15846.92937
2747,Bastar,15,22,Chhattisgarh,05-01-2015,15484.18265
2748,Dantewada,16,22,Chhattisgarh,05-01-2015,15510.01538
2749,Dhamtari,13,22,Chhattisgarh,05-01-2015,15589.19736
2750,Durg,10,22,Chhattisgarh,05-01-2015,15793.96733
2751,Kanker,14,22,Chhattisgarh,05-01-2015,15628.59825
2752,Jashpur,3,22,Chhattisgarh,05-01-2015,15676.07782
2753,Koriya,1,22,Chhattisgarh,05-01-2015,15737.72593
2754,Mahasamund,12,22,Chhattisgarh,05-01-2015,15685.89311
2755,Raigarh,4,22,Chhattisgarh,05-01-2015,15691.33308
2756,Raipur,11,22,Chhattisgarh,05-01-2015,15729.27665
2757,Rajnandgaon,9,22,Chhattisgarh,05-01-2015,15782.74251
2758,Shajapur,22,23,Madhya Pradesh,05-01-2015,16160.44546
2759,Shivpuri,6,23,Madhya Pradesh,05-01-2015,15973.21812
2760,Ratlam,20,23,Madhya Pradesh,05-01-2015,16142.91651
2761,Rewa,14,23,Madhya Pradesh,05-01-2015,15847.20531
2762,Sagar,11,23,Madhya Pradesh,05-01-2015,16050.68986
2763,Sidhi,17,23,Madhya Pradesh,05-01-2015,15816.5681
2764,Ujjain,21,23,Madhya Pradesh,05-01-2015,16114.89656
2765,Vidisha,31,23,Madhya Pradesh,05-01-2015,16116.4693
2766,West Nimar,27,23,Madhya Pradesh,05-01-2015,16107.62031
2767,Morena,2,23,Madhya Pradesh,05-01-2015,15894.46838
2768,Sheopur,1,23,Madhya Pradesh,05-01-2015,15951.18698
2769,Dindori,41,23,Madhya Pradesh,05-01-2015,15822.02483
2770,Mandla,42,23,Madhya Pradesh,05-01-2015,15844.6177
2771,Shahdol,16,23,Madhya Pradesh,05-01-2015,15814.29023
2772,Umaria,15,23,Madhya Pradesh,05-01-2015,15800.93932
2773,Hoshangabad,37,23,Madhya Pradesh,05-01-2015,15848.28656
2774,Indore,26,23,Madhya Pradesh,05-01-2015,16047.31549
2775,Bhind,3,23,Madhya Pradesh,05-01-2015,15858.41546
2776,Bhopal,32,23,Madhya Pradesh,05-01-2015,16057.14973
2777,Barwani,28,23,Madhya Pradesh,05-01-2015,16088.02896
2778,Betul,35,23,Madhya Pradesh,05-01-2015,15861.59997
2779,Balaghat,45,23,Madhya Pradesh,05-01-2015,15711.19621
2780,Chhatarpur,9,23,Madhya Pradesh,05-01-2015,15926.24021
2781,Chhindwara,43,23,Madhya Pradesh,05-01-2015,15893.87767
2782,Dewas,23,23,Madhya Pradesh,05-01-2015,16078.81543
2783,Katni,38,23,Madhya Pradesh,05-01-2015,15840.00508
2784,Datia,5,23,Madhya Pradesh,05-01-2015,15926.40681
2785,Damoh,12,23,Madhya Pradesh,05-01-2015,15984.66207
2786,Dhar,25,23,Madhya Pradesh,05-01-2015,16089.00107
2787,East Nimar,29,23,Madhya Pradesh,05-01-2015,16023.19855
2788,Guna,7,23,Madhya Pradesh,05-01-2015,16078.17315
2789,Gwalior,4,23,Madhya Pradesh,05-01-2015,15898.35409
2790,Harda,36,23,Madhya Pradesh,05-01-2015,15944.44331
2791,Jabalpur,39,23,Madhya Pradesh,05-01-2015,15888.02156
2792,Jhabua,24,23,Madhya Pradesh,05-01-2015,16039.41314
2793,Mandsaur,19,23,Madhya Pradesh,05-01-2015,16098.63366
2794,Tikamgarh,8,23,Madhya Pradesh,05-01-2015,15958.48744
2795,Narsimhapur,40,23,Madhya Pradesh,05-01-2015,15845.71746
2796,Neemuch,18,23,Madhya Pradesh,05-01-2015,16079.23967
2797,Panna,10,23,Madhya Pradesh,05-01-2015,15909.85401
2798,Raisen,34,23,Madhya Pradesh,05-01-2015,16036.92661
2799,Rajgarh,30,23,Madhya Pradesh,05-01-2015,16147.39964
2800,Satna,13,23,Madhya Pradesh,05-01-2015,15836.31397
2801,Sehore,33,23,Madhya Pradesh,05-01-2015,16071.97781
2802,Seoni,44,23,Madhya Pradesh,05-01-2015,15900.04224
2803,Sabar Kantha,5,24,Gujarat,05-01-2015,15966.41572
2804,Surendranagar,8,24,Gujarat,05-01-2015,16057.31806
2805,The Dangs,23,24,Gujarat,05-01-2015,15900.2669
2806,Vadodara,19,24,Gujarat,05-01-2015,15870.53726
2807,Valsad,25,24,Gujarat,05-01-2015,15731.58723
2808,Bharuch,21,24,Gujarat,05-01-2015,15872.94651
2809,Surat,22,24,Gujarat,05-01-2015,15716.95332
2810,Anand,15,24,Gujarat,05-01-2015,15815.17626
2811,Ahmadabad,7,24,Gujarat,05-01-2015,16043.50777
2812,Amreli,13,24,Gujarat,05-01-2015,16134.01315
2813,Bhavnagar,14,24,Gujarat,05-01-2015,16134.31994
2814,Banas Kantha,2,24,Gujarat,05-01-2015,15867.49284
2815,Dohad,18,24,Gujarat,05-01-2015,15980.01976
2816,Junagadh,12,24,Gujarat,05-01-2015,15964.79581
2817,Kachchh,1,24,Gujarat,05-01-2015,15995.36405
2818,Gandhinagar,6,24,Gujarat,05-01-2015,15868.10763
2819,Jamnagar,10,24,Gujarat,05-01-2015,15989.71775
2820,Kheda,16,24,Gujarat,05-01-2015,15876.8666
2821,Mahesana,4,24,Gujarat,05-01-2015,15916.01619
2822,Narmada,20,24,Gujarat,05-01-2015,15903.31458
2823,Navsari,24,24,Gujarat,05-01-2015,15619.02228
2824,Panch Mahals,17,24,Gujarat,05-01-2015,15914.44104
2825,Patan,3,24,Gujarat,05-01-2015,16013.4811
2826,Porbandar,11,24,Gujarat,05-01-2015,15868.77843
2827,Rajkot,9,24,Gujarat,05-01-2015,16125.55023
2828,Daman,2,25,Daman & Diu,05-01-2015,15518.74021
2829,Diu,1,25,Daman & Diu,05-01-2015,15454.83648
2830,Dadra & Nagar Haveli,1,26,Dadara & Nagar Havelli,05-01-2015,15839.71254
2831,Ratnagiri,32,27,Maharashtra,05-01-2015,15543.77134
2832,Raigarh,24,27,Maharashtra,05-01-2015,15645.45411
2833,Thane,21,27,Maharashtra,05-01-2015,15804.89492
2834,Solapur,30,27,Maharashtra,05-01-2015,15959.40448
2835,Sindhudurg,33,27,Maharashtra,05-01-2015,15473.49458
2836,Wardha,8,27,Maharashtra,05-01-2015,16046.37736
2837,Washim,6,27,Maharashtra,05-01-2015,16069.76628
2838,Yavatmal,14,27,Maharashtra,05-01-2015,16009.14992
2839,Hingoli,16,27,Maharashtra,05-01-2015,16038.94165
2840,Aurangabad,19,27,Maharashtra,05-01-2015,16070.86771
2841,Ahmadnagar,26,27,Maharashtra,05-01-2015,15978.66024
2842,Akola,5,27,Maharashtra,05-01-2015,16078.71906
2843,Amravati,7,27,Maharashtra,05-01-2015,15978.38497
2844,Bid,27,27,Maharashtra,05-01-2015,16076.53191
2845,Bhandara,10,27,Maharashtra,05-01-2015,15773.47607
2846,Buldana,4,27,Maharashtra,05-01-2015,16062.61298
2847,Chandrapur,13,27,Maharashtra,05-01-2015,15841.68886
2848,Dhule,2,27,Maharashtra,05-01-2015,16054.86048
2849,Gadchiroli,12,27,Maharashtra,05-01-2015,15625.63946
2850,Gondiya,11,27,Maharashtra,05-01-2015,15710.37963
2851,Jalgaon,3,27,Maharashtra,05-01-2015,16044.87384
2852,Jalna,18,27,Maharashtra,05-01-2015,16134.52701
2853,Kolhapur,34,27,Maharashtra,05-01-2015,15479.43661
2854,Latur,28,27,Maharashtra,05-01-2015,16038.65218
2855,Pune,25,27,Maharashtra,05-01-2015,15771.22692
2856,Nagpur,9,27,Maharashtra,05-01-2015,15919.50033
2857,Mumbai,23,27,Maharashtra,05-01-2015,15426.86465
2858,Mumbai (Suburban),22,27,Maharashtra,05-01-2015,15441.06195
2859,Nanded,15,27,Maharashtra,05-01-2015,15972.72532
2860,Nandurbar,1,27,Maharashtra,05-01-2015,15982.03768
2861,Nashik,20,27,Maharashtra,05-01-2015,15983.83802
2862,Osmanabad,29,27,Maharashtra,05-01-2015,16064.47596
2863,Parbhani,17,27,Maharashtra,05-01-2015,16107.17328
2864,Sangli,35,27,Maharashtra,05-01-2015,15835.03765
2865,Satara,31,27,Maharashtra,05-01-2015,15742.52958
2866,Rangareddi,6,28,Andhra Pradesh,05-01-2015,15752.54491
2867,Srikakulam,11,28,Andhra Pradesh,05-01-2015,15569.03264
2868,West Godavari,15,28,Andhra Pradesh,05-01-2015,15562.2499
2869,Visakhapatnam,13,28,Andhra Pradesh,05-01-2015,15360.65141
2870,Vizianagaram,12,28,Andhra Pradesh,05-01-2015,15531.40643
2871,Warangal,9,28,Andhra Pradesh,05-01-2015,15727.13917
2872,Hyderabad,5,28,Andhra Pradesh,05-01-2015,15636.1985
2873,Anantapur,22,28,Andhra Pradesh,05-01-2015,15678.09685
2874,Adilabad,1,28,Andhra Pradesh,05-01-2015,15867.50415
2875,Chittoor,23,28,Andhra Pradesh,05-01-2015,15510.54255
2876,Cuddapah,20,28,Andhra Pradesh,05-01-2015,15663.93777
2877,East Godavari,14,28,Andhra Pradesh,05-01-2015,15425.49486
2878,Karimnagar,3,28,Andhra Pradesh,05-01-2015,15799.83032
2879,Guntur,17,28,Andhra Pradesh,05-01-2015,15728.19018
2880,Khammam,10,28,Andhra Pradesh,05-01-2015,15614.30413
2881,Medak,4,28,Andhra Pradesh,05-01-2015,15758.49067
2882,Krishna,16,28,Andhra Pradesh,05-01-2015,15625.61147
2883,Kurnool,21,28,Andhra Pradesh,05-01-2015,15742.06284
2884,Mahbubnagar,7,28,Andhra Pradesh,05-01-2015,15746.53232
2885,Nalgonda,8,28,Andhra Pradesh,05-01-2015,15774.87888
2886,Nellore,19,28,Andhra Pradesh,05-01-2015,15658.28952
2887,Nizamabad,2,28,Andhra Pradesh,05-01-2015,15797.7256
2888,Prakasam,18,28,Andhra Pradesh,05-01-2015,15719.1183
2889,Shimoga,15,29,Karnataka,05-01-2015,15186.73428
2890,Tumkur,18,29,Karnataka,05-01-2015,15447.80971
2891,Udupi,16,29,Karnataka,05-01-2015,15263.04635
2892,Uttara Kannada,10,29,Karnataka,05-01-2015,15187.03193
2893,Hassan,23,29,Karnataka,05-01-2015,15217.39027
2894,Haveri,11,29,Karnataka,05-01-2015,15507.58165
2895,Bagalkot,2,29,Karnataka,05-01-2015,15742.24291
2896,Bangalore,20,29,Karnataka,05-01-2015,15241.98203
2897,Bidar,5,29,Karnataka,05-01-2015,15948.0292
2898,Bijapur,3,29,Karnataka,05-01-2015,15929.8522
2899,Belgaum,1,29,Karnataka,05-01-2015,15631.88078
2900,Bellary,12,29,Karnataka,05-01-2015,15647.40608
2901,Bangalore Rural,21,29,Karnataka,05-01-2015,15256.1146
2902,Chamarajanagar,27,29,Karnataka,05-01-2015,15202.82705
2903,Chikmagalur,17,29,Karnataka,05-01-2015,15151.07024
2904,Chitradurga,13,29,Karnataka,05-01-2015,15559.06656
2905,Dakshina Kannada,24,29,Karnataka,05-01-2015,15137.30814
2906,Davanagere,14,29,Karnataka,05-01-2015,15430.60194
2907,Dharwad,9,29,Karnataka,05-01-2015,15654.29149
2908,Gulbarga,4,29,Karnataka,05-01-2015,15926.52937
2909,Gadag,8,29,Karnataka,05-01-2015,15778.50818
2910,Kodagu,25,29,Karnataka,05-01-2015,14947.40462
2911,Kolar,19,29,Karnataka,05-01-2015,15450.15895
2912,Mandya,22,29,Karnataka,05-01-2015,15226.64981
2913,Koppal,7,29,Karnataka,05-01-2015,15698.88768
2914,Mysore,26,29,Karnataka,05-01-2015,15244.75912
2915,Raichur,6,29,Karnataka,05-01-2015,15775.10105
2916,South Goa,2,30,Goa,05-01-2015,15244.83164
2917,North Goa,1,30,Goa,05-01-2015,15331.49524
2918,Lakshadweep,1,31,Lakshadweep,05-01-2015,15120.10881
2919,Thrissur,7,32,Kerala,05-01-2015,15105.09227
2920,Thiruvananthapuram,14,32,Kerala,05-01-2015,15101.47437
2921,Wayanad,3,32,Kerala,05-01-2015,14990.63843
2922,Idukki,9,32,Kerala,05-01-2015,14954.42122
2923,Alappuzha,11,32,Kerala,05-01-2015,15183.91525
2924,Kasaragod,1,32,Kerala,05-01-2015,15140.63753
2925,Kannur,2,32,Kerala,05-01-2015,15103.12326
2926,Ernakulam,8,32,Kerala,05-01-2015,15152.41757
2927,Kollam,13,32,Kerala,05-01-2015,15097.35003
2928,Kottayam,10,32,Kerala,05-01-2015,15132.12139
2929,Kozhikode,4,32,Kerala,05-01-2015,15116.48061
2930,Malappuram,5,32,Kerala,05-01-2015,15088.28156
2931,Palakkad,6,32,Kerala,05-01-2015,15079.77642
2932,Pathanamthitta,12,32,Kerala,05-01-2015,15056.32022
2933,Sivaganga,23,33,Tamil Nadu,05-01-2015,15457.21861
2934,Tiruchirappalli,15,33,Tamil Nadu,05-01-2015,15418.00361
2935,Tirunelveli,29,33,Tamil Nadu,05-01-2015,15382.39985
2936,Tiruvannamalai,6,33,Tamil Nadu,05-01-2015,15459.65134
2937,Thoothukkudi,28,33,Tamil Nadu,05-01-2015,15591.20286
2938,Theni,25,33,Tamil Nadu,05-01-2015,15259.00066
2939,Vellore,4,33,Tamil Nadu,05-01-2015,15465.02948
2940,Viluppuram,7,33,Tamil Nadu,05-01-2015,15428.55527
2941,Virudhunagar,26,33,Tamil Nadu,05-01-2015,15566.77116
2942,Chennai,2,33,Tamil Nadu,05-01-2015,15534.00819
2943,Kancheepuram,3,33,Tamil Nadu,05-01-2015,15530.03676
2944,Thiruvallur,1,33,Tamil Nadu,05-01-2015,15554.39852
2945,Thanjavur,21,33,Tamil Nadu,05-01-2015,15340.25936
2946,Thiruvarur,20,33,Tamil Nadu,05-01-2015,15296.35161
2947,Nagapattinam,19,33,Tamil Nadu,05-01-2015,15306.47981
2948,Ariyalur,17,33,Tamil Nadu,05-01-2015,15452.49192
2949,Coimbatore,12,33,Tamil Nadu,05-01-2015,15288.38923
2950,Cuddalore,18,33,Tamil Nadu,05-01-2015,15411.05285
2951,Dharmapuri,5,33,Tamil Nadu,05-01-2015,15335.17381
2952,Dindigul,13,33,Tamil Nadu,05-01-2015,15310.50991
2953,Erode,10,33,Tamil Nadu,05-01-2015,15342.89224
2954,Kanniyakumari,30,33,Tamil Nadu,05-01-2015,15109.50494
2955,Karur,14,33,Tamil Nadu,05-01-2015,15484.48347
2956,Madurai,24,33,Tamil Nadu,05-01-2015,15424.29169
2957,Namakkal,9,33,Tamil Nadu,05-01-2015,15409.92881
2958,The Nilgiris,11,33,Tamil Nadu,05-01-2015,14938.61592
2959,Perambalur,16,33,Tamil Nadu,05-01-2015,15516.46667
2960,Pudukkottai,22,33,Tamil Nadu,05-01-2015,15428.27856
2961,Ramanathapuram,27,33,Tamil Nadu,05-01-2015,15467.25922
2962,Salem,8,33,Tamil Nadu,05-01-2015,15345.39765
2963,Yanam,1,34,Puducherry,05-01-2015,15415.9468
2964,Karaikal,4,34,Puducherry,05-01-2015,15385.70965
2965,Mahe,3,34,Puducherry,05-01-2015,15204.8217
2966,Pondicherry,2,34,Puducherry,05-01-2015,15314.48726
2967,Nicobars,2,35,Andaman & Nicobar Island,05-01-2015,15012.63701
2968,Andamans,1,35,Andaman & Nicobar Island,05-01-2015,15072.77277
2969,Data Not Available,99,99,Jammu and Kashmir,05-01-2015,14197.56883
2970,Srinagar,3,1,Jammu and Kashmir,06-01-2015,14507.59445
2971,Udhampur,10,1,Jammu and Kashmir,06-01-2015,15143.71267
2972,Anantnag,6,1,Jammu and Kashmir,06-01-2015,14531.68828
2973,Badgam,4,1,Jammu and Kashmir,06-01-2015,14725.61637
2974,Baramula,2,1,Jammu and Kashmir,06-01-2015,14621.90817
2975,Doda,9,1,Jammu and Kashmir,06-01-2015,14449.48072
2976,Jammu,13,1,Jammu and Kashmir,06-01-2015,15642.33085
2977,Kargil,8,1,Jammu and Kashmir,06-01-2015,14420.06507
2978,Kathua,14,1,Jammu and Kashmir,06-01-2015,15363.94932
2979,Leh (Ladakh),7,1,Jammu and Kashmir,06-01-2015,14425.8667
2980,Kupwara,1,1,Jammu and Kashmir,06-01-2015,14727.76655
2981,Punch,11,1,Jammu and Kashmir,06-01-2015,15002.21948
2982,Pulwama,5,1,Jammu and Kashmir,06-01-2015,14848.82729
2983,Rajauri,12,1,Jammu and Kashmir,06-01-2015,15295.02904
2984,Shimla,11,2,Himachal Pradesh,06-01-2015,14881.76953
2985,Sirmaur,10,2,Himachal Pradesh,06-01-2015,15307.32448
2986,Solan,9,2,Himachal Pradesh,06-01-2015,15397.44179
2987,Una,7,2,Himachal Pradesh,06-01-2015,15507.21623
2988,Bilaspur,8,2,Himachal Pradesh,06-01-2015,15414.68291
2989,Chamba,1,2,Himachal Pradesh,06-01-2015,14653.91569
2990,Hamirpur,6,2,Himachal Pradesh,06-01-2015,15390.11916
2991,Kangra,2,2,Himachal Pradesh,06-01-2015,15105.62167
2992,Kinnaur,12,2,Himachal Pradesh,06-01-2015,14420.98022
2993,Lahul & Spiti,3,2,Himachal Pradesh,06-01-2015,14273.10153
2994,Kullu,4,2,Himachal Pradesh,06-01-2015,14445.24697
2995,Mandi,5,2,Himachal Pradesh,06-01-2015,15114.28334
2996,Rupnagar,7,3,Punjab,06-01-2015,15618.91379
2997,Amritsar,2,3,Punjab,06-01-2015,15596.5701
2998,Firozpur,11,3,Punjab,06-01-2015,15604.86492
2999,Bathinda,14,3,Punjab,06-01-2015,15648.78289
3000,Gurdaspur,1,3,Punjab,06-01-2015,15605.86784
3001,Faridkot,13,3,Punjab,06-01-2015,15562.49947
3002,Fatehgarh Sahib,8,3,Punjab,06-01-2015,15588.32386
3003,Hoshiarpur,5,3,Punjab,06-01-2015,15544.85268
3004,Jalandhar,4,3,Punjab,06-01-2015,15601.57873
3005,Kapurthala,3,3,Punjab,06-01-2015,15572.54865
3006,Ludhiana,9,3,Punjab,06-01-2015,15631.3117
3007,Mansa,15,3,Punjab,06-01-2015,15637.47192
3008,Moga,10,3,Punjab,06-01-2015,15547.93211
3009,Muktsar,12,3,Punjab,06-01-2015,15584.92957
3010,Nawanshahr,6,3,Punjab,06-01-2015,15619.81925
3011,Patiala,17,3,Punjab,06-01-2015,15569.30669
3012,Sangrur,16,3,Punjab,06-01-2015,15521.61539
3013,Chandigarh,1,4,Chandigarh,06-01-2015,15611.21939
3014,Rudraprayag,3,5,Uttarakhand,06-01-2015,14723.59705
3015,Tehri Garhwal,4,5,Uttarakhand,06-01-2015,15068.73375
3016,Udham Singh Nagar,12,5,Uttarakhand,06-01-2015,15517.32842
3017,Uttarkashi,1,5,Uttarakhand,06-01-2015,14552.43362
3018,Bageshwar,8,5,Uttarakhand,06-01-2015,14889.7376
3019,Almora,9,5,Uttarakhand,06-01-2015,15339.08753
3020,Chamoli,2,5,Uttarakhand,06-01-2015,14482.95167
3021,Champawat,10,5,Uttarakhand,06-01-2015,15289.23151
3022,Dehradun,5,5,Uttarakhand,06-01-2015,15354.44833
3023,Garhwal,6,5,Uttarakhand,06-01-2015,15296.29699
3024,Hardwar,13,5,Uttarakhand,06-01-2015,15446.78305
3025,Nainital,11,5,Uttarakhand,06-01-2015,15369.14413
3026,Pithoragarh,7,5,Uttarakhand,06-01-2015,14557.52855
3027,Rohtak,14,6,Haryana,06-01-2015,15726.41511
3028,Sirsa,11,6,Haryana,06-01-2015,15773.99457
3029,Sonipat,8,6,Haryana,06-01-2015,15638.0818
3030,Yamunanagar,3,6,Haryana,06-01-2015,15519.32614
3031,Jhajjar,15,6,Haryana,06-01-2015,15806.81751
3032,Mahendragarh,16,6,Haryana,06-01-2015,15837.27518
3033,Rewari,17,6,Haryana,06-01-2015,15829.11419
3034,Bhiwani,13,6,Haryana,06-01-2015,15851.83672
3035,Ambala,2,6,Haryana,06-01-2015,15620.16173
3036,Gurgaon,18,6,Haryana,06-01-2015,15792.11089
3037,Faridabad,19,6,Haryana,06-01-2015,15679.15256
3038,Fatehabad,10,6,Haryana,06-01-2015,15729.41203
3039,Hisar,12,6,Haryana,06-01-2015,15767.89984
3040,Jind,9,6,Haryana,06-01-2015,15686.80461
3041,Kaithal,5,6,Haryana,06-01-2015,15575.19075
3042,Karnal,6,6,Haryana,06-01-2015,15582.39635
3043,Kurukshetra,4,6,Haryana,06-01-2015,15551.84579
3044,Panchkula,1,6,Haryana,06-01-2015,15524.04024
3045,Panipat,7,6,Haryana,06-01-2015,15614.90514
3046,Central,6,7,Delhi  & NCR,06-01-2015,15546.95084
3047,East,4,7,Delhi  & NCR,06-01-2015,15540.00052
3048,New Delhi,5,7,Delhi  & NCR,06-01-2015,15487.12108
3049,North,2,7,Delhi  & NCR,06-01-2015,15555.97847
3050,North East,3,7,Delhi  & NCR,06-01-2015,15579.64855
3051,North West,1,7,Delhi  & NCR,06-01-2015,15573.2456
3052,South,9,7,Delhi  & NCR,06-01-2015,15588.07611
3053,South West,8,7,Delhi  & NCR,06-01-2015,15660.75786
3054,West,7,7,Delhi  & NCR,06-01-2015,15590.2274
3055,Sirohi,19,8,Rajasthan,06-01-2015,15663.28321
3056,Tonk,22,8,Rajasthan,06-01-2015,15838.29723
3057,Sikar,13,8,Rajasthan,06-01-2015,15741.07984
3058,Alwar,6,8,Rajasthan,06-01-2015,15782.93169
3059,Udaipur,26,8,Rajasthan,06-01-2015,15639.35641
3060,Ganganagar,1,8,Rajasthan,06-01-2015,15828.53134
3061,Hanumangarh,2,8,Rajasthan,06-01-2015,15826.69106
3062,Baran,31,8,Rajasthan,06-01-2015,15941.13612
3063,Ajmer,21,8,Rajasthan,06-01-2015,15787.75941
3064,Banswara,28,8,Rajasthan,06-01-2015,15849.38534
3065,Barmer,17,8,Rajasthan,06-01-2015,15817.89338
3066,Bhilwara,24,8,Rajasthan,06-01-2015,15762.72263
3067,Bikaner,3,8,Rajasthan,06-01-2015,15982.03833
3068,Bharatpur,7,8,Rajasthan,06-01-2015,15859.70484
3069,Bundi,23,8,Rajasthan,06-01-2015,15832.56731
3070,Chittaurgarh,29,8,Rajasthan,06-01-2015,15757.62864
3071,Churu,4,8,Rajasthan,06-01-2015,15875.58578
3072,Dausa,11,8,Rajasthan,06-01-2015,15829.56252
3073,Dhaulpur,8,8,Rajasthan,06-01-2015,15879.0507
3074,Dungarpur,27,8,Rajasthan,06-01-2015,15838.58376
3075,Karauli,9,8,Rajasthan,06-01-2015,15847.98166
3076,Jaipur,12,8,Rajasthan,06-01-2015,15768.04833
3077,Jaisalmer,16,8,Rajasthan,06-01-2015,15989.94724
3078,Jalor,18,8,Rajasthan,06-01-2015,15754.02922
3079,Jhalawar,32,8,Rajasthan,06-01-2015,15931.9399
3080,Jhunjhunun,5,8,Rajasthan,06-01-2015,15807.0291
3081,Jodhpur,15,8,Rajasthan,06-01-2015,15839.71157
3082,Kota,30,8,Rajasthan,06-01-2015,15873.5451
3083,Nagaur,14,8,Rajasthan,06-01-2015,15797.12168
3084,Pali,20,8,Rajasthan,06-01-2015,15764.87403
3085,Rajsamand,25,8,Rajasthan,06-01-2015,15592.39943
3086,Sawai Madhopur,10,8,Rajasthan,06-01-2015,15822.59818
3087,Shrawasti,51,9,Uttar Pradesh,06-01-2015,15605.76292
3088,Saharanpur,1,9,Uttar Pradesh,06-01-2015,15429.30442
3089,Sitapur,24,9,Uttar Pradesh,06-01-2015,15696.1397
3090,Sultanpur,49,9,Uttar Pradesh,06-01-2015,15788.22065
3091,Sonbhadra,70,9,Uttar Pradesh,06-01-2015,15812.18817
3092,Siddharthnagar,54,9,Uttar Pradesh,06-01-2015,15716.25973
3093,Unnao,26,9,Uttar Pradesh,06-01-2015,15838.70795
3094,Varanasi,67,9,Uttar Pradesh,06-01-2015,15849.12522
3095,Bulandshahr,11,9,Uttar Pradesh,06-01-2015,15566.39381
3096,Gautam Buddha Nagar,10,9,Uttar Pradesh,06-01-2015,15641.20105
3097,Ghaziabad,9,9,Uttar Pradesh,06-01-2015,15507.484
3098,Auraiya,32,9,Uttar Pradesh,06-01-2015,15798.31395
3099,Azamgarh,61,9,Uttar Pradesh,06-01-2015,15841.5261
3100,Budaun,19,9,Uttar Pradesh,06-01-2015,15670.57147
3101,Agra,15,9,Uttar Pradesh,06-01-2015,15816.64564
3102,Aligarh,12,9,Uttar Pradesh,06-01-2015,15696.57543
3103,Allahabad,45,9,Uttar Pradesh,06-01-2015,15916.10267
3104,Ambedkar Nagar,48,9,Uttar Pradesh,06-01-2015,15679.70241
3105,Bareilly,20,9,Uttar Pradesh,06-01-2015,15585.99252
3106,Bijnor,3,9,Uttar Pradesh,06-01-2015,15502.92758
3107,Basti,55,9,Uttar Pradesh,06-01-2015,15667.06711
3108,Baghpat,8,9,Uttar Pradesh,06-01-2015,15440.94534
3109,Bahraich,50,9,Uttar Pradesh,06-01-2015,15654.34354
3110,Ballia,63,9,Uttar Pradesh,06-01-2015,15850.27003
3111,Balrampur,52,9,Uttar Pradesh,06-01-2015,15554.37577
3112,Banda,40,9,Uttar Pradesh,06-01-2015,16009.38577
3113,Barabanki,46,9,Uttar Pradesh,06-01-2015,15662.84532
3114,Chitrakoot,41,9,Uttar Pradesh,06-01-2015,15937.34452
3115,Chandauli,66,9,Uttar Pradesh,06-01-2015,15880.63896
3116,Deoria,60,9,Uttar Pradesh,06-01-2015,15901.24973
3117,Etah,17,9,Uttar Pradesh,06-01-2015,15719.01793
3118,Kanpur Dehat,33,9,Uttar Pradesh,06-01-2015,15904.06606
3119,Etawah,31,9,Uttar Pradesh,06-01-2015,15701.18036
3120,Faizabad,47,9,Uttar Pradesh,06-01-2015,15644.54142
3121,Ghazipur,65,9,Uttar Pradesh,06-01-2015,15837.13755
3122,Gonda,53,9,Uttar Pradesh,06-01-2015,15649.60023
3123,Gorakhpur,58,9,Uttar Pradesh,06-01-2015,15933.53902
3124,Farrukhabad,29,9,Uttar Pradesh,06-01-2015,15720.22837
3125,Fatehpur,42,9,Uttar Pradesh,06-01-2015,15900.87441
3126,Firozabad,16,9,Uttar Pradesh,06-01-2015,15757.37926
3127,Hamirpur,38,9,Uttar Pradesh,06-01-2015,15949.13311
3128,Hardoi,25,9,Uttar Pradesh,06-01-2015,15787.52012
3129,Hathras,13,9,Uttar Pradesh,06-01-2015,15686.83697
3130,Jalaun,35,9,Uttar Pradesh,06-01-2015,15917.89844
3131,Jaunpur,64,9,Uttar Pradesh,06-01-2015,15910.50885
3132,Jhansi,36,9,Uttar Pradesh,06-01-2015,15909.10985
3133,Jyotiba Phule Nagar,6,9,Uttar Pradesh,06-01-2015,15483.09393
3134,Kannauj,30,9,Uttar Pradesh,06-01-2015,15721.4442
3135,Kanpur Nagar,34,9,Uttar Pradesh,06-01-2015,15882.42725
3136,Kaushambi,44,9,Uttar Pradesh,06-01-2015,15901.71115
3137,Kheri,23,9,Uttar Pradesh,06-01-2015,15562.91418
3138,Mirzapur,69,9,Uttar Pradesh,06-01-2015,15909.55461
3139,Moradabad,4,9,Uttar Pradesh,06-01-2015,15530.98969
3140,Muzaffarnagar,2,9,Uttar Pradesh,06-01-2015,15418.85469
3141,Rae Bareli,28,9,Uttar Pradesh,06-01-2015,15803.14324
3142,Kushinagar,59,9,Uttar Pradesh,06-01-2015,15676.21027
3143,Lucknow,27,9,Uttar Pradesh,06-01-2015,15703.85183
3144,Lalitpur,37,9,Uttar Pradesh,06-01-2015,15873.09219
3145,Mahrajganj,57,9,Uttar Pradesh,06-01-2015,15771.94167
3146,Mahoba,39,9,Uttar Pradesh,06-01-2015,15943.86331
3147,Mainpuri,18,9,Uttar Pradesh,06-01-2015,15756.17695
3148,Mathura,14,9,Uttar Pradesh,06-01-2015,15749.55218
3149,Mau,62,9,Uttar Pradesh,06-01-2015,15862.6273
3150,Meerut,7,9,Uttar Pradesh,06-01-2015,15455.14912
3151,Pilibhit,21,9,Uttar Pradesh,06-01-2015,15528.89809
3152,Pratapgarh,43,9,Uttar Pradesh,06-01-2015,15867.90192
3153,Rampur,5,9,Uttar Pradesh,06-01-2015,15539.97144
3154,Sant Ravidas Nagar Bhadohi,68,9,Uttar Pradesh,06-01-2015,15971.11892
3155,Sant Kabir Nagar,56,9,Uttar Pradesh,06-01-2015,15831.70145
3156,Shahjahanpur,22,9,Uttar Pradesh,06-01-2015,15673.52105
3157,Sheikhpura,26,10,Bihar,06-01-2015,15881.93679
3158,Sheohar,3,10,Bihar,06-01-2015,15487.86336
3159,Saharsa,12,10,Bihar,06-01-2015,15439.23862
3160,Sitamarhi,4,10,Bihar,06-01-2015,15491.71456
3161,Siwan,16,10,Bihar,06-01-2015,15760.31863
3162,Supaul,6,10,Bihar,06-01-2015,15247.73158
3163,Vaishali,18,10,Bihar,06-01-2015,15600.25814
3164,Kaimur (Bhabua),31,10,Bihar,06-01-2015,15887.88603
3165,Gaya,35,10,Bihar,06-01-2015,15813.45952
3166,Bhojpur,29,10,Bihar,06-01-2015,15868.868
3167,Buxar,30,10,Bihar,06-01-2015,15926.27787
3168,Jehanabad,33,10,Bihar,06-01-2015,15837.10788
3169,Rohtas,32,10,Bihar,06-01-2015,15853.27367
3170,Araria,7,10,Bihar,06-01-2015,15257.67371
3171,Aurangabad,34,10,Bihar,06-01-2015,15843.86435
3172,Banka,23,10,Bihar,06-01-2015,15652.5809
3173,Bhagalpur,22,10,Bihar,06-01-2015,15627.74459
3174,Begusarai,20,10,Bihar,06-01-2015,15738.88407
3175,Saran,17,10,Bihar,06-01-2015,15755.87349
3176,Katihar,10,10,Bihar,06-01-2015,15399.17294
3177,Darbhanga,13,10,Bihar,06-01-2015,15537.6056
3178,Gopalganj,15,10,Bihar,06-01-2015,15666.99049
3179,Jamui,37,10,Bihar,06-01-2015,15719.6534
3180,Kishanganj,8,10,Bihar,06-01-2015,15233.07696
3181,Muzaffarpur,14,10,Bihar,06-01-2015,15553.95155
3182,Purnia,9,10,Bihar,06-01-2015,15378.44116
3183,Khagaria,21,10,Bihar,06-01-2015,15669.26774
3184,Madhubani,5,10,Bihar,06-01-2015,15429.45948
3185,Lakhisarai,25,10,Bihar,06-01-2015,15766.13071
3186,Madhepura,11,10,Bihar,06-01-2015,15403.74189
3187,Purba Champaran,2,10,Bihar,06-01-2015,15584.91926
3188,Munger,24,10,Bihar,06-01-2015,15672.29703
3189,Nalanda,27,10,Bihar,06-01-2015,15795.9476
3190,Nawada,36,10,Bihar,06-01-2015,15728.0333
3191,Pashchim Champaran,1,10,Bihar,06-01-2015,15566.89541
3192,Patna,28,10,Bihar,06-01-2015,15779.73768
3193,Samastipur,19,10,Bihar,06-01-2015,15625.91818
3194,South,3,11,Sikkim,06-01-2015,14737.79028
3195,West,2,11,Sikkim,06-01-2015,14438.99307
3196,East,4,11,Sikkim,06-01-2015,14659.18877
3197,North,1,11,Sikkim,06-01-2015,14134.23351
3198,Tawang,1,12,Arunanchal Pradesh,06-01-2015,14323.42312
3199,Tirap,13,12,Arunanchal Pradesh,06-01-2015,15227.98605
3200,West Kameng,2,12,Arunanchal Pradesh,06-01-2015,14440.5
3201,West Siang,7,12,Arunanchal Pradesh,06-01-2015,14836.31484
3202,Upper Siang,9,12,Arunanchal Pradesh,06-01-2015,14649.55793
3203,Upper Subansiri,6,12,Arunanchal Pradesh,06-01-2015,14507.9456
3204,Changlang,12,12,Arunanchal Pradesh,06-01-2015,15151.53533
3205,Dibang Valley,10,12,Arunanchal Pradesh,06-01-2015,14605.73511
3206,East Kameng,3,12,Arunanchal Pradesh,06-01-2015,14481.7427
3207,East Siang,8,12,Arunanchal Pradesh,06-01-2015,15169.36288
3208,Lohit,11,12,Arunanchal Pradesh,06-01-2015,14734.95485
3209,Lower Subansiri,5,12,Arunanchal Pradesh,06-01-2015,14553.53514
3210,Papum Pare,4,12,Arunanchal Pradesh,06-01-2015,14782.07907
3211,Tuensang,2,13,Nagaland,06-01-2015,14953.03317
3212,Wokha,5,13,Nagaland,06-01-2015,15087.50852
3213,Zunheboto,4,13,Nagaland,06-01-2015,14945.7608
3214,Dimapur,6,13,Nagaland,06-01-2015,15159.94368
3215,Kohima,7,13,Nagaland,06-01-2015,14995.38175
3216,Mokokchung,3,13,Nagaland,06-01-2015,15064.3501
3217,Mon,1,13,Nagaland,06-01-2015,15118.29037
3218,Phek,8,13,Nagaland,06-01-2015,14947.33195
3219,Tamenglong,2,14,Manipur,06-01-2015,14923.69102
3220,Thoubal,5,14,Manipur,06-01-2015,15309.77169
3221,Ukhrul,8,14,Manipur,06-01-2015,14985.50199
3222,Bishnupur,4,14,Manipur,06-01-2015,15114.82038
3223,Chandel,9,14,Manipur,06-01-2015,15101.99255
3224,Churachandpur,3,14,Manipur,06-01-2015,14976.29554
3225,Imphal East,7,14,Manipur,06-01-2015,15252.43999
3226,Imphal West,6,14,Manipur,06-01-2015,15002.20371
3227,Senapati (Excl. 3 sub-divisions),1,14,Manipur,06-01-2015,14921.83734
3228,Aizawl,3,15,Mizoram,06-01-2015,14983.55266
3229,Champhai,4,15,Mizoram,06-01-2015,14970.83708
3230,Kolasib,2,15,Mizoram,06-01-2015,14983.78296
3231,Mamit,1,15,Mizoram,06-01-2015,15007.27262
3232,Lunglei,6,15,Mizoram,06-01-2015,15028.84924
3233,Lawngtlai,7,15,Mizoram,06-01-2015,15067.48898
3234,Saiha,8,15,Mizoram,06-01-2015,14997.4184
3235,Serchhip,5,15,Mizoram,06-01-2015,15003.34803
3236,South Tripura,2,16,Tripura,06-01-2015,15151.23714
3237,West Tripura,1,16,Tripura,06-01-2015,15196.26847
3238,Dhalai,3,16,Tripura,06-01-2015,15114.93528
3239,North Tripura,4,16,Tripura,06-01-2015,15067.09897
3240,Ri Bhoi,5,17,Meghalaya,06-01-2015,15097.07696
3241,South Garo Hills,3,17,Meghalaya,06-01-2015,15040.41992
3242,West Garo Hills,1,17,Meghalaya,06-01-2015,15089.83504
3243,West Khasi Hills,4,17,Meghalaya,06-01-2015,14895.45571
3244,East Garo Hills,2,17,Meghalaya,06-01-2015,15080.94452
3245,East Khasi Hills,6,17,Meghalaya,06-01-2015,14955.38619
3246,Jaintia Hills,7,17,Meghalaya,06-01-2015,15022.11112
3247,Sonitpur,11,18,Assam,06-01-2015,14970.0355
3248,Sibsagar,16,18,Assam,06-01-2015,15254.2732
3249,Tinsukia,14,18,Assam,06-01-2015,15289.86816
3250,Barpeta,5,18,Assam,06-01-2015,15023.34769
3251,Bongaigaon,4,18,Assam,06-01-2015,15069.32985
3252,Cachar,21,18,Assam,06-01-2015,15034.29751
3253,Darrang,8,18,Assam,06-01-2015,14945.53189
3254,Dhemaji,13,18,Assam,06-01-2015,15066.55611
3255,Dhubri,2,18,Assam,06-01-2015,15049.81888
3256,Dibrugarh,15,18,Assam,06-01-2015,15110.31912
3257,Kamrup,6,18,Assam,06-01-2015,15009.83001
3258,Karbi Anglong,19,18,Assam,06-01-2015,15097.76698
3259,Goalpara,3,18,Assam,06-01-2015,14953.66104
3260,Golaghat,18,18,Assam,06-01-2015,14992.91222
3261,Hailakandi,23,18,Assam,06-01-2015,14993.30763
3262,Jorhat,17,18,Assam,06-01-2015,14978.24281
3263,Karimganj,22,18,Assam,06-01-2015,15008.85786
3264,Kokrajhar,1,18,Assam,06-01-2015,15043.65727
3265,Lakhimpur,12,18,Assam,06-01-2015,15105.42782
3266,Nagaon,10,18,Assam,06-01-2015,15118.3485
3267,Marigaon,9,18,Assam,06-01-2015,15026.35579
3268,Nalbari,7,18,Assam,06-01-2015,15062.13201
3269,North Cachar Hills,20,18,Assam,06-01-2015,15049.94554
3270,South  Twenty Four Parganas,18,19,West Bengal,06-01-2015,15368.87662
3271,Uttar Dinajpur,4,19,West Bengal,06-01-2015,15286.2533
3272,Barddhaman,9,19,West Bengal,06-01-2015,15580.65917
3273,Birbhum,8,19,West Bengal,06-01-2015,15559.35522
3274,Bankura,13,19,West Bengal,06-01-2015,15616.93771
3275,Dakshin Dinajpur,5,19,West Bengal,06-01-2015,15324.30191
3276,Darjiling,1,19,West Bengal,06-01-2015,14967.67606
3277,Haora,16,19,West Bengal,06-01-2015,15429.2689
3278,Hugli,12,19,West Bengal,06-01-2015,15474.65914
3279,Jalpaiguri,2,19,West Bengal,06-01-2015,15146.59643
3280,Koch Bihar,3,19,West Bengal,06-01-2015,15160.55325
3281,Murshidabad,7,19,West Bengal,06-01-2015,15363.57703
3282,Puruliya,14,19,West Bengal,06-01-2015,15656.00289
3283,Kolkata,17,19,West Bengal,06-01-2015,15502.12509
3284,Maldah,6,19,West Bengal,06-01-2015,15304.08402
3285,Nadia,10,19,West Bengal,06-01-2015,15380.25859
3286,North Twenty Four Parganas,11,19,West Bengal,06-01-2015,15309.03132
3287,Medinipur,15,19,West Bengal,06-01-2015,15513.03782
3288,Ranchi,14,20,Jharkhand,06-01-2015,15558.90963
3289,Sahibganj,9,20,Jharkhand,06-01-2015,15476.29111
3290,Garhwa,1,20,Jharkhand,06-01-2015,15860.61974
3291,Palamu,2,20,Jharkhand,06-01-2015,15738.10107
3292,Chatra,3,20,Jharkhand,06-01-2015,15680.7821
3293,Hazaribagh,4,20,Jharkhand,06-01-2015,15611.9256
3294,Kodarma,5,20,Jharkhand,06-01-2015,15634.53312
3295,Bokaro,13,20,Jharkhand,06-01-2015,15668.00083
3296,Deoghar,7,20,Jharkhand,06-01-2015,15668.40684
3297,Dhanbad,12,20,Jharkhand,06-01-2015,15682.73214
3298,Dumka,11,20,Jharkhand,06-01-2015,15600.94817
3299,Giridih,6,20,Jharkhand,06-01-2015,15729.01353
3300,Godda,8,20,Jharkhand,06-01-2015,15565.51599
3301,Gumla,16,20,Jharkhand,06-01-2015,15559.05219
3302,Purbi Singhbhum,18,20,Jharkhand,06-01-2015,15600.74468
3303,Lohardaga,15,20,Jharkhand,06-01-2015,15541.387
3304,Pakaur,10,20,Jharkhand,06-01-2015,15536.22367
3305,Pashchimi Singhbhum,17,20,Jharkhand,06-01-2015,15523.10684
3306,Rayagada,27,21,Orissa,06-01-2015,15248.64601
3307,Sundargarh,5,21,Orissa,06-01-2015,15508.49564
3308,Sonapur,23,21,Orissa,06-01-2015,15619.53995
3309,Anugul,15,21,Orissa,06-01-2015,15461.31093
3310,Bhadrak,9,21,Orissa,06-01-2015,15551.29135
3311,Baudh,22,21,Orissa,06-01-2015,15498.98589
3312,Balangir,24,21,Orissa,06-01-2015,15561.75516
3313,Baleshwar,8,21,Orissa,06-01-2015,15502.91462
3314,Bargarh,1,21,Orissa,06-01-2015,15615.76789
3315,Kendrapara,10,21,Orissa,06-01-2015,15530.1403
3316,Kendujhar,6,21,Orissa,06-01-2015,15408.69237
3317,Debagarh,4,21,Orissa,06-01-2015,15452.78643
3318,Cuttack,12,21,Orissa,06-01-2015,15493.85802
3319,Dhenkanal,14,21,Orissa,06-01-2015,15433.20593
3320,Kalahandi,26,21,Orissa,06-01-2015,15385.2111
3321,Ganjam,19,21,Orissa,06-01-2015,15505.30389
3322,Gajapati,20,21,Orissa,06-01-2015,15251.55887
3323,Jajapur,13,21,Orissa,06-01-2015,15606.9004
3324,Jagatsinghapur,11,21,Orissa,06-01-2015,15590.26785
3325,Jharsuguda,2,21,Orissa,06-01-2015,15553.58265
3326,Khordha,17,21,Orissa,06-01-2015,15530.1687
3327,Mayurbhanj,7,21,Orissa,06-01-2015,15438.71022
3328,Puri,18,21,Orissa,06-01-2015,15554.41547
3329,Koraput,29,21,Orissa,06-01-2015,15276.59196
3330,Malkangiri,30,21,Orissa,06-01-2015,15325.51549
3331,Nabarangapur,28,21,Orissa,06-01-2015,15410.42011
3332,Nayagarh,16,21,Orissa,06-01-2015,15426.53947
3333,Nuapada,25,21,Orissa,06-01-2015,15564.82234
3334,Kandhamal,21,21,Orissa,06-01-2015,15243.51091
3335,Sambalpur,3,21,Orissa,06-01-2015,15504.60664
3336,Surguja,2,22,Chhattisgarh,06-01-2015,15656.49985
3337,Bilaspur,7,22,Chhattisgarh,06-01-2015,15618.24892
3338,Janjgir - Champa,6,22,Chhattisgarh,06-01-2015,15607.2819
3339,Korba,5,22,Chhattisgarh,06-01-2015,15532.24097
3340,Kawardha,8,22,Chhattisgarh,06-01-2015,15617.31144
3341,Bastar,15,22,Chhattisgarh,06-01-2015,15382.02215
3342,Dantewada,16,22,Chhattisgarh,06-01-2015,15316.51486
3343,Dhamtari,13,22,Chhattisgarh,06-01-2015,15518.44389
3344,Durg,10,22,Chhattisgarh,06-01-2015,15680.24661
3345,Kanker,14,22,Chhattisgarh,06-01-2015,15488.38743
3346,Jashpur,3,22,Chhattisgarh,06-01-2015,15516.11303
3347,Koriya,1,22,Chhattisgarh,06-01-2015,15595.53928
3348,Mahasamund,12,22,Chhattisgarh,06-01-2015,15643.70486
3349,Raigarh,4,22,Chhattisgarh,06-01-2015,15561.1623
3350,Raipur,11,22,Chhattisgarh,06-01-2015,15623.93207
3351,Rajnandgaon,9,22,Chhattisgarh,06-01-2015,15653.44676
3352,Shajapur,22,23,Madhya Pradesh,06-01-2015,15885.39249
3353,Shivpuri,6,23,Madhya Pradesh,06-01-2015,15872.70661
3354,Ratlam,20,23,Madhya Pradesh,06-01-2015,15909.37439
3355,Rewa,14,23,Madhya Pradesh,06-01-2015,15853.86565
3356,Sagar,11,23,Madhya Pradesh,06-01-2015,15863.6752
3357,Sidhi,17,23,Madhya Pradesh,06-01-2015,15789.76921
3358,Ujjain,21,23,Madhya Pradesh,06-01-2015,15855.68893
3359,Vidisha,31,23,Madhya Pradesh,06-01-2015,15948.61376
3360,West Nimar,27,23,Madhya Pradesh,06-01-2015,15863.34538
3361,Morena,2,23,Madhya Pradesh,06-01-2015,15860.2649
3362,Sheopur,1,23,Madhya Pradesh,06-01-2015,15887.74241
3363,Dindori,41,23,Madhya Pradesh,06-01-2015,15598.50561
3364,Mandla,42,23,Madhya Pradesh,06-01-2015,15678.83011
3365,Shahdol,16,23,Madhya Pradesh,06-01-2015,15715.51301
3366,Umaria,15,23,Madhya Pradesh,06-01-2015,15718.50433
3367,Bhind,3,23,Madhya Pradesh,06-01-2015,15875.99221
3368,Bhopal,32,23,Madhya Pradesh,06-01-2015,15893.88337
3369,Barwani,28,23,Madhya Pradesh,06-01-2015,15816.4711
3370,Betul,35,23,Madhya Pradesh,06-01-2015,15733.99966
3371,Balaghat,45,23,Madhya Pradesh,06-01-2015,15580.98142
3372,Chhatarpur,9,23,Madhya Pradesh,06-01-2015,15843.62815
3373,Chhindwara,43,23,Madhya Pradesh,06-01-2015,15743.67064
3374,Dewas,23,23,Madhya Pradesh,06-01-2015,15860.45178
3375,Katni,38,23,Madhya Pradesh,06-01-2015,15775.16612
3376,Datia,5,23,Madhya Pradesh,06-01-2015,15819.40916
3377,Damoh,12,23,Madhya Pradesh,06-01-2015,15843.97327
3378,Dhar,25,23,Madhya Pradesh,06-01-2015,15812.95148
3379,East Nimar,29,23,Madhya Pradesh,06-01-2015,15880.39502
3380,Guna,7,23,Madhya Pradesh,06-01-2015,15911.49016
3381,Gwalior,4,23,Madhya Pradesh,06-01-2015,15826.41249
3382,Harda,36,23,Madhya Pradesh,06-01-2015,15878.84278
3383,Hoshangabad,37,23,Madhya Pradesh,06-01-2015,15749.30982
3384,Indore,26,23,Madhya Pradesh,06-01-2015,15811.44141
3385,Jabalpur,39,23,Madhya Pradesh,06-01-2015,15777.60221
3386,Jhabua,24,23,Madhya Pradesh,06-01-2015,15798.47699
3387,Mandsaur,19,23,Madhya Pradesh,06-01-2015,15863.7396
3388,Tikamgarh,8,23,Madhya Pradesh,06-01-2015,15875.76361
3389,Narsimhapur,40,23,Madhya Pradesh,06-01-2015,15737.65465
3390,Neemuch,18,23,Madhya Pradesh,06-01-2015,15815.68082
3391,Panna,10,23,Madhya Pradesh,06-01-2015,15805.18096
3392,Raisen,34,23,Madhya Pradesh,06-01-2015,15876.54863
3393,Rajgarh,30,23,Madhya Pradesh,06-01-2015,15954.72752
3394,Satna,13,23,Madhya Pradesh,06-01-2015,15826.53585
3395,Sehore,33,23,Madhya Pradesh,06-01-2015,15913.7709
3396,Seoni,44,23,Madhya Pradesh,06-01-2015,15733.30754
3397,Sabar Kantha,5,24,Gujarat,06-01-2015,15820.47244
3398,Surendranagar,8,24,Gujarat,06-01-2015,15814.60642
3399,The Dangs,23,24,Gujarat,06-01-2015,15706.83587
3400,Vadodara,19,24,Gujarat,06-01-2015,15749.68985
3401,Valsad,25,24,Gujarat,06-01-2015,15596.00549
3402,Bharuch,21,24,Gujarat,06-01-2015,15642.44539
3403,Surat,22,24,Gujarat,06-01-2015,15620.97826
3404,Anand,15,24,Gujarat,06-01-2015,15743.85561
3405,Ahmadabad,7,24,Gujarat,06-01-2015,15812.66134
3406,Amreli,13,24,Gujarat,06-01-2015,15749.78925
3407,Bhavnagar,14,24,Gujarat,06-01-2015,15776.97057
3408,Banas Kantha,2,24,Gujarat,06-01-2015,15774.73242
3409,Dohad,18,24,Gujarat,06-01-2015,15776.24571
3410,Junagadh,12,24,Gujarat,06-01-2015,15696.41894
3411,Kachchh,1,24,Gujarat,06-01-2015,15773.27386
3412,Gandhinagar,6,24,Gujarat,06-01-2015,15771.1124
3413,Jamnagar,10,24,Gujarat,06-01-2015,15635.60968
3414,Kheda,16,24,Gujarat,06-01-2015,15824.41432
3415,Mahesana,4,24,Gujarat,06-01-2015,15817.17532
3416,Narmada,20,24,Gujarat,06-01-2015,15740.73074
3417,Navsari,24,24,Gujarat,06-01-2015,15497.81474
3418,Panch Mahals,17,24,Gujarat,06-01-2015,15757.72677
3419,Patan,3,24,Gujarat,06-01-2015,15821.97449
3420,Porbandar,11,24,Gujarat,06-01-2015,15619.40698
3421,Rajkot,9,24,Gujarat,06-01-2015,15740.21373
3422,Daman,2,25,Daman & Diu,06-01-2015,15527.30834
3423,Diu,1,25,Daman & Diu,06-01-2015,15240.32966
3424,Dadra & Nagar Haveli,1,26,Dadara & Nagar Havelli,06-01-2015,15663.75781
3425,Ratnagiri,32,27,Maharashtra,06-01-2015,15561.15978
3426,Raigarh,24,27,Maharashtra,06-01-2015,15671.78465
3427,Thane,21,27,Maharashtra,06-01-2015,15697.8206
3428,Solapur,30,27,Maharashtra,06-01-2015,15719.70667
3429,Sindhudurg,33,27,Maharashtra,06-01-2015,15456.98612
3430,Wardha,8,27,Maharashtra,06-01-2015,15850.16999
3431,Washim,6,27,Maharashtra,06-01-2015,15949.58212
3432,Yavatmal,14,27,Maharashtra,06-01-2015,15874.51302
3433,Aurangabad,19,27,Maharashtra,06-01-2015,15818.3378
3434,Ahmadnagar,26,27,Maharashtra,06-01-2015,15709.86287
3435,Akola,5,27,Maharashtra,06-01-2015,15947.18952
3436,Amravati,7,27,Maharashtra,06-01-2015,15846.22451
3437,Bid,27,27,Maharashtra,06-01-2015,15907.06635
3438,Bhandara,10,27,Maharashtra,06-01-2015,15639.68172
3439,Buldana,4,27,Maharashtra,06-01-2015,15887.8593
3440,Chandrapur,13,27,Maharashtra,06-01-2015,15660.17383
3441,Dhule,2,27,Maharashtra,06-01-2015,15775.1933
3442,Gadchiroli,12,27,Maharashtra,06-01-2015,15401.37335
3443,Gondiya,11,27,Maharashtra,06-01-2015,15647.16013
3444,Hingoli,16,27,Maharashtra,06-01-2015,15913.88462
3445,Jalgaon,3,27,Maharashtra,06-01-2015,15846.82092
3446,Jalna,18,27,Maharashtra,06-01-2015,15936.90906
3447,Kolhapur,34,27,Maharashtra,06-01-2015,15368.10354
3448,Latur,28,27,Maharashtra,06-01-2015,15930.29741
3449,Pune,25,27,Maharashtra,06-01-2015,15549.35997
3450,Nagpur,9,27,Maharashtra,06-01-2015,15733.85237
3451,Mumbai,23,27,Maharashtra,06-01-2015,15396.01668
3452,Mumbai (Suburban),22,27,Maharashtra,06-01-2015,15470.30414
3453,Nanded,15,27,Maharashtra,06-01-2015,15827.16549
3454,Nandurbar,1,27,Maharashtra,06-01-2015,15726.73647
3455,Nashik,20,27,Maharashtra,06-01-2015,15699.19334
3456,Osmanabad,29,27,Maharashtra,06-01-2015,15874.37159
3457,Parbhani,17,27,Maharashtra,06-01-2015,15954.87785
3458,Sangli,35,27,Maharashtra,06-01-2015,15490.82124
3459,Satara,31,27,Maharashtra,06-01-2015,15506.70175
3460,Rangareddi,6,28,Andhra Pradesh,06-01-2015,15656.7828
3461,Srikakulam,11,28,Andhra Pradesh,06-01-2015,15420.41805
3462,West Godavari,15,28,Andhra Pradesh,06-01-2015,15333.65707
3463,Visakhapatnam,13,28,Andhra Pradesh,06-01-2015,15196.88871
3464,Vizianagaram,12,28,Andhra Pradesh,06-01-2015,15337.59342
3465,Warangal,9,28,Andhra Pradesh,06-01-2015,15583.26579
3466,Anantapur,22,28,Andhra Pradesh,06-01-2015,15564.64632
3467,Adilabad,1,28,Andhra Pradesh,06-01-2015,15663.34494
3468,Chittoor,23,28,Andhra Pradesh,06-01-2015,15446.47131
3469,Cuddapah,20,28,Andhra Pradesh,06-01-2015,15558.21333
3470,East Godavari,14,28,Andhra Pradesh,06-01-2015,15183.33054
3471,Karimnagar,3,28,Andhra Pradesh,06-01-2015,15621.90098
3472,Guntur,17,28,Andhra Pradesh,06-01-2015,15602.35333
3473,Hyderabad,5,28,Andhra Pradesh,06-01-2015,15526.03745
3474,Khammam,10,28,Andhra Pradesh,06-01-2015,15493.25744
3475,Medak,4,28,Andhra Pradesh,06-01-2015,15665.40893
3476,Krishna,16,28,Andhra Pradesh,06-01-2015,15509.25311
3477,Kurnool,21,28,Andhra Pradesh,06-01-2015,15703.8669
3478,Mahbubnagar,7,28,Andhra Pradesh,06-01-2015,15669.59421
3479,Nalgonda,8,28,Andhra Pradesh,06-01-2015,15620.41229
3480,Nellore,19,28,Andhra Pradesh,06-01-2015,15645.35055
3481,Nizamabad,2,28,Andhra Pradesh,06-01-2015,15687.37182
3482,Prakasam,18,28,Andhra Pradesh,06-01-2015,15644.97204
3483,Shimoga,15,29,Karnataka,06-01-2015,15136.44182
3484,Tumkur,18,29,Karnataka,06-01-2015,15364.3058
3485,Udupi,16,29,Karnataka,06-01-2015,15155.07966
3486,Uttara Kannada,10,29,Karnataka,06-01-2015,15091.6931
3487,Bagalkot,2,29,Karnataka,06-01-2015,15529.9818
3488,Bangalore,20,29,Karnataka,06-01-2015,15233.80777
3489,Bidar,5,29,Karnataka,06-01-2015,15818.55051
3490,Bijapur,3,29,Karnataka,06-01-2015,15718.48704
3491,Belgaum,1,29,Karnataka,06-01-2015,15392.1751
3492,Bellary,12,29,Karnataka,06-01-2015,15556.02633
3493,Bangalore Rural,21,29,Karnataka,06-01-2015,15275.65219
3494,Chamarajanagar,27,29,Karnataka,06-01-2015,15194.95649
3495,Chikmagalur,17,29,Karnataka,06-01-2015,15099.62406
3496,Chitradurga,13,29,Karnataka,06-01-2015,15427.27196
3497,Dakshina Kannada,24,29,Karnataka,06-01-2015,15081.1863
3498,Davanagere,14,29,Karnataka,06-01-2015,15371.50261
3499,Dharwad,9,29,Karnataka,06-01-2015,15475.78535
3500,Gulbarga,4,29,Karnataka,06-01-2015,15812.14159
3501,Gadag,8,29,Karnataka,06-01-2015,15606.35047
3502,Hassan,23,29,Karnataka,06-01-2015,15173.56836
3503,Haveri,11,29,Karnataka,06-01-2015,15375.37419
3504,Kodagu,25,29,Karnataka,06-01-2015,14908.02636
3505,Kolar,19,29,Karnataka,06-01-2015,15397.68588
3506,Mandya,22,29,Karnataka,06-01-2015,15222.32183
3507,Koppal,7,29,Karnataka,06-01-2015,15556.48692
3508,Mysore,26,29,Karnataka,06-01-2015,15119.56777
3509,Raichur,6,29,Karnataka,06-01-2015,15715.96967
3510,South Goa,2,30,Goa,06-01-2015,15212.15831
3511,North Goa,1,30,Goa,06-01-2015,15278.17205
3512,Lakshadweep,1,31,Lakshadweep,06-01-2015,15034.43809
3513,Thrissur,7,32,Kerala,06-01-2015,15055.15401
3514,Thiruvananthapuram,14,32,Kerala,06-01-2015,15029.33777
3515,Wayanad,3,32,Kerala,06-01-2015,14987.53889
3516,Alappuzha,11,32,Kerala,06-01-2015,15056.88362
3517,Kasaragod,1,32,Kerala,06-01-2015,15004.04314
3518,Kannur,2,32,Kerala,06-01-2015,15108.80546
3519,Ernakulam,8,32,Kerala,06-01-2015,14991.6992
3520,Idukki,9,32,Kerala,06-01-2015,14872.38623
3521,Kollam,13,32,Kerala,06-01-2015,15033.43201
3522,Kottayam,10,32,Kerala,06-01-2015,15075.36904
3523,Kozhikode,4,32,Kerala,06-01-2015,15057.43332
3524,Malappuram,5,32,Kerala,06-01-2015,15069.38663
3525,Palakkad,6,32,Kerala,06-01-2015,15012.53688
3526,Pathanamthitta,12,32,Kerala,06-01-2015,14984.3389
3527,Sivaganga,23,33,Tamil Nadu,06-01-2015,15590.60658
3528,Tiruchirappalli,15,33,Tamil Nadu,06-01-2015,15540.74863
3529,Tirunelveli,29,33,Tamil Nadu,06-01-2015,15501.51361
3530,Tiruvannamalai,6,33,Tamil Nadu,06-01-2015,15532.50562
3531,Thoothukkudi,28,33,Tamil Nadu,06-01-2015,15749.39393
3532,Theni,25,33,Tamil Nadu,06-01-2015,15280.20956
3533,Vellore,4,33,Tamil Nadu,06-01-2015,15460.40128
3534,Viluppuram,7,33,Tamil Nadu,06-01-2015,15567.99482
3535,Virudhunagar,26,33,Tamil Nadu,06-01-2015,15750.85613
3536,Chennai,2,33,Tamil Nadu,06-01-2015,15583.6487
3537,Kancheepuram,3,33,Tamil Nadu,06-01-2015,15636.33215
3538,Thiruvallur,1,33,Tamil Nadu,06-01-2015,15564.13514
3539,Thanjavur,21,33,Tamil Nadu,06-01-2015,15450.44247
3540,Thiruvarur,20,33,Tamil Nadu,06-01-2015,15465.7349
3541,Nagapattinam,19,33,Tamil Nadu,06-01-2015,15437.23788
3542,Ariyalur,17,33,Tamil Nadu,06-01-2015,15574.98647
3543,Coimbatore,12,33,Tamil Nadu,06-01-2015,15225.45644
3544,Cuddalore,18,33,Tamil Nadu,06-01-2015,15460.93677
3545,Dharmapuri,5,33,Tamil Nadu,06-01-2015,15358.24457
3546,Dindigul,13,33,Tamil Nadu,06-01-2015,15380.78238
3547,Erode,10,33,Tamil Nadu,06-01-2015,15351.449
3548,Kanniyakumari,30,33,Tamil Nadu,06-01-2015,15037.50067
3549,Karur,14,33,Tamil Nadu,06-01-2015,15608.16409
3550,Madurai,24,33,Tamil Nadu,06-01-2015,15541.32563
3551,Namakkal,9,33,Tamil Nadu,06-01-2015,15464.61536
3552,The Nilgiris,11,33,Tamil Nadu,06-01-2015,14845.15519
3553,Perambalur,16,33,Tamil Nadu,06-01-2015,15668.21222
3554,Pudukkottai,22,33,Tamil Nadu,06-01-2015,15498.45956
3555,Ramanathapuram,27,33,Tamil Nadu,06-01-2015,15685.68249
3556,Salem,8,33,Tamil Nadu,06-01-2015,15413.26998
3557,Yanam,1,34,Puducherry,06-01-2015,15182.38266
3558,Karaikal,4,34,Puducherry,06-01-2015,15521.18593
3559,Mahe,3,34,Puducherry,06-01-2015,15142.57902
3560,Pondicherry,2,34,Puducherry,06-01-2015,15545.21381
3561,Nicobars,2,35,Andaman & Nicobar Island,06-01-2015,15037.55756
3562,Andamans,1,35,Andaman & Nicobar Island,06-01-2015,15024.40679
3563,Data Not Available,99,99,Jammu and Kashmir,06-01-2015,14390.53813
3564,Srinagar,3,1,Jammu and Kashmir,07-01-2015,14668.06286
3565,Udhampur,10,1,Jammu and Kashmir,07-01-2015,14943.85319
3566,Anantnag,6,1,Jammu and Kashmir,07-01-2015,14652.16051
3567,Badgam,4,1,Jammu and Kashmir,07-01-2015,14803.8492
3568,Baramula,2,1,Jammu and Kashmir,07-01-2015,14775.20487
3569,Doda,9,1,Jammu and Kashmir,07-01-2015,14529.63172
3570,Jammu,13,1,Jammu and Kashmir,07-01-2015,15354.23185
3571,Kargil,8,1,Jammu and Kashmir,07-01-2015,14689.39935
3572,Kathua,14,1,Jammu and Kashmir,07-01-2015,15102.5966
3573,Leh (Ladakh),7,1,Jammu and Kashmir,07-01-2015,14793.42131
3574,Kupwara,1,1,Jammu and Kashmir,07-01-2015,14808.83391
3575,Punch,11,1,Jammu and Kashmir,07-01-2015,14902.49463
3576,Pulwama,5,1,Jammu and Kashmir,07-01-2015,14869.12273
3577,Rajauri,12,1,Jammu and Kashmir,07-01-2015,15068.62736
3578,Shimla,11,2,Himachal Pradesh,07-01-2015,14749.0319
3579,Sirmaur,10,2,Himachal Pradesh,07-01-2015,15024.39098
3580,Solan,9,2,Himachal Pradesh,07-01-2015,15069.37967
3581,Una,7,2,Himachal Pradesh,07-01-2015,15208.52627
3582,Bilaspur,8,2,Himachal Pradesh,07-01-2015,15115.28233
3583,Chamba,1,2,Himachal Pradesh,07-01-2015,14605.83559
3584,Hamirpur,6,2,Himachal Pradesh,07-01-2015,15102.63227
3585,Kangra,2,2,Himachal Pradesh,07-01-2015,14922.39907
3586,Kinnaur,12,2,Himachal Pradesh,07-01-2015,14584.65915
3587,Lahul & Spiti,3,2,Himachal Pradesh,07-01-2015,14520.26922
3588,Kullu,4,2,Himachal Pradesh,07-01-2015,14477.2401
3589,Mandi,5,2,Himachal Pradesh,07-01-2015,14912.01253
3590,Rupnagar,7,3,Punjab,07-01-2015,15280.0572
3591,Hoshiarpur,5,3,Punjab,07-01-2015,15293.95749
3592,Amritsar,2,3,Punjab,07-01-2015,15278.74295
3593,Firozpur,11,3,Punjab,07-01-2015,15260.06351
3594,Bathinda,14,3,Punjab,07-01-2015,15250.92943
3595,Gurdaspur,1,3,Punjab,07-01-2015,15329.8435
3596,Faridkot,13,3,Punjab,07-01-2015,15191.25916
3597,Fatehgarh Sahib,8,3,Punjab,07-01-2015,15237.10418
3598,Jalandhar,4,3,Punjab,07-01-2015,15282.24286
3599,Kapurthala,3,3,Punjab,07-01-2015,15259.5647
3600,Ludhiana,9,3,Punjab,07-01-2015,15259.76334
3601,Mansa,15,3,Punjab,07-01-2015,15294.88091
3602,Moga,10,3,Punjab,07-01-2015,15153.7561
3603,Muktsar,12,3,Punjab,07-01-2015,15284.7142
3604,Nawanshahr,6,3,Punjab,07-01-2015,15274.66051
3605,Patiala,17,3,Punjab,07-01-2015,15222.89206
3606,Sangrur,16,3,Punjab,07-01-2015,15193.58325
3607,Chandigarh,1,4,Chandigarh,07-01-2015,15384.84275
3608,Rudraprayag,3,5,Uttarakhand,07-01-2015,14617.042
3609,Tehri Garhwal,4,5,Uttarakhand,07-01-2015,14836.17451
3610,Udham Singh Nagar,12,5,Uttarakhand,07-01-2015,15154.60423
3611,Uttarkashi,1,5,Uttarakhand,07-01-2015,14512.77956
3612,Hardwar,13,5,Uttarakhand,07-01-2015,15124.46479
3613,Bageshwar,8,5,Uttarakhand,07-01-2015,14729.92682
3614,Almora,9,5,Uttarakhand,07-01-2015,14999.58022
3615,Chamoli,2,5,Uttarakhand,07-01-2015,14462.12195
3616,Champawat,10,5,Uttarakhand,07-01-2015,14980.22182
3617,Dehradun,5,5,Uttarakhand,07-01-2015,15060.99146
3618,Garhwal,6,5,Uttarakhand,07-01-2015,14992.2979
3619,Nainital,11,5,Uttarakhand,07-01-2015,15032.37521
3620,Pithoragarh,7,5,Uttarakhand,07-01-2015,14554.65611
3621,Rohtak,14,6,Haryana,07-01-2015,15350.36209
3622,Sirsa,11,6,Haryana,07-01-2015,15373.56932
3623,Sonipat,8,6,Haryana,07-01-2015,15279.48831
3624,Yamunanagar,3,6,Haryana,07-01-2015,15171.46456
3625,Jhajjar,15,6,Haryana,07-01-2015,15475.88861
3626,Mahendragarh,16,6,Haryana,07-01-2015,15362.42226
3627,Rewari,17,6,Haryana,07-01-2015,15454.05944
3628,Bhiwani,13,6,Haryana,07-01-2015,15504.63545
3629,Hisar,12,6,Haryana,07-01-2015,15428.1785
3630,Ambala,2,6,Haryana,07-01-2015,15222.01331
3631,Gurgaon,18,6,Haryana,07-01-2015,15377.22825
3632,Faridabad,19,6,Haryana,07-01-2015,15298.18044
3633,Fatehabad,10,6,Haryana,07-01-2015,15339.88665
3634,Jind,9,6,Haryana,07-01-2015,15270.64358
3635,Kaithal,5,6,Haryana,07-01-2015,15218.84511
3636,Karnal,6,6,Haryana,07-01-2015,15190.12186
3637,Kurukshetra,4,6,Haryana,07-01-2015,15160.17676
3638,Panchkula,1,6,Haryana,07-01-2015,15202.42351
3639,Panipat,7,6,Haryana,07-01-2015,15287.73011
3640,Central,6,7,Delhi  & NCR,07-01-2015,15219.32947
3641,East,4,7,Delhi  & NCR,07-01-2015,15232.44653
3642,New Delhi,5,7,Delhi  & NCR,07-01-2015,15189.32731
3643,North,2,7,Delhi  & NCR,07-01-2015,15252.9384
3644,North East,3,7,Delhi  & NCR,07-01-2015,15250.75227
3645,North West,1,7,Delhi  & NCR,07-01-2015,15325.81728
3646,South,9,7,Delhi  & NCR,07-01-2015,15247.52707
3647,South West,8,7,Delhi  & NCR,07-01-2015,15351.03346
3648,West,7,7,Delhi  & NCR,07-01-2015,15301.45845
3649,Sirohi,19,8,Rajasthan,07-01-2015,15440.3967
3650,Tonk,22,8,Rajasthan,07-01-2015,15388.27691
3651,Sikar,13,8,Rajasthan,07-01-2015,15318.86253
3652,Alwar,6,8,Rajasthan,07-01-2015,15352.35514
3653,Udaipur,26,8,Rajasthan,07-01-2015,15330.96407
3654,Ganganagar,1,8,Rajasthan,07-01-2015,15517.33252
3655,Hanumangarh,2,8,Rajasthan,07-01-2015,15488.00374
3656,Baran,31,8,Rajasthan,07-01-2015,15438.31037
3657,Ajmer,21,8,Rajasthan,07-01-2015,15465.76177
3658,Banswara,28,8,Rajasthan,07-01-2015,15434.44796
3659,Barmer,17,8,Rajasthan,07-01-2015,15529.48642
3660,Bhilwara,24,8,Rajasthan,07-01-2015,15492.29646
3661,Bikaner,3,8,Rajasthan,07-01-2015,15653.8288
3662,Bharatpur,7,8,Rajasthan,07-01-2015,15339.61942
3663,Bundi,23,8,Rajasthan,07-01-2015,15358.55321
3664,Chittaurgarh,29,8,Rajasthan,07-01-2015,15371.20932
3665,Churu,4,8,Rajasthan,07-01-2015,15502.98388
3666,Dausa,11,8,Rajasthan,07-01-2015,15401.38498
3667,Dhaulpur,8,8,Rajasthan,07-01-2015,15415.76383
3668,Dungarpur,27,8,Rajasthan,07-01-2015,15457.3138
3669,Karauli,9,8,Rajasthan,07-01-2015,15346.44881
3670,Jaipur,12,8,Rajasthan,07-01-2015,15316.00309
3671,Jaisalmer,16,8,Rajasthan,07-01-2015,15691.47376
3672,Jalor,18,8,Rajasthan,07-01-2015,15516.89689
3673,Jhalawar,32,8,Rajasthan,07-01-2015,15402.26685
3674,Jhunjhunun,5,8,Rajasthan,07-01-2015,15398.99296
3675,Jodhpur,15,8,Rajasthan,07-01-2015,15534.92081
3676,Kota,30,8,Rajasthan,07-01-2015,15427.8884
3677,Nagaur,14,8,Rajasthan,07-01-2015,15415.27817
3678,Pali,20,8,Rajasthan,07-01-2015,15431.54905
3679,Rajsamand,25,8,Rajasthan,07-01-2015,15400.00567
3680,Sawai Madhopur,10,8,Rajasthan,07-01-2015,15327.56041
3681,Shrawasti,51,9,Uttar Pradesh,07-01-2015,15268.89881
3682,Saharanpur,1,9,Uttar Pradesh,07-01-2015,15120.75491
3683,Sitapur,24,9,Uttar Pradesh,07-01-2015,15280.27718
3684,Sultanpur,49,9,Uttar Pradesh,07-01-2015,15362.15357
3685,Sonbhadra,70,9,Uttar Pradesh,07-01-2015,15378.09349
3686,Siddharthnagar,54,9,Uttar Pradesh,07-01-2015,15269.46401
3687,Unnao,26,9,Uttar Pradesh,07-01-2015,15394.05932
3688,Varanasi,67,9,Uttar Pradesh,07-01-2015,15293.82522
3689,Bulandshahr,11,9,Uttar Pradesh,07-01-2015,15233.9226
3690,Gautam Buddha Nagar,10,9,Uttar Pradesh,07-01-2015,15292.14908
3691,Ghaziabad,9,9,Uttar Pradesh,07-01-2015,15184.15814
3692,Hathras,13,9,Uttar Pradesh,07-01-2015,15384.23114
3693,Auraiya,32,9,Uttar Pradesh,07-01-2015,15458.08882
3694,Azamgarh,61,9,Uttar Pradesh,07-01-2015,15304.82874
3695,Budaun,19,9,Uttar Pradesh,07-01-2015,15350.8523
3696,Agra,15,9,Uttar Pradesh,07-01-2015,15444.59273
3697,Aligarh,12,9,Uttar Pradesh,07-01-2015,15337.42283
3698,Allahabad,45,9,Uttar Pradesh,07-01-2015,15348.15772
3699,Ambedkar Nagar,48,9,Uttar Pradesh,07-01-2015,15299.86514
3700,Bareilly,20,9,Uttar Pradesh,07-01-2015,15248.34422
3701,Bijnor,3,9,Uttar Pradesh,07-01-2015,15120.23667
3702,Basti,55,9,Uttar Pradesh,07-01-2015,15283.97967
3703,Baghpat,8,9,Uttar Pradesh,07-01-2015,15157.54864
3704,Bahraich,50,9,Uttar Pradesh,07-01-2015,15265.26155
3705,Ballia,63,9,Uttar Pradesh,07-01-2015,15321.88069
3706,Balrampur,52,9,Uttar Pradesh,07-01-2015,15243.7259
3707,Banda,40,9,Uttar Pradesh,07-01-2015,15489.2209
3708,Barabanki,46,9,Uttar Pradesh,07-01-2015,15310.90607
3709,Chitrakoot,41,9,Uttar Pradesh,07-01-2015,15348.24704
3710,Chandauli,66,9,Uttar Pradesh,07-01-2015,15272.5069
3711,Deoria,60,9,Uttar Pradesh,07-01-2015,15338.59349
3712,Etah,17,9,Uttar Pradesh,07-01-2015,15397.35048
3713,Kanpur Dehat,33,9,Uttar Pradesh,07-01-2015,15408.37433
3714,Etawah,31,9,Uttar Pradesh,07-01-2015,15398.59603
3715,Faizabad,47,9,Uttar Pradesh,07-01-2015,15294.23281
3716,Ghazipur,65,9,Uttar Pradesh,07-01-2015,15317.84136
3717,Gonda,53,9,Uttar Pradesh,07-01-2015,15297.15457
3718,Gorakhpur,58,9,Uttar Pradesh,07-01-2015,15318.1849
3719,Farrukhabad,29,9,Uttar Pradesh,07-01-2015,15383.37663
3720,Fatehpur,42,9,Uttar Pradesh,07-01-2015,15442.4105
3721,Firozabad,16,9,Uttar Pradesh,07-01-2015,15427.01754
3722,Hamirpur,38,9,Uttar Pradesh,07-01-2015,15538.39802
3723,Hardoi,25,9,Uttar Pradesh,07-01-2015,15351.70558
3724,Jalaun,35,9,Uttar Pradesh,07-01-2015,15508.76578
3725,Jaunpur,64,9,Uttar Pradesh,07-01-2015,15316.84261
3726,Jhansi,36,9,Uttar Pradesh,07-01-2015,15502.17557
3727,Jyotiba Phule Nagar,6,9,Uttar Pradesh,07-01-2015,15182.8529
3728,Kannauj,30,9,Uttar Pradesh,07-01-2015,15365.23183
3729,Kanpur Nagar,34,9,Uttar Pradesh,07-01-2015,15414.48029
3730,Kaushambi,44,9,Uttar Pradesh,07-01-2015,15399.64346
3731,Kheri,23,9,Uttar Pradesh,07-01-2015,15190.9635
3732,Mirzapur,69,9,Uttar Pradesh,07-01-2015,15322.63613
3733,Moradabad,4,9,Uttar Pradesh,07-01-2015,15239.20524
3734,Muzaffarnagar,2,9,Uttar Pradesh,07-01-2015,15145.33681
3735,Rae Bareli,28,9,Uttar Pradesh,07-01-2015,15405.71736
3736,Kushinagar,59,9,Uttar Pradesh,07-01-2015,15295.732
3737,Lucknow,27,9,Uttar Pradesh,07-01-2015,15346.25554
3738,Lalitpur,37,9,Uttar Pradesh,07-01-2015,15375.86822
3739,Mahrajganj,57,9,Uttar Pradesh,07-01-2015,15229.89731
3740,Mahoba,39,9,Uttar Pradesh,07-01-2015,15490.94686
3741,Mainpuri,18,9,Uttar Pradesh,07-01-2015,15386.69395
3742,Mathura,14,9,Uttar Pradesh,07-01-2015,15355.50861
3743,Mau,62,9,Uttar Pradesh,07-01-2015,15317.36644
3744,Meerut,7,9,Uttar Pradesh,07-01-2015,15141.53261
3745,Pilibhit,21,9,Uttar Pradesh,07-01-2015,15142.63539
3746,Pratapgarh,43,9,Uttar Pradesh,07-01-2015,15354.68399
3747,Rampur,5,9,Uttar Pradesh,07-01-2015,15159.73984
3748,Sant Ravidas Nagar Bhadohi,68,9,Uttar Pradesh,07-01-2015,15316.83499
3749,Sant Kabir Nagar,56,9,Uttar Pradesh,07-01-2015,15311.5597
3750,Shahjahanpur,22,9,Uttar Pradesh,07-01-2015,15292.72666
3751,Sheikhpura,26,10,Bihar,07-01-2015,15349.17306
3752,Sheohar,3,10,Bihar,07-01-2015,15387.88773
3753,Saharsa,12,10,Bihar,07-01-2015,15346.08004
3754,Sitamarhi,4,10,Bihar,07-01-2015,15395.12499
3755,Siwan,16,10,Bihar,07-01-2015,15314.09656
3756,Supaul,6,10,Bihar,07-01-2015,15343.53819
3757,Vaishali,18,10,Bihar,07-01-2015,15220.62333
3758,Kaimur (Bhabua),31,10,Bihar,07-01-2015,15274.36089
3759,Gaya,35,10,Bihar,07-01-2015,15339.21647
3760,Bhojpur,29,10,Bihar,07-01-2015,15391.91388
3761,Buxar,30,10,Bihar,07-01-2015,15338.10608
3762,Jehanabad,33,10,Bihar,07-01-2015,15299.14054
3763,Rohtas,32,10,Bihar,07-01-2015,15301.68811
3764,Araria,7,10,Bihar,07-01-2015,15343.85799
3765,Aurangabad,34,10,Bihar,07-01-2015,15343.09499
3766,Banka,23,10,Bihar,07-01-2015,15199.0828
3767,Bhagalpur,22,10,Bihar,07-01-2015,15173.81634
3768,Begusarai,20,10,Bihar,07-01-2015,15371.47244
3769,Saran,17,10,Bihar,07-01-2015,15304.59619
3770,Katihar,10,10,Bihar,07-01-2015,15202.47179
3771,Darbhanga,13,10,Bihar,07-01-2015,15394.74712
3772,Gopalganj,15,10,Bihar,07-01-2015,15320.21961
3773,Jamui,37,10,Bihar,07-01-2015,15251.16232
3774,Kishanganj,8,10,Bihar,07-01-2015,15292.40349
3775,Muzaffarpur,14,10,Bihar,07-01-2015,15310.27129
3776,Purnia,9,10,Bihar,07-01-2015,15319.59227
3777,Khagaria,21,10,Bihar,07-01-2015,15240.20495
3778,Madhubani,5,10,Bihar,07-01-2015,15424.24021
3779,Lakhisarai,25,10,Bihar,07-01-2015,15302.29337
3780,Madhepura,11,10,Bihar,07-01-2015,15366.47426
3781,Purba Champaran,2,10,Bihar,07-01-2015,15326.90842
3782,Munger,24,10,Bihar,07-01-2015,15178.76484
3783,Nalanda,27,10,Bihar,07-01-2015,15225.46966
3784,Nawada,36,10,Bihar,07-01-2015,15340.67984
3785,Pashchim Champaran,1,10,Bihar,07-01-2015,15195.00726
3786,Patna,28,10,Bihar,07-01-2015,15258.69443
3787,Samastipur,19,10,Bihar,07-01-2015,15288.29108
3788,South,3,11,Sikkim,07-01-2015,14738.41803
3789,West,2,11,Sikkim,07-01-2015,14487.28664
3790,East,4,11,Sikkim,07-01-2015,14672.93762
3791,North,1,11,Sikkim,07-01-2015,14253.74156
3792,Tawang,1,12,Arunanchal Pradesh,07-01-2015,14365.22298
3793,Tirap,13,12,Arunanchal Pradesh,07-01-2015,15068.50073
3794,West Kameng,2,12,Arunanchal Pradesh,07-01-2015,14754.45705
3795,West Siang,7,12,Arunanchal Pradesh,07-01-2015,14884.59465
3796,Upper Siang,9,12,Arunanchal Pradesh,07-01-2015,14734.76967
3797,Upper Subansiri,6,12,Arunanchal Pradesh,07-01-2015,14712.28139
3798,Changlang,12,12,Arunanchal Pradesh,07-01-2015,15004.29768
3799,Dibang Valley,10,12,Arunanchal Pradesh,07-01-2015,14734.37889
3800,East Kameng,3,12,Arunanchal Pradesh,07-01-2015,14814.65898
3801,East Siang,8,12,Arunanchal Pradesh,07-01-2015,15111.65091
3802,Lohit,11,12,Arunanchal Pradesh,07-01-2015,14798.38292
3803,Lower Subansiri,5,12,Arunanchal Pradesh,07-01-2015,14762.87603
3804,Papum Pare,4,12,Arunanchal Pradesh,07-01-2015,14986.94639
3805,Tuensang,2,13,Nagaland,07-01-2015,14956.01887
3806,Wokha,5,13,Nagaland,07-01-2015,15167.05962
3807,Zunheboto,4,13,Nagaland,07-01-2015,14961.51968
3808,Dimapur,6,13,Nagaland,07-01-2015,15214.12319
3809,Kohima,7,13,Nagaland,07-01-2015,15034.71865
3810,Mokokchung,3,13,Nagaland,07-01-2015,15128.54617
3811,Mon,1,13,Nagaland,07-01-2015,15135.30499
3812,Phek,8,13,Nagaland,07-01-2015,14906.85847
3813,Tamenglong,2,14,Manipur,07-01-2015,14982.07813
3814,Thoubal,5,14,Manipur,07-01-2015,14928.78736
3815,Ukhrul,8,14,Manipur,07-01-2015,15013.13109
3816,Bishnupur,4,14,Manipur,07-01-2015,14863.77393
3817,Chandel,9,14,Manipur,07-01-2015,15115.03293
3818,Churachandpur,3,14,Manipur,07-01-2015,14917.98849
3819,Imphal East,7,14,Manipur,07-01-2015,15042.3456
3820,Imphal West,6,14,Manipur,07-01-2015,15034.11845
3821,Senapati (Excl. 3 sub-divisions),1,14,Manipur,07-01-2015,14979.02997
3822,Aizawl,3,15,Mizoram,07-01-2015,14975.60775
3823,Champhai,4,15,Mizoram,07-01-2015,14943.96142
3824,Kolasib,2,15,Mizoram,07-01-2015,15011.86648
3825,Mamit,1,15,Mizoram,07-01-2015,15011.22851
3826,Lunglei,6,15,Mizoram,07-01-2015,15004.48796
3827,Lawngtlai,7,15,Mizoram,07-01-2015,15067.58731
3828,Saiha,8,15,Mizoram,07-01-2015,15017.61649
3829,Serchhip,5,15,Mizoram,07-01-2015,14940.55602
3830,South Tripura,2,16,Tripura,07-01-2015,15072.48327
3831,West Tripura,1,16,Tripura,07-01-2015,15066.32761
3832,Dhalai,3,16,Tripura,07-01-2015,15006.85779
3833,North Tripura,4,16,Tripura,07-01-2015,15037.934
3834,Ri Bhoi,5,17,Meghalaya,07-01-2015,15134.7132
3835,South Garo Hills,3,17,Meghalaya,07-01-2015,15217.09219
3836,West Garo Hills,1,17,Meghalaya,07-01-2015,15142.96975
3837,West Khasi Hills,4,17,Meghalaya,07-01-2015,15062.64808
3838,East Garo Hills,2,17,Meghalaya,07-01-2015,15121.70093
3839,East Khasi Hills,6,17,Meghalaya,07-01-2015,15032.90353
3840,Jaintia Hills,7,17,Meghalaya,07-01-2015,15043.68555
3841,Sonitpur,11,18,Assam,07-01-2015,15214.40958
3842,Sibsagar,16,18,Assam,07-01-2015,15252.57939
3843,Tinsukia,14,18,Assam,07-01-2015,15265.24122
3844,Barpeta,5,18,Assam,07-01-2015,15183.07499
3845,Bongaigaon,4,18,Assam,07-01-2015,15221.4328
3846,Cachar,21,18,Assam,07-01-2015,15047.40812
3847,Darrang,8,18,Assam,07-01-2015,15226.66223
3848,Dhemaji,13,18,Assam,07-01-2015,15249.58543
3849,Dhubri,2,18,Assam,07-01-2015,15187.99365
3850,Dibrugarh,15,18,Assam,07-01-2015,15208.93361
3851,Kamrup,6,18,Assam,07-01-2015,15217.28116
3852,Karbi Anglong,19,18,Assam,07-01-2015,15150.55138
3853,Goalpara,3,18,Assam,07-01-2015,15206.89778
3854,Golaghat,18,18,Assam,07-01-2015,15215.2016
3855,Hailakandi,23,18,Assam,07-01-2015,15071.73023
3856,Jorhat,17,18,Assam,07-01-2015,15228.55158
3857,Karimganj,22,18,Assam,07-01-2015,15180.48689
3858,Kokrajhar,1,18,Assam,07-01-2015,15236.21812
3859,Lakhimpur,12,18,Assam,07-01-2015,15242.98214
3860,Nagaon,10,18,Assam,07-01-2015,15271.80129
3861,Marigaon,9,18,Assam,07-01-2015,15228.25382
3862,Nalbari,7,18,Assam,07-01-2015,15227.20889
3863,North Cachar Hills,20,18,Assam,07-01-2015,15100.79581
3864,South  Twenty Four Parganas,18,19,West Bengal,07-01-2015,15169.12911
3865,Uttar Dinajpur,4,19,West Bengal,07-01-2015,15296.56647
3866,Hugli,12,19,West Bengal,07-01-2015,15166.85707
3867,Barddhaman,9,19,West Bengal,07-01-2015,15202.05503
3868,Birbhum,8,19,West Bengal,07-01-2015,15184.24391
3869,Bankura,13,19,West Bengal,07-01-2015,15157.07052
3870,Dakshin Dinajpur,5,19,West Bengal,07-01-2015,15179.11435
3871,Darjiling,1,19,West Bengal,07-01-2015,15068.82985
3872,Haora,16,19,West Bengal,07-01-2015,15204.59216
3873,Jalpaiguri,2,19,West Bengal,07-01-2015,15272.31977
3874,Koch Bihar,3,19,West Bengal,07-01-2015,15277.7639
3875,Murshidabad,7,19,West Bengal,07-01-2015,15084.12015
3876,Puruliya,14,19,West Bengal,07-01-2015,15114.48949
3877,Kolkata,17,19,West Bengal,07-01-2015,15159.82738
3878,Maldah,6,19,West Bengal,07-01-2015,15208.62693
3879,Nadia,10,19,West Bengal,07-01-2015,15097.63219
3880,North Twenty Four Parganas,11,19,West Bengal,07-01-2015,15077.19137
3881,Medinipur,15,19,West Bengal,07-01-2015,15259.59519
3882,Ranchi,14,20,Jharkhand,07-01-2015,15221.21133
3883,Sahibganj,9,20,Jharkhand,07-01-2015,15209.12312
3884,Garhwa,1,20,Jharkhand,07-01-2015,15442.78886
3885,Palamu,2,20,Jharkhand,07-01-2015,15293.13203
3886,Chatra,3,20,Jharkhand,07-01-2015,15326.43047
3887,Hazaribagh,4,20,Jharkhand,07-01-2015,15242.14061
3888,Kodarma,5,20,Jharkhand,07-01-2015,15288.83966
3889,Bokaro,13,20,Jharkhand,07-01-2015,15230.91866
3890,Deoghar,7,20,Jharkhand,07-01-2015,15225.81046
3891,Dhanbad,12,20,Jharkhand,07-01-2015,15218.57076
3892,Dumka,11,20,Jharkhand,07-01-2015,15169.06536
3893,Giridih,6,20,Jharkhand,07-01-2015,15321.35997
3894,Godda,8,20,Jharkhand,07-01-2015,15258.17282
3895,Gumla,16,20,Jharkhand,07-01-2015,15237.03377
3896,Purbi Singhbhum,18,20,Jharkhand,07-01-2015,15216.23042
3897,Lohardaga,15,20,Jharkhand,07-01-2015,15175.5071
3898,Pakaur,10,20,Jharkhand,07-01-2015,15191.51945
3899,Pashchimi Singhbhum,17,20,Jharkhand,07-01-2015,15165.44772
3900,Rayagada,27,21,Orissa,07-01-2015,15155.37366
3901,Sundargarh,5,21,Orissa,07-01-2015,15246.89301
3902,Sonapur,23,21,Orissa,07-01-2015,15184.34046
3903,Anugul,15,21,Orissa,07-01-2015,15211.83963
3904,Bhadrak,9,21,Orissa,07-01-2015,15294.74064
3905,Baudh,22,21,Orissa,07-01-2015,15175.17637
3906,Balangir,24,21,Orissa,07-01-2015,15290.45577
3907,Baleshwar,8,21,Orissa,07-01-2015,15258.99556
3908,Bargarh,1,21,Orissa,07-01-2015,15188.89147
3909,Kendrapara,10,21,Orissa,07-01-2015,15361.53047
3910,Kendujhar,6,21,Orissa,07-01-2015,15222.25753
3911,Debagarh,4,21,Orissa,07-01-2015,15159.70782
3912,Cuttack,12,21,Orissa,07-01-2015,15282.77148
3913,Dhenkanal,14,21,Orissa,07-01-2015,15247.42643
3914,Kalahandi,26,21,Orissa,07-01-2015,15146.49946
3915,Ganjam,19,21,Orissa,07-01-2015,15297.31122
3916,Gajapati,20,21,Orissa,07-01-2015,15150.64536
3917,Jajapur,13,21,Orissa,07-01-2015,15233.79421
3918,Jagatsinghapur,11,21,Orissa,07-01-2015,15431.93707
3919,Jharsuguda,2,21,Orissa,07-01-2015,15192.34867
3920,Khordha,17,21,Orissa,07-01-2015,15354.54275
3921,Mayurbhanj,7,21,Orissa,07-01-2015,15211.47044
3922,Puri,18,21,Orissa,07-01-2015,15455.09006
3923,Koraput,29,21,Orissa,07-01-2015,15112.64727
3924,Malkangiri,30,21,Orissa,07-01-2015,15095.93097
3925,Nabarangapur,28,21,Orissa,07-01-2015,15152.7376
3926,Nayagarh,16,21,Orissa,07-01-2015,15289.65121
3927,Nuapada,25,21,Orissa,07-01-2015,15210.78724
3928,Kandhamal,21,21,Orissa,07-01-2015,15110.44637
3929,Sambalpur,3,21,Orissa,07-01-2015,15175.91095
3930,Surguja,2,22,Chhattisgarh,07-01-2015,15243.73334
3931,Bilaspur,7,22,Chhattisgarh,07-01-2015,15260.49669
3932,Janjgir - Champa,6,22,Chhattisgarh,07-01-2015,15244.23888
3933,Korba,5,22,Chhattisgarh,07-01-2015,15148.46539
3934,Kawardha,8,22,Chhattisgarh,07-01-2015,15245.33976
3935,Bastar,15,22,Chhattisgarh,07-01-2015,15059.61567
3936,Dantewada,16,22,Chhattisgarh,07-01-2015,15099.42107
3937,Dhamtari,13,22,Chhattisgarh,07-01-2015,15136.60896
3938,Durg,10,22,Chhattisgarh,07-01-2015,15350.00688
3939,Kanker,14,22,Chhattisgarh,07-01-2015,15126.95571
3940,Jashpur,3,22,Chhattisgarh,07-01-2015,15209.17308
3941,Koriya,1,22,Chhattisgarh,07-01-2015,15219.63032
3942,Mahasamund,12,22,Chhattisgarh,07-01-2015,15180.67027
3943,Raigarh,4,22,Chhattisgarh,07-01-2015,15202.26545
3944,Raipur,11,22,Chhattisgarh,07-01-2015,15228.94843
3945,Rajnandgaon,9,22,Chhattisgarh,07-01-2015,15256.58278
3946,Shajapur,22,23,Madhya Pradesh,07-01-2015,15309.35711
3947,Shivpuri,6,23,Madhya Pradesh,07-01-2015,15458.10651
3948,Ratlam,20,23,Madhya Pradesh,07-01-2015,15351.11901
3949,Rewa,14,23,Madhya Pradesh,07-01-2015,15336.43834
3950,Sagar,11,23,Madhya Pradesh,07-01-2015,15305.43928
3951,Sidhi,17,23,Madhya Pradesh,07-01-2015,15322.98062
3952,Ujjain,21,23,Madhya Pradesh,07-01-2015,15296.5975
3953,Vidisha,31,23,Madhya Pradesh,07-01-2015,15386.7197
3954,West Nimar,27,23,Madhya Pradesh,07-01-2015,15502.79151
3955,Morena,2,23,Madhya Pradesh,07-01-2015,15391.53816
3956,Sheopur,1,23,Madhya Pradesh,07-01-2015,15401.43127
3957,Dindori,41,23,Madhya Pradesh,07-01-2015,15144.78831
3958,Mandla,42,23,Madhya Pradesh,07-01-2015,15162.73402
3959,Shahdol,16,23,Madhya Pradesh,07-01-2015,15279.54241
3960,Umaria,15,23,Madhya Pradesh,07-01-2015,15235.16302
3961,Hoshangabad,37,23,Madhya Pradesh,07-01-2015,15395.40279
3962,Indore,26,23,Madhya Pradesh,07-01-2015,15207.33445
3963,Bhind,3,23,Madhya Pradesh,07-01-2015,15509.61822
3964,Bhopal,32,23,Madhya Pradesh,07-01-2015,15339.76119
3965,Barwani,28,23,Madhya Pradesh,07-01-2015,15411.61597
3966,Betul,35,23,Madhya Pradesh,07-01-2015,15365.06203
3967,Balaghat,45,23,Madhya Pradesh,07-01-2015,15179.21847
3968,Chhatarpur,9,23,Madhya Pradesh,07-01-2015,15336.97337
3969,Chhindwara,43,23,Madhya Pradesh,07-01-2015,15300.13988
3970,Dewas,23,23,Madhya Pradesh,07-01-2015,15348.84474
3971,Katni,38,23,Madhya Pradesh,07-01-2015,15208.99357
3972,Datia,5,23,Madhya Pradesh,07-01-2015,15578.86611
3973,Damoh,12,23,Madhya Pradesh,07-01-2015,15293.87301
3974,Dhar,25,23,Madhya Pradesh,07-01-2015,15320.82237
3975,East Nimar,29,23,Madhya Pradesh,07-01-2015,15497.45557
3976,Guna,7,23,Madhya Pradesh,07-01-2015,15421.45277
3977,Gwalior,4,23,Madhya Pradesh,07-01-2015,15500.61482
3978,Harda,36,23,Madhya Pradesh,07-01-2015,15553.07969
3979,Jabalpur,39,23,Madhya Pradesh,07-01-2015,15237.29846
3980,Jhabua,24,23,Madhya Pradesh,07-01-2015,15297.90571
3981,Mandsaur,19,23,Madhya Pradesh,07-01-2015,15312.61465
3982,Tikamgarh,8,23,Madhya Pradesh,07-01-2015,15390.64114
3983,Narsimhapur,40,23,Madhya Pradesh,07-01-2015,15284.36092
3984,Neemuch,18,23,Madhya Pradesh,07-01-2015,15321.15443
3985,Panna,10,23,Madhya Pradesh,07-01-2015,15243.72249
3986,Raisen,34,23,Madhya Pradesh,07-01-2015,15306.68944
3987,Rajgarh,30,23,Madhya Pradesh,07-01-2015,15340.83187
3988,Satna,13,23,Madhya Pradesh,07-01-2015,15307.61859
3989,Sehore,33,23,Madhya Pradesh,07-01-2015,15399.40636
3990,Seoni,44,23,Madhya Pradesh,07-01-2015,15272.27827
3991,Sabar Kantha,5,24,Gujarat,07-01-2015,15408.47721
3992,Surendranagar,8,24,Gujarat,07-01-2015,15428.53499
3993,The Dangs,23,24,Gujarat,07-01-2015,15223.94038
3994,Vadodara,19,24,Gujarat,07-01-2015,15316.67572
3995,Valsad,25,24,Gujarat,07-01-2015,15218.58616
3996,Bharuch,21,24,Gujarat,07-01-2015,15309.96789
3997,Surat,22,24,Gujarat,07-01-2015,15242.56409
3998,Anand,15,24,Gujarat,07-01-2015,15413.37822
3999,Ahmadabad,7,24,Gujarat,07-01-2015,15415.82455
4000,Amreli,13,24,Gujarat,07-01-2015,15402.04157
4001,Bhavnagar,14,24,Gujarat,07-01-2015,15421.97956
4002,Banas Kantha,2,24,Gujarat,07-01-2015,15502.84492
4003,Dohad,18,24,Gujarat,07-01-2015,15316.6272
4004,Junagadh,12,24,Gujarat,07-01-2015,15319.11825
4005,Kachchh,1,24,Gujarat,07-01-2015,15390.80643
4006,Gandhinagar,6,24,Gujarat,07-01-2015,15440.49516
4007,Jamnagar,10,24,Gujarat,07-01-2015,15416.23078
4008,Kheda,16,24,Gujarat,07-01-2015,15422.0228
4009,Mahesana,4,24,Gujarat,07-01-2015,15491.75187
4010,Narmada,20,24,Gujarat,07-01-2015,15242.58878
4011,Navsari,24,24,Gujarat,07-01-2015,15206.10666
4012,Panch Mahals,17,24,Gujarat,07-01-2015,15349.85598
4013,Patan,3,24,Gujarat,07-01-2015,15529.40871
4014,Porbandar,11,24,Gujarat,07-01-2015,15359.03158
4015,Rajkot,9,24,Gujarat,07-01-2015,15449.90153
4016,Daman,2,25,Daman & Diu,07-01-2015,15262.62081
4017,Diu,1,25,Daman & Diu,07-01-2015,15130.69508
4018,Dadra & Nagar Haveli,1,26,Dadara & Nagar Havelli,07-01-2015,15208.40895
4019,Ratnagiri,32,27,Maharashtra,07-01-2015,15086.47426
4020,Raigarh,24,27,Maharashtra,07-01-2015,15116.64449
4021,Thane,21,27,Maharashtra,07-01-2015,15180.31005
4022,Solapur,30,27,Maharashtra,07-01-2015,15615.61375
4023,Sindhudurg,33,27,Maharashtra,07-01-2015,15060.31236
4024,Wardha,8,27,Maharashtra,07-01-2015,15553.41004
4025,Washim,6,27,Maharashtra,07-01-2015,15495.99845
4026,Yavatmal,14,27,Maharashtra,07-01-2015,15514.23826
4027,Hingoli,16,27,Maharashtra,07-01-2015,15525.07764
4028,Aurangabad,19,27,Maharashtra,07-01-2015,15507.43329
4029,Ahmadnagar,26,27,Maharashtra,07-01-2015,15518.73788
4030,Akola,5,27,Maharashtra,07-01-2015,15612.34048
4031,Amravati,7,27,Maharashtra,07-01-2015,15525.15713
4032,Bid,27,27,Maharashtra,07-01-2015,15585.05988
4033,Bhandara,10,27,Maharashtra,07-01-2015,15330.769
4034,Buldana,4,27,Maharashtra,07-01-2015,15591.14321
4035,Chandrapur,13,27,Maharashtra,07-01-2015,15366.19271
4036,Dhule,2,27,Maharashtra,07-01-2015,15446.41271
4037,Gadchiroli,12,27,Maharashtra,07-01-2015,15178.06699
4038,Gondiya,11,27,Maharashtra,07-01-2015,15231.73795
4039,Jalgaon,3,27,Maharashtra,07-01-2015,15512.82606
4040,Jalna,18,27,Maharashtra,07-01-2015,15619.18495
4041,Kolhapur,34,27,Maharashtra,07-01-2015,15100.82263
4042,Latur,28,27,Maharashtra,07-01-2015,15675.46717
4043,Pune,25,27,Maharashtra,07-01-2015,15285.29093
4044,Nagpur,9,27,Maharashtra,07-01-2015,15433.3593
4045,Mumbai,23,27,Maharashtra,07-01-2015,15210.8414
4046,Mumbai (Suburban),22,27,Maharashtra,07-01-2015,15172.5998
4047,Nanded,15,27,Maharashtra,07-01-2015,15531.1958
4048,Nandurbar,1,27,Maharashtra,07-01-2015,15341.01565
4049,Nashik,20,27,Maharashtra,07-01-2015,15340.1931
4050,Osmanabad,29,27,Maharashtra,07-01-2015,15604.09467
4051,Parbhani,17,27,Maharashtra,07-01-2015,15633.62648
4052,Sangli,35,27,Maharashtra,07-01-2015,15401.26775
4053,Satara,31,27,Maharashtra,07-01-2015,15353.44798
4054,Rangareddi,6,28,Andhra Pradesh,07-01-2015,15447.04271
4055,Srikakulam,11,28,Andhra Pradesh,07-01-2015,15374.21669
4056,West Godavari,15,28,Andhra Pradesh,07-01-2015,15217.44183
4057,Visakhapatnam,13,28,Andhra Pradesh,07-01-2015,15142.31279
4058,Vizianagaram,12,28,Andhra Pradesh,07-01-2015,15308.04977
4059,Warangal,9,28,Andhra Pradesh,07-01-2015,15301.97076
4060,Hyderabad,5,28,Andhra Pradesh,07-01-2015,15329.58538
4061,Anantapur,22,28,Andhra Pradesh,07-01-2015,15501.76994
4062,Adilabad,1,28,Andhra Pradesh,07-01-2015,15351.18898
4063,Chittoor,23,28,Andhra Pradesh,07-01-2015,15426.07272
4064,Cuddapah,20,28,Andhra Pradesh,07-01-2015,15470.58837
4065,East Godavari,14,28,Andhra Pradesh,07-01-2015,15200.05026
4066,Karimnagar,3,28,Andhra Pradesh,07-01-2015,15361.45092
4067,Guntur,17,28,Andhra Pradesh,07-01-2015,15516.57216
4068,Khammam,10,28,Andhra Pradesh,07-01-2015,15249.47751
4069,Medak,4,28,Andhra Pradesh,07-01-2015,15427.06256
4070,Krishna,16,28,Andhra Pradesh,07-01-2015,15324.01409
4071,Kurnool,21,28,Andhra Pradesh,07-01-2015,15513.70155
4072,Mahbubnagar,7,28,Andhra Pradesh,07-01-2015,15480.73716
4073,Nalgonda,8,28,Andhra Pradesh,07-01-2015,15470.55311
4074,Nellore,19,28,Andhra Pradesh,07-01-2015,15563.08008
4075,Nizamabad,2,28,Andhra Pradesh,07-01-2015,15381.58509
4076,Prakasam,18,28,Andhra Pradesh,07-01-2015,15528.66151
4077,Shimoga,15,29,Karnataka,07-01-2015,14916.32852
4078,Tumkur,18,29,Karnataka,07-01-2015,15199.31405
4079,Udupi,16,29,Karnataka,07-01-2015,14977.83647
4080,Uttara Kannada,10,29,Karnataka,07-01-2015,14927.43016
4081,Hassan,23,29,Karnataka,07-01-2015,15068.67034
4082,Haveri,11,29,Karnataka,07-01-2015,15208.73688
4083,Bagalkot,2,29,Karnataka,07-01-2015,15409.30616
4084,Bangalore,20,29,Karnataka,07-01-2015,15197.54631
4085,Bidar,5,29,Karnataka,07-01-2015,15515.76958
4086,Bijapur,3,29,Karnataka,07-01-2015,15543.64066
4087,Belgaum,1,29,Karnataka,07-01-2015,15265.68196
4088,Bellary,12,29,Karnataka,07-01-2015,15431.74426
4089,Bangalore Rural,21,29,Karnataka,07-01-2015,15182.83486
4090,Chamarajanagar,27,29,Karnataka,07-01-2015,15182.06565
4091,Chikmagalur,17,29,Karnataka,07-01-2015,15003.48335
4092,Chitradurga,13,29,Karnataka,07-01-2015,15286.56578
4093,Dakshina Kannada,24,29,Karnataka,07-01-2015,14949.88241
4094,Davanagere,14,29,Karnataka,07-01-2015,15223.89262
4095,Dharwad,9,29,Karnataka,07-01-2015,15281.70377
4096,Gulbarga,4,29,Karnataka,07-01-2015,15631.81799
4097,Gadag,8,29,Karnataka,07-01-2015,15438.6799
4098,Kodagu,25,29,Karnataka,07-01-2015,14840.90245
4099,Kolar,19,29,Karnataka,07-01-2015,15344.06465
4100,Mandya,22,29,Karnataka,07-01-2015,15152.72764
4101,Koppal,7,29,Karnataka,07-01-2015,15482.3484
4102,Mysore,26,29,Karnataka,07-01-2015,15046.32658
4103,Raichur,6,29,Karnataka,07-01-2015,15566.10675
4104,South Goa,2,30,Goa,07-01-2015,15007.24095
4105,North Goa,1,30,Goa,07-01-2015,15035.64602
4106,Lakshadweep,1,31,Lakshadweep,07-01-2015,15047.14786
4107,Thrissur,7,32,Kerala,07-01-2015,14981.54703
4108,Thiruvananthapuram,14,32,Kerala,07-01-2015,14995.2226
4109,Wayanad,3,32,Kerala,07-01-2015,14884.18222
4110,Idukki,9,32,Kerala,07-01-2015,14866.43854
4111,Alappuzha,11,32,Kerala,07-01-2015,15022.10845
4112,Kasaragod,1,32,Kerala,07-01-2015,15007.15421
4113,Kannur,2,32,Kerala,07-01-2015,14966.80661
4114,Ernakulam,8,32,Kerala,07-01-2015,15093.75014
4115,Kollam,13,32,Kerala,07-01-2015,14952.76638
4116,Kottayam,10,32,Kerala,07-01-2015,15045.66105
4117,Kozhikode,4,32,Kerala,07-01-2015,15010.96978
4118,Malappuram,5,32,Kerala,07-01-2015,14990.51119
4119,Palakkad,6,32,Kerala,07-01-2015,14935.58944
4120,Pathanamthitta,12,32,Kerala,07-01-2015,14909.57316
4121,Sivaganga,23,33,Tamil Nadu,07-01-2015,15552.04298
4122,Tiruchirappalli,15,33,Tamil Nadu,07-01-2015,15602.34823
4123,Tirunelveli,29,33,Tamil Nadu,07-01-2015,15517.61508
4124,Tiruvannamalai,6,33,Tamil Nadu,07-01-2015,15522.46332
4125,Thoothukkudi,28,33,Tamil Nadu,07-01-2015,15838.66453
4126,Theni,25,33,Tamil Nadu,07-01-2015,15312.65385
4127,Vellore,4,33,Tamil Nadu,07-01-2015,15425.68292
4128,Viluppuram,7,33,Tamil Nadu,07-01-2015,15592.32346
4129,Virudhunagar,26,33,Tamil Nadu,07-01-2015,15768.04074
4130,Chennai,2,33,Tamil Nadu,07-01-2015,15519.71986
4131,Kancheepuram,3,33,Tamil Nadu,07-01-2015,15561.03886
4132,Thiruvallur,1,33,Tamil Nadu,07-01-2015,15501.27621
4133,Thanjavur,21,33,Tamil Nadu,07-01-2015,15510.706
4134,Thiruvarur,20,33,Tamil Nadu,07-01-2015,15562.57672
4135,Nagapattinam,19,33,Tamil Nadu,07-01-2015,15484.8319
4136,Ariyalur,17,33,Tamil Nadu,07-01-2015,15635.0197
4137,Coimbatore,12,33,Tamil Nadu,07-01-2015,15292.96017
4138,Cuddalore,18,33,Tamil Nadu,07-01-2015,15512.493
4139,Dharmapuri,5,33,Tamil Nadu,07-01-2015,15376.66572
4140,Dindigul,13,33,Tamil Nadu,07-01-2015,15402.03559
4141,Erode,10,33,Tamil Nadu,07-01-2015,15447.92442
4142,Kanniyakumari,30,33,Tamil Nadu,07-01-2015,15052.54344
4143,Karur,14,33,Tamil Nadu,07-01-2015,15695.97618
4144,Madurai,24,33,Tamil Nadu,07-01-2015,15592.6667
4145,Namakkal,9,33,Tamil Nadu,07-01-2015,15488.93733
4146,The Nilgiris,11,33,Tamil Nadu,07-01-2015,14864.34971
4147,Perambalur,16,33,Tamil Nadu,07-01-2015,15750.79887
4148,Pudukkottai,22,33,Tamil Nadu,07-01-2015,15551.28797
4149,Ramanathapuram,27,33,Tamil Nadu,07-01-2015,15734.14673
4150,Salem,8,33,Tamil Nadu,07-01-2015,15438.83855
4151,Yanam,1,34,Puducherry,07-01-2015,15238.31469
4152,Karaikal,4,34,Puducherry,07-01-2015,15610.37748
4153,Mahe,3,34,Puducherry,07-01-2015,14960.2927
4154,Pondicherry,2,34,Puducherry,07-01-2015,15491.70852
4155,Nicobars,2,35,Andaman & Nicobar Island,07-01-2015,14986.56832
4156,Andamans,1,35,Andaman & Nicobar Island,07-01-2015,15000.39133
4157,Data Not Available,99,99,Jammu and Kashmir,07-01-2015,14668.07302
4158,Srinagar,3,1,Jammu and Kashmir,08-01-2015,14659.29425
4159,Udhampur,10,1,Jammu and Kashmir,08-01-2015,14866.85544
4160,Anantnag,6,1,Jammu and Kashmir,08-01-2015,14658.24697
4161,Badgam,4,1,Jammu and Kashmir,08-01-2015,14791.6219
4162,Baramula,2,1,Jammu and Kashmir,08-01-2015,14746.31321
4163,Doda,9,1,Jammu and Kashmir,08-01-2015,14520.25413
4164,Jammu,13,1,Jammu and Kashmir,08-01-2015,15134.8027
4165,Kargil,8,1,Jammu and Kashmir,08-01-2015,14775.05646
4166,Kathua,14,1,Jammu and Kashmir,08-01-2015,14979.76224
4167,Leh (Ladakh),7,1,Jammu and Kashmir,08-01-2015,14756.29203
4168,Kupwara,1,1,Jammu and Kashmir,08-01-2015,14744.33632
4169,Punch,11,1,Jammu and Kashmir,08-01-2015,14866.85976
4170,Pulwama,5,1,Jammu and Kashmir,08-01-2015,14876.0974
4171,Rajauri,12,1,Jammu and Kashmir,08-01-2015,14975.84387
4172,Shimla,11,2,Himachal Pradesh,08-01-2015,14722.45858
4173,Sirmaur,10,2,Himachal Pradesh,08-01-2015,14953.47784
4174,Solan,9,2,Himachal Pradesh,08-01-2015,14978.9481
4175,Una,7,2,Himachal Pradesh,08-01-2015,15089.59512
4176,Bilaspur,8,2,Himachal Pradesh,08-01-2015,15016.5441
4177,Chamba,1,2,Himachal Pradesh,08-01-2015,14591.40815
4178,Hamirpur,6,2,Himachal Pradesh,08-01-2015,15016.87113
4179,Kangra,2,2,Himachal Pradesh,08-01-2015,14856.93083
4180,Kinnaur,12,2,Himachal Pradesh,08-01-2015,14562.10686
4181,Lahul & Spiti,3,2,Himachal Pradesh,08-01-2015,14597.31529
4182,Kullu,4,2,Himachal Pradesh,08-01-2015,14455.59466
4183,Mandi,5,2,Himachal Pradesh,08-01-2015,14839.75821
4184,Rupnagar,7,3,Punjab,08-01-2015,15124.81008
4185,Amritsar,2,3,Punjab,08-01-2015,15102.49928
4186,Firozpur,11,3,Punjab,08-01-2015,15101.46049
4187,Bathinda,14,3,Punjab,08-01-2015,15136.28949
4188,Gurdaspur,1,3,Punjab,08-01-2015,15099.81815
4189,Faridkot,13,3,Punjab,08-01-2015,15067.46738
4190,Fatehgarh Sahib,8,3,Punjab,08-01-2015,15103.34782
4191,Hoshiarpur,5,3,Punjab,08-01-2015,15137.20052
4192,Jalandhar,4,3,Punjab,08-01-2015,15116.43902
4193,Kapurthala,3,3,Punjab,08-01-2015,15081.25642
4194,Ludhiana,9,3,Punjab,08-01-2015,15111.85355
4195,Mansa,15,3,Punjab,08-01-2015,15145.6726
4196,Moga,10,3,Punjab,08-01-2015,15090.05308
4197,Muktsar,12,3,Punjab,08-01-2015,15089.10021
4198,Nawanshahr,6,3,Punjab,08-01-2015,15127.83475
4199,Patiala,17,3,Punjab,08-01-2015,15117.66444
4200,Sangrur,16,3,Punjab,08-01-2015,15085.0308
4201,Chandigarh,1,4,Chandigarh,08-01-2015,15273.3577
4202,Rudraprayag,3,5,Uttarakhand,08-01-2015,14555.66808
4203,Tehri Garhwal,4,5,Uttarakhand,08-01-2015,14756.51095
4204,Udham Singh Nagar,12,5,Uttarakhand,08-01-2015,15103.25283
4205,Uttarkashi,1,5,Uttarakhand,08-01-2015,14492.78128
4206,Bageshwar,8,5,Uttarakhand,08-01-2015,14661.86214
4207,Almora,9,5,Uttarakhand,08-01-2015,14948.06116
4208,Chamoli,2,5,Uttarakhand,08-01-2015,14410.1113
4209,Champawat,10,5,Uttarakhand,08-01-2015,14963.40167
4210,Dehradun,5,5,Uttarakhand,08-01-2015,14968.52745
4211,Garhwal,6,5,Uttarakhand,08-01-2015,14938.85263
4212,Hardwar,13,5,Uttarakhand,08-01-2015,15110.07402
4213,Nainital,11,5,Uttarakhand,08-01-2015,14998.01397
4214,Pithoragarh,7,5,Uttarakhand,08-01-2015,14444.21451
4215,Rohtak,14,6,Haryana,08-01-2015,15152.1935
4216,Sirsa,11,6,Haryana,08-01-2015,15222.99602
4217,Sonipat,8,6,Haryana,08-01-2015,15120.17949
4218,Yamunanagar,3,6,Haryana,08-01-2015,15095.97162
4219,Jhajjar,15,6,Haryana,08-01-2015,15264.33485
4220,Mahendragarh,16,6,Haryana,08-01-2015,15306.79757
4221,Rewari,17,6,Haryana,08-01-2015,15313.88018
4222,Bhiwani,13,6,Haryana,08-01-2015,15307.99251
4223,Ambala,2,6,Haryana,08-01-2015,15112.09545
4224,Gurgaon,18,6,Haryana,08-01-2015,15246.71951
4225,Faridabad,19,6,Haryana,08-01-2015,15179.96966
4226,Fatehabad,10,6,Haryana,08-01-2015,15162.92375
4227,Hisar,12,6,Haryana,08-01-2015,15251.97581
4228,Jind,9,6,Haryana,08-01-2015,15137.59607
4229,Kaithal,5,6,Haryana,08-01-2015,15077.95398
4230,Karnal,6,6,Haryana,08-01-2015,15096.1288
4231,Kurukshetra,4,6,Haryana,08-01-2015,15091.34666
4232,Panchkula,1,6,Haryana,08-01-2015,15089.94051
4233,Panipat,7,6,Haryana,08-01-2015,15112.04362
4234,Central,6,7,Delhi  & NCR,08-01-2015,15332.88572
4235,East,4,7,Delhi  & NCR,08-01-2015,15300.0266
4236,New Delhi,5,7,Delhi  & NCR,08-01-2015,15252.10626
4237,North,2,7,Delhi  & NCR,08-01-2015,15319.03514
4238,North East,3,7,Delhi  & NCR,08-01-2015,15364.38553
4239,North West,1,7,Delhi  & NCR,08-01-2015,15301.42157
4240,South,9,7,Delhi  & NCR,08-01-2015,15227.53287
4241,South West,8,7,Delhi  & NCR,08-01-2015,15317.80643
4242,West,7,7,Delhi  & NCR,08-01-2015,15346.56456
4243,Sirohi,19,8,Rajasthan,08-01-2015,15126.09813
4244,Tonk,22,8,Rajasthan,08-01-2015,15309.16398
4245,Sikar,13,8,Rajasthan,08-01-2015,15294.4014
4246,Alwar,6,8,Rajasthan,08-01-2015,15248.03731
4247,Udaipur,26,8,Rajasthan,08-01-2015,15057.47074
4248,Ganganagar,1,8,Rajasthan,08-01-2015,15421.48503
4249,Hanumangarh,2,8,Rajasthan,08-01-2015,15380.40338
4250,Baran,31,8,Rajasthan,08-01-2015,15095.04237
4251,Ajmer,21,8,Rajasthan,08-01-2015,15177.15142
4252,Banswara,28,8,Rajasthan,08-01-2015,15022.00045
4253,Barmer,17,8,Rajasthan,08-01-2015,15496.46079
4254,Bhilwara,24,8,Rajasthan,08-01-2015,15164.89583
4255,Bikaner,3,8,Rajasthan,08-01-2015,15692.12071
4256,Bharatpur,7,8,Rajasthan,08-01-2015,15238.7191
4257,Bundi,23,8,Rajasthan,08-01-2015,15124.39391
4258,Chittaurgarh,29,8,Rajasthan,08-01-2015,15071.91966
4259,Churu,4,8,Rajasthan,08-01-2015,15453.70831
4260,Dausa,11,8,Rajasthan,08-01-2015,15319.52154
4261,Dhaulpur,8,8,Rajasthan,08-01-2015,15269.33231
4262,Dungarpur,27,8,Rajasthan,08-01-2015,15071.42045
4263,Karauli,9,8,Rajasthan,08-01-2015,15285.32229
4264,Jaipur,12,8,Rajasthan,08-01-2015,15299.75302
4265,Jaisalmer,16,8,Rajasthan,08-01-2015,15704.58428
4266,Jalor,18,8,Rajasthan,08-01-2015,15318.18314
4267,Jhalawar,32,8,Rajasthan,08-01-2015,15070.92092
4268,Jhunjhunun,5,8,Rajasthan,08-01-2015,15299.93532
4269,Jodhpur,15,8,Rajasthan,08-01-2015,15486.28054
4270,Kota,30,8,Rajasthan,08-01-2015,15109.07146
4271,Nagaur,14,8,Rajasthan,08-01-2015,15288.01723
4272,Pali,20,8,Rajasthan,08-01-2015,15224.81725
4273,Rajsamand,25,8,Rajasthan,08-01-2015,15089.40095
4274,Sawai Madhopur,10,8,Rajasthan,08-01-2015,15339.74147
4275,Shrawasti,51,9,Uttar Pradesh,08-01-2015,15143.47747
4276,Saharanpur,1,9,Uttar Pradesh,08-01-2015,15130.66103
4277,Sitapur,24,9,Uttar Pradesh,08-01-2015,15086.19751
4278,Sultanpur,49,9,Uttar Pradesh,08-01-2015,15213.82141
4279,Sonbhadra,70,9,Uttar Pradesh,08-01-2015,15219.04166
4280,Siddharthnagar,54,9,Uttar Pradesh,08-01-2015,15098.68998
4281,Unnao,26,9,Uttar Pradesh,08-01-2015,15257.36161
4282,Varanasi,67,9,Uttar Pradesh,08-01-2015,15250.53378
4283,Bulandshahr,11,9,Uttar Pradesh,08-01-2015,15119.92953
4284,Gautam Buddha Nagar,10,9,Uttar Pradesh,08-01-2015,15214.10006
4285,Ghaziabad,9,9,Uttar Pradesh,08-01-2015,15198.05136
4286,Auraiya,32,9,Uttar Pradesh,08-01-2015,15287.41204
4287,Azamgarh,61,9,Uttar Pradesh,08-01-2015,15169.75811
4288,Budaun,19,9,Uttar Pradesh,08-01-2015,15167.39818
4289,Agra,15,9,Uttar Pradesh,08-01-2015,15239.91
4290,Aligarh,12,9,Uttar Pradesh,08-01-2015,15134.2666
4291,Allahabad,45,9,Uttar Pradesh,08-01-2015,15263.70457
4292,Ambedkar Nagar,48,9,Uttar Pradesh,08-01-2015,15147.02174
4293,Bareilly,20,9,Uttar Pradesh,08-01-2015,15128.42999
4294,Bijnor,3,9,Uttar Pradesh,08-01-2015,15119.59339
4295,Basti,55,9,Uttar Pradesh,08-01-2015,15097.22477
4296,Baghpat,8,9,Uttar Pradesh,08-01-2015,15192.24197
4297,Bahraich,50,9,Uttar Pradesh,08-01-2015,15115.66457
4298,Ballia,63,9,Uttar Pradesh,08-01-2015,15192.61777
4299,Balrampur,52,9,Uttar Pradesh,08-01-2015,15142.51009
4300,Banda,40,9,Uttar Pradesh,08-01-2015,15421.80357
4301,Barabanki,46,9,Uttar Pradesh,08-01-2015,15170.36482
4302,Chitrakoot,41,9,Uttar Pradesh,08-01-2015,15311.94738
4303,Chandauli,66,9,Uttar Pradesh,08-01-2015,15218.39336
4304,Deoria,60,9,Uttar Pradesh,08-01-2015,15222.22381
4305,Etah,17,9,Uttar Pradesh,08-01-2015,15151.24235
4306,Kanpur Dehat,33,9,Uttar Pradesh,08-01-2015,15271.82526
4307,Etawah,31,9,Uttar Pradesh,08-01-2015,15180.85926
4308,Faizabad,47,9,Uttar Pradesh,08-01-2015,15270.28764
4309,Ghazipur,65,9,Uttar Pradesh,08-01-2015,15287.08538
4310,Gonda,53,9,Uttar Pradesh,08-01-2015,15150.0844
4311,Gorakhpur,58,9,Uttar Pradesh,08-01-2015,15158.37505
4312,Farrukhabad,29,9,Uttar Pradesh,08-01-2015,15161.31727
4313,Fatehpur,42,9,Uttar Pradesh,08-01-2015,15289.37728
4314,Firozabad,16,9,Uttar Pradesh,08-01-2015,15171.6223
4315,Hamirpur,38,9,Uttar Pradesh,08-01-2015,15373.06407
4316,Hardoi,25,9,Uttar Pradesh,08-01-2015,15143.18136
4317,Hathras,13,9,Uttar Pradesh,08-01-2015,15148.80578
4318,Jalaun,35,9,Uttar Pradesh,08-01-2015,15285.05414
4319,Jaunpur,64,9,Uttar Pradesh,08-01-2015,15099.63771
4320,Jhansi,36,9,Uttar Pradesh,08-01-2015,15207.76764
4321,Jyotiba Phule Nagar,6,9,Uttar Pradesh,08-01-2015,15139.42857
4322,Kannauj,30,9,Uttar Pradesh,08-01-2015,15212.34154
4323,Kanpur Nagar,34,9,Uttar Pradesh,08-01-2015,15358.22195
4324,Kaushambi,44,9,Uttar Pradesh,08-01-2015,15174.06264
4325,Kheri,23,9,Uttar Pradesh,08-01-2015,15133.95196
4326,Mirzapur,69,9,Uttar Pradesh,08-01-2015,15277.35556
4327,Moradabad,4,9,Uttar Pradesh,08-01-2015,15136.65142
4328,Muzaffarnagar,2,9,Uttar Pradesh,08-01-2015,15164.80568
4329,Rae Bareli,28,9,Uttar Pradesh,08-01-2015,15186.86479
4330,Kushinagar,59,9,Uttar Pradesh,08-01-2015,15136.37739
4331,Lucknow,27,9,Uttar Pradesh,08-01-2015,15223.29649
4332,Lalitpur,37,9,Uttar Pradesh,08-01-2015,15060.20848
4333,Mahrajganj,57,9,Uttar Pradesh,08-01-2015,15122.63232
4334,Mahoba,39,9,Uttar Pradesh,08-01-2015,15344.51466
4335,Mainpuri,18,9,Uttar Pradesh,08-01-2015,15110.48897
4336,Mathura,14,9,Uttar Pradesh,08-01-2015,15161.14809
4337,Mau,62,9,Uttar Pradesh,08-01-2015,15240.88006
4338,Meerut,7,9,Uttar Pradesh,08-01-2015,15184.50401
4339,Pilibhit,21,9,Uttar Pradesh,08-01-2015,15114.01291
4340,Pratapgarh,43,9,Uttar Pradesh,08-01-2015,15174.52913
4341,Rampur,5,9,Uttar Pradesh,08-01-2015,15108.59189
4342,Sant Ravidas Nagar Bhadohi,68,9,Uttar Pradesh,08-01-2015,15237.758
4343,Sant Kabir Nagar,56,9,Uttar Pradesh,08-01-2015,15170.94855
4344,Shahjahanpur,22,9,Uttar Pradesh,08-01-2015,15123.97006
4345,Sheikhpura,26,10,Bihar,08-01-2015,15117.44391
4346,Saharsa,12,10,Bihar,08-01-2015,15129.77218
4347,Sitamarhi,4,10,Bihar,08-01-2015,15170.40686
4348,Siwan,16,10,Bihar,08-01-2015,15208.03829
4349,Supaul,6,10,Bihar,08-01-2015,14834.2602
4350,Vaishali,18,10,Bihar,08-01-2015,15218.41603
4351,Kaimur (Bhabua),31,10,Bihar,08-01-2015,15210.62207
4352,Gaya,35,10,Bihar,08-01-2015,15126.05646
4353,Bhojpur,29,10,Bihar,08-01-2015,15391.06737
4354,Buxar,30,10,Bihar,08-01-2015,15343.15079
4355,Jehanabad,33,10,Bihar,08-01-2015,15118.1625
4356,Rohtas,32,10,Bihar,08-01-2015,15183.36826
4357,Araria,7,10,Bihar,08-01-2015,14886.74559
4358,Aurangabad,34,10,Bihar,08-01-2015,15162.53356
4359,Banka,23,10,Bihar,08-01-2015,15186.07926
4360,Bhagalpur,22,10,Bihar,08-01-2015,15082.37313
4361,Begusarai,20,10,Bihar,08-01-2015,15127.63476
4362,Saran,17,10,Bihar,08-01-2015,15196.472
4363,Katihar,10,10,Bihar,08-01-2015,15067.34588
4364,Darbhanga,13,10,Bihar,08-01-2015,15126.80784
4365,Gopalganj,15,10,Bihar,08-01-2015,15244.81673
4366,Jamui,37,10,Bihar,08-01-2015,15146.60963
4367,Kishanganj,8,10,Bihar,08-01-2015,15070.8973
4368,Muzaffarpur,14,10,Bihar,08-01-2015,15134.84789
4369,Purnia,9,10,Bihar,08-01-2015,15087.2246
4370,Khagaria,21,10,Bihar,08-01-2015,15103.77547
4371,Madhubani,5,10,Bihar,08-01-2015,15217.73996
4372,Lakhisarai,25,10,Bihar,08-01-2015,15119.00669
4373,Madhepura,11,10,Bihar,08-01-2015,15127.57581
4374,Purba Champaran,2,10,Bihar,08-01-2015,15203.16764
4375,Munger,24,10,Bihar,08-01-2015,15032.07906
4376,Nalanda,27,10,Bihar,08-01-2015,15238.79653
4377,Nawada,36,10,Bihar,08-01-2015,15128.69118
4378,Pashchim Champaran,1,10,Bihar,08-01-2015,15162.53677
4379,Patna,28,10,Bihar,08-01-2015,15249.8133
4380,Samastipur,19,10,Bihar,08-01-2015,15150.28114
4381,South,3,11,Sikkim,08-01-2015,14677.60739
4382,West,2,11,Sikkim,08-01-2015,14354.85546
4383,East,4,11,Sikkim,08-01-2015,14543.9119
4384,North,1,11,Sikkim,08-01-2015,14120.24787
4385,Tawang,1,12,Arunanchal Pradesh,08-01-2015,14317.60429
4386,Tirap,13,12,Arunanchal Pradesh,08-01-2015,15048.54477
4387,West Kameng,2,12,Arunanchal Pradesh,08-01-2015,14657.09463
4388,West Siang,7,12,Arunanchal Pradesh,08-01-2015,14826.76816
4389,Upper Siang,9,12,Arunanchal Pradesh,08-01-2015,14678.0914
4390,Upper Subansiri,6,12,Arunanchal Pradesh,08-01-2015,14670.94737
4391,Changlang,12,12,Arunanchal Pradesh,08-01-2015,14977.90405
4392,Dibang Valley,10,12,Arunanchal Pradesh,08-01-2015,14619.66684
4393,East Kameng,3,12,Arunanchal Pradesh,08-01-2015,14696.01477
4394,East Siang,8,12,Arunanchal Pradesh,08-01-2015,15104.55073
4395,Lohit,11,12,Arunanchal Pradesh,08-01-2015,14708.65593
4396,Lower Subansiri,5,12,Arunanchal Pradesh,08-01-2015,14736.61677
4397,Papum Pare,4,12,Arunanchal Pradesh,08-01-2015,14938.8182
4398,Tuensang,2,13,Nagaland,08-01-2015,14940.16377
4399,Wokha,5,13,Nagaland,08-01-2015,15068.90704
4400,Zunheboto,4,13,Nagaland,08-01-2015,14983.81491
4401,Dimapur,6,13,Nagaland,08-01-2015,15147.18133
4402,Kohima,7,13,Nagaland,08-01-2015,15028.87528
4403,Mokokchung,3,13,Nagaland,08-01-2015,15106.9663
4404,Mon,1,13,Nagaland,08-01-2015,15108.52818
4405,Phek,8,13,Nagaland,08-01-2015,14928.17678
4406,Tamenglong,2,14,Manipur,08-01-2015,15126.08788
4407,Thoubal,5,14,Manipur,08-01-2015,15088.62374
4408,Ukhrul,8,14,Manipur,08-01-2015,14988.13089
4409,Bishnupur,4,14,Manipur,08-01-2015,14999.20864
4410,Chandel,9,14,Manipur,08-01-2015,14980.06355
4411,Churachandpur,3,14,Manipur,08-01-2015,15023.83567
4412,Imphal East,7,14,Manipur,08-01-2015,15159.16052
4413,Imphal West,6,14,Manipur,08-01-2015,15293.31202
4414,Senapati (Excl. 3 sub-divisions),1,14,Manipur,08-01-2015,14958.69938
4415,Aizawl,3,15,Mizoram,08-01-2015,14967.09637
4416,Champhai,4,15,Mizoram,08-01-2015,14849.40385
4417,Kolasib,2,15,Mizoram,08-01-2015,14971.49567
4418,Mamit,1,15,Mizoram,08-01-2015,14946.66133
4419,Lunglei,6,15,Mizoram,08-01-2015,14970.51048
4420,Lawngtlai,7,15,Mizoram,08-01-2015,14994.80569
4421,Saiha,8,15,Mizoram,08-01-2015,14909.86463
4422,Serchhip,5,15,Mizoram,08-01-2015,14936.87561
4423,South Tripura,2,16,Tripura,08-01-2015,15055.53538
4424,West Tripura,1,16,Tripura,08-01-2015,15106.46829
4425,Dhalai,3,16,Tripura,08-01-2015,15058.77639
4426,North Tripura,4,16,Tripura,08-01-2015,14994.26036
4427,Ri Bhoi,5,17,Meghalaya,08-01-2015,15163.70599
4428,South Garo Hills,3,17,Meghalaya,08-01-2015,15114.60633
4429,West Garo Hills,1,17,Meghalaya,08-01-2015,15122.03361
4430,West Khasi Hills,4,17,Meghalaya,08-01-2015,15055.26833
4431,East Garo Hills,2,17,Meghalaya,08-01-2015,15124.11991
4432,East Khasi Hills,6,17,Meghalaya,08-01-2015,14977.75218
4433,Jaintia Hills,7,17,Meghalaya,08-01-2015,15021.27922
4434,Sonitpur,11,18,Assam,08-01-2015,15199.65122
4435,Sibsagar,16,18,Assam,08-01-2015,15268.64351
4436,Tinsukia,14,18,Assam,08-01-2015,15226.9297
4437,Barpeta,5,18,Assam,08-01-2015,15074.80845
4438,Bongaigaon,4,18,Assam,08-01-2015,15095.06333
4439,Cachar,21,18,Assam,08-01-2015,15190.45754
4440,Darrang,8,18,Assam,08-01-2015,15132.1942
4441,Dhemaji,13,18,Assam,08-01-2015,15290.54014
4442,Dhubri,2,18,Assam,08-01-2015,15025.09327
4443,Dibrugarh,15,18,Assam,08-01-2015,15243.96499
4444,Kamrup,6,18,Assam,08-01-2015,15174.89497
4445,Karbi Anglong,19,18,Assam,08-01-2015,15092.98539
4446,Goalpara,3,18,Assam,08-01-2015,15042.64956
4447,Golaghat,18,18,Assam,08-01-2015,15151.98051
4448,Hailakandi,23,18,Assam,08-01-2015,15132.78416
4449,Jorhat,17,18,Assam,08-01-2015,15167.34069
4450,Karimganj,22,18,Assam,08-01-2015,15154.3406
4451,Kokrajhar,1,18,Assam,08-01-2015,15106.56012
4452,Lakhimpur,12,18,Assam,08-01-2015,15265.52636
4453,Nagaon,10,18,Assam,08-01-2015,15047.55473
4454,Marigaon,9,18,Assam,08-01-2015,15102.67752
4455,Nalbari,7,18,Assam,08-01-2015,14570.25712
4456,North Cachar Hills,20,18,Assam,08-01-2015,15064.90662
4457,South  Twenty Four Parganas,18,19,West Bengal,08-01-2015,15148.97275
4458,Uttar Dinajpur,4,19,West Bengal,08-01-2015,15092.137
4459,Barddhaman,9,19,West Bengal,08-01-2015,15078.87696
4460,Birbhum,8,19,West Bengal,08-01-2015,15201.79018
4461,Bankura,13,19,West Bengal,08-01-2015,15171.3601
4462,Dakshin Dinajpur,5,19,West Bengal,08-01-2015,15094.5378
4463,Darjiling,1,19,West Bengal,08-01-2015,14807.20675
4464,Haora,16,19,West Bengal,08-01-2015,15121.00966
4465,Hugli,12,19,West Bengal,08-01-2015,15158.65908
4466,Jalpaiguri,2,19,West Bengal,08-01-2015,15159.46594
4467,Koch Bihar,3,19,West Bengal,08-01-2015,15085.05676
4468,Murshidabad,7,19,West Bengal,08-01-2015,15131.22707
4469,Puruliya,14,19,West Bengal,08-01-2015,15179.8426
4470,Kolkata,17,19,West Bengal,08-01-2015,15351.99762
4471,Maldah,6,19,West Bengal,08-01-2015,15055.50746
4472,Nadia,10,19,West Bengal,08-01-2015,15129.32039
4473,North Twenty Four Parganas,11,19,West Bengal,08-01-2015,15093.77371
4474,Medinipur,15,19,West Bengal,08-01-2015,15180.39262
4475,Ranchi,14,20,Jharkhand,08-01-2015,15147.09222
4476,Sahibganj,9,20,Jharkhand,08-01-2015,15112.18151
4477,Garhwa,1,20,Jharkhand,08-01-2015,15289.31997
4478,Palamu,2,20,Jharkhand,08-01-2015,15223.40034
4479,Chatra,3,20,Jharkhand,08-01-2015,15180.90787
4480,Hazaribagh,4,20,Jharkhand,08-01-2015,15145.07814
4481,Kodarma,5,20,Jharkhand,08-01-2015,15157.67188
4482,Bokaro,13,20,Jharkhand,08-01-2015,15199.8274
4483,Deoghar,7,20,Jharkhand,08-01-2015,15153.39367
4484,Dhanbad,12,20,Jharkhand,08-01-2015,15217.30682
4485,Dumka,11,20,Jharkhand,08-01-2015,15158.03571
4486,Giridih,6,20,Jharkhand,08-01-2015,15135.37424
4487,Godda,8,20,Jharkhand,08-01-2015,15096.68807
4488,Gumla,16,20,Jharkhand,08-01-2015,15139.97783
4489,Purbi Singhbhum,18,20,Jharkhand,08-01-2015,15206.46104
4490,Lohardaga,15,20,Jharkhand,08-01-2015,15093.32494
4491,Pakaur,10,20,Jharkhand,08-01-2015,15062.10542
4492,Pashchimi Singhbhum,17,20,Jharkhand,08-01-2015,15143.12415
4493,Rayagada,27,21,Orissa,08-01-2015,15172.72307
4494,Sundargarh,5,21,Orissa,08-01-2015,15096.75325
4495,Sonapur,23,21,Orissa,08-01-2015,15231.98303
4496,Anugul,15,21,Orissa,08-01-2015,15105.96463
4497,Bhadrak,9,21,Orissa,08-01-2015,15191.97335
4498,Baudh,22,21,Orissa,08-01-2015,15129.79547
4499,Balangir,24,21,Orissa,08-01-2015,15274.55051
4500,Baleshwar,8,21,Orissa,08-01-2015,15173.8575
4501,Bargarh,1,21,Orissa,08-01-2015,15201.01324
4502,Kendrapara,10,21,Orissa,08-01-2015,15190.57123
4503,Kendujhar,6,21,Orissa,08-01-2015,15157.27727
4504,Debagarh,4,21,Orissa,08-01-2015,15053.13095
4505,Cuttack,12,21,Orissa,08-01-2015,15180.66096
4506,Dhenkanal,14,21,Orissa,08-01-2015,15183.40868
4507,Kalahandi,26,21,Orissa,08-01-2015,15194.64762
4508,Ganjam,19,21,Orissa,08-01-2015,15221.79183
4509,Gajapati,20,21,Orissa,08-01-2015,15134.42716
4510,Jajapur,13,21,Orissa,08-01-2015,15180.70057
4511,Jagatsinghapur,11,21,Orissa,08-01-2015,15161.20289
4512,Jharsuguda,2,21,Orissa,08-01-2015,15018.94172
4513,Khordha,17,21,Orissa,08-01-2015,15144.57527
4514,Mayurbhanj,7,21,Orissa,08-01-2015,15142.30942
4515,Puri,18,21,Orissa,08-01-2015,15211.08949
4516,Koraput,29,21,Orissa,08-01-2015,15068.26008
4517,Malkangiri,30,21,Orissa,08-01-2015,15125.15179
4518,Nabarangapur,28,21,Orissa,08-01-2015,15126.70113
4519,Nayagarh,16,21,Orissa,08-01-2015,15124.03339
4520,Nuapada,25,21,Orissa,08-01-2015,15191.38177
4521,Kandhamal,21,21,Orissa,08-01-2015,15044.56983
4522,Sambalpur,3,21,Orissa,08-01-2015,15032.74092
4523,Surguja,2,22,Chhattisgarh,08-01-2015,15190.31858
4524,Bilaspur,7,22,Chhattisgarh,08-01-2015,15145.17971
4525,Janjgir - Champa,6,22,Chhattisgarh,08-01-2015,15110.85356
4526,Korba,5,22,Chhattisgarh,08-01-2015,15133.01823
4527,Kawardha,8,22,Chhattisgarh,08-01-2015,15140.73505
4528,Bastar,15,22,Chhattisgarh,08-01-2015,15043.87277
4529,Dantewada,16,22,Chhattisgarh,08-01-2015,15076.90053
4530,Dhamtari,13,22,Chhattisgarh,08-01-2015,15115.21222
4531,Durg,10,22,Chhattisgarh,08-01-2015,15176.83355
4532,Kanker,14,22,Chhattisgarh,08-01-2015,15134.45661
4533,Jashpur,3,22,Chhattisgarh,08-01-2015,15060.35642
4534,Koriya,1,22,Chhattisgarh,08-01-2015,15200.49658
4535,Mahasamund,12,22,Chhattisgarh,08-01-2015,15140.84552
4536,Raigarh,4,22,Chhattisgarh,08-01-2015,15118.67179
4537,Raipur,11,22,Chhattisgarh,08-01-2015,15135.47543
4538,Rajnandgaon,9,22,Chhattisgarh,08-01-2015,15124.42678
4539,Shajapur,22,23,Madhya Pradesh,08-01-2015,15032.81451
4540,Shivpuri,6,23,Madhya Pradesh,08-01-2015,15146.56082
4541,Ratlam,20,23,Madhya Pradesh,08-01-2015,15045.71045
4542,Rewa,14,23,Madhya Pradesh,08-01-2015,15293.56318
4543,Sagar,11,23,Madhya Pradesh,08-01-2015,15149.43803
4544,Sidhi,17,23,Madhya Pradesh,08-01-2015,15261.05082
4545,Ujjain,21,23,Madhya Pradesh,08-01-2015,15023.79718
4546,Vidisha,31,23,Madhya Pradesh,08-01-2015,15076.70009
4547,West Nimar,27,23,Madhya Pradesh,08-01-2015,15214.25474
4548,Morena,2,23,Madhya Pradesh,08-01-2015,15200.89084
4549,Sheopur,1,23,Madhya Pradesh,08-01-2015,15147.51235
4550,Dindori,41,23,Madhya Pradesh,08-01-2015,15170.02567
4551,Mandla,42,23,Madhya Pradesh,08-01-2015,15179.99442
4552,Shahdol,16,23,Madhya Pradesh,08-01-2015,15272.93273
4553,Umaria,15,23,Madhya Pradesh,08-01-2015,15264.14538
4554,Bhind,3,23,Madhya Pradesh,08-01-2015,15293.00374
4555,Bhopal,32,23,Madhya Pradesh,08-01-2015,15057.88712
4556,Barwani,28,23,Madhya Pradesh,08-01-2015,15245.57045
4557,Betul,35,23,Madhya Pradesh,08-01-2015,15074.53967
4558,Balaghat,45,23,Madhya Pradesh,08-01-2015,15115.64642
4559,Chhatarpur,9,23,Madhya Pradesh,08-01-2015,15194.29476
4560,Chhindwara,43,23,Madhya Pradesh,08-01-2015,15187.52275
4561,Dewas,23,23,Madhya Pradesh,08-01-2015,15046.38837
4562,Katni,38,23,Madhya Pradesh,08-01-2015,15257.25322
4563,Datia,5,23,Madhya Pradesh,08-01-2015,15274.31501
4564,Damoh,12,23,Madhya Pradesh,08-01-2015,15143.97937
4565,Dhar,25,23,Madhya Pradesh,08-01-2015,15104.09728
4566,East Nimar,29,23,Madhya Pradesh,08-01-2015,15197.2267
4567,Guna,7,23,Madhya Pradesh,08-01-2015,15088.13391
4568,Gwalior,4,23,Madhya Pradesh,08-01-2015,15205.8985
4569,Harda,36,23,Madhya Pradesh,08-01-2015,15035.30431
4570,Hoshangabad,37,23,Madhya Pradesh,08-01-2015,15104.71272
4571,Indore,26,23,Madhya Pradesh,08-01-2015,15061.49173
4572,Jabalpur,39,23,Madhya Pradesh,08-01-2015,15196.03296
4573,Jhabua,24,23,Madhya Pradesh,08-01-2015,15125.32842
4574,Mandsaur,19,23,Madhya Pradesh,08-01-2015,15042.93951
4575,Tikamgarh,8,23,Madhya Pradesh,08-01-2015,15105.36131
4576,Narsimhapur,40,23,Madhya Pradesh,08-01-2015,15177.11855
4577,Neemuch,18,23,Madhya Pradesh,08-01-2015,15087.53848
4578,Panna,10,23,Madhya Pradesh,08-01-2015,15192.01282
4579,Raisen,34,23,Madhya Pradesh,08-01-2015,15107.4717
4580,Rajgarh,30,23,Madhya Pradesh,08-01-2015,15069.40382
4581,Satna,13,23,Madhya Pradesh,08-01-2015,15237.38744
4582,Sehore,33,23,Madhya Pradesh,08-01-2015,15010.12711
4583,Seoni,44,23,Madhya Pradesh,08-01-2015,15193.1764
4584,Sabar Kantha,5,24,Gujarat,08-01-2015,15139.50964
4585,Surendranagar,8,24,Gujarat,08-01-2015,15420.9764
4586,The Dangs,23,24,Gujarat,08-01-2015,15029.15448
4587,Vadodara,19,24,Gujarat,08-01-2015,15270.05166
4588,Valsad,25,24,Gujarat,08-01-2015,15027.9448
4589,Bharuch,21,24,Gujarat,08-01-2015,15442.13606
4590,Surat,22,24,Gujarat,08-01-2015,15150.01871
4591,Anand,15,24,Gujarat,08-01-2015,15233.41538
4592,Ahmadabad,7,24,Gujarat,08-01-2015,15383.20285
4593,Amreli,13,24,Gujarat,08-01-2015,15386.02153
4594,Bhavnagar,14,24,Gujarat,08-01-2015,15381.04214
4595,Banas Kantha,2,24,Gujarat,08-01-2015,15262.0188
4596,Dohad,18,24,Gujarat,08-01-2015,15045.68436
4597,Junagadh,12,24,Gujarat,08-01-2015,15243.44785
4598,Kachchh,1,24,Gujarat,08-01-2015,15252.41211
4599,Gandhinagar,6,24,Gujarat,08-01-2015,15318.12477
4600,Jamnagar,10,24,Gujarat,08-01-2015,15271.76316
4601,Kheda,16,24,Gujarat,08-01-2015,15294.05745
4602,Mahesana,4,24,Gujarat,08-01-2015,15273.70371
4603,Narmada,20,24,Gujarat,08-01-2015,15156.6746
4604,Navsari,24,24,Gujarat,08-01-2015,15096.39375
4605,Panch Mahals,17,24,Gujarat,08-01-2015,15149.0791
4606,Patan,3,24,Gujarat,08-01-2015,15350.8158
4607,Porbandar,11,24,Gujarat,08-01-2015,15305.05911
4608,Rajkot,9,24,Gujarat,08-01-2015,15297.78034
4609,Daman,2,25,Daman & Diu,08-01-2015,15073.10736
4610,Diu,1,25,Daman & Diu,08-01-2015,15229.21184
4611,Dadra & Nagar Haveli,1,26,Dadara & Nagar Havelli,08-01-2015,15008.15519
4612,Ratnagiri,32,27,Maharashtra,08-01-2015,15014.29452
4613,Raigarh,24,27,Maharashtra,08-01-2015,15017.99143
4614,Thane,21,27,Maharashtra,08-01-2015,15046.85101
4615,Solapur,30,27,Maharashtra,08-01-2015,15608.3039
4616,Sindhudurg,33,27,Maharashtra,08-01-2015,15004.9266
4617,Wardha,8,27,Maharashtra,08-01-2015,15255.65849
4618,Washim,6,27,Maharashtra,08-01-2015,15119.5358
4619,Yavatmal,14,27,Maharashtra,08-01-2015,15256.65847
4620,Aurangabad,19,27,Maharashtra,08-01-2015,15403.69172
4621,Ahmadnagar,26,27,Maharashtra,08-01-2015,15597.14989
4622,Akola,5,27,Maharashtra,08-01-2015,15290.06314
4623,Amravati,7,27,Maharashtra,08-01-2015,15227.92988
4624,Bid,27,27,Maharashtra,08-01-2015,15459.66801
4625,Bhandara,10,27,Maharashtra,08-01-2015,15095.60554
4626,Buldana,4,27,Maharashtra,08-01-2015,15338.52448
4627,Chandrapur,13,27,Maharashtra,08-01-2015,15250.86711
4628,Dhule,2,27,Maharashtra,08-01-2015,15360.93742
4629,Gadchiroli,12,27,Maharashtra,08-01-2015,15101.91828
4630,Gondiya,11,27,Maharashtra,08-01-2015,15077.85943
4631,Hingoli,16,27,Maharashtra,08-01-2015,15237.93955
4632,Jalgaon,3,27,Maharashtra,08-01-2015,15359.11744
4633,Jalna,18,27,Maharashtra,08-01-2015,15401.65228
4634,Kolhapur,34,27,Maharashtra,08-01-2015,15076.84202
4635,Latur,28,27,Maharashtra,08-01-2015,15438.22744
4636,Pune,25,27,Maharashtra,08-01-2015,15298.27285
4637,Nagpur,9,27,Maharashtra,08-01-2015,15224.61042
4638,Mumbai,23,27,Maharashtra,08-01-2015,15091.7099
4639,Mumbai (Suburban),22,27,Maharashtra,08-01-2015,15086.12366
4640,Nanded,15,27,Maharashtra,08-01-2015,15239.46978
4641,Nandurbar,1,27,Maharashtra,08-01-2015,15280.41981
4642,Nashik,20,27,Maharashtra,08-01-2015,15277.03103
4643,Osmanabad,29,27,Maharashtra,08-01-2015,15487.25246
4644,Parbhani,17,27,Maharashtra,08-01-2015,15481.23645
4645,Sangli,35,27,Maharashtra,08-01-2015,15468.83703
4646,Satara,31,27,Maharashtra,08-01-2015,15340.03499
4647,Rangareddi,6,28,Andhra Pradesh,08-01-2015,15376.94477
4648,Srikakulam,11,28,Andhra Pradesh,08-01-2015,15351.53994
4649,West Godavari,15,28,Andhra Pradesh,08-01-2015,15153.01328
4650,Visakhapatnam,13,28,Andhra Pradesh,08-01-2015,15092.8968
4651,Vizianagaram,12,28,Andhra Pradesh,08-01-2015,15320.08265
4652,Warangal,9,28,Andhra Pradesh,08-01-2015,15195.06736
4653,Anantapur,22,28,Andhra Pradesh,08-01-2015,15469.15732
4654,Adilabad,1,28,Andhra Pradesh,08-01-2015,15239.15228
4655,Chittoor,23,28,Andhra Pradesh,08-01-2015,15377.00737
4656,Cuddapah,20,28,Andhra Pradesh,08-01-2015,15593.65207
4657,East Godavari,14,28,Andhra Pradesh,08-01-2015,15114.15533
4658,Karimnagar,3,28,Andhra Pradesh,08-01-2015,15242.86452
4659,Guntur,17,28,Andhra Pradesh,08-01-2015,15359.37456
4660,Hyderabad,5,28,Andhra Pradesh,08-01-2015,15455.3846
4661,Khammam,10,28,Andhra Pradesh,08-01-2015,15178.31436
4662,Medak,4,28,Andhra Pradesh,08-01-2015,15274.53685
4663,Krishna,16,28,Andhra Pradesh,08-01-2015,15232.01166
4664,Kurnool,21,28,Andhra Pradesh,08-01-2015,15544.317
4665,Mahbubnagar,7,28,Andhra Pradesh,08-01-2015,15394.44781
4666,Nalgonda,8,28,Andhra Pradesh,08-01-2015,15354.1133
4667,Nellore,19,28,Andhra Pradesh,08-01-2015,15535.44243
4668,Nizamabad,2,28,Andhra Pradesh,08-01-2015,15207.69272
4669,Prakasam,18,28,Andhra Pradesh,08-01-2015,15425.80028
4670,Shimoga,15,29,Karnataka,08-01-2015,14978.59631
4671,Tumkur,18,29,Karnataka,08-01-2015,15299.15147
4672,Udupi,16,29,Karnataka,08-01-2015,14993.43866
4673,Uttara Kannada,10,29,Karnataka,08-01-2015,14933.31264
4674,Bagalkot,2,29,Karnataka,08-01-2015,15343.51885
4675,Bangalore,20,29,Karnataka,08-01-2015,15154.85181
4676,Bidar,5,29,Karnataka,08-01-2015,15269.17455
4677,Bijapur,3,29,Karnataka,08-01-2015,15539.47522
4678,Belgaum,1,29,Karnataka,08-01-2015,15247.93504
4679,Bellary,12,29,Karnataka,08-01-2015,15322.70276
4680,Bangalore Rural,21,29,Karnataka,08-01-2015,15209.3825
4681,Chamarajanagar,27,29,Karnataka,08-01-2015,15237.07395
4682,Chikmagalur,17,29,Karnataka,08-01-2015,15069.40103
4683,Chitradurga,13,29,Karnataka,08-01-2015,15287.88042
4684,Dakshina Kannada,24,29,Karnataka,08-01-2015,15072.90455
4685,Davanagere,14,29,Karnataka,08-01-2015,15112.6064
4686,Dharwad,9,29,Karnataka,08-01-2015,15262.36079
4687,Gulbarga,4,29,Karnataka,08-01-2015,15526.34111
4688,Gadag,8,29,Karnataka,08-01-2015,15419.10862
4689,Hassan,23,29,Karnataka,08-01-2015,15077.97317
4690,Haveri,11,29,Karnataka,08-01-2015,15065.01391
4691,Kodagu,25,29,Karnataka,08-01-2015,14922.83211
4692,Kolar,19,29,Karnataka,08-01-2015,15332.80027
4693,Mandya,22,29,Karnataka,08-01-2015,15221.24082
4694,Koppal,7,29,Karnataka,08-01-2015,15380.18639
4695,Mysore,26,29,Karnataka,08-01-2015,15130.77838
4696,Raichur,6,29,Karnataka,08-01-2015,15564.8916
4697,South Goa,2,30,Goa,08-01-2015,15013.99344
4698,North Goa,1,30,Goa,08-01-2015,14957.90638
4699,Lakshadweep,1,31,Lakshadweep,08-01-2015,15039.76254
4700,Thrissur,7,32,Kerala,08-01-2015,15030.30789
4701,Thiruvananthapuram,14,32,Kerala,08-01-2015,15083.55807
4702,Wayanad,3,32,Kerala,08-01-2015,14942.11301
4703,Alappuzha,11,32,Kerala,08-01-2015,15092.01728
4704,Kasaragod,1,32,Kerala,08-01-2015,15067.40267
4705,Kannur,2,32,Kerala,08-01-2015,15075.70771
4706,Ernakulam,8,32,Kerala,08-01-2015,15048.03643
4707,Idukki,9,32,Kerala,08-01-2015,14898.18575
4708,Kollam,13,32,Kerala,08-01-2015,15075.25671
4709,Kottayam,10,32,Kerala,08-01-2015,15097.93141
4710,Kozhikode,4,32,Kerala,08-01-2015,15072.09996
4711,Malappuram,5,32,Kerala,08-01-2015,15082.27624
4712,Palakkad,6,32,Kerala,08-01-2015,15023.27568
4713,Pathanamthitta,12,32,Kerala,08-01-2015,15028.51439
4714,Sivaganga,23,33,Tamil Nadu,08-01-2015,15565.63656
4715,Tiruchirappalli,15,33,Tamil Nadu,08-01-2015,15581.71789
4716,Tirunelveli,29,33,Tamil Nadu,08-01-2015,15590.95511
4717,Tiruvannamalai,6,33,Tamil Nadu,08-01-2015,15368.86216
4718,Thoothukkudi,28,33,Tamil Nadu,08-01-2015,15831.9225
4719,Theni,25,33,Tamil Nadu,08-01-2015,15376.68101
4720,Vellore,4,33,Tamil Nadu,08-01-2015,15305.95414
4721,Viluppuram,7,33,Tamil Nadu,08-01-2015,15404.12208
4722,Virudhunagar,26,33,Tamil Nadu,08-01-2015,15788.255
4723,Chennai,2,33,Tamil Nadu,08-01-2015,15521.9233
4724,Kancheepuram,3,33,Tamil Nadu,08-01-2015,15392.28789
4725,Thiruvallur,1,33,Tamil Nadu,08-01-2015,15417.75484
4726,Thanjavur,21,33,Tamil Nadu,08-01-2015,15424.8033
4727,Thiruvarur,20,33,Tamil Nadu,08-01-2015,15510.58351
4728,Nagapattinam,19,33,Tamil Nadu,08-01-2015,15474.00983
4729,Ariyalur,17,33,Tamil Nadu,08-01-2015,15526.66521
4730,Coimbatore,12,33,Tamil Nadu,08-01-2015,15389.74101
4731,Cuddalore,18,33,Tamil Nadu,08-01-2015,15438.17653
4732,Dharmapuri,5,33,Tamil Nadu,08-01-2015,15324.80639
4733,Dindigul,13,33,Tamil Nadu,08-01-2015,15460.98747
4734,Erode,10,33,Tamil Nadu,08-01-2015,15449.18066
4735,Kanniyakumari,30,33,Tamil Nadu,08-01-2015,15115.33211
4736,Karur,14,33,Tamil Nadu,08-01-2015,15608.84829
4737,Madurai,24,33,Tamil Nadu,08-01-2015,15604.48853
4738,Namakkal,9,33,Tamil Nadu,08-01-2015,15478.89269
4739,The Nilgiris,11,33,Tamil Nadu,08-01-2015,14911.31062
4740,Perambalur,16,33,Tamil Nadu,08-01-2015,15684.64947
4741,Pudukkottai,22,33,Tamil Nadu,08-01-2015,15555.4277
4742,Ramanathapuram,27,33,Tamil Nadu,08-01-2015,15702.42778
4743,Salem,8,33,Tamil Nadu,08-01-2015,15421.58578
4744,Yanam,1,34,Puducherry,08-01-2015,15148.12913
4745,Karaikal,4,34,Puducherry,08-01-2015,15551.64311
4746,Mahe,3,34,Puducherry,08-01-2015,15065.76984
4747,Pondicherry,2,34,Puducherry,08-01-2015,15326.13346
4748,Nicobars,2,35,Andaman & Nicobar Island,08-01-2015,14934.33826
4749,Andamans,1,35,Andaman & Nicobar Island,08-01-2015,14966.23463
4750,Data Not Available,99,99,Jammu and Kashmir,08-01-2015,14586.12998
4751,Srinagar,3,1,Jammu and Kashmir,09-01-2015,14634.18512
4752,Udhampur,10,1,Jammu and Kashmir,09-01-2015,14891.3817
4753,Anantnag,6,1,Jammu and Kashmir,09-01-2015,14631.29255
4754,Badgam,4,1,Jammu and Kashmir,09-01-2015,14723.29315
4755,Baramula,2,1,Jammu and Kashmir,09-01-2015,14682.46289
4756,Doda,9,1,Jammu and Kashmir,09-01-2015,14522.37826
4757,Jammu,13,1,Jammu and Kashmir,09-01-2015,15169.87681
4758,Kargil,8,1,Jammu and Kashmir,09-01-2015,14628.77287
4759,Kathua,14,1,Jammu and Kashmir,09-01-2015,15029.61511
4760,Leh (Ladakh),7,1,Jammu and Kashmir,09-01-2015,14600.03258
4761,Kupwara,1,1,Jammu and Kashmir,09-01-2015,14720.09822
4762,Punch,11,1,Jammu and Kashmir,09-01-2015,14863.14345
4763,Pulwama,5,1,Jammu and Kashmir,09-01-2015,14842.10186
4764,Rajauri,12,1,Jammu and Kashmir,09-01-2015,14990.4941
4765,Shimla,11,2,Himachal Pradesh,09-01-2015,14758.35542
4766,Sirmaur,10,2,Himachal Pradesh,09-01-2015,14995.03207
4767,Solan,9,2,Himachal Pradesh,09-01-2015,15012.58229
4768,Una,7,2,Himachal Pradesh,09-01-2015,15121.07978
4769,Bilaspur,8,2,Himachal Pradesh,09-01-2015,15023.18876
4770,Chamba,1,2,Himachal Pradesh,09-01-2015,14642.40041
4771,Hamirpur,6,2,Himachal Pradesh,09-01-2015,15048.69644
4772,Kangra,2,2,Himachal Pradesh,09-01-2015,14898.08767
4773,Kinnaur,12,2,Himachal Pradesh,09-01-2015,14577.15755
4774,Lahul & Spiti,3,2,Himachal Pradesh,09-01-2015,14519.8747
4775,Kullu,4,2,Himachal Pradesh,09-01-2015,14499.49358
4776,Mandi,5,2,Himachal Pradesh,09-01-2015,14879.38556
4777,Rupnagar,7,3,Punjab,09-01-2015,15162.4949
4778,Amritsar,2,3,Punjab,09-01-2015,15117.88441
4779,Firozpur,11,3,Punjab,09-01-2015,15155.28543
4780,Bathinda,14,3,Punjab,09-01-2015,15184.90678
4781,Gurdaspur,1,3,Punjab,09-01-2015,15116.92944
4782,Faridkot,13,3,Punjab,09-01-2015,15125.09549
4783,Fatehgarh Sahib,8,3,Punjab,09-01-2015,15118.33341
4784,Hoshiarpur,5,3,Punjab,09-01-2015,15193.10256
4785,Jalandhar,4,3,Punjab,09-01-2015,15164.66573
4786,Kapurthala,3,3,Punjab,09-01-2015,15129.81456
4787,Ludhiana,9,3,Punjab,09-01-2015,15139.19027
4788,Mansa,15,3,Punjab,09-01-2015,15192.79212
4789,Moga,10,3,Punjab,09-01-2015,15099.02332
4790,Muktsar,12,3,Punjab,09-01-2015,15161.23675
4791,Nawanshahr,6,3,Punjab,09-01-2015,15154.28755
4792,Patiala,17,3,Punjab,09-01-2015,15139.50522
4793,Sangrur,16,3,Punjab,09-01-2015,15108.37067
4794,Chandigarh,1,4,Chandigarh,09-01-2015,15302.65158
4795,Rudraprayag,3,5,Uttarakhand,09-01-2015,14601.55693
4796,Tehri Garhwal,4,5,Uttarakhand,09-01-2015,14799.49469
4797,Udham Singh Nagar,12,5,Uttarakhand,09-01-2015,15100.19902
4798,Uttarkashi,1,5,Uttarakhand,09-01-2015,14534.79924
4799,Bageshwar,8,5,Uttarakhand,09-01-2015,14684.47836
4800,Almora,9,5,Uttarakhand,09-01-2015,14962.74853
4801,Chamoli,2,5,Uttarakhand,09-01-2015,14457.95904
4802,Champawat,10,5,Uttarakhand,09-01-2015,14957.51352
4803,Dehradun,5,5,Uttarakhand,09-01-2015,15005.76431
4804,Garhwal,6,5,Uttarakhand,09-01-2015,14947.92389
4805,Hardwar,13,5,Uttarakhand,09-01-2015,15143.59215
4806,Nainital,11,5,Uttarakhand,09-01-2015,14993.84363
4807,Pithoragarh,7,5,Uttarakhand,09-01-2015,14553.29112
4808,Rohtak,14,6,Haryana,09-01-2015,15278.96017
4809,Sirsa,11,6,Haryana,09-01-2015,15305.24786
4810,Sonipat,8,6,Haryana,09-01-2015,15200.58552
4811,Yamunanagar,3,6,Haryana,09-01-2015,15131.14203
4812,Jhajjar,15,6,Haryana,09-01-2015,15406.69527
4813,Mahendragarh,16,6,Haryana,09-01-2015,15532.61865
4814,Rewari,17,6,Haryana,09-01-2015,15522.74566
4815,Bhiwani,13,6,Haryana,09-01-2015,15464.96587
4816,Ambala,2,6,Haryana,09-01-2015,15156.27148
4817,Gurgaon,18,6,Haryana,09-01-2015,15405.33867
4818,Faridabad,19,6,Haryana,09-01-2015,15287.33718
4819,Fatehabad,10,6,Haryana,09-01-2015,15224.44255
4820,Hisar,12,6,Haryana,09-01-2015,15379.25424
4821,Jind,9,6,Haryana,09-01-2015,15196.53792
4822,Kaithal,5,6,Haryana,09-01-2015,15131.84749
4823,Karnal,6,6,Haryana,09-01-2015,15138.97325
4824,Kurukshetra,4,6,Haryana,09-01-2015,15139.93192
4825,Panchkula,1,6,Haryana,09-01-2015,15125.42858
4826,Panipat,7,6,Haryana,09-01-2015,15146.35559
4827,Central,6,7,Delhi  & NCR,09-01-2015,15369.34644
4828,East,4,7,Delhi  & NCR,09-01-2015,15385.89198
4829,New Delhi,5,7,Delhi  & NCR,09-01-2015,15304.32898
4830,North,2,7,Delhi  & NCR,09-01-2015,15370.66836
4831,North East,3,7,Delhi  & NCR,09-01-2015,15402.4078
4832,North West,1,7,Delhi  & NCR,09-01-2015,15397.66356
4833,South,9,7,Delhi  & NCR,09-01-2015,15315.37514
4834,South West,8,7,Delhi  & NCR,09-01-2015,15427.26494
4835,West,7,7,Delhi  & NCR,09-01-2015,15426.23414
4836,Sirohi,19,8,Rajasthan,09-01-2015,15362.76098
4837,Tonk,22,8,Rajasthan,09-01-2015,15605.12262
4838,Sikar,13,8,Rajasthan,09-01-2015,15544.17171
4839,Alwar,6,8,Rajasthan,09-01-2015,15462.70609
4840,Udaipur,26,8,Rajasthan,09-01-2015,15246.95491
4841,Ganganagar,1,8,Rajasthan,09-01-2015,15522.00195
4842,Hanumangarh,2,8,Rajasthan,09-01-2015,15538.8764
4843,Baran,31,8,Rajasthan,09-01-2015,15444.12555
4844,Ajmer,21,8,Rajasthan,09-01-2015,15498.71251
4845,Banswara,28,8,Rajasthan,09-01-2015,15302.27422
4846,Barmer,17,8,Rajasthan,09-01-2015,15693.31376
4847,Bhilwara,24,8,Rajasthan,09-01-2015,15454.58738
4848,Bikaner,3,8,Rajasthan,09-01-2015,15859.59656
4849,Bharatpur,7,8,Rajasthan,09-01-2015,15524.6765
4850,Bundi,23,8,Rajasthan,09-01-2015,15435.75485
4851,Chittaurgarh,29,8,Rajasthan,09-01-2015,15363.51981
4852,Churu,4,8,Rajasthan,09-01-2015,15723.18807
4853,Dausa,11,8,Rajasthan,09-01-2015,15564.94078
4854,Dhaulpur,8,8,Rajasthan,09-01-2015,15528.19938
4855,Dungarpur,27,8,Rajasthan,09-01-2015,15270.74287
4856,Karauli,9,8,Rajasthan,09-01-2015,15546.00641
4857,Jaipur,12,8,Rajasthan,09-01-2015,15559.68803
4858,Jaisalmer,16,8,Rajasthan,09-01-2015,15936.95792
4859,Jalor,18,8,Rajasthan,09-01-2015,15521.31699
4860,Jhalawar,32,8,Rajasthan,09-01-2015,15446.33117
4861,Jhunjhunun,5,8,Rajasthan,09-01-2015,15533.86263
4862,Jodhpur,15,8,Rajasthan,09-01-2015,15690.33533
4863,Kota,30,8,Rajasthan,09-01-2015,15455.59032
4864,Nagaur,14,8,Rajasthan,09-01-2015,15610.21323
4865,Pali,20,8,Rajasthan,09-01-2015,15520.66945
4866,Rajsamand,25,8,Rajasthan,09-01-2015,15309.33528
4867,Sawai Madhopur,10,8,Rajasthan,09-01-2015,15567.69706
4868,Shrawasti,51,9,Uttar Pradesh,09-01-2015,15137.19305
4869,Saharanpur,1,9,Uttar Pradesh,09-01-2015,15147.16591
4870,Sitapur,24,9,Uttar Pradesh,09-01-2015,15166.9149
4871,Sultanpur,49,9,Uttar Pradesh,09-01-2015,15198.50855
4872,Sonbhadra,70,9,Uttar Pradesh,09-01-2015,15224.22911
4873,Siddharthnagar,54,9,Uttar Pradesh,09-01-2015,15119.26116
4874,Unnao,26,9,Uttar Pradesh,09-01-2015,15299.11562
4875,Varanasi,67,9,Uttar Pradesh,09-01-2015,15222.85946
4876,Bulandshahr,11,9,Uttar Pradesh,09-01-2015,15240.84774
4877,Gautam Buddha Nagar,10,9,Uttar Pradesh,09-01-2015,15291.077
4878,Ghaziabad,9,9,Uttar Pradesh,09-01-2015,15248.84969
4879,Auraiya,32,9,Uttar Pradesh,09-01-2015,15324.19355
4880,Azamgarh,61,9,Uttar Pradesh,09-01-2015,15179.87921
4881,Budaun,19,9,Uttar Pradesh,09-01-2015,15271.09902
4882,Agra,15,9,Uttar Pradesh,09-01-2015,15418.67299
4883,Aligarh,12,9,Uttar Pradesh,09-01-2015,15272.22485
4884,Allahabad,45,9,Uttar Pradesh,09-01-2015,15236.69335
4885,Ambedkar Nagar,48,9,Uttar Pradesh,09-01-2015,15159.29108
4886,Bareilly,20,9,Uttar Pradesh,09-01-2015,15178.09027
4887,Bijnor,3,9,Uttar Pradesh,09-01-2015,15142.22641
4888,Basti,55,9,Uttar Pradesh,09-01-2015,15130.93829
4889,Baghpat,8,9,Uttar Pradesh,09-01-2015,15236.62671
4890,Bahraich,50,9,Uttar Pradesh,09-01-2015,15149.94235
4891,Ballia,63,9,Uttar Pradesh,09-01-2015,15185.74785
4892,Balrampur,52,9,Uttar Pradesh,09-01-2015,15146.39565
4893,Banda,40,9,Uttar Pradesh,09-01-2015,15402.81701
4894,Barabanki,46,9,Uttar Pradesh,09-01-2015,15174.80885
4895,Chitrakoot,41,9,Uttar Pradesh,09-01-2015,15351.71304
4896,Chandauli,66,9,Uttar Pradesh,09-01-2015,15164.99047
4897,Deoria,60,9,Uttar Pradesh,09-01-2015,15161.60672
4898,Etah,17,9,Uttar Pradesh,09-01-2015,15298.63764
4899,Kanpur Dehat,33,9,Uttar Pradesh,09-01-2015,15365.02437
4900,Etawah,31,9,Uttar Pradesh,09-01-2015,15311.41633
4901,Faizabad,47,9,Uttar Pradesh,09-01-2015,15185.50562
4902,Ghazipur,65,9,Uttar Pradesh,09-01-2015,15172.25389
4903,Gonda,53,9,Uttar Pradesh,09-01-2015,15154.16036
4904,Gorakhpur,58,9,Uttar Pradesh,09-01-2015,15169.4161
4905,Farrukhabad,29,9,Uttar Pradesh,09-01-2015,15372.18457
4906,Fatehpur,42,9,Uttar Pradesh,09-01-2015,15366.76189
4907,Firozabad,16,9,Uttar Pradesh,09-01-2015,15342.48799
4908,Hamirpur,38,9,Uttar Pradesh,09-01-2015,15486.48735
4909,Hardoi,25,9,Uttar Pradesh,09-01-2015,15249.42564
4910,Hathras,13,9,Uttar Pradesh,09-01-2015,15386.39747
4911,Jalaun,35,9,Uttar Pradesh,09-01-2015,15413.19981
4912,Jaunpur,64,9,Uttar Pradesh,09-01-2015,15213.29195
4913,Jhansi,36,9,Uttar Pradesh,09-01-2015,15406.17154
4914,Jyotiba Phule Nagar,6,9,Uttar Pradesh,09-01-2015,15199.51433
4915,Kannauj,30,9,Uttar Pradesh,09-01-2015,15382.27038
4916,Kanpur Nagar,34,9,Uttar Pradesh,09-01-2015,15395.31989
4917,Kaushambi,44,9,Uttar Pradesh,09-01-2015,15293.34968
4918,Kheri,23,9,Uttar Pradesh,09-01-2015,15132.79871
4919,Mirzapur,69,9,Uttar Pradesh,09-01-2015,15277.10411
4920,Moradabad,4,9,Uttar Pradesh,09-01-2015,15189.26923
4921,Muzaffarnagar,2,9,Uttar Pradesh,09-01-2015,15171.68605
4922,Rae Bareli,28,9,Uttar Pradesh,09-01-2015,15231.75798
4923,Kushinagar,59,9,Uttar Pradesh,09-01-2015,15132.02165
4924,Lucknow,27,9,Uttar Pradesh,09-01-2015,15273.8577
4925,Lalitpur,37,9,Uttar Pradesh,09-01-2015,15402.71125
4926,Mahrajganj,57,9,Uttar Pradesh,09-01-2015,15115.36575
4927,Mahoba,39,9,Uttar Pradesh,09-01-2015,15489.17365
4928,Mainpuri,18,9,Uttar Pradesh,09-01-2015,15279.04255
4929,Mathura,14,9,Uttar Pradesh,09-01-2015,15333.79248
4930,Mau,62,9,Uttar Pradesh,09-01-2015,15187.37404
4931,Meerut,7,9,Uttar Pradesh,09-01-2015,15213.41211
4932,Pilibhit,21,9,Uttar Pradesh,09-01-2015,15105.28136
4933,Pratapgarh,43,9,Uttar Pradesh,09-01-2015,15209.4557
4934,Rampur,5,9,Uttar Pradesh,09-01-2015,15143.75383
4935,Sant Ravidas Nagar Bhadohi,68,9,Uttar Pradesh,09-01-2015,15205.69098
4936,Sant Kabir Nagar,56,9,Uttar Pradesh,09-01-2015,15135.83733
4937,Shahjahanpur,22,9,Uttar Pradesh,09-01-2015,15195.22536
4938,Sheikhpura,26,10,Bihar,09-01-2015,15130.91954
4939,Sheohar,3,10,Bihar,09-01-2015,15112.63717
4940,Saharsa,12,10,Bihar,09-01-2015,15109.53885
4941,Sitamarhi,4,10,Bihar,09-01-2015,15116.4981
4942,Siwan,16,10,Bihar,09-01-2015,15155.13508
4943,Supaul,6,10,Bihar,09-01-2015,15112.83838
4944,Vaishali,18,10,Bihar,09-01-2015,15181.7164
4945,Kaimur (Bhabua),31,10,Bihar,09-01-2015,15145.5336
4946,Gaya,35,10,Bihar,09-01-2015,15212.72668
4947,Bhojpur,29,10,Bihar,09-01-2015,15200.02566
4948,Buxar,30,10,Bihar,09-01-2015,15153.14668
4949,Jehanabad,33,10,Bihar,09-01-2015,15132.08581
4950,Rohtas,32,10,Bihar,09-01-2015,15127.42807
4951,Araria,7,10,Bihar,09-01-2015,15088.80967
4952,Aurangabad,34,10,Bihar,09-01-2015,15152.99085
4953,Banka,23,10,Bihar,09-01-2015,15129.33354
4954,Bhagalpur,22,10,Bihar,09-01-2015,15119.79352
4955,Begusarai,20,10,Bihar,09-01-2015,15173.40722
4956,Saran,17,10,Bihar,09-01-2015,15194.9128
4957,Katihar,10,10,Bihar,09-01-2015,15109.37968
4958,Darbhanga,13,10,Bihar,09-01-2015,15153.4237
4959,Gopalganj,15,10,Bihar,09-01-2015,15121.91714
4960,Jamui,37,10,Bihar,09-01-2015,15143.59751
4961,Kishanganj,8,10,Bihar,09-01-2015,15124.60512
4962,Muzaffarpur,14,10,Bihar,09-01-2015,15158.6034
4963,Purnia,9,10,Bihar,09-01-2015,15072.52212
4964,Khagaria,21,10,Bihar,09-01-2015,15139.49494
4965,Madhubani,5,10,Bihar,09-01-2015,15117.1366
4966,Lakhisarai,25,10,Bihar,09-01-2015,15131.23795
4967,Madhepura,11,10,Bihar,09-01-2015,15103.43879
4968,Purba Champaran,2,10,Bihar,09-01-2015,15116.91533
4969,Munger,24,10,Bihar,09-01-2015,15107.27116
4970,Nalanda,27,10,Bihar,09-01-2015,15143.4067
4971,Nawada,36,10,Bihar,09-01-2015,15142.16554
4972,Pashchim Champaran,1,10,Bihar,09-01-2015,15115.2683
4973,Patna,28,10,Bihar,09-01-2015,15191.36473
4974,Samastipur,19,10,Bihar,09-01-2015,15189.43923
4975,South,3,11,Sikkim,09-01-2015,14694.46871
4976,West,2,11,Sikkim,09-01-2015,14418.05448
4977,East,4,11,Sikkim,09-01-2015,14620.42455
4978,North,1,11,Sikkim,09-01-2015,14182.47344
4979,Tawang,1,12,Arunanchal Pradesh,09-01-2015,14338.85574
4980,Tirap,13,12,Arunanchal Pradesh,09-01-2015,14998.92431
4981,West Kameng,2,12,Arunanchal Pradesh,09-01-2015,14633.85388
4982,West Siang,7,12,Arunanchal Pradesh,09-01-2015,14692.25477
4983,Upper Siang,9,12,Arunanchal Pradesh,09-01-2015,14520.01102
4984,Upper Subansiri,6,12,Arunanchal Pradesh,09-01-2015,14453.12017
4985,Changlang,12,12,Arunanchal Pradesh,09-01-2015,14889.59279
4986,Dibang Valley,10,12,Arunanchal Pradesh,09-01-2015,14546.42218
4987,East Kameng,3,12,Arunanchal Pradesh,09-01-2015,14676.92112
4988,East Siang,8,12,Arunanchal Pradesh,09-01-2015,14986.15698
4989,Lohit,11,12,Arunanchal Pradesh,09-01-2015,14652.88032
4990,Lower Subansiri,5,12,Arunanchal Pradesh,09-01-2015,14580.00864
4991,Papum Pare,4,12,Arunanchal Pradesh,09-01-2015,14846.73999
4992,Tuensang,2,13,Nagaland,09-01-2015,14889.41147
4993,Wokha,5,13,Nagaland,09-01-2015,15049.82523
4994,Zunheboto,4,13,Nagaland,09-01-2015,14904.57012
4995,Dimapur,6,13,Nagaland,09-01-2015,15106.70775
4996,Kohima,7,13,Nagaland,09-01-2015,14969.05224
4997,Mokokchung,3,13,Nagaland,09-01-2015,15038.47856
4998,Mon,1,13,Nagaland,09-01-2015,15054.00285
4999,Phek,8,13,Nagaland,09-01-2015,14883.37686
5000,Tamenglong,2,14,Manipur,09-01-2015,14983.57083
5001,Thoubal,5,14,Manipur,09-01-2015,15031.48087
5002,Ukhrul,8,14,Manipur,09-01-2015,14913.95669
5003,Bishnupur,4,14,Manipur,09-01-2015,14971.74833
5004,Chandel,9,14,Manipur,09-01-2015,14966.97633
5005,Churachandpur,3,14,Manipur,09-01-2015,14983.18819
5006,Imphal East,7,14,Manipur,09-01-2015,15035.98234
5007,Imphal West,6,14,Manipur,09-01-2015,15083.86834
5008,Senapati (Excl. 3 sub-divisions),1,14,Manipur,09-01-2015,14888.15997
5009,Aizawl,3,15,Mizoram,09-01-2015,15008.31174
5010,Champhai,4,15,Mizoram,09-01-2015,14946.43536
5011,Kolasib,2,15,Mizoram,09-01-2015,15026.90493
5012,Mamit,1,15,Mizoram,09-01-2015,15031.16437
5013,Lunglei,6,15,Mizoram,09-01-2015,15036.69208
5014,Lawngtlai,7,15,Mizoram,09-01-2015,15048.02746
5015,Saiha,8,15,Mizoram,09-01-2015,14983.6417
5016,Serchhip,5,15,Mizoram,09-01-2015,15016.36481
5017,South Tripura,2,16,Tripura,09-01-2015,15134.19553
5018,West Tripura,1,16,Tripura,09-01-2015,15146.48743
5019,Dhalai,3,16,Tripura,09-01-2015,15095.7013
5020,North Tripura,4,16,Tripura,09-01-2015,15082.86886
5021,Ri Bhoi,5,17,Meghalaya,09-01-2015,15049.02808
5022,South Garo Hills,3,17,Meghalaya,09-01-2015,15077.68511
5023,West Garo Hills,1,17,Meghalaya,09-01-2015,15074.65987
5024,West Khasi Hills,4,17,Meghalaya,09-01-2015,14975.87462
5025,East Garo Hills,2,17,Meghalaya,09-01-2015,15064.89053
5026,East Khasi Hills,6,17,Meghalaya,09-01-2015,14984.22459
5027,Jaintia Hills,7,17,Meghalaya,09-01-2015,15009.3331
5028,Sonitpur,11,18,Assam,09-01-2015,15152.74731
5029,Sibsagar,16,18,Assam,09-01-2015,15144.64698
5030,Tinsukia,14,18,Assam,09-01-2015,15155.51632
5031,Barpeta,5,18,Assam,09-01-2015,15135.40485
5032,Bongaigaon,4,18,Assam,09-01-2015,15171.97141
5033,Cachar,21,18,Assam,09-01-2015,15093.02936
5034,Darrang,8,18,Assam,09-01-2015,15159.3386
5035,Dhemaji,13,18,Assam,09-01-2015,15135.08705
5036,Dhubri,2,18,Assam,09-01-2015,15108.74822
5037,Dibrugarh,15,18,Assam,09-01-2015,15110.40495
5038,Kamrup,6,18,Assam,09-01-2015,15141.59387
5039,Karbi Anglong,19,18,Assam,09-01-2015,15068.94112
5040,Goalpara,3,18,Assam,09-01-2015,15114.60834
5041,Golaghat,18,18,Assam,09-01-2015,15128.94084
5042,Hailakandi,23,18,Assam,09-01-2015,15064.61789
5043,Jorhat,17,18,Assam,09-01-2015,15101.70027
5044,Karimganj,22,18,Assam,09-01-2015,15103.54008
5045,Kokrajhar,1,18,Assam,09-01-2015,15141.32272
5046,Lakhimpur,12,18,Assam,09-01-2015,15140.29568
5047,Nagaon,10,18,Assam,09-01-2015,15142.44608
5048,Marigaon,9,18,Assam,09-01-2015,15121.03661
5049,Nalbari,7,18,Assam,09-01-2015,15156.67159
5050,North Cachar Hills,20,18,Assam,09-01-2015,14997.39187
5051,South  Twenty Four Parganas,18,19,West Bengal,09-01-2015,15114.99249
5052,Uttar Dinajpur,4,19,West Bengal,09-01-2015,15078.98647
5053,Barddhaman,9,19,West Bengal,09-01-2015,15136.30978
5054,Birbhum,8,19,West Bengal,09-01-2015,15117.34556
5055,Bankura,13,19,West Bengal,09-01-2015,15138.45222
5056,Dakshin Dinajpur,5,19,West Bengal,09-01-2015,15058.41729
5057,Darjiling,1,19,West Bengal,09-01-2015,14946.30775
5058,Haora,16,19,West Bengal,09-01-2015,15208.5995
5059,Hugli,12,19,West Bengal,09-01-2015,15149.70854
5060,Jalpaiguri,2,19,West Bengal,09-01-2015,15131.84682
5061,Koch Bihar,3,19,West Bengal,09-01-2015,15109.85848
5062,Murshidabad,7,19,West Bengal,09-01-2015,15135.65193
5063,Puruliya,14,19,West Bengal,09-01-2015,15170.07671
5064,Kolkata,17,19,West Bengal,09-01-2015,15377.82391
5065,Maldah,6,19,West Bengal,09-01-2015,15081.95917
5066,Nadia,10,19,West Bengal,09-01-2015,15184.83077
5067,North Twenty Four Parganas,11,19,West Bengal,09-01-2015,15120.19333
5068,Medinipur,15,19,West Bengal,09-01-2015,15142.49378
5069,Ranchi,14,20,Jharkhand,09-01-2015,15164.60353
5070,Sahibganj,9,20,Jharkhand,09-01-2015,15107.00358
5071,Garhwa,1,20,Jharkhand,09-01-2015,15210.1381
5072,Palamu,2,20,Jharkhand,09-01-2015,15187.54534
5073,Chatra,3,20,Jharkhand,09-01-2015,15186.79027
5074,Hazaribagh,4,20,Jharkhand,09-01-2015,15185.23751
5075,Kodarma,5,20,Jharkhand,09-01-2015,15165.07467
5076,Bokaro,13,20,Jharkhand,09-01-2015,15209.74922
5077,Deoghar,7,20,Jharkhand,09-01-2015,15179.10389
5078,Dhanbad,12,20,Jharkhand,09-01-2015,15174.31494
5079,Dumka,11,20,Jharkhand,09-01-2015,15161.12623
5080,Giridih,6,20,Jharkhand,09-01-2015,15195.50121
5081,Godda,8,20,Jharkhand,09-01-2015,15116.90819
5082,Gumla,16,20,Jharkhand,09-01-2015,15157.54792
5083,Purbi Singhbhum,18,20,Jharkhand,09-01-2015,15153.47166
5084,Lohardaga,15,20,Jharkhand,09-01-2015,15117.3431
5085,Pakaur,10,20,Jharkhand,09-01-2015,15137.1493
5086,Pashchimi Singhbhum,17,20,Jharkhand,09-01-2015,15133.40855
5087,Rayagada,27,21,Orissa,09-01-2015,15091.0216
5088,Sundargarh,5,21,Orissa,09-01-2015,15132.25023
5089,Sonapur,23,21,Orissa,09-01-2015,15132.33631
5090,Anugul,15,21,Orissa,09-01-2015,15135.0652
5091,Bhadrak,9,21,Orissa,09-01-2015,15128.01325
5092,Baudh,22,21,Orissa,09-01-2015,15115.66524
5093,Balangir,24,21,Orissa,09-01-2015,15158.15206
5094,Baleshwar,8,21,Orissa,09-01-2015,15152.06486
5095,Bargarh,1,21,Orissa,09-01-2015,15141.84487
5096,Kendrapara,10,21,Orissa,09-01-2015,15092.74195
5097,Kendujhar,6,21,Orissa,09-01-2015,15126.72958
5098,Debagarh,4,21,Orissa,09-01-2015,15120.82334
5099,Cuttack,12,21,Orissa,09-01-2015,15173.85976
5100,Dhenkanal,14,21,Orissa,09-01-2015,15175.50223
5101,Kalahandi,26,21,Orissa,09-01-2015,15106.64624
5102,Ganjam,19,21,Orissa,09-01-2015,15148.40924
5103,Gajapati,20,21,Orissa,09-01-2015,15052.27322
5104,Jajapur,13,21,Orissa,09-01-2015,15182.25636
5105,Jagatsinghapur,11,21,Orissa,09-01-2015,15154.08998
5106,Jharsuguda,2,21,Orissa,09-01-2015,15128.49955
5107,Khordha,17,21,Orissa,09-01-2015,15179.66957
5108,Mayurbhanj,7,21,Orissa,09-01-2015,15128.34602
5109,Puri,18,21,Orissa,09-01-2015,15131.9051
5110,Koraput,29,21,Orissa,09-01-2015,15083.20627
5111,Malkangiri,30,21,Orissa,09-01-2015,15150.64432
5112,Nabarangapur,28,21,Orissa,09-01-2015,15105.35402
5113,Nayagarh,16,21,Orissa,09-01-2015,15145.23473
5114,Nuapada,25,21,Orissa,09-01-2015,15125.99204
5115,Kandhamal,21,21,Orissa,09-01-2015,15026.69858
5116,Sambalpur,3,21,Orissa,09-01-2015,15115.7229
5117,Surguja,2,22,Chhattisgarh,09-01-2015,15130.09719
5118,Bilaspur,7,22,Chhattisgarh,09-01-2015,15122.88678
5119,Janjgir - Champa,6,22,Chhattisgarh,09-01-2015,15117.05102
5120,Korba,5,22,Chhattisgarh,09-01-2015,15137.70785
5121,Kawardha,8,22,Chhattisgarh,09-01-2015,15131.44413
5122,Bastar,15,22,Chhattisgarh,09-01-2015,15077.43304
5123,Dantewada,16,22,Chhattisgarh,09-01-2015,15111.39497
5124,Dhamtari,13,22,Chhattisgarh,09-01-2015,15101.11468
5125,Durg,10,22,Chhattisgarh,09-01-2015,15142.13373
5126,Kanker,14,22,Chhattisgarh,09-01-2015,15105.9055
5127,Jashpur,3,22,Chhattisgarh,09-01-2015,15121.91321
5128,Koriya,1,22,Chhattisgarh,09-01-2015,15145.59491
5129,Mahasamund,12,22,Chhattisgarh,09-01-2015,15140.73852
5130,Raigarh,4,22,Chhattisgarh,09-01-2015,15138.75199
5131,Raipur,11,22,Chhattisgarh,09-01-2015,15124.28023
5132,Rajnandgaon,9,22,Chhattisgarh,09-01-2015,15115.89303
5133,Shajapur,22,23,Madhya Pradesh,09-01-2015,15426.1295
5134,Shivpuri,6,23,Madhya Pradesh,09-01-2015,15393.9131
5135,Ratlam,20,23,Madhya Pradesh,09-01-2015,15424.07783
5136,Rewa,14,23,Madhya Pradesh,09-01-2015,15273.36346
5137,Sagar,11,23,Madhya Pradesh,09-01-2015,15334.06615
5138,Sidhi,17,23,Madhya Pradesh,09-01-2015,15237.18124
5139,Ujjain,21,23,Madhya Pradesh,09-01-2015,15440.03123
5140,Vidisha,31,23,Madhya Pradesh,09-01-2015,15321.40245
5141,West Nimar,27,23,Madhya Pradesh,09-01-2015,15370.51357
5142,Morena,2,23,Madhya Pradesh,09-01-2015,15471.87241
5143,Sheopur,1,23,Madhya Pradesh,09-01-2015,15410.59189
5144,Dindori,41,23,Madhya Pradesh,09-01-2015,15134.57333
5145,Mandla,42,23,Madhya Pradesh,09-01-2015,15141.13484
5146,Shahdol,16,23,Madhya Pradesh,09-01-2015,15217.19283
5147,Umaria,15,23,Madhya Pradesh,09-01-2015,15187.86853
5148,Bhind,3,23,Madhya Pradesh,09-01-2015,15445.45946
5149,Bhopal,32,23,Madhya Pradesh,09-01-2015,15346.55149
5150,Barwani,28,23,Madhya Pradesh,09-01-2015,15361.30575
5151,Betul,35,23,Madhya Pradesh,09-01-2015,15203.67477
5152,Balaghat,45,23,Madhya Pradesh,09-01-2015,15085.35187
5153,Chhatarpur,9,23,Madhya Pradesh,09-01-2015,15367.96804
5154,Chhindwara,43,23,Madhya Pradesh,09-01-2015,15224.00261
5155,Dewas,23,23,Madhya Pradesh,09-01-2015,15343.70931
5156,Katni,38,23,Madhya Pradesh,09-01-2015,15233.94787
5157,Datia,5,23,Madhya Pradesh,09-01-2015,15369.08273
5158,Damoh,12,23,Madhya Pradesh,09-01-2015,15328.73135
5159,Dhar,25,23,Madhya Pradesh,09-01-2015,15354.40476
5160,East Nimar,29,23,Madhya Pradesh,09-01-2015,15309.44483
5161,Guna,7,23,Madhya Pradesh,09-01-2015,15370.24183
5162,Gwalior,4,23,Madhya Pradesh,09-01-2015,15388.14199
5163,Harda,36,23,Madhya Pradesh,09-01-2015,15352.15599
5164,Hoshangabad,37,23,Madhya Pradesh,09-01-2015,15247.17587
5165,Indore,26,23,Madhya Pradesh,09-01-2015,15381.91834
5166,Jabalpur,39,23,Madhya Pradesh,09-01-2015,15244.75974
5167,Jhabua,24,23,Madhya Pradesh,09-01-2015,15309.09448
5168,Mandsaur,19,23,Madhya Pradesh,09-01-2015,15479.87426
5169,Tikamgarh,8,23,Madhya Pradesh,09-01-2015,15406.3127
5170,Narsimhapur,40,23,Madhya Pradesh,09-01-2015,15296.42447
5171,Neemuch,18,23,Madhya Pradesh,09-01-2015,15456.77677
5172,Panna,10,23,Madhya Pradesh,09-01-2015,15278.34587
5173,Raisen,34,23,Madhya Pradesh,09-01-2015,15288.50737
5174,Rajgarh,30,23,Madhya Pradesh,09-01-2015,15392.05688
5175,Satna,13,23,Madhya Pradesh,09-01-2015,15254.22135
5176,Sehore,33,23,Madhya Pradesh,09-01-2015,15356.76728
5177,Seoni,44,23,Madhya Pradesh,09-01-2015,15227.95396
5178,Sabar Kantha,5,24,Gujarat,09-01-2015,15305.66793
5179,Surendranagar,8,24,Gujarat,09-01-2015,15443.40363
5180,The Dangs,23,24,Gujarat,09-01-2015,15068.33388
5181,Vadodara,19,24,Gujarat,09-01-2015,15338.19252
5182,Valsad,25,24,Gujarat,09-01-2015,15132.43332
5183,Bharuch,21,24,Gujarat,09-01-2015,15371.57438
5184,Surat,22,24,Gujarat,09-01-2015,15220.83129
5185,Anand,15,24,Gujarat,09-01-2015,15271.87376
5186,Ahmadabad,7,24,Gujarat,09-01-2015,15406.67548
5187,Amreli,13,24,Gujarat,09-01-2015,15341.94135
5188,Bhavnagar,14,24,Gujarat,09-01-2015,15373.96906
5189,Banas Kantha,2,24,Gujarat,09-01-2015,15431.36225
5190,Dohad,18,24,Gujarat,09-01-2015,15265.87834
5191,Junagadh,12,24,Gujarat,09-01-2015,15279.79831
5192,Kachchh,1,24,Gujarat,09-01-2015,15463.91283
5193,Gandhinagar,6,24,Gujarat,09-01-2015,15343.14763
5194,Jamnagar,10,24,Gujarat,09-01-2015,15390.98581
5195,Kheda,16,24,Gujarat,09-01-2015,15371.47806
5196,Mahesana,4,24,Gujarat,09-01-2015,15372.19117
5197,Narmada,20,24,Gujarat,09-01-2015,15211.1935
5198,Navsari,24,24,Gujarat,09-01-2015,15193.9343
5199,Panch Mahals,17,24,Gujarat,09-01-2015,15332.44592
5200,Patan,3,24,Gujarat,09-01-2015,15469.0663
5201,Porbandar,11,24,Gujarat,09-01-2015,15351.84895
5202,Rajkot,9,24,Gujarat,09-01-2015,15349.38727
5203,Daman,2,25,Daman & Diu,09-01-2015,15169.67135
5204,Diu,1,25,Daman & Diu,09-01-2015,15213.10226
5205,Dadra & Nagar Haveli,1,26,Dadara & Nagar Havelli,09-01-2015,15150.7149
5206,Ratnagiri,32,27,Maharashtra,09-01-2015,15124.84419
5207,Raigarh,24,27,Maharashtra,09-01-2015,15110.37519
5208,Thane,21,27,Maharashtra,09-01-2015,15120.48039
5209,Solapur,30,27,Maharashtra,09-01-2015,15670.67491
5210,Sindhudurg,33,27,Maharashtra,09-01-2015,15147.15548
5211,Wardha,8,27,Maharashtra,09-01-2015,15262.81936
5212,Washim,6,27,Maharashtra,09-01-2015,15318.45281
5213,Yavatmal,14,27,Maharashtra,09-01-2015,15240.6182
5214,Aurangabad,19,27,Maharashtra,09-01-2015,15321.7009
5215,Ahmadnagar,26,27,Maharashtra,09-01-2015,15519.16428
5216,Akola,5,27,Maharashtra,09-01-2015,15350.03951
5217,Amravati,7,27,Maharashtra,09-01-2015,15272.11215
5218,Bid,27,27,Maharashtra,09-01-2015,15459.74233
5219,Bhandara,10,27,Maharashtra,09-01-2015,15138.74089
5220,Buldana,4,27,Maharashtra,09-01-2015,15291.77118
5221,Chandrapur,13,27,Maharashtra,09-01-2015,15189.09801
5222,Dhule,2,27,Maharashtra,09-01-2015,15399.98085
5223,Gadchiroli,12,27,Maharashtra,09-01-2015,15119.03176
5224,Gondiya,11,27,Maharashtra,09-01-2015,15091.26922
5225,Hingoli,16,27,Maharashtra,09-01-2015,15304.44225
5226,Jalgaon,3,27,Maharashtra,09-01-2015,15337.23248
5227,Jalna,18,27,Maharashtra,09-01-2015,15348.69329
5228,Kolhapur,34,27,Maharashtra,09-01-2015,15175.94821
5229,Latur,28,27,Maharashtra,09-01-2015,15467.96858
5230,Pune,25,27,Maharashtra,09-01-2015,15349.84833
5231,Nagpur,9,27,Maharashtra,09-01-2015,15241.68619
5232,Mumbai,23,27,Maharashtra,09-01-2015,15283.90472
5233,Mumbai (Suburban),22,27,Maharashtra,09-01-2015,15269.54211
5234,Nanded,15,27,Maharashtra,09-01-2015,15325.99141
5235,Nandurbar,1,27,Maharashtra,09-01-2015,15269.08526
5236,Nashik,20,27,Maharashtra,09-01-2015,15325.04481
5237,Osmanabad,29,27,Maharashtra,09-01-2015,15592.90522
5238,Parbhani,17,27,Maharashtra,09-01-2015,15451.22177
5239,Sangli,35,27,Maharashtra,09-01-2015,15553.10578
5240,Satara,31,27,Maharashtra,09-01-2015,15364.0664
5241,Rangareddi,6,28,Andhra Pradesh,09-01-2015,15320.63239
5242,Srikakulam,11,28,Andhra Pradesh,09-01-2015,15174.19828
5243,West Godavari,15,28,Andhra Pradesh,09-01-2015,15201.66778
5244,Visakhapatnam,13,28,Andhra Pradesh,09-01-2015,15134.99943
5245,Vizianagaram,12,28,Andhra Pradesh,09-01-2015,15185.11195
5246,Warangal,9,28,Andhra Pradesh,09-01-2015,15197.82184
5247,Anantapur,22,28,Andhra Pradesh,09-01-2015,15481.66943
5248,Adilabad,1,28,Andhra Pradesh,09-01-2015,15204.75229
5249,Chittoor,23,28,Andhra Pradesh,09-01-2015,15373.94314
5250,Cuddapah,20,28,Andhra Pradesh,09-01-2015,15496.43392
5251,East Godavari,14,28,Andhra Pradesh,09-01-2015,15153.55834
5252,Karimnagar,3,28,Andhra Pradesh,09-01-2015,15239.97889
5253,Guntur,17,28,Andhra Pradesh,09-01-2015,15377.00078
5254,Hyderabad,5,28,Andhra Pradesh,09-01-2015,15399.19867
5255,Khammam,10,28,Andhra Pradesh,09-01-2015,15193.80595
5256,Medak,4,28,Andhra Pradesh,09-01-2015,15269.76655
5257,Krishna,16,28,Andhra Pradesh,09-01-2015,15248.71946
5258,Kurnool,21,28,Andhra Pradesh,09-01-2015,15506.48634
5259,Mahbubnagar,7,28,Andhra Pradesh,09-01-2015,15393.30326
5260,Nalgonda,8,28,Andhra Pradesh,09-01-2015,15321.76131
5261,Nellore,19,28,Andhra Pradesh,09-01-2015,15510.10687
5262,Nizamabad,2,28,Andhra Pradesh,09-01-2015,15256.86894
5263,Prakasam,18,28,Andhra Pradesh,09-01-2015,15503.24337
5264,Shimoga,15,29,Karnataka,09-01-2015,15057.20957
5265,Tumkur,18,29,Karnataka,09-01-2015,15220.06076
5266,Udupi,16,29,Karnataka,09-01-2015,15121.98473
5267,Uttara Kannada,10,29,Karnataka,09-01-2015,15011.14588
5268,Bagalkot,2,29,Karnataka,09-01-2015,15519.65762
5269,Bangalore,20,29,Karnataka,09-01-2015,15203.59853
5270,Bidar,5,29,Karnataka,09-01-2015,15398.69192
5271,Bijapur,3,29,Karnataka,09-01-2015,15611.64275
5272,Belgaum,1,29,Karnataka,09-01-2015,15461.04589
5273,Bellary,12,29,Karnataka,09-01-2015,15394.80993
5274,Bangalore Rural,21,29,Karnataka,09-01-2015,15177.16154
5275,Chamarajanagar,27,29,Karnataka,09-01-2015,15261.30654
5276,Chikmagalur,17,29,Karnataka,09-01-2015,15071.73936
5277,Chitradurga,13,29,Karnataka,09-01-2015,15334.06571
5278,Dakshina Kannada,24,29,Karnataka,09-01-2015,15109.64402
5279,Davanagere,14,29,Karnataka,09-01-2015,15231.93322
5280,Dharwad,9,29,Karnataka,09-01-2015,15624.0775
5281,Gulbarga,4,29,Karnataka,09-01-2015,15490.3285
5282,Gadag,8,29,Karnataka,09-01-2015,15691.18337
5283,Hassan,23,29,Karnataka,09-01-2015,15123.04637
5284,Haveri,11,29,Karnataka,09-01-2015,15286.09267
5285,Kodagu,25,29,Karnataka,09-01-2015,14959.86497
5286,Kolar,19,29,Karnataka,09-01-2015,15282.70969
5287,Mandya,22,29,Karnataka,09-01-2015,15228.5821
5288,Koppal,7,29,Karnataka,09-01-2015,15487.23491
5289,Mysore,26,29,Karnataka,09-01-2015,15199.15762
5290,Raichur,6,29,Karnataka,09-01-2015,15498.50699
5291,South Goa,2,30,Goa,09-01-2015,15044.52989
5292,North Goa,1,30,Goa,09-01-2015,15095.80321
5293,Lakshadweep,1,31,Lakshadweep,09-01-2015,15030.93224
5294,Thrissur,7,32,Kerala,09-01-2015,15078.47098
5295,Thiruvananthapuram,14,32,Kerala,09-01-2015,15060.51732
5296,Wayanad,3,32,Kerala,09-01-2015,14955.65305
5297,Alappuzha,11,32,Kerala,09-01-2015,15138.8074
5298,Kasaragod,1,32,Kerala,09-01-2015,15127.53114
5299,Kannur,2,32,Kerala,09-01-2015,15118.25772
5300,Ernakulam,8,32,Kerala,09-01-2015,15146.24172
5301,Idukki,9,32,Kerala,09-01-2015,14936.10473
5302,Kollam,13,32,Kerala,09-01-2015,15083.37874
5303,Kottayam,10,32,Kerala,09-01-2015,15143.98054
5304,Kozhikode,4,32,Kerala,09-01-2015,15103.60419
5305,Malappuram,5,32,Kerala,09-01-2015,15110.54165
5306,Palakkad,6,32,Kerala,09-01-2015,15075.52438
5307,Pathanamthitta,12,32,Kerala,09-01-2015,15065.47236
5308,Sivaganga,23,33,Tamil Nadu,09-01-2015,15670.12939
5309,Tiruchirappalli,15,33,Tamil Nadu,09-01-2015,15630.73836
5310,Tirunelveli,29,33,Tamil Nadu,09-01-2015,15520.64531
5311,Tiruvannamalai,6,33,Tamil Nadu,09-01-2015,15446.06222
5312,Thoothukkudi,28,33,Tamil Nadu,09-01-2015,15858.30379
5313,Theni,25,33,Tamil Nadu,09-01-2015,15328.3266
5314,Vellore,4,33,Tamil Nadu,09-01-2015,15365.86895
5315,Viluppuram,7,33,Tamil Nadu,09-01-2015,15502.99207
5316,Virudhunagar,26,33,Tamil Nadu,09-01-2015,15834.86807
5317,Chennai,2,33,Tamil Nadu,09-01-2015,15516.10275
5318,Kancheepuram,3,33,Tamil Nadu,09-01-2015,15468.75253
5319,Thiruvallur,1,33,Tamil Nadu,09-01-2015,15437.66008
5320,Thanjavur,21,33,Tamil Nadu,09-01-2015,15515.04961
5321,Thiruvarur,20,33,Tamil Nadu,09-01-2015,15567.85993
5322,Nagapattinam,19,33,Tamil Nadu,09-01-2015,15539.41512
5323,Ariyalur,17,33,Tamil Nadu,09-01-2015,15644.90328
5324,Coimbatore,12,33,Tamil Nadu,09-01-2015,15458.10952
5325,Cuddalore,18,33,Tamil Nadu,09-01-2015,15593.36385
5326,Dharmapuri,5,33,Tamil Nadu,09-01-2015,15349.18658
5327,Dindigul,13,33,Tamil Nadu,09-01-2015,15461.45081
5328,Erode,10,33,Tamil Nadu,09-01-2015,15503.01438
5329,Kanniyakumari,30,33,Tamil Nadu,09-01-2015,15068.47082
5330,Karur,14,33,Tamil Nadu,09-01-2015,15683.97888
5331,Madurai,24,33,Tamil Nadu,09-01-2015,15646.78263
5332,Namakkal,9,33,Tamil Nadu,09-01-2015,15560.42225
5333,The Nilgiris,11,33,Tamil Nadu,09-01-2015,14960.96193
5334,Perambalur,16,33,Tamil Nadu,09-01-2015,15743.59397
5335,Pudukkottai,22,33,Tamil Nadu,09-01-2015,15659.25244
5336,Ramanathapuram,27,33,Tamil Nadu,09-01-2015,15774.76611
5337,Salem,8,33,Tamil Nadu,09-01-2015,15456.87353
5338,Yanam,1,34,Puducherry,09-01-2015,15224.84889
5339,Karaikal,4,34,Puducherry,09-01-2015,15622.60606
5340,Mahe,3,34,Puducherry,09-01-2015,15160.31395
5341,Pondicherry,2,34,Puducherry,09-01-2015,15411.08906
5342,Nicobars,2,35,Andaman & Nicobar Island,09-01-2015,15047.61581
5343,Andamans,1,35,Andaman & Nicobar Island,09-01-2015,14977.18383
5344,Data Not Available,99,99,Jammu and Kashmir,09-01-2015,14408.13096
5345,Srinagar,3,1,Jammu and Kashmir,10-01-2015,14413.09596
5346,Udhampur,10,1,Jammu and Kashmir,10-01-2015,14772.75521
5347,Anantnag,6,1,Jammu and Kashmir,10-01-2015,14415.34564
5348,Badgam,4,1,Jammu and Kashmir,10-01-2015,14549.68185
5349,Baramula,2,1,Jammu and Kashmir,10-01-2015,14476.10129
5350,Doda,9,1,Jammu and Kashmir,10-01-2015,14255.17537
5351,Jammu,13,1,Jammu and Kashmir,10-01-2015,15070.33509
5352,Kargil,8,1,Jammu and Kashmir,10-01-2015,14207.61442
5353,Kathua,14,1,Jammu and Kashmir,10-01-2015,14948.33117
5354,Leh (Ladakh),7,1,Jammu and Kashmir,10-01-2015,14247.27345
5355,Kupwara,1,1,Jammu and Kashmir,10-01-2015,14544.87743
5356,Punch,11,1,Jammu and Kashmir,10-01-2015,14728.8625
5357,Pulwama,5,1,Jammu and Kashmir,10-01-2015,14645.55656
5358,Rajauri,12,1,Jammu and Kashmir,10-01-2015,14882.75207
5359,Shimla,11,2,Himachal Pradesh,10-01-2015,14681.974
5360,Sirmaur,10,2,Himachal Pradesh,10-01-2015,14931.21075
5361,Solan,9,2,Himachal Pradesh,10-01-2015,14957.4797
5362,Una,7,2,Himachal Pradesh,10-01-2015,15040.307
5363,Bilaspur,8,2,Himachal Pradesh,10-01-2015,14955.43473
5364,Chamba,1,2,Himachal Pradesh,10-01-2015,14459.64897
5365,Hamirpur,6,2,Himachal Pradesh,10-01-2015,14988.20368
5366,Kangra,2,2,Himachal Pradesh,10-01-2015,14799.6412
5367,Kinnaur,12,2,Himachal Pradesh,10-01-2015,14328.47646
5368,Lahul & Spiti,3,2,Himachal Pradesh,10-01-2015,14154.35722
5369,Kullu,4,2,Himachal Pradesh,10-01-2015,14338.79767
5370,Mandi,5,2,Himachal Pradesh,10-01-2015,14807.96571
5371,Rupnagar,7,3,Punjab,10-01-2015,15135.18437
5372,Hoshiarpur,5,3,Punjab,10-01-2015,15115.12115
5373,Amritsar,2,3,Punjab,10-01-2015,15135.08745
5374,Firozpur,11,3,Punjab,10-01-2015,15179.77263
5375,Bathinda,14,3,Punjab,10-01-2015,15223.35735
5376,Gurdaspur,1,3,Punjab,10-01-2015,15078.9204
5377,Faridkot,13,3,Punjab,10-01-2015,15175.4896
5378,Fatehgarh Sahib,8,3,Punjab,10-01-2015,15139.74937
5379,Jalandhar,4,3,Punjab,10-01-2015,15171.0215
5380,Kapurthala,3,3,Punjab,10-01-2015,15166.27694
5381,Ludhiana,9,3,Punjab,10-01-2015,15127.36671
5382,Mansa,15,3,Punjab,10-01-2015,15229.33179
5383,Moga,10,3,Punjab,10-01-2015,15112.26656
5384,Muktsar,12,3,Punjab,10-01-2015,15207.11266
5385,Nawanshahr,6,3,Punjab,10-01-2015,15132.66329
5386,Patiala,17,3,Punjab,10-01-2015,15156.30698
5387,Sangrur,16,3,Punjab,10-01-2015,15122.25792
5388,Chandigarh,1,4,Chandigarh,10-01-2015,15210.70364
5389,Rudraprayag,3,5,Uttarakhand,10-01-2015,14533.71659
5390,Tehri Garhwal,4,5,Uttarakhand,10-01-2015,14751.15996
5391,Udham Singh Nagar,12,5,Uttarakhand,10-01-2015,15142.94191
5392,Uttarkashi,1,5,Uttarakhand,10-01-2015,14389.54655
5393,Hardwar,13,5,Uttarakhand,10-01-2015,15126.37145
5394,Bageshwar,8,5,Uttarakhand,10-01-2015,14648.32897
5395,Almora,9,5,Uttarakhand,10-01-2015,14963.99844
5396,Chamoli,2,5,Uttarakhand,10-01-2015,14347.51017
5397,Champawat,10,5,Uttarakhand,10-01-2015,14926.23501
5398,Dehradun,5,5,Uttarakhand,10-01-2015,14963.65496
5399,Garhwal,6,5,Uttarakhand,10-01-2015,14911.16934
5400,Nainital,11,5,Uttarakhand,10-01-2015,14975.71349
5401,Pithoragarh,7,5,Uttarakhand,10-01-2015,14492.06293
5402,Rohtak,14,6,Haryana,10-01-2015,15318.22786
5403,Sirsa,11,6,Haryana,10-01-2015,15336.91276
5404,Sonipat,8,6,Haryana,10-01-2015,15234.1114
5405,Yamunanagar,3,6,Haryana,10-01-2015,15120.4476
5406,Jhajjar,15,6,Haryana,10-01-2015,15457.34728
5407,Mahendragarh,16,6,Haryana,10-01-2015,15625.28107
5408,Rewari,17,6,Haryana,10-01-2015,15602.43866
5409,Bhiwani,13,6,Haryana,10-01-2015,15552.87215
5410,Hisar,12,6,Haryana,10-01-2015,15416.16679
5411,Ambala,2,6,Haryana,10-01-2015,15159.54335
5412,Gurgaon,18,6,Haryana,10-01-2015,15462.11213
5413,Faridabad,19,6,Haryana,10-01-2015,15358.86287
5414,Fatehabad,10,6,Haryana,10-01-2015,15264.80993
5415,Jind,9,6,Haryana,10-01-2015,15233.13316
5416,Kaithal,5,6,Haryana,10-01-2015,15174.13516
5417,Karnal,6,6,Haryana,10-01-2015,15177.67298
5418,Kurukshetra,4,6,Haryana,10-01-2015,15184.3628
5419,Panchkula,1,6,Haryana,10-01-2015,15100.59266
5420,Panipat,7,6,Haryana,10-01-2015,15163.36272
5421,Central,6,7,Delhi  & NCR,10-01-2015,15331.75833
5422,East,4,7,Delhi  & NCR,10-01-2015,15335.42879
5423,New Delhi,5,7,Delhi  & NCR,10-01-2015,15270.63191
5424,North,2,7,Delhi  & NCR,10-01-2015,15333.32595
5425,North East,3,7,Delhi  & NCR,10-01-2015,15363.79088
5426,North West,1,7,Delhi  & NCR,10-01-2015,15371.25246
5427,South,9,7,Delhi  & NCR,10-01-2015,15299.42629
5428,South West,8,7,Delhi  & NCR,10-01-2015,15408.63679
5429,West,7,7,Delhi  & NCR,10-01-2015,15370.45225
5430,Sirohi,19,8,Rajasthan,10-01-2015,15557.53232
5431,Tonk,22,8,Rajasthan,10-01-2015,15684.37372
5432,Sikar,13,8,Rajasthan,10-01-2015,15603.80587
5433,Alwar,6,8,Rajasthan,10-01-2015,15547.99071
5434,Udaipur,26,8,Rajasthan,10-01-2015,15409.01076
5435,Ganganagar,1,8,Rajasthan,10-01-2015,15539.21144
5436,Hanumangarh,2,8,Rajasthan,10-01-2015,15557.56612
5437,Baran,31,8,Rajasthan,10-01-2015,15618.63829
5438,Ajmer,21,8,Rajasthan,10-01-2015,15642.95079
5439,Banswara,28,8,Rajasthan,10-01-2015,15535.19064
5440,Barmer,17,8,Rajasthan,10-01-2015,15778.41243
5441,Bhilwara,24,8,Rajasthan,10-01-2015,15601.39707
5442,Bikaner,3,8,Rajasthan,10-01-2015,15755.53326
5443,Bharatpur,7,8,Rajasthan,10-01-2015,15644.13869
5444,Bundi,23,8,Rajasthan,10-01-2015,15590.16318
5445,Chittaurgarh,29,8,Rajasthan,10-01-2015,15533.83269
5446,Churu,4,8,Rajasthan,10-01-2015,15703.937
5447,Dausa,11,8,Rajasthan,10-01-2015,15652.82314
5448,Dhaulpur,8,8,Rajasthan,10-01-2015,15644.43682
5449,Dungarpur,27,8,Rajasthan,10-01-2015,15447.20887
5450,Karauli,9,8,Rajasthan,10-01-2015,15631.06783
5451,Jaipur,12,8,Rajasthan,10-01-2015,15626.78939
5452,Jaisalmer,16,8,Rajasthan,10-01-2015,15862.66334
5453,Jalor,18,8,Rajasthan,10-01-2015,15732.46703
5454,Jhalawar,32,8,Rajasthan,10-01-2015,15618.56968
5455,Jhunjhunun,5,8,Rajasthan,10-01-2015,15612.62987
5456,Jodhpur,15,8,Rajasthan,10-01-2015,15772.08646
5457,Kota,30,8,Rajasthan,10-01-2015,15614.22133
5458,Nagaur,14,8,Rajasthan,10-01-2015,15715.07236
5459,Pali,20,8,Rajasthan,10-01-2015,15709.86291
5460,Rajsamand,25,8,Rajasthan,10-01-2015,15458.69048
5461,Sawai Madhopur,10,8,Rajasthan,10-01-2015,15655.50594
5462,Shrawasti,51,9,Uttar Pradesh,10-01-2015,15215.88437
5463,Saharanpur,1,9,Uttar Pradesh,10-01-2015,15127.69345
5464,Sitapur,24,9,Uttar Pradesh,10-01-2015,15261.16931
5465,Sultanpur,49,9,Uttar Pradesh,10-01-2015,15280.43117
5466,Sonbhadra,70,9,Uttar Pradesh,10-01-2015,15283.23709
5467,Siddharthnagar,54,9,Uttar Pradesh,10-01-2015,15194.63053
5468,Unnao,26,9,Uttar Pradesh,10-01-2015,15382.3943
5469,Varanasi,67,9,Uttar Pradesh,10-01-2015,15338.22498
5470,Bulandshahr,11,9,Uttar Pradesh,10-01-2015,15296.77046
5471,Gautam Buddha Nagar,10,9,Uttar Pradesh,10-01-2015,15338.99883
5472,Ghaziabad,9,9,Uttar Pradesh,10-01-2015,15275.31019
5473,Hathras,13,9,Uttar Pradesh,10-01-2015,15473.28713
5474,Auraiya,32,9,Uttar Pradesh,10-01-2015,15355.89678
5475,Azamgarh,61,9,Uttar Pradesh,10-01-2015,15256.16039
5476,Budaun,19,9,Uttar Pradesh,10-01-2015,15339.71751
5477,Agra,15,9,Uttar Pradesh,10-01-2015,15533.68784
5478,Aligarh,12,9,Uttar Pradesh,10-01-2015,15368.58378
5479,Allahabad,45,9,Uttar Pradesh,10-01-2015,15349.0339
5480,Ambedkar Nagar,48,9,Uttar Pradesh,10-01-2015,15234.59379
5481,Bareilly,20,9,Uttar Pradesh,10-01-2015,15240.60523
5482,Bijnor,3,9,Uttar Pradesh,10-01-2015,15142.60493
5483,Basti,55,9,Uttar Pradesh,10-01-2015,15240.66738
5484,Baghpat,8,9,Uttar Pradesh,10-01-2015,15229.25801
5485,Bahraich,50,9,Uttar Pradesh,10-01-2015,15220.88656
5486,Ballia,63,9,Uttar Pradesh,10-01-2015,15298.1222
5487,Balrampur,52,9,Uttar Pradesh,10-01-2015,15222.50918
5488,Banda,40,9,Uttar Pradesh,10-01-2015,15534.85843
5489,Barabanki,46,9,Uttar Pradesh,10-01-2015,15245.99612
5490,Chitrakoot,41,9,Uttar Pradesh,10-01-2015,15519.98941
5491,Chandauli,66,9,Uttar Pradesh,10-01-2015,15222.36569
5492,Deoria,60,9,Uttar Pradesh,10-01-2015,15283.94055
5493,Etah,17,9,Uttar Pradesh,10-01-2015,15413.3726
5494,Kanpur Dehat,33,9,Uttar Pradesh,10-01-2015,15419.12591
5495,Etawah,31,9,Uttar Pradesh,10-01-2015,15347.75692
5496,Faizabad,47,9,Uttar Pradesh,10-01-2015,15264.20301
5497,Ghazipur,65,9,Uttar Pradesh,10-01-2015,15270.39693
5498,Gonda,53,9,Uttar Pradesh,10-01-2015,15243.85842
5499,Gorakhpur,58,9,Uttar Pradesh,10-01-2015,15304.33722
5500,Farrukhabad,29,9,Uttar Pradesh,10-01-2015,15456.09879
5501,Fatehpur,42,9,Uttar Pradesh,10-01-2015,15442.93146
5502,Firozabad,16,9,Uttar Pradesh,10-01-2015,15459.53358
5503,Hamirpur,38,9,Uttar Pradesh,10-01-2015,15639.20557
5504,Hardoi,25,9,Uttar Pradesh,10-01-2015,15355.70123
5505,Jalaun,35,9,Uttar Pradesh,10-01-2015,15608.35693
5506,Jaunpur,64,9,Uttar Pradesh,10-01-2015,15330.65604
5507,Jhansi,36,9,Uttar Pradesh,10-01-2015,15637.30851
5508,Jyotiba Phule Nagar,6,9,Uttar Pradesh,10-01-2015,15226.81164
5509,Kannauj,30,9,Uttar Pradesh,10-01-2015,15421.1587
5510,Kanpur Nagar,34,9,Uttar Pradesh,10-01-2015,15393.74002
5511,Kaushambi,44,9,Uttar Pradesh,10-01-2015,15424.92441
5512,Kheri,23,9,Uttar Pradesh,10-01-2015,15193.38917
5513,Mirzapur,69,9,Uttar Pradesh,10-01-2015,15405.39711
5514,Moradabad,4,9,Uttar Pradesh,10-01-2015,15238.93622
5515,Muzaffarnagar,2,9,Uttar Pradesh,10-01-2015,15150.53196
5516,Rae Bareli,28,9,Uttar Pradesh,10-01-2015,15298.55355
5517,Kushinagar,59,9,Uttar Pradesh,10-01-2015,15191.31459
5518,Lucknow,27,9,Uttar Pradesh,10-01-2015,15314.15884
5519,Lalitpur,37,9,Uttar Pradesh,10-01-2015,15644.21771
5520,Mahrajganj,57,9,Uttar Pradesh,10-01-2015,15163.70539
5521,Mahoba,39,9,Uttar Pradesh,10-01-2015,15696.93652
5522,Mainpuri,18,9,Uttar Pradesh,10-01-2015,15354.85294
5523,Mathura,14,9,Uttar Pradesh,10-01-2015,15422.45521
5524,Mau,62,9,Uttar Pradesh,10-01-2015,15272.60182
5525,Meerut,7,9,Uttar Pradesh,10-01-2015,15205.18565
5526,Pilibhit,21,9,Uttar Pradesh,10-01-2015,15170.2883
5527,Pratapgarh,43,9,Uttar Pradesh,10-01-2015,15317.91292
5528,Rampur,5,9,Uttar Pradesh,10-01-2015,15207.71042
5529,Sant Ravidas Nagar Bhadohi,68,9,Uttar Pradesh,10-01-2015,15314.58756
5530,Sant Kabir Nagar,56,9,Uttar Pradesh,10-01-2015,15252.12187
5531,Shahjahanpur,22,9,Uttar Pradesh,10-01-2015,15274.33708
5532,Sheikhpura,26,10,Bihar,10-01-2015,15189.28065
5533,Sheohar,3,10,Bihar,10-01-2015,15182.27373
5534,Saharsa,12,10,Bihar,10-01-2015,15144.00937
5535,Sitamarhi,4,10,Bihar,10-01-2015,15173.19326
5536,Siwan,16,10,Bihar,10-01-2015,15254.65495
5537,Supaul,6,10,Bihar,10-01-2015,15145.69548
5538,Vaishali,18,10,Bihar,10-01-2015,15289.50433
5539,Kaimur (Bhabua),31,10,Bihar,10-01-2015,15213.12504
5540,Gaya,35,10,Bihar,10-01-2015,15260.91288
5541,Bhojpur,29,10,Bihar,10-01-2015,15247.57265
5542,Buxar,30,10,Bihar,10-01-2015,15215.96984
5543,Jehanabad,33,10,Bihar,10-01-2015,15185.3824
5544,Rohtas,32,10,Bihar,10-01-2015,15165.08918
5545,Araria,7,10,Bihar,10-01-2015,15162.25062
5546,Aurangabad,34,10,Bihar,10-01-2015,15186.5358
5547,Banka,23,10,Bihar,10-01-2015,15199.65899
5548,Bhagalpur,22,10,Bihar,10-01-2015,15230.46755
5549,Begusarai,20,10,Bihar,10-01-2015,15317.56031
5550,Saran,17,10,Bihar,10-01-2015,15267.74882
5551,Katihar,10,10,Bihar,10-01-2015,15227.53876
5552,Darbhanga,13,10,Bihar,10-01-2015,15190.02083
5553,Gopalganj,15,10,Bihar,10-01-2015,15222.43835
5554,Jamui,37,10,Bihar,10-01-2015,15235.33404
5555,Kishanganj,8,10,Bihar,10-01-2015,15180.78732
5556,Muzaffarpur,14,10,Bihar,10-01-2015,15231.44542
5557,Purnia,9,10,Bihar,10-01-2015,15219.49248
5558,Khagaria,21,10,Bihar,10-01-2015,15226.67726
5559,Madhubani,5,10,Bihar,10-01-2015,15169.83043
5560,Lakhisarai,25,10,Bihar,10-01-2015,15232.41552
5561,Madhepura,11,10,Bihar,10-01-2015,15161.60009
5562,Purba Champaran,2,10,Bihar,10-01-2015,15186.08115
5563,Munger,24,10,Bihar,10-01-2015,15203.45048
5564,Nalanda,27,10,Bihar,10-01-2015,15196.65414
5565,Nawada,36,10,Bihar,10-01-2015,15178.09821
5566,Pashchim Champaran,1,10,Bihar,10-01-2015,15149.2908
5567,Patna,28,10,Bihar,10-01-2015,15257.87881
5568,Samastipur,19,10,Bihar,10-01-2015,15267.94044
5569,South,3,11,Sikkim,10-01-2015,14662.17201
5570,West,2,11,Sikkim,10-01-2015,14440.84344
5571,East,4,11,Sikkim,10-01-2015,14577.25989
5572,North,1,11,Sikkim,10-01-2015,14196.13549
5573,Tawang,1,12,Arunanchal Pradesh,10-01-2015,14397.05239
5574,Tirap,13,12,Arunanchal Pradesh,10-01-2015,14837.92568
5575,West Kameng,2,12,Arunanchal Pradesh,10-01-2015,14568.32323
5576,West Siang,7,12,Arunanchal Pradesh,10-01-2015,14639.64471
5577,Upper Siang,9,12,Arunanchal Pradesh,10-01-2015,14514.92878
5578,Upper Subansiri,6,12,Arunanchal Pradesh,10-01-2015,14494.19932
5579,Changlang,12,12,Arunanchal Pradesh,10-01-2015,14794.53514
5580,Dibang Valley,10,12,Arunanchal Pradesh,10-01-2015,14483.92658
5581,East Kameng,3,12,Arunanchal Pradesh,10-01-2015,14601.95599
5582,East Siang,8,12,Arunanchal Pradesh,10-01-2015,14880.05506
5583,Lohit,11,12,Arunanchal Pradesh,10-01-2015,14588.97051
5584,Lower Subansiri,5,12,Arunanchal Pradesh,10-01-2015,14526.41394
5585,Papum Pare,4,12,Arunanchal Pradesh,10-01-2015,14735.19833
5586,Tuensang,2,13,Nagaland,10-01-2015,14756.89612
5587,Wokha,5,13,Nagaland,10-01-2015,14918.87293
5588,Zunheboto,4,13,Nagaland,10-01-2015,14777.0571
5589,Dimapur,6,13,Nagaland,10-01-2015,15004.76126
5590,Kohima,7,13,Nagaland,10-01-2015,14838.97852
5591,Mokokchung,3,13,Nagaland,10-01-2015,14891.98074
5592,Mon,1,13,Nagaland,10-01-2015,14912.41543
5593,Phek,8,13,Nagaland,10-01-2015,14750.62244
5594,Tamenglong,2,14,Manipur,10-01-2015,14864.83891
5595,Thoubal,5,14,Manipur,10-01-2015,14924.14074
5596,Ukhrul,8,14,Manipur,10-01-2015,14804.32843
5597,Bishnupur,4,14,Manipur,10-01-2015,14891.30943
5598,Chandel,9,14,Manipur,10-01-2015,14858.45616
5599,Churachandpur,3,14,Manipur,10-01-2015,14876.92182
5600,Imphal East,7,14,Manipur,10-01-2015,14933.38162
5601,Imphal West,6,14,Manipur,10-01-2015,15016.66526
5602,Senapati (Excl. 3 sub-divisions),1,14,Manipur,10-01-2015,14787.89069
5603,Aizawl,3,15,Mizoram,10-01-2015,14923.65562
5604,Champhai,4,15,Mizoram,10-01-2015,14837.26612
5605,Kolasib,2,15,Mizoram,10-01-2015,14998.46678
5606,Mamit,1,15,Mizoram,10-01-2015,14989.65608
5607,Lunglei,6,15,Mizoram,10-01-2015,14956.0866
5608,Lawngtlai,7,15,Mizoram,10-01-2015,14996.15368
5609,Saiha,8,15,Mizoram,10-01-2015,14888.95319
5610,Serchhip,5,15,Mizoram,10-01-2015,14874.19527
5611,South Tripura,2,16,Tripura,10-01-2015,15082.01516
5612,West Tripura,1,16,Tripura,10-01-2015,15080.54832
5613,Dhalai,3,16,Tripura,10-01-2015,15048.43706
5614,North Tripura,4,16,Tripura,10-01-2015,15058.86001
5615,Ri Bhoi,5,17,Meghalaya,10-01-2015,14947.64041
5616,South Garo Hills,3,17,Meghalaya,10-01-2015,15028.91482
5617,West Garo Hills,1,17,Meghalaya,10-01-2015,15052.22425
5618,West Khasi Hills,4,17,Meghalaya,10-01-2015,14909.52285
5619,East Garo Hills,2,17,Meghalaya,10-01-2015,15002.60276
5620,East Khasi Hills,6,17,Meghalaya,10-01-2015,14867.36662
5621,Jaintia Hills,7,17,Meghalaya,10-01-2015,14899.13027
5622,Sonitpur,11,18,Assam,10-01-2015,15085.63335
5623,Sibsagar,16,18,Assam,10-01-2015,15038.74724
5624,Tinsukia,14,18,Assam,10-01-2015,15049.51462
5625,Barpeta,5,18,Assam,10-01-2015,15119.5427
5626,Bongaigaon,4,18,Assam,10-01-2015,15124.32672
5627,Cachar,21,18,Assam,10-01-2015,15054.02989
5628,Darrang,8,18,Assam,10-01-2015,15099.41775
5629,Dhemaji,13,18,Assam,10-01-2015,15077.53623
5630,Dhubri,2,18,Assam,10-01-2015,15119.6762
5631,Dibrugarh,15,18,Assam,10-01-2015,15056.58193
5632,Kamrup,6,18,Assam,10-01-2015,15083.21636
5633,Karbi Anglong,19,18,Assam,10-01-2015,14958.70427
5634,Goalpara,3,18,Assam,10-01-2015,15094.84577
5635,Golaghat,18,18,Assam,10-01-2015,15051.84593
5636,Hailakandi,23,18,Assam,10-01-2015,15072.25588
5637,Jorhat,17,18,Assam,10-01-2015,15049.27436
5638,Karimganj,22,18,Assam,10-01-2015,15077.98559
5639,Kokrajhar,1,18,Assam,10-01-2015,15097.61652
5640,Lakhimpur,12,18,Assam,10-01-2015,15080.15955
5641,Nagaon,10,18,Assam,10-01-2015,15078.22949
5642,Marigaon,9,18,Assam,10-01-2015,15106.84479
5643,Nalbari,7,18,Assam,10-01-2015,15114.31151
5644,North Cachar Hills,20,18,Assam,10-01-2015,14929.04755
5645,South  Twenty Four Parganas,18,19,West Bengal,10-01-2015,15121.69828
5646,Uttar Dinajpur,4,19,West Bengal,10-01-2015,15153.0798
5647,Hugli,12,19,West Bengal,10-01-2015,15142.56747
5648,Barddhaman,9,19,West Bengal,10-01-2015,15157.83302
5649,Birbhum,8,19,West Bengal,10-01-2015,15156.28235
5650,Bankura,13,19,West Bengal,10-01-2015,15208.97855
5651,Dakshin Dinajpur,5,19,West Bengal,10-01-2015,15127.60313
5652,Darjiling,1,19,West Bengal,10-01-2015,14909.69946
5653,Haora,16,19,West Bengal,10-01-2015,15198.50858
5654,Jalpaiguri,2,19,West Bengal,10-01-2015,15108.31151
5655,Koch Bihar,3,19,West Bengal,10-01-2015,15107.37833
5656,Murshidabad,7,19,West Bengal,10-01-2015,15184.40196
5657,Puruliya,14,19,West Bengal,10-01-2015,15256.51245
5658,Kolkata,17,19,West Bengal,10-01-2015,15340.60393
5659,Maldah,6,19,West Bengal,10-01-2015,15165.30906
5660,Nadia,10,19,West Bengal,10-01-2015,15208.55242
5661,North Twenty Four Parganas,11,19,West Bengal,10-01-2015,15133.87191
5662,Medinipur,15,19,West Bengal,10-01-2015,15175.88689
5663,Ranchi,14,20,Jharkhand,10-01-2015,15179.22206
5664,Sahibganj,9,20,Jharkhand,10-01-2015,15160.53573
5665,Garhwa,1,20,Jharkhand,10-01-2015,15261.96274
5666,Palamu,2,20,Jharkhand,10-01-2015,15217.98743
5667,Chatra,3,20,Jharkhand,10-01-2015,15218.60775
5668,Hazaribagh,4,20,Jharkhand,10-01-2015,15202.65756
5669,Kodarma,5,20,Jharkhand,10-01-2015,15207.42594
5670,Bokaro,13,20,Jharkhand,10-01-2015,15257.40865
5671,Deoghar,7,20,Jharkhand,10-01-2015,15275.95063
5672,Dhanbad,12,20,Jharkhand,10-01-2015,15249.25549
5673,Dumka,11,20,Jharkhand,10-01-2015,15240.98244
5674,Giridih,6,20,Jharkhand,10-01-2015,15273.6096
5675,Godda,8,20,Jharkhand,10-01-2015,15177.34869
5676,Gumla,16,20,Jharkhand,10-01-2015,15173.53655
5677,Purbi Singhbhum,18,20,Jharkhand,10-01-2015,15214.40103
5678,Lohardaga,15,20,Jharkhand,10-01-2015,15190.1159
5679,Pakaur,10,20,Jharkhand,10-01-2015,15207.39071
5680,Pashchimi Singhbhum,17,20,Jharkhand,10-01-2015,15170.88399
5681,Rayagada,27,21,Orissa,10-01-2015,15108.99652
5682,Sundargarh,5,21,Orissa,10-01-2015,15149.39674
5683,Sonapur,23,21,Orissa,10-01-2015,15166.94726
5684,Anugul,15,21,Orissa,10-01-2015,15146.81699
5685,Bhadrak,9,21,Orissa,10-01-2015,15107.47723
5686,Baudh,22,21,Orissa,10-01-2015,15148.34811
5687,Balangir,24,21,Orissa,10-01-2015,15203.77644
5688,Baleshwar,8,21,Orissa,10-01-2015,15132.52147
5689,Bargarh,1,21,Orissa,10-01-2015,15168.68874
5690,Kendrapara,10,21,Orissa,10-01-2015,15116.69169
5691,Kendujhar,6,21,Orissa,10-01-2015,15139.73533
5692,Debagarh,4,21,Orissa,10-01-2015,15128.07907
5693,Cuttack,12,21,Orissa,10-01-2015,15154.12899
5694,Dhenkanal,14,21,Orissa,10-01-2015,15167.56435
5695,Kalahandi,26,21,Orissa,10-01-2015,15145.26689
5696,Ganjam,19,21,Orissa,10-01-2015,15118.27395
5697,Gajapati,20,21,Orissa,10-01-2015,15045.19434
5698,Jajapur,13,21,Orissa,10-01-2015,15193.20569
5699,Jagatsinghapur,11,21,Orissa,10-01-2015,15126.33429
5700,Jharsuguda,2,21,Orissa,10-01-2015,15160.04667
5701,Khordha,17,21,Orissa,10-01-2015,15143.70817
5702,Mayurbhanj,7,21,Orissa,10-01-2015,15149.71391
5703,Puri,18,21,Orissa,10-01-2015,15128.72168
5704,Koraput,29,21,Orissa,10-01-2015,15125.99071
5705,Malkangiri,30,21,Orissa,10-01-2015,15151.70455
5706,Nabarangapur,28,21,Orissa,10-01-2015,15168.01624
5707,Nayagarh,16,21,Orissa,10-01-2015,15119.34635
5708,Nuapada,25,21,Orissa,10-01-2015,15175.05451
5709,Kandhamal,21,21,Orissa,10-01-2015,15048.9405
5710,Sambalpur,3,21,Orissa,10-01-2015,15116.47997
5711,Surguja,2,22,Chhattisgarh,10-01-2015,15155.62017
5712,Bilaspur,7,22,Chhattisgarh,10-01-2015,15144.23268
5713,Janjgir - Champa,6,22,Chhattisgarh,10-01-2015,15126.67934
5714,Korba,5,22,Chhattisgarh,10-01-2015,15154.1971
5715,Kawardha,8,22,Chhattisgarh,10-01-2015,15174.08617
5716,Bastar,15,22,Chhattisgarh,10-01-2015,15123.771
5717,Dantewada,16,22,Chhattisgarh,10-01-2015,15126.47774
5718,Dhamtari,13,22,Chhattisgarh,10-01-2015,15124.40093
5719,Durg,10,22,Chhattisgarh,10-01-2015,15196.07373
5720,Kanker,14,22,Chhattisgarh,10-01-2015,15145.08237
5721,Jashpur,3,22,Chhattisgarh,10-01-2015,15144.11487
5722,Koriya,1,22,Chhattisgarh,10-01-2015,15193.68721
5723,Mahasamund,12,22,Chhattisgarh,10-01-2015,15160.86075
5724,Raigarh,4,22,Chhattisgarh,10-01-2015,15148.57019
5725,Raipur,11,22,Chhattisgarh,10-01-2015,15153.32602
5726,Rajnandgaon,9,22,Chhattisgarh,10-01-2015,15193.3331
5727,Shajapur,22,23,Madhya Pradesh,10-01-2015,15650.27443
5728,Shivpuri,6,23,Madhya Pradesh,10-01-2015,15557.97968
5729,Ratlam,20,23,Madhya Pradesh,10-01-2015,15638.36904
5730,Rewa,14,23,Madhya Pradesh,10-01-2015,15443.56187
5731,Sagar,11,23,Madhya Pradesh,10-01-2015,15584.95326
5732,Sidhi,17,23,Madhya Pradesh,10-01-2015,15317.3029
5733,Ujjain,21,23,Madhya Pradesh,10-01-2015,15657.90477
5734,Vidisha,31,23,Madhya Pradesh,10-01-2015,15674.47433
5735,West Nimar,27,23,Madhya Pradesh,10-01-2015,15476.67682
5736,Morena,2,23,Madhya Pradesh,10-01-2015,15590.90952
5737,Sheopur,1,23,Madhya Pradesh,10-01-2015,15540.0566
5738,Dindori,41,23,Madhya Pradesh,10-01-2015,15221.38425
5739,Mandla,42,23,Madhya Pradesh,10-01-2015,15214.15885
5740,Shahdol,16,23,Madhya Pradesh,10-01-2015,15321.31985
5741,Umaria,15,23,Madhya Pradesh,10-01-2015,15295.65789
5742,Hoshangabad,37,23,Madhya Pradesh,10-01-2015,15391.83903
5743,Indore,26,23,Madhya Pradesh,10-01-2015,15552.57636
5744,Bhind,3,23,Madhya Pradesh,10-01-2015,15569.01494
5745,Bhopal,32,23,Madhya Pradesh,10-01-2015,15576.90139
5746,Barwani,28,23,Madhya Pradesh,10-01-2015,15511.63262
5747,Betul,35,23,Madhya Pradesh,10-01-2015,15345.97636
5748,Balaghat,45,23,Madhya Pradesh,10-01-2015,15124.34121
5749,Chhatarpur,9,23,Madhya Pradesh,10-01-2015,15574.92732
5750,Chhindwara,43,23,Madhya Pradesh,10-01-2015,15324.0092
5751,Dewas,23,23,Madhya Pradesh,10-01-2015,15520.80862
5752,Katni,38,23,Madhya Pradesh,10-01-2015,15336.46066
5753,Datia,5,23,Madhya Pradesh,10-01-2015,15526.93324
5754,Damoh,12,23,Madhya Pradesh,10-01-2015,15516.19673
5755,Dhar,25,23,Madhya Pradesh,10-01-2015,15549.36652
5756,East Nimar,29,23,Madhya Pradesh,10-01-2015,15450.22054
5757,Guna,7,23,Madhya Pradesh,10-01-2015,15632.17128
5758,Gwalior,4,23,Madhya Pradesh,10-01-2015,15499.90083
5759,Harda,36,23,Madhya Pradesh,10-01-2015,15551.44814
5760,Jabalpur,39,23,Madhya Pradesh,10-01-2015,15338.34327
5761,Jhabua,24,23,Madhya Pradesh,10-01-2015,15540.37887
5762,Mandsaur,19,23,Madhya Pradesh,10-01-2015,15601.82446
5763,Tikamgarh,8,23,Madhya Pradesh,10-01-2015,15631.31468
5764,Narsimhapur,40,23,Madhya Pradesh,10-01-2015,15407.91779
5765,Neemuch,18,23,Madhya Pradesh,10-01-2015,15585.38941
5766,Panna,10,23,Madhya Pradesh,10-01-2015,15471.6864
5767,Raisen,34,23,Madhya Pradesh,10-01-2015,15459.5519
5768,Rajgarh,30,23,Madhya Pradesh,10-01-2015,15625.80942
5769,Satna,13,23,Madhya Pradesh,10-01-2015,15427.10649
5770,Sehore,33,23,Madhya Pradesh,10-01-2015,15561.81574
5771,Seoni,44,23,Madhya Pradesh,10-01-2015,15327.39586
5772,Sabar Kantha,5,24,Gujarat,10-01-2015,15394.53958
5773,Surendranagar,8,24,Gujarat,10-01-2015,15629.08588
5774,The Dangs,23,24,Gujarat,10-01-2015,15180.29475
5775,Vadodara,19,24,Gujarat,10-01-2015,15409.53352
5776,Valsad,25,24,Gujarat,10-01-2015,15234.0691
5777,Bharuch,21,24,Gujarat,10-01-2015,15473.63313
5778,Surat,22,24,Gujarat,10-01-2015,15327.20465
5779,Anand,15,24,Gujarat,10-01-2015,15358.55742
5780,Ahmadabad,7,24,Gujarat,10-01-2015,15545.69742
5781,Amreli,13,24,Gujarat,10-01-2015,15481.68495
5782,Bhavnagar,14,24,Gujarat,10-01-2015,15491.06758
5783,Banas Kantha,2,24,Gujarat,10-01-2015,15598.64438
5784,Dohad,18,24,Gujarat,10-01-2015,15475.12186
5785,Junagadh,12,24,Gujarat,10-01-2015,15458.33951
5786,Kachchh,1,24,Gujarat,10-01-2015,15638.39217
5787,Gandhinagar,6,24,Gujarat,10-01-2015,15427.07835
5788,Jamnagar,10,24,Gujarat,10-01-2015,15585.8255
5789,Kheda,16,24,Gujarat,10-01-2015,15407.56976
5790,Mahesana,4,24,Gujarat,10-01-2015,15498.5545
5791,Narmada,20,24,Gujarat,10-01-2015,15339.67069
5792,Navsari,24,24,Gujarat,10-01-2015,15272.77855
5793,Panch Mahals,17,24,Gujarat,10-01-2015,15416.39898
5794,Patan,3,24,Gujarat,10-01-2015,15657.47044
5795,Porbandar,11,24,Gujarat,10-01-2015,15532.06472
5796,Rajkot,9,24,Gujarat,10-01-2015,15505.7534
5797,Daman,2,25,Daman & Diu,10-01-2015,15270.82375
5798,Diu,1,25,Daman & Diu,10-01-2015,15315.47442
5799,Dadra & Nagar Haveli,1,26,Dadara & Nagar Havelli,10-01-2015,15257.3433
5800,Ratnagiri,32,27,Maharashtra,10-01-2015,15190.92318
5801,Raigarh,24,27,Maharashtra,10-01-2015,15207.94862
5802,Thane,21,27,Maharashtra,10-01-2015,15238.72047
5803,Solapur,30,27,Maharashtra,10-01-2015,15607.53716
5804,Sindhudurg,33,27,Maharashtra,10-01-2015,15183.49161
5805,Wardha,8,27,Maharashtra,10-01-2015,15343.60443
5806,Washim,6,27,Maharashtra,10-01-2015,15502.38507
5807,Yavatmal,14,27,Maharashtra,10-01-2015,15357.81734
5808,Hingoli,16,27,Maharashtra,10-01-2015,15500.27078
5809,Aurangabad,19,27,Maharashtra,10-01-2015,15466.03027
5810,Ahmadnagar,26,27,Maharashtra,10-01-2015,15510.28025
5811,Akola,5,27,Maharashtra,10-01-2015,15525.68922
5812,Amravati,7,27,Maharashtra,10-01-2015,15379.87701
5813,Bid,27,27,Maharashtra,10-01-2015,15595.61191
5814,Bhandara,10,27,Maharashtra,10-01-2015,15170.71226
5815,Buldana,4,27,Maharashtra,10-01-2015,15494.38762
5816,Chandrapur,13,27,Maharashtra,10-01-2015,15239.51073
5817,Dhule,2,27,Maharashtra,10-01-2015,15524.76784
5818,Gadchiroli,12,27,Maharashtra,10-01-2015,15154.5745
5819,Gondiya,11,27,Maharashtra,10-01-2015,15145.11516
5820,Jalgaon,3,27,Maharashtra,10-01-2015,15477.22283
5821,Jalna,18,27,Maharashtra,10-01-2015,15540.87634
5822,Kolhapur,34,27,Maharashtra,10-01-2015,15197.82588
5823,Latur,28,27,Maharashtra,10-01-2015,15548.54865
5824,Pune,25,27,Maharashtra,10-01-2015,15306.07055
5825,Nagpur,9,27,Maharashtra,10-01-2015,15284.96608
5826,Mumbai,23,27,Maharashtra,10-01-2015,15371.08528
5827,Mumbai (Suburban),22,27,Maharashtra,10-01-2015,15338.70464
5828,Nanded,15,27,Maharashtra,10-01-2015,15509.8729
5829,Nandurbar,1,27,Maharashtra,10-01-2015,15420.2919
5830,Nashik,20,27,Maharashtra,10-01-2015,15401.65324
5831,Osmanabad,29,27,Maharashtra,10-01-2015,15601.35115
5832,Parbhani,17,27,Maharashtra,10-01-2015,15633.35666
5833,Sangli,35,27,Maharashtra,10-01-2015,15500.67438
5834,Satara,31,27,Maharashtra,10-01-2015,15340.23055
5835,Rangareddi,6,28,Andhra Pradesh,10-01-2015,15365.28849
5836,Srikakulam,11,28,Andhra Pradesh,10-01-2015,15167.99078
5837,West Godavari,15,28,Andhra Pradesh,10-01-2015,15206.8082
5838,Visakhapatnam,13,28,Andhra Pradesh,10-01-2015,15129.5517
5839,Vizianagaram,12,28,Andhra Pradesh,10-01-2015,15178.02721
5840,Warangal,9,28,Andhra Pradesh,10-01-2015,15260.42142
5841,Hyderabad,5,28,Andhra Pradesh,10-01-2015,15362.08786
5842,Anantapur,22,28,Andhra Pradesh,10-01-2015,15418.60805
5843,Adilabad,1,28,Andhra Pradesh,10-01-2015,15287.89735
5844,Chittoor,23,28,Andhra Pradesh,10-01-2015,15278.42402
5845,Cuddapah,20,28,Andhra Pradesh,10-01-2015,15422.88787
5846,East Godavari,14,28,Andhra Pradesh,10-01-2015,15145.48573
5847,Karimnagar,3,28,Andhra Pradesh,10-01-2015,15330.56363
5848,Guntur,17,28,Andhra Pradesh,10-01-2015,15377.2622
5849,Khammam,10,28,Andhra Pradesh,10-01-2015,15227.13228
5850,Medak,4,28,Andhra Pradesh,10-01-2015,15382.75588
5851,Krishna,16,28,Andhra Pradesh,10-01-2015,15223.51284
5852,Kurnool,21,28,Andhra Pradesh,10-01-2015,15482.66456
5853,Mahbubnagar,7,28,Andhra Pradesh,10-01-2015,15400.58535
5854,Nalgonda,8,28,Andhra Pradesh,10-01-2015,15351.00374
5855,Nellore,19,28,Andhra Pradesh,10-01-2015,15479.65901
5856,Nizamabad,2,28,Andhra Pradesh,10-01-2015,15400.164
5857,Prakasam,18,28,Andhra Pradesh,10-01-2015,15457.37428
5858,Shimoga,15,29,Karnataka,10-01-2015,15058.96473
5859,Tumkur,18,29,Karnataka,10-01-2015,15198.41053
5860,Udupi,16,29,Karnataka,10-01-2015,15094.02474
5861,Uttara Kannada,10,29,Karnataka,10-01-2015,15054.39873
5862,Hassan,23,29,Karnataka,10-01-2015,15113.93543
5863,Haveri,11,29,Karnataka,10-01-2015,15334.804
5864,Bagalkot,2,29,Karnataka,10-01-2015,15488.83855
5865,Bangalore,20,29,Karnataka,10-01-2015,15218.10566
5866,Bidar,5,29,Karnataka,10-01-2015,15476.88737
5867,Bijapur,3,29,Karnataka,10-01-2015,15655.75911
5868,Belgaum,1,29,Karnataka,10-01-2015,15391.48191
5869,Bellary,12,29,Karnataka,10-01-2015,15314.3611
5870,Bangalore Rural,21,29,Karnataka,10-01-2015,15169.93262
5871,Chamarajanagar,27,29,Karnataka,10-01-2015,15134.2182
5872,Chikmagalur,17,29,Karnataka,10-01-2015,15056.58458
5873,Chitradurga,13,29,Karnataka,10-01-2015,15316.99654
5874,Dakshina Kannada,24,29,Karnataka,10-01-2015,15102.19499
5875,Davanagere,14,29,Karnataka,10-01-2015,15223.23233
5876,Dharwad,9,29,Karnataka,10-01-2015,15520.42351
5877,Gulbarga,4,29,Karnataka,10-01-2015,15515.48688
5878,Gadag,8,29,Karnataka,10-01-2015,15591.32602
5879,Kodagu,25,29,Karnataka,10-01-2015,15001.65428
5880,Kolar,19,29,Karnataka,10-01-2015,15264.88176
5881,Mandya,22,29,Karnataka,10-01-2015,15165.94555
5882,Koppal,7,29,Karnataka,10-01-2015,15488.54025
5883,Mysore,26,29,Karnataka,10-01-2015,15138.52724
5884,Raichur,6,29,Karnataka,10-01-2015,15471.34843
5885,South Goa,2,30,Goa,10-01-2015,15138.29509
5886,North Goa,1,30,Goa,10-01-2015,15172.67747
5887,Lakshadweep,1,31,Lakshadweep,10-01-2015,15012.01502
5888,Thrissur,7,32,Kerala,10-01-2015,15148.32291
5889,Thiruvananthapuram,14,32,Kerala,10-01-2015,15113.88905
5890,Wayanad,3,32,Kerala,10-01-2015,14990.0558
5891,Idukki,9,32,Kerala,10-01-2015,14951.81294
5892,Alappuzha,11,32,Kerala,10-01-2015,15155.23347
5893,Kasaragod,1,32,Kerala,10-01-2015,15127.25153
5894,Kannur,2,32,Kerala,10-01-2015,15152.17816
5895,Ernakulam,8,32,Kerala,10-01-2015,15212.02257
5896,Kollam,13,32,Kerala,10-01-2015,15110.04717
5897,Kottayam,10,32,Kerala,10-01-2015,15167.89203
5898,Kozhikode,4,32,Kerala,10-01-2015,15124.66044
5899,Malappuram,5,32,Kerala,10-01-2015,15129.95151
5900,Palakkad,6,32,Kerala,10-01-2015,15111.64973
5901,Pathanamthitta,12,32,Kerala,10-01-2015,15061.14452
5902,Sivaganga,23,33,Tamil Nadu,10-01-2015,15458.78642
5903,Tiruchirappalli,15,33,Tamil Nadu,10-01-2015,15351.20666
5904,Tirunelveli,29,33,Tamil Nadu,10-01-2015,15550.78338
5905,Tiruvannamalai,6,33,Tamil Nadu,10-01-2015,15332.19694
5906,Thoothukkudi,28,33,Tamil Nadu,10-01-2015,15797.72709
5907,Theni,25,33,Tamil Nadu,10-01-2015,15225.87773
5908,Vellore,4,33,Tamil Nadu,10-01-2015,15266.81919
5909,Viluppuram,7,33,Tamil Nadu,10-01-2015,15365.83338
5910,Virudhunagar,26,33,Tamil Nadu,10-01-2015,15597.48738
5911,Chennai,2,33,Tamil Nadu,10-01-2015,15392.63817
5912,Kancheepuram,3,33,Tamil Nadu,10-01-2015,15351.58804
5913,Thiruvallur,1,33,Tamil Nadu,10-01-2015,15325.46181
5914,Thanjavur,21,33,Tamil Nadu,10-01-2015,15333.67832
5915,Thiruvarur,20,33,Tamil Nadu,10-01-2015,15316.61848
5916,Nagapattinam,19,33,Tamil Nadu,10-01-2015,15362.42623
5917,Ariyalur,17,33,Tamil Nadu,10-01-2015,15399.54263
5918,Coimbatore,12,33,Tamil Nadu,10-01-2015,15296.15525
5919,Cuddalore,18,33,Tamil Nadu,10-01-2015,15403.41699
5920,Dharmapuri,5,33,Tamil Nadu,10-01-2015,15221.56562
5921,Dindigul,13,33,Tamil Nadu,10-01-2015,15285.74314
5922,Erode,10,33,Tamil Nadu,10-01-2015,15282.65508
5923,Kanniyakumari,30,33,Tamil Nadu,10-01-2015,15106.14082
5924,Karur,14,33,Tamil Nadu,10-01-2015,15419.25253
5925,Madurai,24,33,Tamil Nadu,10-01-2015,15383.71062
5926,Namakkal,9,33,Tamil Nadu,10-01-2015,15285.95361
5927,The Nilgiris,11,33,Tamil Nadu,10-01-2015,14891.49016
5928,Perambalur,16,33,Tamil Nadu,10-01-2015,15370.44461
5929,Pudukkottai,22,33,Tamil Nadu,10-01-2015,15373.51898
5930,Ramanathapuram,27,33,Tamil Nadu,10-01-2015,15579.00156
5931,Salem,8,33,Tamil Nadu,10-01-2015,15243.72936
5932,Yanam,1,34,Puducherry,10-01-2015,15193.92644
5933,Karaikal,4,34,Puducherry,10-01-2015,15433.455
5934,Mahe,3,34,Puducherry,10-01-2015,15153.10984
5935,Pondicherry,2,34,Puducherry,10-01-2015,15332.45766
5936,Nicobars,2,35,Andaman & Nicobar Island,10-01-2015,15003.58554
5937,Andamans,1,35,Andaman & Nicobar Island,10-01-2015,14995.33571
5938,Data Not Available,99,99,Jammu and Kashmir,10-01-2015,14093.71574
5939,Jammu,13,1,Jammu and Kashmir,11-01-2015,14865.71714
5940,Kargil,8,1,Jammu and Kashmir,11-01-2015,13533.02573
5941,Kathua,14,1,Jammu and Kashmir,11-01-2015,14745.36652
5942,Leh (Ladakh),7,1,Jammu and Kashmir,11-01-2015,13733.36992
5943,Kupwara,1,1,Jammu and Kashmir,11-01-2015,13993.70594
5944,Punch,11,1,Jammu and Kashmir,11-01-2015,14406.73348
5945,Pulwama,5,1,Jammu and Kashmir,11-01-2015,14204.13556
5946,Rajauri,12,1,Jammu and Kashmir,11-01-2015,14599.46851
5947,Anantnag,6,1,Jammu and Kashmir,11-01-2015,13867.72625
5948,Badgam,4,1,Jammu and Kashmir,11-01-2015,14031.01587
5949,Baramula,2,1,Jammu and Kashmir,11-01-2015,13872.02118
5950,Doda,9,1,Jammu and Kashmir,11-01-2015,13759.08069
5951,Srinagar,3,1,Jammu and Kashmir,11-01-2015,13837.83146
5952,Udhampur,10,1,Jammu and Kashmir,11-01-2015,14493.15052
5953,Kangra,2,2,Himachal Pradesh,11-01-2015,14552.00667
5954,Kinnaur,12,2,Himachal Pradesh,11-01-2015,13910.90252
5955,Lahul & Spiti,3,2,Himachal Pradesh,11-01-2015,13585.6123
5956,Kullu,4,2,Himachal Pradesh,11-01-2015,14006.97111
5957,Mandi,5,2,Himachal Pradesh,11-01-2015,14610.66284
5958,Bilaspur,8,2,Himachal Pradesh,11-01-2015,14764.81415
5959,Chamba,1,2,Himachal Pradesh,11-01-2015,14075.13269
5960,Hamirpur,6,2,Himachal Pradesh,11-01-2015,14779.24559
5961,Shimla,11,2,Himachal Pradesh,11-01-2015,14466.76418
5962,Sirmaur,10,2,Himachal Pradesh,11-01-2015,14752.98683
5963,Solan,9,2,Himachal Pradesh,11-01-2015,14784.44738
5964,Una,7,2,Himachal Pradesh,11-01-2015,14881.36612
5965,Hoshiarpur,5,3,Punjab,11-01-2015,14928.6921
5966,Jalandhar,4,3,Punjab,11-01-2015,15038.34199
5967,Kapurthala,3,3,Punjab,11-01-2015,15020.79848
5968,Ludhiana,9,3,Punjab,11-01-2015,15082.48446
5969,Mansa,15,3,Punjab,11-01-2015,15167.60822
5970,Moga,10,3,Punjab,11-01-2015,15164.15657
5971,Muktsar,12,3,Punjab,11-01-2015,15147.40851
5972,Nawanshahr,6,3,Punjab,11-01-2015,15001.8578
5973,Patiala,17,3,Punjab,11-01-2015,15118.47178
5974,Sangrur,16,3,Punjab,11-01-2015,15191.26233
5975,Amritsar,2,3,Punjab,11-01-2015,14978.63766
5976,Firozpur,11,3,Punjab,11-01-2015,15100.73779
5977,Bathinda,14,3,Punjab,11-01-2015,15154.15261
5978,Gurdaspur,1,3,Punjab,11-01-2015,14956.59124
5979,Faridkot,13,3,Punjab,11-01-2015,15153.39806
5980,Fatehgarh Sahib,8,3,Punjab,11-01-2015,15128.17692
5981,Rupnagar,7,3,Punjab,11-01-2015,15002.63822
5982,Chandigarh,1,4,Chandigarh,11-01-2015,14988.34463
5983,Hardwar,13,5,Uttarakhand,11-01-2015,14933.4451
5984,Nainital,11,5,Uttarakhand,11-01-2015,14809.21262
5985,Pithoragarh,7,5,Uttarakhand,11-01-2015,14273.56915
5986,Bageshwar,8,5,Uttarakhand,11-01-2015,14505.55804
5987,Almora,9,5,Uttarakhand,11-01-2015,14756.44522
5988,Chamoli,2,5,Uttarakhand,11-01-2015,14112.83044
5989,Champawat,10,5,Uttarakhand,11-01-2015,14729.0642
5990,Dehradun,5,5,Uttarakhand,11-01-2015,14767.98416
5991,Garhwal,6,5,Uttarakhand,11-01-2015,14722.63715
5992,Rudraprayag,3,5,Uttarakhand,11-01-2015,14367.76385
5993,Tehri Garhwal,4,5,Uttarakhand,11-01-2015,14563.34612
5994,Udham Singh Nagar,12,5,Uttarakhand,11-01-2015,15011.23631
5995,Uttarkashi,1,5,Uttarakhand,11-01-2015,14139.18064
5996,Hisar,12,6,Haryana,11-01-2015,15108.40697
5997,Jind,9,6,Haryana,11-01-2015,15053.13956
5998,Kaithal,5,6,Haryana,11-01-2015,15062.27682
5999,Karnal,6,6,Haryana,11-01-2015,15051.1088
6000,Kurukshetra,4,6,Haryana,11-01-2015,15020.02713
6001,Panchkula,1,6,Haryana,11-01-2015,14949.02099
6002,Panipat,7,6,Haryana,11-01-2015,15075.62216
6003,Ambala,2,6,Haryana,11-01-2015,15020.15513
6004,Gurgaon,18,6,Haryana,11-01-2015,15163.43853
6005,Faridabad,19,6,Haryana,11-01-2015,15139.81928
6006,Fatehabad,10,6,Haryana,11-01-2015,15121.79381
6007,Rohtak,14,6,Haryana,11-01-2015,15091.28344
6008,Sirsa,11,6,Haryana,11-01-2015,15125.54082
6009,Sonipat,8,6,Haryana,11-01-2015,15092.21559
6010,Yamunanagar,3,6,Haryana,11-01-2015,14980.33493
6011,Jhajjar,15,6,Haryana,11-01-2015,15153.1622
6012,Mahendragarh,16,6,Haryana,11-01-2015,15234.17909
6013,Rewari,17,6,Haryana,11-01-2015,15213.07833
6014,Bhiwani,13,6,Haryana,11-01-2015,15199.85562
6015,Central,6,7,Delhi  & NCR,11-01-2015,14999.07585
6016,East,4,7,Delhi  & NCR,11-01-2015,14994.98471
6017,New Delhi,5,7,Delhi  & NCR,11-01-2015,14987.77376
6018,North,2,7,Delhi  & NCR,11-01-2015,14992.94122
6019,North East,3,7,Delhi  & NCR,11-01-2015,15021.16166
6020,North West,1,7,Delhi  & NCR,11-01-2015,15077.21324
6021,South,9,7,Delhi  & NCR,11-01-2015,15021.66875
6022,South West,8,7,Delhi  & NCR,11-01-2015,15080.84814
6023,West,7,7,Delhi  & NCR,11-01-2015,15061.14509
6024,Jaipur,12,8,Rajasthan,11-01-2015,15296.42259
6025,Jaisalmer,16,8,Rajasthan,11-01-2015,15473.41178
6026,Jalor,18,8,Rajasthan,11-01-2015,15420.09902
6027,Jhalawar,32,8,Rajasthan,11-01-2015,15358.099
6028,Jhunjhunun,5,8,Rajasthan,11-01-2015,15265.3479
6029,Jodhpur,15,8,Rajasthan,11-01-2015,15424.67389
6030,Kota,30,8,Rajasthan,11-01-2015,15325.49848
6031,Nagaur,14,8,Rajasthan,11-01-2015,15369.20931
6032,Pali,20,8,Rajasthan,11-01-2015,15412.67765
6033,Rajsamand,25,8,Rajasthan,11-01-2015,15255.12146
6034,Sawai Madhopur,10,8,Rajasthan,11-01-2015,15295.37323
6035,Ajmer,21,8,Rajasthan,11-01-2015,15339.51438
6036,Banswara,28,8,Rajasthan,11-01-2015,15429.35533
6037,Barmer,17,8,Rajasthan,11-01-2015,15461.13137
6038,Bhilwara,24,8,Rajasthan,11-01-2015,15344.13145
6039,Bikaner,3,8,Rajasthan,11-01-2015,15377.41873
6040,Bharatpur,7,8,Rajasthan,11-01-2015,15237.60576
6041,Bundi,23,8,Rajasthan,11-01-2015,15308.15297
6042,Chittaurgarh,29,8,Rajasthan,11-01-2015,15302.10407
6043,Churu,4,8,Rajasthan,11-01-2015,15334.56832
6044,Dausa,11,8,Rajasthan,11-01-2015,15256.5058
6045,Dhaulpur,8,8,Rajasthan,11-01-2015,15261.43152
6046,Dungarpur,27,8,Rajasthan,11-01-2015,15376.75793
6047,Karauli,9,8,Rajasthan,11-01-2015,15272.9052
6048,Sirohi,19,8,Rajasthan,11-01-2015,15318.04373
6049,Tonk,22,8,Rajasthan,11-01-2015,15352.88178
6050,Sikar,13,8,Rajasthan,11-01-2015,15274.07874
6051,Alwar,6,8,Rajasthan,11-01-2015,15193.01734
6052,Udaipur,26,8,Rajasthan,11-01-2015,15279.55739
6053,Ganganagar,1,8,Rajasthan,11-01-2015,15210.29216
6054,Hanumangarh,2,8,Rajasthan,11-01-2015,15215.65691
6055,Baran,31,8,Rajasthan,11-01-2015,15353.28431
6056,Hathras,13,9,Uttar Pradesh,11-01-2015,15164.50761
6057,Jalaun,35,9,Uttar Pradesh,11-01-2015,15292.17609
6058,Jaunpur,64,9,Uttar Pradesh,11-01-2015,15156.4799
6059,Jhansi,36,9,Uttar Pradesh,11-01-2015,15320.82474
6060,Jyotiba Phule Nagar,6,9,Uttar Pradesh,11-01-2015,14964.45854
6061,Kannauj,30,9,Uttar Pradesh,11-01-2015,15132.71851
6062,Kanpur Nagar,34,9,Uttar Pradesh,11-01-2015,15194.54755
6063,Kaushambi,44,9,Uttar Pradesh,11-01-2015,15211.74102
6064,Kheri,23,9,Uttar Pradesh,11-01-2015,15030.56966
6065,Mirzapur,69,9,Uttar Pradesh,11-01-2015,15175.50624
6066,Moradabad,4,9,Uttar Pradesh,11-01-2015,15013.03894
6067,Muzaffarnagar,2,9,Uttar Pradesh,11-01-2015,14933.06959
6068,Rae Bareli,28,9,Uttar Pradesh,11-01-2015,15163.42889
6069,Kushinagar,59,9,Uttar Pradesh,11-01-2015,15065.87135
6070,Lucknow,27,9,Uttar Pradesh,11-01-2015,15167.47555
6071,Lalitpur,37,9,Uttar Pradesh,11-01-2015,15356.82907
6072,Mahrajganj,57,9,Uttar Pradesh,11-01-2015,15076.46241
6073,Mahoba,39,9,Uttar Pradesh,11-01-2015,15388.07314
6074,Mainpuri,18,9,Uttar Pradesh,11-01-2015,15141.41953
6075,Mathura,14,9,Uttar Pradesh,11-01-2015,15162.51688
6076,Mau,62,9,Uttar Pradesh,11-01-2015,15118.40835
6077,Meerut,7,9,Uttar Pradesh,11-01-2015,14961.49136
6078,Pilibhit,21,9,Uttar Pradesh,11-01-2015,15028.5389
6079,Pratapgarh,43,9,Uttar Pradesh,11-01-2015,15160.50714
6080,Rampur,5,9,Uttar Pradesh,11-01-2015,14991.18644
6081,Sant Ravidas Nagar Bhadohi,68,9,Uttar Pradesh,11-01-2015,15144.2841
6082,Sant Kabir Nagar,56,9,Uttar Pradesh,11-01-2015,15138.73741
6083,Shahjahanpur,22,9,Uttar Pradesh,11-01-2015,15111.6175
6084,Auraiya,32,9,Uttar Pradesh,11-01-2015,15161.92467
6085,Azamgarh,61,9,Uttar Pradesh,11-01-2015,15129.53114
6086,Budaun,19,9,Uttar Pradesh,11-01-2015,15127.89242
6087,Agra,15,9,Uttar Pradesh,11-01-2015,15211.107
6088,Aligarh,12,9,Uttar Pradesh,11-01-2015,15138.16555
6089,Allahabad,45,9,Uttar Pradesh,11-01-2015,15172.50698
6090,Ambedkar Nagar,48,9,Uttar Pradesh,11-01-2015,15114.66824
6091,Bareilly,20,9,Uttar Pradesh,11-01-2015,15047.74561
6092,Bijnor,3,9,Uttar Pradesh,11-01-2015,14939.15665
6093,Basti,55,9,Uttar Pradesh,11-01-2015,15133.84753
6094,Baghpat,8,9,Uttar Pradesh,11-01-2015,14983.53142
6095,Bahraich,50,9,Uttar Pradesh,11-01-2015,15079.96446
6096,Ballia,63,9,Uttar Pradesh,11-01-2015,15144.34513
6097,Balrampur,52,9,Uttar Pradesh,11-01-2015,15086.31056
6098,Banda,40,9,Uttar Pradesh,11-01-2015,15300.40768
6099,Barabanki,46,9,Uttar Pradesh,11-01-2015,15136.8471
6100,Chitrakoot,41,9,Uttar Pradesh,11-01-2015,15272.12624
6101,Chandauli,66,9,Uttar Pradesh,11-01-2015,15088.66556
6102,Deoria,60,9,Uttar Pradesh,11-01-2015,15125.13653
6103,Etah,17,9,Uttar Pradesh,11-01-2015,15153.26683
6104,Kanpur Dehat,33,9,Uttar Pradesh,11-01-2015,15210.21809
6105,Etawah,31,9,Uttar Pradesh,11-01-2015,15144.36133
6106,Faizabad,47,9,Uttar Pradesh,11-01-2015,15127.04876
6107,Ghazipur,65,9,Uttar Pradesh,11-01-2015,15137.06302
6108,Gonda,53,9,Uttar Pradesh,11-01-2015,15122.79393
6109,Gorakhpur,58,9,Uttar Pradesh,11-01-2015,15147.16809
6110,Farrukhabad,29,9,Uttar Pradesh,11-01-2015,15139.48658
6111,Fatehpur,42,9,Uttar Pradesh,11-01-2015,15216.29255
6112,Firozabad,16,9,Uttar Pradesh,11-01-2015,15175.96227
6113,Hamirpur,38,9,Uttar Pradesh,11-01-2015,15355.12791
6114,Hardoi,25,9,Uttar Pradesh,11-01-2015,15161.79508
6115,Shrawasti,51,9,Uttar Pradesh,11-01-2015,15098.11235
6116,Saharanpur,1,9,Uttar Pradesh,11-01-2015,14937.32861
6117,Sitapur,24,9,Uttar Pradesh,11-01-2015,15114.85244
6118,Sultanpur,49,9,Uttar Pradesh,11-01-2015,15141.3198
6119,Sonbhadra,70,9,Uttar Pradesh,11-01-2015,15124.28037
6120,Siddharthnagar,54,9,Uttar Pradesh,11-01-2015,15119.76913
6121,Unnao,26,9,Uttar Pradesh,11-01-2015,15201.70385
6122,Varanasi,67,9,Uttar Pradesh,11-01-2015,15154.90591
6123,Bulandshahr,11,9,Uttar Pradesh,11-01-2015,15056.84338
6124,Gautam Buddha Nagar,10,9,Uttar Pradesh,11-01-2015,15107.96186
6125,Ghaziabad,9,9,Uttar Pradesh,11-01-2015,15015.41121
6126,Jamui,37,10,Bihar,11-01-2015,15140.09818
6127,Kishanganj,8,10,Bihar,11-01-2015,15116.0226
6128,Muzaffarpur,14,10,Bihar,11-01-2015,15086.54482
6129,Purnia,9,10,Bihar,11-01-2015,15138.63866
6130,Khagaria,21,10,Bihar,11-01-2015,15108.87067
6131,Madhubani,5,10,Bihar,11-01-2015,15062.01814
6132,Lakhisarai,25,10,Bihar,11-01-2015,15122.28888
6133,Madhepura,11,10,Bihar,11-01-2015,15098.2431
6134,Purba Champaran,2,10,Bihar,11-01-2015,15049.57127
6135,Munger,24,10,Bihar,11-01-2015,15076.99078
6136,Nalanda,27,10,Bihar,11-01-2015,15143.88018
6137,Nawada,36,10,Bihar,11-01-2015,15125.74589
6138,Pashchim Champaran,1,10,Bihar,11-01-2015,15017.66372
6139,Patna,28,10,Bihar,11-01-2015,15127.0916
6140,Samastipur,19,10,Bihar,11-01-2015,15126.15175
6141,Araria,7,10,Bihar,11-01-2015,15079.00406
6142,Aurangabad,34,10,Bihar,11-01-2015,15100.00134
6143,Banka,23,10,Bihar,11-01-2015,15113.69949
6144,Bhagalpur,22,10,Bihar,11-01-2015,15109.72045
6145,Begusarai,20,10,Bihar,11-01-2015,15144.20176
6146,Saran,17,10,Bihar,11-01-2015,15121.83147
6147,Katihar,10,10,Bihar,11-01-2015,15122.68359
6148,Darbhanga,13,10,Bihar,11-01-2015,15081.22115
6149,Gopalganj,15,10,Bihar,11-01-2015,15073.30344
6150,Sheikhpura,26,10,Bihar,11-01-2015,15142.15906
6151,Sheohar,3,10,Bihar,11-01-2015,15047.8841
6152,Saharsa,12,10,Bihar,11-01-2015,15037.23795
6153,Sitamarhi,4,10,Bihar,11-01-2015,15051.34392
6154,Siwan,16,10,Bihar,11-01-2015,15102.93845
6155,Supaul,6,10,Bihar,11-01-2015,15052.94124
6156,Vaishali,18,10,Bihar,11-01-2015,15127.63199
6157,Kaimur (Bhabua),31,10,Bihar,11-01-2015,15104.00467
6158,Gaya,35,10,Bihar,11-01-2015,15178.64573
6159,Bhojpur,29,10,Bihar,11-01-2015,15113.5548
6160,Buxar,30,10,Bihar,11-01-2015,15110.32595
6161,Jehanabad,33,10,Bihar,11-01-2015,15100.6771
6162,Rohtas,32,10,Bihar,11-01-2015,15066.48494
6163,North,1,11,Sikkim,11-01-2015,14069.32671
6164,East,4,11,Sikkim,11-01-2015,14450.18042
6165,South,3,11,Sikkim,11-01-2015,14542.74407
6166,West,2,11,Sikkim,11-01-2015,14379.50891
6167,Lohit,11,12,Arunanchal Pradesh,11-01-2015,14435.82072
6168,Lower Subansiri,5,12,Arunanchal Pradesh,11-01-2015,14376.82078
6169,Papum Pare,4,12,Arunanchal Pradesh,11-01-2015,14610.29035
6170,Changlang,12,12,Arunanchal Pradesh,11-01-2015,14649.68954
6171,Dibang Valley,10,12,Arunanchal Pradesh,11-01-2015,14271.39817
6172,East Kameng,3,12,Arunanchal Pradesh,11-01-2015,14461.69558
6173,East Siang,8,12,Arunanchal Pradesh,11-01-2015,14710.10666
6174,Tawang,1,12,Arunanchal Pradesh,11-01-2015,14200.55447
6175,Tirap,13,12,Arunanchal Pradesh,11-01-2015,14693.29
6176,West Kameng,2,12,Arunanchal Pradesh,11-01-2015,14424.59317
6177,West Siang,7,12,Arunanchal Pradesh,11-01-2015,14440.10238
6178,Upper Siang,9,12,Arunanchal Pradesh,11-01-2015,14310.8401
6179,Upper Subansiri,6,12,Arunanchal Pradesh,11-01-2015,14299.57588
6180,Mokokchung,3,13,Nagaland,11-01-2015,14735.78274
6181,Mon,1,13,Nagaland,11-01-2015,14749.98507
6182,Phek,8,13,Nagaland,11-01-2015,14579.97227
6183,Tuensang,2,13,Nagaland,11-01-2015,14591.99024
6184,Wokha,5,13,Nagaland,11-01-2015,14764.05304
6185,Zunheboto,4,13,Nagaland,11-01-2015,14625.14824
6186,Dimapur,6,13,Nagaland,11-01-2015,14869.78995
6187,Kohima,7,13,Nagaland,11-01-2015,14707.88951
6188,Imphal East,7,14,Manipur,11-01-2015,14844.00861
6189,Imphal West,6,14,Manipur,11-01-2015,14889.75711
6190,Senapati (Excl. 3 sub-divisions),1,14,Manipur,11-01-2015,14655.64383
6191,Bishnupur,4,14,Manipur,11-01-2015,14764.07407
6192,Chandel,9,14,Manipur,11-01-2015,14715.78314
6193,Churachandpur,3,14,Manipur,11-01-2015,14721.99923
6194,Tamenglong,2,14,Manipur,11-01-2015,14721.13696
6195,Thoubal,5,14,Manipur,11-01-2015,14788.34461
6196,Ukhrul,8,14,Manipur,11-01-2015,14661.73114
6197,Kolasib,2,15,Mizoram,11-01-2015,14864.10142
6198,Mamit,1,15,Mizoram,11-01-2015,14863.63128
6199,Lunglei,6,15,Mizoram,11-01-2015,14824.05334
6200,Lawngtlai,7,15,Mizoram,11-01-2015,14888.3992
6201,Saiha,8,15,Mizoram,11-01-2015,14770.53363
6202,Serchhip,5,15,Mizoram,11-01-2015,14751.53489
6203,Aizawl,3,15,Mizoram,11-01-2015,14790.26751
6204,Champhai,4,15,Mizoram,11-01-2015,14717.23135
6205,North Tripura,4,16,Tripura,11-01-2015,14956.22788
6206,Dhalai,3,16,Tripura,11-01-2015,14954.85317
6207,South Tripura,2,16,Tripura,11-01-2015,14988.75577
6208,West Tripura,1,16,Tripura,11-01-2015,15025.18255
6209,Jaintia Hills,7,17,Meghalaya,11-01-2015,14797.78082
6210,East Garo Hills,2,17,Meghalaya,11-01-2015,14864.17089
6211,East Khasi Hills,6,17,Meghalaya,11-01-2015,14764.70122
6212,Ri Bhoi,5,17,Meghalaya,11-01-2015,14817.524
6213,South Garo Hills,3,17,Meghalaya,11-01-2015,14900.38733
6214,West Garo Hills,1,17,Meghalaya,11-01-2015,14929.0441
6215,West Khasi Hills,4,17,Meghalaya,11-01-2015,14771.639
6216,Jorhat,17,18,Assam,11-01-2015,14925.46704
6217,Karimganj,22,18,Assam,11-01-2015,14977.51642
6218,Kokrajhar,1,18,Assam,11-01-2015,15018.06386
6219,Lakhimpur,12,18,Assam,11-01-2015,14984.0921
6220,Nagaon,10,18,Assam,11-01-2015,14981.84339
6221,Marigaon,9,18,Assam,11-01-2015,15005.58109
6222,Nalbari,7,18,Assam,11-01-2015,15025.87162
6223,North Cachar Hills,20,18,Assam,11-01-2015,14812.02342
6224,Barpeta,5,18,Assam,11-01-2015,15018.80842
6225,Bongaigaon,4,18,Assam,11-01-2015,15017.0469
6226,Cachar,21,18,Assam,11-01-2015,14947.77298
6227,Darrang,8,18,Assam,11-01-2015,15008.2949
6228,Dhemaji,13,18,Assam,11-01-2015,14987.81464
6229,Dhubri,2,18,Assam,11-01-2015,15021.88692
6230,Dibrugarh,15,18,Assam,11-01-2015,14930.96193
6231,Kamrup,6,18,Assam,11-01-2015,14958.6189
6232,Karbi Anglong,19,18,Assam,11-01-2015,14837.35957
6233,Goalpara,3,18,Assam,11-01-2015,14983.15581
6234,Golaghat,18,18,Assam,11-01-2015,14937.13356
6235,Hailakandi,23,18,Assam,11-01-2015,14954.15216
6236,Sonitpur,11,18,Assam,11-01-2015,14981.24528
6237,Sibsagar,16,18,Assam,11-01-2015,14909.13965
6238,Tinsukia,14,18,Assam,11-01-2015,14903.83751
6239,Hugli,12,19,West Bengal,11-01-2015,15123.41583
6240,Jalpaiguri,2,19,West Bengal,11-01-2015,15010.92566
6241,Koch Bihar,3,19,West Bengal,11-01-2015,15066.68421
6242,Murshidabad,7,19,West Bengal,11-01-2015,15097.10841
6243,Puruliya,14,19,West Bengal,11-01-2015,15175.14661
6244,Kolkata,17,19,West Bengal,11-01-2015,15214.78177
6245,Maldah,6,19,West Bengal,11-01-2015,15074.62085
6246,Nadia,10,19,West Bengal,11-01-2015,15134.53537
6247,North Twenty Four Parganas,11,19,West Bengal,11-01-2015,15068.73731
6248,Medinipur,15,19,West Bengal,11-01-2015,15122.34932
6249,Barddhaman,9,19,West Bengal,11-01-2015,15129.68135
6250,Birbhum,8,19,West Bengal,11-01-2015,15124.79339
6251,Bankura,13,19,West Bengal,11-01-2015,15161.0741
6252,Dakshin Dinajpur,5,19,West Bengal,11-01-2015,15122.90069
6253,Darjiling,1,19,West Bengal,11-01-2015,14767.55713
6254,Haora,16,19,West Bengal,11-01-2015,15109.0805
6255,South  Twenty Four Parganas,18,19,West Bengal,11-01-2015,15072.4266
6256,Uttar Dinajpur,4,19,West Bengal,11-01-2015,15122.16332
6257,Purbi Singhbhum,18,20,Jharkhand,11-01-2015,15134.47843
6258,Lohardaga,15,20,Jharkhand,11-01-2015,15005.49322
6259,Pakaur,10,20,Jharkhand,11-01-2015,15150.45855
6260,Pashchimi Singhbhum,17,20,Jharkhand,11-01-2015,15063.73537
6261,Bokaro,13,20,Jharkhand,11-01-2015,15134.65825
6262,Deoghar,7,20,Jharkhand,11-01-2015,15194.11022
6263,Dhanbad,12,20,Jharkhand,11-01-2015,15155.79872
6264,Dumka,11,20,Jharkhand,11-01-2015,15159.27572
6265,Giridih,6,20,Jharkhand,11-01-2015,15167.18185
6266,Godda,8,20,Jharkhand,11-01-2015,15088.45925
6267,Gumla,16,20,Jharkhand,11-01-2015,15044.45271
6268,Ranchi,14,20,Jharkhand,11-01-2015,15058.38408
6269,Sahibganj,9,20,Jharkhand,11-01-2015,15071.18548
6270,Garhwa,1,20,Jharkhand,11-01-2015,15131.92352
6271,Palamu,2,20,Jharkhand,11-01-2015,15073.06116
6272,Chatra,3,20,Jharkhand,11-01-2015,15096.48387
6273,Hazaribagh,4,20,Jharkhand,11-01-2015,15061.07809
6274,Kodarma,5,20,Jharkhand,11-01-2015,15093.21727
6275,Jajapur,13,21,Orissa,11-01-2015,15192.49103
6276,Jagatsinghapur,11,21,Orissa,11-01-2015,15061.77449
6277,Jharsuguda,2,21,Orissa,11-01-2015,15098.44337
6278,Khordha,17,21,Orissa,11-01-2015,15120.47875
6279,Mayurbhanj,7,21,Orissa,11-01-2015,15089.68137
6280,Puri,18,21,Orissa,11-01-2015,15069.1482
6281,Koraput,29,21,Orissa,11-01-2015,15070.65987
6282,Malkangiri,30,21,Orissa,11-01-2015,15069.92615
6283,Nabarangapur,28,21,Orissa,11-01-2015,15149.67893
6284,Nayagarh,16,21,Orissa,11-01-2015,15074.13754
6285,Nuapada,25,21,Orissa,11-01-2015,15122.76304
6286,Kandhamal,21,21,Orissa,11-01-2015,14976.59816
6287,Sambalpur,3,21,Orissa,11-01-2015,15049.98558
6288,Anugul,15,21,Orissa,11-01-2015,15093.8776
6289,Bhadrak,9,21,Orissa,11-01-2015,15084.24673
6290,Baudh,22,21,Orissa,11-01-2015,15089.8224
6291,Balangir,24,21,Orissa,11-01-2015,15154.69542
6292,Baleshwar,8,21,Orissa,11-01-2015,15117.52997
6293,Bargarh,1,21,Orissa,11-01-2015,15129.79468
6294,Kendrapara,10,21,Orissa,11-01-2015,15063.8173
6295,Kendujhar,6,21,Orissa,11-01-2015,15096.2838
6296,Debagarh,4,21,Orissa,11-01-2015,15056.01807
6297,Cuttack,12,21,Orissa,11-01-2015,15131.48389
6298,Dhenkanal,14,21,Orissa,11-01-2015,15139.21879
6299,Kalahandi,26,21,Orissa,11-01-2015,15094.73969
6300,Ganjam,19,21,Orissa,11-01-2015,15050.05694
6301,Gajapati,20,21,Orissa,11-01-2015,14972.59126
6302,Rayagada,27,21,Orissa,11-01-2015,15043.10134
6303,Sundargarh,5,21,Orissa,11-01-2015,15060.74326
6304,Sonapur,23,21,Orissa,11-01-2015,15118.43499
6305,Jashpur,3,22,Chhattisgarh,11-01-2015,15033.98535
6306,Koriya,1,22,Chhattisgarh,11-01-2015,15026.24341
6307,Mahasamund,12,22,Chhattisgarh,11-01-2015,15152.33522
6308,Raigarh,4,22,Chhattisgarh,11-01-2015,15082.05669
6309,Raipur,11,22,Chhattisgarh,11-01-2015,15123.56999
6310,Rajnandgaon,9,22,Chhattisgarh,11-01-2015,15150.1755
6311,Bastar,15,22,Chhattisgarh,11-01-2015,15066.68084
6312,Dantewada,16,22,Chhattisgarh,11-01-2015,15052.21069
6313,Dhamtari,13,22,Chhattisgarh,11-01-2015,15092.84411
6314,Durg,10,22,Chhattisgarh,11-01-2015,15177.49109
6315,Kanker,14,22,Chhattisgarh,11-01-2015,15081.95678
6316,Surguja,2,22,Chhattisgarh,11-01-2015,15030.80794
6317,Bilaspur,7,22,Chhattisgarh,11-01-2015,15095.59911
6318,Janjgir - Champa,6,22,Chhattisgarh,11-01-2015,15113.34465
6319,Korba,5,22,Chhattisgarh,11-01-2015,15060.68246
6320,Kawardha,8,22,Chhattisgarh,11-01-2015,15122.03291
6321,Hoshangabad,37,23,Madhya Pradesh,11-01-2015,15252.34418
6322,Indore,26,23,Madhya Pradesh,11-01-2015,15334.03228
6323,Jabalpur,39,23,Madhya Pradesh,11-01-2015,15200.38916
6324,Jhabua,24,23,Madhya Pradesh,11-01-2015,15463.9932
6325,Mandsaur,19,23,Madhya Pradesh,11-01-2015,15326.62462
6326,Tikamgarh,8,23,Madhya Pradesh,11-01-2015,15371.21796
6327,Narsimhapur,40,23,Madhya Pradesh,11-01-2015,15241.10915
6328,Neemuch,18,23,Madhya Pradesh,11-01-2015,15320.17617
6329,Panna,10,23,Madhya Pradesh,11-01-2015,15253.41953
6330,Raisen,34,23,Madhya Pradesh,11-01-2015,15307.58519
6331,Rajgarh,30,23,Madhya Pradesh,11-01-2015,15402.74189
6332,Satna,13,23,Madhya Pradesh,11-01-2015,15204.70533
6333,Sehore,33,23,Madhya Pradesh,11-01-2015,15375.36856
6334,Seoni,44,23,Madhya Pradesh,11-01-2015,15219.3633
6335,Bhind,3,23,Madhya Pradesh,11-01-2015,15269.59444
6336,Bhopal,32,23,Madhya Pradesh,11-01-2015,15362.63728
6337,Barwani,28,23,Madhya Pradesh,11-01-2015,15497.61832
6338,Betul,35,23,Madhya Pradesh,11-01-2015,15270.00172
6339,Balaghat,45,23,Madhya Pradesh,11-01-2015,15060.413
6340,Chhatarpur,9,23,Madhya Pradesh,11-01-2015,15331.17084
6341,Chhindwara,43,23,Madhya Pradesh,11-01-2015,15214.22485
6342,Dewas,23,23,Madhya Pradesh,11-01-2015,15348.21825
6343,Katni,38,23,Madhya Pradesh,11-01-2015,15174.94672
6344,Datia,5,23,Madhya Pradesh,11-01-2015,15241.57655
6345,Damoh,12,23,Madhya Pradesh,11-01-2015,15306.31569
6346,Dhar,25,23,Madhya Pradesh,11-01-2015,15428.42389
6347,East Nimar,29,23,Madhya Pradesh,11-01-2015,15382.11137
6348,Guna,7,23,Madhya Pradesh,11-01-2015,15378.03326
6349,Gwalior,4,23,Madhya Pradesh,11-01-2015,15238.14612
6350,Harda,36,23,Madhya Pradesh,11-01-2015,15374.83102
6351,Shajapur,22,23,Madhya Pradesh,11-01-2015,15409.99393
6352,Shivpuri,6,23,Madhya Pradesh,11-01-2015,15300.23644
6353,Ratlam,20,23,Madhya Pradesh,11-01-2015,15413.3993
6354,Rewa,14,23,Madhya Pradesh,11-01-2015,15197.34111
6355,Sagar,11,23,Madhya Pradesh,11-01-2015,15354.01404
6356,Sidhi,17,23,Madhya Pradesh,11-01-2015,15100.33713
6357,Ujjain,21,23,Madhya Pradesh,11-01-2015,15380.67701
6358,Vidisha,31,23,Madhya Pradesh,11-01-2015,15401.01415
6359,West Nimar,27,23,Madhya Pradesh,11-01-2015,15430.80116
6360,Morena,2,23,Madhya Pradesh,11-01-2015,15246.16282
6361,Sheopur,1,23,Madhya Pradesh,11-01-2015,15283.06587
6362,Dindori,41,23,Madhya Pradesh,11-01-2015,15099.03175
6363,Mandla,42,23,Madhya Pradesh,11-01-2015,15104.37197
6364,Shahdol,16,23,Madhya Pradesh,11-01-2015,15134.04073
6365,Umaria,15,23,Madhya Pradesh,11-01-2015,15094.47922
6366,Jamnagar,10,24,Gujarat,11-01-2015,15527.07363
6367,Kheda,16,24,Gujarat,11-01-2015,15338.86419
6368,Mahesana,4,24,Gujarat,11-01-2015,15348.14996
6369,Narmada,20,24,Gujarat,11-01-2015,15340.69932
6370,Navsari,24,24,Gujarat,11-01-2015,15298.93216
6371,Panch Mahals,17,24,Gujarat,11-01-2015,15369.91443
6372,Patan,3,24,Gujarat,11-01-2015,15445.35942
6373,Porbandar,11,24,Gujarat,11-01-2015,15519.28642
6374,Rajkot,9,24,Gujarat,11-01-2015,15464.59898
6375,Anand,15,24,Gujarat,11-01-2015,15315.58781
6376,Ahmadabad,7,24,Gujarat,11-01-2015,15452.32459
6377,Amreli,13,24,Gujarat,11-01-2015,15445.40169
6378,Bhavnagar,14,24,Gujarat,11-01-2015,15445.62675
6379,Banas Kantha,2,24,Gujarat,11-01-2015,15369.05104
6380,Dohad,18,24,Gujarat,11-01-2015,15402.75308
6381,Junagadh,12,24,Gujarat,11-01-2015,15437.22429
6382,Kachchh,1,24,Gujarat,11-01-2015,15386.28301
6383,Gandhinagar,6,24,Gujarat,11-01-2015,15336.20845
6384,Sabar Kantha,5,24,Gujarat,11-01-2015,15313.68674
6385,Surendranagar,8,24,Gujarat,11-01-2015,15491.25269
6386,The Dangs,23,24,Gujarat,11-01-2015,15237.95727
6387,Vadodara,19,24,Gujarat,11-01-2015,15341.25879
6388,Valsad,25,24,Gujarat,11-01-2015,15300.75274
6389,Bharuch,21,24,Gujarat,11-01-2015,15390.48472
6390,Surat,22,24,Gujarat,11-01-2015,15325.41619
6391,Daman,2,25,Daman & Diu,11-01-2015,15288.72798
6392,Diu,1,25,Daman & Diu,11-01-2015,15249.75198
6393,Dadra & Nagar Haveli,1,26,Dadara & Nagar Havelli,11-01-2015,15321.92922
6394,Hingoli,16,27,Maharashtra,11-01-2015,15434.78541
6395,Jalgaon,3,27,Maharashtra,11-01-2015,15456.43409
6396,Jalna,18,27,Maharashtra,11-01-2015,15470.05675
6397,Kolhapur,34,27,Maharashtra,11-01-2015,15159.6471
6398,Latur,28,27,Maharashtra,11-01-2015,15552.59268
6399,Pune,25,27,Maharashtra,11-01-2015,15294.48087
6400,Nagpur,9,27,Maharashtra,11-01-2015,15210.62478
6401,Mumbai,23,27,Maharashtra,11-01-2015,15321.86977
6402,Mumbai (Suburban),22,27,Maharashtra,11-01-2015,15330.75623
6403,Nanded,15,27,Maharashtra,11-01-2015,15466.97689
6404,Nandurbar,1,27,Maharashtra,11-01-2015,15435.60536
6405,Nashik,20,27,Maharashtra,11-01-2015,15398.4899
6406,Osmanabad,29,27,Maharashtra,11-01-2015,15583.5576
6407,Parbhani,17,27,Maharashtra,11-01-2015,15549.11788
6408,Sangli,35,27,Maharashtra,11-01-2015,15448.88361
6409,Satara,31,27,Maharashtra,11-01-2015,15332.33343
6410,Aurangabad,19,27,Maharashtra,11-01-2015,15423.43436
6411,Ahmadnagar,26,27,Maharashtra,11-01-2015,15437.70499
6412,Akola,5,27,Maharashtra,11-01-2015,15474.33366
6413,Amravati,7,27,Maharashtra,11-01-2015,15317.20163
6414,Bid,27,27,Maharashtra,11-01-2015,15486.45699
6415,Bhandara,10,27,Maharashtra,11-01-2015,15152.59304
6416,Buldana,4,27,Maharashtra,11-01-2015,15446.55543
6417,Chandrapur,13,27,Maharashtra,11-01-2015,15196.44374
6418,Dhule,2,27,Maharashtra,11-01-2015,15537.33335
6419,Gadchiroli,12,27,Maharashtra,11-01-2015,15094.02023
6420,Gondiya,11,27,Maharashtra,11-01-2015,15116.99261
6421,Ratnagiri,32,27,Maharashtra,11-01-2015,15210.47594
6422,Raigarh,24,27,Maharashtra,11-01-2015,15258.22733
6423,Thane,21,27,Maharashtra,11-01-2015,15298.63247
6424,Solapur,30,27,Maharashtra,11-01-2015,15563.50601
6425,Sindhudurg,33,27,Maharashtra,11-01-2015,15164.57049
6426,Wardha,8,27,Maharashtra,11-01-2015,15285.22838
6427,Washim,6,27,Maharashtra,11-01-2015,15415.84913
6428,Yavatmal,14,27,Maharashtra,11-01-2015,15320.72908
6429,Hyderabad,5,28,Andhra Pradesh,11-01-2015,15251.47854
6430,Khammam,10,28,Andhra Pradesh,11-01-2015,15171.9792
6431,Medak,4,28,Andhra Pradesh,11-01-2015,15353.37696
6432,Krishna,16,28,Andhra Pradesh,11-01-2015,15152.03557
6433,Kurnool,21,28,Andhra Pradesh,11-01-2015,15368.53243
6434,Mahbubnagar,7,28,Andhra Pradesh,11-01-2015,15383.11535
6435,Nalgonda,8,28,Andhra Pradesh,11-01-2015,15353.23168
6436,Nellore,19,28,Andhra Pradesh,11-01-2015,15155.76324
6437,Nizamabad,2,28,Andhra Pradesh,11-01-2015,15366.45781
6438,Prakasam,18,28,Andhra Pradesh,11-01-2015,15235.21288
6439,Anantapur,22,28,Andhra Pradesh,11-01-2015,15255.99339
6440,Adilabad,1,28,Andhra Pradesh,11-01-2015,15262.21857
6441,Chittoor,23,28,Andhra Pradesh,11-01-2015,15032.52298
6442,Cuddapah,20,28,Andhra Pradesh,11-01-2015,15126.58927
6443,East Godavari,14,28,Andhra Pradesh,11-01-2015,15065.964
6444,Karimnagar,3,28,Andhra Pradesh,11-01-2015,15303.77921
6445,Guntur,17,28,Andhra Pradesh,11-01-2015,15252.59544
6446,Rangareddi,6,28,Andhra Pradesh,11-01-2015,15344.33312
6447,Srikakulam,11,28,Andhra Pradesh,11-01-2015,15100.78694
6448,West Godavari,15,28,Andhra Pradesh,11-01-2015,15141.61052
6449,Visakhapatnam,13,28,Andhra Pradesh,11-01-2015,15009.54233
6450,Vizianagaram,12,28,Andhra Pradesh,11-01-2015,15099.20756
6451,Warangal,9,28,Andhra Pradesh,11-01-2015,15218.17581
6452,Hassan,23,29,Karnataka,11-01-2015,15012.91764
6453,Haveri,11,29,Karnataka,11-01-2015,15284.64329
6454,Kodagu,25,29,Karnataka,11-01-2015,14933.18517
6455,Kolar,19,29,Karnataka,11-01-2015,15031.24122
6456,Mandya,22,29,Karnataka,11-01-2015,15041.42143
6457,Koppal,7,29,Karnataka,11-01-2015,15395.04013
6458,Mysore,26,29,Karnataka,11-01-2015,15033.87172
6459,Raichur,6,29,Karnataka,11-01-2015,15364.94718
6460,Bagalkot,2,29,Karnataka,11-01-2015,15390.24558
6461,Bangalore,20,29,Karnataka,11-01-2015,15034.55179
6462,Bidar,5,29,Karnataka,11-01-2015,15455.80129
6463,Bijapur,3,29,Karnataka,11-01-2015,15526.93172
6464,Belgaum,1,29,Karnataka,11-01-2015,15321.35443
6465,Bellary,12,29,Karnataka,11-01-2015,15266.85193
6466,Bangalore Rural,21,29,Karnataka,11-01-2015,15021.76395
6467,Chamarajanagar,27,29,Karnataka,11-01-2015,15017.28842
6468,Chikmagalur,17,29,Karnataka,11-01-2015,14955.11756
6469,Chitradurga,13,29,Karnataka,11-01-2015,15194.96209
6470,Dakshina Kannada,24,29,Karnataka,11-01-2015,15097.04294
6471,Davanagere,14,29,Karnataka,11-01-2015,15193.1651
6472,Dharwad,9,29,Karnataka,11-01-2015,15415.33606
6473,Gulbarga,4,29,Karnataka,11-01-2015,15468.09325
6474,Gadag,8,29,Karnataka,11-01-2015,15484.63469
6475,Shimoga,15,29,Karnataka,11-01-2015,15005.90542
6476,Tumkur,18,29,Karnataka,11-01-2015,15070.06048
6477,Udupi,16,29,Karnataka,11-01-2015,15114.00235
6478,Uttara Kannada,10,29,Karnataka,11-01-2015,15015.76097
6479,North Goa,1,30,Goa,11-01-2015,15152.19465
6480,South Goa,2,30,Goa,11-01-2015,15127.33365
6481,Lakshadweep,1,31,Lakshadweep,11-01-2015,15018.24999
6482,Idukki,9,32,Kerala,11-01-2015,14891.8649
6483,Kollam,13,32,Kerala,11-01-2015,15054.66371
6484,Kottayam,10,32,Kerala,11-01-2015,15121.56014
6485,Kozhikode,4,32,Kerala,11-01-2015,15102.01726
6486,Malappuram,5,32,Kerala,11-01-2015,15083.6764
6487,Palakkad,6,32,Kerala,11-01-2015,15055.60098
6488,Pathanamthitta,12,32,Kerala,11-01-2015,15023.71371
6489,Alappuzha,11,32,Kerala,11-01-2015,15142.44974
6490,Kasaragod,1,32,Kerala,11-01-2015,15123.25871
6491,Kannur,2,32,Kerala,11-01-2015,15101.9925
6492,Ernakulam,8,32,Kerala,11-01-2015,15122.24891
6493,Thrissur,7,32,Kerala,11-01-2015,15097.67993
6494,Thiruvananthapuram,14,32,Kerala,11-01-2015,15085.30675
6495,Wayanad,3,32,Kerala,11-01-2015,14937.07311
6496,Kanniyakumari,30,33,Tamil Nadu,11-01-2015,15058.50263
6497,Karur,14,33,Tamil Nadu,11-01-2015,15155.85148
6498,Madurai,24,33,Tamil Nadu,11-01-2015,15155.89912
6499,Namakkal,9,33,Tamil Nadu,11-01-2015,15100.16404
6500,The Nilgiris,11,33,Tamil Nadu,11-01-2015,14825.9937
6501,Perambalur,16,33,Tamil Nadu,11-01-2015,15137.54871
6502,Pudukkottai,22,33,Tamil Nadu,11-01-2015,15144.56671
6503,Ramanathapuram,27,33,Tamil Nadu,11-01-2015,15132.97552
6504,Salem,8,33,Tamil Nadu,11-01-2015,15072.1045
6505,Ariyalur,17,33,Tamil Nadu,11-01-2015,15161.76366
6506,Coimbatore,12,33,Tamil Nadu,11-01-2015,15120.66723
6507,Cuddalore,18,33,Tamil Nadu,11-01-2015,15128.74672
6508,Dharmapuri,5,33,Tamil Nadu,11-01-2015,15019.69261
6509,Dindigul,13,33,Tamil Nadu,11-01-2015,15053.04714
6510,Erode,10,33,Tamil Nadu,11-01-2015,15096.77404
6511,Sivaganga,23,33,Tamil Nadu,11-01-2015,15145.76793
6512,Tiruchirappalli,15,33,Tamil Nadu,11-01-2015,15135.93723
6513,Tirunelveli,29,33,Tamil Nadu,11-01-2015,15084.38665
6514,Tiruvannamalai,6,33,Tamil Nadu,11-01-2015,15099.32045
6515,Thoothukkudi,28,33,Tamil Nadu,11-01-2015,15150.10456
6516,Theni,25,33,Tamil Nadu,11-01-2015,15025.33514
6517,Vellore,4,33,Tamil Nadu,11-01-2015,15040.52746
6518,Viluppuram,7,33,Tamil Nadu,11-01-2015,15124.99911
6519,Virudhunagar,26,33,Tamil Nadu,11-01-2015,15137.89791
6520,Chennai,2,33,Tamil Nadu,11-01-2015,15211.72049
6521,Kancheepuram,3,33,Tamil Nadu,11-01-2015,15099.32993
6522,Thiruvallur,1,33,Tamil Nadu,11-01-2015,15070.44604
6523,Thanjavur,21,33,Tamil Nadu,11-01-2015,15106.05551
6524,Thiruvarur,20,33,Tamil Nadu,11-01-2015,15053.91408
6525,Nagapattinam,19,33,Tamil Nadu,11-01-2015,15052.55788
6526,Pondicherry,2,34,Puducherry,11-01-2015,15110.55021
6527,Yanam,1,34,Puducherry,11-01-2015,15076.91186
6528,Karaikal,4,34,Puducherry,11-01-2015,15062.15842
6529,Mahe,3,34,Puducherry,11-01-2015,15104.65533
6530,Nicobars,2,35,Andaman & Nicobar Island,11-01-2015,14946.99884
6531,Andamans,1,35,Andaman & Nicobar Island,11-01-2015,14961.3177
6532,Data Not Available,99,99,Jammu and Kashmir,11-01-2015,13462.08038
6533,Jammu,13,1,Jammu and Kashmir,12-01-2015,14585.97737
6534,Kargil,8,1,Jammu and Kashmir,12-01-2015,13219.30409
6535,Kathua,14,1,Jammu and Kashmir,12-01-2015,14529.04093
6536,Leh (Ladakh),7,1,Jammu and Kashmir,12-01-2015,13360.00068
6537,Kupwara,1,1,Jammu and Kashmir,12-01-2015,13781.94588
6538,Punch,11,1,Jammu and Kashmir,12-01-2015,14217.12706
6539,Pulwama,5,1,Jammu and Kashmir,12-01-2015,13985.7053
6540,Rajauri,12,1,Jammu and Kashmir,12-01-2015,14393.52277
6541,Srinagar,3,1,Jammu and Kashmir,12-01-2015,13626.02208
6542,Udhampur,10,1,Jammu and Kashmir,12-01-2015,14295.85491
6543,Anantnag,6,1,Jammu and Kashmir,12-01-2015,13668.49357
6544,Badgam,4,1,Jammu and Kashmir,12-01-2015,13785.0675
6545,Baramula,2,1,Jammu and Kashmir,12-01-2015,13635.51128
6546,Doda,9,1,Jammu and Kashmir,12-01-2015,13578.25195
6547,Kangra,2,2,Himachal Pradesh,12-01-2015,14301.86076
6548,Kinnaur,12,2,Himachal Pradesh,12-01-2015,13578.91455
6549,Lahul & Spiti,3,2,Himachal Pradesh,12-01-2015,13223.78331
6550,Kullu,4,2,Himachal Pradesh,12-01-2015,13741.80663
6551,Mandi,5,2,Himachal Pradesh,12-01-2015,14354.64399
6552,Shimla,11,2,Himachal Pradesh,12-01-2015,14204.44424
6553,Sirmaur,10,2,Himachal Pradesh,12-01-2015,14453.93599
6554,Solan,9,2,Himachal Pradesh,12-01-2015,14490.14239
6555,Una,7,2,Himachal Pradesh,12-01-2015,14598.7456
6556,Bilaspur,8,2,Himachal Pradesh,12-01-2015,14470.42729
6557,Chamba,1,2,Himachal Pradesh,12-01-2015,13834.59995
6558,Hamirpur,6,2,Himachal Pradesh,12-01-2015,14486.06506
6559,Jalandhar,4,3,Punjab,12-01-2015,14610.30913
6560,Kapurthala,3,3,Punjab,12-01-2015,14579.57786
6561,Ludhiana,9,3,Punjab,12-01-2015,14653.55569
6562,Mansa,15,3,Punjab,12-01-2015,14741.0539
6563,Moga,10,3,Punjab,12-01-2015,14676.8853
6564,Muktsar,12,3,Punjab,12-01-2015,14687.75957
6565,Nawanshahr,6,3,Punjab,12-01-2015,14609.74486
6566,Patiala,17,3,Punjab,12-01-2015,14628.83152
6567,Sangrur,16,3,Punjab,12-01-2015,14684.30846
6568,Hoshiarpur,5,3,Punjab,12-01-2015,14603.13219
6569,Rupnagar,7,3,Punjab,12-01-2015,14619.43873
6570,Amritsar,2,3,Punjab,12-01-2015,14636.45655
6571,Firozpur,11,3,Punjab,12-01-2015,14698.53318
6572,Bathinda,14,3,Punjab,12-01-2015,14731.66701
6573,Gurdaspur,1,3,Punjab,12-01-2015,14577.96964
6574,Faridkot,13,3,Punjab,12-01-2015,14684.91806
6575,Fatehgarh Sahib,8,3,Punjab,12-01-2015,14596.68795
6576,Chandigarh,1,4,Chandigarh,12-01-2015,14674.43734
6577,Nainital,11,5,Uttarakhand,12-01-2015,14557.5514
6578,Pithoragarh,7,5,Uttarakhand,12-01-2015,13975.87807
6579,Hardwar,13,5,Uttarakhand,12-01-2015,14652.53728
6580,Rudraprayag,3,5,Uttarakhand,12-01-2015,14114.71311
6581,Tehri Garhwal,4,5,Uttarakhand,12-01-2015,14284.8583
6582,Udham Singh Nagar,12,5,Uttarakhand,12-01-2015,14667.6857
6583,Uttarkashi,1,5,Uttarakhand,12-01-2015,13825.1623
6584,Bageshwar,8,5,Uttarakhand,12-01-2015,14230.50761
6585,Almora,9,5,Uttarakhand,12-01-2015,14459.74309
6586,Chamoli,2,5,Uttarakhand,12-01-2015,13825.93854
6587,Champawat,10,5,Uttarakhand,12-01-2015,14468.39975
6588,Dehradun,5,5,Uttarakhand,12-01-2015,14480.22824
6589,Garhwal,6,5,Uttarakhand,12-01-2015,14465.10767
6590,Jind,9,6,Haryana,12-01-2015,14739.12859
6591,Kaithal,5,6,Haryana,12-01-2015,14648.00738
6592,Karnal,6,6,Haryana,12-01-2015,14644.81399
6593,Kurukshetra,4,6,Haryana,12-01-2015,14579.79806
6594,Panchkula,1,6,Haryana,12-01-2015,14643.88079
6595,Panipat,7,6,Haryana,12-01-2015,14683.68824
6596,Hisar,12,6,Haryana,12-01-2015,14752.91088
6597,Rohtak,14,6,Haryana,12-01-2015,14734.08999
6598,Sirsa,11,6,Haryana,12-01-2015,14781.04263
6599,Sonipat,8,6,Haryana,12-01-2015,14688.12284
6600,Yamunanagar,3,6,Haryana,12-01-2015,14594.15496
6601,Jhajjar,15,6,Haryana,12-01-2015,14740.9223
6602,Mahendragarh,16,6,Haryana,12-01-2015,14830.61561
6603,Rewari,17,6,Haryana,12-01-2015,14715.53472
6604,Bhiwani,13,6,Haryana,12-01-2015,14841.31435
6605,Ambala,2,6,Haryana,12-01-2015,14587.91918
6606,Gurgaon,18,6,Haryana,12-01-2015,14726.88526
6607,Faridabad,19,6,Haryana,12-01-2015,14710.74151
6608,Fatehabad,10,6,Haryana,12-01-2015,14724.18957
6609,Central,6,7,Delhi  & NCR,12-01-2015,14700.41482
6610,East,4,7,Delhi  & NCR,12-01-2015,14697.87321
6611,New Delhi,5,7,Delhi  & NCR,12-01-2015,14669.33511
6612,North,2,7,Delhi  & NCR,12-01-2015,14687.97057
6613,North East,3,7,Delhi  & NCR,12-01-2015,14697.78785
6614,North West,1,7,Delhi  & NCR,12-01-2015,14706.49413
6615,South,9,7,Delhi  & NCR,12-01-2015,14697.93832
6616,South West,8,7,Delhi  & NCR,12-01-2015,14698.42741
6617,West,7,7,Delhi  & NCR,12-01-2015,14703.92699
6618,Jaipur,12,8,Rajasthan,12-01-2015,14986.54429
6619,Jaisalmer,16,8,Rajasthan,12-01-2015,15202.28151
6620,Jalor,18,8,Rajasthan,12-01-2015,15109.91748
6621,Jhalawar,32,8,Rajasthan,12-01-2015,15027.9252
6622,Jhunjhunun,5,8,Rajasthan,12-01-2015,14978.28172
6623,Jodhpur,15,8,Rajasthan,12-01-2015,15141.87213
6624,Kota,30,8,Rajasthan,12-01-2015,14970.63532
6625,Nagaur,14,8,Rajasthan,12-01-2015,15079.20944
6626,Pali,20,8,Rajasthan,12-01-2015,15122.55193
6627,Rajsamand,25,8,Rajasthan,12-01-2015,15004.69088
6628,Sawai Madhopur,10,8,Rajasthan,12-01-2015,14929.18427
6629,Sirohi,19,8,Rajasthan,12-01-2015,15050.66818
6630,Tonk,22,8,Rajasthan,12-01-2015,14947.87057
6631,Sikar,13,8,Rajasthan,12-01-2015,14970.00009
6632,Alwar,6,8,Rajasthan,12-01-2015,14809.4438
6633,Udaipur,26,8,Rajasthan,12-01-2015,15045.92684
6634,Ganganagar,1,8,Rajasthan,12-01-2015,14861.87131
6635,Hanumangarh,2,8,Rajasthan,12-01-2015,14921.35183
6636,Baran,31,8,Rajasthan,12-01-2015,14998.85635
6637,Ajmer,21,8,Rajasthan,12-01-2015,15050.75303
6638,Banswara,28,8,Rajasthan,12-01-2015,15162.36114
6639,Barmer,17,8,Rajasthan,12-01-2015,15189.04838
6640,Bhilwara,24,8,Rajasthan,12-01-2015,15044.09934
6641,Bikaner,3,8,Rajasthan,12-01-2015,15115.98218
6642,Bharatpur,7,8,Rajasthan,12-01-2015,14776.91101
6643,Bundi,23,8,Rajasthan,12-01-2015,14939.81793
6644,Chittaurgarh,29,8,Rajasthan,12-01-2015,15013.88915
6645,Churu,4,8,Rajasthan,12-01-2015,15089.50808
6646,Dausa,11,8,Rajasthan,12-01-2015,14913.14832
6647,Dhaulpur,8,8,Rajasthan,12-01-2015,14876.83044
6648,Dungarpur,27,8,Rajasthan,12-01-2015,15122.97202
6649,Karauli,9,8,Rajasthan,12-01-2015,14927.79994
6650,Jalaun,35,9,Uttar Pradesh,12-01-2015,14914.64662
6651,Jaunpur,64,9,Uttar Pradesh,12-01-2015,14768.84804
6652,Jhansi,36,9,Uttar Pradesh,12-01-2015,15017.42375
6653,Jyotiba Phule Nagar,6,9,Uttar Pradesh,12-01-2015,14658.35391
6654,Kannauj,30,9,Uttar Pradesh,12-01-2015,14716.04512
6655,Kanpur Nagar,34,9,Uttar Pradesh,12-01-2015,14776.52418
6656,Kaushambi,44,9,Uttar Pradesh,12-01-2015,14799.48
6657,Kheri,23,9,Uttar Pradesh,12-01-2015,14717.31225
6658,Mirzapur,69,9,Uttar Pradesh,12-01-2015,14907.07062
6659,Moradabad,4,9,Uttar Pradesh,12-01-2015,14672.87121
6660,Muzaffarnagar,2,9,Uttar Pradesh,12-01-2015,14634.69922
6661,Rae Bareli,28,9,Uttar Pradesh,12-01-2015,14764.87817
6662,Kushinagar,59,9,Uttar Pradesh,12-01-2015,14685.01702
6663,Lucknow,27,9,Uttar Pradesh,12-01-2015,14738.19991
6664,Lalitpur,37,9,Uttar Pradesh,12-01-2015,15025.47686
6665,Mahrajganj,57,9,Uttar Pradesh,12-01-2015,14734.888
6666,Mahoba,39,9,Uttar Pradesh,12-01-2015,15078.36177
6667,Mainpuri,18,9,Uttar Pradesh,12-01-2015,14729.62453
6668,Mathura,14,9,Uttar Pradesh,12-01-2015,14682.66777
6669,Mau,62,9,Uttar Pradesh,12-01-2015,14780.61843
6670,Meerut,7,9,Uttar Pradesh,12-01-2015,14638.60494
6671,Pilibhit,21,9,Uttar Pradesh,12-01-2015,14699.19403
6672,Pratapgarh,43,9,Uttar Pradesh,12-01-2015,14753.87326
6673,Rampur,5,9,Uttar Pradesh,12-01-2015,14663.57369
6674,Sant Ravidas Nagar Bhadohi,68,9,Uttar Pradesh,12-01-2015,14798.08019
6675,Sant Kabir Nagar,56,9,Uttar Pradesh,12-01-2015,14734.27185
6676,Shahjahanpur,22,9,Uttar Pradesh,12-01-2015,14718.94029
6677,Hathras,13,9,Uttar Pradesh,12-01-2015,14686.11576
6678,Shrawasti,51,9,Uttar Pradesh,12-01-2015,14751.36837
6679,Saharanpur,1,9,Uttar Pradesh,12-01-2015,14610.1571
6680,Sitapur,24,9,Uttar Pradesh,12-01-2015,14719.10914
6681,Sultanpur,49,9,Uttar Pradesh,12-01-2015,14763.83838
6682,Sonbhadra,70,9,Uttar Pradesh,12-01-2015,14891.69519
6683,Siddharthnagar,54,9,Uttar Pradesh,12-01-2015,14774.97698
6684,Unnao,26,9,Uttar Pradesh,12-01-2015,14760.46563
6685,Varanasi,67,9,Uttar Pradesh,12-01-2015,14768.02371
6686,Bulandshahr,11,9,Uttar Pradesh,12-01-2015,14677.18521
6687,Gautam Buddha Nagar,10,9,Uttar Pradesh,12-01-2015,14712.25868
6688,Ghaziabad,9,9,Uttar Pradesh,12-01-2015,14683.51257
6689,Auraiya,32,9,Uttar Pradesh,12-01-2015,14760.2655
6690,Azamgarh,61,9,Uttar Pradesh,12-01-2015,14781.42625
6691,Budaun,19,9,Uttar Pradesh,12-01-2015,14728.81161
6692,Agra,15,9,Uttar Pradesh,12-01-2015,14734.91521
6693,Aligarh,12,9,Uttar Pradesh,12-01-2015,14712.0826
6694,Allahabad,45,9,Uttar Pradesh,12-01-2015,14856.85452
6695,Ambedkar Nagar,48,9,Uttar Pradesh,12-01-2015,14754.5016
6696,Bareilly,20,9,Uttar Pradesh,12-01-2015,14710.89502
6697,Bijnor,3,9,Uttar Pradesh,12-01-2015,14660.5589
6698,Basti,55,9,Uttar Pradesh,12-01-2015,14752.00675
6699,Baghpat,8,9,Uttar Pradesh,12-01-2015,14676.62387
6700,Bahraich,50,9,Uttar Pradesh,12-01-2015,14703.90494
6701,Ballia,63,9,Uttar Pradesh,12-01-2015,14832.13596
6702,Balrampur,52,9,Uttar Pradesh,12-01-2015,14763.01121
6703,Banda,40,9,Uttar Pradesh,12-01-2015,14962.10307
6704,Barabanki,46,9,Uttar Pradesh,12-01-2015,14710.01726
6705,Chitrakoot,41,9,Uttar Pradesh,12-01-2015,14991.87203
6706,Chandauli,66,9,Uttar Pradesh,12-01-2015,14844.34803
6707,Deoria,60,9,Uttar Pradesh,12-01-2015,14735.34408
6708,Etah,17,9,Uttar Pradesh,12-01-2015,14740.36126
6709,Kanpur Dehat,33,9,Uttar Pradesh,12-01-2015,14763.13999
6710,Etawah,31,9,Uttar Pradesh,12-01-2015,14735.32081
6711,Faizabad,47,9,Uttar Pradesh,12-01-2015,14759.40449
6712,Ghazipur,65,9,Uttar Pradesh,12-01-2015,14816.04065
6713,Gonda,53,9,Uttar Pradesh,12-01-2015,14701.56507
6714,Gorakhpur,58,9,Uttar Pradesh,12-01-2015,14738.20774
6715,Farrukhabad,29,9,Uttar Pradesh,12-01-2015,14714.09562
6716,Fatehpur,42,9,Uttar Pradesh,12-01-2015,14792.79934
6717,Firozabad,16,9,Uttar Pradesh,12-01-2015,14708.96218
6718,Hamirpur,38,9,Uttar Pradesh,12-01-2015,14970.26352
6719,Hardoi,25,9,Uttar Pradesh,12-01-2015,14732.46896
6720,Jamui,37,10,Bihar,12-01-2015,14955.09045
6721,Kishanganj,8,10,Bihar,12-01-2015,14894.62558
6722,Muzaffarpur,14,10,Bihar,12-01-2015,14859.13268
6723,Purnia,9,10,Bihar,12-01-2015,14813.88655
6724,Khagaria,21,10,Bihar,12-01-2015,14763.95155
6725,Madhubani,5,10,Bihar,12-01-2015,14808.47312
6726,Lakhisarai,25,10,Bihar,12-01-2015,14888.36272
6727,Madhepura,11,10,Bihar,12-01-2015,14789.44047
6728,Purba Champaran,2,10,Bihar,12-01-2015,14757.48665
6729,Munger,24,10,Bihar,12-01-2015,14835.86348
6730,Nalanda,27,10,Bihar,12-01-2015,14915.34107
6731,Nawada,36,10,Bihar,12-01-2015,14907.11164
6732,Pashchim Champaran,1,10,Bihar,12-01-2015,14742.76228
6733,Patna,28,10,Bihar,12-01-2015,14815.80347
6734,Samastipur,19,10,Bihar,12-01-2015,14808.36969
6735,Sheikhpura,26,10,Bihar,12-01-2015,14951.96535
6736,Sheohar,3,10,Bihar,12-01-2015,14761.57888
6737,Saharsa,12,10,Bihar,12-01-2015,14749.78127
6738,Sitamarhi,4,10,Bihar,12-01-2015,14803.92707
6739,Siwan,16,10,Bihar,12-01-2015,14833.16331
6740,Supaul,6,10,Bihar,12-01-2015,14785.71031
6741,Vaishali,18,10,Bihar,12-01-2015,14816.43152
6742,Kaimur (Bhabua),31,10,Bihar,12-01-2015,14858.06837
6743,Gaya,35,10,Bihar,12-01-2015,14941.52425
6744,Bhojpur,29,10,Bihar,12-01-2015,14884.89502
6745,Buxar,30,10,Bihar,12-01-2015,14877.37846
6746,Jehanabad,33,10,Bihar,12-01-2015,14842.85261
6747,Rohtas,32,10,Bihar,12-01-2015,14835.41984
6748,Araria,7,10,Bihar,12-01-2015,14849.92906
6749,Aurangabad,34,10,Bihar,12-01-2015,14887.21955
6750,Banka,23,10,Bihar,12-01-2015,14941.60716
6751,Bhagalpur,22,10,Bihar,12-01-2015,14798.1733
6752,Begusarai,20,10,Bihar,12-01-2015,14803.04625
6753,Saran,17,10,Bihar,12-01-2015,14896.28591
6754,Katihar,10,10,Bihar,12-01-2015,14788.60421
6755,Darbhanga,13,10,Bihar,12-01-2015,14810.82068
6756,Gopalganj,15,10,Bihar,12-01-2015,14720.62621
6757,North,1,11,Sikkim,12-01-2015,13838.85485
6758,South,3,11,Sikkim,12-01-2015,14317.01482
6759,West,2,11,Sikkim,12-01-2015,14161.78602
6760,East,4,11,Sikkim,12-01-2015,14227.54771
6761,Lohit,11,12,Arunanchal Pradesh,12-01-2015,14099.02448
6762,Lower Subansiri,5,12,Arunanchal Pradesh,12-01-2015,14113.08742
6763,Papum Pare,4,12,Arunanchal Pradesh,12-01-2015,14381.57239
6764,Tawang,1,12,Arunanchal Pradesh,12-01-2015,13954.58081
6765,Tirap,13,12,Arunanchal Pradesh,12-01-2015,14483.50508
6766,West Kameng,2,12,Arunanchal Pradesh,12-01-2015,14210.52608
6767,West Siang,7,12,Arunanchal Pradesh,12-01-2015,14200.81835
6768,Upper Siang,9,12,Arunanchal Pradesh,12-01-2015,14020.97567
6769,Upper Subansiri,6,12,Arunanchal Pradesh,12-01-2015,14048.97845
6770,Changlang,12,12,Arunanchal Pradesh,12-01-2015,14413.75211
6771,Dibang Valley,10,12,Arunanchal Pradesh,12-01-2015,13909.85619
6772,East Kameng,3,12,Arunanchal Pradesh,12-01-2015,14227.07414
6773,East Siang,8,12,Arunanchal Pradesh,12-01-2015,14493.78769
6774,Mokokchung,3,13,Nagaland,12-01-2015,14544.21725
6775,Mon,1,13,Nagaland,12-01-2015,14552.46587
6776,Phek,8,13,Nagaland,12-01-2015,14364.27947
6777,Tuensang,2,13,Nagaland,12-01-2015,14394.55941
6778,Wokha,5,13,Nagaland,12-01-2015,14563.31671
6779,Zunheboto,4,13,Nagaland,12-01-2015,14423.73321
6780,Dimapur,6,13,Nagaland,12-01-2015,14671.14906
6781,Kohima,7,13,Nagaland,12-01-2015,14503.39041
6782,Imphal East,7,14,Manipur,12-01-2015,14643.31174
6783,Imphal West,6,14,Manipur,12-01-2015,14638.70656
6784,Senapati (Excl. 3 sub-divisions),1,14,Manipur,12-01-2015,14452.53591
6785,Tamenglong,2,14,Manipur,12-01-2015,14499.19327
6786,Thoubal,5,14,Manipur,12-01-2015,14608.84736
6787,Ukhrul,8,14,Manipur,12-01-2015,14463.9227
6788,Bishnupur,4,14,Manipur,12-01-2015,14585.54924
6789,Chandel,9,14,Manipur,12-01-2015,14539.80609
6790,Churachandpur,3,14,Manipur,12-01-2015,14518.07783
6791,Kolasib,2,15,Mizoram,12-01-2015,14633.04873
6792,Mamit,1,15,Mizoram,12-01-2015,14634.49112
6793,Lunglei,6,15,Mizoram,12-01-2015,14605.11994
6794,Lawngtlai,7,15,Mizoram,12-01-2015,14667.73814
6795,Saiha,8,15,Mizoram,12-01-2015,14587.37238
6796,Serchhip,5,15,Mizoram,12-01-2015,14542.99069
6797,Aizawl,3,15,Mizoram,12-01-2015,14580.02465
6798,Champhai,4,15,Mizoram,12-01-2015,14514.06581
6799,North Tripura,4,16,Tripura,12-01-2015,14730.91559
6800,South Tripura,2,16,Tripura,12-01-2015,14777.60629
6801,West Tripura,1,16,Tripura,12-01-2015,14796.31186
6802,Dhalai,3,16,Tripura,12-01-2015,14739.32247
6803,Jaintia Hills,7,17,Meghalaya,12-01-2015,14591.18546
6804,Ri Bhoi,5,17,Meghalaya,12-01-2015,14612.4703
6805,South Garo Hills,3,17,Meghalaya,12-01-2015,14725.35795
6806,West Garo Hills,1,17,Meghalaya,12-01-2015,14760.69496
6807,West Khasi Hills,4,17,Meghalaya,12-01-2015,14580.69677
6808,East Garo Hills,2,17,Meghalaya,12-01-2015,14682.16424
6809,East Khasi Hills,6,17,Meghalaya,12-01-2015,14571.94614
6810,Jorhat,17,18,Assam,12-01-2015,14722.40062
6811,Karimganj,22,18,Assam,12-01-2015,14735.41473
6812,Kokrajhar,1,18,Assam,12-01-2015,14810.83478
6813,Lakhimpur,12,18,Assam,12-01-2015,14769.63642
6814,Nagaon,10,18,Assam,12-01-2015,14763.27411
6815,Marigaon,9,18,Assam,12-01-2015,14782.79676
6816,Nalbari,7,18,Assam,12-01-2015,14806.9408
6817,North Cachar Hills,20,18,Assam,12-01-2015,14601.4721
6818,Sonitpur,11,18,Assam,12-01-2015,14763.21525
6819,Sibsagar,16,18,Assam,12-01-2015,14707.65581
6820,Tinsukia,14,18,Assam,12-01-2015,14694.68703
6821,Barpeta,5,18,Assam,12-01-2015,14792.39251
6822,Bongaigaon,4,18,Assam,12-01-2015,14794.71768
6823,Cachar,21,18,Assam,12-01-2015,14703.41259
6824,Darrang,8,18,Assam,12-01-2015,14784.42555
6825,Dhemaji,13,18,Assam,12-01-2015,14785.80934
6826,Dhubri,2,18,Assam,12-01-2015,14804.1778
6827,Dibrugarh,15,18,Assam,12-01-2015,14727.15436
6828,Kamrup,6,18,Assam,12-01-2015,14743.96677
6829,Karbi Anglong,19,18,Assam,12-01-2015,14640.07617
6830,Goalpara,3,18,Assam,12-01-2015,14779.27105
6831,Golaghat,18,18,Assam,12-01-2015,14728.35071
6832,Hailakandi,23,18,Assam,12-01-2015,14719.02599
6833,Jalpaiguri,2,19,West Bengal,12-01-2015,14817.19083
6834,Koch Bihar,3,19,West Bengal,12-01-2015,14841.74666
6835,Murshidabad,7,19,West Bengal,12-01-2015,14824.37389
6836,Puruliya,14,19,West Bengal,12-01-2015,14980.51885
6837,Kolkata,17,19,West Bengal,12-01-2015,14931.36688
6838,Maldah,6,19,West Bengal,12-01-2015,14781.06698
6839,Nadia,10,19,West Bengal,12-01-2015,14817.116
6840,North Twenty Four Parganas,11,19,West Bengal,12-01-2015,14829.15772
6841,Medinipur,15,19,West Bengal,12-01-2015,14876.42071
6842,Hugli,12,19,West Bengal,12-01-2015,14876.41047
6843,South  Twenty Four Parganas,18,19,West Bengal,12-01-2015,14856.77945
6844,Uttar Dinajpur,4,19,West Bengal,12-01-2015,14867.39578
6845,Barddhaman,9,19,West Bengal,12-01-2015,14922.69595
6846,Birbhum,8,19,West Bengal,12-01-2015,14946.80453
6847,Bankura,13,19,West Bengal,12-01-2015,14946.29493
6848,Dakshin Dinajpur,5,19,West Bengal,12-01-2015,14837.95272
6849,Darjiling,1,19,West Bengal,12-01-2015,14569.65462
6850,Haora,16,19,West Bengal,12-01-2015,14843.66391
6851,Purbi Singhbhum,18,20,Jharkhand,12-01-2015,14934.0243
6852,Lohardaga,15,20,Jharkhand,12-01-2015,14835.52153
6853,Pakaur,10,20,Jharkhand,12-01-2015,14977.0817
6854,Pashchimi Singhbhum,17,20,Jharkhand,12-01-2015,14903.40363
6855,Ranchi,14,20,Jharkhand,12-01-2015,14877.96469
6856,Sahibganj,9,20,Jharkhand,12-01-2015,14831.58139
6857,Garhwa,1,20,Jharkhand,12-01-2015,14884.32405
6858,Palamu,2,20,Jharkhand,12-01-2015,14847.10245
6859,Chatra,3,20,Jharkhand,12-01-2015,14878.06088
6860,Hazaribagh,4,20,Jharkhand,12-01-2015,14856.87996
6861,Kodarma,5,20,Jharkhand,12-01-2015,14886.68153
6862,Bokaro,13,20,Jharkhand,12-01-2015,14942.09596
6863,Deoghar,7,20,Jharkhand,12-01-2015,15005.53805
6864,Dhanbad,12,20,Jharkhand,12-01-2015,14966.03868
6865,Dumka,11,20,Jharkhand,12-01-2015,14980.59577
6866,Giridih,6,20,Jharkhand,12-01-2015,14973.63245
6867,Godda,8,20,Jharkhand,12-01-2015,14917.03789
6868,Gumla,16,20,Jharkhand,12-01-2015,14890.61485
6869,Jajapur,13,21,Orissa,12-01-2015,15061.12452
6870,Jagatsinghapur,11,21,Orissa,12-01-2015,15016.22275
6871,Jharsuguda,2,21,Orissa,12-01-2015,14962.13117
6872,Khordha,17,21,Orissa,12-01-2015,15071.61195
6873,Mayurbhanj,7,21,Orissa,12-01-2015,14923.36176
6874,Puri,18,21,Orissa,12-01-2015,14995.76031
6875,Koraput,29,21,Orissa,12-01-2015,15071.02577
6876,Malkangiri,30,21,Orissa,12-01-2015,15050.18694
6877,Nabarangapur,28,21,Orissa,12-01-2015,15107.28078
6878,Nayagarh,16,21,Orissa,12-01-2015,15009.75714
6879,Nuapada,25,21,Orissa,12-01-2015,15059.5084
6880,Kandhamal,21,21,Orissa,12-01-2015,14895.67803
6881,Sambalpur,3,21,Orissa,12-01-2015,14936.30704
6882,Rayagada,27,21,Orissa,12-01-2015,15004.54455
6883,Sundargarh,5,21,Orissa,12-01-2015,14915.51038
6884,Sonapur,23,21,Orissa,12-01-2015,15045.88745
6885,Anugul,15,21,Orissa,12-01-2015,14966.45185
6886,Bhadrak,9,21,Orissa,12-01-2015,15032.6476
6887,Baudh,22,21,Orissa,12-01-2015,14994.25808
6888,Balangir,24,21,Orissa,12-01-2015,15067.55338
6889,Baleshwar,8,21,Orissa,12-01-2015,14983.59487
6890,Bargarh,1,21,Orissa,12-01-2015,15037.3167
6891,Kendrapara,10,21,Orissa,12-01-2015,15013.81114
6892,Kendujhar,6,21,Orissa,12-01-2015,14957.35985
6893,Debagarh,4,21,Orissa,12-01-2015,14936.18167
6894,Cuttack,12,21,Orissa,12-01-2015,15051.0309
6895,Dhenkanal,14,21,Orissa,12-01-2015,15009.89236
6896,Kalahandi,26,21,Orissa,12-01-2015,15031.06042
6897,Ganjam,19,21,Orissa,12-01-2015,15029.18364
6898,Gajapati,20,21,Orissa,12-01-2015,14966.88309
6899,Jashpur,3,22,Chhattisgarh,12-01-2015,14895.71802
6900,Koriya,1,22,Chhattisgarh,12-01-2015,14848.75396
6901,Mahasamund,12,22,Chhattisgarh,12-01-2015,15092.17289
6902,Raigarh,4,22,Chhattisgarh,12-01-2015,14966.99495
6903,Raipur,11,22,Chhattisgarh,12-01-2015,15062.99899
6904,Rajnandgaon,9,22,Chhattisgarh,12-01-2015,15065.51978
6905,Surguja,2,22,Chhattisgarh,12-01-2015,14842.37899
6906,Bilaspur,7,22,Chhattisgarh,12-01-2015,14995.63483
6907,Janjgir - Champa,6,22,Chhattisgarh,12-01-2015,15049.63412
6908,Korba,5,22,Chhattisgarh,12-01-2015,14917.97552
6909,Kawardha,8,22,Chhattisgarh,12-01-2015,15039.2138
6910,Bastar,15,22,Chhattisgarh,12-01-2015,15025.28893
6911,Dantewada,16,22,Chhattisgarh,12-01-2015,15006.65824
6912,Dhamtari,13,22,Chhattisgarh,12-01-2015,15030.60633
6913,Durg,10,22,Chhattisgarh,12-01-2015,15095.57614
6914,Kanker,14,22,Chhattisgarh,12-01-2015,15023.02251
6915,Jabalpur,39,23,Madhya Pradesh,12-01-2015,15009.05057
6916,Jhabua,24,23,Madhya Pradesh,12-01-2015,15217.8815
6917,Mandsaur,19,23,Madhya Pradesh,12-01-2015,15024.44289
6918,Tikamgarh,8,23,Madhya Pradesh,12-01-2015,15054.57019
6919,Narsimhapur,40,23,Madhya Pradesh,12-01-2015,15022.97
6920,Neemuch,18,23,Madhya Pradesh,12-01-2015,15024.20745
6921,Panna,10,23,Madhya Pradesh,12-01-2015,15045.51588
6922,Raisen,34,23,Madhya Pradesh,12-01-2015,15055.61184
6923,Rajgarh,30,23,Madhya Pradesh,12-01-2015,15072.4581
6924,Satna,13,23,Madhya Pradesh,12-01-2015,14997.2492
6925,Sehore,33,23,Madhya Pradesh,12-01-2015,15048.69959
6926,Seoni,44,23,Madhya Pradesh,12-01-2015,15062.67387
6927,Hoshangabad,37,23,Madhya Pradesh,12-01-2015,14974.95268
6928,Indore,26,23,Madhya Pradesh,12-01-2015,15015.46729
6929,Shajapur,22,23,Madhya Pradesh,12-01-2015,15061.30483
6930,Shivpuri,6,23,Madhya Pradesh,12-01-2015,15036.13589
6931,Ratlam,20,23,Madhya Pradesh,12-01-2015,15093.85917
6932,Rewa,14,23,Madhya Pradesh,12-01-2015,14963.05537
6933,Sagar,11,23,Madhya Pradesh,12-01-2015,15058.50311
6934,Sidhi,17,23,Madhya Pradesh,12-01-2015,14890.25422
6935,Ujjain,21,23,Madhya Pradesh,12-01-2015,14988.69325
6936,Vidisha,31,23,Madhya Pradesh,12-01-2015,15060.44254
6937,West Nimar,27,23,Madhya Pradesh,12-01-2015,15228.29597
6938,Morena,2,23,Madhya Pradesh,12-01-2015,14879.69781
6939,Sheopur,1,23,Madhya Pradesh,12-01-2015,14987.96988
6940,Dindori,41,23,Madhya Pradesh,12-01-2015,14997.02127
6941,Mandla,42,23,Madhya Pradesh,12-01-2015,14981.71863
6942,Shahdol,16,23,Madhya Pradesh,12-01-2015,14981.0657
6943,Umaria,15,23,Madhya Pradesh,12-01-2015,14932.18593
6944,Bhind,3,23,Madhya Pradesh,12-01-2015,14876.27738
6945,Bhopal,32,23,Madhya Pradesh,12-01-2015,15051.6291
6946,Barwani,28,23,Madhya Pradesh,12-01-2015,15299.72074
6947,Betul,35,23,Madhya Pradesh,12-01-2015,15135.33659
6948,Balaghat,45,23,Madhya Pradesh,12-01-2015,14956.50149
6949,Chhatarpur,9,23,Madhya Pradesh,12-01-2015,15051.70918
6950,Chhindwara,43,23,Madhya Pradesh,12-01-2015,15077.62281
6951,Dewas,23,23,Madhya Pradesh,12-01-2015,15048.63841
6952,Katni,38,23,Madhya Pradesh,12-01-2015,15013.37599
6953,Datia,5,23,Madhya Pradesh,12-01-2015,14956.15169
6954,Damoh,12,23,Madhya Pradesh,12-01-2015,15053.16397
6955,Dhar,25,23,Madhya Pradesh,12-01-2015,15138.82966
6956,East Nimar,29,23,Madhya Pradesh,12-01-2015,15182.32439
6957,Guna,7,23,Madhya Pradesh,12-01-2015,15076.35401
6958,Gwalior,4,23,Madhya Pradesh,12-01-2015,14975.27482
6959,Harda,36,23,Madhya Pradesh,12-01-2015,14980.78602
6960,Jamnagar,10,24,Gujarat,12-01-2015,15314.93607
6961,Kheda,16,24,Gujarat,12-01-2015,15118.79615
6962,Mahesana,4,24,Gujarat,12-01-2015,15103.98786
6963,Narmada,20,24,Gujarat,12-01-2015,15218.22031
6964,Navsari,24,24,Gujarat,12-01-2015,15161.39243
6965,Panch Mahals,17,24,Gujarat,12-01-2015,15171.0079
6966,Patan,3,24,Gujarat,12-01-2015,15158.98463
6967,Porbandar,11,24,Gujarat,12-01-2015,15323.75963
6968,Rajkot,9,24,Gujarat,12-01-2015,15284.47039
6969,Sabar Kantha,5,24,Gujarat,12-01-2015,15090.34137
6970,Surendranagar,8,24,Gujarat,12-01-2015,15238.97502
6971,The Dangs,23,24,Gujarat,12-01-2015,15170.75109
6972,Vadodara,19,24,Gujarat,12-01-2015,15162.23105
6973,Valsad,25,24,Gujarat,12-01-2015,15188.19312
6974,Bharuch,21,24,Gujarat,12-01-2015,15204.28851
6975,Surat,22,24,Gujarat,12-01-2015,15196.3486
6976,Anand,15,24,Gujarat,12-01-2015,15111.75949
6977,Ahmadabad,7,24,Gujarat,12-01-2015,15214.82802
6978,Amreli,13,24,Gujarat,12-01-2015,15305.10525
6979,Bhavnagar,14,24,Gujarat,12-01-2015,15290.21222
6980,Banas Kantha,2,24,Gujarat,12-01-2015,15046.25602
6981,Dohad,18,24,Gujarat,12-01-2015,15181.00119
6982,Junagadh,12,24,Gujarat,12-01-2015,15254.12344
6983,Kachchh,1,24,Gujarat,12-01-2015,15145.14786
6984,Gandhinagar,6,24,Gujarat,12-01-2015,15131.25933
6985,Daman,2,25,Daman & Diu,12-01-2015,15114.24197
6986,Diu,1,25,Daman & Diu,12-01-2015,15101.60879
6987,Dadra & Nagar Haveli,1,26,Dadara & Nagar Havelli,12-01-2015,15212.68041
6988,Jalgaon,3,27,Maharashtra,12-01-2015,15317.01229
6989,Jalna,18,27,Maharashtra,12-01-2015,15354.5532
6990,Kolhapur,34,27,Maharashtra,12-01-2015,15167.46081
6991,Latur,28,27,Maharashtra,12-01-2015,15473.28302
6992,Pune,25,27,Maharashtra,12-01-2015,15217.1854
6993,Nagpur,9,27,Maharashtra,12-01-2015,15129.91732
6994,Mumbai,23,27,Maharashtra,12-01-2015,15194.74209
6995,Mumbai (Suburban),22,27,Maharashtra,12-01-2015,15224.61867
6996,Nanded,15,27,Maharashtra,12-01-2015,15401.07481
6997,Nandurbar,1,27,Maharashtra,12-01-2015,15286.26701
6998,Nashik,20,27,Maharashtra,12-01-2015,15290.62973
6999,Osmanabad,29,27,Maharashtra,12-01-2015,15478.90069
7000,Parbhani,17,27,Maharashtra,12-01-2015,15432.22956
7001,Sangli,35,27,Maharashtra,12-01-2015,15376.27642
7002,Satara,31,27,Maharashtra,12-01-2015,15257.8584
7003,Hingoli,16,27,Maharashtra,12-01-2015,15346.53496
7004,Ratnagiri,32,27,Maharashtra,12-01-2015,15200.58933
7005,Raigarh,24,27,Maharashtra,12-01-2015,15204.74539
7006,Thane,21,27,Maharashtra,12-01-2015,15232.62616
7007,Solapur,30,27,Maharashtra,12-01-2015,15459.15103
7008,Sindhudurg,33,27,Maharashtra,12-01-2015,15196.09229
7009,Wardha,8,27,Maharashtra,12-01-2015,15210.5406
7010,Washim,6,27,Maharashtra,12-01-2015,15327.78839
7011,Yavatmal,14,27,Maharashtra,12-01-2015,15249.09922
7012,Aurangabad,19,27,Maharashtra,12-01-2015,15329.98089
7013,Ahmadnagar,26,27,Maharashtra,12-01-2015,15339.44176
7014,Akola,5,27,Maharashtra,12-01-2015,15321.91882
7015,Amravati,7,27,Maharashtra,12-01-2015,15210.66845
7016,Bid,27,27,Maharashtra,12-01-2015,15385.44987
7017,Bhandara,10,27,Maharashtra,12-01-2015,15063.92352
7018,Buldana,4,27,Maharashtra,12-01-2015,15314.00608
7019,Chandrapur,13,27,Maharashtra,12-01-2015,15142.83129
7020,Dhule,2,27,Maharashtra,12-01-2015,15387.25683
7021,Gadchiroli,12,27,Maharashtra,12-01-2015,15033.22366
7022,Gondiya,11,27,Maharashtra,12-01-2015,15029.88102
7023,Khammam,10,28,Andhra Pradesh,12-01-2015,15142.44248
7024,Medak,4,28,Andhra Pradesh,12-01-2015,15346.90878
7025,Krishna,16,28,Andhra Pradesh,12-01-2015,15178.97327
7026,Kurnool,21,28,Andhra Pradesh,12-01-2015,15319.22073
7027,Mahbubnagar,7,28,Andhra Pradesh,12-01-2015,15364.13133
7028,Nalgonda,8,28,Andhra Pradesh,12-01-2015,15337.0029
7029,Nellore,19,28,Andhra Pradesh,12-01-2015,15114.05936
7030,Nizamabad,2,28,Andhra Pradesh,12-01-2015,15361.37406
7031,Prakasam,18,28,Andhra Pradesh,12-01-2015,15166.73899
7032,Hyderabad,5,28,Andhra Pradesh,12-01-2015,15197.76389
7033,Rangareddi,6,28,Andhra Pradesh,12-01-2015,15360.9492
7034,Srikakulam,11,28,Andhra Pradesh,12-01-2015,15108.0138
7035,West Godavari,15,28,Andhra Pradesh,12-01-2015,15116.82763
7036,Visakhapatnam,13,28,Andhra Pradesh,12-01-2015,15029.93039
7037,Vizianagaram,12,28,Andhra Pradesh,12-01-2015,15102.9126
7038,Warangal,9,28,Andhra Pradesh,12-01-2015,15177.01023
7039,Anantapur,22,28,Andhra Pradesh,12-01-2015,15304.56123
7040,Adilabad,1,28,Andhra Pradesh,12-01-2015,15230.82495
7041,Chittoor,23,28,Andhra Pradesh,12-01-2015,15078.96364
7042,Cuddapah,20,28,Andhra Pradesh,12-01-2015,15151.00065
7043,East Godavari,14,28,Andhra Pradesh,12-01-2015,15059.52063
7044,Karimnagar,3,28,Andhra Pradesh,12-01-2015,15268.1049
7045,Guntur,17,28,Andhra Pradesh,12-01-2015,15257.21585
7046,Kodagu,25,29,Karnataka,12-01-2015,14941.23591
7047,Kolar,19,29,Karnataka,12-01-2015,15096.923
7048,Mandya,22,29,Karnataka,12-01-2015,15102.42466
7049,Koppal,7,29,Karnataka,12-01-2015,15422.86424
7050,Mysore,26,29,Karnataka,12-01-2015,15128.77879
7051,Raichur,6,29,Karnataka,12-01-2015,15344.61492
7052,Hassan,23,29,Karnataka,12-01-2015,15106.79439
7053,Haveri,11,29,Karnataka,12-01-2015,15380.72356
7054,Shimoga,15,29,Karnataka,12-01-2015,15109.62944
7055,Tumkur,18,29,Karnataka,12-01-2015,15152.0815
7056,Udupi,16,29,Karnataka,12-01-2015,15147.41145
7057,Uttara Kannada,10,29,Karnataka,12-01-2015,15057.34573
7058,Bagalkot,2,29,Karnataka,12-01-2015,15353.94884
7059,Bangalore,20,29,Karnataka,12-01-2015,15066.70805
7060,Bidar,5,29,Karnataka,12-01-2015,15440.81763
7061,Bijapur,3,29,Karnataka,12-01-2015,15478.03096
7062,Belgaum,1,29,Karnataka,12-01-2015,15308.27933
7063,Bellary,12,29,Karnataka,12-01-2015,15339.27851
7064,Bangalore Rural,21,29,Karnataka,12-01-2015,15072.90084
7065,Chamarajanagar,27,29,Karnataka,12-01-2015,15066.1352
7066,Chikmagalur,17,29,Karnataka,12-01-2015,15029.21151
7067,Chitradurga,13,29,Karnataka,12-01-2015,15310.61815
7068,Dakshina Kannada,24,29,Karnataka,12-01-2015,15121.81912
7069,Davanagere,14,29,Karnataka,12-01-2015,15343.35445
7070,Dharwad,9,29,Karnataka,12-01-2015,15424.73187
7071,Gulbarga,4,29,Karnataka,12-01-2015,15444.84765
7072,Gadag,8,29,Karnataka,12-01-2015,15500.63664
7073,North Goa,1,30,Goa,12-01-2015,15180.95037
7074,South Goa,2,30,Goa,12-01-2015,15143.30368
7075,Lakshadweep,1,31,Lakshadweep,12-01-2015,15043.53734
7076,Kollam,13,32,Kerala,12-01-2015,15057.94598
7077,Kottayam,10,32,Kerala,12-01-2015,15126.03512
7078,Kozhikode,4,32,Kerala,12-01-2015,15111.55055
7079,Malappuram,5,32,Kerala,12-01-2015,15089.37938
7080,Palakkad,6,32,Kerala,12-01-2015,15034.19761
7081,Pathanamthitta,12,32,Kerala,12-01-2015,15014.28777
7082,Idukki,9,32,Kerala,12-01-2015,14902.62297
7083,Thrissur,7,32,Kerala,12-01-2015,15087.84459
7084,Thiruvananthapuram,14,32,Kerala,12-01-2015,15074.17875
7085,Wayanad,3,32,Kerala,12-01-2015,14935.74809
7086,Alappuzha,11,32,Kerala,12-01-2015,15114.12347
7087,Kasaragod,1,32,Kerala,12-01-2015,15164.98593
7088,Kannur,2,32,Kerala,12-01-2015,15143.32039
7089,Ernakulam,8,32,Kerala,12-01-2015,15129.80228
7090,Kanniyakumari,30,33,Tamil Nadu,12-01-2015,15068.63196
7091,Karur,14,33,Tamil Nadu,12-01-2015,15172.48577
7092,Madurai,24,33,Tamil Nadu,12-01-2015,15113.51771
7093,Namakkal,9,33,Tamil Nadu,12-01-2015,15178.26832
7094,The Nilgiris,11,33,Tamil Nadu,12-01-2015,14844.48074
7095,Perambalur,16,33,Tamil Nadu,12-01-2015,15132.18006
7096,Pudukkottai,22,33,Tamil Nadu,12-01-2015,15063.36572
7097,Ramanathapuram,27,33,Tamil Nadu,12-01-2015,15069.28448
7098,Salem,8,33,Tamil Nadu,12-01-2015,15100.09294
7099,Sivaganga,23,33,Tamil Nadu,12-01-2015,15076.61554
7100,Tiruchirappalli,15,33,Tamil Nadu,12-01-2015,15117.49346
7101,Tirunelveli,29,33,Tamil Nadu,12-01-2015,15038.46596
7102,Tiruvannamalai,6,33,Tamil Nadu,12-01-2015,15084.06743
7103,Thoothukkudi,28,33,Tamil Nadu,12-01-2015,15103.10917
7104,Theni,25,33,Tamil Nadu,12-01-2015,15024.26676
7105,Vellore,4,33,Tamil Nadu,12-01-2015,15069.28914
7106,Viluppuram,7,33,Tamil Nadu,12-01-2015,15118.10749
7107,Virudhunagar,26,33,Tamil Nadu,12-01-2015,15118.39593
7108,Chennai,2,33,Tamil Nadu,12-01-2015,15199.58743
7109,Kancheepuram,3,33,Tamil Nadu,12-01-2015,15082.39388
7110,Thiruvallur,1,33,Tamil Nadu,12-01-2015,15090.83157
7111,Thanjavur,21,33,Tamil Nadu,12-01-2015,15060.2202
7112,Thiruvarur,20,33,Tamil Nadu,12-01-2015,15021.46699
7113,Nagapattinam,19,33,Tamil Nadu,12-01-2015,15037.11838
7114,Ariyalur,17,33,Tamil Nadu,12-01-2015,15142.68028
7115,Coimbatore,12,33,Tamil Nadu,12-01-2015,15097.18439
7116,Cuddalore,18,33,Tamil Nadu,12-01-2015,15134.93305
7117,Dharmapuri,5,33,Tamil Nadu,12-01-2015,15063.0256
7118,Dindigul,13,33,Tamil Nadu,12-01-2015,15047.01188
7119,Erode,10,33,Tamil Nadu,12-01-2015,15098.48328
7120,Pondicherry,2,34,Puducherry,12-01-2015,15154.84928
7121,Yanam,1,34,Puducherry,12-01-2015,15077.03659
7122,Karaikal,4,34,Puducherry,12-01-2015,15091.16656
7123,Mahe,3,34,Puducherry,12-01-2015,15177.6983
7124,Nicobars,2,35,Andaman & Nicobar Island,12-01-2015,14970.47821
7125,Andamans,1,35,Andaman & Nicobar Island,12-01-2015,14984.62179
7126,Data Not Available,99,99,Jammu and Kashmir,12-01-2015,13220.83522
0,Lakshadweep,1,31,Lakshadweep,01-01-2016 00:00,15055.24511
1,Chandigarh,1,4,Chandigarh,01-01-2016 00:00,14606.38108
2,Dadra & Nagar Haveli,1,26,Dadara & Nagar Havelli,01-01-2016 00:00,15227.91829
3,Data Not Available,99,99,Jammu and Kashmir,01-01-2016 00:00,13179.02526
4,Srinagar,3,1,Jammu and Kashmir,01-01-2016 00:00,13609.45984
5,Udhampur,10,1,Jammu and Kashmir,01-01-2016 00:00,14254.83225
6,Jammu,13,1,Jammu and Kashmir,01-01-2016 00:00,14565.33224
7,Kargil,8,1,Jammu and Kashmir,01-01-2016 00:00,13077.92724
8,Kathua,14,1,Jammu and Kashmir,01-01-2016 00:00,14475.02593
9,Leh (Ladakh),7,1,Jammu and Kashmir,01-01-2016 00:00,13266.05145
10,Kupwara,1,1,Jammu and Kashmir,01-01-2016 00:00,13767.09662
11,Punch,11,1,Jammu and Kashmir,01-01-2016 00:00,14161.07636
12,Pulwama,5,1,Jammu and Kashmir,01-01-2016 00:00,14029.47014
13,Rajauri,12,1,Jammu and Kashmir,01-01-2016 00:00,14340.03719
14,Anantnag,6,1,Jammu and Kashmir,01-01-2016 00:00,13642.1525
15,Badgam,4,1,Jammu and Kashmir,01-01-2016 00:00,13812.02805
16,Baramula,2,1,Jammu and Kashmir,01-01-2016 00:00,13633.32053
17,Doda,9,1,Jammu and Kashmir,01-01-2016 00:00,13507.55689
18,Shimla,11,2,Himachal Pradesh,01-01-2016 00:00,14179.75762
19,Sirmaur,10,2,Himachal Pradesh,01-01-2016 00:00,14444.53705
20,Solan,9,2,Himachal Pradesh,01-01-2016 00:00,14454.61966
21,Una,7,2,Himachal Pradesh,01-01-2016 00:00,14515.24501
22,Kangra,2,2,Himachal Pradesh,01-01-2016 00:00,14249.20992
23,Kinnaur,12,2,Himachal Pradesh,01-01-2016 00:00,13469.87207
24,Lahul & Spiti,3,2,Himachal Pradesh,01-01-2016 00:00,13116.88186
25,Kullu,4,2,Himachal Pradesh,01-01-2016 00:00,13692.11004
26,Mandi,5,2,Himachal Pradesh,01-01-2016 00:00,14330.44389
27,Bilaspur,8,2,Himachal Pradesh,01-01-2016 00:00,14415.2178
28,Chamba,1,2,Himachal Pradesh,01-01-2016 00:00,13771.58943
29,Hamirpur,6,2,Himachal Pradesh,01-01-2016 00:00,14455.44815
30,Rupnagar,7,3,Punjab,01-01-2016 00:00,14544.53305
31,Hoshiarpur,5,3,Punjab,01-01-2016 00:00,14542.18995
32,Jalandhar,4,3,Punjab,01-01-2016 00:00,14509.90919
33,Kapurthala,3,3,Punjab,01-01-2016 00:00,14505.92791
34,Ludhiana,9,3,Punjab,01-01-2016 00:00,14535.87416
35,Mansa,15,3,Punjab,01-01-2016 00:00,14566.75318
36,Moga,10,3,Punjab,01-01-2016 00:00,14504.6564
37,Muktsar,12,3,Punjab,01-01-2016 00:00,14577.25099
38,Nawanshahr,6,3,Punjab,01-01-2016 00:00,14527.67194
39,Patiala,17,3,Punjab,01-01-2016 00:00,14539.66451
40,Sangrur,16,3,Punjab,01-01-2016 00:00,14530.58995
41,Amritsar,2,3,Punjab,01-01-2016 00:00,14492.11833
42,Firozpur,11,3,Punjab,01-01-2016 00:00,14556.14841
43,Bathinda,14,3,Punjab,01-01-2016 00:00,14570.58878
44,Gurdaspur,1,3,Punjab,01-01-2016 00:00,14505.05638
45,Faridkot,13,3,Punjab,01-01-2016 00:00,14540.34078
46,Fatehgarh Sahib,8,3,Punjab,01-01-2016 00:00,14499.60447
47,Rudraprayag,3,5,Uttarakhand,01-01-2016 00:00,14040.75536
48,Tehri Garhwal,4,5,Uttarakhand,01-01-2016 00:00,14242.80037
49,Udham Singh Nagar,12,5,Uttarakhand,01-01-2016 00:00,14606.64094
50,Uttarkashi,1,5,Uttarakhand,01-01-2016 00:00,13748.73091
51,Hardwar,13,5,Uttarakhand,01-01-2016 00:00,14607.35886
52,Nainital,11,5,Uttarakhand,01-01-2016 00:00,14515.84406
53,Pithoragarh,7,5,Uttarakhand,01-01-2016 00:00,13872.31993
54,Bageshwar,8,5,Uttarakhand,01-01-2016 00:00,14170.34918
55,Almora,9,5,Uttarakhand,01-01-2016 00:00,14433.3586
56,Chamoli,2,5,Uttarakhand,01-01-2016 00:00,13717.37301
57,Champawat,10,5,Uttarakhand,01-01-2016 00:00,14444.61357
58,Dehradun,5,5,Uttarakhand,01-01-2016 00:00,14452.56085
59,Garhwal,6,5,Uttarakhand,01-01-2016 00:00,14424.27076
60,Rohtak,14,6,Haryana,01-01-2016 00:00,14655.52799
61,Sirsa,11,6,Haryana,01-01-2016 00:00,14584.06147
62,Sonipat,8,6,Haryana,01-01-2016 00:00,14597.18127
63,Yamunanagar,3,6,Haryana,01-01-2016 00:00,14547.78024
64,Jhajjar,15,6,Haryana,01-01-2016 00:00,14660.59279
65,Mahendragarh,16,6,Haryana,01-01-2016 00:00,14716.06861
66,Rewari,17,6,Haryana,01-01-2016 00:00,14631.40785
67,Bhiwani,13,6,Haryana,01-01-2016 00:00,14702.43203
68,Hisar,12,6,Haryana,01-01-2016 00:00,14639.77595
69,Jind,9,6,Haryana,01-01-2016 00:00,14586.52266
70,Kaithal,5,6,Haryana,01-01-2016 00:00,14552.06003
71,Karnal,6,6,Haryana,01-01-2016 00:00,14544.9864
72,Kurukshetra,4,6,Haryana,01-01-2016 00:00,14548.11131
73,Panchkula,1,6,Haryana,01-01-2016 00:00,14581.20425
74,Panipat,7,6,Haryana,01-01-2016 00:00,14598.80387
75,Ambala,2,6,Haryana,01-01-2016 00:00,14551.93831
76,Gurgaon,18,6,Haryana,01-01-2016 00:00,14683.58959
77,Faridabad,19,6,Haryana,01-01-2016 00:00,14671.27008
78,Fatehabad,10,6,Haryana,01-01-2016 00:00,14590.60354
79,Central,6,7,Delhi  & NCR,01-01-2016 00:00,14649.70251
80,East,4,7,Delhi  & NCR,01-01-2016 00:00,14637.53823
81,New Delhi,5,7,Delhi  & NCR,01-01-2016 00:00,14646.75405
82,North,2,7,Delhi  & NCR,01-01-2016 00:00,14637.73345
83,North East,3,7,Delhi  & NCR,01-01-2016 00:00,14677.5185
84,North West,1,7,Delhi  & NCR,01-01-2016 00:00,14678.704
85,South,9,7,Delhi  & NCR,01-01-2016 00:00,14674.56776
86,South West,8,7,Delhi  & NCR,01-01-2016 00:00,14683.40912
87,West,7,7,Delhi  & NCR,01-01-2016 00:00,14700.09227
88,Sirohi,19,8,Rajasthan,01-01-2016 00:00,15042.74548
89,Tonk,22,8,Rajasthan,01-01-2016 00:00,14899.03879
90,Sikar,13,8,Rajasthan,01-01-2016 00:00,14926.26918
91,Alwar,6,8,Rajasthan,01-01-2016 00:00,14732.876
92,Udaipur,26,8,Rajasthan,01-01-2016 00:00,15054.27421
93,Ganganagar,1,8,Rajasthan,01-01-2016 00:00,14753.27454
94,Hanumangarh,2,8,Rajasthan,01-01-2016 00:00,14793.16156
95,Baran,31,8,Rajasthan,01-01-2016 00:00,14927.77321
96,Jaipur,12,8,Rajasthan,01-01-2016 00:00,14944.17787
97,Jaisalmer,16,8,Rajasthan,01-01-2016 00:00,15175.28445
98,Jalor,18,8,Rajasthan,01-01-2016 00:00,15101.4537
99,Jhalawar,32,8,Rajasthan,01-01-2016 00:00,15010.58848
100,Jhunjhunun,5,8,Rajasthan,01-01-2016 00:00,14899.33866
101,Jodhpur,15,8,Rajasthan,01-01-2016 00:00,15139.07843
102,Kota,30,8,Rajasthan,01-01-2016 00:00,14902.10221
103,Nagaur,14,8,Rajasthan,01-01-2016 00:00,15066.08771
104,Pali,20,8,Rajasthan,01-01-2016 00:00,15115.55946
105,Rajsamand,25,8,Rajasthan,01-01-2016 00:00,15023.70607
106,Sawai Madhopur,10,8,Rajasthan,01-01-2016 00:00,14863.26666
107,Ajmer,21,8,Rajasthan,01-01-2016 00:00,15064.30509
108,Banswara,28,8,Rajasthan,01-01-2016 00:00,15133.18133
109,Barmer,17,8,Rajasthan,01-01-2016 00:00,15190.66515
110,Bhilwara,24,8,Rajasthan,01-01-2016 00:00,15060.88571
111,Bikaner,3,8,Rajasthan,01-01-2016 00:00,15085.51822
112,Bharatpur,7,8,Rajasthan,01-01-2016 00:00,14709.31085
113,Bundi,23,8,Rajasthan,01-01-2016 00:00,14888.49452
114,Chittaurgarh,29,8,Rajasthan,01-01-2016 00:00,15031.3617
115,Churu,4,8,Rajasthan,01-01-2016 00:00,15025.96163
116,Dausa,11,8,Rajasthan,01-01-2016 00:00,14852.06053
117,Dhaulpur,8,8,Rajasthan,01-01-2016 00:00,14833.59329
118,Dungarpur,27,8,Rajasthan,01-01-2016 00:00,15120.30258
119,Karauli,9,8,Rajasthan,01-01-2016 00:00,14916.07544
120,Shrawasti,51,9,Uttar Pradesh,01-01-2016 00:00,14715.85284
121,Saharanpur,1,9,Uttar Pradesh,01-01-2016 00:00,14580.54351
122,Sitapur,24,9,Uttar Pradesh,01-01-2016 00:00,14725.02226
123,Sultanpur,49,9,Uttar Pradesh,01-01-2016 00:00,14781.47374
124,Sonbhadra,70,9,Uttar Pradesh,01-01-2016 00:00,14895.47228
125,Siddharthnagar,54,9,Uttar Pradesh,01-01-2016 00:00,14696.69735
126,Unnao,26,9,Uttar Pradesh,01-01-2016 00:00,14722.05686
127,Varanasi,67,9,Uttar Pradesh,01-01-2016 00:00,14746.4625
128,Bulandshahr,11,9,Uttar Pradesh,01-01-2016 00:00,14656.09572
129,Gautam Buddha Nagar,10,9,Uttar Pradesh,01-01-2016 00:00,14668.49689
130,Ghaziabad,9,9,Uttar Pradesh,01-01-2016 00:00,14695.07245
131,Hathras,13,9,Uttar Pradesh,01-01-2016 00:00,14689.82018
132,Jalaun,35,9,Uttar Pradesh,01-01-2016 00:00,14877.70389
133,Jaunpur,64,9,Uttar Pradesh,01-01-2016 00:00,14729.71079
134,Jhansi,36,9,Uttar Pradesh,01-01-2016 00:00,14965.77377
135,Jyotiba Phule Nagar,6,9,Uttar Pradesh,01-01-2016 00:00,14645.1765
136,Kannauj,30,9,Uttar Pradesh,01-01-2016 00:00,14739.49193
137,Kanpur Nagar,34,9,Uttar Pradesh,01-01-2016 00:00,14767.84555
138,Kaushambi,44,9,Uttar Pradesh,01-01-2016 00:00,14809.73809
139,Kheri,23,9,Uttar Pradesh,01-01-2016 00:00,14670.15164
140,Mirzapur,69,9,Uttar Pradesh,01-01-2016 00:00,14919.00326
141,Moradabad,4,9,Uttar Pradesh,01-01-2016 00:00,14643.50121
142,Muzaffarnagar,2,9,Uttar Pradesh,01-01-2016 00:00,14625.88161
143,Rae Bareli,28,9,Uttar Pradesh,01-01-2016 00:00,14768.57531
144,Kushinagar,59,9,Uttar Pradesh,01-01-2016 00:00,14688.39767
145,Lucknow,27,9,Uttar Pradesh,01-01-2016 00:00,14736.26151
146,Lalitpur,37,9,Uttar Pradesh,01-01-2016 00:00,14948.04581
147,Mahrajganj,57,9,Uttar Pradesh,01-01-2016 00:00,14681.38878
148,Mahoba,39,9,Uttar Pradesh,01-01-2016 00:00,15098.64118
149,Mainpuri,18,9,Uttar Pradesh,01-01-2016 00:00,14762.03746
150,Mathura,14,9,Uttar Pradesh,01-01-2016 00:00,14674.55991
151,Mau,62,9,Uttar Pradesh,01-01-2016 00:00,14687.0826
152,Meerut,7,9,Uttar Pradesh,01-01-2016 00:00,14668.1161
153,Pilibhit,21,9,Uttar Pradesh,01-01-2016 00:00,14627.21899
154,Pratapgarh,43,9,Uttar Pradesh,01-01-2016 00:00,14754.73727
155,Rampur,5,9,Uttar Pradesh,01-01-2016 00:00,14606.48974
156,Sant Ravidas Nagar Bhadohi,68,9,Uttar Pradesh,01-01-2016 00:00,14751.10207
157,Sant Kabir Nagar,56,9,Uttar Pradesh,01-01-2016 00:00,14691.83058
158,Shahjahanpur,22,9,Uttar Pradesh,01-01-2016 00:00,14678.1711
159,Auraiya,32,9,Uttar Pradesh,01-01-2016 00:00,14758.95653
160,Azamgarh,61,9,Uttar Pradesh,01-01-2016 00:00,14724.77173
161,Budaun,19,9,Uttar Pradesh,01-01-2016 00:00,14714.14892
162,Agra,15,9,Uttar Pradesh,01-01-2016 00:00,14719.29448
163,Aligarh,12,9,Uttar Pradesh,01-01-2016 00:00,14681.2404
164,Allahabad,45,9,Uttar Pradesh,01-01-2016 00:00,14850.46383
165,Ambedkar Nagar,48,9,Uttar Pradesh,01-01-2016 00:00,14726.07303
166,Bareilly,20,9,Uttar Pradesh,01-01-2016 00:00,14669.79578
167,Bijnor,3,9,Uttar Pradesh,01-01-2016 00:00,14631.99003
168,Basti,55,9,Uttar Pradesh,01-01-2016 00:00,14734.82861
169,Baghpat,8,9,Uttar Pradesh,01-01-2016 00:00,14692.94434
170,Bahraich,50,9,Uttar Pradesh,01-01-2016 00:00,14678.69441
171,Ballia,63,9,Uttar Pradesh,01-01-2016 00:00,14700.73723
172,Balrampur,52,9,Uttar Pradesh,01-01-2016 00:00,14762.56692
173,Banda,40,9,Uttar Pradesh,01-01-2016 00:00,15001.39923
174,Barabanki,46,9,Uttar Pradesh,01-01-2016 00:00,14696.6158
175,Chitrakoot,41,9,Uttar Pradesh,01-01-2016 00:00,15010.57052
176,Chandauli,66,9,Uttar Pradesh,01-01-2016 00:00,14848.13186
177,Deoria,60,9,Uttar Pradesh,01-01-2016 00:00,14656.25528
178,Etah,17,9,Uttar Pradesh,01-01-2016 00:00,14710.79625
179,Kanpur Dehat,33,9,Uttar Pradesh,01-01-2016 00:00,14766.92057
180,Etawah,31,9,Uttar Pradesh,01-01-2016 00:00,14765.48906
181,Faizabad,47,9,Uttar Pradesh,01-01-2016 00:00,14767.88753
182,Ghazipur,65,9,Uttar Pradesh,01-01-2016 00:00,14729.53857
183,Gonda,53,9,Uttar Pradesh,01-01-2016 00:00,14694.18053
184,Gorakhpur,58,9,Uttar Pradesh,01-01-2016 00:00,14666.63237
185,Farrukhabad,29,9,Uttar Pradesh,01-01-2016 00:00,14754.10004
186,Fatehpur,42,9,Uttar Pradesh,01-01-2016 00:00,14816.32583
187,Firozabad,16,9,Uttar Pradesh,01-01-2016 00:00,14721.30512
188,Hamirpur,38,9,Uttar Pradesh,01-01-2016 00:00,14982.47613
189,Hardoi,25,9,Uttar Pradesh,01-01-2016 00:00,14709.42477
190,Sheikhpura,26,10,Bihar,01-01-2016 00:00,14819.79897
191,Sheohar,3,10,Bihar,01-01-2016 00:00,14682.95702
192,Saharsa,12,10,Bihar,01-01-2016 00:00,14705.09052
193,Sitamarhi,4,10,Bihar,01-01-2016 00:00,14722.44262
194,Siwan,16,10,Bihar,01-01-2016 00:00,14690.46064
195,Supaul,6,10,Bihar,01-01-2016 00:00,14707.6755
196,Vaishali,18,10,Bihar,01-01-2016 00:00,14719.04356
197,Kaimur (Bhabua),31,10,Bihar,01-01-2016 00:00,14850.54163
198,Gaya,35,10,Bihar,01-01-2016 00:00,14881.69367
199,Bhojpur,29,10,Bihar,01-01-2016 00:00,14792.28908
200,Buxar,30,10,Bihar,01-01-2016 00:00,14761.91039
201,Jehanabad,33,10,Bihar,01-01-2016 00:00,14824.77826
202,Rohtas,32,10,Bihar,01-01-2016 00:00,14828.1802
203,Jamui,37,10,Bihar,01-01-2016 00:00,14881.36432
204,Kishanganj,8,10,Bihar,01-01-2016 00:00,14844.14037
205,Muzaffarpur,14,10,Bihar,01-01-2016 00:00,14711.92568
206,Purnia,9,10,Bihar,01-01-2016 00:00,14729.87395
207,Khagaria,21,10,Bihar,01-01-2016 00:00,14721.60612
208,Madhubani,5,10,Bihar,01-01-2016 00:00,14714.59475
209,Lakhisarai,25,10,Bihar,01-01-2016 00:00,14790.60964
210,Madhepura,11,10,Bihar,01-01-2016 00:00,14710.26877
211,Purba Champaran,2,10,Bihar,01-01-2016 00:00,14686.8299
212,Munger,24,10,Bihar,01-01-2016 00:00,14783.43475
213,Nalanda,27,10,Bihar,01-01-2016 00:00,14815.7168
214,Nawada,36,10,Bihar,01-01-2016 00:00,14817.47702
215,Pashchim Champaran,1,10,Bihar,01-01-2016 00:00,14734.7889
216,Patna,28,10,Bihar,01-01-2016 00:00,14773.46575
217,Samastipur,19,10,Bihar,01-01-2016 00:00,14697.31431
218,Araria,7,10,Bihar,01-01-2016 00:00,14717.9294
219,Aurangabad,34,10,Bihar,01-01-2016 00:00,14897.88331
220,Banka,23,10,Bihar,01-01-2016 00:00,14865.1533
221,Bhagalpur,22,10,Bihar,01-01-2016 00:00,14736.302
222,Begusarai,20,10,Bihar,01-01-2016 00:00,14702.29909
223,Saran,17,10,Bihar,01-01-2016 00:00,14691.6358
224,Katihar,10,10,Bihar,01-01-2016 00:00,14725.98312
225,Darbhanga,13,10,Bihar,01-01-2016 00:00,14719.85964
226,Gopalganj,15,10,Bihar,01-01-2016 00:00,14691.27972
227,South,3,11,Sikkim,01-01-2016 00:00,14290.75019
228,West,2,11,Sikkim,01-01-2016 00:00,14115.80862
229,North,1,11,Sikkim,01-01-2016 00:00,13690.66132
230,East,4,11,Sikkim,01-01-2016 00:00,14196.74122
231,Tawang,1,12,Arunanchal Pradesh,01-01-2016 00:00,13862.28819
232,Tirap,13,12,Arunanchal Pradesh,01-01-2016 00:00,14486.10175
233,West Kameng,2,12,Arunanchal Pradesh,01-01-2016 00:00,14153.85566
234,West Siang,7,12,Arunanchal Pradesh,01-01-2016 00:00,14127.08295
235,Upper Siang,9,12,Arunanchal Pradesh,01-01-2016 00:00,13952.79181
236,Upper Subansiri,6,12,Arunanchal Pradesh,01-01-2016 00:00,13962.85587
237,Lohit,11,12,Arunanchal Pradesh,01-01-2016 00:00,14084.70997
238,Lower Subansiri,5,12,Arunanchal Pradesh,01-01-2016 00:00,14066.60723
239,Papum Pare,4,12,Arunanchal Pradesh,01-01-2016 00:00,14344.82167
240,Changlang,12,12,Arunanchal Pradesh,01-01-2016 00:00,14399.04139
241,Dibang Valley,10,12,Arunanchal Pradesh,01-01-2016 00:00,13885.2045
242,East Kameng,3,12,Arunanchal Pradesh,01-01-2016 00:00,14184.13534
243,East Siang,8,12,Arunanchal Pradesh,01-01-2016 00:00,14457.33413
244,Tuensang,2,13,Nagaland,01-01-2016 00:00,14382.12282
245,Wokha,5,13,Nagaland,01-01-2016 00:00,14548.66081
246,Zunheboto,4,13,Nagaland,01-01-2016 00:00,14411.36035
247,Dimapur,6,13,Nagaland,01-01-2016 00:00,14649.38204
248,Kohima,7,13,Nagaland,01-01-2016 00:00,14486.66054
249,Mokokchung,3,13,Nagaland,01-01-2016 00:00,14537.43423
250,Mon,1,13,Nagaland,01-01-2016 00:00,14546.48455
251,Phek,8,13,Nagaland,01-01-2016 00:00,14357.5466
252,Tamenglong,2,14,Manipur,01-01-2016 00:00,14500.37643
253,Thoubal,5,14,Manipur,01-01-2016 00:00,14651.01986
254,Ukhrul,8,14,Manipur,01-01-2016 00:00,14453.34464
255,Imphal East,7,14,Manipur,01-01-2016 00:00,14673.13181
256,Imphal West,6,14,Manipur,01-01-2016 00:00,14664.97889
257,Senapati (Excl. 3 sub-divisions),1,14,Manipur,01-01-2016 00:00,14452.00994
258,Bishnupur,4,14,Manipur,01-01-2016 00:00,14607.7665
259,Chandel,9,14,Manipur,01-01-2016 00:00,14532.77779
260,Churachandpur,3,14,Manipur,01-01-2016 00:00,14517.29099
261,Kolasib,2,15,Mizoram,01-01-2016 00:00,14627.29811
262,Mamit,1,15,Mizoram,01-01-2016 00:00,14627.3954
263,Lunglei,6,15,Mizoram,01-01-2016 00:00,14575.35605
264,Lawngtlai,7,15,Mizoram,01-01-2016 00:00,14639.93395
265,Saiha,8,15,Mizoram,01-01-2016 00:00,14544.35586
266,Serchhip,5,15,Mizoram,01-01-2016 00:00,14512.15552
267,Aizawl,3,15,Mizoram,01-01-2016 00:00,14559.89039
268,Champhai,4,15,Mizoram,01-01-2016 00:00,14493.16655
269,South Tripura,2,16,Tripura,01-01-2016 00:00,14787.37336
270,West Tripura,1,16,Tripura,01-01-2016 00:00,14801.29801
271,North Tripura,4,16,Tripura,01-01-2016 00:00,14742.73523
272,Dhalai,3,16,Tripura,01-01-2016 00:00,14741.74837
273,Ri Bhoi,5,17,Meghalaya,01-01-2016 00:00,14603.50212
274,South Garo Hills,3,17,Meghalaya,01-01-2016 00:00,14667.88765
275,West Garo Hills,1,17,Meghalaya,01-01-2016 00:00,14723.3841
276,West Khasi Hills,4,17,Meghalaya,01-01-2016 00:00,14550.68094
277,Jaintia Hills,7,17,Meghalaya,01-01-2016 00:00,14584.26542
278,East Garo Hills,2,17,Meghalaya,01-01-2016 00:00,14661.96774
279,East Khasi Hills,6,17,Meghalaya,01-01-2016 00:00,14536.9832
280,Sonitpur,11,18,Assam,01-01-2016 00:00,14718.82898
281,Sibsagar,16,18,Assam,01-01-2016 00:00,14683.79305
282,Tinsukia,14,18,Assam,01-01-2016 00:00,14680.19258
283,Jorhat,17,18,Assam,01-01-2016 00:00,14705.32002
284,Karimganj,22,18,Assam,01-01-2016 00:00,14764.28791
285,Kokrajhar,1,18,Assam,01-01-2016 00:00,14767.98159
286,Lakhimpur,12,18,Assam,01-01-2016 00:00,14737.15006
287,Nagaon,10,18,Assam,01-01-2016 00:00,14750.08517
288,Marigaon,9,18,Assam,01-01-2016 00:00,14757.80497
289,Nalbari,7,18,Assam,01-01-2016 00:00,14761.25891
290,North Cachar Hills,20,18,Assam,01-01-2016 00:00,14598.36378
291,Barpeta,5,18,Assam,01-01-2016 00:00,14751.91543
292,Bongaigaon,4,18,Assam,01-01-2016 00:00,14741.64771
293,Cachar,21,18,Assam,01-01-2016 00:00,14728.74903
294,Darrang,8,18,Assam,01-01-2016 00:00,14752.26492
295,Dhemaji,13,18,Assam,01-01-2016 00:00,14743.81498
296,Dhubri,2,18,Assam,01-01-2016 00:00,14764.60997
297,Dibrugarh,15,18,Assam,01-01-2016 00:00,14687.50769
298,Kamrup,6,18,Assam,01-01-2016 00:00,14719.14613
299,Karbi Anglong,19,18,Assam,01-01-2016 00:00,14629.13939
300,Goalpara,3,18,Assam,01-01-2016 00:00,14752.22296
301,Golaghat,18,18,Assam,01-01-2016 00:00,14712.08754
302,Hailakandi,23,18,Assam,01-01-2016 00:00,14742.23029
303,South  Twenty Four Parganas,18,19,West Bengal,01-01-2016 00:00,14803.5188
304,Uttar Dinajpur,4,19,West Bengal,01-01-2016 00:00,14809.17895
305,Hugli,12,19,West Bengal,01-01-2016 00:00,14804.19295
306,Jalpaiguri,2,19,West Bengal,01-01-2016 00:00,14774.2285
307,Koch Bihar,3,19,West Bengal,01-01-2016 00:00,14774.56807
308,Murshidabad,7,19,West Bengal,01-01-2016 00:00,14741.95019
309,Puruliya,14,19,West Bengal,01-01-2016 00:00,14971.52668
310,Kolkata,17,19,West Bengal,01-01-2016 00:00,14890.20827
311,Maldah,6,19,West Bengal,01-01-2016 00:00,14724.83579
312,Nadia,10,19,West Bengal,01-01-2016 00:00,14762.59076
313,North Twenty Four Parganas,11,19,West Bengal,01-01-2016 00:00,14762.61987
314,Medinipur,15,19,West Bengal,01-01-2016 00:00,14856.16956
315,Barddhaman,9,19,West Bengal,01-01-2016 00:00,14849.26005
316,Birbhum,8,19,West Bengal,01-01-2016 00:00,14809.05676
317,Bankura,13,19,West Bengal,01-01-2016 00:00,14894.43339
318,Dakshin Dinajpur,5,19,West Bengal,01-01-2016 00:00,14792.69052
319,Darjiling,1,19,West Bengal,01-01-2016 00:00,14556.60468
320,Haora,16,19,West Bengal,01-01-2016 00:00,14803.58193
321,Ranchi,14,20,Jharkhand,01-01-2016 00:00,14904.23752
322,Sahibganj,9,20,Jharkhand,01-01-2016 00:00,14757.88458
323,Garhwa,1,20,Jharkhand,01-01-2016 00:00,14887.1183
324,Palamu,2,20,Jharkhand,01-01-2016 00:00,14861.06607
325,Chatra,3,20,Jharkhand,01-01-2016 00:00,14883.54428
326,Hazaribagh,4,20,Jharkhand,01-01-2016 00:00,14870.56622
327,Kodarma,5,20,Jharkhand,01-01-2016 00:00,14866.6381
328,Purbi Singhbhum,18,20,Jharkhand,01-01-2016 00:00,14931.83031
329,Lohardaga,15,20,Jharkhand,01-01-2016 00:00,14859.72377
330,Pakaur,10,20,Jharkhand,01-01-2016 00:00,14845.04049
331,Pashchimi Singhbhum,17,20,Jharkhand,01-01-2016 00:00,14906.10575
332,Bokaro,13,20,Jharkhand,01-01-2016 00:00,14931.8155
333,Deoghar,7,20,Jharkhand,01-01-2016 00:00,14949.06773
334,Dhanbad,12,20,Jharkhand,01-01-2016 00:00,14943.23039
335,Dumka,11,20,Jharkhand,01-01-2016 00:00,14895.98837
336,Giridih,6,20,Jharkhand,01-01-2016 00:00,14933.368
337,Godda,8,20,Jharkhand,01-01-2016 00:00,14846.89014
338,Gumla,16,20,Jharkhand,01-01-2016 00:00,14921.64446
339,Rayagada,27,21,Orissa,01-01-2016 00:00,15024.98106
340,Sundargarh,5,21,Orissa,01-01-2016 00:00,14926.03082
341,Sonapur,23,21,Orissa,01-01-2016 00:00,15026.23643
342,Jajapur,13,21,Orissa,01-01-2016 00:00,15062.68518
343,Jagatsinghapur,11,21,Orissa,01-01-2016 00:00,15024.87779
344,Jharsuguda,2,21,Orissa,01-01-2016 00:00,14965.19027
345,Khordha,17,21,Orissa,01-01-2016 00:00,15075.50559
346,Mayurbhanj,7,21,Orissa,01-01-2016 00:00,14906.64673
347,Puri,18,21,Orissa,01-01-2016 00:00,15006.57457
348,Koraput,29,21,Orissa,01-01-2016 00:00,15090.25545
349,Malkangiri,30,21,Orissa,01-01-2016 00:00,15084.10128
350,Nabarangapur,28,21,Orissa,01-01-2016 00:00,15162.12585
351,Nayagarh,16,21,Orissa,01-01-2016 00:00,14990.57587
352,Nuapada,25,21,Orissa,01-01-2016 00:00,15099.51998
353,Kandhamal,21,21,Orissa,01-01-2016 00:00,14898.80202
354,Sambalpur,3,21,Orissa,01-01-2016 00:00,14912.10428
355,Anugul,15,21,Orissa,01-01-2016 00:00,14945.18662
356,Bhadrak,9,21,Orissa,01-01-2016 00:00,15055.14781
357,Baudh,22,21,Orissa,01-01-2016 00:00,14995.41023
358,Balangir,24,21,Orissa,01-01-2016 00:00,15089.11026
359,Baleshwar,8,21,Orissa,01-01-2016 00:00,14981.47922
360,Bargarh,1,21,Orissa,01-01-2016 00:00,15031.8037
361,Kendrapara,10,21,Orissa,01-01-2016 00:00,15007.38914
362,Kendujhar,6,21,Orissa,01-01-2016 00:00,14949.46032
363,Debagarh,4,21,Orissa,01-01-2016 00:00,14903.64192
364,Cuttack,12,21,Orissa,01-01-2016 00:00,15043.78526
365,Dhenkanal,14,21,Orissa,01-01-2016 00:00,14999.66403
366,Kalahandi,26,21,Orissa,01-01-2016 00:00,15054.47327
367,Ganjam,19,21,Orissa,01-01-2016 00:00,15043.53869
368,Gajapati,20,21,Orissa,01-01-2016 00:00,14982.77878
369,Surguja,2,22,Chhattisgarh,01-01-2016 00:00,14864.16328
370,Bilaspur,7,22,Chhattisgarh,01-01-2016 00:00,15013.52855
371,Janjgir - Champa,6,22,Chhattisgarh,01-01-2016 00:00,15097.5585
372,Korba,5,22,Chhattisgarh,01-01-2016 00:00,14939.30384
373,Kawardha,8,22,Chhattisgarh,01-01-2016 00:00,15044.84595
374,Jashpur,3,22,Chhattisgarh,01-01-2016 00:00,14928.58918
375,Koriya,1,22,Chhattisgarh,01-01-2016 00:00,14882.26374
376,Mahasamund,12,22,Chhattisgarh,01-01-2016 00:00,15096.07814
377,Raigarh,4,22,Chhattisgarh,01-01-2016 00:00,14996.36926
378,Raipur,11,22,Chhattisgarh,01-01-2016 00:00,15086.66267
379,Rajnandgaon,9,22,Chhattisgarh,01-01-2016 00:00,15057.69929
380,Bastar,15,22,Chhattisgarh,01-01-2016 00:00,15045.05898
381,Dantewada,16,22,Chhattisgarh,01-01-2016 00:00,15033.83719
382,Dhamtari,13,22,Chhattisgarh,01-01-2016 00:00,15023.12186
383,Durg,10,22,Chhattisgarh,01-01-2016 00:00,15079.62402
384,Kanker,14,22,Chhattisgarh,01-01-2016 00:00,15022.99048
385,Shajapur,22,23,Madhya Pradesh,01-01-2016 00:00,15029.42649
386,Shivpuri,6,23,Madhya Pradesh,01-01-2016 00:00,15009.81669
387,Ratlam,20,23,Madhya Pradesh,01-01-2016 00:00,15112.8648
388,Rewa,14,23,Madhya Pradesh,01-01-2016 00:00,14936.76085
389,Sagar,11,23,Madhya Pradesh,01-01-2016 00:00,15023.80011
390,Sidhi,17,23,Madhya Pradesh,01-01-2016 00:00,14886.13746
391,Ujjain,21,23,Madhya Pradesh,01-01-2016 00:00,14989.15186
392,Vidisha,31,23,Madhya Pradesh,01-01-2016 00:00,14951.039
393,West Nimar,27,23,Madhya Pradesh,01-01-2016 00:00,15187.22826
394,Morena,2,23,Madhya Pradesh,01-01-2016 00:00,14841.60726
395,Sheopur,1,23,Madhya Pradesh,01-01-2016 00:00,14984.8289
396,Dindori,41,23,Madhya Pradesh,01-01-2016 00:00,15023.09155
397,Mandla,42,23,Madhya Pradesh,01-01-2016 00:00,14983.71457
398,Shahdol,16,23,Madhya Pradesh,01-01-2016 00:00,14993.22775
399,Umaria,15,23,Madhya Pradesh,01-01-2016 00:00,14938.68574
400,Hoshangabad,37,23,Madhya Pradesh,01-01-2016 00:00,14884.71646
401,Indore,26,23,Madhya Pradesh,01-01-2016 00:00,15034.89232
402,Jabalpur,39,23,Madhya Pradesh,01-01-2016 00:00,14950.91091
403,Jhabua,24,23,Madhya Pradesh,01-01-2016 00:00,15241.99376
404,Mandsaur,19,23,Madhya Pradesh,01-01-2016 00:00,15051.72194
405,Tikamgarh,8,23,Madhya Pradesh,01-01-2016 00:00,15016.11584
406,Narsimhapur,40,23,Madhya Pradesh,01-01-2016 00:00,14999.03224
407,Neemuch,18,23,Madhya Pradesh,01-01-2016 00:00,15044.08366
408,Panna,10,23,Madhya Pradesh,01-01-2016 00:00,14995.40947
409,Raisen,34,23,Madhya Pradesh,01-01-2016 00:00,15008.48202
410,Rajgarh,30,23,Madhya Pradesh,01-01-2016 00:00,15026.97321
411,Satna,13,23,Madhya Pradesh,01-01-2016 00:00,14945.45804
412,Sehore,33,23,Madhya Pradesh,01-01-2016 00:00,15016.51498
413,Seoni,44,23,Madhya Pradesh,01-01-2016 00:00,15062.50488
414,Bhind,3,23,Madhya Pradesh,01-01-2016 00:00,14825.06171
415,Bhopal,32,23,Madhya Pradesh,01-01-2016 00:00,14980.53846
416,Barwani,28,23,Madhya Pradesh,01-01-2016 00:00,15290.10858
417,Betul,35,23,Madhya Pradesh,01-01-2016 00:00,15127.93879
418,Balaghat,45,23,Madhya Pradesh,01-01-2016 00:00,14963.2334
419,Chhatarpur,9,23,Madhya Pradesh,01-01-2016 00:00,15035.31937
420,Chhindwara,43,23,Madhya Pradesh,01-01-2016 00:00,15091.76919
421,Dewas,23,23,Madhya Pradesh,01-01-2016 00:00,15031.10059
422,Katni,38,23,Madhya Pradesh,01-01-2016 00:00,14946.84869
423,Datia,5,23,Madhya Pradesh,01-01-2016 00:00,14844.90324
424,Damoh,12,23,Madhya Pradesh,01-01-2016 00:00,14986.16693
425,Dhar,25,23,Madhya Pradesh,01-01-2016 00:00,15149.39249
426,East Nimar,29,23,Madhya Pradesh,01-01-2016 00:00,15169.43821
427,Guna,7,23,Madhya Pradesh,01-01-2016 00:00,14998.94338
428,Gwalior,4,23,Madhya Pradesh,01-01-2016 00:00,14912.07403
429,Harda,36,23,Madhya Pradesh,01-01-2016 00:00,14937.95155
430,Sabar Kantha,5,24,Gujarat,01-01-2016 00:00,15062.56935
431,Surendranagar,8,24,Gujarat,01-01-2016 00:00,15245.50643
432,The Dangs,23,24,Gujarat,01-01-2016 00:00,15211.41396
433,Vadodara,19,24,Gujarat,01-01-2016 00:00,15177.71693
434,Valsad,25,24,Gujarat,01-01-2016 00:00,15192.54921
435,Bharuch,21,24,Gujarat,01-01-2016 00:00,15227.35394
436,Surat,22,24,Gujarat,01-01-2016 00:00,15209.87972
437,Jamnagar,10,24,Gujarat,01-01-2016 00:00,15359.88761
438,Kheda,16,24,Gujarat,01-01-2016 00:00,15119.13555
439,Mahesana,4,24,Gujarat,01-01-2016 00:00,15058.63234
440,Narmada,20,24,Gujarat,01-01-2016 00:00,15245.35846
441,Navsari,24,24,Gujarat,01-01-2016 00:00,15169.90649
442,Panch Mahals,17,24,Gujarat,01-01-2016 00:00,15185.83715
443,Patan,3,24,Gujarat,01-01-2016 00:00,15135.33203
444,Porbandar,11,24,Gujarat,01-01-2016 00:00,15355.11959
445,Rajkot,9,24,Gujarat,01-01-2016 00:00,15331.45821
446,Anand,15,24,Gujarat,01-01-2016 00:00,15058.0792
447,Ahmadabad,7,24,Gujarat,01-01-2016 00:00,15196.27844
448,Amreli,13,24,Gujarat,01-01-2016 00:00,15350.4066
449,Bhavnagar,14,24,Gujarat,01-01-2016 00:00,15331.45566
450,Banas Kantha,2,24,Gujarat,01-01-2016 00:00,15010.44755
451,Dohad,18,24,Gujarat,01-01-2016 00:00,15210.1544
452,Junagadh,12,24,Gujarat,01-01-2016 00:00,15273.57827
453,Kachchh,1,24,Gujarat,01-01-2016 00:00,15191.80814
454,Gandhinagar,6,24,Gujarat,01-01-2016 00:00,15085.3621
455,Daman,2,25,Daman & Diu,01-01-2016 00:00,15087.46366
456,Diu,1,25,Daman & Diu,01-01-2016 00:00,15086.4337
457,Ratnagiri,32,27,Maharashtra,01-01-2016 00:00,15209.91183
458,Raigarh,24,27,Maharashtra,01-01-2016 00:00,15220.78426
459,Thane,21,27,Maharashtra,01-01-2016 00:00,15246.81391
460,Solapur,30,27,Maharashtra,01-01-2016 00:00,15459.22775
461,Sindhudurg,33,27,Maharashtra,01-01-2016 00:00,15220.80802
462,Wardha,8,27,Maharashtra,01-01-2016 00:00,15241.94568
463,Washim,6,27,Maharashtra,01-01-2016 00:00,15386.10582
464,Yavatmal,14,27,Maharashtra,01-01-2016 00:00,15302.09267
465,Hingoli,16,27,Maharashtra,01-01-2016 00:00,15377.39626
466,Jalgaon,3,27,Maharashtra,01-01-2016 00:00,15326.10575
467,Jalna,18,27,Maharashtra,01-01-2016 00:00,15375.86673
468,Kolhapur,34,27,Maharashtra,01-01-2016 00:00,15196.8114
469,Latur,28,27,Maharashtra,01-01-2016 00:00,15488.49651
470,Pune,25,27,Maharashtra,01-01-2016 00:00,15235.19812
471,Nagpur,9,27,Maharashtra,01-01-2016 00:00,15133.80292
472,Mumbai,23,27,Maharashtra,01-01-2016 00:00,15142.57055
473,Mumbai (Suburban),22,27,Maharashtra,01-01-2016 00:00,15165.21387
474,Nanded,15,27,Maharashtra,01-01-2016 00:00,15422.19326
475,Nandurbar,1,27,Maharashtra,01-01-2016 00:00,15281.30162
476,Nashik,20,27,Maharashtra,01-01-2016 00:00,15313.52193
477,Osmanabad,29,27,Maharashtra,01-01-2016 00:00,15473.09031
478,Parbhani,17,27,Maharashtra,01-01-2016 00:00,15454.22423
479,Sangli,35,27,Maharashtra,01-01-2016 00:00,15395.61996
480,Satara,31,27,Maharashtra,01-01-2016 00:00,15273.16732
481,Aurangabad,19,27,Maharashtra,01-01-2016 00:00,15336.9901
482,Ahmadnagar,26,27,Maharashtra,01-01-2016 00:00,15363.53725
483,Akola,5,27,Maharashtra,01-01-2016 00:00,15350.06963
484,Amravati,7,27,Maharashtra,01-01-2016 00:00,15246.69487
485,Bid,27,27,Maharashtra,01-01-2016 00:00,15431.84007
486,Bhandara,10,27,Maharashtra,01-01-2016 00:00,15058.35621
487,Buldana,4,27,Maharashtra,01-01-2016 00:00,15338.17624
488,Chandrapur,13,27,Maharashtra,01-01-2016 00:00,15166.43985
489,Dhule,2,27,Maharashtra,01-01-2016 00:00,15373.28747
490,Gadchiroli,12,27,Maharashtra,01-01-2016 00:00,15042.16832
491,Gondiya,11,27,Maharashtra,01-01-2016 00:00,15035.42903
492,Rangareddi,6,28,Andhra Pradesh,01-01-2016 00:00,15365.29499
493,Srikakulam,11,28,Andhra Pradesh,01-01-2016 00:00,15142.61628
494,West Godavari,15,28,Andhra Pradesh,01-01-2016 00:00,15093.87463
495,Visakhapatnam,13,28,Andhra Pradesh,01-01-2016 00:00,15052.22906
496,Vizianagaram,12,28,Andhra Pradesh,01-01-2016 00:00,15145.78756
497,Warangal,9,28,Andhra Pradesh,01-01-2016 00:00,15214.53826
498,Hyderabad,5,28,Andhra Pradesh,01-01-2016 00:00,15195.09542
499,Khammam,10,28,Andhra Pradesh,01-01-2016 00:00,15179.91147
500,Medak,4,28,Andhra Pradesh,01-01-2016 00:00,15360.02938
501,Krishna,16,28,Andhra Pradesh,01-01-2016 00:00,15176.18546
502,Kurnool,21,28,Andhra Pradesh,01-01-2016 00:00,15354.13472
503,Mahbubnagar,7,28,Andhra Pradesh,01-01-2016 00:00,15382.41188
504,Nalgonda,8,28,Andhra Pradesh,01-01-2016 00:00,15341.75865
505,Nellore,19,28,Andhra Pradesh,01-01-2016 00:00,15133.83729
506,Nizamabad,2,28,Andhra Pradesh,01-01-2016 00:00,15351.41046
507,Prakasam,18,28,Andhra Pradesh,01-01-2016 00:00,15233.13592
508,Anantapur,22,28,Andhra Pradesh,01-01-2016 00:00,15325.54474
509,Adilabad,1,28,Andhra Pradesh,01-01-2016 00:00,15263.85556
510,Chittoor,23,28,Andhra Pradesh,01-01-2016 00:00,15134.01768
511,Cuddapah,20,28,Andhra Pradesh,01-01-2016 00:00,15188.26976
512,East Godavari,14,28,Andhra Pradesh,01-01-2016 00:00,15065.96561
513,Karimnagar,3,28,Andhra Pradesh,01-01-2016 00:00,15274.89404
514,Guntur,17,28,Andhra Pradesh,01-01-2016 00:00,15296.38744
515,Shimoga,15,29,Karnataka,01-01-2016 00:00,15136.31651
516,Tumkur,18,29,Karnataka,01-01-2016 00:00,15210.16958
517,Udupi,16,29,Karnataka,01-01-2016 00:00,15165.53258
518,Uttara Kannada,10,29,Karnataka,01-01-2016 00:00,15066.94434
519,Hassan,23,29,Karnataka,01-01-2016 00:00,15156.26169
520,Haveri,11,29,Karnataka,01-01-2016 00:00,15380.22371
521,Kodagu,25,29,Karnataka,01-01-2016 00:00,14936.3629
522,Kolar,19,29,Karnataka,01-01-2016 00:00,15165.35438
523,Mandya,22,29,Karnataka,01-01-2016 00:00,15164.5402
524,Koppal,7,29,Karnataka,01-01-2016 00:00,15423.21347
525,Mysore,26,29,Karnataka,01-01-2016 00:00,15208.88614
526,Raichur,6,29,Karnataka,01-01-2016 00:00,15369.88001
527,Bagalkot,2,29,Karnataka,01-01-2016 00:00,15374.50535
528,Bangalore,20,29,Karnataka,01-01-2016 00:00,15114.12787
529,Bidar,5,29,Karnataka,01-01-2016 00:00,15441.82888
530,Bijapur,3,29,Karnataka,01-01-2016 00:00,15505.10801
531,Belgaum,1,29,Karnataka,01-01-2016 00:00,15334.99797
532,Bellary,12,29,Karnataka,01-01-2016 00:00,15345.59536
533,Bangalore Rural,21,29,Karnataka,01-01-2016 00:00,15157.51106
534,Chamarajanagar,27,29,Karnataka,01-01-2016 00:00,15126.57655
535,Chikmagalur,17,29,Karnataka,01-01-2016 00:00,15060.65245
536,Chitradurga,13,29,Karnataka,01-01-2016 00:00,15344.16739
537,Dakshina Kannada,24,29,Karnataka,01-01-2016 00:00,15101.7728
538,Davanagere,14,29,Karnataka,01-01-2016 00:00,15343.66598
539,Dharwad,9,29,Karnataka,01-01-2016 00:00,15463.89905
540,Gulbarga,4,29,Karnataka,01-01-2016 00:00,15459.28281
541,Gadag,8,29,Karnataka,01-01-2016 00:00,15525.08871
542,South Goa,2,30,Goa,01-01-2016 00:00,15138.59686
543,North Goa,1,30,Goa,01-01-2016 00:00,15171.98664
544,Thrissur,7,32,Kerala,01-01-2016 00:00,15111.79621
545,Thiruvananthapuram,14,32,Kerala,01-01-2016 00:00,15155.74909
546,Wayanad,3,32,Kerala,01-01-2016 00:00,14933.67098
547,Idukki,9,32,Kerala,01-01-2016 00:00,14940.8722
548,Kollam,13,32,Kerala,01-01-2016 00:00,15119.70972
549,Kottayam,10,32,Kerala,01-01-2016 00:00,15152.11468
550,Kozhikode,4,32,Kerala,01-01-2016 00:00,15102.4761
551,Malappuram,5,32,Kerala,01-01-2016 00:00,15107.75636
552,Palakkad,6,32,Kerala,01-01-2016 00:00,15055.9724
553,Pathanamthitta,12,32,Kerala,01-01-2016 00:00,15069.42949
554,Alappuzha,11,32,Kerala,01-01-2016 00:00,15121.16357
555,Kasaragod,1,32,Kerala,01-01-2016 00:00,15168.15447
556,Kannur,2,32,Kerala,01-01-2016 00:00,15146.30819
557,Ernakulam,8,32,Kerala,01-01-2016 00:00,15184.22279
558,Sivaganga,23,33,Tamil Nadu,01-01-2016 00:00,15199.46341
559,Tiruchirappalli,15,33,Tamil Nadu,01-01-2016 00:00,15229.89242
560,Tirunelveli,29,33,Tamil Nadu,01-01-2016 00:00,15079.41729
561,Tiruvannamalai,6,33,Tamil Nadu,01-01-2016 00:00,15104.29705
562,Thoothukkudi,28,33,Tamil Nadu,01-01-2016 00:00,15186.88556
563,Theni,25,33,Tamil Nadu,01-01-2016 00:00,15095.84505
564,Vellore,4,33,Tamil Nadu,01-01-2016 00:00,15106.49652
565,Viluppuram,7,33,Tamil Nadu,01-01-2016 00:00,15153.37909
566,Virudhunagar,26,33,Tamil Nadu,01-01-2016 00:00,15223.44019
567,Chennai,2,33,Tamil Nadu,01-01-2016 00:00,15232.24741
568,Kancheepuram,3,33,Tamil Nadu,01-01-2016 00:00,15148.7629
569,Thiruvallur,1,33,Tamil Nadu,01-01-2016 00:00,15181.71323
570,Thanjavur,21,33,Tamil Nadu,01-01-2016 00:00,15124.9249
571,Thiruvarur,20,33,Tamil Nadu,01-01-2016 00:00,15113.34103
572,Nagapattinam,19,33,Tamil Nadu,01-01-2016 00:00,15119.05501
573,Kanniyakumari,30,33,Tamil Nadu,01-01-2016 00:00,15125.99371
574,Karur,14,33,Tamil Nadu,01-01-2016 00:00,15292.87076
575,Madurai,24,33,Tamil Nadu,01-01-2016 00:00,15196.99513
576,Namakkal,9,33,Tamil Nadu,01-01-2016 00:00,15273.85337
577,The Nilgiris,11,33,Tamil Nadu,01-01-2016 00:00,14874.11555
578,Perambalur,16,33,Tamil Nadu,01-01-2016 00:00,15187.83257
579,Pudukkottai,22,33,Tamil Nadu,01-01-2016 00:00,15193.67808
580,Ramanathapuram,27,33,Tamil Nadu,01-01-2016 00:00,15156.38573
581,Salem,8,33,Tamil Nadu,01-01-2016 00:00,15172.37485
582,Ariyalur,17,33,Tamil Nadu,01-01-2016 00:00,15190.62671
583,Coimbatore,12,33,Tamil Nadu,01-01-2016 00:00,15151.8641
584,Cuddalore,18,33,Tamil Nadu,01-01-2016 00:00,15182.54084
585,Dharmapuri,5,33,Tamil Nadu,01-01-2016 00:00,15122.20916
586,Dindigul,13,33,Tamil Nadu,01-01-2016 00:00,15128.42663
587,Erode,10,33,Tamil Nadu,01-01-2016 00:00,15170.81104
588,Yanam,1,34,Puducherry,01-01-2016 00:00,15085.79415
589,Karaikal,4,34,Puducherry,01-01-2016 00:00,15136.92923
590,Mahe,3,34,Puducherry,01-01-2016 00:00,15147.34884
591,Pondicherry,2,34,Puducherry,01-01-2016 00:00,15174.80268
592,Nicobars,2,35,Andaman & Nicobar Island,01-01-2016 00:00,14971.84046
593,Andamans,1,35,Andaman & Nicobar Island,01-01-2016 00:00,14988.45944
594,Lakshadweep,1,31,Lakshadweep,02-01-2016 00:00,15059.70992
595,Chandigarh,1,4,Chandigarh,02-01-2016 00:00,14865.69469
596,Dadra & Nagar Haveli,1,26,Dadara & Nagar Havelli,02-01-2016 00:00,15350.03875
597,Data Not Available,99,99,Jammu and Kashmir,02-01-2016 00:00,13378.22736
598,Srinagar,3,1,Jammu and Kashmir,02-01-2016 00:00,13727.61813
599,Udhampur,10,1,Jammu and Kashmir,02-01-2016 00:00,14368.77732
600,Jammu,13,1,Jammu and Kashmir,02-01-2016 00:00,14704.74314
601,Kargil,8,1,Jammu and Kashmir,02-01-2016 00:00,13294.94609
602,Kathua,14,1,Jammu and Kashmir,02-01-2016 00:00,14620.15838
603,Leh (Ladakh),7,1,Jammu and Kashmir,02-01-2016 00:00,13552.71684
604,Kupwara,1,1,Jammu and Kashmir,02-01-2016 00:00,13883.57204
605,Punch,11,1,Jammu and Kashmir,02-01-2016 00:00,14246.54929
606,Pulwama,5,1,Jammu and Kashmir,02-01-2016 00:00,14247.05157
607,Rajauri,12,1,Jammu and Kashmir,02-01-2016 00:00,14482.09678
608,Anantnag,6,1,Jammu and Kashmir,02-01-2016 00:00,13793.82966
609,Badgam,4,1,Jammu and Kashmir,02-01-2016 00:00,14007.14086
610,Baramula,2,1,Jammu and Kashmir,02-01-2016 00:00,13781.45036
611,Doda,9,1,Jammu and Kashmir,02-01-2016 00:00,13634.781
612,Shimla,11,2,Himachal Pradesh,02-01-2016 00:00,14236.08929
613,Sirmaur,10,2,Himachal Pradesh,02-01-2016 00:00,14633.5628
614,Solan,9,2,Himachal Pradesh,02-01-2016 00:00,14632.91023
615,Una,7,2,Himachal Pradesh,02-01-2016 00:00,14697.94884
616,Kangra,2,2,Himachal Pradesh,02-01-2016 00:00,14398.76067
617,Kinnaur,12,2,Himachal Pradesh,02-01-2016 00:00,13441.18632
618,Lahul & Spiti,3,2,Himachal Pradesh,02-01-2016 00:00,13230.77038
619,Kullu,4,2,Himachal Pradesh,02-01-2016 00:00,13771.31707
620,Mandi,5,2,Himachal Pradesh,02-01-2016 00:00,14473.17908
621,Bilaspur,8,2,Himachal Pradesh,02-01-2016 00:00,14593.43371
622,Chamba,1,2,Himachal Pradesh,02-01-2016 00:00,13884.15175
623,Hamirpur,6,2,Himachal Pradesh,02-01-2016 00:00,14635.59137
624,Rupnagar,7,3,Punjab,02-01-2016 00:00,14715.00499
625,Hoshiarpur,5,3,Punjab,02-01-2016 00:00,14695.71957
626,Jalandhar,4,3,Punjab,02-01-2016 00:00,14693.46751
627,Kapurthala,3,3,Punjab,02-01-2016 00:00,14661.46901
628,Ludhiana,9,3,Punjab,02-01-2016 00:00,14670.00956
629,Mansa,15,3,Punjab,02-01-2016 00:00,14638.17376
630,Moga,10,3,Punjab,02-01-2016 00:00,14634.56695
631,Muktsar,12,3,Punjab,02-01-2016 00:00,14612.06226
632,Nawanshahr,6,3,Punjab,02-01-2016 00:00,14677.30029
633,Patiala,17,3,Punjab,02-01-2016 00:00,14673.89394
634,Sangrur,16,3,Punjab,02-01-2016 00:00,14631.27176
635,Amritsar,2,3,Punjab,02-01-2016 00:00,14615.83573
636,Firozpur,11,3,Punjab,02-01-2016 00:00,14613.85233
637,Bathinda,14,3,Punjab,02-01-2016 00:00,14633.38107
638,Gurdaspur,1,3,Punjab,02-01-2016 00:00,14647.54852
639,Faridkot,13,3,Punjab,02-01-2016 00:00,14624.20519
640,Fatehgarh Sahib,8,3,Punjab,02-01-2016 00:00,14665.38842
641,Rudraprayag,3,5,Uttarakhand,02-01-2016 00:00,14133.08311
642,Tehri Garhwal,4,5,Uttarakhand,02-01-2016 00:00,14372.62405
643,Udham Singh Nagar,12,5,Uttarakhand,02-01-2016 00:00,14746.28267
644,Uttarkashi,1,5,Uttarakhand,02-01-2016 00:00,13770.91218
645,Hardwar,13,5,Uttarakhand,02-01-2016 00:00,14787.8811
646,Nainital,11,5,Uttarakhand,02-01-2016 00:00,14674.45682
647,Pithoragarh,7,5,Uttarakhand,02-01-2016 00:00,13884.38855
648,Bageshwar,8,5,Uttarakhand,02-01-2016 00:00,14271.35687
649,Almora,9,5,Uttarakhand,02-01-2016 00:00,14604.31224
650,Chamoli,2,5,Uttarakhand,02-01-2016 00:00,13774.57626
651,Champawat,10,5,Uttarakhand,02-01-2016 00:00,14588.81418
652,Dehradun,5,5,Uttarakhand,02-01-2016 00:00,14638.94738
653,Garhwal,6,5,Uttarakhand,02-01-2016 00:00,14601.86587
654,Rohtak,14,6,Haryana,02-01-2016 00:00,14711.08542
655,Sirsa,11,6,Haryana,02-01-2016 00:00,14653.26965
656,Sonipat,8,6,Haryana,02-01-2016 00:00,14681.84307
657,Yamunanagar,3,6,Haryana,02-01-2016 00:00,14731.57447
658,Jhajjar,15,6,Haryana,02-01-2016 00:00,14720.63912
659,Mahendragarh,16,6,Haryana,02-01-2016 00:00,14814.10622
660,Rewari,17,6,Haryana,02-01-2016 00:00,14726.22089
661,Bhiwani,13,6,Haryana,02-01-2016 00:00,14756.07424
662,Hisar,12,6,Haryana,02-01-2016 00:00,14714.04091
663,Jind,9,6,Haryana,02-01-2016 00:00,14629.81268
664,Kaithal,5,6,Haryana,02-01-2016 00:00,14632.37847
665,Karnal,6,6,Haryana,02-01-2016 00:00,14647.42291
666,Kurukshetra,4,6,Haryana,02-01-2016 00:00,14687.38968
667,Panchkula,1,6,Haryana,02-01-2016 00:00,14807.66176
668,Panipat,7,6,Haryana,02-01-2016 00:00,14659.15868
669,Ambala,2,6,Haryana,02-01-2016 00:00,14736.60341
670,Gurgaon,18,6,Haryana,02-01-2016 00:00,14781.8348
671,Faridabad,19,6,Haryana,02-01-2016 00:00,14740.1352
672,Fatehabad,10,6,Haryana,02-01-2016 00:00,14637.4657
673,Central,6,7,Delhi  & NCR,02-01-2016 00:00,14822.39994
674,East,4,7,Delhi  & NCR,02-01-2016 00:00,14822.79284
675,New Delhi,5,7,Delhi  & NCR,02-01-2016 00:00,14773.83553
676,North,2,7,Delhi  & NCR,02-01-2016 00:00,14802.90734
677,North East,3,7,Delhi  & NCR,02-01-2016 00:00,14829.58496
678,North West,1,7,Delhi  & NCR,02-01-2016 00:00,14795.87048
679,South,9,7,Delhi  & NCR,02-01-2016 00:00,14839.07641
680,South West,8,7,Delhi  & NCR,02-01-2016 00:00,14816.90166
681,West,7,7,Delhi  & NCR,02-01-2016 00:00,14843.68455
682,Sirohi,19,8,Rajasthan,02-01-2016 00:00,15177.9839
683,Tonk,22,8,Rajasthan,02-01-2016 00:00,15003.52017
684,Sikar,13,8,Rajasthan,02-01-2016 00:00,15050.81618
685,Alwar,6,8,Rajasthan,02-01-2016 00:00,14829.55504
686,Udaipur,26,8,Rajasthan,02-01-2016 00:00,15135.26386
687,Ganganagar,1,8,Rajasthan,02-01-2016 00:00,14855.1515
688,Hanumangarh,2,8,Rajasthan,02-01-2016 00:00,14928.86934
689,Baran,31,8,Rajasthan,02-01-2016 00:00,15017.42762
690,Jaipur,12,8,Rajasthan,02-01-2016 00:00,15044.2179
691,Jaisalmer,16,8,Rajasthan,02-01-2016 00:00,15370.30371
692,Jalor,18,8,Rajasthan,02-01-2016 00:00,15239.78598
693,Jhalawar,32,8,Rajasthan,02-01-2016 00:00,15142.54472
694,Jhunjhunun,5,8,Rajasthan,02-01-2016 00:00,14999.36182
695,Jodhpur,15,8,Rajasthan,02-01-2016 00:00,15282.10313
696,Kota,30,8,Rajasthan,02-01-2016 00:00,14966.72835
697,Nagaur,14,8,Rajasthan,02-01-2016 00:00,15205.86844
698,Pali,20,8,Rajasthan,02-01-2016 00:00,15245.69934
699,Rajsamand,25,8,Rajasthan,02-01-2016 00:00,15093.35099
700,Sawai Madhopur,10,8,Rajasthan,02-01-2016 00:00,14970.74185
701,Ajmer,21,8,Rajasthan,02-01-2016 00:00,15140.25874
702,Banswara,28,8,Rajasthan,02-01-2016 00:00,15228.42479
703,Barmer,17,8,Rajasthan,02-01-2016 00:00,15348.66212
704,Bhilwara,24,8,Rajasthan,02-01-2016 00:00,15135.8463
705,Bikaner,3,8,Rajasthan,02-01-2016 00:00,15241.87291
706,Bharatpur,7,8,Rajasthan,02-01-2016 00:00,14821.03618
707,Bundi,23,8,Rajasthan,02-01-2016 00:00,14951.62119
708,Chittaurgarh,29,8,Rajasthan,02-01-2016 00:00,15133.3044
709,Churu,4,8,Rajasthan,02-01-2016 00:00,15174.91725
710,Dausa,11,8,Rajasthan,02-01-2016 00:00,14956.85496
711,Dhaulpur,8,8,Rajasthan,02-01-2016 00:00,14952.21942
712,Dungarpur,27,8,Rajasthan,02-01-2016 00:00,15211.98967
713,Karauli,9,8,Rajasthan,02-01-2016 00:00,15033.65864
714,Shrawasti,51,9,Uttar Pradesh,02-01-2016 00:00,14873.40796
715,Saharanpur,1,9,Uttar Pradesh,02-01-2016 00:00,14733.58393
716,Sitapur,24,9,Uttar Pradesh,02-01-2016 00:00,14895.30487
717,Sultanpur,49,9,Uttar Pradesh,02-01-2016 00:00,14896.84456
718,Sonbhadra,70,9,Uttar Pradesh,02-01-2016 00:00,15091.97302
719,Siddharthnagar,54,9,Uttar Pradesh,02-01-2016 00:00,14828.13718
720,Unnao,26,9,Uttar Pradesh,02-01-2016 00:00,14847.90194
721,Varanasi,67,9,Uttar Pradesh,02-01-2016 00:00,14904.54223
722,Bulandshahr,11,9,Uttar Pradesh,02-01-2016 00:00,14702.97607
723,Gautam Buddha Nagar,10,9,Uttar Pradesh,02-01-2016 00:00,14768.21099
724,Ghaziabad,9,9,Uttar Pradesh,02-01-2016 00:00,14756.85811
725,Hathras,13,9,Uttar Pradesh,02-01-2016 00:00,14791.94783
726,Jalaun,35,9,Uttar Pradesh,02-01-2016 00:00,14935.57575
727,Jaunpur,64,9,Uttar Pradesh,02-01-2016 00:00,14892.53219
728,Jhansi,36,9,Uttar Pradesh,02-01-2016 00:00,15031.62713
729,Jyotiba Phule Nagar,6,9,Uttar Pradesh,02-01-2016 00:00,14749.05779
730,Kannauj,30,9,Uttar Pradesh,02-01-2016 00:00,14893.80148
731,Kanpur Nagar,34,9,Uttar Pradesh,02-01-2016 00:00,14896.23691
732,Kaushambi,44,9,Uttar Pradesh,02-01-2016 00:00,14901.51192
733,Kheri,23,9,Uttar Pradesh,02-01-2016 00:00,14874.80258
734,Mirzapur,69,9,Uttar Pradesh,02-01-2016 00:00,15064.64455
735,Moradabad,4,9,Uttar Pradesh,02-01-2016 00:00,14755.00127
736,Muzaffarnagar,2,9,Uttar Pradesh,02-01-2016 00:00,14735.6613
737,Rae Bareli,28,9,Uttar Pradesh,02-01-2016 00:00,14870.35852
738,Kushinagar,59,9,Uttar Pradesh,02-01-2016 00:00,14903.64783
739,Lucknow,27,9,Uttar Pradesh,02-01-2016 00:00,14901.07231
740,Lalitpur,37,9,Uttar Pradesh,02-01-2016 00:00,15030.42226
741,Mahrajganj,57,9,Uttar Pradesh,02-01-2016 00:00,14844.50545
742,Mahoba,39,9,Uttar Pradesh,02-01-2016 00:00,15213.51776
743,Mainpuri,18,9,Uttar Pradesh,02-01-2016 00:00,14823.64236
744,Mathura,14,9,Uttar Pradesh,02-01-2016 00:00,14731.84148
745,Mau,62,9,Uttar Pradesh,02-01-2016 00:00,14894.86061
746,Meerut,7,9,Uttar Pradesh,02-01-2016 00:00,14764.16509
747,Pilibhit,21,9,Uttar Pradesh,02-01-2016 00:00,14777.4865
748,Pratapgarh,43,9,Uttar Pradesh,02-01-2016 00:00,14885.28249
749,Rampur,5,9,Uttar Pradesh,02-01-2016 00:00,14738.79531
750,Sant Ravidas Nagar Bhadohi,68,9,Uttar Pradesh,02-01-2016 00:00,14882.59908
751,Sant Kabir Nagar,56,9,Uttar Pradesh,02-01-2016 00:00,14831.62732
752,Shahjahanpur,22,9,Uttar Pradesh,02-01-2016 00:00,14802.10272
753,Auraiya,32,9,Uttar Pradesh,02-01-2016 00:00,14833.15527
754,Azamgarh,61,9,Uttar Pradesh,02-01-2016 00:00,14897.27952
755,Budaun,19,9,Uttar Pradesh,02-01-2016 00:00,14772.70975
756,Agra,15,9,Uttar Pradesh,02-01-2016 00:00,14830.71276
757,Aligarh,12,9,Uttar Pradesh,02-01-2016 00:00,14727.13879
758,Allahabad,45,9,Uttar Pradesh,02-01-2016 00:00,14961.17794
759,Ambedkar Nagar,48,9,Uttar Pradesh,02-01-2016 00:00,14857.0241
760,Bareilly,20,9,Uttar Pradesh,02-01-2016 00:00,14783.17827
761,Bijnor,3,9,Uttar Pradesh,02-01-2016 00:00,14798.36028
762,Basti,55,9,Uttar Pradesh,02-01-2016 00:00,14874.47404
763,Baghpat,8,9,Uttar Pradesh,02-01-2016 00:00,14757.48851
764,Bahraich,50,9,Uttar Pradesh,02-01-2016 00:00,14874.16025
765,Ballia,63,9,Uttar Pradesh,02-01-2016 00:00,14895.6977
766,Balrampur,52,9,Uttar Pradesh,02-01-2016 00:00,14958.68751
767,Banda,40,9,Uttar Pradesh,02-01-2016 00:00,15061.60219
768,Barabanki,46,9,Uttar Pradesh,02-01-2016 00:00,14862.77292
769,Chitrakoot,41,9,Uttar Pradesh,02-01-2016 00:00,15100.83309
770,Chandauli,66,9,Uttar Pradesh,02-01-2016 00:00,14996.48927
771,Deoria,60,9,Uttar Pradesh,02-01-2016 00:00,14864.33195
772,Etah,17,9,Uttar Pradesh,02-01-2016 00:00,14781.18758
773,Kanpur Dehat,33,9,Uttar Pradesh,02-01-2016 00:00,14879.39279
774,Etawah,31,9,Uttar Pradesh,02-01-2016 00:00,14845.41927
775,Faizabad,47,9,Uttar Pradesh,02-01-2016 00:00,14885.60159
776,Ghazipur,65,9,Uttar Pradesh,02-01-2016 00:00,14927.89894
777,Gonda,53,9,Uttar Pradesh,02-01-2016 00:00,14892.29069
778,Gorakhpur,58,9,Uttar Pradesh,02-01-2016 00:00,14851.3865
779,Farrukhabad,29,9,Uttar Pradesh,02-01-2016 00:00,14880.70893
780,Fatehpur,42,9,Uttar Pradesh,02-01-2016 00:00,14909.70475
781,Firozabad,16,9,Uttar Pradesh,02-01-2016 00:00,14815.96931
782,Hamirpur,38,9,Uttar Pradesh,02-01-2016 00:00,15052.9525
783,Hardoi,25,9,Uttar Pradesh,02-01-2016 00:00,14810.2349
784,Sheikhpura,26,10,Bihar,02-01-2016 00:00,15053.2648
785,Sheohar,3,10,Bihar,02-01-2016 00:00,14867.36668
786,Saharsa,12,10,Bihar,02-01-2016 00:00,14881.05283
787,Sitamarhi,4,10,Bihar,02-01-2016 00:00,14876.77886
788,Siwan,16,10,Bihar,02-01-2016 00:00,14905.00823
789,Supaul,6,10,Bihar,02-01-2016 00:00,14857.41095
790,Vaishali,18,10,Bihar,02-01-2016 00:00,14907.06342
791,Kaimur (Bhabua),31,10,Bihar,02-01-2016 00:00,15017.67632
792,Gaya,35,10,Bihar,02-01-2016 00:00,15075.21932
793,Bhojpur,29,10,Bihar,02-01-2016 00:00,14986.86698
794,Buxar,30,10,Bihar,02-01-2016 00:00,14947.75947
795,Jehanabad,33,10,Bihar,02-01-2016 00:00,15042.4156
796,Rohtas,32,10,Bihar,02-01-2016 00:00,14981.82051
797,Jamui,37,10,Bihar,02-01-2016 00:00,15096.19127
798,Kishanganj,8,10,Bihar,02-01-2016 00:00,14998.58882
799,Muzaffarpur,14,10,Bihar,02-01-2016 00:00,14889.58533
800,Purnia,9,10,Bihar,02-01-2016 00:00,14917.81253
801,Khagaria,21,10,Bihar,02-01-2016 00:00,14852.35569
802,Madhubani,5,10,Bihar,02-01-2016 00:00,14912.6175
803,Lakhisarai,25,10,Bihar,02-01-2016 00:00,15004.09487
804,Madhepura,11,10,Bihar,02-01-2016 00:00,14876.58519
805,Purba Champaran,2,10,Bihar,02-01-2016 00:00,14860.39711
806,Munger,24,10,Bihar,02-01-2016 00:00,14977.69501
807,Nalanda,27,10,Bihar,02-01-2016 00:00,15031.60448
808,Nawada,36,10,Bihar,02-01-2016 00:00,15010.84422
809,Pashchim Champaran,1,10,Bihar,02-01-2016 00:00,14945.98727
810,Patna,28,10,Bihar,02-01-2016 00:00,15001.20447
811,Samastipur,19,10,Bihar,02-01-2016 00:00,14898.30625
812,Araria,7,10,Bihar,02-01-2016 00:00,14870.50229
813,Aurangabad,34,10,Bihar,02-01-2016 00:00,15079.81084
814,Banka,23,10,Bihar,02-01-2016 00:00,15100.69348
815,Bhagalpur,22,10,Bihar,02-01-2016 00:00,14936.5242
816,Begusarai,20,10,Bihar,02-01-2016 00:00,14884.81167
817,Saran,17,10,Bihar,02-01-2016 00:00,14927.75393
818,Katihar,10,10,Bihar,02-01-2016 00:00,14895.88093
819,Darbhanga,13,10,Bihar,02-01-2016 00:00,14903.01735
820,Gopalganj,15,10,Bihar,02-01-2016 00:00,14901.55396
821,South,3,11,Sikkim,02-01-2016 00:00,14448.4439
822,West,2,11,Sikkim,02-01-2016 00:00,14277.64569
823,North,1,11,Sikkim,02-01-2016 00:00,13922.23981
824,East,4,11,Sikkim,02-01-2016 00:00,14357.2332
825,Tawang,1,12,Arunanchal Pradesh,02-01-2016 00:00,14026.67319
826,Tirap,13,12,Arunanchal Pradesh,02-01-2016 00:00,14635.10669
827,West Kameng,2,12,Arunanchal Pradesh,02-01-2016 00:00,14285.73682
828,West Siang,7,12,Arunanchal Pradesh,02-01-2016 00:00,14321.06041
829,Upper Siang,9,12,Arunanchal Pradesh,02-01-2016 00:00,14141.20352
830,Upper Subansiri,6,12,Arunanchal Pradesh,02-01-2016 00:00,14135.63244
831,Lohit,11,12,Arunanchal Pradesh,02-01-2016 00:00,14254.59389
832,Lower Subansiri,5,12,Arunanchal Pradesh,02-01-2016 00:00,14228.24181
833,Papum Pare,4,12,Arunanchal Pradesh,02-01-2016 00:00,14472.3894
834,Changlang,12,12,Arunanchal Pradesh,02-01-2016 00:00,14585.17679
835,Dibang Valley,10,12,Arunanchal Pradesh,02-01-2016 00:00,14071.91021
836,East Kameng,3,12,Arunanchal Pradesh,02-01-2016 00:00,14334.68251
837,East Siang,8,12,Arunanchal Pradesh,02-01-2016 00:00,14680.33123
838,Tuensang,2,13,Nagaland,02-01-2016 00:00,14574.75705
839,Wokha,5,13,Nagaland,02-01-2016 00:00,14741.862
840,Zunheboto,4,13,Nagaland,02-01-2016 00:00,14602.9856
841,Dimapur,6,13,Nagaland,02-01-2016 00:00,14868.10038
842,Kohima,7,13,Nagaland,02-01-2016 00:00,14675.54273
843,Mokokchung,3,13,Nagaland,02-01-2016 00:00,14729.47776
844,Mon,1,13,Nagaland,02-01-2016 00:00,14736.12143
845,Phek,8,13,Nagaland,02-01-2016 00:00,14557.77032
846,Tamenglong,2,14,Manipur,02-01-2016 00:00,14668.85747
847,Thoubal,5,14,Manipur,02-01-2016 00:00,14889.72102
848,Ukhrul,8,14,Manipur,02-01-2016 00:00,14649.43978
849,Imphal East,7,14,Manipur,02-01-2016 00:00,14894.015
850,Imphal West,6,14,Manipur,02-01-2016 00:00,14838.3128
851,Senapati (Excl. 3 sub-divisions),1,14,Manipur,02-01-2016 00:00,14661.99934
852,Bishnupur,4,14,Manipur,02-01-2016 00:00,14808.98144
853,Chandel,9,14,Manipur,02-01-2016 00:00,14738.03512
854,Churachandpur,3,14,Manipur,02-01-2016 00:00,14724.00621
855,Kolasib,2,15,Mizoram,02-01-2016 00:00,14829.69477
856,Mamit,1,15,Mizoram,02-01-2016 00:00,14841.0796
857,Lunglei,6,15,Mizoram,02-01-2016 00:00,14781.48513
858,Lawngtlai,7,15,Mizoram,02-01-2016 00:00,14867.39739
859,Saiha,8,15,Mizoram,02-01-2016 00:00,14764.41942
860,Serchhip,5,15,Mizoram,02-01-2016 00:00,14718.36846
861,Aizawl,3,15,Mizoram,02-01-2016 00:00,14766.80542
862,Champhai,4,15,Mizoram,02-01-2016 00:00,14701.28541
863,South Tripura,2,16,Tripura,02-01-2016 00:00,15030.66067
864,West Tripura,1,16,Tripura,02-01-2016 00:00,15067.35222
865,North Tripura,4,16,Tripura,02-01-2016 00:00,14977.20467
866,Dhalai,3,16,Tripura,02-01-2016 00:00,14985.80005
867,Ri Bhoi,5,17,Meghalaya,02-01-2016 00:00,14805.63455
868,South Garo Hills,3,17,Meghalaya,02-01-2016 00:00,14862.90846
869,West Garo Hills,1,17,Meghalaya,02-01-2016 00:00,14938.19908
870,West Khasi Hills,4,17,Meghalaya,02-01-2016 00:00,14761.03908
871,Jaintia Hills,7,17,Meghalaya,02-01-2016 00:00,14764.95987
872,East Garo Hills,2,17,Meghalaya,02-01-2016 00:00,14882.44842
873,East Khasi Hills,6,17,Meghalaya,02-01-2016 00:00,14735.17418
874,Sonitpur,11,18,Assam,02-01-2016 00:00,14985.15666
875,Sibsagar,16,18,Assam,02-01-2016 00:00,14911.83396
876,Tinsukia,14,18,Assam,02-01-2016 00:00,14930.59187
877,Jorhat,17,18,Assam,02-01-2016 00:00,14924.9217
878,Karimganj,22,18,Assam,02-01-2016 00:00,14970.64335
879,Kokrajhar,1,18,Assam,02-01-2016 00:00,14997.06493
880,Lakhimpur,12,18,Assam,02-01-2016 00:00,14895.17344
881,Nagaon,10,18,Assam,02-01-2016 00:00,15006.99315
882,Marigaon,9,18,Assam,02-01-2016 00:00,14947.74122
883,Nalbari,7,18,Assam,02-01-2016 00:00,14987.22197
884,North Cachar Hills,20,18,Assam,02-01-2016 00:00,14824.56761
885,Barpeta,5,18,Assam,02-01-2016 00:00,14967.82886
886,Bongaigaon,4,18,Assam,02-01-2016 00:00,14944.61821
887,Cachar,21,18,Assam,02-01-2016 00:00,14920.08954
888,Darrang,8,18,Assam,02-01-2016 00:00,14990.66938
889,Dhemaji,13,18,Assam,02-01-2016 00:00,14949.18138
890,Dhubri,2,18,Assam,02-01-2016 00:00,14985.44845
891,Dibrugarh,15,18,Assam,02-01-2016 00:00,14881.15572
892,Kamrup,6,18,Assam,02-01-2016 00:00,14936.24081
893,Karbi Anglong,19,18,Assam,02-01-2016 00:00,14875.20164
894,Goalpara,3,18,Assam,02-01-2016 00:00,14971.99167
895,Golaghat,18,18,Assam,02-01-2016 00:00,14972.92369
896,Hailakandi,23,18,Assam,02-01-2016 00:00,14952.16692
897,South  Twenty Four Parganas,18,19,West Bengal,02-01-2016 00:00,15049.37993
898,Uttar Dinajpur,4,19,West Bengal,02-01-2016 00:00,14939.57767
899,Hugli,12,19,West Bengal,02-01-2016 00:00,15045.4869
900,Jalpaiguri,2,19,West Bengal,02-01-2016 00:00,14954.59117
901,Koch Bihar,3,19,West Bengal,02-01-2016 00:00,14898.18473
902,Murshidabad,7,19,West Bengal,02-01-2016 00:00,14954.16005
903,Puruliya,14,19,West Bengal,02-01-2016 00:00,15161.55564
904,Kolkata,17,19,West Bengal,02-01-2016 00:00,15105.39217
905,Maldah,6,19,West Bengal,02-01-2016 00:00,14938.17662
906,Nadia,10,19,West Bengal,02-01-2016 00:00,14985.46715
907,North Twenty Four Parganas,11,19,West Bengal,02-01-2016 00:00,14987.65328
908,Medinipur,15,19,West Bengal,02-01-2016 00:00,15092.35824
909,Barddhaman,9,19,West Bengal,02-01-2016 00:00,15058.15161
910,Birbhum,8,19,West Bengal,02-01-2016 00:00,15030.48975
911,Bankura,13,19,West Bengal,02-01-2016 00:00,15137.34454
912,Dakshin Dinajpur,5,19,West Bengal,02-01-2016 00:00,14972.97251
913,Darjiling,1,19,West Bengal,02-01-2016 00:00,14747.70207
914,Haora,16,19,West Bengal,02-01-2016 00:00,15047.32045
915,Ranchi,14,20,Jharkhand,02-01-2016 00:00,15095.44584
916,Sahibganj,9,20,Jharkhand,02-01-2016 00:00,15026.98258
917,Garhwa,1,20,Jharkhand,02-01-2016 00:00,15118.13506
918,Palamu,2,20,Jharkhand,02-01-2016 00:00,15085.05574
919,Chatra,3,20,Jharkhand,02-01-2016 00:00,15118.78231
920,Hazaribagh,4,20,Jharkhand,02-01-2016 00:00,15097.79862
921,Kodarma,5,20,Jharkhand,02-01-2016 00:00,15094.52864
922,Purbi Singhbhum,18,20,Jharkhand,02-01-2016 00:00,15139.70218
923,Lohardaga,15,20,Jharkhand,02-01-2016 00:00,15041.28452
924,Pakaur,10,20,Jharkhand,02-01-2016 00:00,15131.07155
925,Pashchimi Singhbhum,17,20,Jharkhand,02-01-2016 00:00,15121.70549
926,Bokaro,13,20,Jharkhand,02-01-2016 00:00,15157.62052
927,Deoghar,7,20,Jharkhand,02-01-2016 00:00,15181.13574
928,Dhanbad,12,20,Jharkhand,02-01-2016 00:00,15161.80327
929,Dumka,11,20,Jharkhand,02-01-2016 00:00,15143.90152
930,Giridih,6,20,Jharkhand,02-01-2016 00:00,15150.38343
931,Godda,8,20,Jharkhand,02-01-2016 00:00,15081.07515
932,Gumla,16,20,Jharkhand,02-01-2016 00:00,15119.63986
933,Rayagada,27,21,Orissa,02-01-2016 00:00,15237.96907
934,Sundargarh,5,21,Orissa,02-01-2016 00:00,15137.6672
935,Sonapur,23,21,Orissa,02-01-2016 00:00,15222.2512
936,Jajapur,13,21,Orissa,02-01-2016 00:00,15285.86251
937,Jagatsinghapur,11,21,Orissa,02-01-2016 00:00,15301.87211
938,Jharsuguda,2,21,Orissa,02-01-2016 00:00,15148.90799
939,Khordha,17,21,Orissa,02-01-2016 00:00,15299.71152
940,Mayurbhanj,7,21,Orissa,02-01-2016 00:00,15116.74659
941,Puri,18,21,Orissa,02-01-2016 00:00,15235.87804
942,Koraput,29,21,Orissa,02-01-2016 00:00,15285.21338
943,Malkangiri,30,21,Orissa,02-01-2016 00:00,15270.67968
944,Nabarangapur,28,21,Orissa,02-01-2016 00:00,15339.72191
945,Nayagarh,16,21,Orissa,02-01-2016 00:00,15231.62107
946,Nuapada,25,21,Orissa,02-01-2016 00:00,15295.30375
947,Kandhamal,21,21,Orissa,02-01-2016 00:00,15150.17401
948,Sambalpur,3,21,Orissa,02-01-2016 00:00,15133.71397
949,Anugul,15,21,Orissa,02-01-2016 00:00,15190.86227
950,Bhadrak,9,21,Orissa,02-01-2016 00:00,15289.35847
951,Baudh,22,21,Orissa,02-01-2016 00:00,15225.20258
952,Balangir,24,21,Orissa,02-01-2016 00:00,15289.57747
953,Baleshwar,8,21,Orissa,02-01-2016 00:00,15176.24956
954,Bargarh,1,21,Orissa,02-01-2016 00:00,15199.95597
955,Kendrapara,10,21,Orissa,02-01-2016 00:00,15274.62968
956,Kendujhar,6,21,Orissa,02-01-2016 00:00,15186.48826
957,Debagarh,4,21,Orissa,02-01-2016 00:00,15137.8688
958,Cuttack,12,21,Orissa,02-01-2016 00:00,15299.00462
959,Dhenkanal,14,21,Orissa,02-01-2016 00:00,15254.52314
960,Kalahandi,26,21,Orissa,02-01-2016 00:00,15254.65053
961,Ganjam,19,21,Orissa,02-01-2016 00:00,15253.86706
962,Gajapati,20,21,Orissa,02-01-2016 00:00,15202.22232
963,Surguja,2,22,Chhattisgarh,02-01-2016 00:00,15077.55335
964,Bilaspur,7,22,Chhattisgarh,02-01-2016 00:00,15161.67478
965,Janjgir - Champa,6,22,Chhattisgarh,02-01-2016 00:00,15252.73488
966,Korba,5,22,Chhattisgarh,02-01-2016 00:00,15098.95147
967,Kawardha,8,22,Chhattisgarh,02-01-2016 00:00,15186.21614
968,Jashpur,3,22,Chhattisgarh,02-01-2016 00:00,15107.44446
969,Koriya,1,22,Chhattisgarh,02-01-2016 00:00,15081.90223
970,Mahasamund,12,22,Chhattisgarh,02-01-2016 00:00,15259.98693
971,Raigarh,4,22,Chhattisgarh,02-01-2016 00:00,15168.1336
972,Raipur,11,22,Chhattisgarh,02-01-2016 00:00,15247.96373
973,Rajnandgaon,9,22,Chhattisgarh,02-01-2016 00:00,15217.70317
974,Bastar,15,22,Chhattisgarh,02-01-2016 00:00,15222.3583
975,Dantewada,16,22,Chhattisgarh,02-01-2016 00:00,15211.85576
976,Dhamtari,13,22,Chhattisgarh,02-01-2016 00:00,15190.61208
977,Durg,10,22,Chhattisgarh,02-01-2016 00:00,15220.24471
978,Kanker,14,22,Chhattisgarh,02-01-2016 00:00,15198.2406
979,Shajapur,22,23,Madhya Pradesh,02-01-2016 00:00,15199.93464
980,Shivpuri,6,23,Madhya Pradesh,02-01-2016 00:00,15106.48709
981,Ratlam,20,23,Madhya Pradesh,02-01-2016 00:00,15267.84905
982,Rewa,14,23,Madhya Pradesh,02-01-2016 00:00,15063.09638
983,Sagar,11,23,Madhya Pradesh,02-01-2016 00:00,15173.45075
984,Sidhi,17,23,Madhya Pradesh,02-01-2016 00:00,15066.86599
985,Ujjain,21,23,Madhya Pradesh,02-01-2016 00:00,15168.03567
986,Vidisha,31,23,Madhya Pradesh,02-01-2016 00:00,15049.62433
987,West Nimar,27,23,Madhya Pradesh,02-01-2016 00:00,15337.28215
988,Morena,2,23,Madhya Pradesh,02-01-2016 00:00,14927.48701
989,Sheopur,1,23,Madhya Pradesh,02-01-2016 00:00,15086.65419
990,Dindori,41,23,Madhya Pradesh,02-01-2016 00:00,15204.16937
991,Mandla,42,23,Madhya Pradesh,02-01-2016 00:00,15169.86461
992,Shahdol,16,23,Madhya Pradesh,02-01-2016 00:00,15165.20306
993,Umaria,15,23,Madhya Pradesh,02-01-2016 00:00,15102.59938
994,Hoshangabad,37,23,Madhya Pradesh,02-01-2016 00:00,14985.53981
995,Indore,26,23,Madhya Pradesh,02-01-2016 00:00,15189.43642
996,Jabalpur,39,23,Madhya Pradesh,02-01-2016 00:00,15072.37616
997,Jhabua,24,23,Madhya Pradesh,02-01-2016 00:00,15371.75323
998,Mandsaur,19,23,Madhya Pradesh,02-01-2016 00:00,15202.96627
999,Tikamgarh,8,23,Madhya Pradesh,02-01-2016 00:00,15145.81144
1000,Narsimhapur,40,23,Madhya Pradesh,02-01-2016 00:00,15109.95653
1001,Neemuch,18,23,Madhya Pradesh,02-01-2016 00:00,15174.86027
1002,Panna,10,23,Madhya Pradesh,02-01-2016 00:00,15147.51149
1003,Raisen,34,23,Madhya Pradesh,02-01-2016 00:00,15117.52189
1004,Rajgarh,30,23,Madhya Pradesh,02-01-2016 00:00,15203.22257
1005,Satna,13,23,Madhya Pradesh,02-01-2016 00:00,15066.81538
1006,Sehore,33,23,Madhya Pradesh,02-01-2016 00:00,15166.59981
1007,Seoni,44,23,Madhya Pradesh,02-01-2016 00:00,15207.85791
1008,Bhind,3,23,Madhya Pradesh,02-01-2016 00:00,14880.99033
1009,Bhopal,32,23,Madhya Pradesh,02-01-2016 00:00,15088.93029
1010,Barwani,28,23,Madhya Pradesh,02-01-2016 00:00,15433.52207
1011,Betul,35,23,Madhya Pradesh,02-01-2016 00:00,15300.15271
1012,Balaghat,45,23,Madhya Pradesh,02-01-2016 00:00,15124.19818
1013,Chhatarpur,9,23,Madhya Pradesh,02-01-2016 00:00,15175.13225
1014,Chhindwara,43,23,Madhya Pradesh,02-01-2016 00:00,15245.5153
1015,Dewas,23,23,Madhya Pradesh,02-01-2016 00:00,15215.554
1016,Katni,38,23,Madhya Pradesh,02-01-2016 00:00,15079.15313
1017,Datia,5,23,Madhya Pradesh,02-01-2016 00:00,14879.79577
1018,Damoh,12,23,Madhya Pradesh,02-01-2016 00:00,15151.4274
1019,Dhar,25,23,Madhya Pradesh,02-01-2016 00:00,15310.01219
1020,East Nimar,29,23,Madhya Pradesh,02-01-2016 00:00,15342.18115
1021,Guna,7,23,Madhya Pradesh,02-01-2016 00:00,15083.93856
1022,Gwalior,4,23,Madhya Pradesh,02-01-2016 00:00,14966.40449
1023,Harda,36,23,Madhya Pradesh,02-01-2016 00:00,15102.48708
1024,Sabar Kantha,5,24,Gujarat,02-01-2016 00:00,15133.49127
1025,Surendranagar,8,24,Gujarat,02-01-2016 00:00,15342.08098
1026,The Dangs,23,24,Gujarat,02-01-2016 00:00,15353.36448
1027,Vadodara,19,24,Gujarat,02-01-2016 00:00,15265.74921
1028,Valsad,25,24,Gujarat,02-01-2016 00:00,15309.41513
1029,Bharuch,21,24,Gujarat,02-01-2016 00:00,15316.79291
1030,Surat,22,24,Gujarat,02-01-2016 00:00,15286.02971
1031,Jamnagar,10,24,Gujarat,02-01-2016 00:00,15449.05076
1032,Kheda,16,24,Gujarat,02-01-2016 00:00,15158.22447
1033,Mahesana,4,24,Gujarat,02-01-2016 00:00,15128.72914
1034,Narmada,20,24,Gujarat,02-01-2016 00:00,15362.09116
1035,Navsari,24,24,Gujarat,02-01-2016 00:00,15243.66422
1036,Panch Mahals,17,24,Gujarat,02-01-2016 00:00,15262.59883
1037,Patan,3,24,Gujarat,02-01-2016 00:00,15234.00086
1038,Porbandar,11,24,Gujarat,02-01-2016 00:00,15463.6921
1039,Rajkot,9,24,Gujarat,02-01-2016 00:00,15441.82386
1040,Anand,15,24,Gujarat,02-01-2016 00:00,15080.6696
1041,Ahmadabad,7,24,Gujarat,02-01-2016 00:00,15272.33285
1042,Amreli,13,24,Gujarat,02-01-2016 00:00,15480.14414
1043,Bhavnagar,14,24,Gujarat,02-01-2016 00:00,15461.63249
1044,Banas Kantha,2,24,Gujarat,02-01-2016 00:00,15131.57808
1045,Dohad,18,24,Gujarat,02-01-2016 00:00,15312.37199
1046,Junagadh,12,24,Gujarat,02-01-2016 00:00,15416.71709
1047,Kachchh,1,24,Gujarat,02-01-2016 00:00,15269.99866
1048,Gandhinagar,6,24,Gujarat,02-01-2016 00:00,15153.70841
1049,Daman,2,25,Daman & Diu,02-01-2016 00:00,15162.77156
1050,Diu,1,25,Daman & Diu,02-01-2016 00:00,15174.70649
1051,Ratnagiri,32,27,Maharashtra,02-01-2016 00:00,15264.42242
1052,Raigarh,24,27,Maharashtra,02-01-2016 00:00,15327.21195
1053,Thane,21,27,Maharashtra,02-01-2016 00:00,15368.2347
1054,Solapur,30,27,Maharashtra,02-01-2016 00:00,15643.54372
1055,Sindhudurg,33,27,Maharashtra,02-01-2016 00:00,15255.86822
1056,Wardha,8,27,Maharashtra,02-01-2016 00:00,15407.90469
1057,Washim,6,27,Maharashtra,02-01-2016 00:00,15543.615
1058,Yavatmal,14,27,Maharashtra,02-01-2016 00:00,15468.35246
1059,Hingoli,16,27,Maharashtra,02-01-2016 00:00,15563.01919
1060,Jalgaon,3,27,Maharashtra,02-01-2016 00:00,15487.45538
1061,Jalna,18,27,Maharashtra,02-01-2016 00:00,15594.12589
1062,Kolhapur,34,27,Maharashtra,02-01-2016 00:00,15312.2431
1063,Latur,28,27,Maharashtra,02-01-2016 00:00,15643.57396
1064,Pune,25,27,Maharashtra,02-01-2016 00:00,15407.83155
1065,Nagpur,9,27,Maharashtra,02-01-2016 00:00,15293.33111
1066,Mumbai,23,27,Maharashtra,02-01-2016 00:00,15185.51021
1067,Mumbai (Suburban),22,27,Maharashtra,02-01-2016 00:00,15221.69629
1068,Nanded,15,27,Maharashtra,02-01-2016 00:00,15575.56696
1069,Nandurbar,1,27,Maharashtra,02-01-2016 00:00,15409.28694
1070,Nashik,20,27,Maharashtra,02-01-2016 00:00,15467.05947
1071,Osmanabad,29,27,Maharashtra,02-01-2016 00:00,15675.16005
1072,Parbhani,17,27,Maharashtra,02-01-2016 00:00,15653.36794
1073,Sangli,35,27,Maharashtra,02-01-2016 00:00,15539.86739
1074,Satara,31,27,Maharashtra,02-01-2016 00:00,15419.67945
1075,Aurangabad,19,27,Maharashtra,02-01-2016 00:00,15536.74619
1076,Ahmadnagar,26,27,Maharashtra,02-01-2016 00:00,15561.72955
1077,Akola,5,27,Maharashtra,02-01-2016 00:00,15527.76203
1078,Amravati,7,27,Maharashtra,02-01-2016 00:00,15425.63571
1079,Bid,27,27,Maharashtra,02-01-2016 00:00,15632.06668
1080,Bhandara,10,27,Maharashtra,02-01-2016 00:00,15218.22228
1081,Buldana,4,27,Maharashtra,02-01-2016 00:00,15524.52457
1082,Chandrapur,13,27,Maharashtra,02-01-2016 00:00,15334.10441
1083,Dhule,2,27,Maharashtra,02-01-2016 00:00,15516.64845
1084,Gadchiroli,12,27,Maharashtra,02-01-2016 00:00,15208.77904
1085,Gondiya,11,27,Maharashtra,02-01-2016 00:00,15190.77974
1086,Rangareddi,6,28,Andhra Pradesh,02-01-2016 00:00,15541.23144
1087,Srikakulam,11,28,Andhra Pradesh,02-01-2016 00:00,15321.48928
1088,West Godavari,15,28,Andhra Pradesh,02-01-2016 00:00,15183.90335
1089,Visakhapatnam,13,28,Andhra Pradesh,02-01-2016 00:00,15236.85566
1090,Vizianagaram,12,28,Andhra Pradesh,02-01-2016 00:00,15330.00278
1091,Warangal,9,28,Andhra Pradesh,02-01-2016 00:00,15351.02306
1092,Hyderabad,5,28,Andhra Pradesh,02-01-2016 00:00,15335.99265
1093,Khammam,10,28,Andhra Pradesh,02-01-2016 00:00,15333.01445
1094,Medak,4,28,Andhra Pradesh,02-01-2016 00:00,15527.29465
1095,Krishna,16,28,Andhra Pradesh,02-01-2016 00:00,15306.41181
1096,Kurnool,21,28,Andhra Pradesh,02-01-2016 00:00,15547.35516
1097,Mahbubnagar,7,28,Andhra Pradesh,02-01-2016 00:00,15552.20919
1098,Nalgonda,8,28,Andhra Pradesh,02-01-2016 00:00,15490.82448
1099,Nellore,19,28,Andhra Pradesh,02-01-2016 00:00,15241.31754
1100,Nizamabad,2,28,Andhra Pradesh,02-01-2016 00:00,15515.96606
1101,Prakasam,18,28,Andhra Pradesh,02-01-2016 00:00,15397.76653
1102,Anantapur,22,28,Andhra Pradesh,02-01-2016 00:00,15493.91649
1103,Adilabad,1,28,Andhra Pradesh,02-01-2016 00:00,15419.72405
1104,Chittoor,23,28,Andhra Pradesh,02-01-2016 00:00,15279.29012
1105,Cuddapah,20,28,Andhra Pradesh,02-01-2016 00:00,15364.01269
1106,East Godavari,14,28,Andhra Pradesh,02-01-2016 00:00,15199.61861
1107,Karimnagar,3,28,Andhra Pradesh,02-01-2016 00:00,15405.19436
1108,Guntur,17,28,Andhra Pradesh,02-01-2016 00:00,15420.95216
1109,Shimoga,15,29,Karnataka,02-01-2016 00:00,15239.9345
1110,Tumkur,18,29,Karnataka,02-01-2016 00:00,15342.13987
1111,Udupi,16,29,Karnataka,02-01-2016 00:00,15183.41153
1112,Uttara Kannada,10,29,Karnataka,02-01-2016 00:00,15130.73113
1113,Hassan,23,29,Karnataka,02-01-2016 00:00,15244.24721
1114,Haveri,11,29,Karnataka,02-01-2016 00:00,15537.31793
1115,Kodagu,25,29,Karnataka,02-01-2016 00:00,15003.70123
1116,Kolar,19,29,Karnataka,02-01-2016 00:00,15311.48127
1117,Mandya,22,29,Karnataka,02-01-2016 00:00,15250.72547
1118,Koppal,7,29,Karnataka,02-01-2016 00:00,15586.03923
1119,Mysore,26,29,Karnataka,02-01-2016 00:00,15331.24563
1120,Raichur,6,29,Karnataka,02-01-2016 00:00,15543.24554
1121,Bagalkot,2,29,Karnataka,02-01-2016 00:00,15535.64443
1122,Bangalore,20,29,Karnataka,02-01-2016 00:00,15242.32032
1123,Bidar,5,29,Karnataka,02-01-2016 00:00,15645.06924
1124,Bijapur,3,29,Karnataka,02-01-2016 00:00,15682.45266
1125,Belgaum,1,29,Karnataka,02-01-2016 00:00,15489.97553
1126,Bellary,12,29,Karnataka,02-01-2016 00:00,15496.37802
1127,Bangalore Rural,21,29,Karnataka,02-01-2016 00:00,15291.37971
1128,Chamarajanagar,27,29,Karnataka,02-01-2016 00:00,15293.60057
1129,Chikmagalur,17,29,Karnataka,02-01-2016 00:00,15155.50214
1130,Chitradurga,13,29,Karnataka,02-01-2016 00:00,15492.28642
1131,Dakshina Kannada,24,29,Karnataka,02-01-2016 00:00,15136.40445
1132,Davanagere,14,29,Karnataka,02-01-2016 00:00,15475.83918
1133,Dharwad,9,29,Karnataka,02-01-2016 00:00,15608.913
1134,Gulbarga,4,29,Karnataka,02-01-2016 00:00,15658.65501
1135,Gadag,8,29,Karnataka,02-01-2016 00:00,15685.25054
1136,South Goa,2,30,Goa,02-01-2016 00:00,15167.09973
1137,North Goa,1,30,Goa,02-01-2016 00:00,15208.53396
1138,Thrissur,7,32,Kerala,02-01-2016 00:00,15141.37418
1139,Thiruvananthapuram,14,32,Kerala,02-01-2016 00:00,15216.70474
1140,Wayanad,3,32,Kerala,02-01-2016 00:00,15012.19959
1141,Idukki,9,32,Kerala,02-01-2016 00:00,14989.7391
1142,Kollam,13,32,Kerala,02-01-2016 00:00,15193.91434
1143,Kottayam,10,32,Kerala,02-01-2016 00:00,15176.29721
1144,Kozhikode,4,32,Kerala,02-01-2016 00:00,15150.88716
1145,Malappuram,5,32,Kerala,02-01-2016 00:00,15151.97685
1146,Palakkad,6,32,Kerala,02-01-2016 00:00,15138.75411
1147,Pathanamthitta,12,32,Kerala,02-01-2016 00:00,15108.08511
1148,Alappuzha,11,32,Kerala,02-01-2016 00:00,15149.67739
1149,Kasaragod,1,32,Kerala,02-01-2016 00:00,15212.94993
1150,Kannur,2,32,Kerala,02-01-2016 00:00,15208.32066
1151,Ernakulam,8,32,Kerala,02-01-2016 00:00,15183.48525
1152,Sivaganga,23,33,Tamil Nadu,02-01-2016 00:00,15357.83148
1153,Tiruchirappalli,15,33,Tamil Nadu,02-01-2016 00:00,15356.50972
1154,Tirunelveli,29,33,Tamil Nadu,02-01-2016 00:00,15225.83493
1155,Tiruvannamalai,6,33,Tamil Nadu,02-01-2016 00:00,15173.15831
1156,Thoothukkudi,28,33,Tamil Nadu,02-01-2016 00:00,15369.53266
1157,Theni,25,33,Tamil Nadu,02-01-2016 00:00,15200.71963
1158,Vellore,4,33,Tamil Nadu,02-01-2016 00:00,15210.00017
1159,Viluppuram,7,33,Tamil Nadu,02-01-2016 00:00,15235.55015
1160,Virudhunagar,26,33,Tamil Nadu,02-01-2016 00:00,15383.51753
1161,Chennai,2,33,Tamil Nadu,02-01-2016 00:00,15293.23005
1162,Kancheepuram,3,33,Tamil Nadu,02-01-2016 00:00,15207.7773
1163,Thiruvallur,1,33,Tamil Nadu,02-01-2016 00:00,15256.05302
1164,Thanjavur,21,33,Tamil Nadu,02-01-2016 00:00,15228.08613
1165,Thiruvarur,20,33,Tamil Nadu,02-01-2016 00:00,15271.16409
1166,Nagapattinam,19,33,Tamil Nadu,02-01-2016 00:00,15251.58058
1167,Kanniyakumari,30,33,Tamil Nadu,02-01-2016 00:00,15203.61886
1168,Karur,14,33,Tamil Nadu,02-01-2016 00:00,15457.94633
1169,Madurai,24,33,Tamil Nadu,02-01-2016 00:00,15322.85697
1170,Namakkal,9,33,Tamil Nadu,02-01-2016 00:00,15397.8034
1171,The Nilgiris,11,33,Tamil Nadu,02-01-2016 00:00,14975.22086
1172,Perambalur,16,33,Tamil Nadu,02-01-2016 00:00,15329.54697
1173,Pudukkottai,22,33,Tamil Nadu,02-01-2016 00:00,15299.40376
1174,Ramanathapuram,27,33,Tamil Nadu,02-01-2016 00:00,15360.65268
1175,Salem,8,33,Tamil Nadu,02-01-2016 00:00,15299.77499
1176,Ariyalur,17,33,Tamil Nadu,02-01-2016 00:00,15282.3218
1177,Coimbatore,12,33,Tamil Nadu,02-01-2016 00:00,15285.80783
1178,Cuddalore,18,33,Tamil Nadu,02-01-2016 00:00,15271.05119
1179,Dharmapuri,5,33,Tamil Nadu,02-01-2016 00:00,15247.74965
1180,Dindigul,13,33,Tamil Nadu,02-01-2016 00:00,15278.41191
1181,Erode,10,33,Tamil Nadu,02-01-2016 00:00,15313.37136
1182,Yanam,1,34,Puducherry,02-01-2016 00:00,15194.24959
1183,Karaikal,4,34,Puducherry,02-01-2016 00:00,15237.75084
1184,Mahe,3,34,Puducherry,02-01-2016 00:00,15208.07982
1185,Pondicherry,2,34,Puducherry,02-01-2016 00:00,15213.37919
1186,Nicobars,2,35,Andaman & Nicobar Island,02-01-2016 00:00,14939.44604
1187,Andamans,1,35,Andaman & Nicobar Island,02-01-2016 00:00,15019.43579
1188,Chandigarh,1,4,Chandigarh,03-01-2016 00:00,15092.41728
1189,Dadra & Nagar Haveli,1,26,Dadara & Nagar Havelli,03-01-2016 00:00,15700.60214
1190,Lakshadweep,1,31,Lakshadweep,03-01-2016 00:00,15125.36204
1191,Data Not Available,99,99,Jammu and Kashmir,03-01-2016 00:00,13715.81609
1192,Jammu,13,1,Jammu and Kashmir,03-01-2016 00:00,14941.8601
1193,Kargil,8,1,Jammu and Kashmir,03-01-2016 00:00,13615.27788
1194,Kathua,14,1,Jammu and Kashmir,03-01-2016 00:00,14847.79627
1195,Leh (Ladakh),7,1,Jammu and Kashmir,03-01-2016 00:00,13906.80347
1196,Kupwara,1,1,Jammu and Kashmir,03-01-2016 00:00,14134.50713
1197,Punch,11,1,Jammu and Kashmir,03-01-2016 00:00,14450.33834
1198,Pulwama,5,1,Jammu and Kashmir,03-01-2016 00:00,14383.7172
1199,Rajauri,12,1,Jammu and Kashmir,03-01-2016 00:00,14703.00658
1200,Anantnag,6,1,Jammu and Kashmir,03-01-2016 00:00,13961.87377
1201,Badgam,4,1,Jammu and Kashmir,03-01-2016 00:00,14213.08539
1202,Baramula,2,1,Jammu and Kashmir,03-01-2016 00:00,14018.64003
1203,Doda,9,1,Jammu and Kashmir,03-01-2016 00:00,13856.07739
1204,Srinagar,3,1,Jammu and Kashmir,03-01-2016 00:00,13941.43835
1205,Udhampur,10,1,Jammu and Kashmir,03-01-2016 00:00,14585.48424
1206,Kangra,2,2,Himachal Pradesh,03-01-2016 00:00,14616.09479
1207,Kinnaur,12,2,Himachal Pradesh,03-01-2016 00:00,13717.4713
1208,Lahul & Spiti,3,2,Himachal Pradesh,03-01-2016 00:00,13506.29325
1209,Kullu,4,2,Himachal Pradesh,03-01-2016 00:00,13970.75472
1210,Mandi,5,2,Himachal Pradesh,03-01-2016 00:00,14690.09502
1211,Bilaspur,8,2,Himachal Pradesh,03-01-2016 00:00,14902.3624
1212,Chamba,1,2,Himachal Pradesh,03-01-2016 00:00,14083.68306
1213,Hamirpur,6,2,Himachal Pradesh,03-01-2016 00:00,14896.29412
1214,Shimla,11,2,Himachal Pradesh,03-01-2016 00:00,14470.08355
1215,Sirmaur,10,2,Himachal Pradesh,03-01-2016 00:00,14910.624
1216,Solan,9,2,Himachal Pradesh,03-01-2016 00:00,14895.63809
1217,Una,7,2,Himachal Pradesh,03-01-2016 00:00,14961.93755
1218,Hoshiarpur,5,3,Punjab,03-01-2016 00:00,14971.85557
1219,Jalandhar,4,3,Punjab,03-01-2016 00:00,14925.98728
1220,Kapurthala,3,3,Punjab,03-01-2016 00:00,14921.86756
1221,Ludhiana,9,3,Punjab,03-01-2016 00:00,14910.52999
1222,Mansa,15,3,Punjab,03-01-2016 00:00,14885.71521
1223,Moga,10,3,Punjab,03-01-2016 00:00,14886.02984
1224,Muktsar,12,3,Punjab,03-01-2016 00:00,14895.13258
1225,Nawanshahr,6,3,Punjab,03-01-2016 00:00,14920.52009
1226,Patiala,17,3,Punjab,03-01-2016 00:00,14940.2448
1227,Sangrur,16,3,Punjab,03-01-2016 00:00,14894.85288
1228,Amritsar,2,3,Punjab,03-01-2016 00:00,14854.39898
1229,Firozpur,11,3,Punjab,03-01-2016 00:00,14885.77351
1230,Bathinda,14,3,Punjab,03-01-2016 00:00,14900.81863
1231,Gurdaspur,1,3,Punjab,03-01-2016 00:00,14881.49405
1232,Faridkot,13,3,Punjab,03-01-2016 00:00,14891.06044
1233,Fatehgarh Sahib,8,3,Punjab,03-01-2016 00:00,14912.7837
1234,Rupnagar,7,3,Punjab,03-01-2016 00:00,14975.39937
1235,Hardwar,13,5,Uttarakhand,03-01-2016 00:00,15108.16139
1236,Nainital,11,5,Uttarakhand,03-01-2016 00:00,15013.42353
1237,Pithoragarh,7,5,Uttarakhand,03-01-2016 00:00,14114.19946
1238,Bageshwar,8,5,Uttarakhand,03-01-2016 00:00,14541.31076
1239,Almora,9,5,Uttarakhand,03-01-2016 00:00,14948.71992
1240,Chamoli,2,5,Uttarakhand,03-01-2016 00:00,13990.22651
1241,Champawat,10,5,Uttarakhand,03-01-2016 00:00,14922.29924
1242,Dehradun,5,5,Uttarakhand,03-01-2016 00:00,14944.22428
1243,Garhwal,6,5,Uttarakhand,03-01-2016 00:00,14943.89507
1244,Rudraprayag,3,5,Uttarakhand,03-01-2016 00:00,14377.44081
1245,Tehri Garhwal,4,5,Uttarakhand,03-01-2016 00:00,14665.44025
1246,Udham Singh Nagar,12,5,Uttarakhand,03-01-2016 00:00,15080.85082
1247,Uttarkashi,1,5,Uttarakhand,03-01-2016 00:00,13980.67476
1248,Hisar,12,6,Haryana,03-01-2016 00:00,15038.26819
1249,Jind,9,6,Haryana,03-01-2016 00:00,14935.25948
1250,Kaithal,5,6,Haryana,03-01-2016 00:00,14941.90024
1251,Karnal,6,6,Haryana,03-01-2016 00:00,14943.81886
1252,Kurukshetra,4,6,Haryana,03-01-2016 00:00,14943.30675
1253,Panchkula,1,6,Haryana,03-01-2016 00:00,15034.2482
1254,Panipat,7,6,Haryana,03-01-2016 00:00,14978.9585
1255,Ambala,2,6,Haryana,03-01-2016 00:00,14972.68519
1256,Gurgaon,18,6,Haryana,03-01-2016 00:00,15180.63607
1257,Faridabad,19,6,Haryana,03-01-2016 00:00,15101.98581
1258,Fatehabad,10,6,Haryana,03-01-2016 00:00,14916.74635
1259,Rohtak,14,6,Haryana,03-01-2016 00:00,15014.14818
1260,Sirsa,11,6,Haryana,03-01-2016 00:00,14940.43955
1261,Sonipat,8,6,Haryana,03-01-2016 00:00,14972.82819
1262,Yamunanagar,3,6,Haryana,03-01-2016 00:00,14992.98037
1263,Jhajjar,15,6,Haryana,03-01-2016 00:00,15115.46931
1264,Mahendragarh,16,6,Haryana,03-01-2016 00:00,15270.45283
1265,Rewari,17,6,Haryana,03-01-2016 00:00,15194.16036
1266,Bhiwani,13,6,Haryana,03-01-2016 00:00,15144.21362
1267,Central,6,7,Delhi  & NCR,03-01-2016 00:00,15190.40674
1268,East,4,7,Delhi  & NCR,03-01-2016 00:00,15184.02934
1269,New Delhi,5,7,Delhi  & NCR,03-01-2016 00:00,15150.30303
1270,North,2,7,Delhi  & NCR,03-01-2016 00:00,15144.22089
1271,North East,3,7,Delhi  & NCR,03-01-2016 00:00,15184.27009
1272,North West,1,7,Delhi  & NCR,03-01-2016 00:00,15136.61783
1273,South,9,7,Delhi  & NCR,03-01-2016 00:00,15178.45278
1274,South West,8,7,Delhi  & NCR,03-01-2016 00:00,15198.07139
1275,West,7,7,Delhi  & NCR,03-01-2016 00:00,15199.25674
1276,Jaipur,12,8,Rajasthan,03-01-2016 00:00,15490.37323
1277,Jaisalmer,16,8,Rajasthan,03-01-2016 00:00,15756.51873
1278,Jalor,18,8,Rajasthan,03-01-2016 00:00,15665.53916
1279,Jhalawar,32,8,Rajasthan,03-01-2016 00:00,15688.49053
1280,Jhunjhunun,5,8,Rajasthan,03-01-2016 00:00,15425.53722
1281,Jodhpur,15,8,Rajasthan,03-01-2016 00:00,15669.10101
1282,Kota,30,8,Rajasthan,03-01-2016 00:00,15493.57556
1283,Nagaur,14,8,Rajasthan,03-01-2016 00:00,15656.48746
1284,Pali,20,8,Rajasthan,03-01-2016 00:00,15689.87247
1285,Rajsamand,25,8,Rajasthan,03-01-2016 00:00,15529.1689
1286,Sawai Madhopur,10,8,Rajasthan,03-01-2016 00:00,15509.00935
1287,Ajmer,21,8,Rajasthan,03-01-2016 00:00,15621.51881
1288,Banswara,28,8,Rajasthan,03-01-2016 00:00,15695.32072
1289,Barmer,17,8,Rajasthan,03-01-2016 00:00,15738.20641
1290,Bhilwara,24,8,Rajasthan,03-01-2016 00:00,15637.52013
1291,Bikaner,3,8,Rajasthan,03-01-2016 00:00,15627.19585
1292,Bharatpur,7,8,Rajasthan,03-01-2016 00:00,15360.7751
1293,Bundi,23,8,Rajasthan,03-01-2016 00:00,15455.01025
1294,Chittaurgarh,29,8,Rajasthan,03-01-2016 00:00,15640.96642
1295,Churu,4,8,Rajasthan,03-01-2016 00:00,15581.67183
1296,Dausa,11,8,Rajasthan,03-01-2016 00:00,15449.62647
1297,Dhaulpur,8,8,Rajasthan,03-01-2016 00:00,15453.28405
1298,Dungarpur,27,8,Rajasthan,03-01-2016 00:00,15679.02294
1299,Karauli,9,8,Rajasthan,03-01-2016 00:00,15497.34177
1300,Sirohi,19,8,Rajasthan,03-01-2016 00:00,15595.96208
1301,Tonk,22,8,Rajasthan,03-01-2016 00:00,15571.5511
1302,Sikar,13,8,Rajasthan,03-01-2016 00:00,15446.24892
1303,Alwar,6,8,Rajasthan,03-01-2016 00:00,15281.17289
1304,Udaipur,26,8,Rajasthan,03-01-2016 00:00,15607.07412
1305,Ganganagar,1,8,Rajasthan,03-01-2016 00:00,15233.2274
1306,Hanumangarh,2,8,Rajasthan,03-01-2016 00:00,15262.54374
1307,Baran,31,8,Rajasthan,03-01-2016 00:00,15577.50914
1308,Hathras,13,9,Uttar Pradesh,03-01-2016 00:00,15258.83827
1309,Jalaun,35,9,Uttar Pradesh,03-01-2016 00:00,15347.89795
1310,Jaunpur,64,9,Uttar Pradesh,03-01-2016 00:00,15249.72396
1311,Jhansi,36,9,Uttar Pradesh,03-01-2016 00:00,15453.85672
1312,Jyotiba Phule Nagar,6,9,Uttar Pradesh,03-01-2016 00:00,15039.13727
1313,Kannauj,30,9,Uttar Pradesh,03-01-2016 00:00,15295.55808
1314,Kanpur Nagar,34,9,Uttar Pradesh,03-01-2016 00:00,15278.99527
1315,Kaushambi,44,9,Uttar Pradesh,03-01-2016 00:00,15308.78436
1316,Kheri,23,9,Uttar Pradesh,03-01-2016 00:00,15235.92986
1317,Mirzapur,69,9,Uttar Pradesh,03-01-2016 00:00,15421.43169
1318,Moradabad,4,9,Uttar Pradesh,03-01-2016 00:00,15060.0265
1319,Muzaffarnagar,2,9,Uttar Pradesh,03-01-2016 00:00,15026.97193
1320,Rae Bareli,28,9,Uttar Pradesh,03-01-2016 00:00,15275.82636
1321,Kushinagar,59,9,Uttar Pradesh,03-01-2016 00:00,15215.56329
1322,Lucknow,27,9,Uttar Pradesh,03-01-2016 00:00,15265.52582
1323,Lalitpur,37,9,Uttar Pradesh,03-01-2016 00:00,15471.15403
1324,Mahrajganj,57,9,Uttar Pradesh,03-01-2016 00:00,15172.95464
1325,Mahoba,39,9,Uttar Pradesh,03-01-2016 00:00,15594.24622
1326,Mainpuri,18,9,Uttar Pradesh,03-01-2016 00:00,15212.82004
1327,Mathura,14,9,Uttar Pradesh,03-01-2016 00:00,15176.30003
1328,Mau,62,9,Uttar Pradesh,03-01-2016 00:00,15265.69662
1329,Meerut,7,9,Uttar Pradesh,03-01-2016 00:00,15057.65431
1330,Pilibhit,21,9,Uttar Pradesh,03-01-2016 00:00,15154.0413
1331,Pratapgarh,43,9,Uttar Pradesh,03-01-2016 00:00,15275.13033
1332,Rampur,5,9,Uttar Pradesh,03-01-2016 00:00,15041.46222
1333,Sant Ravidas Nagar Bhadohi,68,9,Uttar Pradesh,03-01-2016 00:00,15237.39755
1334,Sant Kabir Nagar,56,9,Uttar Pradesh,03-01-2016 00:00,15219.16789
1335,Shahjahanpur,22,9,Uttar Pradesh,03-01-2016 00:00,15157.97923
1336,Auraiya,32,9,Uttar Pradesh,03-01-2016 00:00,15249.47251
1337,Azamgarh,61,9,Uttar Pradesh,03-01-2016 00:00,15271.45083
1338,Budaun,19,9,Uttar Pradesh,03-01-2016 00:00,15138.06739
1339,Agra,15,9,Uttar Pradesh,03-01-2016 00:00,15326.08877
1340,Aligarh,12,9,Uttar Pradesh,03-01-2016 00:00,15131.85466
1341,Allahabad,45,9,Uttar Pradesh,03-01-2016 00:00,15338.65419
1342,Ambedkar Nagar,48,9,Uttar Pradesh,03-01-2016 00:00,15244.76425
1343,Bareilly,20,9,Uttar Pradesh,03-01-2016 00:00,15141.38223
1344,Bijnor,3,9,Uttar Pradesh,03-01-2016 00:00,15113.33291
1345,Basti,55,9,Uttar Pradesh,03-01-2016 00:00,15245.96351
1346,Baghpat,8,9,Uttar Pradesh,03-01-2016 00:00,15026.03681
1347,Bahraich,50,9,Uttar Pradesh,03-01-2016 00:00,15225.21028
1348,Ballia,63,9,Uttar Pradesh,03-01-2016 00:00,15259.27772
1349,Balrampur,52,9,Uttar Pradesh,03-01-2016 00:00,15291.64332
1350,Banda,40,9,Uttar Pradesh,03-01-2016 00:00,15454.87278
1351,Barabanki,46,9,Uttar Pradesh,03-01-2016 00:00,15228.70953
1352,Chitrakoot,41,9,Uttar Pradesh,03-01-2016 00:00,15510.34038
1353,Chandauli,66,9,Uttar Pradesh,03-01-2016 00:00,15310.29193
1354,Deoria,60,9,Uttar Pradesh,03-01-2016 00:00,15236.94079
1355,Etah,17,9,Uttar Pradesh,03-01-2016 00:00,15166.61916
1356,Kanpur Dehat,33,9,Uttar Pradesh,03-01-2016 00:00,15279.88668
1357,Etawah,31,9,Uttar Pradesh,03-01-2016 00:00,15245.22709
1358,Faizabad,47,9,Uttar Pradesh,03-01-2016 00:00,15256.61638
1359,Ghazipur,65,9,Uttar Pradesh,03-01-2016 00:00,15245.52918
1360,Gonda,53,9,Uttar Pradesh,03-01-2016 00:00,15251.55464
1361,Gorakhpur,58,9,Uttar Pradesh,03-01-2016 00:00,15226.89816
1362,Farrukhabad,29,9,Uttar Pradesh,03-01-2016 00:00,15245.41714
1363,Fatehpur,42,9,Uttar Pradesh,03-01-2016 00:00,15280.42018
1364,Firozabad,16,9,Uttar Pradesh,03-01-2016 00:00,15258.70596
1365,Hamirpur,38,9,Uttar Pradesh,03-01-2016 00:00,15425.73568
1366,Hardoi,25,9,Uttar Pradesh,03-01-2016 00:00,15229.5099
1367,Shrawasti,51,9,Uttar Pradesh,03-01-2016 00:00,15218.05649
1368,Saharanpur,1,9,Uttar Pradesh,03-01-2016 00:00,15007.1469
1369,Sitapur,24,9,Uttar Pradesh,03-01-2016 00:00,15249.17787
1370,Sultanpur,49,9,Uttar Pradesh,03-01-2016 00:00,15291.12858
1371,Sonbhadra,70,9,Uttar Pradesh,03-01-2016 00:00,15435.4768
1372,Siddharthnagar,54,9,Uttar Pradesh,03-01-2016 00:00,15201.96855
1373,Unnao,26,9,Uttar Pradesh,03-01-2016 00:00,15245.80483
1374,Varanasi,67,9,Uttar Pradesh,03-01-2016 00:00,15215.74548
1375,Bulandshahr,11,9,Uttar Pradesh,03-01-2016 00:00,15046.15648
1376,Gautam Buddha Nagar,10,9,Uttar Pradesh,03-01-2016 00:00,15110.34912
1377,Ghaziabad,9,9,Uttar Pradesh,03-01-2016 00:00,15065.06322
1378,Jamui,37,10,Bihar,03-01-2016 00:00,15449.18351
1379,Kishanganj,8,10,Bihar,03-01-2016 00:00,15227.26533
1380,Muzaffarpur,14,10,Bihar,03-01-2016 00:00,15211.89323
1381,Purnia,9,10,Bihar,03-01-2016 00:00,15101.29119
1382,Khagaria,21,10,Bihar,03-01-2016 00:00,15105.05894
1383,Madhubani,5,10,Bihar,03-01-2016 00:00,15219.77314
1384,Lakhisarai,25,10,Bihar,03-01-2016 00:00,15351.57806
1385,Madhepura,11,10,Bihar,03-01-2016 00:00,15116.45936
1386,Purba Champaran,2,10,Bihar,03-01-2016 00:00,15191.90559
1387,Munger,24,10,Bihar,03-01-2016 00:00,15308.73907
1388,Nalanda,27,10,Bihar,03-01-2016 00:00,15355.98056
1389,Nawada,36,10,Bihar,03-01-2016 00:00,15400.84412
1390,Pashchim Champaran,1,10,Bihar,03-01-2016 00:00,15227.32136
1391,Patna,28,10,Bihar,03-01-2016 00:00,15344.6228
1392,Samastipur,19,10,Bihar,03-01-2016 00:00,15190.02236
1393,Araria,7,10,Bihar,03-01-2016 00:00,15097.09099
1394,Aurangabad,34,10,Bihar,03-01-2016 00:00,15423.39355
1395,Banka,23,10,Bihar,03-01-2016 00:00,15466.54697
1396,Bhagalpur,22,10,Bihar,03-01-2016 00:00,15244.45281
1397,Begusarai,20,10,Bihar,03-01-2016 00:00,15212.48972
1398,Saran,17,10,Bihar,03-01-2016 00:00,15267.45647
1399,Katihar,10,10,Bihar,03-01-2016 00:00,15131.85736
1400,Darbhanga,13,10,Bihar,03-01-2016 00:00,15200.59047
1401,Gopalganj,15,10,Bihar,03-01-2016 00:00,15259.93936
1402,Sheikhpura,26,10,Bihar,03-01-2016 00:00,15373.76166
1403,Sheohar,3,10,Bihar,03-01-2016 00:00,15178.10117
1404,Saharsa,12,10,Bihar,03-01-2016 00:00,15130.26393
1405,Sitamarhi,4,10,Bihar,03-01-2016 00:00,15197.03563
1406,Siwan,16,10,Bihar,03-01-2016 00:00,15260.78505
1407,Supaul,6,10,Bihar,03-01-2016 00:00,15143.02282
1408,Vaishali,18,10,Bihar,03-01-2016 00:00,15263.03501
1409,Kaimur (Bhabua),31,10,Bihar,03-01-2016 00:00,15367.77136
1410,Gaya,35,10,Bihar,03-01-2016 00:00,15449.27474
1411,Bhojpur,29,10,Bihar,03-01-2016 00:00,15323.9143
1412,Buxar,30,10,Bihar,03-01-2016 00:00,15256.4207
1413,Jehanabad,33,10,Bihar,03-01-2016 00:00,15363.8482
1414,Rohtas,32,10,Bihar,03-01-2016 00:00,15314.89041
1415,North,1,11,Sikkim,03-01-2016 00:00,14007.77472
1416,East,4,11,Sikkim,03-01-2016 00:00,14479.6893
1417,South,3,11,Sikkim,03-01-2016 00:00,14648.9599
1418,West,2,11,Sikkim,03-01-2016 00:00,14403.76532
1419,Lohit,11,12,Arunanchal Pradesh,03-01-2016 00:00,14380.07118
1420,Lower Subansiri,5,12,Arunanchal Pradesh,03-01-2016 00:00,14440.25533
1421,Papum Pare,4,12,Arunanchal Pradesh,03-01-2016 00:00,14682.27011
1422,Changlang,12,12,Arunanchal Pradesh,03-01-2016 00:00,14701.17372
1423,Dibang Valley,10,12,Arunanchal Pradesh,03-01-2016 00:00,14199.9534
1424,East Kameng,3,12,Arunanchal Pradesh,03-01-2016 00:00,14526.97982
1425,East Siang,8,12,Arunanchal Pradesh,03-01-2016 00:00,14802.34236
1426,Tawang,1,12,Arunanchal Pradesh,03-01-2016 00:00,14067.03796
1427,Tirap,13,12,Arunanchal Pradesh,03-01-2016 00:00,14803.5763
1428,West Kameng,2,12,Arunanchal Pradesh,03-01-2016 00:00,14511.1829
1429,West Siang,7,12,Arunanchal Pradesh,03-01-2016 00:00,14498.0707
1430,Upper Siang,9,12,Arunanchal Pradesh,03-01-2016 00:00,14312.1917
1431,Upper Subansiri,6,12,Arunanchal Pradesh,03-01-2016 00:00,14337.23732
1432,Mokokchung,3,13,Nagaland,03-01-2016 00:00,14896.71864
1433,Mon,1,13,Nagaland,03-01-2016 00:00,14889.6807
1434,Phek,8,13,Nagaland,03-01-2016 00:00,14865.44521
1435,Tuensang,2,13,Nagaland,03-01-2016 00:00,14818.72732
1436,Wokha,5,13,Nagaland,03-01-2016 00:00,14947.05883
1437,Zunheboto,4,13,Nagaland,03-01-2016 00:00,14860.58723
1438,Dimapur,6,13,Nagaland,03-01-2016 00:00,15101.3233
1439,Kohima,7,13,Nagaland,03-01-2016 00:00,14938.84949
1440,Imphal East,7,14,Manipur,03-01-2016 00:00,15107.70337
1441,Imphal West,6,14,Manipur,03-01-2016 00:00,15001.9487
1442,Senapati (Excl. 3 sub-divisions),1,14,Manipur,03-01-2016 00:00,14898.12531
1443,Bishnupur,4,14,Manipur,03-01-2016 00:00,15012.87592
1444,Chandel,9,14,Manipur,03-01-2016 00:00,15026.84047
1445,Churachandpur,3,14,Manipur,03-01-2016 00:00,14951.83186
1446,Tamenglong,2,14,Manipur,03-01-2016 00:00,14862.25315
1447,Thoubal,5,14,Manipur,03-01-2016 00:00,15117.09479
1448,Ukhrul,8,14,Manipur,03-01-2016 00:00,14903.91573
1449,Kolasib,2,15,Mizoram,03-01-2016 00:00,14993.06545
1450,Mamit,1,15,Mizoram,03-01-2016 00:00,15013.05833
1451,Lunglei,6,15,Mizoram,03-01-2016 00:00,15015.3759
1452,Lawngtlai,7,15,Mizoram,03-01-2016 00:00,15104.50563
1453,Saiha,8,15,Mizoram,03-01-2016 00:00,14991.40631
1454,Serchhip,5,15,Mizoram,03-01-2016 00:00,14987.00462
1455,Aizawl,3,15,Mizoram,03-01-2016 00:00,14989.6341
1456,Champhai,4,15,Mizoram,03-01-2016 00:00,14969.53638
1457,North Tripura,4,16,Tripura,03-01-2016 00:00,15078.00496
1458,Dhalai,3,16,Tripura,03-01-2016 00:00,15107.10386
1459,South Tripura,2,16,Tripura,03-01-2016 00:00,15144.01319
1460,West Tripura,1,16,Tripura,03-01-2016 00:00,15175.81223
1461,Jaintia Hills,7,17,Meghalaya,03-01-2016 00:00,14978.76686
1462,East Garo Hills,2,17,Meghalaya,03-01-2016 00:00,15138.74863
1463,East Khasi Hills,6,17,Meghalaya,03-01-2016 00:00,14936.24052
1464,Ri Bhoi,5,17,Meghalaya,03-01-2016 00:00,15054.00191
1465,South Garo Hills,3,17,Meghalaya,03-01-2016 00:00,15104.73475
1466,West Garo Hills,1,17,Meghalaya,03-01-2016 00:00,15155.88655
1467,West Khasi Hills,4,17,Meghalaya,03-01-2016 00:00,14986.61334
1468,Jorhat,17,18,Assam,03-01-2016 00:00,15007.39861
1469,Karimganj,22,18,Assam,03-01-2016 00:00,15089.44785
1470,Kokrajhar,1,18,Assam,03-01-2016 00:00,15127.31607
1471,Lakhimpur,12,18,Assam,03-01-2016 00:00,15013.44166
1472,Nagaon,10,18,Assam,03-01-2016 00:00,15150.80567
1473,Marigaon,9,18,Assam,03-01-2016 00:00,15076.51332
1474,Nalbari,7,18,Assam,03-01-2016 00:00,15132.5629
1475,North Cachar Hills,20,18,Assam,03-01-2016 00:00,15065.63582
1476,Barpeta,5,18,Assam,03-01-2016 00:00,15115.23343
1477,Bongaigaon,4,18,Assam,03-01-2016 00:00,15115.38403
1478,Cachar,21,18,Assam,03-01-2016 00:00,15049.54618
1479,Darrang,8,18,Assam,03-01-2016 00:00,15101.64373
1480,Dhemaji,13,18,Assam,03-01-2016 00:00,15013.04781
1481,Dhubri,2,18,Assam,03-01-2016 00:00,15149.99999
1482,Dibrugarh,15,18,Assam,03-01-2016 00:00,14973.72392
1483,Kamrup,6,18,Assam,03-01-2016 00:00,15099.93768
1484,Karbi Anglong,19,18,Assam,03-01-2016 00:00,15043.68921
1485,Goalpara,3,18,Assam,03-01-2016 00:00,15176.2981
1486,Golaghat,18,18,Assam,03-01-2016 00:00,15081.24359
1487,Hailakandi,23,18,Assam,03-01-2016 00:00,15089.16541
1488,Sonitpur,11,18,Assam,03-01-2016 00:00,15076.8483
1489,Sibsagar,16,18,Assam,03-01-2016 00:00,14977.46194
1490,Tinsukia,14,18,Assam,03-01-2016 00:00,14968.3941
1491,Hugli,12,19,West Bengal,03-01-2016 00:00,15255.31277
1492,Jalpaiguri,2,19,West Bengal,03-01-2016 00:00,15133.42414
1493,Koch Bihar,3,19,West Bengal,03-01-2016 00:00,15104.46136
1494,Murshidabad,7,19,West Bengal,03-01-2016 00:00,15280.73769
1495,Puruliya,14,19,West Bengal,03-01-2016 00:00,15540.19201
1496,Kolkata,17,19,West Bengal,03-01-2016 00:00,15311.86806
1497,Maldah,6,19,West Bengal,03-01-2016 00:00,15199.7526
1498,Nadia,10,19,West Bengal,03-01-2016 00:00,15299.62769
1499,North Twenty Four Parganas,11,19,West Bengal,03-01-2016 00:00,15128.49006
1500,Medinipur,15,19,West Bengal,03-01-2016 00:00,15261.3953
1501,Barddhaman,9,19,West Bengal,03-01-2016 00:00,15317.5034
1502,Birbhum,8,19,West Bengal,03-01-2016 00:00,15315.5589
1503,Bankura,13,19,West Bengal,03-01-2016 00:00,15429.16873
1504,Dakshin Dinajpur,5,19,West Bengal,03-01-2016 00:00,15226.45791
1505,Darjiling,1,19,West Bengal,03-01-2016 00:00,14932.66938
1506,Haora,16,19,West Bengal,03-01-2016 00:00,15160.56897
1507,South  Twenty Four Parganas,18,19,West Bengal,03-01-2016 00:00,15128.14712
1508,Uttar Dinajpur,4,19,West Bengal,03-01-2016 00:00,15149.78941
1509,Purbi Singhbhum,18,20,Jharkhand,03-01-2016 00:00,15468.13064
1510,Lohardaga,15,20,Jharkhand,03-01-2016 00:00,15370.73641
1511,Pakaur,10,20,Jharkhand,03-01-2016 00:00,15489.17572
1512,Pashchimi Singhbhum,17,20,Jharkhand,03-01-2016 00:00,15436.1667
1513,Bokaro,13,20,Jharkhand,03-01-2016 00:00,15555.93696
1514,Deoghar,7,20,Jharkhand,03-01-2016 00:00,15536.98679
1515,Dhanbad,12,20,Jharkhand,03-01-2016 00:00,15501.4472
1516,Dumka,11,20,Jharkhand,03-01-2016 00:00,15517.36963
1517,Giridih,6,20,Jharkhand,03-01-2016 00:00,15501.11848
1518,Godda,8,20,Jharkhand,03-01-2016 00:00,15448.24911
1519,Gumla,16,20,Jharkhand,03-01-2016 00:00,15409.17439
1520,Ranchi,14,20,Jharkhand,03-01-2016 00:00,15446.08039
1521,Sahibganj,9,20,Jharkhand,03-01-2016 00:00,15375.96199
1522,Garhwa,1,20,Jharkhand,03-01-2016 00:00,15473.81849
1523,Palamu,2,20,Jharkhand,03-01-2016 00:00,15445.32161
1524,Chatra,3,20,Jharkhand,03-01-2016 00:00,15486.92008
1525,Hazaribagh,4,20,Jharkhand,03-01-2016 00:00,15473.5851
1526,Kodarma,5,20,Jharkhand,03-01-2016 00:00,15486.79443
1527,Jajapur,13,21,Orissa,03-01-2016 00:00,15406.82934
1528,Jagatsinghapur,11,21,Orissa,03-01-2016 00:00,15347.52178
1529,Jharsuguda,2,21,Orissa,03-01-2016 00:00,15397.57943
1530,Khordha,17,21,Orissa,03-01-2016 00:00,15410.93383
1531,Mayurbhanj,7,21,Orissa,03-01-2016 00:00,15333.8333
1532,Puri,18,21,Orissa,03-01-2016 00:00,15288.90334
1533,Koraput,29,21,Orissa,03-01-2016 00:00,15468.17954
1534,Malkangiri,30,21,Orissa,03-01-2016 00:00,15512.12883
1535,Nabarangapur,28,21,Orissa,03-01-2016 00:00,15489.91657
1536,Nayagarh,16,21,Orissa,03-01-2016 00:00,15387.78199
1537,Nuapada,25,21,Orissa,03-01-2016 00:00,15478.74018
1538,Kandhamal,21,21,Orissa,03-01-2016 00:00,15371.36939
1539,Sambalpur,3,21,Orissa,03-01-2016 00:00,15380.05853
1540,Anugul,15,21,Orissa,03-01-2016 00:00,15358.86923
1541,Bhadrak,9,21,Orissa,03-01-2016 00:00,15416.96767
1542,Baudh,22,21,Orissa,03-01-2016 00:00,15426.84842
1543,Balangir,24,21,Orissa,03-01-2016 00:00,15517.59737
1544,Baleshwar,8,21,Orissa,03-01-2016 00:00,15294.69175
1545,Bargarh,1,21,Orissa,03-01-2016 00:00,15384.52181
1546,Kendrapara,10,21,Orissa,03-01-2016 00:00,15346.26503
1547,Kendujhar,6,21,Orissa,03-01-2016 00:00,15332.80158
1548,Debagarh,4,21,Orissa,03-01-2016 00:00,15380.31814
1549,Cuttack,12,21,Orissa,03-01-2016 00:00,15398.46054
1550,Dhenkanal,14,21,Orissa,03-01-2016 00:00,15374.62277
1551,Kalahandi,26,21,Orissa,03-01-2016 00:00,15490.79307
1552,Ganjam,19,21,Orissa,03-01-2016 00:00,15416.01695
1553,Gajapati,20,21,Orissa,03-01-2016 00:00,15388.87104
1554,Rayagada,27,21,Orissa,03-01-2016 00:00,15442.97698
1555,Sundargarh,5,21,Orissa,03-01-2016 00:00,15410.67719
1556,Sonapur,23,21,Orissa,03-01-2016 00:00,15382.2525
1557,Jashpur,3,22,Chhattisgarh,03-01-2016 00:00,15364.5759
1558,Koriya,1,22,Chhattisgarh,03-01-2016 00:00,15361.897
1559,Mahasamund,12,22,Chhattisgarh,03-01-2016 00:00,15477.58367
1560,Raigarh,4,22,Chhattisgarh,03-01-2016 00:00,15425.4385
1561,Raipur,11,22,Chhattisgarh,03-01-2016 00:00,15514.03956
1562,Rajnandgaon,9,22,Chhattisgarh,03-01-2016 00:00,15538.88342
1563,Bastar,15,22,Chhattisgarh,03-01-2016 00:00,15401.0891
1564,Dantewada,16,22,Chhattisgarh,03-01-2016 00:00,15479.09034
1565,Dhamtari,13,22,Chhattisgarh,03-01-2016 00:00,15398.88198
1566,Durg,10,22,Chhattisgarh,03-01-2016 00:00,15533.36375
1567,Kanker,14,22,Chhattisgarh,03-01-2016 00:00,15447.06907
1568,Surguja,2,22,Chhattisgarh,03-01-2016 00:00,15367.70565
1569,Bilaspur,7,22,Chhattisgarh,03-01-2016 00:00,15492.74932
1570,Janjgir - Champa,6,22,Chhattisgarh,03-01-2016 00:00,15528.35546
1571,Korba,5,22,Chhattisgarh,03-01-2016 00:00,15399.64905
1572,Kawardha,8,22,Chhattisgarh,03-01-2016 00:00,15556.47464
1573,Hoshangabad,37,23,Madhya Pradesh,03-01-2016 00:00,15488.96435
1574,Indore,26,23,Madhya Pradesh,03-01-2016 00:00,15690.20594
1575,Jabalpur,39,23,Madhya Pradesh,03-01-2016 00:00,15448.64151
1576,Jhabua,24,23,Madhya Pradesh,03-01-2016 00:00,15823.25691
1577,Mandsaur,19,23,Madhya Pradesh,03-01-2016 00:00,15732.65352
1578,Tikamgarh,8,23,Madhya Pradesh,03-01-2016 00:00,15556.06085
1579,Narsimhapur,40,23,Madhya Pradesh,03-01-2016 00:00,15523.85452
1580,Neemuch,18,23,Madhya Pradesh,03-01-2016 00:00,15677.50044
1581,Panna,10,23,Madhya Pradesh,03-01-2016 00:00,15601.13849
1582,Raisen,34,23,Madhya Pradesh,03-01-2016 00:00,15603.82519
1583,Rajgarh,30,23,Madhya Pradesh,03-01-2016 00:00,15767.07073
1584,Satna,13,23,Madhya Pradesh,03-01-2016 00:00,15452.84714
1585,Sehore,33,23,Madhya Pradesh,03-01-2016 00:00,15696.82854
1586,Seoni,44,23,Madhya Pradesh,03-01-2016 00:00,15591.3741
1587,Bhind,3,23,Madhya Pradesh,03-01-2016 00:00,15366.24462
1588,Bhopal,32,23,Madhya Pradesh,03-01-2016 00:00,15591.25809
1589,Barwani,28,23,Madhya Pradesh,03-01-2016 00:00,15853.64797
1590,Betul,35,23,Madhya Pradesh,03-01-2016 00:00,15681.88689
1591,Balaghat,45,23,Madhya Pradesh,03-01-2016 00:00,15450.24019
1592,Chhatarpur,9,23,Madhya Pradesh,03-01-2016 00:00,15599.8225
1593,Chhindwara,43,23,Madhya Pradesh,03-01-2016 00:00,15619.72247
1594,Dewas,23,23,Madhya Pradesh,03-01-2016 00:00,15732.19579
1595,Katni,38,23,Madhya Pradesh,03-01-2016 00:00,15464.24703
1596,Datia,5,23,Madhya Pradesh,03-01-2016 00:00,15320.98894
1597,Damoh,12,23,Madhya Pradesh,03-01-2016 00:00,15619.99539
1598,Dhar,25,23,Madhya Pradesh,03-01-2016 00:00,15811.83524
1599,East Nimar,29,23,Madhya Pradesh,03-01-2016 00:00,15799.29072
1600,Guna,7,23,Madhya Pradesh,03-01-2016 00:00,15591.1267
1601,Gwalior,4,23,Madhya Pradesh,03-01-2016 00:00,15380.14374
1602,Harda,36,23,Madhya Pradesh,03-01-2016 00:00,15685.18146
1603,Shajapur,22,23,Madhya Pradesh,03-01-2016 00:00,15751.35188
1604,Shivpuri,6,23,Madhya Pradesh,03-01-2016 00:00,15555.28546
1605,Ratlam,20,23,Madhya Pradesh,03-01-2016 00:00,15790.95562
1606,Rewa,14,23,Madhya Pradesh,03-01-2016 00:00,15410.59317
1607,Sagar,11,23,Madhya Pradesh,03-01-2016 00:00,15678.10922
1608,Sidhi,17,23,Madhya Pradesh,03-01-2016 00:00,15414.83797
1609,Ujjain,21,23,Madhya Pradesh,03-01-2016 00:00,15713.45683
1610,Vidisha,31,23,Madhya Pradesh,03-01-2016 00:00,15590.07759
1611,West Nimar,27,23,Madhya Pradesh,03-01-2016 00:00,15817.36765
1612,Morena,2,23,Madhya Pradesh,03-01-2016 00:00,15378.26859
1613,Sheopur,1,23,Madhya Pradesh,03-01-2016 00:00,15570.93046
1614,Dindori,41,23,Madhya Pradesh,03-01-2016 00:00,15540.11913
1615,Mandla,42,23,Madhya Pradesh,03-01-2016 00:00,15555.61162
1616,Shahdol,16,23,Madhya Pradesh,03-01-2016 00:00,15474.15966
1617,Umaria,15,23,Madhya Pradesh,03-01-2016 00:00,15448.23267
1618,Jamnagar,10,24,Gujarat,03-01-2016 00:00,15800.354
1619,Kheda,16,24,Gujarat,03-01-2016 00:00,15552.81613
1620,Mahesana,4,24,Gujarat,03-01-2016 00:00,15535.1362
1621,Narmada,20,24,Gujarat,03-01-2016 00:00,15706.03884
1622,Navsari,24,24,Gujarat,03-01-2016 00:00,15530.2819
1623,Panch Mahals,17,24,Gujarat,03-01-2016 00:00,15639.79934
1624,Patan,3,24,Gujarat,03-01-2016 00:00,15641.21371
1625,Porbandar,11,24,Gujarat,03-01-2016 00:00,15789.37534
1626,Rajkot,9,24,Gujarat,03-01-2016 00:00,15851.04246
1627,Anand,15,24,Gujarat,03-01-2016 00:00,15461.78026
1628,Ahmadabad,7,24,Gujarat,03-01-2016 00:00,15679.0317
1629,Amreli,13,24,Gujarat,03-01-2016 00:00,15887.41641
1630,Bhavnagar,14,24,Gujarat,03-01-2016 00:00,15820.85482
1631,Banas Kantha,2,24,Gujarat,03-01-2016 00:00,15563.59819
1632,Dohad,18,24,Gujarat,03-01-2016 00:00,15743.07569
1633,Junagadh,12,24,Gujarat,03-01-2016 00:00,15815.40734
1634,Kachchh,1,24,Gujarat,03-01-2016 00:00,15639.40209
1635,Gandhinagar,6,24,Gujarat,03-01-2016 00:00,15540.45083
1636,Sabar Kantha,5,24,Gujarat,03-01-2016 00:00,15590.92426
1637,Surendranagar,8,24,Gujarat,03-01-2016 00:00,15759.43114
1638,The Dangs,23,24,Gujarat,03-01-2016 00:00,15746.82187
1639,Vadodara,19,24,Gujarat,03-01-2016 00:00,15613.78411
1640,Valsad,25,24,Gujarat,03-01-2016 00:00,15632.04682
1641,Bharuch,21,24,Gujarat,03-01-2016 00:00,15679.15904
1642,Surat,22,24,Gujarat,03-01-2016 00:00,15614.69168
1643,Daman,2,25,Daman & Diu,03-01-2016 00:00,15426.65506
1644,Diu,1,25,Daman & Diu,03-01-2016 00:00,15435.54075
1645,Hingoli,16,27,Maharashtra,03-01-2016 00:00,15886.67998
1646,Jalgaon,3,27,Maharashtra,03-01-2016 00:00,15870.74715
1647,Jalna,18,27,Maharashtra,03-01-2016 00:00,15975.5488
1648,Kolhapur,34,27,Maharashtra,03-01-2016 00:00,15612.13125
1649,Latur,28,27,Maharashtra,03-01-2016 00:00,15990.40015
1650,Pune,25,27,Maharashtra,03-01-2016 00:00,15719.3873
1651,Nagpur,9,27,Maharashtra,03-01-2016 00:00,15618.1801
1652,Mumbai,23,27,Maharashtra,03-01-2016 00:00,15353.94948
1653,Mumbai (Suburban),22,27,Maharashtra,03-01-2016 00:00,15443.67649
1654,Nanded,15,27,Maharashtra,03-01-2016 00:00,15911.89891
1655,Nandurbar,1,27,Maharashtra,03-01-2016 00:00,15811.36198
1656,Nashik,20,27,Maharashtra,03-01-2016 00:00,15790.54823
1657,Osmanabad,29,27,Maharashtra,03-01-2016 00:00,16031.8461
1658,Parbhani,17,27,Maharashtra,03-01-2016 00:00,16011.66485
1659,Sangli,35,27,Maharashtra,03-01-2016 00:00,15885.29981
1660,Satara,31,27,Maharashtra,03-01-2016 00:00,15741.01832
1661,Aurangabad,19,27,Maharashtra,03-01-2016 00:00,15898.77563
1662,Ahmadnagar,26,27,Maharashtra,03-01-2016 00:00,15888.43187
1663,Akola,5,27,Maharashtra,03-01-2016 00:00,15925.87723
1664,Amravati,7,27,Maharashtra,03-01-2016 00:00,15780.30803
1665,Bid,27,27,Maharashtra,03-01-2016 00:00,15983.99379
1666,Bhandara,10,27,Maharashtra,03-01-2016 00:00,15502.69082
1667,Buldana,4,27,Maharashtra,03-01-2016 00:00,15912.38685
1668,Chandrapur,13,27,Maharashtra,03-01-2016 00:00,15571.38626
1669,Dhule,2,27,Maharashtra,03-01-2016 00:00,15884.49644
1670,Gadchiroli,12,27,Maharashtra,03-01-2016 00:00,15482.28672
1671,Gondiya,11,27,Maharashtra,03-01-2016 00:00,15475.645
1672,Ratnagiri,32,27,Maharashtra,03-01-2016 00:00,15551.44137
1673,Raigarh,24,27,Maharashtra,03-01-2016 00:00,15615.07263
1674,Thane,21,27,Maharashtra,03-01-2016 00:00,15687.00818
1675,Solapur,30,27,Maharashtra,03-01-2016 00:00,15998.41337
1676,Sindhudurg,33,27,Maharashtra,03-01-2016 00:00,15484.11371
1677,Wardha,8,27,Maharashtra,03-01-2016 00:00,15757.17525
1678,Washim,6,27,Maharashtra,03-01-2016 00:00,15891.83375
1679,Yavatmal,14,27,Maharashtra,03-01-2016 00:00,15784.0865
1680,Hyderabad,5,28,Andhra Pradesh,03-01-2016 00:00,15569.33249
1681,Khammam,10,28,Andhra Pradesh,03-01-2016 00:00,15545.49637
1682,Medak,4,28,Andhra Pradesh,03-01-2016 00:00,15837.53556
1683,Krishna,16,28,Andhra Pradesh,03-01-2016 00:00,15489.44142
1684,Kurnool,21,28,Andhra Pradesh,03-01-2016 00:00,15865.64191
1685,Mahbubnagar,7,28,Andhra Pradesh,03-01-2016 00:00,15853.04112
1686,Nalgonda,8,28,Andhra Pradesh,03-01-2016 00:00,15727.13464
1687,Nellore,19,28,Andhra Pradesh,03-01-2016 00:00,15444.65219
1688,Nizamabad,2,28,Andhra Pradesh,03-01-2016 00:00,15820.02175
1689,Prakasam,18,28,Andhra Pradesh,03-01-2016 00:00,15641.0756
1690,Anantapur,22,28,Andhra Pradesh,03-01-2016 00:00,15853.9113
1691,Adilabad,1,28,Andhra Pradesh,03-01-2016 00:00,15683.79859
1692,Chittoor,23,28,Andhra Pradesh,03-01-2016 00:00,15527.75309
1693,Cuddapah,20,28,Andhra Pradesh,03-01-2016 00:00,15649.07741
1694,East Godavari,14,28,Andhra Pradesh,03-01-2016 00:00,15327.26548
1695,Karimnagar,3,28,Andhra Pradesh,03-01-2016 00:00,15655.94444
1696,Guntur,17,28,Andhra Pradesh,03-01-2016 00:00,15620.128
1697,Rangareddi,6,28,Andhra Pradesh,03-01-2016 00:00,15843.48697
1698,Srikakulam,11,28,Andhra Pradesh,03-01-2016 00:00,15512.48488
1699,West Godavari,15,28,Andhra Pradesh,03-01-2016 00:00,15293.24986
1700,Visakhapatnam,13,28,Andhra Pradesh,03-01-2016 00:00,15429.34356
1701,Vizianagaram,12,28,Andhra Pradesh,03-01-2016 00:00,15512.07318
1702,Warangal,9,28,Andhra Pradesh,03-01-2016 00:00,15580.42317
1703,Hassan,23,29,Karnataka,03-01-2016 00:00,15566.1584
1704,Haveri,11,29,Karnataka,03-01-2016 00:00,15835.31991
1705,Kodagu,25,29,Karnataka,03-01-2016 00:00,15185.50184
1706,Kolar,19,29,Karnataka,03-01-2016 00:00,15640.28827
1707,Mandya,22,29,Karnataka,03-01-2016 00:00,15565.7212
1708,Koppal,7,29,Karnataka,03-01-2016 00:00,15911.50138
1709,Mysore,26,29,Karnataka,03-01-2016 00:00,15645.03395
1710,Raichur,6,29,Karnataka,03-01-2016 00:00,15890.14112
1711,Bagalkot,2,29,Karnataka,03-01-2016 00:00,15875.17689
1712,Bangalore,20,29,Karnataka,03-01-2016 00:00,15559.34392
1713,Bidar,5,29,Karnataka,03-01-2016 00:00,15946.83071
1714,Bijapur,3,29,Karnataka,03-01-2016 00:00,16005.34744
1715,Belgaum,1,29,Karnataka,03-01-2016 00:00,15808.8498
1716,Bellary,12,29,Karnataka,03-01-2016 00:00,15849.43196
1717,Bangalore Rural,21,29,Karnataka,03-01-2016 00:00,15611.35476
1718,Chamarajanagar,27,29,Karnataka,03-01-2016 00:00,15570.90706
1719,Chikmagalur,17,29,Karnataka,03-01-2016 00:00,15424.64023
1720,Chitradurga,13,29,Karnataka,03-01-2016 00:00,15852.19172
1721,Dakshina Kannada,24,29,Karnataka,03-01-2016 00:00,15269.50552
1722,Davanagere,14,29,Karnataka,03-01-2016 00:00,15745.00608
1723,Dharwad,9,29,Karnataka,03-01-2016 00:00,15903.05982
1724,Gulbarga,4,29,Karnataka,03-01-2016 00:00,15979.80678
1725,Gadag,8,29,Karnataka,03-01-2016 00:00,15997.50409
1726,Shimoga,15,29,Karnataka,03-01-2016 00:00,15458.00745
1727,Tumkur,18,29,Karnataka,03-01-2016 00:00,15695.27222
1728,Udupi,16,29,Karnataka,03-01-2016 00:00,15300.86826
1729,Uttara Kannada,10,29,Karnataka,03-01-2016 00:00,15340.37034
1730,North Goa,1,30,Goa,03-01-2016 00:00,15392.67079
1731,South Goa,2,30,Goa,03-01-2016 00:00,15341.31701
1732,Idukki,9,32,Kerala,03-01-2016 00:00,15137.78848
1733,Kollam,13,32,Kerala,03-01-2016 00:00,15271.94086
1734,Kottayam,10,32,Kerala,03-01-2016 00:00,15272.30769
1735,Kozhikode,4,32,Kerala,03-01-2016 00:00,15268.49413
1736,Malappuram,5,32,Kerala,03-01-2016 00:00,15278.99981
1737,Palakkad,6,32,Kerala,03-01-2016 00:00,15316.83337
1738,Pathanamthitta,12,32,Kerala,03-01-2016 00:00,15212.12913
1739,Alappuzha,11,32,Kerala,03-01-2016 00:00,15247.27907
1740,Kasaragod,1,32,Kerala,03-01-2016 00:00,15317.03873
1741,Kannur,2,32,Kerala,03-01-2016 00:00,15308.12893
1742,Ernakulam,8,32,Kerala,03-01-2016 00:00,15282.7854
1743,Thrissur,7,32,Kerala,03-01-2016 00:00,15291.18707
1744,Thiruvananthapuram,14,32,Kerala,03-01-2016 00:00,15270.21397
1745,Wayanad,3,32,Kerala,03-01-2016 00:00,15182.36279
1746,Kanniyakumari,30,33,Tamil Nadu,03-01-2016 00:00,15273.97542
1747,Karur,14,33,Tamil Nadu,03-01-2016 00:00,15684.19877
1748,Madurai,24,33,Tamil Nadu,03-01-2016 00:00,15563.23809
1749,Namakkal,9,33,Tamil Nadu,03-01-2016 00:00,15603.73952
1750,The Nilgiris,11,33,Tamil Nadu,03-01-2016 00:00,15161.35467
1751,Perambalur,16,33,Tamil Nadu,03-01-2016 00:00,15599.47976
1752,Pudukkottai,22,33,Tamil Nadu,03-01-2016 00:00,15587.85967
1753,Ramanathapuram,27,33,Tamil Nadu,03-01-2016 00:00,15609.78984
1754,Salem,8,33,Tamil Nadu,03-01-2016 00:00,15518.27333
1755,Ariyalur,17,33,Tamil Nadu,03-01-2016 00:00,15522.50254
1756,Coimbatore,12,33,Tamil Nadu,03-01-2016 00:00,15480.35602
1757,Cuddalore,18,33,Tamil Nadu,03-01-2016 00:00,15462.81254
1758,Dharmapuri,5,33,Tamil Nadu,03-01-2016 00:00,15532.94583
1759,Dindigul,13,33,Tamil Nadu,03-01-2016 00:00,15481.17238
1760,Erode,10,33,Tamil Nadu,03-01-2016 00:00,15503.51571
1761,Sivaganga,23,33,Tamil Nadu,03-01-2016 00:00,15629.70568
1762,Tiruchirappalli,15,33,Tamil Nadu,03-01-2016 00:00,15611.69646
1763,Tirunelveli,29,33,Tamil Nadu,03-01-2016 00:00,15457.262
1764,Tiruvannamalai,6,33,Tamil Nadu,03-01-2016 00:00,15428.91197
1765,Thoothukkudi,28,33,Tamil Nadu,03-01-2016 00:00,15591.80223
1766,Theni,25,33,Tamil Nadu,03-01-2016 00:00,15447.24455
1767,Vellore,4,33,Tamil Nadu,03-01-2016 00:00,15470.66166
1768,Viluppuram,7,33,Tamil Nadu,03-01-2016 00:00,15445.04865
1769,Virudhunagar,26,33,Tamil Nadu,03-01-2016 00:00,15623.05032
1770,Chennai,2,33,Tamil Nadu,03-01-2016 00:00,15468.12031
1771,Kancheepuram,3,33,Tamil Nadu,03-01-2016 00:00,15425.15024
1772,Thiruvallur,1,33,Tamil Nadu,03-01-2016 00:00,15445.85085
1773,Thanjavur,21,33,Tamil Nadu,03-01-2016 00:00,15429.88009
1774,Thiruvarur,20,33,Tamil Nadu,03-01-2016 00:00,15454.6099
1775,Nagapattinam,19,33,Tamil Nadu,03-01-2016 00:00,15445.56402
1776,Pondicherry,2,34,Puducherry,03-01-2016 00:00,15368.86883
1777,Yanam,1,34,Puducherry,03-01-2016 00:00,15270.95815
1778,Karaikal,4,34,Puducherry,03-01-2016 00:00,15443.49116
1779,Mahe,3,34,Puducherry,03-01-2016 00:00,15290.62348
1780,Nicobars,2,35,Andaman & Nicobar Island,03-01-2016 00:00,15071.19566
1781,Andamans,1,35,Andaman & Nicobar Island,03-01-2016 00:00,15169.4717
1782,Chandigarh,1,4,Chandigarh,04-01-2016 00:00,15560.65748
1783,Dadra & Nagar Haveli,1,26,Dadara & Nagar Havelli,04-01-2016 00:00,15876.3259
1784,Lakshadweep,1,31,Lakshadweep,04-01-2016 00:00,15167.36793
1785,Data Not Available,99,99,Jammu and Kashmir,04-01-2016 00:00,13979.30937
1786,Jammu,13,1,Jammu and Kashmir,04-01-2016 00:00,15491.17463
1787,Kargil,8,1,Jammu and Kashmir,04-01-2016 00:00,13895.68437
1788,Kathua,14,1,Jammu and Kashmir,04-01-2016 00:00,15279.9722
1789,Leh (Ladakh),7,1,Jammu and Kashmir,04-01-2016 00:00,14160.90591
1790,Kupwara,1,1,Jammu and Kashmir,04-01-2016 00:00,14412.44545
1791,Punch,11,1,Jammu and Kashmir,04-01-2016 00:00,14793.99715
1792,Pulwama,5,1,Jammu and Kashmir,04-01-2016 00:00,14595.26157
1793,Rajauri,12,1,Jammu and Kashmir,04-01-2016 00:00,15069.9213
1794,Anantnag,6,1,Jammu and Kashmir,04-01-2016 00:00,14186.70487
1795,Badgam,4,1,Jammu and Kashmir,04-01-2016 00:00,14438.95712
1796,Baramula,2,1,Jammu and Kashmir,04-01-2016 00:00,14265.24531
1797,Doda,9,1,Jammu and Kashmir,04-01-2016 00:00,14070.52027
1798,Srinagar,3,1,Jammu and Kashmir,04-01-2016 00:00,14174.25077
1799,Udhampur,10,1,Jammu and Kashmir,04-01-2016 00:00,14948.07156
1800,Kangra,2,2,Himachal Pradesh,04-01-2016 00:00,15022.39375
1801,Kinnaur,12,2,Himachal Pradesh,04-01-2016 00:00,13975.02167
1802,Lahul & Spiti,3,2,Himachal Pradesh,04-01-2016 00:00,13736.54639
1803,Kullu,4,2,Himachal Pradesh,04-01-2016 00:00,14251.44533
1804,Mandi,5,2,Himachal Pradesh,04-01-2016 00:00,15063.89354
1805,Bilaspur,8,2,Himachal Pradesh,04-01-2016 00:00,15377.98218
1806,Chamba,1,2,Himachal Pradesh,04-01-2016 00:00,14366.37581
1807,Hamirpur,6,2,Himachal Pradesh,04-01-2016 00:00,15380.89481
1808,Shimla,11,2,Himachal Pradesh,04-01-2016 00:00,14754.80798
1809,Sirmaur,10,2,Himachal Pradesh,04-01-2016 00:00,15292.68404
1810,Solan,9,2,Himachal Pradesh,04-01-2016 00:00,15332.36579
1811,Una,7,2,Himachal Pradesh,04-01-2016 00:00,15479.97661
1812,Hoshiarpur,5,3,Punjab,04-01-2016 00:00,15526.95119
1813,Jalandhar,4,3,Punjab,04-01-2016 00:00,15543.85702
1814,Kapurthala,3,3,Punjab,04-01-2016 00:00,15553.43466
1815,Ludhiana,9,3,Punjab,04-01-2016 00:00,15573.81418
1816,Mansa,15,3,Punjab,04-01-2016 00:00,15707.37485
1817,Moga,10,3,Punjab,04-01-2016 00:00,15694.6982
1818,Muktsar,12,3,Punjab,04-01-2016 00:00,15669.65279
1819,Nawanshahr,6,3,Punjab,04-01-2016 00:00,15518.38056
1820,Patiala,17,3,Punjab,04-01-2016 00:00,15622.90514
1821,Sangrur,16,3,Punjab,04-01-2016 00:00,15686.43427
1822,Amritsar,2,3,Punjab,04-01-2016 00:00,15515.58987
1823,Firozpur,11,3,Punjab,04-01-2016 00:00,15606.20087
1824,Bathinda,14,3,Punjab,04-01-2016 00:00,15715.8883
1825,Gurdaspur,1,3,Punjab,04-01-2016 00:00,15498.25215
1826,Faridkot,13,3,Punjab,04-01-2016 00:00,15697.83459
1827,Fatehgarh Sahib,8,3,Punjab,04-01-2016 00:00,15565.90462
1828,Rupnagar,7,3,Punjab,04-01-2016 00:00,15546.18974
1829,Hardwar,13,5,Uttarakhand,04-01-2016 00:00,15480.64335
1830,Nainital,11,5,Uttarakhand,04-01-2016 00:00,15359.1779
1831,Pithoragarh,7,5,Uttarakhand,04-01-2016 00:00,14424.69175
1832,Bageshwar,8,5,Uttarakhand,04-01-2016 00:00,14792.25869
1833,Almora,9,5,Uttarakhand,04-01-2016 00:00,15248.89077
1834,Chamoli,2,5,Uttarakhand,04-01-2016 00:00,14283.94953
1835,Champawat,10,5,Uttarakhand,04-01-2016 00:00,15277.09332
1836,Dehradun,5,5,Uttarakhand,04-01-2016 00:00,15320.31726
1837,Garhwal,6,5,Uttarakhand,04-01-2016 00:00,15287.57096
1838,Rudraprayag,3,5,Uttarakhand,04-01-2016 00:00,14678.57494
1839,Tehri Garhwal,4,5,Uttarakhand,04-01-2016 00:00,15004.47129
1840,Udham Singh Nagar,12,5,Uttarakhand,04-01-2016 00:00,15508.18816
1841,Uttarkashi,1,5,Uttarakhand,04-01-2016 00:00,14317.98147
1842,Hisar,12,6,Haryana,04-01-2016 00:00,15770.21495
1843,Jind,9,6,Haryana,04-01-2016 00:00,15682.07379
1844,Kaithal,5,6,Haryana,04-01-2016 00:00,15632.23742
1845,Karnal,6,6,Haryana,04-01-2016 00:00,15581.93108
1846,Kurukshetra,4,6,Haryana,04-01-2016 00:00,15514.83854
1847,Panchkula,1,6,Haryana,04-01-2016 00:00,15530.22792
1848,Panipat,7,6,Haryana,04-01-2016 00:00,15620.8205
1849,Ambala,2,6,Haryana,04-01-2016 00:00,15552.7362
1850,Gurgaon,18,6,Haryana,04-01-2016 00:00,15783.77266
1851,Faridabad,19,6,Haryana,04-01-2016 00:00,15708.00909
1852,Fatehabad,10,6,Haryana,04-01-2016 00:00,15699.16878
1853,Rohtak,14,6,Haryana,04-01-2016 00:00,15691.92801
1854,Sirsa,11,6,Haryana,04-01-2016 00:00,15746.76004
1855,Sonipat,8,6,Haryana,04-01-2016 00:00,15640.80111
1856,Yamunanagar,3,6,Haryana,04-01-2016 00:00,15501.46607
1857,Jhajjar,15,6,Haryana,04-01-2016 00:00,15805.14322
1858,Mahendragarh,16,6,Haryana,04-01-2016 00:00,15957.03813
1859,Rewari,17,6,Haryana,04-01-2016 00:00,15920.61676
1860,Bhiwani,13,6,Haryana,04-01-2016 00:00,15889.25672
1861,Central,6,7,Delhi  & NCR,04-01-2016 00:00,15554.11639
1862,East,4,7,Delhi  & NCR,04-01-2016 00:00,15547.8197
1863,New Delhi,5,7,Delhi  & NCR,04-01-2016 00:00,15490.2477
1864,North,2,7,Delhi  & NCR,04-01-2016 00:00,15579.58908
1865,North East,3,7,Delhi  & NCR,04-01-2016 00:00,15603.97387
1866,North West,1,7,Delhi  & NCR,04-01-2016 00:00,15663.31365
1867,South,9,7,Delhi  & NCR,04-01-2016 00:00,15581.47295
1868,South West,8,7,Delhi  & NCR,04-01-2016 00:00,15671.55903
1869,West,7,7,Delhi  & NCR,04-01-2016 00:00,15607.07013
1870,Jaipur,12,8,Rajasthan,04-01-2016 00:00,15917.82188
1871,Jaisalmer,16,8,Rajasthan,04-01-2016 00:00,16125.82208
1872,Jalor,18,8,Rajasthan,04-01-2016 00:00,15963.19904
1873,Jhalawar,32,8,Rajasthan,04-01-2016 00:00,16097.29984
1874,Jhunjhunun,5,8,Rajasthan,04-01-2016 00:00,15958.61457
1875,Jodhpur,15,8,Rajasthan,04-01-2016 00:00,16042.9481
1876,Kota,30,8,Rajasthan,04-01-2016 00:00,15962.32291
1877,Nagaur,14,8,Rajasthan,04-01-2016 00:00,16011.66253
1878,Pali,20,8,Rajasthan,04-01-2016 00:00,15986.47822
1879,Rajsamand,25,8,Rajasthan,04-01-2016 00:00,15864.78139
1880,Sawai Madhopur,10,8,Rajasthan,04-01-2016 00:00,15935.11668
1881,Ajmer,21,8,Rajasthan,04-01-2016 00:00,15968.66465
1882,Banswara,28,8,Rajasthan,04-01-2016 00:00,16017.56355
1883,Barmer,17,8,Rajasthan,04-01-2016 00:00,16023.61892
1884,Bhilwara,24,8,Rajasthan,04-01-2016 00:00,15975.79707
1885,Bikaner,3,8,Rajasthan,04-01-2016 00:00,16045.3321
1886,Bharatpur,7,8,Rajasthan,04-01-2016 00:00,15904.28911
1887,Bundi,23,8,Rajasthan,04-01-2016 00:00,15913.77057
1888,Chittaurgarh,29,8,Rajasthan,04-01-2016 00:00,15987.76501
1889,Churu,4,8,Rajasthan,04-01-2016 00:00,16013.28602
1890,Dausa,11,8,Rajasthan,04-01-2016 00:00,15933.3195
1891,Dhaulpur,8,8,Rajasthan,04-01-2016 00:00,15911.95578
1892,Dungarpur,27,8,Rajasthan,04-01-2016 00:00,16026.6406
1893,Karauli,9,8,Rajasthan,04-01-2016 00:00,15924.89415
1894,Sirohi,19,8,Rajasthan,04-01-2016 00:00,15897.85728
1895,Tonk,22,8,Rajasthan,04-01-2016 00:00,15975.86232
1896,Sikar,13,8,Rajasthan,04-01-2016 00:00,15918.28016
1897,Alwar,6,8,Rajasthan,04-01-2016 00:00,15878.12572
1898,Udaipur,26,8,Rajasthan,04-01-2016 00:00,15931.70218
1899,Ganganagar,1,8,Rajasthan,04-01-2016 00:00,15814.43599
1900,Hanumangarh,2,8,Rajasthan,04-01-2016 00:00,15872.93477
1901,Baran,31,8,Rajasthan,04-01-2016 00:00,16017.4582
1902,Hathras,13,9,Uttar Pradesh,04-01-2016 00:00,15781.02524
1903,Jalaun,35,9,Uttar Pradesh,04-01-2016 00:00,15833.43532
1904,Jaunpur,64,9,Uttar Pradesh,04-01-2016 00:00,15695.64449
1905,Jhansi,36,9,Uttar Pradesh,04-01-2016 00:00,15926.68493
1906,Jyotiba Phule Nagar,6,9,Uttar Pradesh,04-01-2016 00:00,15524.94327
1907,Kannauj,30,9,Uttar Pradesh,04-01-2016 00:00,15625.45872
1908,Kanpur Nagar,34,9,Uttar Pradesh,04-01-2016 00:00,15705.26505
1909,Kaushambi,44,9,Uttar Pradesh,04-01-2016 00:00,15744.38573
1910,Kheri,23,9,Uttar Pradesh,04-01-2016 00:00,15608.38391
1911,Mirzapur,69,9,Uttar Pradesh,04-01-2016 00:00,15842.5868
1912,Moradabad,4,9,Uttar Pradesh,04-01-2016 00:00,15557.74561
1913,Muzaffarnagar,2,9,Uttar Pradesh,04-01-2016 00:00,15448.90691
1914,Rae Bareli,28,9,Uttar Pradesh,04-01-2016 00:00,15677.84428
1915,Kushinagar,59,9,Uttar Pradesh,04-01-2016 00:00,15581.3114
1916,Lucknow,27,9,Uttar Pradesh,04-01-2016 00:00,15639.96496
1917,Lalitpur,37,9,Uttar Pradesh,04-01-2016 00:00,15976.35165
1918,Mahrajganj,57,9,Uttar Pradesh,04-01-2016 00:00,15639.8956
1919,Mahoba,39,9,Uttar Pradesh,04-01-2016 00:00,15964.16202
1920,Mainpuri,18,9,Uttar Pradesh,04-01-2016 00:00,15730.97944
1921,Mathura,14,9,Uttar Pradesh,04-01-2016 00:00,15779.55331
1922,Mau,62,9,Uttar Pradesh,04-01-2016 00:00,15659.88682
1923,Meerut,7,9,Uttar Pradesh,04-01-2016 00:00,15496.24893
1924,Pilibhit,21,9,Uttar Pradesh,04-01-2016 00:00,15583.56779
1925,Pratapgarh,43,9,Uttar Pradesh,04-01-2016 00:00,15715.86848
1926,Rampur,5,9,Uttar Pradesh,04-01-2016 00:00,15494.86484
1927,Sant Ravidas Nagar Bhadohi,68,9,Uttar Pradesh,04-01-2016 00:00,15716.90459
1928,Sant Kabir Nagar,56,9,Uttar Pradesh,04-01-2016 00:00,15655.85032
1929,Shahjahanpur,22,9,Uttar Pradesh,04-01-2016 00:00,15672.26291
1930,Auraiya,32,9,Uttar Pradesh,04-01-2016 00:00,15745.78727
1931,Azamgarh,61,9,Uttar Pradesh,04-01-2016 00:00,15675.69903
1932,Budaun,19,9,Uttar Pradesh,04-01-2016 00:00,15663.09207
1933,Agra,15,9,Uttar Pradesh,04-01-2016 00:00,15828.01735
1934,Aligarh,12,9,Uttar Pradesh,04-01-2016 00:00,15709.92339
1935,Allahabad,45,9,Uttar Pradesh,04-01-2016 00:00,15778.09525
1936,Ambedkar Nagar,48,9,Uttar Pradesh,04-01-2016 00:00,15638.67948
1937,Bareilly,20,9,Uttar Pradesh,04-01-2016 00:00,15584.99848
1938,Bijnor,3,9,Uttar Pradesh,04-01-2016 00:00,15533.69387
1939,Basti,55,9,Uttar Pradesh,04-01-2016 00:00,15622.54791
1940,Baghpat,8,9,Uttar Pradesh,04-01-2016 00:00,15489.4539
1941,Bahraich,50,9,Uttar Pradesh,04-01-2016 00:00,15579.67938
1942,Ballia,63,9,Uttar Pradesh,04-01-2016 00:00,15670.34152
1943,Balrampur,52,9,Uttar Pradesh,04-01-2016 00:00,15649.61128
1944,Banda,40,9,Uttar Pradesh,04-01-2016 00:00,15905.7844
1945,Barabanki,46,9,Uttar Pradesh,04-01-2016 00:00,15546.82153
1946,Chitrakoot,41,9,Uttar Pradesh,04-01-2016 00:00,15892.42912
1947,Chandauli,66,9,Uttar Pradesh,04-01-2016 00:00,15756.47361
1948,Deoria,60,9,Uttar Pradesh,04-01-2016 00:00,15671.18561
1949,Etah,17,9,Uttar Pradesh,04-01-2016 00:00,15705.64375
1950,Kanpur Dehat,33,9,Uttar Pradesh,04-01-2016 00:00,15748.2954
1951,Etawah,31,9,Uttar Pradesh,04-01-2016 00:00,15753.60084
1952,Faizabad,47,9,Uttar Pradesh,04-01-2016 00:00,15603.47203
1953,Ghazipur,65,9,Uttar Pradesh,04-01-2016 00:00,15673.40595
1954,Gonda,53,9,Uttar Pradesh,04-01-2016 00:00,15616.7374
1955,Gorakhpur,58,9,Uttar Pradesh,04-01-2016 00:00,15650.22136
1956,Farrukhabad,29,9,Uttar Pradesh,04-01-2016 00:00,15649.99579
1957,Fatehpur,42,9,Uttar Pradesh,04-01-2016 00:00,15736.55142
1958,Firozabad,16,9,Uttar Pradesh,04-01-2016 00:00,15787.00568
1959,Hamirpur,38,9,Uttar Pradesh,04-01-2016 00:00,15863.18848
1960,Hardoi,25,9,Uttar Pradesh,04-01-2016 00:00,15698.62218
1961,Shrawasti,51,9,Uttar Pradesh,04-01-2016 00:00,15609.3587
1962,Saharanpur,1,9,Uttar Pradesh,04-01-2016 00:00,15423.84776
1963,Sitapur,24,9,Uttar Pradesh,04-01-2016 00:00,15635.71386
1964,Sultanpur,49,9,Uttar Pradesh,04-01-2016 00:00,15693.56259
1965,Sonbhadra,70,9,Uttar Pradesh,04-01-2016 00:00,15817.06591
1966,Siddharthnagar,54,9,Uttar Pradesh,04-01-2016 00:00,15670.65392
1967,Unnao,26,9,Uttar Pradesh,04-01-2016 00:00,15701.64994
1968,Varanasi,67,9,Uttar Pradesh,04-01-2016 00:00,15651.10497
1969,Bulandshahr,11,9,Uttar Pradesh,04-01-2016 00:00,15585.17758
1970,Gautam Buddha Nagar,10,9,Uttar Pradesh,04-01-2016 00:00,15674.22168
1971,Ghaziabad,9,9,Uttar Pradesh,04-01-2016 00:00,15544.73473
1972,Jamui,37,10,Bihar,04-01-2016 00:00,15765.77958
1973,Kishanganj,8,10,Bihar,04-01-2016 00:00,15392.69241
1974,Muzaffarpur,14,10,Bihar,04-01-2016 00:00,15545.08147
1975,Purnia,9,10,Bihar,04-01-2016 00:00,15335.33359
1976,Khagaria,21,10,Bihar,04-01-2016 00:00,15448.98688
1977,Madhubani,5,10,Bihar,04-01-2016 00:00,15482.60873
1978,Lakhisarai,25,10,Bihar,04-01-2016 00:00,15739.80591
1979,Madhepura,11,10,Bihar,04-01-2016 00:00,15424.37772
1980,Purba Champaran,2,10,Bihar,04-01-2016 00:00,15459.27449
1981,Munger,24,10,Bihar,04-01-2016 00:00,15693.59263
1982,Nalanda,27,10,Bihar,04-01-2016 00:00,15734.90969
1983,Nawada,36,10,Bihar,04-01-2016 00:00,15759.39088
1984,Pashchim Champaran,1,10,Bihar,04-01-2016 00:00,15499.7086
1985,Patna,28,10,Bihar,04-01-2016 00:00,15675.21166
1986,Samastipur,19,10,Bihar,04-01-2016 00:00,15556.40715
1987,Araria,7,10,Bihar,04-01-2016 00:00,15340.45871
1988,Aurangabad,34,10,Bihar,04-01-2016 00:00,15795.58059
1989,Banka,23,10,Bihar,04-01-2016 00:00,15788.87256
1990,Bhagalpur,22,10,Bihar,04-01-2016 00:00,15606.26213
1991,Begusarai,20,10,Bihar,04-01-2016 00:00,15628.84402
1992,Saran,17,10,Bihar,04-01-2016 00:00,15631.10215
1993,Katihar,10,10,Bihar,04-01-2016 00:00,15389.5048
1994,Darbhanga,13,10,Bihar,04-01-2016 00:00,15543.3979
1995,Gopalganj,15,10,Bihar,04-01-2016 00:00,15613.32547
1996,Sheikhpura,26,10,Bihar,04-01-2016 00:00,15748.71996
1997,Sheohar,3,10,Bihar,04-01-2016 00:00,15468.70449
1998,Saharsa,12,10,Bihar,04-01-2016 00:00,15440.45972
1999,Sitamarhi,4,10,Bihar,04-01-2016 00:00,15508.8545
2000,Siwan,16,10,Bihar,04-01-2016 00:00,15633.069
2001,Supaul,6,10,Bihar,04-01-2016 00:00,15421.33046
2002,Vaishali,18,10,Bihar,04-01-2016 00:00,15635.61743
2003,Kaimur (Bhabua),31,10,Bihar,04-01-2016 00:00,15798.95181
2004,Gaya,35,10,Bihar,04-01-2016 00:00,15799.10111
2005,Bhojpur,29,10,Bihar,04-01-2016 00:00,15749.38909
2006,Buxar,30,10,Bihar,04-01-2016 00:00,15725.895
2007,Jehanabad,33,10,Bihar,04-01-2016 00:00,15747.39616
2008,Rohtas,32,10,Bihar,04-01-2016 00:00,15770.47027
2009,North,1,11,Sikkim,04-01-2016 00:00,14223.61475
2010,East,4,11,Sikkim,04-01-2016 00:00,14652.78385
2011,South,3,11,Sikkim,04-01-2016 00:00,14784.28409
2012,West,2,11,Sikkim,04-01-2016 00:00,14577.41621
2013,Lohit,11,12,Arunanchal Pradesh,04-01-2016 00:00,14364.95156
2014,Lower Subansiri,5,12,Arunanchal Pradesh,04-01-2016 00:00,14476.90627
2015,Papum Pare,4,12,Arunanchal Pradesh,04-01-2016 00:00,14679.91345
2016,Changlang,12,12,Arunanchal Pradesh,04-01-2016 00:00,14736.052
2017,Dibang Valley,10,12,Arunanchal Pradesh,04-01-2016 00:00,14246.49935
2018,East Kameng,3,12,Arunanchal Pradesh,04-01-2016 00:00,14557.89795
2019,East Siang,8,12,Arunanchal Pradesh,04-01-2016 00:00,14783.28268
2020,Tawang,1,12,Arunanchal Pradesh,04-01-2016 00:00,14140.22725
2021,Tirap,13,12,Arunanchal Pradesh,04-01-2016 00:00,14812.90081
2022,West Kameng,2,12,Arunanchal Pradesh,04-01-2016 00:00,14575.14632
2023,West Siang,7,12,Arunanchal Pradesh,04-01-2016 00:00,14539.10681
2024,Upper Siang,9,12,Arunanchal Pradesh,04-01-2016 00:00,14364.52394
2025,Upper Subansiri,6,12,Arunanchal Pradesh,04-01-2016 00:00,14377.12886
2026,Mokokchung,3,13,Nagaland,04-01-2016 00:00,14968.34841
2027,Mon,1,13,Nagaland,04-01-2016 00:00,14905.54409
2028,Phek,8,13,Nagaland,04-01-2016 00:00,15028.76038
2029,Tuensang,2,13,Nagaland,04-01-2016 00:00,14914.87154
2030,Wokha,5,13,Nagaland,04-01-2016 00:00,15033.54594
2031,Zunheboto,4,13,Nagaland,04-01-2016 00:00,14967.68682
2032,Dimapur,6,13,Nagaland,04-01-2016 00:00,15169.71437
2033,Kohima,7,13,Nagaland,04-01-2016 00:00,15048.80734
2034,Imphal East,7,14,Manipur,04-01-2016 00:00,15081.37634
2035,Imphal West,6,14,Manipur,04-01-2016 00:00,15017.1509
2036,Senapati (Excl. 3 sub-divisions),1,14,Manipur,04-01-2016 00:00,14930.44775
2037,Bishnupur,4,14,Manipur,04-01-2016 00:00,15016.25768
2038,Chandel,9,14,Manipur,04-01-2016 00:00,15069.91385
2039,Churachandpur,3,14,Manipur,04-01-2016 00:00,14979.87728
2040,Tamenglong,2,14,Manipur,04-01-2016 00:00,14916.78809
2041,Thoubal,5,14,Manipur,04-01-2016 00:00,15114.60769
2042,Ukhrul,8,14,Manipur,04-01-2016 00:00,14988.66441
2043,Kolasib,2,15,Mizoram,04-01-2016 00:00,15029.99451
2044,Mamit,1,15,Mizoram,04-01-2016 00:00,15040.74735
2045,Lunglei,6,15,Mizoram,04-01-2016 00:00,15097.12623
2046,Lawngtlai,7,15,Mizoram,04-01-2016 00:00,15230.31892
2047,Saiha,8,15,Mizoram,04-01-2016 00:00,15117.95431
2048,Serchhip,5,15,Mizoram,04-01-2016 00:00,15050.07403
2049,Aizawl,3,15,Mizoram,04-01-2016 00:00,15028.45327
2050,Champhai,4,15,Mizoram,04-01-2016 00:00,15009.2057
2051,North Tripura,4,16,Tripura,04-01-2016 00:00,15086.70729
2052,Dhalai,3,16,Tripura,04-01-2016 00:00,15115.24272
2053,South Tripura,2,16,Tripura,04-01-2016 00:00,15131.94552
2054,West Tripura,1,16,Tripura,04-01-2016 00:00,15149.97458
2055,Jaintia Hills,7,17,Meghalaya,04-01-2016 00:00,14965.23376
2056,East Garo Hills,2,17,Meghalaya,04-01-2016 00:00,15142.94536
2057,East Khasi Hills,6,17,Meghalaya,04-01-2016 00:00,14936.61413
2058,Ri Bhoi,5,17,Meghalaya,04-01-2016 00:00,15105.54203
2059,South Garo Hills,3,17,Meghalaya,04-01-2016 00:00,15046.52183
2060,West Garo Hills,1,17,Meghalaya,04-01-2016 00:00,15174.27068
2061,West Khasi Hills,4,17,Meghalaya,04-01-2016 00:00,14995.01943
2062,Jorhat,17,18,Assam,04-01-2016 00:00,14987.9935
2063,Karimganj,22,18,Assam,04-01-2016 00:00,15039.19355
2064,Kokrajhar,1,18,Assam,04-01-2016 00:00,15089.98483
2065,Lakhimpur,12,18,Assam,04-01-2016 00:00,14973.05473
2066,Nagaon,10,18,Assam,04-01-2016 00:00,15150.08553
2067,Marigaon,9,18,Assam,04-01-2016 00:00,15003.30001
2068,Nalbari,7,18,Assam,04-01-2016 00:00,15027.86824
2069,North Cachar Hills,20,18,Assam,04-01-2016 00:00,15131.35339
2070,Barpeta,5,18,Assam,04-01-2016 00:00,15020.32548
2071,Bongaigaon,4,18,Assam,04-01-2016 00:00,15066.49551
2072,Cachar,21,18,Assam,04-01-2016 00:00,15056.24105
2073,Darrang,8,18,Assam,04-01-2016 00:00,14994.26068
2074,Dhemaji,13,18,Assam,04-01-2016 00:00,14963.58692
2075,Dhubri,2,18,Assam,04-01-2016 00:00,15112.92272
2076,Dibrugarh,15,18,Assam,04-01-2016 00:00,14929.14896
2077,Kamrup,6,18,Assam,04-01-2016 00:00,15056.59237
2078,Karbi Anglong,19,18,Assam,04-01-2016 00:00,15118.69208
2079,Goalpara,3,18,Assam,04-01-2016 00:00,15109.05079
2080,Golaghat,18,18,Assam,04-01-2016 00:00,15055.81188
2081,Hailakandi,23,18,Assam,04-01-2016 00:00,15052.11094
2082,Sonitpur,11,18,Assam,04-01-2016 00:00,14982.19631
2083,Sibsagar,16,18,Assam,04-01-2016 00:00,14968.25592
2084,Tinsukia,14,18,Assam,04-01-2016 00:00,14902.03889
2085,Hugli,12,19,West Bengal,04-01-2016 00:00,15475.09643
2086,Jalpaiguri,2,19,West Bengal,04-01-2016 00:00,15138.46426
2087,Koch Bihar,3,19,West Bengal,04-01-2016 00:00,15142.80877
2088,Murshidabad,7,19,West Bengal,04-01-2016 00:00,15438.84352
2089,Puruliya,14,19,West Bengal,04-01-2016 00:00,15903.2853
2090,Kolkata,17,19,West Bengal,04-01-2016 00:00,15565.77551
2091,Maldah,6,19,West Bengal,04-01-2016 00:00,15402.90714
2092,Nadia,10,19,West Bengal,04-01-2016 00:00,15442.1809
2093,North Twenty Four Parganas,11,19,West Bengal,04-01-2016 00:00,15296.64137
2094,Medinipur,15,19,West Bengal,04-01-2016 00:00,15537.83915
2095,Barddhaman,9,19,West Bengal,04-01-2016 00:00,15559.98831
2096,Birbhum,8,19,West Bengal,04-01-2016 00:00,15547.99037
2097,Bankura,13,19,West Bengal,04-01-2016 00:00,15687.04474
2098,Dakshin Dinajpur,5,19,West Bengal,04-01-2016 00:00,15446.62702
2099,Darjiling,1,19,West Bengal,04-01-2016 00:00,15034.71714
2100,Haora,16,19,West Bengal,04-01-2016 00:00,15381.14908
2101,South  Twenty Four Parganas,18,19,West Bengal,04-01-2016 00:00,15361.78265
2102,Uttar Dinajpur,4,19,West Bengal,04-01-2016 00:00,15324.0805
2103,Purbi Singhbhum,18,20,Jharkhand,04-01-2016 00:00,15845.74791
2104,Lohardaga,15,20,Jharkhand,04-01-2016 00:00,15756.20065
2105,Pakaur,10,20,Jharkhand,04-01-2016 00:00,15733.72235
2106,Pashchimi Singhbhum,17,20,Jharkhand,04-01-2016 00:00,15833.91719
2107,Bokaro,13,20,Jharkhand,04-01-2016 00:00,15912.8827
2108,Deoghar,7,20,Jharkhand,04-01-2016 00:00,15817.10622
2109,Dhanbad,12,20,Jharkhand,04-01-2016 00:00,15834.78555
2110,Dumka,11,20,Jharkhand,04-01-2016 00:00,15803.06592
2111,Giridih,6,20,Jharkhand,04-01-2016 00:00,15821.76261
2112,Godda,8,20,Jharkhand,04-01-2016 00:00,15744.76163
2113,Gumla,16,20,Jharkhand,04-01-2016 00:00,15821.08377
2114,Ranchi,14,20,Jharkhand,04-01-2016 00:00,15844.8393
2115,Sahibganj,9,20,Jharkhand,04-01-2016 00:00,15661.78773
2116,Garhwa,1,20,Jharkhand,04-01-2016 00:00,15858.94609
2117,Palamu,2,20,Jharkhand,04-01-2016 00:00,15808.10982
2118,Chatra,3,20,Jharkhand,04-01-2016 00:00,15821.33504
2119,Hazaribagh,4,20,Jharkhand,04-01-2016 00:00,15825.44415
2120,Kodarma,5,20,Jharkhand,04-01-2016 00:00,15807.71105
2121,Jajapur,13,21,Orissa,04-01-2016 00:00,15690.15716
2122,Jagatsinghapur,11,21,Orissa,04-01-2016 00:00,15530.42784
2123,Jharsuguda,2,21,Orissa,04-01-2016 00:00,15728.50321
2124,Khordha,17,21,Orissa,04-01-2016 00:00,15661.21465
2125,Mayurbhanj,7,21,Orissa,04-01-2016 00:00,15675.21224
2126,Puri,18,21,Orissa,04-01-2016 00:00,15431.06498
2127,Koraput,29,21,Orissa,04-01-2016 00:00,15659.57394
2128,Malkangiri,30,21,Orissa,04-01-2016 00:00,15729.65365
2129,Nabarangapur,28,21,Orissa,04-01-2016 00:00,15764.9751
2130,Nayagarh,16,21,Orissa,04-01-2016 00:00,15702.17274
2131,Nuapada,25,21,Orissa,04-01-2016 00:00,15837.47987
2132,Kandhamal,21,21,Orissa,04-01-2016 00:00,15641.86843
2133,Sambalpur,3,21,Orissa,04-01-2016 00:00,15683.16858
2134,Anugul,15,21,Orissa,04-01-2016 00:00,15672.31337
2135,Bhadrak,9,21,Orissa,04-01-2016 00:00,15671.21917
2136,Baudh,22,21,Orissa,04-01-2016 00:00,15758.63333
2137,Balangir,24,21,Orissa,04-01-2016 00:00,15858.20218
2138,Baleshwar,8,21,Orissa,04-01-2016 00:00,15554.93413
2139,Bargarh,1,21,Orissa,04-01-2016 00:00,15714.43135
2140,Kendrapara,10,21,Orissa,04-01-2016 00:00,15550.56696
2141,Kendujhar,6,21,Orissa,04-01-2016 00:00,15706.57423
2142,Debagarh,4,21,Orissa,04-01-2016 00:00,15693.71839
2143,Cuttack,12,21,Orissa,04-01-2016 00:00,15698.64793
2144,Dhenkanal,14,21,Orissa,04-01-2016 00:00,15690.01905
2145,Kalahandi,26,21,Orissa,04-01-2016 00:00,15772.91476
2146,Ganjam,19,21,Orissa,04-01-2016 00:00,15679.55762
2147,Gajapati,20,21,Orissa,04-01-2016 00:00,15572.69055
2148,Rayagada,27,21,Orissa,04-01-2016 00:00,15623.06832
2149,Sundargarh,5,21,Orissa,04-01-2016 00:00,15788.29429
2150,Sonapur,23,21,Orissa,04-01-2016 00:00,15698.64436
2151,Jashpur,3,22,Chhattisgarh,04-01-2016 00:00,15793.33311
2152,Koriya,1,22,Chhattisgarh,04-01-2016 00:00,15763.84219
2153,Mahasamund,12,22,Chhattisgarh,04-01-2016 00:00,15827.844
2154,Raigarh,4,22,Chhattisgarh,04-01-2016 00:00,15786.65607
2155,Raipur,11,22,Chhattisgarh,04-01-2016 00:00,15851.2537
2156,Rajnandgaon,9,22,Chhattisgarh,04-01-2016 00:00,15880.41376
2157,Bastar,15,22,Chhattisgarh,04-01-2016 00:00,15699.7329
2158,Dantewada,16,22,Chhattisgarh,04-01-2016 00:00,15725.43603
2159,Dhamtari,13,22,Chhattisgarh,04-01-2016 00:00,15738.41778
2160,Durg,10,22,Chhattisgarh,04-01-2016 00:00,15921.3495
2161,Kanker,14,22,Chhattisgarh,04-01-2016 00:00,15752.79493
2162,Surguja,2,22,Chhattisgarh,04-01-2016 00:00,15788.20295
2163,Bilaspur,7,22,Chhattisgarh,04-01-2016 00:00,15855.30745
2164,Janjgir - Champa,6,22,Chhattisgarh,04-01-2016 00:00,15854.09971
2165,Korba,5,22,Chhattisgarh,04-01-2016 00:00,15782.69295
2166,Kawardha,8,22,Chhattisgarh,04-01-2016 00:00,15959.89166
2167,Hoshangabad,37,23,Madhya Pradesh,04-01-2016 00:00,15927.38004
2168,Indore,26,23,Madhya Pradesh,04-01-2016 00:00,16030.99738
2169,Jabalpur,39,23,Madhya Pradesh,04-01-2016 00:00,15905.37974
2170,Jhabua,24,23,Madhya Pradesh,04-01-2016 00:00,16085.6461
2171,Mandsaur,19,23,Madhya Pradesh,04-01-2016 00:00,16071.97466
2172,Tikamgarh,8,23,Madhya Pradesh,04-01-2016 00:00,16014.12289
2173,Narsimhapur,40,23,Madhya Pradesh,04-01-2016 00:00,15853.99125
2174,Neemuch,18,23,Madhya Pradesh,04-01-2016 00:00,16010.78406
2175,Panna,10,23,Madhya Pradesh,04-01-2016 00:00,16029.93809
2176,Raisen,34,23,Madhya Pradesh,04-01-2016 00:00,16033.06301
2177,Rajgarh,30,23,Madhya Pradesh,04-01-2016 00:00,16117.24326
2178,Satna,13,23,Madhya Pradesh,04-01-2016 00:00,15904.92518
2179,Sehore,33,23,Madhya Pradesh,04-01-2016 00:00,16108.10636
2180,Seoni,44,23,Madhya Pradesh,04-01-2016 00:00,16041.01223
2181,Bhind,3,23,Madhya Pradesh,04-01-2016 00:00,15880.25399
2182,Bhopal,32,23,Madhya Pradesh,04-01-2016 00:00,16030.40244
2183,Barwani,28,23,Madhya Pradesh,04-01-2016 00:00,16146.06034
2184,Betul,35,23,Madhya Pradesh,04-01-2016 00:00,16052.27583
2185,Balaghat,45,23,Madhya Pradesh,04-01-2016 00:00,15790.03325
2186,Chhatarpur,9,23,Madhya Pradesh,04-01-2016 00:00,16027.26083
2187,Chhindwara,43,23,Madhya Pradesh,04-01-2016 00:00,16032.60032
2188,Dewas,23,23,Madhya Pradesh,04-01-2016 00:00,16088.60976
2189,Katni,38,23,Madhya Pradesh,04-01-2016 00:00,15928.44011
2190,Datia,5,23,Madhya Pradesh,04-01-2016 00:00,15845.14417
2191,Damoh,12,23,Madhya Pradesh,04-01-2016 00:00,16060.37701
2192,Dhar,25,23,Madhya Pradesh,04-01-2016 00:00,16116.17322
2193,East Nimar,29,23,Madhya Pradesh,04-01-2016 00:00,16135.79476
2194,Guna,7,23,Madhya Pradesh,04-01-2016 00:00,16039.02207
2195,Gwalior,4,23,Madhya Pradesh,04-01-2016 00:00,15848.86423
2196,Harda,36,23,Madhya Pradesh,04-01-2016 00:00,16008.08771
2197,Shajapur,22,23,Madhya Pradesh,04-01-2016 00:00,16099.70511
2198,Shivpuri,6,23,Madhya Pradesh,04-01-2016 00:00,15941.85908
2199,Ratlam,20,23,Madhya Pradesh,04-01-2016 00:00,16108.31376
2200,Rewa,14,23,Madhya Pradesh,04-01-2016 00:00,15892.37403
2201,Sagar,11,23,Madhya Pradesh,04-01-2016 00:00,16080.66776
2202,Sidhi,17,23,Madhya Pradesh,04-01-2016 00:00,15866.60303
2203,Ujjain,21,23,Madhya Pradesh,04-01-2016 00:00,16054.77024
2204,Vidisha,31,23,Madhya Pradesh,04-01-2016 00:00,16074.26323
2205,West Nimar,27,23,Madhya Pradesh,04-01-2016 00:00,16152.8899
2206,Morena,2,23,Madhya Pradesh,04-01-2016 00:00,15842.71968
2207,Sheopur,1,23,Madhya Pradesh,04-01-2016 00:00,15956.0915
2208,Dindori,41,23,Madhya Pradesh,04-01-2016 00:00,15933.09925
2209,Mandla,42,23,Madhya Pradesh,04-01-2016 00:00,15914.61272
2210,Shahdol,16,23,Madhya Pradesh,04-01-2016 00:00,15895.88492
2211,Umaria,15,23,Madhya Pradesh,04-01-2016 00:00,15913.56332
2212,Jamnagar,10,24,Gujarat,04-01-2016 00:00,15978.02827
2213,Kheda,16,24,Gujarat,04-01-2016 00:00,15814.51503
2214,Mahesana,4,24,Gujarat,04-01-2016 00:00,15867.23606
2215,Narmada,20,24,Gujarat,04-01-2016 00:00,15955.27229
2216,Navsari,24,24,Gujarat,04-01-2016 00:00,15657.44935
2217,Panch Mahals,17,24,Gujarat,04-01-2016 00:00,15903.6233
2218,Patan,3,24,Gujarat,04-01-2016 00:00,15953.05957
2219,Porbandar,11,24,Gujarat,04-01-2016 00:00,15939.66215
2220,Rajkot,9,24,Gujarat,04-01-2016 00:00,16075.7849
2221,Anand,15,24,Gujarat,04-01-2016 00:00,15739.91565
2222,Ahmadabad,7,24,Gujarat,04-01-2016 00:00,15996.19017
2223,Amreli,13,24,Gujarat,04-01-2016 00:00,16117.57901
2224,Bhavnagar,14,24,Gujarat,04-01-2016 00:00,16120.21201
2225,Banas Kantha,2,24,Gujarat,04-01-2016 00:00,15769.10953
2226,Dohad,18,24,Gujarat,04-01-2016 00:00,15992.75847
2227,Junagadh,12,24,Gujarat,04-01-2016 00:00,15970.61228
2228,Kachchh,1,24,Gujarat,04-01-2016 00:00,15819.56114
2229,Gandhinagar,6,24,Gujarat,04-01-2016 00:00,15829.93227
2230,Sabar Kantha,5,24,Gujarat,04-01-2016 00:00,15907.38475
2231,Surendranagar,8,24,Gujarat,04-01-2016 00:00,16025.28615
2232,The Dangs,23,24,Gujarat,04-01-2016 00:00,15953.63433
2233,Vadodara,19,24,Gujarat,04-01-2016 00:00,15837.08804
2234,Valsad,25,24,Gujarat,04-01-2016 00:00,15764.85709
2235,Bharuch,21,24,Gujarat,04-01-2016 00:00,15884.38555
2236,Surat,22,24,Gujarat,04-01-2016 00:00,15756.45585
2237,Daman,2,25,Daman & Diu,04-01-2016 00:00,15530.21477
2238,Diu,1,25,Daman & Diu,04-01-2016 00:00,15516.49679
2239,Hingoli,16,27,Maharashtra,04-01-2016 00:00,16335.45778
2240,Jalgaon,3,27,Maharashtra,04-01-2016 00:00,16157.41434
2241,Jalna,18,27,Maharashtra,04-01-2016 00:00,16306.09101
2242,Kolhapur,34,27,Maharashtra,04-01-2016 00:00,15710.5702
2243,Latur,28,27,Maharashtra,04-01-2016 00:00,16313.49852
2244,Pune,25,27,Maharashtra,04-01-2016 00:00,15942.83753
2245,Nagpur,9,27,Maharashtra,04-01-2016 00:00,16040.50437
2246,Mumbai,23,27,Maharashtra,04-01-2016 00:00,15458.81139
2247,Mumbai (Suburban),22,27,Maharashtra,04-01-2016 00:00,15532.73763
2248,Nanded,15,27,Maharashtra,04-01-2016 00:00,16296.58287
2249,Nandurbar,1,27,Maharashtra,04-01-2016 00:00,16046.07607
2250,Nashik,20,27,Maharashtra,04-01-2016 00:00,16103.94435
2251,Osmanabad,29,27,Maharashtra,04-01-2016 00:00,16302.85739
2252,Parbhani,17,27,Maharashtra,04-01-2016 00:00,16366.67046
2253,Sangli,35,27,Maharashtra,04-01-2016 00:00,15981.80154
2254,Satara,31,27,Maharashtra,04-01-2016 00:00,15959.47866
2255,Aurangabad,19,27,Maharashtra,04-01-2016 00:00,16184.85421
2256,Ahmadnagar,26,27,Maharashtra,04-01-2016 00:00,16167.28375
2257,Akola,5,27,Maharashtra,04-01-2016 00:00,16270.28226
2258,Amravati,7,27,Maharashtra,04-01-2016 00:00,16191.33786
2259,Bid,27,27,Maharashtra,04-01-2016 00:00,16282.69583
2260,Bhandara,10,27,Maharashtra,04-01-2016 00:00,15797.0575
2261,Buldana,4,27,Maharashtra,04-01-2016 00:00,16222.56259
2262,Chandrapur,13,27,Maharashtra,04-01-2016 00:00,15910.51948
2263,Dhule,2,27,Maharashtra,04-01-2016 00:00,16181.27708
2264,Gadchiroli,12,27,Maharashtra,04-01-2016 00:00,15741.20291
2265,Gondiya,11,27,Maharashtra,04-01-2016 00:00,15751.27118
2266,Ratnagiri,32,27,Maharashtra,04-01-2016 00:00,15624.64774
2267,Raigarh,24,27,Maharashtra,04-01-2016 00:00,15738.73326
2268,Thane,21,27,Maharashtra,04-01-2016 00:00,15870.50875
2269,Solapur,30,27,Maharashtra,04-01-2016 00:00,16188.45566
2270,Sindhudurg,33,27,Maharashtra,04-01-2016 00:00,15533.41003
2271,Wardha,8,27,Maharashtra,04-01-2016 00:00,16205.69957
2272,Washim,6,27,Maharashtra,04-01-2016 00:00,16306.38673
2273,Yavatmal,14,27,Maharashtra,04-01-2016 00:00,16233.52524
2274,Hyderabad,5,28,Andhra Pradesh,04-01-2016 00:00,15727.45331
2275,Khammam,10,28,Andhra Pradesh,04-01-2016 00:00,15730.25755
2276,Medak,4,28,Andhra Pradesh,04-01-2016 00:00,16058.07162
2277,Krishna,16,28,Andhra Pradesh,04-01-2016 00:00,15610.49275
2278,Kurnool,21,28,Andhra Pradesh,04-01-2016 00:00,16062.82998
2279,Mahbubnagar,7,28,Andhra Pradesh,04-01-2016 00:00,16043.99158
2280,Nalgonda,8,28,Andhra Pradesh,04-01-2016 00:00,15946.95416
2281,Nellore,19,28,Andhra Pradesh,04-01-2016 00:00,15669.7758
2282,Nizamabad,2,28,Andhra Pradesh,04-01-2016 00:00,16066.36668
2283,Prakasam,18,28,Andhra Pradesh,04-01-2016 00:00,15887.80637
2284,Anantapur,22,28,Andhra Pradesh,04-01-2016 00:00,16033.38573
2285,Adilabad,1,28,Andhra Pradesh,04-01-2016 00:00,15972.30762
2286,Chittoor,23,28,Andhra Pradesh,04-01-2016 00:00,15680.86273
2287,Cuddapah,20,28,Andhra Pradesh,04-01-2016 00:00,15846.62997
2288,East Godavari,14,28,Andhra Pradesh,04-01-2016 00:00,15482.30089
2289,Karimnagar,3,28,Andhra Pradesh,04-01-2016 00:00,15893.84366
2290,Guntur,17,28,Andhra Pradesh,04-01-2016 00:00,15812.88418
2291,Rangareddi,6,28,Andhra Pradesh,04-01-2016 00:00,16041.2375
2292,Srikakulam,11,28,Andhra Pradesh,04-01-2016 00:00,15651.07855
2293,West Godavari,15,28,Andhra Pradesh,04-01-2016 00:00,15444.68145
2294,Visakhapatnam,13,28,Andhra Pradesh,04-01-2016 00:00,15590.89195
2295,Vizianagaram,12,28,Andhra Pradesh,04-01-2016 00:00,15683.01472
2296,Warangal,9,28,Andhra Pradesh,04-01-2016 00:00,15793.48672
2297,Hassan,23,29,Karnataka,04-01-2016 00:00,15641.61119
2298,Haveri,11,29,Karnataka,04-01-2016 00:00,15875.87013
2299,Kodagu,25,29,Karnataka,04-01-2016 00:00,15263.75915
2300,Kolar,19,29,Karnataka,04-01-2016 00:00,15810.1132
2301,Mandya,22,29,Karnataka,04-01-2016 00:00,15690.33364
2302,Koppal,7,29,Karnataka,04-01-2016 00:00,16058.98769
2303,Mysore,26,29,Karnataka,04-01-2016 00:00,15746.73307
2304,Raichur,6,29,Karnataka,04-01-2016 00:00,16076.36466
2305,Bagalkot,2,29,Karnataka,04-01-2016 00:00,15972.48986
2306,Bangalore,20,29,Karnataka,04-01-2016 00:00,15696.79545
2307,Bidar,5,29,Karnataka,04-01-2016 00:00,16252.16504
2308,Bijapur,3,29,Karnataka,04-01-2016 00:00,16162.30056
2309,Belgaum,1,29,Karnataka,04-01-2016 00:00,15869.67471
2310,Bellary,12,29,Karnataka,04-01-2016 00:00,15970.29608
2311,Bangalore Rural,21,29,Karnataka,04-01-2016 00:00,15728.16275
2312,Chamarajanagar,27,29,Karnataka,04-01-2016 00:00,15656.56931
2313,Chikmagalur,17,29,Karnataka,04-01-2016 00:00,15488.02193
2314,Chitradurga,13,29,Karnataka,04-01-2016 00:00,15950.33056
2315,Dakshina Kannada,24,29,Karnataka,04-01-2016 00:00,15320.14326
2316,Davanagere,14,29,Karnataka,04-01-2016 00:00,15801.48482
2317,Dharwad,9,29,Karnataka,04-01-2016 00:00,15924.41303
2318,Gulbarga,4,29,Karnataka,04-01-2016 00:00,16198.28146
2319,Gadag,8,29,Karnataka,04-01-2016 00:00,16066.80185
2320,Shimoga,15,29,Karnataka,04-01-2016 00:00,15500.3533
2321,Tumkur,18,29,Karnataka,04-01-2016 00:00,15806.10412
2322,Udupi,16,29,Karnataka,04-01-2016 00:00,15362.82811
2323,Uttara Kannada,10,29,Karnataka,04-01-2016 00:00,15347.19588
2324,North Goa,1,30,Goa,04-01-2016 00:00,15396.03649
2325,South Goa,2,30,Goa,04-01-2016 00:00,15339.56547
2326,Idukki,9,32,Kerala,04-01-2016 00:00,15096.52701
2327,Kollam,13,32,Kerala,04-01-2016 00:00,15192.08508
2328,Kottayam,10,32,Kerala,04-01-2016 00:00,15227.73184
2329,Kozhikode,4,32,Kerala,04-01-2016 00:00,15265.46797
2330,Malappuram,5,32,Kerala,04-01-2016 00:00,15293.48401
2331,Palakkad,6,32,Kerala,04-01-2016 00:00,15347.96662
2332,Pathanamthitta,12,32,Kerala,04-01-2016 00:00,15121.61611
2333,Alappuzha,11,32,Kerala,04-01-2016 00:00,15201.83209
2334,Kasaragod,1,32,Kerala,04-01-2016 00:00,15369.33793
2335,Kannur,2,32,Kerala,04-01-2016 00:00,15343.15891
2336,Ernakulam,8,32,Kerala,04-01-2016 00:00,15250.42151
2337,Thrissur,7,32,Kerala,04-01-2016 00:00,15257.41799
2338,Thiruvananthapuram,14,32,Kerala,04-01-2016 00:00,15217.58377
2339,Wayanad,3,32,Kerala,04-01-2016 00:00,15221.45198
2340,Kanniyakumari,30,33,Tamil Nadu,04-01-2016 00:00,15241.21551
2341,Karur,14,33,Tamil Nadu,04-01-2016 00:00,15871.12268
2342,Madurai,24,33,Tamil Nadu,04-01-2016 00:00,15669.99269
2343,Namakkal,9,33,Tamil Nadu,04-01-2016 00:00,15645.73077
2344,The Nilgiris,11,33,Tamil Nadu,04-01-2016 00:00,15228.08956
2345,Perambalur,16,33,Tamil Nadu,04-01-2016 00:00,15740.94162
2346,Pudukkottai,22,33,Tamil Nadu,04-01-2016 00:00,15733.97235
2347,Ramanathapuram,27,33,Tamil Nadu,04-01-2016 00:00,15720.44539
2348,Salem,8,33,Tamil Nadu,04-01-2016 00:00,15606.0722
2349,Ariyalur,17,33,Tamil Nadu,04-01-2016 00:00,15647.57637
2350,Coimbatore,12,33,Tamil Nadu,04-01-2016 00:00,15550.45529
2351,Cuddalore,18,33,Tamil Nadu,04-01-2016 00:00,15546.59634
2352,Dharmapuri,5,33,Tamil Nadu,04-01-2016 00:00,15671.38969
2353,Dindigul,13,33,Tamil Nadu,04-01-2016 00:00,15572.04501
2354,Erode,10,33,Tamil Nadu,04-01-2016 00:00,15587.20276
2355,Sivaganga,23,33,Tamil Nadu,04-01-2016 00:00,15729.86443
2356,Tiruchirappalli,15,33,Tamil Nadu,04-01-2016 00:00,15758.72331
2357,Tirunelveli,29,33,Tamil Nadu,04-01-2016 00:00,15557.22758
2358,Tiruvannamalai,6,33,Tamil Nadu,04-01-2016 00:00,15598.64025
2359,Thoothukkudi,28,33,Tamil Nadu,04-01-2016 00:00,15724.62855
2360,Theni,25,33,Tamil Nadu,04-01-2016 00:00,15465.87113
2361,Vellore,4,33,Tamil Nadu,04-01-2016 00:00,15621.91242
2362,Viluppuram,7,33,Tamil Nadu,04-01-2016 00:00,15548.11634
2363,Virudhunagar,26,33,Tamil Nadu,04-01-2016 00:00,15718.18992
2364,Chennai,2,33,Tamil Nadu,04-01-2016 00:00,15486.98768
2365,Kancheepuram,3,33,Tamil Nadu,04-01-2016 00:00,15550.59771
2366,Thiruvallur,1,33,Tamil Nadu,04-01-2016 00:00,15567.81016
2367,Thanjavur,21,33,Tamil Nadu,04-01-2016 00:00,15507.95964
2368,Thiruvarur,20,33,Tamil Nadu,04-01-2016 00:00,15512.57267
2369,Nagapattinam,19,33,Tamil Nadu,04-01-2016 00:00,15493.15487
2370,Pondicherry,2,34,Puducherry,04-01-2016 00:00,15374.39907
2371,Yanam,1,34,Puducherry,04-01-2016 00:00,15368.7602
2372,Karaikal,4,34,Puducherry,04-01-2016 00:00,15489.34142
2373,Mahe,3,34,Puducherry,04-01-2016 00:00,15352.34811
2374,Nicobars,2,35,Andaman & Nicobar Island,04-01-2016 00:00,15097.98233
2375,Andamans,1,35,Andaman & Nicobar Island,04-01-2016 00:00,15163.37064
2376,Lakshadweep,1,31,Lakshadweep,05-01-2016 00:00,15123.67324
2377,Chandigarh,1,4,Chandigarh,05-01-2016 00:00,15620.34616
2378,Dadra & Nagar Haveli,1,26,Dadara & Nagar Havelli,05-01-2016 00:00,15808.31019
2379,Data Not Available,99,99,Jammu and Kashmir,05-01-2016 00:00,14328.53884
2380,Srinagar,3,1,Jammu and Kashmir,05-01-2016 00:00,14514.64695
2381,Udhampur,10,1,Jammu and Kashmir,05-01-2016 00:00,15208.32868
2382,Jammu,13,1,Jammu and Kashmir,05-01-2016 00:00,15752.52689
2383,Kargil,8,1,Jammu and Kashmir,05-01-2016 00:00,14397.49413
2384,Kathua,14,1,Jammu and Kashmir,05-01-2016 00:00,15479.016
2385,Leh (Ladakh),7,1,Jammu and Kashmir,05-01-2016 00:00,14644.52842
2386,Kupwara,1,1,Jammu and Kashmir,05-01-2016 00:00,14771.03925
2387,Punch,11,1,Jammu and Kashmir,05-01-2016 00:00,15118.79164
2388,Pulwama,5,1,Jammu and Kashmir,05-01-2016 00:00,14909.83478
2389,Rajauri,12,1,Jammu and Kashmir,05-01-2016 00:00,15374.79097
2390,Anantnag,6,1,Jammu and Kashmir,05-01-2016 00:00,14557.69332
2391,Badgam,4,1,Jammu and Kashmir,05-01-2016 00:00,14743.15603
2392,Baramula,2,1,Jammu and Kashmir,05-01-2016 00:00,14599.26899
2393,Doda,9,1,Jammu and Kashmir,05-01-2016 00:00,14445.27926
2394,Shimla,11,2,Himachal Pradesh,05-01-2016 00:00,14947.24355
2395,Sirmaur,10,2,Himachal Pradesh,05-01-2016 00:00,15396.51207
2396,Solan,9,2,Himachal Pradesh,05-01-2016 00:00,15422.64504
2397,Una,7,2,Himachal Pradesh,05-01-2016 00:00,15594.38502
2398,Kangra,2,2,Himachal Pradesh,05-01-2016 00:00,15213.99645
2399,Kinnaur,12,2,Himachal Pradesh,05-01-2016 00:00,14441.16255
2400,Lahul & Spiti,3,2,Himachal Pradesh,05-01-2016 00:00,14235.00559
2401,Kullu,4,2,Himachal Pradesh,05-01-2016 00:00,14504.88287
2402,Mandi,5,2,Himachal Pradesh,05-01-2016 00:00,15165.71222
2403,Bilaspur,8,2,Himachal Pradesh,05-01-2016 00:00,15449.49338
2404,Chamba,1,2,Himachal Pradesh,05-01-2016 00:00,14703.20545
2405,Hamirpur,6,2,Himachal Pradesh,05-01-2016 00:00,15446.41135
2406,Hoshiarpur,5,3,Punjab,05-01-2016 00:00,15659.95549
2407,Rupnagar,7,3,Punjab,05-01-2016 00:00,15659.91403
2408,Jalandhar,4,3,Punjab,05-01-2016 00:00,15659.2478
2409,Kapurthala,3,3,Punjab,05-01-2016 00:00,15669.78726
2410,Ludhiana,9,3,Punjab,05-01-2016 00:00,15698.9022
2411,Mansa,15,3,Punjab,05-01-2016 00:00,15828.89834
2412,Moga,10,3,Punjab,05-01-2016 00:00,15778.26853
2413,Muktsar,12,3,Punjab,05-01-2016 00:00,15879.32669
2414,Nawanshahr,6,3,Punjab,05-01-2016 00:00,15644.3753
2415,Patiala,17,3,Punjab,05-01-2016 00:00,15675.44396
2416,Sangrur,16,3,Punjab,05-01-2016 00:00,15748.52226
2417,Amritsar,2,3,Punjab,05-01-2016 00:00,15711.75769
2418,Firozpur,11,3,Punjab,05-01-2016 00:00,15831.82141
2419,Bathinda,14,3,Punjab,05-01-2016 00:00,15838.16137
2420,Gurdaspur,1,3,Punjab,05-01-2016 00:00,15721.89636
2421,Faridkot,13,3,Punjab,05-01-2016 00:00,15863.5209
2422,Fatehgarh Sahib,8,3,Punjab,05-01-2016 00:00,15686.68019
2423,Hardwar,13,5,Uttarakhand,05-01-2016 00:00,15498.69123
2424,Rudraprayag,3,5,Uttarakhand,05-01-2016 00:00,14719.86754
2425,Tehri Garhwal,4,5,Uttarakhand,05-01-2016 00:00,15140.2781
2426,Udham Singh Nagar,12,5,Uttarakhand,05-01-2016 00:00,15424.8452
2427,Uttarkashi,1,5,Uttarakhand,05-01-2016 00:00,14617.39516
2428,Nainital,11,5,Uttarakhand,05-01-2016 00:00,15337.68026
2429,Pithoragarh,7,5,Uttarakhand,05-01-2016 00:00,14612.03977
2430,Bageshwar,8,5,Uttarakhand,05-01-2016 00:00,14860.1527
2431,Almora,9,5,Uttarakhand,05-01-2016 00:00,15300.089
2432,Chamoli,2,5,Uttarakhand,05-01-2016 00:00,14507.46244
2433,Champawat,10,5,Uttarakhand,05-01-2016 00:00,15218.97104
2434,Dehradun,5,5,Uttarakhand,05-01-2016 00:00,15414.41516
2435,Garhwal,6,5,Uttarakhand,05-01-2016 00:00,15362.13141
2436,Hisar,12,6,Haryana,05-01-2016 00:00,15920.10648
2437,Rohtak,14,6,Haryana,05-01-2016 00:00,15814.78901
2438,Sirsa,11,6,Haryana,05-01-2016 00:00,15921.4735
2439,Sonipat,8,6,Haryana,05-01-2016 00:00,15723.35689
2440,Yamunanagar,3,6,Haryana,05-01-2016 00:00,15533.71983
2441,Jhajjar,15,6,Haryana,05-01-2016 00:00,15898.487
2442,Mahendragarh,16,6,Haryana,05-01-2016 00:00,15968.46208
2443,Rewari,17,6,Haryana,05-01-2016 00:00,15925.61436
2444,Bhiwani,13,6,Haryana,05-01-2016 00:00,15987.12956
2445,Jind,9,6,Haryana,05-01-2016 00:00,15802.59326
2446,Kaithal,5,6,Haryana,05-01-2016 00:00,15683.14749
2447,Karnal,6,6,Haryana,05-01-2016 00:00,15573.85464
2448,Kurukshetra,4,6,Haryana,05-01-2016 00:00,15522.45618
2449,Panchkula,1,6,Haryana,05-01-2016 00:00,15612.47279
2450,Panipat,7,6,Haryana,05-01-2016 00:00,15605.92935
2451,Ambala,2,6,Haryana,05-01-2016 00:00,15608.87745
2452,Gurgaon,18,6,Haryana,05-01-2016 00:00,15856.50139
2453,Faridabad,19,6,Haryana,05-01-2016 00:00,15766.93886
2454,Fatehabad,10,6,Haryana,05-01-2016 00:00,15848.57705
2455,Central,6,7,Delhi  & NCR,05-01-2016 00:00,15549.86148
2456,East,4,7,Delhi  & NCR,05-01-2016 00:00,15527.25676
2457,New Delhi,5,7,Delhi  & NCR,05-01-2016 00:00,15497.99365
2458,North,2,7,Delhi  & NCR,05-01-2016 00:00,15572.5205
2459,North East,3,7,Delhi  & NCR,05-01-2016 00:00,15603.23054
2460,North West,1,7,Delhi  & NCR,05-01-2016 00:00,15726.84117
2461,South,9,7,Delhi  & NCR,05-01-2016 00:00,15577.88601
2462,South West,8,7,Delhi  & NCR,05-01-2016 00:00,15716.91723
2463,West,7,7,Delhi  & NCR,05-01-2016 00:00,15653.3568
2464,Sirohi,19,8,Rajasthan,05-01-2016 00:00,15892.88567
2465,Tonk,22,8,Rajasthan,05-01-2016 00:00,16033.02756
2466,Sikar,13,8,Rajasthan,05-01-2016 00:00,15884.8351
2467,Alwar,6,8,Rajasthan,05-01-2016 00:00,15944.38114
2468,Udaipur,26,8,Rajasthan,05-01-2016 00:00,15932.29811
2469,Ganganagar,1,8,Rajasthan,05-01-2016 00:00,15995.83386
2470,Hanumangarh,2,8,Rajasthan,05-01-2016 00:00,16025.96267
2471,Baran,31,8,Rajasthan,05-01-2016 00:00,15955.82571
2472,Jaipur,12,8,Rajasthan,05-01-2016 00:00,15981.57456
2473,Jaisalmer,16,8,Rajasthan,05-01-2016 00:00,16166.42398
2474,Jalor,18,8,Rajasthan,05-01-2016 00:00,15937.01779
2475,Jhalawar,32,8,Rajasthan,05-01-2016 00:00,15977.63391
2476,Jhunjhunun,5,8,Rajasthan,05-01-2016 00:00,15941.12773
2477,Jodhpur,15,8,Rajasthan,05-01-2016 00:00,16052.59773
2478,Kota,30,8,Rajasthan,05-01-2016 00:00,15962.03209
2479,Nagaur,14,8,Rajasthan,05-01-2016 00:00,15967.12689
2480,Pali,20,8,Rajasthan,05-01-2016 00:00,15985.66631
2481,Rajsamand,25,8,Rajasthan,05-01-2016 00:00,15960.45596
2482,Sawai Madhopur,10,8,Rajasthan,05-01-2016 00:00,16031.94213
2483,Ajmer,21,8,Rajasthan,05-01-2016 00:00,15951.06418
2484,Banswara,28,8,Rajasthan,05-01-2016 00:00,15914.42062
2485,Barmer,17,8,Rajasthan,05-01-2016 00:00,16035.56326
2486,Bhilwara,24,8,Rajasthan,05-01-2016 00:00,16037.23597
2487,Bikaner,3,8,Rajasthan,05-01-2016 00:00,16107.14376
2488,Bharatpur,7,8,Rajasthan,05-01-2016 00:00,16023.63805
2489,Bundi,23,8,Rajasthan,05-01-2016 00:00,15984.47617
2490,Chittaurgarh,29,8,Rajasthan,05-01-2016 00:00,15988.02747
2491,Churu,4,8,Rajasthan,05-01-2016 00:00,16022.65546
2492,Dausa,11,8,Rajasthan,05-01-2016 00:00,16016.64229
2493,Dhaulpur,8,8,Rajasthan,05-01-2016 00:00,15962.79634
2494,Dungarpur,27,8,Rajasthan,05-01-2016 00:00,15930.12194
2495,Karauli,9,8,Rajasthan,05-01-2016 00:00,15978.29411
2496,Hathras,13,9,Uttar Pradesh,05-01-2016 00:00,15776.41038
2497,Shrawasti,51,9,Uttar Pradesh,05-01-2016 00:00,15538.07446
2498,Saharanpur,1,9,Uttar Pradesh,05-01-2016 00:00,15447.10809
2499,Sitapur,24,9,Uttar Pradesh,05-01-2016 00:00,15473.0192
2500,Sultanpur,49,9,Uttar Pradesh,05-01-2016 00:00,15569.93372
2501,Sonbhadra,70,9,Uttar Pradesh,05-01-2016 00:00,15763.94163
2502,Siddharthnagar,54,9,Uttar Pradesh,05-01-2016 00:00,15548.34934
2503,Unnao,26,9,Uttar Pradesh,05-01-2016 00:00,15672.3866
2504,Varanasi,67,9,Uttar Pradesh,05-01-2016 00:00,15641.36416
2505,Bulandshahr,11,9,Uttar Pradesh,05-01-2016 00:00,15575.0133
2506,Gautam Buddha Nagar,10,9,Uttar Pradesh,05-01-2016 00:00,15688.35666
2507,Ghaziabad,9,9,Uttar Pradesh,05-01-2016 00:00,15574.93361
2508,Jalaun,35,9,Uttar Pradesh,05-01-2016 00:00,15887.0596
2509,Jaunpur,64,9,Uttar Pradesh,05-01-2016 00:00,15660.40748
2510,Jhansi,36,9,Uttar Pradesh,05-01-2016 00:00,15934.83589
2511,Jyotiba Phule Nagar,6,9,Uttar Pradesh,05-01-2016 00:00,15551.82119
2512,Kannauj,30,9,Uttar Pradesh,05-01-2016 00:00,15567.13305
2513,Kanpur Nagar,34,9,Uttar Pradesh,05-01-2016 00:00,15650.78571
2514,Kaushambi,44,9,Uttar Pradesh,05-01-2016 00:00,15689.48162
2515,Kheri,23,9,Uttar Pradesh,05-01-2016 00:00,15417.4177
2516,Mirzapur,69,9,Uttar Pradesh,05-01-2016 00:00,15780.4053
2517,Moradabad,4,9,Uttar Pradesh,05-01-2016 00:00,15526.63271
2518,Muzaffarnagar,2,9,Uttar Pradesh,05-01-2016 00:00,15468.3739
2519,Rae Bareli,28,9,Uttar Pradesh,05-01-2016 00:00,15573.85459
2520,Kushinagar,59,9,Uttar Pradesh,05-01-2016 00:00,15440.76113
2521,Lucknow,27,9,Uttar Pradesh,05-01-2016 00:00,15540.59615
2522,Lalitpur,37,9,Uttar Pradesh,05-01-2016 00:00,16014.47937
2523,Mahrajganj,57,9,Uttar Pradesh,05-01-2016 00:00,15519.03221
2524,Mahoba,39,9,Uttar Pradesh,05-01-2016 00:00,15917.35049
2525,Mainpuri,18,9,Uttar Pradesh,05-01-2016 00:00,15727.45075
2526,Mathura,14,9,Uttar Pradesh,05-01-2016 00:00,15927.31167
2527,Mau,62,9,Uttar Pradesh,05-01-2016 00:00,15666.20079
2528,Meerut,7,9,Uttar Pradesh,05-01-2016 00:00,15512.10301
2529,Pilibhit,21,9,Uttar Pradesh,05-01-2016 00:00,15400.02608
2530,Pratapgarh,43,9,Uttar Pradesh,05-01-2016 00:00,15619.81907
2531,Rampur,5,9,Uttar Pradesh,05-01-2016 00:00,15432.19546
2532,Sant Ravidas Nagar Bhadohi,68,9,Uttar Pradesh,05-01-2016 00:00,15753.17591
2533,Sant Kabir Nagar,56,9,Uttar Pradesh,05-01-2016 00:00,15643.04125
2534,Shahjahanpur,22,9,Uttar Pradesh,05-01-2016 00:00,15588.34833
2535,Auraiya,32,9,Uttar Pradesh,05-01-2016 00:00,15760.9165
2536,Azamgarh,61,9,Uttar Pradesh,05-01-2016 00:00,15666.84613
2537,Budaun,19,9,Uttar Pradesh,05-01-2016 00:00,15589.92836
2538,Agra,15,9,Uttar Pradesh,05-01-2016 00:00,15912.76559
2539,Aligarh,12,9,Uttar Pradesh,05-01-2016 00:00,15736.84353
2540,Allahabad,45,9,Uttar Pradesh,05-01-2016 00:00,15749.74651
2541,Ambedkar Nagar,48,9,Uttar Pradesh,05-01-2016 00:00,15599.15349
2542,Bareilly,20,9,Uttar Pradesh,05-01-2016 00:00,15468.14331
2543,Bijnor,3,9,Uttar Pradesh,05-01-2016 00:00,15525.66315
2544,Basti,55,9,Uttar Pradesh,05-01-2016 00:00,15595.60072
2545,Baghpat,8,9,Uttar Pradesh,05-01-2016 00:00,15518.01629
2546,Bahraich,50,9,Uttar Pradesh,05-01-2016 00:00,15460.25749
2547,Ballia,63,9,Uttar Pradesh,05-01-2016 00:00,15542.48317
2548,Balrampur,52,9,Uttar Pradesh,05-01-2016 00:00,15541.29717
2549,Banda,40,9,Uttar Pradesh,05-01-2016 00:00,15910.48303
2550,Barabanki,46,9,Uttar Pradesh,05-01-2016 00:00,15438.59975
2551,Chitrakoot,41,9,Uttar Pradesh,05-01-2016 00:00,15882.43114
2552,Chandauli,66,9,Uttar Pradesh,05-01-2016 00:00,15731.74154
2553,Deoria,60,9,Uttar Pradesh,05-01-2016 00:00,15646.1135
2554,Etah,17,9,Uttar Pradesh,05-01-2016 00:00,15724.54486
2555,Kanpur Dehat,33,9,Uttar Pradesh,05-01-2016 00:00,15709.21505
2556,Etawah,31,9,Uttar Pradesh,05-01-2016 00:00,15752.89571
2557,Faizabad,47,9,Uttar Pradesh,05-01-2016 00:00,15550.55311
2558,Ghazipur,65,9,Uttar Pradesh,05-01-2016 00:00,15638.21482
2559,Gonda,53,9,Uttar Pradesh,05-01-2016 00:00,15547.11716
2560,Gorakhpur,58,9,Uttar Pradesh,05-01-2016 00:00,15661.59597
2561,Farrukhabad,29,9,Uttar Pradesh,05-01-2016 00:00,15573.72219
2562,Fatehpur,42,9,Uttar Pradesh,05-01-2016 00:00,15688.81681
2563,Firozabad,16,9,Uttar Pradesh,05-01-2016 00:00,15818.63122
2564,Hamirpur,38,9,Uttar Pradesh,05-01-2016 00:00,15874.54849
2565,Hardoi,25,9,Uttar Pradesh,05-01-2016 00:00,15662.77295
2566,Sheikhpura,26,10,Bihar,05-01-2016 00:00,15599.6898
2567,Sheohar,3,10,Bihar,05-01-2016 00:00,15362.28195
2568,Saharsa,12,10,Bihar,05-01-2016 00:00,15212.59111
2569,Sitamarhi,4,10,Bihar,05-01-2016 00:00,15355.54992
2570,Siwan,16,10,Bihar,05-01-2016 00:00,15594.84612
2571,Supaul,6,10,Bihar,05-01-2016 00:00,15244.27468
2572,Vaishali,18,10,Bihar,05-01-2016 00:00,15430.52351
2573,Kaimur (Bhabua),31,10,Bihar,05-01-2016 00:00,15775.10564
2574,Gaya,35,10,Bihar,05-01-2016 00:00,15737.73777
2575,Bhojpur,29,10,Bihar,05-01-2016 00:00,15729.02415
2576,Buxar,30,10,Bihar,05-01-2016 00:00,15722.23543
2577,Jehanabad,33,10,Bihar,05-01-2016 00:00,15728.50204
2578,Rohtas,32,10,Bihar,05-01-2016 00:00,15783.1521
2579,Jamui,37,10,Bihar,05-01-2016 00:00,15577.2448
2580,Kishanganj,8,10,Bihar,05-01-2016 00:00,15279.63248
2581,Muzaffarpur,14,10,Bihar,05-01-2016 00:00,15363.3024
2582,Purnia,9,10,Bihar,05-01-2016 00:00,15278.17552
2583,Khagaria,21,10,Bihar,05-01-2016 00:00,15409.80552
2584,Madhubani,5,10,Bihar,05-01-2016 00:00,15317.8237
2585,Lakhisarai,25,10,Bihar,05-01-2016 00:00,15583.07464
2586,Madhepura,11,10,Bihar,05-01-2016 00:00,15268.14001
2587,Purba Champaran,2,10,Bihar,05-01-2016 00:00,15377.28615
2588,Munger,24,10,Bihar,05-01-2016 00:00,15541.31598
2589,Nalanda,27,10,Bihar,05-01-2016 00:00,15603.23352
2590,Nawada,36,10,Bihar,05-01-2016 00:00,15606.44291
2591,Pashchim Champaran,1,10,Bihar,05-01-2016 00:00,15408.21238
2592,Patna,28,10,Bihar,05-01-2016 00:00,15587.59457
2593,Samastipur,19,10,Bihar,05-01-2016 00:00,15379.63457
2594,Araria,7,10,Bihar,05-01-2016 00:00,15292.14549
2595,Aurangabad,34,10,Bihar,05-01-2016 00:00,15808.44395
2596,Banka,23,10,Bihar,05-01-2016 00:00,15624.63043
2597,Bhagalpur,22,10,Bihar,05-01-2016 00:00,15528.15345
2598,Begusarai,20,10,Bihar,05-01-2016 00:00,15472.06825
2599,Saran,17,10,Bihar,05-01-2016 00:00,15495.37039
2600,Katihar,10,10,Bihar,05-01-2016 00:00,15352.18379
2601,Darbhanga,13,10,Bihar,05-01-2016 00:00,15315.5042
2602,Gopalganj,15,10,Bihar,05-01-2016 00:00,15514.80107
2603,South,3,11,Sikkim,05-01-2016 00:00,14760.01868
2604,West,2,11,Sikkim,05-01-2016 00:00,14503.90877
2605,North,1,11,Sikkim,05-01-2016 00:00,14307.05548
2606,East,4,11,Sikkim,05-01-2016 00:00,14631.27944
2607,Tawang,1,12,Arunanchal Pradesh,05-01-2016 00:00,14209.72827
2608,Tirap,13,12,Arunanchal Pradesh,05-01-2016 00:00,14946.01116
2609,West Kameng,2,12,Arunanchal Pradesh,05-01-2016 00:00,14598.47301
2610,West Siang,7,12,Arunanchal Pradesh,05-01-2016 00:00,14653.55843
2611,Upper Siang,9,12,Arunanchal Pradesh,05-01-2016 00:00,14538.56863
2612,Upper Subansiri,6,12,Arunanchal Pradesh,05-01-2016 00:00,14467.00851
2613,Lohit,11,12,Arunanchal Pradesh,05-01-2016 00:00,14572.51438
2614,Lower Subansiri,5,12,Arunanchal Pradesh,05-01-2016 00:00,14508.99342
2615,Papum Pare,4,12,Arunanchal Pradesh,05-01-2016 00:00,14825.19017
2616,Changlang,12,12,Arunanchal Pradesh,05-01-2016 00:00,14828.4241
2617,Dibang Valley,10,12,Arunanchal Pradesh,05-01-2016 00:00,14462.85005
2618,East Kameng,3,12,Arunanchal Pradesh,05-01-2016 00:00,14632.2522
2619,East Siang,8,12,Arunanchal Pradesh,05-01-2016 00:00,14901.4163
2620,Tuensang,2,13,Nagaland,05-01-2016 00:00,14876.96473
2621,Wokha,5,13,Nagaland,05-01-2016 00:00,15022.8729
2622,Zunheboto,4,13,Nagaland,05-01-2016 00:00,14873.62767
2623,Dimapur,6,13,Nagaland,05-01-2016 00:00,15122.95019
2624,Kohima,7,13,Nagaland,05-01-2016 00:00,14912.19089
2625,Mokokchung,3,13,Nagaland,05-01-2016 00:00,15024.55932
2626,Mon,1,13,Nagaland,05-01-2016 00:00,15020.45022
2627,Phek,8,13,Nagaland,05-01-2016 00:00,14889.24267
2628,Tamenglong,2,14,Manipur,05-01-2016 00:00,14911.22134
2629,Thoubal,5,14,Manipur,05-01-2016 00:00,15093.97683
2630,Ukhrul,8,14,Manipur,05-01-2016 00:00,14964.13862
2631,Imphal East,7,14,Manipur,05-01-2016 00:00,15096.78649
2632,Imphal West,6,14,Manipur,05-01-2016 00:00,15068.54277
2633,Senapati (Excl. 3 sub-divisions),1,14,Manipur,05-01-2016 00:00,14896.81347
2634,Bishnupur,4,14,Manipur,05-01-2016 00:00,15001.72466
2635,Chandel,9,14,Manipur,05-01-2016 00:00,15026.27105
2636,Churachandpur,3,14,Manipur,05-01-2016 00:00,14966.51201
2637,Kolasib,2,15,Mizoram,05-01-2016 00:00,15033.05745
2638,Mamit,1,15,Mizoram,05-01-2016 00:00,15057.69193
2639,Lunglei,6,15,Mizoram,05-01-2016 00:00,15063.83772
2640,Lawngtlai,7,15,Mizoram,05-01-2016 00:00,15190.42135
2641,Saiha,8,15,Mizoram,05-01-2016 00:00,15061.54849
2642,Serchhip,5,15,Mizoram,05-01-2016 00:00,14977.32739
2643,Aizawl,3,15,Mizoram,05-01-2016 00:00,15000.23476
2644,Champhai,4,15,Mizoram,05-01-2016 00:00,14941.02406
2645,South Tripura,2,16,Tripura,05-01-2016 00:00,15118.67156
2646,West Tripura,1,16,Tripura,05-01-2016 00:00,15104.4734
2647,North Tripura,4,16,Tripura,05-01-2016 00:00,15071.58739
2648,Dhalai,3,16,Tripura,05-01-2016 00:00,15083.78929
2649,Ri Bhoi,5,17,Meghalaya,05-01-2016 00:00,15032.33504
2650,South Garo Hills,3,17,Meghalaya,05-01-2016 00:00,15048.33892
2651,West Garo Hills,1,17,Meghalaya,05-01-2016 00:00,15048.73329
2652,West Khasi Hills,4,17,Meghalaya,05-01-2016 00:00,14948.68288
2653,Jaintia Hills,7,17,Meghalaya,05-01-2016 00:00,14943.11242
2654,East Garo Hills,2,17,Meghalaya,05-01-2016 00:00,15036.62881
2655,East Khasi Hills,6,17,Meghalaya,05-01-2016 00:00,14905.55074
2656,Sonitpur,11,18,Assam,05-01-2016 00:00,15178.87088
2657,Sibsagar,16,18,Assam,05-01-2016 00:00,15166.65098
2658,Tinsukia,14,18,Assam,05-01-2016 00:00,15062.79756
2659,Jorhat,17,18,Assam,05-01-2016 00:00,15151.44594
2660,Karimganj,22,18,Assam,05-01-2016 00:00,15091.16058
2661,Kokrajhar,1,18,Assam,05-01-2016 00:00,15147.22866
2662,Lakhimpur,12,18,Assam,05-01-2016 00:00,15180.91996
2663,Nagaon,10,18,Assam,05-01-2016 00:00,15217.85861
2664,Marigaon,9,18,Assam,05-01-2016 00:00,15112.36924
2665,Nalbari,7,18,Assam,05-01-2016 00:00,15145.38089
2666,North Cachar Hills,20,18,Assam,05-01-2016 00:00,15003.72222
2667,Barpeta,5,18,Assam,05-01-2016 00:00,15087.05843
2668,Bongaigaon,4,18,Assam,05-01-2016 00:00,15140.48955
2669,Cachar,21,18,Assam,05-01-2016 00:00,15098.9725
2670,Darrang,8,18,Assam,05-01-2016 00:00,15149.80456
2671,Dhemaji,13,18,Assam,05-01-2016 00:00,15130.30027
2672,Dhubri,2,18,Assam,05-01-2016 00:00,15064.41105
2673,Dibrugarh,15,18,Assam,05-01-2016 00:00,15077.72243
2674,Kamrup,6,18,Assam,05-01-2016 00:00,15094.78936
2675,Karbi Anglong,19,18,Assam,05-01-2016 00:00,15090.63336
2676,Goalpara,3,18,Assam,05-01-2016 00:00,15075.54925
2677,Golaghat,18,18,Assam,05-01-2016 00:00,15170.16859
2678,Hailakandi,23,18,Assam,05-01-2016 00:00,15111.79806
2679,Hugli,12,19,West Bengal,05-01-2016 00:00,15301.09193
2680,South  Twenty Four Parganas,18,19,West Bengal,05-01-2016 00:00,15312.03893
2681,Uttar Dinajpur,4,19,West Bengal,05-01-2016 00:00,15213.80164
2682,Jalpaiguri,2,19,West Bengal,05-01-2016 00:00,15156.92173
2683,Koch Bihar,3,19,West Bengal,05-01-2016 00:00,15122.97382
2684,Murshidabad,7,19,West Bengal,05-01-2016 00:00,15300.32335
2685,Puruliya,14,19,West Bengal,05-01-2016 00:00,15621.19863
2686,Kolkata,17,19,West Bengal,05-01-2016 00:00,15468.91462
2687,Maldah,6,19,West Bengal,05-01-2016 00:00,15264.94928
2688,Nadia,10,19,West Bengal,05-01-2016 00:00,15234.86819
2689,North Twenty Four Parganas,11,19,West Bengal,05-01-2016 00:00,15196.21842
2690,Medinipur,15,19,West Bengal,05-01-2016 00:00,15443.00505
2691,Barddhaman,9,19,West Bengal,05-01-2016 00:00,15414.75505
2692,Birbhum,8,19,West Bengal,05-01-2016 00:00,15395.15828
2693,Bankura,13,19,West Bengal,05-01-2016 00:00,15485.20605
2694,Dakshin Dinajpur,5,19,West Bengal,05-01-2016 00:00,15271.69534
2695,Darjiling,1,19,West Bengal,05-01-2016 00:00,14975.23182
2696,Haora,16,19,West Bengal,05-01-2016 00:00,15355.30328
2697,Ranchi,14,20,Jharkhand,05-01-2016 00:00,15592.71552
2698,Sahibganj,9,20,Jharkhand,05-01-2016 00:00,15436.65249
2699,Garhwa,1,20,Jharkhand,05-01-2016 00:00,15754.22631
2700,Palamu,2,20,Jharkhand,05-01-2016 00:00,15705.55538
2701,Chatra,3,20,Jharkhand,05-01-2016 00:00,15661.46076
2702,Hazaribagh,4,20,Jharkhand,05-01-2016 00:00,15604.016
2703,Kodarma,5,20,Jharkhand,05-01-2016 00:00,15641.80268
2704,Purbi Singhbhum,18,20,Jharkhand,05-01-2016 00:00,15553.07384
2705,Lohardaga,15,20,Jharkhand,05-01-2016 00:00,15481.30261
2706,Pakaur,10,20,Jharkhand,05-01-2016 00:00,15548.12978
2707,Pashchimi Singhbhum,17,20,Jharkhand,05-01-2016 00:00,15552.4859
2708,Bokaro,13,20,Jharkhand,05-01-2016 00:00,15614.24636
2709,Deoghar,7,20,Jharkhand,05-01-2016 00:00,15562.16476
2710,Dhanbad,12,20,Jharkhand,05-01-2016 00:00,15528.05938
2711,Dumka,11,20,Jharkhand,05-01-2016 00:00,15490.01362
2712,Giridih,6,20,Jharkhand,05-01-2016 00:00,15579.27967
2713,Godda,8,20,Jharkhand,05-01-2016 00:00,15545.84113
2714,Gumla,16,20,Jharkhand,05-01-2016 00:00,15540.03991
2715,Rayagada,27,21,Orissa,05-01-2016 00:00,15519.09165
2716,Sundargarh,5,21,Orissa,05-01-2016 00:00,15620.37784
2717,Sonapur,23,21,Orissa,05-01-2016 00:00,15687.67972
2718,Jajapur,13,21,Orissa,05-01-2016 00:00,15612.9078
2719,Jagatsinghapur,11,21,Orissa,05-01-2016 00:00,15599.44298
2720,Jharsuguda,2,21,Orissa,05-01-2016 00:00,15628.94489
2721,Khordha,17,21,Orissa,05-01-2016 00:00,15609.11534
2722,Mayurbhanj,7,21,Orissa,05-01-2016 00:00,15492.66964
2723,Puri,18,21,Orissa,05-01-2016 00:00,15546.01105
2724,Koraput,29,21,Orissa,05-01-2016 00:00,15461.0964
2725,Malkangiri,30,21,Orissa,05-01-2016 00:00,15565.34996
2726,Nabarangapur,28,21,Orissa,05-01-2016 00:00,15641.31973
2727,Nayagarh,16,21,Orissa,05-01-2016 00:00,15552.10444
2728,Nuapada,25,21,Orissa,05-01-2016 00:00,15774.29277
2729,Kandhamal,21,21,Orissa,05-01-2016 00:00,15505.90818
2730,Sambalpur,3,21,Orissa,05-01-2016 00:00,15586.99112
2731,Anugul,15,21,Orissa,05-01-2016 00:00,15620.17874
2732,Bhadrak,9,21,Orissa,05-01-2016 00:00,15525.74127
2733,Baudh,22,21,Orissa,05-01-2016 00:00,15719.39296
2734,Balangir,24,21,Orissa,05-01-2016 00:00,15772.9409
2735,Baleshwar,8,21,Orissa,05-01-2016 00:00,15454.72223
2736,Bargarh,1,21,Orissa,05-01-2016 00:00,15678.99504
2737,Kendrapara,10,21,Orissa,05-01-2016 00:00,15565.37236
2738,Kendujhar,6,21,Orissa,05-01-2016 00:00,15492.25195
2739,Debagarh,4,21,Orissa,05-01-2016 00:00,15592.0634
2740,Cuttack,12,21,Orissa,05-01-2016 00:00,15610.9476
2741,Dhenkanal,14,21,Orissa,05-01-2016 00:00,15610.72541
2742,Kalahandi,26,21,Orissa,05-01-2016 00:00,15656.58398
2743,Ganjam,19,21,Orissa,05-01-2016 00:00,15515.38593
2744,Gajapati,20,21,Orissa,05-01-2016 00:00,15357.80257
2745,Surguja,2,22,Chhattisgarh,05-01-2016 00:00,15670.49138
2746,Bilaspur,7,22,Chhattisgarh,05-01-2016 00:00,15727.82515
2747,Janjgir - Champa,6,22,Chhattisgarh,05-01-2016 00:00,15768.72592
2748,Korba,5,22,Chhattisgarh,05-01-2016 00:00,15670.12714
2749,Kawardha,8,22,Chhattisgarh,05-01-2016 00:00,15843.95172
2750,Jashpur,3,22,Chhattisgarh,05-01-2016 00:00,15610.31301
2751,Koriya,1,22,Chhattisgarh,05-01-2016 00:00,15680.87767
2752,Mahasamund,12,22,Chhattisgarh,05-01-2016 00:00,15781.10153
2753,Raigarh,4,22,Chhattisgarh,05-01-2016 00:00,15675.72206
2754,Raipur,11,22,Chhattisgarh,05-01-2016 00:00,15784.98463
2755,Rajnandgaon,9,22,Chhattisgarh,05-01-2016 00:00,15820.60244
2756,Bastar,15,22,Chhattisgarh,05-01-2016 00:00,15579.9411
2757,Dantewada,16,22,Chhattisgarh,05-01-2016 00:00,15619.3941
2758,Dhamtari,13,22,Chhattisgarh,05-01-2016 00:00,15726.13942
2759,Durg,10,22,Chhattisgarh,05-01-2016 00:00,15862.8062
2760,Kanker,14,22,Chhattisgarh,05-01-2016 00:00,15695.52623
2761,Hoshangabad,37,23,Madhya Pradesh,05-01-2016 00:00,15845.31196
2762,Indore,26,23,Madhya Pradesh,05-01-2016 00:00,15916.08824
2763,Shajapur,22,23,Madhya Pradesh,05-01-2016 00:00,16030.37845
2764,Shivpuri,6,23,Madhya Pradesh,05-01-2016 00:00,15970.52672
2765,Ratlam,20,23,Madhya Pradesh,05-01-2016 00:00,15983.5109
2766,Rewa,14,23,Madhya Pradesh,05-01-2016 00:00,15862.11951
2767,Sagar,11,23,Madhya Pradesh,05-01-2016 00:00,16058.17318
2768,Sidhi,17,23,Madhya Pradesh,05-01-2016 00:00,15802.87664
2769,Ujjain,21,23,Madhya Pradesh,05-01-2016 00:00,15962.68714
2770,Vidisha,31,23,Madhya Pradesh,05-01-2016 00:00,16036.57729
2771,West Nimar,27,23,Madhya Pradesh,05-01-2016 00:00,15980.54212
2772,Morena,2,23,Madhya Pradesh,05-01-2016 00:00,15927.02235
2773,Sheopur,1,23,Madhya Pradesh,05-01-2016 00:00,15985.32421
2774,Dindori,41,23,Madhya Pradesh,05-01-2016 00:00,15843.36756
2775,Mandla,42,23,Madhya Pradesh,05-01-2016 00:00,15846.54236
2776,Shahdol,16,23,Madhya Pradesh,05-01-2016 00:00,15831.23698
2777,Umaria,15,23,Madhya Pradesh,05-01-2016 00:00,15856.87585
2778,Jabalpur,39,23,Madhya Pradesh,05-01-2016 00:00,15892.77837
2779,Jhabua,24,23,Madhya Pradesh,05-01-2016 00:00,15861.64672
2780,Mandsaur,19,23,Madhya Pradesh,05-01-2016 00:00,15988.46587
2781,Tikamgarh,8,23,Madhya Pradesh,05-01-2016 00:00,15998.04053
2782,Narsimhapur,40,23,Madhya Pradesh,05-01-2016 00:00,15848.5457
2783,Neemuch,18,23,Madhya Pradesh,05-01-2016 00:00,16002.59563
2784,Panna,10,23,Madhya Pradesh,05-01-2016 00:00,15994.86289
2785,Raisen,34,23,Madhya Pradesh,05-01-2016 00:00,15996.68027
2786,Rajgarh,30,23,Madhya Pradesh,05-01-2016 00:00,16028.41149
2787,Satna,13,23,Madhya Pradesh,05-01-2016 00:00,15916.85476
2788,Sehore,33,23,Madhya Pradesh,05-01-2016 00:00,15985.44032
2789,Seoni,44,23,Madhya Pradesh,05-01-2016 00:00,15977.16275
2790,Bhind,3,23,Madhya Pradesh,05-01-2016 00:00,15954.28674
2791,Bhopal,32,23,Madhya Pradesh,05-01-2016 00:00,15978.94679
2792,Barwani,28,23,Madhya Pradesh,05-01-2016 00:00,15939.02011
2793,Betul,35,23,Madhya Pradesh,05-01-2016 00:00,15995.25527
2794,Balaghat,45,23,Madhya Pradesh,05-01-2016 00:00,15725.45415
2795,Chhatarpur,9,23,Madhya Pradesh,05-01-2016 00:00,15990.77224
2796,Chhindwara,43,23,Madhya Pradesh,05-01-2016 00:00,15984.87966
2797,Dewas,23,23,Madhya Pradesh,05-01-2016 00:00,15985.33072
2798,Katni,38,23,Madhya Pradesh,05-01-2016 00:00,15920.55021
2799,Datia,5,23,Madhya Pradesh,05-01-2016 00:00,15888.06341
2800,Damoh,12,23,Madhya Pradesh,05-01-2016 00:00,16011.78104
2801,Dhar,25,23,Madhya Pradesh,05-01-2016 00:00,15883.68312
2802,East Nimar,29,23,Madhya Pradesh,05-01-2016 00:00,15977.29148
2803,Guna,7,23,Madhya Pradesh,05-01-2016 00:00,15999.47024
2804,Gwalior,4,23,Madhya Pradesh,05-01-2016 00:00,15913.24284
2805,Harda,36,23,Madhya Pradesh,05-01-2016 00:00,15877.60338
2806,Sabar Kantha,5,24,Gujarat,05-01-2016 00:00,15836.18293
2807,Surendranagar,8,24,Gujarat,05-01-2016 00:00,15994.6173
2808,The Dangs,23,24,Gujarat,05-01-2016 00:00,15836.49343
2809,Vadodara,19,24,Gujarat,05-01-2016 00:00,15772.16768
2810,Valsad,25,24,Gujarat,05-01-2016 00:00,15672.41022
2811,Bharuch,21,24,Gujarat,05-01-2016 00:00,15759.22191
2812,Surat,22,24,Gujarat,05-01-2016 00:00,15635.75804
2813,Jamnagar,10,24,Gujarat,05-01-2016 00:00,15939.01097
2814,Kheda,16,24,Gujarat,05-01-2016 00:00,15728.58917
2815,Mahesana,4,24,Gujarat,05-01-2016 00:00,15839.15971
2816,Narmada,20,24,Gujarat,05-01-2016 00:00,15795.64727
2817,Navsari,24,24,Gujarat,05-01-2016 00:00,15576.33508
2818,Panch Mahals,17,24,Gujarat,05-01-2016 00:00,15805.73521
2819,Patan,3,24,Gujarat,05-01-2016 00:00,15952.42253
2820,Porbandar,11,24,Gujarat,05-01-2016 00:00,15888.01106
2821,Rajkot,9,24,Gujarat,05-01-2016 00:00,16006.52835
2822,Anand,15,24,Gujarat,05-01-2016 00:00,15706.47524
2823,Ahmadabad,7,24,Gujarat,05-01-2016 00:00,15985.1168
2824,Amreli,13,24,Gujarat,05-01-2016 00:00,15984.74298
2825,Bhavnagar,14,24,Gujarat,05-01-2016 00:00,16049.66624
2826,Banas Kantha,2,24,Gujarat,05-01-2016 00:00,15787.72899
2827,Dohad,18,24,Gujarat,05-01-2016 00:00,15874.34428
2828,Junagadh,12,24,Gujarat,05-01-2016 00:00,15891.68144
2829,Kachchh,1,24,Gujarat,05-01-2016 00:00,15867.31512
2830,Gandhinagar,6,24,Gujarat,05-01-2016 00:00,15762.64511
2831,Daman,2,25,Daman & Diu,05-01-2016 00:00,15442.40731
2832,Diu,1,25,Daman & Diu,05-01-2016 00:00,15406.10452
2833,Hingoli,16,27,Maharashtra,05-01-2016 00:00,16170.30938
2834,Ratnagiri,32,27,Maharashtra,05-01-2016 00:00,15627.42612
2835,Raigarh,24,27,Maharashtra,05-01-2016 00:00,15700.50578
2836,Thane,21,27,Maharashtra,05-01-2016 00:00,15808.32167
2837,Solapur,30,27,Maharashtra,05-01-2016 00:00,16100.53376
2838,Sindhudurg,33,27,Maharashtra,05-01-2016 00:00,15563.05808
2839,Wardha,8,27,Maharashtra,05-01-2016 00:00,16134.35497
2840,Washim,6,27,Maharashtra,05-01-2016 00:00,16144.11672
2841,Yavatmal,14,27,Maharashtra,05-01-2016 00:00,16114.45565
2842,Jalgaon,3,27,Maharashtra,05-01-2016 00:00,15995.62444
2843,Jalna,18,27,Maharashtra,05-01-2016 00:00,16161.85402
2844,Kolhapur,34,27,Maharashtra,05-01-2016 00:00,15706.10741
2845,Latur,28,27,Maharashtra,05-01-2016 00:00,16165.45387
2846,Pune,25,27,Maharashtra,05-01-2016 00:00,15825.43136
2847,Nagpur,9,27,Maharashtra,05-01-2016 00:00,15994.18787
2848,Mumbai,23,27,Maharashtra,05-01-2016 00:00,15447.66734
2849,Mumbai (Suburban),22,27,Maharashtra,05-01-2016 00:00,15431.1494
2850,Nanded,15,27,Maharashtra,05-01-2016 00:00,16151.67003
2851,Nandurbar,1,27,Maharashtra,05-01-2016 00:00,15854.80324
2852,Nashik,20,27,Maharashtra,05-01-2016 00:00,15943.8424
2853,Osmanabad,29,27,Maharashtra,05-01-2016 00:00,16143.19648
2854,Parbhani,17,27,Maharashtra,05-01-2016 00:00,16218.74531
2855,Sangli,35,27,Maharashtra,05-01-2016 00:00,15925.7731
2856,Satara,31,27,Maharashtra,05-01-2016 00:00,15907.84922
2857,Aurangabad,19,27,Maharashtra,05-01-2016 00:00,16074.6725
2858,Ahmadnagar,26,27,Maharashtra,05-01-2016 00:00,16046.47634
2859,Akola,5,27,Maharashtra,05-01-2016 00:00,16122.33406
2860,Amravati,7,27,Maharashtra,05-01-2016 00:00,16063.89902
2861,Bid,27,27,Maharashtra,05-01-2016 00:00,16153.77702
2862,Bhandara,10,27,Maharashtra,05-01-2016 00:00,15843.43749
2863,Buldana,4,27,Maharashtra,05-01-2016 00:00,16113.98557
2864,Chandrapur,13,27,Maharashtra,05-01-2016 00:00,15881.50408
2865,Dhule,2,27,Maharashtra,05-01-2016 00:00,15961.08169
2866,Gadchiroli,12,27,Maharashtra,05-01-2016 00:00,15716.15067
2867,Gondiya,11,27,Maharashtra,05-01-2016 00:00,15765.07794
2868,Hyderabad,5,28,Andhra Pradesh,05-01-2016 00:00,15557.26559
2869,Rangareddi,6,28,Andhra Pradesh,05-01-2016 00:00,15747.18092
2870,Srikakulam,11,28,Andhra Pradesh,05-01-2016 00:00,15548.14847
2871,West Godavari,15,28,Andhra Pradesh,05-01-2016 00:00,15509.71403
2872,Visakhapatnam,13,28,Andhra Pradesh,05-01-2016 00:00,15433.71877
2873,Vizianagaram,12,28,Andhra Pradesh,05-01-2016 00:00,15570.57575
2874,Warangal,9,28,Andhra Pradesh,05-01-2016 00:00,15792.49596
2875,Khammam,10,28,Andhra Pradesh,05-01-2016 00:00,15719.13528
2876,Medak,4,28,Andhra Pradesh,05-01-2016 00:00,15851.3888
2877,Krishna,16,28,Andhra Pradesh,05-01-2016 00:00,15646.66481
2878,Kurnool,21,28,Andhra Pradesh,05-01-2016 00:00,15871.34421
2879,Mahbubnagar,7,28,Andhra Pradesh,05-01-2016 00:00,15803.14342
2880,Nalgonda,8,28,Andhra Pradesh,05-01-2016 00:00,15808.8046
2881,Nellore,19,28,Andhra Pradesh,05-01-2016 00:00,15672.45375
2882,Nizamabad,2,28,Andhra Pradesh,05-01-2016 00:00,15925.7389
2883,Prakasam,18,28,Andhra Pradesh,05-01-2016 00:00,15837.04235
2884,Anantapur,22,28,Andhra Pradesh,05-01-2016 00:00,15864.81915
2885,Adilabad,1,28,Andhra Pradesh,05-01-2016 00:00,15932.6905
2886,Chittoor,23,28,Andhra Pradesh,05-01-2016 00:00,15556.88801
2887,Cuddapah,20,28,Andhra Pradesh,05-01-2016 00:00,15752.54123
2888,East Godavari,14,28,Andhra Pradesh,05-01-2016 00:00,15484.58796
2889,Karimnagar,3,28,Andhra Pradesh,05-01-2016 00:00,15859.35625
2890,Guntur,17,28,Andhra Pradesh,05-01-2016 00:00,15813.58088
2891,Hassan,23,29,Karnataka,05-01-2016 00:00,15490.00723
2892,Haveri,11,29,Karnataka,05-01-2016 00:00,15792.00565
2893,Shimoga,15,29,Karnataka,05-01-2016 00:00,15425.31664
2894,Tumkur,18,29,Karnataka,05-01-2016 00:00,15648.33485
2895,Udupi,16,29,Karnataka,05-01-2016 00:00,15359.39965
2896,Uttara Kannada,10,29,Karnataka,05-01-2016 00:00,15342.78707
2897,Kodagu,25,29,Karnataka,05-01-2016 00:00,15141.09778
2898,Kolar,19,29,Karnataka,05-01-2016 00:00,15558.58416
2899,Mandya,22,29,Karnataka,05-01-2016 00:00,15549.98273
2900,Koppal,7,29,Karnataka,05-01-2016 00:00,15860.13913
2901,Mysore,26,29,Karnataka,05-01-2016 00:00,15505.50419
2902,Raichur,6,29,Karnataka,05-01-2016 00:00,15901.92939
2903,Bagalkot,2,29,Karnataka,05-01-2016 00:00,15890.80557
2904,Bangalore,20,29,Karnataka,05-01-2016 00:00,15481.6862
2905,Bidar,5,29,Karnataka,05-01-2016 00:00,16081.74007
2906,Bijapur,3,29,Karnataka,05-01-2016 00:00,16024.31828
2907,Belgaum,1,29,Karnataka,05-01-2016 00:00,15843.07035
2908,Bellary,12,29,Karnataka,05-01-2016 00:00,15819.79198
2909,Bangalore Rural,21,29,Karnataka,05-01-2016 00:00,15534.13675
2910,Chamarajanagar,27,29,Karnataka,05-01-2016 00:00,15496.57533
2911,Chikmagalur,17,29,Karnataka,05-01-2016 00:00,15366.80151
2912,Chitradurga,13,29,Karnataka,05-01-2016 00:00,15793.13607
2913,Dakshina Kannada,24,29,Karnataka,05-01-2016 00:00,15249.63306
2914,Davanagere,14,29,Karnataka,05-01-2016 00:00,15687.23145
2915,Dharwad,9,29,Karnataka,05-01-2016 00:00,15918.33863
2916,Gulbarga,4,29,Karnataka,05-01-2016 00:00,16017.88018
2917,Gadag,8,29,Karnataka,05-01-2016 00:00,15939.90651
2918,South Goa,2,30,Goa,05-01-2016 00:00,15407.04406
2919,North Goa,1,30,Goa,05-01-2016 00:00,15473.5765
2920,Idukki,9,32,Kerala,05-01-2016 00:00,15112.86832
2921,Thrissur,7,32,Kerala,05-01-2016 00:00,15235.253
2922,Thiruvananthapuram,14,32,Kerala,05-01-2016 00:00,15210.80259
2923,Wayanad,3,32,Kerala,05-01-2016 00:00,15144.79952
2924,Kollam,13,32,Kerala,05-01-2016 00:00,15194.00626
2925,Kottayam,10,32,Kerala,05-01-2016 00:00,15240.81002
2926,Kozhikode,4,32,Kerala,05-01-2016 00:00,15250.04911
2927,Malappuram,5,32,Kerala,05-01-2016 00:00,15300.79463
2928,Palakkad,6,32,Kerala,05-01-2016 00:00,15300.56058
2929,Pathanamthitta,12,32,Kerala,05-01-2016 00:00,15106.04711
2930,Alappuzha,11,32,Kerala,05-01-2016 00:00,15223.7074
2931,Kasaragod,1,32,Kerala,05-01-2016 00:00,15298.99757
2932,Kannur,2,32,Kerala,05-01-2016 00:00,15281.07337
2933,Ernakulam,8,32,Kerala,05-01-2016 00:00,15257.66092
2934,Sivaganga,23,33,Tamil Nadu,05-01-2016 00:00,15675.466
2935,Tiruchirappalli,15,33,Tamil Nadu,05-01-2016 00:00,15700.11182
2936,Tirunelveli,29,33,Tamil Nadu,05-01-2016 00:00,15599.39395
2937,Tiruvannamalai,6,33,Tamil Nadu,05-01-2016 00:00,15632.40698
2938,Thoothukkudi,28,33,Tamil Nadu,05-01-2016 00:00,15797.48642
2939,Theni,25,33,Tamil Nadu,05-01-2016 00:00,15495.07268
2940,Vellore,4,33,Tamil Nadu,05-01-2016 00:00,15581.64649
2941,Viluppuram,7,33,Tamil Nadu,05-01-2016 00:00,15629.54775
2942,Virudhunagar,26,33,Tamil Nadu,05-01-2016 00:00,15744.61706
2943,Chennai,2,33,Tamil Nadu,05-01-2016 00:00,15579.23515
2944,Kancheepuram,3,33,Tamil Nadu,05-01-2016 00:00,15600.62933
2945,Thiruvallur,1,33,Tamil Nadu,05-01-2016 00:00,15594.10797
2946,Thanjavur,21,33,Tamil Nadu,05-01-2016 00:00,15502.97331
2947,Thiruvarur,20,33,Tamil Nadu,05-01-2016 00:00,15479.17462
2948,Nagapattinam,19,33,Tamil Nadu,05-01-2016 00:00,15469.76489
2949,Kanniyakumari,30,33,Tamil Nadu,05-01-2016 00:00,15273.06125
2950,Karur,14,33,Tamil Nadu,05-01-2016 00:00,15730.56554
2951,Madurai,24,33,Tamil Nadu,05-01-2016 00:00,15680.50556
2952,Namakkal,9,33,Tamil Nadu,05-01-2016 00:00,15656.13372
2953,The Nilgiris,11,33,Tamil Nadu,05-01-2016 00:00,15139.45849
2954,Perambalur,16,33,Tamil Nadu,05-01-2016 00:00,15737.48355
2955,Pudukkottai,22,33,Tamil Nadu,05-01-2016 00:00,15681.5265
2956,Ramanathapuram,27,33,Tamil Nadu,05-01-2016 00:00,15716.72262
2957,Salem,8,33,Tamil Nadu,05-01-2016 00:00,15627.53643
2958,Ariyalur,17,33,Tamil Nadu,05-01-2016 00:00,15677.07654
2959,Coimbatore,12,33,Tamil Nadu,05-01-2016 00:00,15549.33024
2960,Cuddalore,18,33,Tamil Nadu,05-01-2016 00:00,15613.49036
2961,Dharmapuri,5,33,Tamil Nadu,05-01-2016 00:00,15588.40645
2962,Dindigul,13,33,Tamil Nadu,05-01-2016 00:00,15560.21358
2963,Erode,10,33,Tamil Nadu,05-01-2016 00:00,15613.87309
2964,Yanam,1,34,Puducherry,05-01-2016 00:00,15445.27094
2965,Karaikal,4,34,Puducherry,05-01-2016 00:00,15448.52634
2966,Mahe,3,34,Puducherry,05-01-2016 00:00,15230.20329
2967,Pondicherry,2,34,Puducherry,05-01-2016 00:00,15477.72446
2968,Nicobars,2,35,Andaman & Nicobar Island,05-01-2016 00:00,15122.08209
2969,Andamans,1,35,Andaman & Nicobar Island,05-01-2016 00:00,15217.40056
2970,Lakshadweep,1,31,Lakshadweep,06-01-2016 00:00,15022.79584
2971,Chandigarh,1,4,Chandigarh,06-01-2016 00:00,15449.93041
2972,Dadra & Nagar Haveli,1,26,Dadara & Nagar Havelli,06-01-2016 00:00,15741.07398
2973,Data Not Available,99,99,Jammu and Kashmir,06-01-2016 00:00,14554.42098
2974,Srinagar,3,1,Jammu and Kashmir,06-01-2016 00:00,14696.35528
2975,Udhampur,10,1,Jammu and Kashmir,06-01-2016 00:00,15171.58564
2976,Jammu,13,1,Jammu and Kashmir,06-01-2016 00:00,15570.69229
2977,Kargil,8,1,Jammu and Kashmir,06-01-2016 00:00,14713.15792
2978,Kathua,14,1,Jammu and Kashmir,06-01-2016 00:00,15354.44489
2979,Leh (Ladakh),7,1,Jammu and Kashmir,06-01-2016 00:00,14828.47776
2980,Kupwara,1,1,Jammu and Kashmir,06-01-2016 00:00,14882.00981
2981,Punch,11,1,Jammu and Kashmir,06-01-2016 00:00,15087.75413
2982,Pulwama,5,1,Jammu and Kashmir,06-01-2016 00:00,15016.5409
2983,Rajauri,12,1,Jammu and Kashmir,06-01-2016 00:00,15327.82813
2984,Anantnag,6,1,Jammu and Kashmir,06-01-2016 00:00,14722.77863
2985,Badgam,4,1,Jammu and Kashmir,06-01-2016 00:00,14908.9014
2986,Baramula,2,1,Jammu and Kashmir,06-01-2016 00:00,14798.71697
2987,Doda,9,1,Jammu and Kashmir,06-01-2016 00:00,14566.1437
2988,Shimla,11,2,Himachal Pradesh,06-01-2016 00:00,14890.93537
2989,Sirmaur,10,2,Himachal Pradesh,06-01-2016 00:00,15185.54755
2990,Solan,9,2,Himachal Pradesh,06-01-2016 00:00,15251.73788
2991,Una,7,2,Himachal Pradesh,06-01-2016 00:00,15385.37135
2992,Kangra,2,2,Himachal Pradesh,06-01-2016 00:00,15144.80512
2993,Kinnaur,12,2,Himachal Pradesh,06-01-2016 00:00,14728.46767
2994,Lahul & Spiti,3,2,Himachal Pradesh,06-01-2016 00:00,14607.86418
2995,Kullu,4,2,Himachal Pradesh,06-01-2016 00:00,14540.15085
2996,Mandi,5,2,Himachal Pradesh,06-01-2016 00:00,15037.86701
2997,Bilaspur,8,2,Himachal Pradesh,06-01-2016 00:00,15288.14952
2998,Chamba,1,2,Himachal Pradesh,06-01-2016 00:00,14727.41678
2999,Hamirpur,6,2,Himachal Pradesh,06-01-2016 00:00,15309.39075
3000,Hoshiarpur,5,3,Punjab,06-01-2016 00:00,15451.05436
3001,Rupnagar,7,3,Punjab,06-01-2016 00:00,15431.62156
3002,Jalandhar,4,3,Punjab,06-01-2016 00:00,15477.36817
3003,Kapurthala,3,3,Punjab,06-01-2016 00:00,15495.0491
3004,Ludhiana,9,3,Punjab,06-01-2016 00:00,15479.1735
3005,Mansa,15,3,Punjab,06-01-2016 00:00,15534.58402
3006,Moga,10,3,Punjab,06-01-2016 00:00,15529.24189
3007,Muktsar,12,3,Punjab,06-01-2016 00:00,15636.93355
3008,Nawanshahr,6,3,Punjab,06-01-2016 00:00,15433.47543
3009,Patiala,17,3,Punjab,06-01-2016 00:00,15449.15491
3010,Sangrur,16,3,Punjab,06-01-2016 00:00,15435.71234
3011,Amritsar,2,3,Punjab,06-01-2016 00:00,15521.83269
3012,Firozpur,11,3,Punjab,06-01-2016 00:00,15642.52553
3013,Bathinda,14,3,Punjab,06-01-2016 00:00,15576.57666
3014,Gurdaspur,1,3,Punjab,06-01-2016 00:00,15531.32747
3015,Faridkot,13,3,Punjab,06-01-2016 00:00,15597.49414
3016,Fatehgarh Sahib,8,3,Punjab,06-01-2016 00:00,15443.11315
3017,Hardwar,13,5,Uttarakhand,06-01-2016 00:00,15189.55157
3018,Rudraprayag,3,5,Uttarakhand,06-01-2016 00:00,14579.49636
3019,Tehri Garhwal,4,5,Uttarakhand,06-01-2016 00:00,14952.96858
3020,Udham Singh Nagar,12,5,Uttarakhand,06-01-2016 00:00,15238.49278
3021,Uttarkashi,1,5,Uttarakhand,06-01-2016 00:00,14660.77912
3022,Nainital,11,5,Uttarakhand,06-01-2016 00:00,15117.33113
3023,Pithoragarh,7,5,Uttarakhand,06-01-2016 00:00,14561.95766
3024,Bageshwar,8,5,Uttarakhand,06-01-2016 00:00,14719.97364
3025,Almora,9,5,Uttarakhand,06-01-2016 00:00,15142.55598
3026,Chamoli,2,5,Uttarakhand,06-01-2016 00:00,14491.11966
3027,Champawat,10,5,Uttarakhand,06-01-2016 00:00,15092.30408
3028,Dehradun,5,5,Uttarakhand,06-01-2016 00:00,15177.4365
3029,Garhwal,6,5,Uttarakhand,06-01-2016 00:00,15111.56927
3030,Hisar,12,6,Haryana,06-01-2016 00:00,15585.43654
3031,Rohtak,14,6,Haryana,06-01-2016 00:00,15582.98844
3032,Sirsa,11,6,Haryana,06-01-2016 00:00,15731.83385
3033,Sonipat,8,6,Haryana,06-01-2016 00:00,15624.54931
3034,Yamunanagar,3,6,Haryana,06-01-2016 00:00,15342.85377
3035,Jhajjar,15,6,Haryana,06-01-2016 00:00,15640.81964
3036,Mahendragarh,16,6,Haryana,06-01-2016 00:00,15738.42864
3037,Rewari,17,6,Haryana,06-01-2016 00:00,15737.00329
3038,Bhiwani,13,6,Haryana,06-01-2016 00:00,15710.89676
3039,Jind,9,6,Haryana,06-01-2016 00:00,15476.91395
3040,Kaithal,5,6,Haryana,06-01-2016 00:00,15412.03377
3041,Karnal,6,6,Haryana,06-01-2016 00:00,15414.48914
3042,Kurukshetra,4,6,Haryana,06-01-2016 00:00,15364.25345
3043,Panchkula,1,6,Haryana,06-01-2016 00:00,15417.19107
3044,Panipat,7,6,Haryana,06-01-2016 00:00,15485.64941
3045,Ambala,2,6,Haryana,06-01-2016 00:00,15456.8226
3046,Gurgaon,18,6,Haryana,06-01-2016 00:00,15612.78475
3047,Faridabad,19,6,Haryana,06-01-2016 00:00,15518.77505
3048,Fatehabad,10,6,Haryana,06-01-2016 00:00,15570.69197
3049,Central,6,7,Delhi  & NCR,06-01-2016 00:00,15382.07039
3050,East,4,7,Delhi  & NCR,06-01-2016 00:00,15373.78898
3051,New Delhi,5,7,Delhi  & NCR,06-01-2016 00:00,15346.43456
3052,North,2,7,Delhi  & NCR,06-01-2016 00:00,15379.29893
3053,North East,3,7,Delhi  & NCR,06-01-2016 00:00,15398.34571
3054,North West,1,7,Delhi  & NCR,06-01-2016 00:00,15529.6205
3055,South,9,7,Delhi  & NCR,06-01-2016 00:00,15394.75572
3056,South West,8,7,Delhi  & NCR,06-01-2016 00:00,15519.61321
3057,West,7,7,Delhi  & NCR,06-01-2016 00:00,15470.19063
3058,Sirohi,19,8,Rajasthan,06-01-2016 00:00,15901.81734
3059,Tonk,22,8,Rajasthan,06-01-2016 00:00,15922.76266
3060,Sikar,13,8,Rajasthan,06-01-2016 00:00,15800.31457
3061,Alwar,6,8,Rajasthan,06-01-2016 00:00,15736.71361
3062,Udaipur,26,8,Rajasthan,06-01-2016 00:00,15923.239
3063,Ganganagar,1,8,Rajasthan,06-01-2016 00:00,15941.36335
3064,Hanumangarh,2,8,Rajasthan,06-01-2016 00:00,15852.96205
3065,Baran,31,8,Rajasthan,06-01-2016 00:00,15919.97221
3066,Jaipur,12,8,Rajasthan,06-01-2016 00:00,15838.6506
3067,Jaisalmer,16,8,Rajasthan,06-01-2016 00:00,16178.02328
3068,Jalor,18,8,Rajasthan,06-01-2016 00:00,16007.17954
3069,Jhalawar,32,8,Rajasthan,06-01-2016 00:00,15920.91507
3070,Jhunjhunun,5,8,Rajasthan,06-01-2016 00:00,15804.39144
3071,Jodhpur,15,8,Rajasthan,06-01-2016 00:00,16043.30664
3072,Kota,30,8,Rajasthan,06-01-2016 00:00,15914.1372
3073,Nagaur,14,8,Rajasthan,06-01-2016 00:00,15906.85604
3074,Pali,20,8,Rajasthan,06-01-2016 00:00,15945.88693
3075,Rajsamand,25,8,Rajasthan,06-01-2016 00:00,15894.02524
3076,Sawai Madhopur,10,8,Rajasthan,06-01-2016 00:00,15865.67177
3077,Ajmer,21,8,Rajasthan,06-01-2016 00:00,15891.6464
3078,Banswara,28,8,Rajasthan,06-01-2016 00:00,15899.93147
3079,Barmer,17,8,Rajasthan,06-01-2016 00:00,16029.39852
3080,Bhilwara,24,8,Rajasthan,06-01-2016 00:00,15949.77382
3081,Bikaner,3,8,Rajasthan,06-01-2016 00:00,16104.79933
3082,Bharatpur,7,8,Rajasthan,06-01-2016 00:00,15849.57749
3083,Bundi,23,8,Rajasthan,06-01-2016 00:00,15896.15503
3084,Chittaurgarh,29,8,Rajasthan,06-01-2016 00:00,15908.70576
3085,Churu,4,8,Rajasthan,06-01-2016 00:00,15913.1508
3086,Dausa,11,8,Rajasthan,06-01-2016 00:00,15839.97603
3087,Dhaulpur,8,8,Rajasthan,06-01-2016 00:00,15748.27853
3088,Dungarpur,27,8,Rajasthan,06-01-2016 00:00,15964.07817
3089,Karauli,9,8,Rajasthan,06-01-2016 00:00,15830.17509
3090,Hathras,13,9,Uttar Pradesh,06-01-2016 00:00,15543.44159
3091,Shrawasti,51,9,Uttar Pradesh,06-01-2016 00:00,15352.85007
3092,Saharanpur,1,9,Uttar Pradesh,06-01-2016 00:00,15220.85106
3093,Sitapur,24,9,Uttar Pradesh,06-01-2016 00:00,15416.2088
3094,Sultanpur,49,9,Uttar Pradesh,06-01-2016 00:00,15535.60547
3095,Sonbhadra,70,9,Uttar Pradesh,06-01-2016 00:00,15793.85685
3096,Siddharthnagar,54,9,Uttar Pradesh,06-01-2016 00:00,15331.59952
3097,Unnao,26,9,Uttar Pradesh,06-01-2016 00:00,15530.46925
3098,Varanasi,67,9,Uttar Pradesh,06-01-2016 00:00,15634.38503
3099,Bulandshahr,11,9,Uttar Pradesh,06-01-2016 00:00,15338.56208
3100,Gautam Buddha Nagar,10,9,Uttar Pradesh,06-01-2016 00:00,15444.83673
3101,Ghaziabad,9,9,Uttar Pradesh,06-01-2016 00:00,15330.45582
3102,Jalaun,35,9,Uttar Pradesh,06-01-2016 00:00,15725.46029
3103,Jaunpur,64,9,Uttar Pradesh,06-01-2016 00:00,15586.43924
3104,Jhansi,36,9,Uttar Pradesh,06-01-2016 00:00,15873.67658
3105,Jyotiba Phule Nagar,6,9,Uttar Pradesh,06-01-2016 00:00,15292.47659
3106,Kannauj,30,9,Uttar Pradesh,06-01-2016 00:00,15550.2808
3107,Kanpur Nagar,34,9,Uttar Pradesh,06-01-2016 00:00,15562.40187
3108,Kaushambi,44,9,Uttar Pradesh,06-01-2016 00:00,15708.86072
3109,Kheri,23,9,Uttar Pradesh,06-01-2016 00:00,15249.59732
3110,Mirzapur,69,9,Uttar Pradesh,06-01-2016 00:00,15878.67655
3111,Moradabad,4,9,Uttar Pradesh,06-01-2016 00:00,15285.91073
3112,Muzaffarnagar,2,9,Uttar Pradesh,06-01-2016 00:00,15236.36469
3113,Rae Bareli,28,9,Uttar Pradesh,06-01-2016 00:00,15528.17359
3114,Kushinagar,59,9,Uttar Pradesh,06-01-2016 00:00,15225.33989
3115,Lucknow,27,9,Uttar Pradesh,06-01-2016 00:00,15447.60335
3116,Lalitpur,37,9,Uttar Pradesh,06-01-2016 00:00,15806.44
3117,Mahrajganj,57,9,Uttar Pradesh,06-01-2016 00:00,15250.3619
3118,Mahoba,39,9,Uttar Pradesh,06-01-2016 00:00,15970.10865
3119,Mainpuri,18,9,Uttar Pradesh,06-01-2016 00:00,15552.90706
3120,Mathura,14,9,Uttar Pradesh,06-01-2016 00:00,15716.14157
3121,Mau,62,9,Uttar Pradesh,06-01-2016 00:00,15574.34671
3122,Meerut,7,9,Uttar Pradesh,06-01-2016 00:00,15270.25668
3123,Pilibhit,21,9,Uttar Pradesh,06-01-2016 00:00,15259.83058
3124,Pratapgarh,43,9,Uttar Pradesh,06-01-2016 00:00,15679.92415
3125,Rampur,5,9,Uttar Pradesh,06-01-2016 00:00,15255.15912
3126,Sant Ravidas Nagar Bhadohi,68,9,Uttar Pradesh,06-01-2016 00:00,15734.80962
3127,Sant Kabir Nagar,56,9,Uttar Pradesh,06-01-2016 00:00,15378.51379
3128,Shahjahanpur,22,9,Uttar Pradesh,06-01-2016 00:00,15396.98086
3129,Auraiya,32,9,Uttar Pradesh,06-01-2016 00:00,15558.05185
3130,Azamgarh,61,9,Uttar Pradesh,06-01-2016 00:00,15557.81164
3131,Budaun,19,9,Uttar Pradesh,06-01-2016 00:00,15459.82846
3132,Agra,15,9,Uttar Pradesh,06-01-2016 00:00,15683.68648
3133,Aligarh,12,9,Uttar Pradesh,06-01-2016 00:00,15485.2908
3134,Allahabad,45,9,Uttar Pradesh,06-01-2016 00:00,15826.05218
3135,Ambedkar Nagar,48,9,Uttar Pradesh,06-01-2016 00:00,15515.31952
3136,Bareilly,20,9,Uttar Pradesh,06-01-2016 00:00,15320.04637
3137,Bijnor,3,9,Uttar Pradesh,06-01-2016 00:00,15228.34018
3138,Basti,55,9,Uttar Pradesh,06-01-2016 00:00,15450.35453
3139,Baghpat,8,9,Uttar Pradesh,06-01-2016 00:00,15327.6086
3140,Bahraich,50,9,Uttar Pradesh,06-01-2016 00:00,15360.98602
3141,Ballia,63,9,Uttar Pradesh,06-01-2016 00:00,15560.48218
3142,Balrampur,52,9,Uttar Pradesh,06-01-2016 00:00,15322.86132
3143,Banda,40,9,Uttar Pradesh,06-01-2016 00:00,15809.97349
3144,Barabanki,46,9,Uttar Pradesh,06-01-2016 00:00,15434.87858
3145,Chitrakoot,41,9,Uttar Pradesh,06-01-2016 00:00,15829.15533
3146,Chandauli,66,9,Uttar Pradesh,06-01-2016 00:00,15818.80821
3147,Deoria,60,9,Uttar Pradesh,06-01-2016 00:00,15468.69604
3148,Etah,17,9,Uttar Pradesh,06-01-2016 00:00,15583.32605
3149,Kanpur Dehat,33,9,Uttar Pradesh,06-01-2016 00:00,15596.37817
3150,Etawah,31,9,Uttar Pradesh,06-01-2016 00:00,15558.42407
3151,Faizabad,47,9,Uttar Pradesh,06-01-2016 00:00,15501.64567
3152,Ghazipur,65,9,Uttar Pradesh,06-01-2016 00:00,15574.77125
3153,Gonda,53,9,Uttar Pradesh,06-01-2016 00:00,15367.83516
3154,Gorakhpur,58,9,Uttar Pradesh,06-01-2016 00:00,15426.06358
3155,Farrukhabad,29,9,Uttar Pradesh,06-01-2016 00:00,15523.72751
3156,Fatehpur,42,9,Uttar Pradesh,06-01-2016 00:00,15591.82691
3157,Firozabad,16,9,Uttar Pradesh,06-01-2016 00:00,15669.05717
3158,Hamirpur,38,9,Uttar Pradesh,06-01-2016 00:00,15845.06411
3159,Hardoi,25,9,Uttar Pradesh,06-01-2016 00:00,15467.03023
3160,Sheikhpura,26,10,Bihar,06-01-2016 00:00,15800.16823
3161,Sheohar,3,10,Bihar,06-01-2016 00:00,15506.86387
3162,Saharsa,12,10,Bihar,06-01-2016 00:00,15411.97652
3163,Sitamarhi,4,10,Bihar,06-01-2016 00:00,15440.36342
3164,Siwan,16,10,Bihar,06-01-2016 00:00,15432.54734
3165,Supaul,6,10,Bihar,06-01-2016 00:00,15298.83008
3166,Vaishali,18,10,Bihar,06-01-2016 00:00,15553.04733
3167,Kaimur (Bhabua),31,10,Bihar,06-01-2016 00:00,15832.51298
3168,Gaya,35,10,Bihar,06-01-2016 00:00,15823.13803
3169,Bhojpur,29,10,Bihar,06-01-2016 00:00,15775.54564
3170,Buxar,30,10,Bihar,06-01-2016 00:00,15751.03541
3171,Jehanabad,33,10,Bihar,06-01-2016 00:00,15842.48579
3172,Rohtas,32,10,Bihar,06-01-2016 00:00,15840.20253
3173,Jamui,37,10,Bihar,06-01-2016 00:00,15624.29616
3174,Kishanganj,8,10,Bihar,06-01-2016 00:00,15245.5705
3175,Muzaffarpur,14,10,Bihar,06-01-2016 00:00,15413.26036
3176,Purnia,9,10,Bihar,06-01-2016 00:00,15407.46351
3177,Khagaria,21,10,Bihar,06-01-2016 00:00,15683.11068
3178,Madhubani,5,10,Bihar,06-01-2016 00:00,15368.24969
3179,Lakhisarai,25,10,Bihar,06-01-2016 00:00,15694.44181
3180,Madhepura,11,10,Bihar,06-01-2016 00:00,15444.81768
3181,Purba Champaran,2,10,Bihar,06-01-2016 00:00,15385.13237
3182,Munger,24,10,Bihar,06-01-2016 00:00,15545.43711
3183,Nalanda,27,10,Bihar,06-01-2016 00:00,15778.85494
3184,Nawada,36,10,Bihar,06-01-2016 00:00,15743.48435
3185,Pashchim Champaran,1,10,Bihar,06-01-2016 00:00,15223.24889
3186,Patna,28,10,Bihar,06-01-2016 00:00,15712.43489
3187,Samastipur,19,10,Bihar,06-01-2016 00:00,15582.83717
3188,Araria,7,10,Bihar,06-01-2016 00:00,15280.46301
3189,Aurangabad,34,10,Bihar,06-01-2016 00:00,15913.88664
3190,Banka,23,10,Bihar,06-01-2016 00:00,15582.40101
3191,Bhagalpur,22,10,Bihar,06-01-2016 00:00,15604.41482
3192,Begusarai,20,10,Bihar,06-01-2016 00:00,15694.51009
3193,Saran,17,10,Bihar,06-01-2016 00:00,15459.17027
3194,Katihar,10,10,Bihar,06-01-2016 00:00,15414.9011
3195,Darbhanga,13,10,Bihar,06-01-2016 00:00,15427.51582
3196,Gopalganj,15,10,Bihar,06-01-2016 00:00,15436.21792
3197,South,3,11,Sikkim,06-01-2016 00:00,14768.92906
3198,West,2,11,Sikkim,06-01-2016 00:00,14458.60512
3199,North,1,11,Sikkim,06-01-2016 00:00,14202.42345
3200,East,4,11,Sikkim,06-01-2016 00:00,14671.00953
3201,Tawang,1,12,Arunanchal Pradesh,06-01-2016 00:00,14367.20412
3202,Tirap,13,12,Arunanchal Pradesh,06-01-2016 00:00,15018.17369
3203,West Kameng,2,12,Arunanchal Pradesh,06-01-2016 00:00,14669.18979
3204,West Siang,7,12,Arunanchal Pradesh,06-01-2016 00:00,14818.96142
3205,Upper Siang,9,12,Arunanchal Pradesh,06-01-2016 00:00,14702.40646
3206,Upper Subansiri,6,12,Arunanchal Pradesh,06-01-2016 00:00,14627.26831
3207,Lohit,11,12,Arunanchal Pradesh,06-01-2016 00:00,14709.69637
3208,Lower Subansiri,5,12,Arunanchal Pradesh,06-01-2016 00:00,14636.1874
3209,Papum Pare,4,12,Arunanchal Pradesh,06-01-2016 00:00,14865.75319
3210,Changlang,12,12,Arunanchal Pradesh,06-01-2016 00:00,14978.01522
3211,Dibang Valley,10,12,Arunanchal Pradesh,06-01-2016 00:00,14647.4119
3212,East Kameng,3,12,Arunanchal Pradesh,06-01-2016 00:00,14716.05788
3213,East Siang,8,12,Arunanchal Pradesh,06-01-2016 00:00,15082.70211
3214,Tuensang,2,13,Nagaland,06-01-2016 00:00,14941.34611
3215,Wokha,5,13,Nagaland,06-01-2016 00:00,15084.65008
3216,Zunheboto,4,13,Nagaland,06-01-2016 00:00,14929.15627
3217,Dimapur,6,13,Nagaland,06-01-2016 00:00,15165.61222
3218,Kohima,7,13,Nagaland,06-01-2016 00:00,15024.70648
3219,Mokokchung,3,13,Nagaland,06-01-2016 00:00,15079.73616
3220,Mon,1,13,Nagaland,06-01-2016 00:00,15074.2819
3221,Phek,8,13,Nagaland,06-01-2016 00:00,14956.53064
3222,Tamenglong,2,14,Manipur,06-01-2016 00:00,14995.04724
3223,Thoubal,5,14,Manipur,06-01-2016 00:00,15172.69107
3224,Ukhrul,8,14,Manipur,06-01-2016 00:00,14960.88031
3225,Imphal East,7,14,Manipur,06-01-2016 00:00,15164.35648
3226,Imphal West,6,14,Manipur,06-01-2016 00:00,15105.52016
3227,Senapati (Excl. 3 sub-divisions),1,14,Manipur,06-01-2016 00:00,14941.82777
3228,Bishnupur,4,14,Manipur,06-01-2016 00:00,15087.35236
3229,Chandel,9,14,Manipur,06-01-2016 00:00,15021.02771
3230,Churachandpur,3,14,Manipur,06-01-2016 00:00,15005.62775
3231,Kolasib,2,15,Mizoram,06-01-2016 00:00,15061.45283
3232,Mamit,1,15,Mizoram,06-01-2016 00:00,15035.18014
3233,Lunglei,6,15,Mizoram,06-01-2016 00:00,15019.37967
3234,Lawngtlai,7,15,Mizoram,06-01-2016 00:00,15065.80394
3235,Saiha,8,15,Mizoram,06-01-2016 00:00,14985.25723
3236,Serchhip,5,15,Mizoram,06-01-2016 00:00,14974.28472
3237,Aizawl,3,15,Mizoram,06-01-2016 00:00,14993.97947
3238,Champhai,4,15,Mizoram,06-01-2016 00:00,14953.67474
3239,South Tripura,2,16,Tripura,06-01-2016 00:00,15145.81371
3240,West Tripura,1,16,Tripura,06-01-2016 00:00,15160.3872
3241,North Tripura,4,16,Tripura,06-01-2016 00:00,15159.14002
3242,Dhalai,3,16,Tripura,06-01-2016 00:00,15122.0873
3243,Ri Bhoi,5,17,Meghalaya,06-01-2016 00:00,15050.45625
3244,South Garo Hills,3,17,Meghalaya,06-01-2016 00:00,15044.3366
3245,West Garo Hills,1,17,Meghalaya,06-01-2016 00:00,15069.68334
3246,West Khasi Hills,4,17,Meghalaya,06-01-2016 00:00,14960.71464
3247,Jaintia Hills,7,17,Meghalaya,06-01-2016 00:00,14990.54647
3248,East Garo Hills,2,17,Meghalaya,06-01-2016 00:00,15059.61592
3249,East Khasi Hills,6,17,Meghalaya,06-01-2016 00:00,14928.99741
3250,Sonitpur,11,18,Assam,06-01-2016 00:00,15190.6361
3251,Sibsagar,16,18,Assam,06-01-2016 00:00,15202.40699
3252,Tinsukia,14,18,Assam,06-01-2016 00:00,15234.12858
3253,Jorhat,17,18,Assam,06-01-2016 00:00,15159.36199
3254,Karimganj,22,18,Assam,06-01-2016 00:00,15177.13584
3255,Kokrajhar,1,18,Assam,06-01-2016 00:00,15161.26277
3256,Lakhimpur,12,18,Assam,06-01-2016 00:00,15192.71997
3257,Nagaon,10,18,Assam,06-01-2016 00:00,15202.70676
3258,Marigaon,9,18,Assam,06-01-2016 00:00,15185.76589
3259,Nalbari,7,18,Assam,06-01-2016 00:00,15183.40682
3260,North Cachar Hills,20,18,Assam,06-01-2016 00:00,15064.02306
3261,Barpeta,5,18,Assam,06-01-2016 00:00,15133.2806
3262,Bongaigaon,4,18,Assam,06-01-2016 00:00,15155.47861
3263,Cachar,21,18,Assam,06-01-2016 00:00,15122.20278
3264,Darrang,8,18,Assam,06-01-2016 00:00,15192.25222
3265,Dhemaji,13,18,Assam,06-01-2016 00:00,15246.83122
3266,Dhubri,2,18,Assam,06-01-2016 00:00,15075.06046
3267,Dibrugarh,15,18,Assam,06-01-2016 00:00,15174.3415
3268,Kamrup,6,18,Assam,06-01-2016 00:00,15152.83231
3269,Karbi Anglong,19,18,Assam,06-01-2016 00:00,15087.81523
3270,Goalpara,3,18,Assam,06-01-2016 00:00,15124.07594
3271,Golaghat,18,18,Assam,06-01-2016 00:00,15188.58046
3272,Hailakandi,23,18,Assam,06-01-2016 00:00,15172.24187
3273,Hugli,12,19,West Bengal,06-01-2016 00:00,15336.63839
3274,South  Twenty Four Parganas,18,19,West Bengal,06-01-2016 00:00,15187.92143
3275,Uttar Dinajpur,4,19,West Bengal,06-01-2016 00:00,15212.17414
3276,Jalpaiguri,2,19,West Bengal,06-01-2016 00:00,15147.34112
3277,Koch Bihar,3,19,West Bengal,06-01-2016 00:00,15107.42749
3278,Murshidabad,7,19,West Bengal,06-01-2016 00:00,15237.61594
3279,Puruliya,14,19,West Bengal,06-01-2016 00:00,15458.29278
3280,Kolkata,17,19,West Bengal,06-01-2016 00:00,15391.96488
3281,Maldah,6,19,West Bengal,06-01-2016 00:00,15265.31539
3282,Nadia,10,19,West Bengal,06-01-2016 00:00,15131.35389
3283,North Twenty Four Parganas,11,19,West Bengal,06-01-2016 00:00,15131.75218
3284,Medinipur,15,19,West Bengal,06-01-2016 00:00,15344.84926
3285,Barddhaman,9,19,West Bengal,06-01-2016 00:00,15407.41719
3286,Birbhum,8,19,West Bengal,06-01-2016 00:00,15406.10855
3287,Bankura,13,19,West Bengal,06-01-2016 00:00,15418.51811
3288,Dakshin Dinajpur,5,19,West Bengal,06-01-2016 00:00,15307.06259
3289,Darjiling,1,19,West Bengal,06-01-2016 00:00,14973.81252
3290,Haora,16,19,West Bengal,06-01-2016 00:00,15317.10225
3291,Ranchi,14,20,Jharkhand,06-01-2016 00:00,15409.99249
3292,Sahibganj,9,20,Jharkhand,06-01-2016 00:00,15448.26053
3293,Garhwa,1,20,Jharkhand,06-01-2016 00:00,15775.33165
3294,Palamu,2,20,Jharkhand,06-01-2016 00:00,15693.98789
3295,Chatra,3,20,Jharkhand,06-01-2016 00:00,15616.91274
3296,Hazaribagh,4,20,Jharkhand,06-01-2016 00:00,15509.69416
3297,Kodarma,5,20,Jharkhand,06-01-2016 00:00,15612.80674
3298,Purbi Singhbhum,18,20,Jharkhand,06-01-2016 00:00,15371.547
3299,Lohardaga,15,20,Jharkhand,06-01-2016 00:00,15394.14586
3300,Pakaur,10,20,Jharkhand,06-01-2016 00:00,15439.9958
3301,Pashchimi Singhbhum,17,20,Jharkhand,06-01-2016 00:00,15404.37078
3302,Bokaro,13,20,Jharkhand,06-01-2016 00:00,15483.14673
3303,Deoghar,7,20,Jharkhand,06-01-2016 00:00,15569.45754
3304,Dhanbad,12,20,Jharkhand,06-01-2016 00:00,15468.90852
3305,Dumka,11,20,Jharkhand,06-01-2016 00:00,15448.47248
3306,Giridih,6,20,Jharkhand,06-01-2016 00:00,15543.75964
3307,Godda,8,20,Jharkhand,06-01-2016 00:00,15498.21369
3308,Gumla,16,20,Jharkhand,06-01-2016 00:00,15493.79977
3309,Rayagada,27,21,Orissa,06-01-2016 00:00,15385.90079
3310,Sundargarh,5,21,Orissa,06-01-2016 00:00,15575.22764
3311,Sonapur,23,21,Orissa,06-01-2016 00:00,15684.83493
3312,Jajapur,13,21,Orissa,06-01-2016 00:00,15404.25122
3313,Jagatsinghapur,11,21,Orissa,06-01-2016 00:00,15313.97371
3314,Jharsuguda,2,21,Orissa,06-01-2016 00:00,15603.65917
3315,Khordha,17,21,Orissa,06-01-2016 00:00,15474.09711
3316,Mayurbhanj,7,21,Orissa,06-01-2016 00:00,15314.41643
3317,Puri,18,21,Orissa,06-01-2016 00:00,15383.6709
3318,Koraput,29,21,Orissa,06-01-2016 00:00,15300.71766
3319,Malkangiri,30,21,Orissa,06-01-2016 00:00,15322.77167
3320,Nabarangapur,28,21,Orissa,06-01-2016 00:00,15415.69162
3321,Nayagarh,16,21,Orissa,06-01-2016 00:00,15395.4009
3322,Nuapada,25,21,Orissa,06-01-2016 00:00,15605.24882
3323,Kandhamal,21,21,Orissa,06-01-2016 00:00,15380.24758
3324,Sambalpur,3,21,Orissa,06-01-2016 00:00,15526.88936
3325,Anugul,15,21,Orissa,06-01-2016 00:00,15467.91135
3326,Bhadrak,9,21,Orissa,06-01-2016 00:00,15278.56964
3327,Baudh,22,21,Orissa,06-01-2016 00:00,15614.09378
3328,Balangir,24,21,Orissa,06-01-2016 00:00,15662.97083
3329,Baleshwar,8,21,Orissa,06-01-2016 00:00,15278.68481
3330,Bargarh,1,21,Orissa,06-01-2016 00:00,15690.53421
3331,Kendrapara,10,21,Orissa,06-01-2016 00:00,15241.46923
3332,Kendujhar,6,21,Orissa,06-01-2016 00:00,15366.71781
3333,Debagarh,4,21,Orissa,06-01-2016 00:00,15493.93769
3334,Cuttack,12,21,Orissa,06-01-2016 00:00,15429.68359
3335,Dhenkanal,14,21,Orissa,06-01-2016 00:00,15439.43311
3336,Kalahandi,26,21,Orissa,06-01-2016 00:00,15528.18972
3337,Ganjam,19,21,Orissa,06-01-2016 00:00,15349.66262
3338,Gajapati,20,21,Orissa,06-01-2016 00:00,15240.06119
3339,Surguja,2,22,Chhattisgarh,06-01-2016 00:00,15625.89844
3340,Bilaspur,7,22,Chhattisgarh,06-01-2016 00:00,15637.36056
3341,Janjgir - Champa,6,22,Chhattisgarh,06-01-2016 00:00,15752.77812
3342,Korba,5,22,Chhattisgarh,06-01-2016 00:00,15584.53691
3343,Kawardha,8,22,Chhattisgarh,06-01-2016 00:00,15672.74827
3344,Jashpur,3,22,Chhattisgarh,06-01-2016 00:00,15523.35719
3345,Koriya,1,22,Chhattisgarh,06-01-2016 00:00,15568.55344
3346,Mahasamund,12,22,Chhattisgarh,06-01-2016 00:00,15810.19151
3347,Raigarh,4,22,Chhattisgarh,06-01-2016 00:00,15614.78987
3348,Raipur,11,22,Chhattisgarh,06-01-2016 00:00,15717.76484
3349,Rajnandgaon,9,22,Chhattisgarh,06-01-2016 00:00,15669.37022
3350,Bastar,15,22,Chhattisgarh,06-01-2016 00:00,15404.93787
3351,Dantewada,16,22,Chhattisgarh,06-01-2016 00:00,15442.35836
3352,Dhamtari,13,22,Chhattisgarh,06-01-2016 00:00,15635.01062
3353,Durg,10,22,Chhattisgarh,06-01-2016 00:00,15811.30427
3354,Kanker,14,22,Chhattisgarh,06-01-2016 00:00,15565.94116
3355,Hoshangabad,37,23,Madhya Pradesh,06-01-2016 00:00,15732.34324
3356,Indore,26,23,Madhya Pradesh,06-01-2016 00:00,15849.16023
3357,Shajapur,22,23,Madhya Pradesh,06-01-2016 00:00,15895.55025
3358,Shivpuri,6,23,Madhya Pradesh,06-01-2016 00:00,15787.15101
3359,Ratlam,20,23,Madhya Pradesh,06-01-2016 00:00,15914.77353
3360,Rewa,14,23,Madhya Pradesh,06-01-2016 00:00,15880.5737
3361,Sagar,11,23,Madhya Pradesh,06-01-2016 00:00,15893.65178
3362,Sidhi,17,23,Madhya Pradesh,06-01-2016 00:00,15773.87312
3363,Ujjain,21,23,Madhya Pradesh,06-01-2016 00:00,15884.02972
3364,Vidisha,31,23,Madhya Pradesh,06-01-2016 00:00,15876.78765
3365,West Nimar,27,23,Madhya Pradesh,06-01-2016 00:00,15810.77333
3366,Morena,2,23,Madhya Pradesh,06-01-2016 00:00,15764.85566
3367,Sheopur,1,23,Madhya Pradesh,06-01-2016 00:00,15810.83229
3368,Dindori,41,23,Madhya Pradesh,06-01-2016 00:00,15662.19349
3369,Mandla,42,23,Madhya Pradesh,06-01-2016 00:00,15708.84112
3370,Shahdol,16,23,Madhya Pradesh,06-01-2016 00:00,15710.34185
3371,Umaria,15,23,Madhya Pradesh,06-01-2016 00:00,15647.07599
3372,Jabalpur,39,23,Madhya Pradesh,06-01-2016 00:00,15765.90394
3373,Jhabua,24,23,Madhya Pradesh,06-01-2016 00:00,15833.88206
3374,Mandsaur,19,23,Madhya Pradesh,06-01-2016 00:00,15905.09091
3375,Tikamgarh,8,23,Madhya Pradesh,06-01-2016 00:00,15829.4009
3376,Narsimhapur,40,23,Madhya Pradesh,06-01-2016 00:00,15722.30121
3377,Neemuch,18,23,Madhya Pradesh,06-01-2016 00:00,15915.45971
3378,Panna,10,23,Madhya Pradesh,06-01-2016 00:00,15909.38066
3379,Raisen,34,23,Madhya Pradesh,06-01-2016 00:00,15820.69376
3380,Rajgarh,30,23,Madhya Pradesh,06-01-2016 00:00,15893.82449
3381,Satna,13,23,Madhya Pradesh,06-01-2016 00:00,15869.52159
3382,Sehore,33,23,Madhya Pradesh,06-01-2016 00:00,15876.87162
3383,Seoni,44,23,Madhya Pradesh,06-01-2016 00:00,15814.92644
3384,Bhind,3,23,Madhya Pradesh,06-01-2016 00:00,15712.14059
3385,Bhopal,32,23,Madhya Pradesh,06-01-2016 00:00,15799.8237
3386,Barwani,28,23,Madhya Pradesh,06-01-2016 00:00,15806.2663
3387,Betul,35,23,Madhya Pradesh,06-01-2016 00:00,15794.47701
3388,Balaghat,45,23,Madhya Pradesh,06-01-2016 00:00,15540.64142
3389,Chhatarpur,9,23,Madhya Pradesh,06-01-2016 00:00,15971.57808
3390,Chhindwara,43,23,Madhya Pradesh,06-01-2016 00:00,15787.41801
3391,Dewas,23,23,Madhya Pradesh,06-01-2016 00:00,15880.18246
3392,Katni,38,23,Madhya Pradesh,06-01-2016 00:00,15686.56953
3393,Datia,5,23,Madhya Pradesh,06-01-2016 00:00,15728.48016
3394,Damoh,12,23,Madhya Pradesh,06-01-2016 00:00,15875.28384
3395,Dhar,25,23,Madhya Pradesh,06-01-2016 00:00,15852.31003
3396,East Nimar,29,23,Madhya Pradesh,06-01-2016 00:00,15818.41161
3397,Guna,7,23,Madhya Pradesh,06-01-2016 00:00,15857.6485
3398,Gwalior,4,23,Madhya Pradesh,06-01-2016 00:00,15742.02083
3399,Harda,36,23,Madhya Pradesh,06-01-2016 00:00,15827.41477
3400,Sabar Kantha,5,24,Gujarat,06-01-2016 00:00,15941.05394
3401,Surendranagar,8,24,Gujarat,06-01-2016 00:00,15930.52649
3402,The Dangs,23,24,Gujarat,06-01-2016 00:00,15768.83654
3403,Vadodara,19,24,Gujarat,06-01-2016 00:00,15801.86521
3404,Valsad,25,24,Gujarat,06-01-2016 00:00,15633.20947
3405,Bharuch,21,24,Gujarat,06-01-2016 00:00,15720.37555
3406,Surat,22,24,Gujarat,06-01-2016 00:00,15579.70575
3407,Jamnagar,10,24,Gujarat,06-01-2016 00:00,15826.41
3408,Kheda,16,24,Gujarat,06-01-2016 00:00,15808.97963
3409,Mahesana,4,24,Gujarat,06-01-2016 00:00,15916.08222
3410,Narmada,20,24,Gujarat,06-01-2016 00:00,15777.3403
3411,Navsari,24,24,Gujarat,06-01-2016 00:00,15518.83402
3412,Panch Mahals,17,24,Gujarat,06-01-2016 00:00,15920.39447
3413,Patan,3,24,Gujarat,06-01-2016 00:00,15996.8632
3414,Porbandar,11,24,Gujarat,06-01-2016 00:00,15734.43063
3415,Rajkot,9,24,Gujarat,06-01-2016 00:00,15949.19473
3416,Anand,15,24,Gujarat,06-01-2016 00:00,15806.87048
3417,Ahmadabad,7,24,Gujarat,06-01-2016 00:00,15958.70921
3418,Amreli,13,24,Gujarat,06-01-2016 00:00,15908.11747
3419,Bhavnagar,14,24,Gujarat,06-01-2016 00:00,15990.32748
3420,Banas Kantha,2,24,Gujarat,06-01-2016 00:00,15912.80282
3421,Dohad,18,24,Gujarat,06-01-2016 00:00,15910.90497
3422,Junagadh,12,24,Gujarat,06-01-2016 00:00,15776.52062
3423,Kachchh,1,24,Gujarat,06-01-2016 00:00,15828.24328
3424,Gandhinagar,6,24,Gujarat,06-01-2016 00:00,15841.62647
3425,Daman,2,25,Daman & Diu,06-01-2016 00:00,15460.44636
3426,Diu,1,25,Daman & Diu,06-01-2016 00:00,15349.7362
3427,Hingoli,16,27,Maharashtra,06-01-2016 00:00,15893.27275
3428,Ratnagiri,32,27,Maharashtra,06-01-2016 00:00,15419.77833
3429,Raigarh,24,27,Maharashtra,06-01-2016 00:00,15557.51698
3430,Thane,21,27,Maharashtra,06-01-2016 00:00,15725.64936
3431,Solapur,30,27,Maharashtra,06-01-2016 00:00,15617.56064
3432,Sindhudurg,33,27,Maharashtra,06-01-2016 00:00,15328.48007
3433,Wardha,8,27,Maharashtra,06-01-2016 00:00,15911.88319
3434,Washim,6,27,Maharashtra,06-01-2016 00:00,15834.06231
3435,Yavatmal,14,27,Maharashtra,06-01-2016 00:00,15854.54711
3436,Jalgaon,3,27,Maharashtra,06-01-2016 00:00,15806.05613
3437,Jalna,18,27,Maharashtra,06-01-2016 00:00,15874.84918
3438,Kolhapur,34,27,Maharashtra,06-01-2016 00:00,15431.26753
3439,Latur,28,27,Maharashtra,06-01-2016 00:00,15760.29672
3440,Pune,25,27,Maharashtra,06-01-2016 00:00,15553.03682
3441,Nagpur,9,27,Maharashtra,06-01-2016 00:00,15828.908
3442,Mumbai,23,27,Maharashtra,06-01-2016 00:00,15357.84652
3443,Mumbai (Suburban),22,27,Maharashtra,06-01-2016 00:00,15395.70744
3444,Nanded,15,27,Maharashtra,06-01-2016 00:00,15857.26196
3445,Nandurbar,1,27,Maharashtra,06-01-2016 00:00,15735.93932
3446,Nashik,20,27,Maharashtra,06-01-2016 00:00,15775.57704
3447,Osmanabad,29,27,Maharashtra,06-01-2016 00:00,15688.58754
3448,Parbhani,17,27,Maharashtra,06-01-2016 00:00,15916.54182
3449,Sangli,35,27,Maharashtra,06-01-2016 00:00,15509.9247
3450,Satara,31,27,Maharashtra,06-01-2016 00:00,15443.42173
3451,Aurangabad,19,27,Maharashtra,06-01-2016 00:00,15797.46667
3452,Ahmadnagar,26,27,Maharashtra,06-01-2016 00:00,15763.08515
3453,Akola,5,27,Maharashtra,06-01-2016 00:00,15827.89323
3454,Amravati,7,27,Maharashtra,06-01-2016 00:00,15826.38823
3455,Bid,27,27,Maharashtra,06-01-2016 00:00,15785.57422
3456,Bhandara,10,27,Maharashtra,06-01-2016 00:00,15781.72273
3457,Buldana,4,27,Maharashtra,06-01-2016 00:00,15809.10828
3458,Chandrapur,13,27,Maharashtra,06-01-2016 00:00,15803.47737
3459,Dhule,2,27,Maharashtra,06-01-2016 00:00,15799.00011
3460,Gadchiroli,12,27,Maharashtra,06-01-2016 00:00,15588.57873
3461,Gondiya,11,27,Maharashtra,06-01-2016 00:00,15690.51754
3462,Hyderabad,5,28,Andhra Pradesh,06-01-2016 00:00,15397.30296
3463,Rangareddi,6,28,Andhra Pradesh,06-01-2016 00:00,15513.3154
3464,Srikakulam,11,28,Andhra Pradesh,06-01-2016 00:00,15387.24649
3465,West Godavari,15,28,Andhra Pradesh,06-01-2016 00:00,15394.22075
3466,Visakhapatnam,13,28,Andhra Pradesh,06-01-2016 00:00,15194.73883
3467,Vizianagaram,12,28,Andhra Pradesh,06-01-2016 00:00,15361.87179
3468,Warangal,9,28,Andhra Pradesh,06-01-2016 00:00,15639.23277
3469,Khammam,10,28,Andhra Pradesh,06-01-2016 00:00,15579.88441
3470,Medak,4,28,Andhra Pradesh,06-01-2016 00:00,15570.4445
3471,Krishna,16,28,Andhra Pradesh,06-01-2016 00:00,15498.84068
3472,Kurnool,21,28,Andhra Pradesh,06-01-2016 00:00,15450.02467
3473,Mahbubnagar,7,28,Andhra Pradesh,06-01-2016 00:00,15536.2242
3474,Nalgonda,8,28,Andhra Pradesh,06-01-2016 00:00,15621.59403
3475,Nellore,19,28,Andhra Pradesh,06-01-2016 00:00,15460.46544
3476,Nizamabad,2,28,Andhra Pradesh,06-01-2016 00:00,15703.26752
3477,Prakasam,18,28,Andhra Pradesh,06-01-2016 00:00,15596.96267
3478,Anantapur,22,28,Andhra Pradesh,06-01-2016 00:00,15483.17941
3479,Adilabad,1,28,Andhra Pradesh,06-01-2016 00:00,15738.79794
3480,Chittoor,23,28,Andhra Pradesh,06-01-2016 00:00,15277.8861
3481,Cuddapah,20,28,Andhra Pradesh,06-01-2016 00:00,15413.20443
3482,East Godavari,14,28,Andhra Pradesh,06-01-2016 00:00,15332.52429
3483,Karimnagar,3,28,Andhra Pradesh,06-01-2016 00:00,15672.51416
3484,Guntur,17,28,Andhra Pradesh,06-01-2016 00:00,15615.73213
3485,Hassan,23,29,Karnataka,06-01-2016 00:00,15126.38318
3486,Haveri,11,29,Karnataka,06-01-2016 00:00,15399.69113
3487,Shimoga,15,29,Karnataka,06-01-2016 00:00,15056.89603
3488,Tumkur,18,29,Karnataka,06-01-2016 00:00,15230.42775
3489,Udupi,16,29,Karnataka,06-01-2016 00:00,15117.30113
3490,Uttara Kannada,10,29,Karnataka,06-01-2016 00:00,15091.39171
3491,Kodagu,25,29,Karnataka,06-01-2016 00:00,14909.45871
3492,Kolar,19,29,Karnataka,06-01-2016 00:00,15192.91116
3493,Mandya,22,29,Karnataka,06-01-2016 00:00,15284.25672
3494,Koppal,7,29,Karnataka,06-01-2016 00:00,15504.44245
3495,Mysore,26,29,Karnataka,06-01-2016 00:00,15166.24579
3496,Raichur,6,29,Karnataka,06-01-2016 00:00,15543.71861
3497,Bagalkot,2,29,Karnataka,06-01-2016 00:00,15436.89292
3498,Bangalore,20,29,Karnataka,06-01-2016 00:00,14955.10606
3499,Bidar,5,29,Karnataka,06-01-2016 00:00,15675.41918
3500,Bijapur,3,29,Karnataka,06-01-2016 00:00,15559.75207
3501,Belgaum,1,29,Karnataka,06-01-2016 00:00,15534.92975
3502,Bellary,12,29,Karnataka,06-01-2016 00:00,15372.07631
3503,Bangalore Rural,21,29,Karnataka,06-01-2016 00:00,15147.4322
3504,Chamarajanagar,27,29,Karnataka,06-01-2016 00:00,15175.85465
3505,Chikmagalur,17,29,Karnataka,06-01-2016 00:00,15110.96602
3506,Chitradurga,13,29,Karnataka,06-01-2016 00:00,15377.50319
3507,Dakshina Kannada,24,29,Karnataka,06-01-2016 00:00,15022.7135
3508,Davanagere,14,29,Karnataka,06-01-2016 00:00,15323.01353
3509,Dharwad,9,29,Karnataka,06-01-2016 00:00,15493.99314
3510,Gulbarga,4,29,Karnataka,06-01-2016 00:00,15599.40951
3511,Gadag,8,29,Karnataka,06-01-2016 00:00,15517.7714
3512,South Goa,2,30,Goa,06-01-2016 00:00,15184.47275
3513,North Goa,1,30,Goa,06-01-2016 00:00,15141.8934
3514,Idukki,9,32,Kerala,06-01-2016 00:00,14805.2762
3515,Thrissur,7,32,Kerala,06-01-2016 00:00,15019.14923
3516,Thiruvananthapuram,14,32,Kerala,06-01-2016 00:00,14950.16011
3517,Wayanad,3,32,Kerala,06-01-2016 00:00,14865.86947
3518,Kollam,13,32,Kerala,06-01-2016 00:00,15030.00042
3519,Kottayam,10,32,Kerala,06-01-2016 00:00,14982.7593
3520,Kozhikode,4,32,Kerala,06-01-2016 00:00,15021.80694
3521,Malappuram,5,32,Kerala,06-01-2016 00:00,15008.07346
3522,Palakkad,6,32,Kerala,06-01-2016 00:00,14996.72882
3523,Pathanamthitta,12,32,Kerala,06-01-2016 00:00,14978.40637
3524,Alappuzha,11,32,Kerala,06-01-2016 00:00,15004.39911
3525,Kasaragod,1,32,Kerala,06-01-2016 00:00,15053.21254
3526,Kannur,2,32,Kerala,06-01-2016 00:00,15021.73782
3527,Ernakulam,8,32,Kerala,06-01-2016 00:00,15037.24435
3528,Sivaganga,23,33,Tamil Nadu,06-01-2016 00:00,15588.17628
3529,Tiruchirappalli,15,33,Tamil Nadu,06-01-2016 00:00,15542.05793
3530,Tirunelveli,29,33,Tamil Nadu,06-01-2016 00:00,15457.33665
3531,Tiruvannamalai,6,33,Tamil Nadu,06-01-2016 00:00,15460.79913
3532,Thoothukkudi,28,33,Tamil Nadu,06-01-2016 00:00,15715.86974
3533,Theni,25,33,Tamil Nadu,06-01-2016 00:00,15385.68022
3534,Vellore,4,33,Tamil Nadu,06-01-2016 00:00,15321.93842
3535,Viluppuram,7,33,Tamil Nadu,06-01-2016 00:00,15558.52658
3536,Virudhunagar,26,33,Tamil Nadu,06-01-2016 00:00,15719.67641
3537,Chennai,2,33,Tamil Nadu,06-01-2016 00:00,15367.77333
3538,Kancheepuram,3,33,Tamil Nadu,06-01-2016 00:00,15482.69636
3539,Thiruvallur,1,33,Tamil Nadu,06-01-2016 00:00,15322.20007
3540,Thanjavur,21,33,Tamil Nadu,06-01-2016 00:00,15422.86621
3541,Thiruvarur,20,33,Tamil Nadu,06-01-2016 00:00,15471.91535
3542,Nagapattinam,19,33,Tamil Nadu,06-01-2016 00:00,15373.52723
3543,Kanniyakumari,30,33,Tamil Nadu,06-01-2016 00:00,14973.1739
3544,Karur,14,33,Tamil Nadu,06-01-2016 00:00,15613.69923
3545,Madurai,24,33,Tamil Nadu,06-01-2016 00:00,15589.85375
3546,Namakkal,9,33,Tamil Nadu,06-01-2016 00:00,15508.94562
3547,The Nilgiris,11,33,Tamil Nadu,06-01-2016 00:00,14851.52195
3548,Perambalur,16,33,Tamil Nadu,06-01-2016 00:00,15631.10649
3549,Pudukkottai,22,33,Tamil Nadu,06-01-2016 00:00,15600.16709
3550,Ramanathapuram,27,33,Tamil Nadu,06-01-2016 00:00,15720.36137
3551,Salem,8,33,Tamil Nadu,06-01-2016 00:00,15397.57358
3552,Ariyalur,17,33,Tamil Nadu,06-01-2016 00:00,15570.25658
3553,Coimbatore,12,33,Tamil Nadu,06-01-2016 00:00,15327.65657
3554,Cuddalore,18,33,Tamil Nadu,06-01-2016 00:00,15526.58476
3555,Dharmapuri,5,33,Tamil Nadu,06-01-2016 00:00,15277.47269
3556,Dindigul,13,33,Tamil Nadu,06-01-2016 00:00,15398.8595
3557,Erode,10,33,Tamil Nadu,06-01-2016 00:00,15409.38143
3558,Yanam,1,34,Puducherry,06-01-2016 00:00,15415.68407
3559,Karaikal,4,34,Puducherry,06-01-2016 00:00,15386.43769
3560,Mahe,3,34,Puducherry,06-01-2016 00:00,15091.67529
3561,Pondicherry,2,34,Puducherry,06-01-2016 00:00,15477.57978
3562,Nicobars,2,35,Andaman & Nicobar Island,06-01-2016 00:00,14986.44948
3563,Andamans,1,35,Andaman & Nicobar Island,06-01-2016 00:00,15009.53479
3564,Lakshadweep,1,31,Lakshadweep,07-01-2016 00:00,14974.28211
3565,Chandigarh,1,4,Chandigarh,07-01-2016 00:00,15315.95649
3566,Dadra & Nagar Haveli,1,26,Dadara & Nagar Havelli,07-01-2016 00:00,15075.14913
3567,Data Not Available,99,99,Jammu and Kashmir,07-01-2016 00:00,14673.27425
3568,Srinagar,3,1,Jammu and Kashmir,07-01-2016 00:00,14752.68503
3569,Udhampur,10,1,Jammu and Kashmir,07-01-2016 00:00,14901.00832
3570,Jammu,13,1,Jammu and Kashmir,07-01-2016 00:00,15224.14052
3571,Kargil,8,1,Jammu and Kashmir,07-01-2016 00:00,14896.69587
3572,Kathua,14,1,Jammu and Kashmir,07-01-2016 00:00,14987.28276
3573,Leh (Ladakh),7,1,Jammu and Kashmir,07-01-2016 00:00,14952.09147
3574,Kupwara,1,1,Jammu and Kashmir,07-01-2016 00:00,14899.79181
3575,Punch,11,1,Jammu and Kashmir,07-01-2016 00:00,14920.85546
3576,Pulwama,5,1,Jammu and Kashmir,07-01-2016 00:00,14994.91384
3577,Rajauri,12,1,Jammu and Kashmir,07-01-2016 00:00,15032.8494
3578,Anantnag,6,1,Jammu and Kashmir,07-01-2016 00:00,14740.09143
3579,Badgam,4,1,Jammu and Kashmir,07-01-2016 00:00,14927.84207
3580,Baramula,2,1,Jammu and Kashmir,07-01-2016 00:00,14841.85464
3581,Doda,9,1,Jammu and Kashmir,07-01-2016 00:00,14588.04436
3582,Shimla,11,2,Himachal Pradesh,07-01-2016 00:00,14664.35536
3583,Sirmaur,10,2,Himachal Pradesh,07-01-2016 00:00,14987.29178
3584,Solan,9,2,Himachal Pradesh,07-01-2016 00:00,15030.40972
3585,Una,7,2,Himachal Pradesh,07-01-2016 00:00,15118.54968
3586,Kangra,2,2,Himachal Pradesh,07-01-2016 00:00,14830.61556
3587,Kinnaur,12,2,Himachal Pradesh,07-01-2016 00:00,14623.52688
3588,Lahul & Spiti,3,2,Himachal Pradesh,07-01-2016 00:00,14636.20683
3589,Kullu,4,2,Himachal Pradesh,07-01-2016 00:00,14356.41373
3590,Mandi,5,2,Himachal Pradesh,07-01-2016 00:00,14834.42069
3591,Bilaspur,8,2,Himachal Pradesh,07-01-2016 00:00,15049.80463
3592,Chamba,1,2,Himachal Pradesh,07-01-2016 00:00,14566.61716
3593,Hamirpur,6,2,Himachal Pradesh,07-01-2016 00:00,15049.94338
3594,Hoshiarpur,5,3,Punjab,07-01-2016 00:00,15155.85744
3595,Rupnagar,7,3,Punjab,07-01-2016 00:00,15221.0459
3596,Jalandhar,4,3,Punjab,07-01-2016 00:00,15223.16586
3597,Kapurthala,3,3,Punjab,07-01-2016 00:00,15192.20888
3598,Ludhiana,9,3,Punjab,07-01-2016 00:00,15232.51092
3599,Mansa,15,3,Punjab,07-01-2016 00:00,15199.94475
3600,Moga,10,3,Punjab,07-01-2016 00:00,15216.07661
3601,Muktsar,12,3,Punjab,07-01-2016 00:00,15254.31788
3602,Nawanshahr,6,3,Punjab,07-01-2016 00:00,15196.04526
3603,Patiala,17,3,Punjab,07-01-2016 00:00,15228.61021
3604,Sangrur,16,3,Punjab,07-01-2016 00:00,15202.37681
3605,Amritsar,2,3,Punjab,07-01-2016 00:00,15205.87764
3606,Firozpur,11,3,Punjab,07-01-2016 00:00,15279.15622
3607,Bathinda,14,3,Punjab,07-01-2016 00:00,15223.09736
3608,Gurdaspur,1,3,Punjab,07-01-2016 00:00,15190.4908
3609,Faridkot,13,3,Punjab,07-01-2016 00:00,15217.24737
3610,Fatehgarh Sahib,8,3,Punjab,07-01-2016 00:00,15214.15418
3611,Hardwar,13,5,Uttarakhand,07-01-2016 00:00,15117.97508
3612,Rudraprayag,3,5,Uttarakhand,07-01-2016 00:00,14499.04136
3613,Tehri Garhwal,4,5,Uttarakhand,07-01-2016 00:00,14760.73603
3614,Udham Singh Nagar,12,5,Uttarakhand,07-01-2016 00:00,15105.11358
3615,Uttarkashi,1,5,Uttarakhand,07-01-2016 00:00,14483.69523
3616,Nainital,11,5,Uttarakhand,07-01-2016 00:00,15020.81688
3617,Pithoragarh,7,5,Uttarakhand,07-01-2016 00:00,14440.72792
3618,Bageshwar,8,5,Uttarakhand,07-01-2016 00:00,14638.80928
3619,Almora,9,5,Uttarakhand,07-01-2016 00:00,14994.41725
3620,Chamoli,2,5,Uttarakhand,07-01-2016 00:00,14393.13615
3621,Champawat,10,5,Uttarakhand,07-01-2016 00:00,14998.71233
3622,Dehradun,5,5,Uttarakhand,07-01-2016 00:00,14993.8333
3623,Garhwal,6,5,Uttarakhand,07-01-2016 00:00,14941.78236
3624,Hisar,12,6,Haryana,07-01-2016 00:00,15281.16297
3625,Rohtak,14,6,Haryana,07-01-2016 00:00,15269.68711
3626,Sirsa,11,6,Haryana,07-01-2016 00:00,15388.70654
3627,Sonipat,8,6,Haryana,07-01-2016 00:00,15267.89067
3628,Yamunanagar,3,6,Haryana,07-01-2016 00:00,15184.67408
3629,Jhajjar,15,6,Haryana,07-01-2016 00:00,15290.67489
3630,Mahendragarh,16,6,Haryana,07-01-2016 00:00,15408.96257
3631,Rewari,17,6,Haryana,07-01-2016 00:00,15338.45069
3632,Bhiwani,13,6,Haryana,07-01-2016 00:00,15393.02068
3633,Jind,9,6,Haryana,07-01-2016 00:00,15252.53528
3634,Kaithal,5,6,Haryana,07-01-2016 00:00,15207.87876
3635,Karnal,6,6,Haryana,07-01-2016 00:00,15211.29865
3636,Kurukshetra,4,6,Haryana,07-01-2016 00:00,15215.38595
3637,Panchkula,1,6,Haryana,07-01-2016 00:00,15180.9191
3638,Panipat,7,6,Haryana,07-01-2016 00:00,15247.26411
3639,Ambala,2,6,Haryana,07-01-2016 00:00,15210.6391
3640,Gurgaon,18,6,Haryana,07-01-2016 00:00,15233.43778
3641,Faridabad,19,6,Haryana,07-01-2016 00:00,15183.43109
3642,Fatehabad,10,6,Haryana,07-01-2016 00:00,15266.04809
3643,Central,6,7,Delhi  & NCR,07-01-2016 00:00,15141.20022
3644,East,4,7,Delhi  & NCR,07-01-2016 00:00,15171.94904
3645,New Delhi,5,7,Delhi  & NCR,07-01-2016 00:00,15065.35594
3646,North,2,7,Delhi  & NCR,07-01-2016 00:00,15148.76246
3647,North East,3,7,Delhi  & NCR,07-01-2016 00:00,15223.4286
3648,North West,1,7,Delhi  & NCR,07-01-2016 00:00,15269.93657
3649,South,9,7,Delhi  & NCR,07-01-2016 00:00,15134.88246
3650,South West,8,7,Delhi  & NCR,07-01-2016 00:00,15261.92471
3651,West,7,7,Delhi  & NCR,07-01-2016 00:00,15245.90672
3652,Sirohi,19,8,Rajasthan,07-01-2016 00:00,15493.58492
3653,Tonk,22,8,Rajasthan,07-01-2016 00:00,15457.5978
3654,Sikar,13,8,Rajasthan,07-01-2016 00:00,15501.15604
3655,Alwar,6,8,Rajasthan,07-01-2016 00:00,15304.82481
3656,Udaipur,26,8,Rajasthan,07-01-2016 00:00,15184.1198
3657,Ganganagar,1,8,Rajasthan,07-01-2016 00:00,15738.8985
3658,Hanumangarh,2,8,Rajasthan,07-01-2016 00:00,15609.54607
3659,Baran,31,8,Rajasthan,07-01-2016 00:00,15181.01568
3660,Jaipur,12,8,Rajasthan,07-01-2016 00:00,15440.80721
3661,Jaisalmer,16,8,Rajasthan,07-01-2016 00:00,15869.19021
3662,Jalor,18,8,Rajasthan,07-01-2016 00:00,15615.02805
3663,Jhalawar,32,8,Rajasthan,07-01-2016 00:00,15433.10911
3664,Jhunjhunun,5,8,Rajasthan,07-01-2016 00:00,15497.79131
3665,Jodhpur,15,8,Rajasthan,07-01-2016 00:00,15684.57444
3666,Kota,30,8,Rajasthan,07-01-2016 00:00,15383.7695
3667,Nagaur,14,8,Rajasthan,07-01-2016 00:00,15582.51169
3668,Pali,20,8,Rajasthan,07-01-2016 00:00,15480.83111
3669,Rajsamand,25,8,Rajasthan,07-01-2016 00:00,15225.19476
3670,Sawai Madhopur,10,8,Rajasthan,07-01-2016 00:00,15397.58447
3671,Ajmer,21,8,Rajasthan,07-01-2016 00:00,15481.58345
3672,Banswara,28,8,Rajasthan,07-01-2016 00:00,15228.53869
3673,Barmer,17,8,Rajasthan,07-01-2016 00:00,15608.35942
3674,Bhilwara,24,8,Rajasthan,07-01-2016 00:00,15376.63615
3675,Bikaner,3,8,Rajasthan,07-01-2016 00:00,15830.8886
3676,Bharatpur,7,8,Rajasthan,07-01-2016 00:00,15312.44278
3677,Bundi,23,8,Rajasthan,07-01-2016 00:00,15327.1296
3678,Chittaurgarh,29,8,Rajasthan,07-01-2016 00:00,15364.47652
3679,Churu,4,8,Rajasthan,07-01-2016 00:00,15615.05113
3680,Dausa,11,8,Rajasthan,07-01-2016 00:00,15413.87116
3681,Dhaulpur,8,8,Rajasthan,07-01-2016 00:00,15384.20101
3682,Dungarpur,27,8,Rajasthan,07-01-2016 00:00,15262.50834
3683,Karauli,9,8,Rajasthan,07-01-2016 00:00,15292.14881
3684,Hathras,13,9,Uttar Pradesh,07-01-2016 00:00,14981.7135
3685,Shrawasti,51,9,Uttar Pradesh,07-01-2016 00:00,15197.132
3686,Saharanpur,1,9,Uttar Pradesh,07-01-2016 00:00,15147.36026
3687,Sitapur,24,9,Uttar Pradesh,07-01-2016 00:00,15296.40975
3688,Sultanpur,49,9,Uttar Pradesh,07-01-2016 00:00,15072
3689,Sonbhadra,70,9,Uttar Pradesh,07-01-2016 00:00,15208.9058
3690,Siddharthnagar,54,9,Uttar Pradesh,07-01-2016 00:00,15166
3691,Unnao,26,9,Uttar Pradesh,07-01-2016 00:00,15178.59698
3692,Varanasi,67,9,Uttar Pradesh,07-01-2016 00:00,13926.5552
3693,Bulandshahr,11,9,Uttar Pradesh,07-01-2016 00:00,15094.16314
3694,Gautam Buddha Nagar,10,9,Uttar Pradesh,07-01-2016 00:00,15248.32713
3695,Ghaziabad,9,9,Uttar Pradesh,07-01-2016 00:00,15112.06265
3696,Jalaun,35,9,Uttar Pradesh,07-01-2016 00:00,15155.18643
3697,Jhansi,36,9,Uttar Pradesh,07-01-2016 00:00,15311.12433
3698,Jyotiba Phule Nagar,6,9,Uttar Pradesh,07-01-2016 00:00,15088.99379
3699,Kannauj,30,9,Uttar Pradesh,07-01-2016 00:00,15384.89882
3700,Kanpur Nagar,34,9,Uttar Pradesh,07-01-2016 00:00,15387.42021
3701,Kaushambi,44,9,Uttar Pradesh,07-01-2016 00:00,15142.36179
3702,Kheri,23,9,Uttar Pradesh,07-01-2016 00:00,15047.84783
3703,Mirzapur,69,9,Uttar Pradesh,07-01-2016 00:00,15150.23048
3704,Moradabad,4,9,Uttar Pradesh,07-01-2016 00:00,15159.76465
3705,Muzaffarnagar,2,9,Uttar Pradesh,07-01-2016 00:00,15096.02226
3706,Kushinagar,59,9,Uttar Pradesh,07-01-2016 00:00,15024.5042
3707,Lucknow,27,9,Uttar Pradesh,07-01-2016 00:00,15419.51249
3708,Lalitpur,37,9,Uttar Pradesh,07-01-2016 00:00,15204.59132
3709,Mahrajganj,57,9,Uttar Pradesh,07-01-2016 00:00,15071.2091
3710,Mahoba,39,9,Uttar Pradesh,07-01-2016 00:00,15241.36268
3711,Mainpuri,18,9,Uttar Pradesh,07-01-2016 00:00,15522.12847
3712,Mathura,14,9,Uttar Pradesh,07-01-2016 00:00,15109.27505
3713,Mau,62,9,Uttar Pradesh,07-01-2016 00:00,13198
3714,Meerut,7,9,Uttar Pradesh,07-01-2016 00:00,15084.41707
3715,Pilibhit,21,9,Uttar Pradesh,07-01-2016 00:00,15028.11766
3716,Rampur,5,9,Uttar Pradesh,07-01-2016 00:00,15137.05939
3717,Sant Ravidas Nagar Bhadohi,68,9,Uttar Pradesh,07-01-2016 00:00,15260.45763
3718,Shahjahanpur,22,9,Uttar Pradesh,07-01-2016 00:00,15122.22502
3719,Auraiya,32,9,Uttar Pradesh,07-01-2016 00:00,15177.41891
3720,Azamgarh,61,9,Uttar Pradesh,07-01-2016 00:00,14886.13782
3721,Budaun,19,9,Uttar Pradesh,07-01-2016 00:00,15151.25888
3722,Agra,15,9,Uttar Pradesh,07-01-2016 00:00,15489.9487
3723,Aligarh,12,9,Uttar Pradesh,07-01-2016 00:00,15253.05312
3724,Allahabad,45,9,Uttar Pradesh,07-01-2016 00:00,15363.14072
3725,Ambedkar Nagar,48,9,Uttar Pradesh,07-01-2016 00:00,13266.51184
3726,Bareilly,20,9,Uttar Pradesh,07-01-2016 00:00,15134.101
3727,Bijnor,3,9,Uttar Pradesh,07-01-2016 00:00,15138.89503
3728,Basti,55,9,Uttar Pradesh,07-01-2016 00:00,15122.907
3729,Baghpat,8,9,Uttar Pradesh,07-01-2016 00:00,15104.13015
3730,Bahraich,50,9,Uttar Pradesh,07-01-2016 00:00,15033.6759
3731,Ballia,63,9,Uttar Pradesh,07-01-2016 00:00,13860.56897
3732,Balrampur,52,9,Uttar Pradesh,07-01-2016 00:00,15126.63783
3733,Barabanki,46,9,Uttar Pradesh,07-01-2016 00:00,15054.9552
3734,Chitrakoot,41,9,Uttar Pradesh,07-01-2016 00:00,15089.86658
3735,Chandauli,66,9,Uttar Pradesh,07-01-2016 00:00,15063.60313
3736,Deoria,60,9,Uttar Pradesh,07-01-2016 00:00,14367.23572
3737,Etah,17,9,Uttar Pradesh,07-01-2016 00:00,15279.06706
3738,Kanpur Dehat,33,9,Uttar Pradesh,07-01-2016 00:00,15060.96578
3739,Etawah,31,9,Uttar Pradesh,07-01-2016 00:00,15358.65297
3740,Faizabad,47,9,Uttar Pradesh,07-01-2016 00:00,14969.10661
3741,Ghazipur,65,9,Uttar Pradesh,07-01-2016 00:00,14203.54928
3742,Gonda,53,9,Uttar Pradesh,07-01-2016 00:00,15037.41591
3743,Gorakhpur,58,9,Uttar Pradesh,07-01-2016 00:00,14914.25281
3744,Farrukhabad,29,9,Uttar Pradesh,07-01-2016 00:00,15404.52433
3745,Firozabad,16,9,Uttar Pradesh,07-01-2016 00:00,15339.20225
3746,Hamirpur,38,9,Uttar Pradesh,07-01-2016 00:00,15146.713
3747,Hardoi,25,9,Uttar Pradesh,07-01-2016 00:00,14571.69782
3748,Saharsa,12,10,Bihar,07-01-2016 00:00,14968.9559
3749,Sitamarhi,4,10,Bihar,07-01-2016 00:00,13180.39926
3750,Supaul,6,10,Bihar,07-01-2016 00:00,14754.55593
3751,Vaishali,18,10,Bihar,07-01-2016 00:00,15056.04252
3752,Kaimur (Bhabua),31,10,Bihar,07-01-2016 00:00,15246.63462
3753,Gaya,35,10,Bihar,07-01-2016 00:00,15374.99401
3754,Bhojpur,29,10,Bihar,07-01-2016 00:00,13428.47661
3755,Buxar,30,10,Bihar,07-01-2016 00:00,13471.72312
3756,Rohtas,32,10,Bihar,07-01-2016 00:00,15211.30086
3757,Jamui,37,10,Bihar,07-01-2016 00:00,15108.60259
3758,Kishanganj,8,10,Bihar,07-01-2016 00:00,13801.04807
3759,Muzaffarpur,14,10,Bihar,07-01-2016 00:00,14474.43253
3760,Purnia,9,10,Bihar,07-01-2016 00:00,15043.15158
3761,Khagaria,21,10,Bihar,07-01-2016 00:00,15177.42506
3762,Madhubani,5,10,Bihar,07-01-2016 00:00,13368.90627
3763,Lakhisarai,25,10,Bihar,07-01-2016 00:00,15071.16926
3764,Purba Champaran,2,10,Bihar,07-01-2016 00:00,15033.20925
3765,Munger,24,10,Bihar,07-01-2016 00:00,15136.71741
3766,Nawada,36,10,Bihar,07-01-2016 00:00,15076.86512
3767,Pashchim Champaran,1,10,Bihar,07-01-2016 00:00,14984.60388
3768,Patna,28,10,Bihar,07-01-2016 00:00,14301.70862
3769,Samastipur,19,10,Bihar,07-01-2016 00:00,14874.30712
3770,Aurangabad,34,10,Bihar,07-01-2016 00:00,15314.24831
3771,Banka,23,10,Bihar,07-01-2016 00:00,15237.1607
3772,Bhagalpur,22,10,Bihar,07-01-2016 00:00,15051.77475
3773,Begusarai,20,10,Bihar,07-01-2016 00:00,15138.18776
3774,Saran,17,10,Bihar,07-01-2016 00:00,15026.78932
3775,Katihar,10,10,Bihar,07-01-2016 00:00,15048.04966
3776,Darbhanga,13,10,Bihar,07-01-2016 00:00,15018.33402
3777,Gopalganj,15,10,Bihar,07-01-2016 00:00,15030.46276
3778,South,3,11,Sikkim,07-01-2016 00:00,14492.24794
3779,West,2,11,Sikkim,07-01-2016 00:00,14303.35407
3780,North,1,11,Sikkim,07-01-2016 00:00,14006.36174
3781,East,4,11,Sikkim,07-01-2016 00:00,14353.022
3782,Tawang,1,12,Arunanchal Pradesh,07-01-2016 00:00,14056.15127
3783,Tirap,13,12,Arunanchal Pradesh,07-01-2016 00:00,14862.90202
3784,West Kameng,2,12,Arunanchal Pradesh,07-01-2016 00:00,14384.77893
3785,West Siang,7,12,Arunanchal Pradesh,07-01-2016 00:00,14542.37169
3786,Upper Siang,9,12,Arunanchal Pradesh,07-01-2016 00:00,14412.73498
3787,Upper Subansiri,6,12,Arunanchal Pradesh,07-01-2016 00:00,14391.36262
3788,Lohit,11,12,Arunanchal Pradesh,07-01-2016 00:00,14592.39969
3789,Lower Subansiri,5,12,Arunanchal Pradesh,07-01-2016 00:00,14492.43492
3790,Papum Pare,4,12,Arunanchal Pradesh,07-01-2016 00:00,14769.49106
3791,Changlang,12,12,Arunanchal Pradesh,07-01-2016 00:00,14962.92974
3792,Dibang Valley,10,12,Arunanchal Pradesh,07-01-2016 00:00,14424.19985
3793,East Kameng,3,12,Arunanchal Pradesh,07-01-2016 00:00,14565.34525
3794,East Siang,8,12,Arunanchal Pradesh,07-01-2016 00:00,14985.35572
3795,Tuensang,2,13,Nagaland,07-01-2016 00:00,14951.4901
3796,Wokha,5,13,Nagaland,07-01-2016 00:00,15047.68738
3797,Zunheboto,4,13,Nagaland,07-01-2016 00:00,14975.82526
3798,Dimapur,6,13,Nagaland,07-01-2016 00:00,15102.7112
3799,Kohima,7,13,Nagaland,07-01-2016 00:00,15034.03468
3800,Mokokchung,3,13,Nagaland,07-01-2016 00:00,15043.1892
3801,Mon,1,13,Nagaland,07-01-2016 00:00,14994.40406
3802,Phek,8,13,Nagaland,07-01-2016 00:00,14935.49662
3803,Tamenglong,2,14,Manipur,07-01-2016 00:00,14979.14001
3804,Thoubal,5,14,Manipur,07-01-2016 00:00,14973.85501
3805,Ukhrul,8,14,Manipur,07-01-2016 00:00,14922.23229
3806,Imphal East,7,14,Manipur,07-01-2016 00:00,15103.89211
3807,Imphal West,6,14,Manipur,07-01-2016 00:00,15091.4557
3808,Senapati (Excl. 3 sub-divisions),1,14,Manipur,07-01-2016 00:00,14895.66827
3809,Bishnupur,4,14,Manipur,07-01-2016 00:00,14801.57467
3810,Chandel,9,14,Manipur,07-01-2016 00:00,15030.40036
3811,Churachandpur,3,14,Manipur,07-01-2016 00:00,14932.99565
3812,Kolasib,2,15,Mizoram,07-01-2016 00:00,15006.92102
3813,Mamit,1,15,Mizoram,07-01-2016 00:00,15016.57216
3814,Lunglei,6,15,Mizoram,07-01-2016 00:00,14961.66322
3815,Lawngtlai,7,15,Mizoram,07-01-2016 00:00,14979.63091
3816,Saiha,8,15,Mizoram,07-01-2016 00:00,14904.61946
3817,Serchhip,5,15,Mizoram,07-01-2016 00:00,14889.00923
3818,Aizawl,3,15,Mizoram,07-01-2016 00:00,14946.66827
3819,Champhai,4,15,Mizoram,07-01-2016 00:00,14893.24916
3820,South Tripura,2,16,Tripura,07-01-2016 00:00,15085.07223
3821,West Tripura,1,16,Tripura,07-01-2016 00:00,15057.42573
3822,North Tripura,4,16,Tripura,07-01-2016 00:00,14991.89995
3823,Dhalai,3,16,Tripura,07-01-2016 00:00,15007.67427
3824,Ri Bhoi,5,17,Meghalaya,07-01-2016 00:00,15070.08612
3825,South Garo Hills,3,17,Meghalaya,07-01-2016 00:00,15075.95299
3826,West Garo Hills,1,17,Meghalaya,07-01-2016 00:00,15040.06781
3827,West Khasi Hills,4,17,Meghalaya,07-01-2016 00:00,14964.4782
3828,Jaintia Hills,7,17,Meghalaya,07-01-2016 00:00,14999.00991
3829,East Garo Hills,2,17,Meghalaya,07-01-2016 00:00,14999.47521
3830,East Khasi Hills,6,17,Meghalaya,07-01-2016 00:00,15009.20775
3831,Sonitpur,11,18,Assam,07-01-2016 00:00,15083.23904
3832,Sibsagar,16,18,Assam,07-01-2016 00:00,15059.08569
3833,Tinsukia,14,18,Assam,07-01-2016 00:00,15134.26066
3834,Jorhat,17,18,Assam,07-01-2016 00:00,14917.84446
3835,Karimganj,22,18,Assam,07-01-2016 00:00,15198.82026
3836,Kokrajhar,1,18,Assam,07-01-2016 00:00,15022.3583
3837,Lakhimpur,12,18,Assam,07-01-2016 00:00,15025.61286
3838,Nagaon,10,18,Assam,07-01-2016 00:00,15155.61579
3839,Marigaon,9,18,Assam,07-01-2016 00:00,15022.18543
3840,Nalbari,7,18,Assam,07-01-2016 00:00,14910.06958
3841,North Cachar Hills,20,18,Assam,07-01-2016 00:00,15010.53293
3842,Barpeta,5,18,Assam,07-01-2016 00:00,14941.22657
3843,Bongaigaon,4,18,Assam,07-01-2016 00:00,14977.70943
3844,Cachar,21,18,Assam,07-01-2016 00:00,15112.40849
3845,Darrang,8,18,Assam,07-01-2016 00:00,15035.38683
3846,Dhemaji,13,18,Assam,07-01-2016 00:00,15001.89637
3847,Dhubri,2,18,Assam,07-01-2016 00:00,14952.71361
3848,Dibrugarh,15,18,Assam,07-01-2016 00:00,14895.21291
3849,Kamrup,6,18,Assam,07-01-2016 00:00,15064.99199
3850,Karbi Anglong,19,18,Assam,07-01-2016 00:00,15074.36252
3851,Goalpara,3,18,Assam,07-01-2016 00:00,14900.78228
3852,Golaghat,18,18,Assam,07-01-2016 00:00,15062.8903
3853,Hailakandi,23,18,Assam,07-01-2016 00:00,15020.46605
3854,Hugli,12,19,West Bengal,07-01-2016 00:00,15019.03193
3855,South  Twenty Four Parganas,18,19,West Bengal,07-01-2016 00:00,15055.81708
3856,Uttar Dinajpur,4,19,West Bengal,07-01-2016 00:00,15169.96783
3857,Jalpaiguri,2,19,West Bengal,07-01-2016 00:00,14924.17748
3858,Koch Bihar,3,19,West Bengal,07-01-2016 00:00,15108.24384
3859,Murshidabad,7,19,West Bengal,07-01-2016 00:00,15055.96875
3860,Puruliya,14,19,West Bengal,07-01-2016 00:00,15315.22598
3861,Kolkata,17,19,West Bengal,07-01-2016 00:00,15148.91601
3862,Maldah,6,19,West Bengal,07-01-2016 00:00,15115.28989
3863,Nadia,10,19,West Bengal,07-01-2016 00:00,15000.68917
3864,North Twenty Four Parganas,11,19,West Bengal,07-01-2016 00:00,15065.69499
3865,Medinipur,15,19,West Bengal,07-01-2016 00:00,15142.37932
3866,Barddhaman,9,19,West Bengal,07-01-2016 00:00,15176.36955
3867,Birbhum,8,19,West Bengal,07-01-2016 00:00,15092.53282
3868,Bankura,13,19,West Bengal,07-01-2016 00:00,15208.98581
3869,Dakshin Dinajpur,5,19,West Bengal,07-01-2016 00:00,15115.041
3870,Darjiling,1,19,West Bengal,07-01-2016 00:00,14044.61203
3871,Haora,16,19,West Bengal,07-01-2016 00:00,15066.6139
3872,Ranchi,14,20,Jharkhand,07-01-2016 00:00,15277.15994
3873,Sahibganj,9,20,Jharkhand,07-01-2016 00:00,15168.81234
3874,Garhwa,1,20,Jharkhand,07-01-2016 00:00,15560.08512
3875,Palamu,2,20,Jharkhand,07-01-2016 00:00,15484.45743
3876,Chatra,3,20,Jharkhand,07-01-2016 00:00,15480.28258
3877,Hazaribagh,4,20,Jharkhand,07-01-2016 00:00,15435.70247
3878,Kodarma,5,20,Jharkhand,07-01-2016 00:00,15496.01327
3879,Purbi Singhbhum,18,20,Jharkhand,07-01-2016 00:00,15195.06922
3880,Lohardaga,15,20,Jharkhand,07-01-2016 00:00,15410.93042
3881,Pakaur,10,20,Jharkhand,07-01-2016 00:00,15097.12548
3882,Pashchimi Singhbhum,17,20,Jharkhand,07-01-2016 00:00,15240.0127
3883,Bokaro,13,20,Jharkhand,07-01-2016 00:00,15311.61679
3884,Dhanbad,12,20,Jharkhand,07-01-2016 00:00,15245.38949
3885,Dumka,11,20,Jharkhand,07-01-2016 00:00,15077.24317
3886,Giridih,6,20,Jharkhand,07-01-2016 00:00,15426.07317
3887,Godda,8,20,Jharkhand,07-01-2016 00:00,15389.48752
3888,Gumla,16,20,Jharkhand,07-01-2016 00:00,15297.63959
3889,Rayagada,27,21,Orissa,07-01-2016 00:00,15100.68247
3890,Sundargarh,5,21,Orissa,07-01-2016 00:00,15256.74006
3891,Sonapur,23,21,Orissa,07-01-2016 00:00,15267.1055
3892,Jajapur,13,21,Orissa,07-01-2016 00:00,15123.94677
3893,Jagatsinghapur,11,21,Orissa,07-01-2016 00:00,15011.7254
3894,Jharsuguda,2,21,Orissa,07-01-2016 00:00,15176.53457
3895,Khordha,17,21,Orissa,07-01-2016 00:00,15123.78779
3896,Mayurbhanj,7,21,Orissa,07-01-2016 00:00,15093.43591
3897,Puri,18,21,Orissa,07-01-2016 00:00,15166.38379
3898,Koraput,29,21,Orissa,07-01-2016 00:00,15029.21783
3899,Malkangiri,30,21,Orissa,07-01-2016 00:00,15075.37026
3900,Nabarangapur,28,21,Orissa,07-01-2016 00:00,15087.72825
3901,Nayagarh,16,21,Orissa,07-01-2016 00:00,15129.06277
3902,Nuapada,25,21,Orissa,07-01-2016 00:00,15167.65482
3903,Kandhamal,21,21,Orissa,07-01-2016 00:00,15030.52469
3904,Sambalpur,3,21,Orissa,07-01-2016 00:00,15239.88605
3905,Anugul,15,21,Orissa,07-01-2016 00:00,15211.22033
3906,Bhadrak,9,21,Orissa,07-01-2016 00:00,15050.40427
3907,Baudh,22,21,Orissa,07-01-2016 00:00,15138.84353
3908,Balangir,24,21,Orissa,07-01-2016 00:00,15142.94021
3909,Baleshwar,8,21,Orissa,07-01-2016 00:00,15111.79677
3910,Bargarh,1,21,Orissa,07-01-2016 00:00,15308.84553
3911,Kendrapara,10,21,Orissa,07-01-2016 00:00,15061.74131
3912,Kendujhar,6,21,Orissa,07-01-2016 00:00,15211.50286
3913,Debagarh,4,21,Orissa,07-01-2016 00:00,15260.41179
3914,Cuttack,12,21,Orissa,07-01-2016 00:00,15155.95217
3915,Dhenkanal,14,21,Orissa,07-01-2016 00:00,15200.62376
3916,Kalahandi,26,21,Orissa,07-01-2016 00:00,15114.20657
3917,Ganjam,19,21,Orissa,07-01-2016 00:00,15199.21007
3918,Gajapati,20,21,Orissa,07-01-2016 00:00,15066.14567
3919,Surguja,2,22,Chhattisgarh,07-01-2016 00:00,15424.31521
3920,Bilaspur,7,22,Chhattisgarh,07-01-2016 00:00,15205.94955
3921,Janjgir - Champa,6,22,Chhattisgarh,07-01-2016 00:00,15254.80376
3922,Korba,5,22,Chhattisgarh,07-01-2016 00:00,15025.63635
3923,Kawardha,8,22,Chhattisgarh,07-01-2016 00:00,14975.52373
3924,Jashpur,3,22,Chhattisgarh,07-01-2016 00:00,15274.18463
3925,Koriya,1,22,Chhattisgarh,07-01-2016 00:00,15119.7
3926,Mahasamund,12,22,Chhattisgarh,07-01-2016 00:00,15299.1266
3927,Raigarh,4,22,Chhattisgarh,07-01-2016 00:00,15275.42628
3928,Raipur,11,22,Chhattisgarh,07-01-2016 00:00,15144.69508
3929,Rajnandgaon,9,22,Chhattisgarh,07-01-2016 00:00,15119.01151
3930,Bastar,15,22,Chhattisgarh,07-01-2016 00:00,14975.51015
3931,Dantewada,16,22,Chhattisgarh,07-01-2016 00:00,15031.68969
3932,Dhamtari,13,22,Chhattisgarh,07-01-2016 00:00,15004.84481
3933,Durg,10,22,Chhattisgarh,07-01-2016 00:00,15166.43308
3934,Kanker,14,22,Chhattisgarh,07-01-2016 00:00,14968.2242
3935,Hoshangabad,37,23,Madhya Pradesh,07-01-2016 00:00,15189.06405
3936,Indore,26,23,Madhya Pradesh,07-01-2016 00:00,15016.39965
3937,Shajapur,22,23,Madhya Pradesh,07-01-2016 00:00,15450.63592
3938,Shivpuri,6,23,Madhya Pradesh,07-01-2016 00:00,15253.36144
3939,Ratlam,20,23,Madhya Pradesh,07-01-2016 00:00,15296.8654
3940,Rewa,14,23,Madhya Pradesh,07-01-2016 00:00,15362.88788
3941,Sagar,11,23,Madhya Pradesh,07-01-2016 00:00,15353.30189
3942,Sidhi,17,23,Madhya Pradesh,07-01-2016 00:00,15242.04374
3943,Ujjain,21,23,Madhya Pradesh,07-01-2016 00:00,14983.83578
3944,Vidisha,31,23,Madhya Pradesh,07-01-2016 00:00,15351.94663
3945,West Nimar,27,23,Madhya Pradesh,07-01-2016 00:00,15132.59118
3946,Morena,2,23,Madhya Pradesh,07-01-2016 00:00,15271.95701
3947,Sheopur,1,23,Madhya Pradesh,07-01-2016 00:00,15232.28113
3948,Dindori,41,23,Madhya Pradesh,07-01-2016 00:00,15208.7809
3949,Mandla,42,23,Madhya Pradesh,07-01-2016 00:00,14910.85474
3950,Shahdol,16,23,Madhya Pradesh,07-01-2016 00:00,15208.05864
3951,Umaria,15,23,Madhya Pradesh,07-01-2016 00:00,15166.37937
3952,Jabalpur,39,23,Madhya Pradesh,07-01-2016 00:00,15281.47627
3953,Jhabua,24,23,Madhya Pradesh,07-01-2016 00:00,15101.21565
3954,Mandsaur,19,23,Madhya Pradesh,07-01-2016 00:00,15365.3534
3955,Tikamgarh,8,23,Madhya Pradesh,07-01-2016 00:00,15303.29748
3956,Narsimhapur,40,23,Madhya Pradesh,07-01-2016 00:00,15286.77656
3957,Neemuch,18,23,Madhya Pradesh,07-01-2016 00:00,15226.7913
3958,Panna,10,23,Madhya Pradesh,07-01-2016 00:00,15095.41243
3959,Raisen,34,23,Madhya Pradesh,07-01-2016 00:00,15308.6327
3960,Rajgarh,30,23,Madhya Pradesh,07-01-2016 00:00,15276.25615
3961,Satna,13,23,Madhya Pradesh,07-01-2016 00:00,15031.07614
3962,Sehore,33,23,Madhya Pradesh,07-01-2016 00:00,15107.59067
3963,Seoni,44,23,Madhya Pradesh,07-01-2016 00:00,15084.51167
3964,Bhind,3,23,Madhya Pradesh,07-01-2016 00:00,15485.44981
3965,Bhopal,32,23,Madhya Pradesh,07-01-2016 00:00,15089.18797
3966,Barwani,28,23,Madhya Pradesh,07-01-2016 00:00,15074.04482
3967,Betul,35,23,Madhya Pradesh,07-01-2016 00:00,15045.96354
3968,Balaghat,45,23,Madhya Pradesh,07-01-2016 00:00,14926.43778
3969,Chhatarpur,9,23,Madhya Pradesh,07-01-2016 00:00,15239.45106
3970,Chhindwara,43,23,Madhya Pradesh,07-01-2016 00:00,15169.79428
3971,Dewas,23,23,Madhya Pradesh,07-01-2016 00:00,15021.81791
3972,Katni,38,23,Madhya Pradesh,07-01-2016 00:00,15211.66722
3973,Datia,5,23,Madhya Pradesh,07-01-2016 00:00,15308.56064
3974,Damoh,12,23,Madhya Pradesh,07-01-2016 00:00,15393.86646
3975,Dhar,25,23,Madhya Pradesh,07-01-2016 00:00,15138.79601
3976,East Nimar,29,23,Madhya Pradesh,07-01-2016 00:00,15027.77386
3977,Guna,7,23,Madhya Pradesh,07-01-2016 00:00,15367.28221
3978,Gwalior,4,23,Madhya Pradesh,07-01-2016 00:00,15323.84127
3979,Harda,36,23,Madhya Pradesh,07-01-2016 00:00,15026.79098
3980,Sabar Kantha,5,24,Gujarat,07-01-2016 00:00,15427.14124
3981,Surendranagar,8,24,Gujarat,07-01-2016 00:00,15523.33934
3982,The Dangs,23,24,Gujarat,07-01-2016 00:00,15083.97332
3983,Vadodara,19,24,Gujarat,07-01-2016 00:00,15128.88982
3984,Valsad,25,24,Gujarat,07-01-2016 00:00,15005.39675
3985,Bharuch,21,24,Gujarat,07-01-2016 00:00,15324.47734
3986,Surat,22,24,Gujarat,07-01-2016 00:00,15012.74584
3987,Jamnagar,10,24,Gujarat,07-01-2016 00:00,15314.16092
3988,Kheda,16,24,Gujarat,07-01-2016 00:00,15351.46721
3989,Mahesana,4,24,Gujarat,07-01-2016 00:00,15473.66773
3990,Narmada,20,24,Gujarat,07-01-2016 00:00,14917.39722
3991,Navsari,24,24,Gujarat,07-01-2016 00:00,14945.80412
3992,Panch Mahals,17,24,Gujarat,07-01-2016 00:00,15123.48266
3993,Patan,3,24,Gujarat,07-01-2016 00:00,15538.03108
3994,Porbandar,11,24,Gujarat,07-01-2016 00:00,15002.70606
3995,Rajkot,9,24,Gujarat,07-01-2016 00:00,15444.20051
3996,Anand,15,24,Gujarat,07-01-2016 00:00,15304.77224
3997,Ahmadabad,7,24,Gujarat,07-01-2016 00:00,15506.67979
3998,Amreli,13,24,Gujarat,07-01-2016 00:00,15275.6118
3999,Bhavnagar,14,24,Gujarat,07-01-2016 00:00,15395.99201
4000,Banas Kantha,2,24,Gujarat,07-01-2016 00:00,15554.82488
4001,Dohad,18,24,Gujarat,07-01-2016 00:00,15083.80302
4002,Junagadh,12,24,Gujarat,07-01-2016 00:00,15153.49441
4003,Kachchh,1,24,Gujarat,07-01-2016 00:00,15394.6529
4004,Gandhinagar,6,24,Gujarat,07-01-2016 00:00,15390.12983
4005,Daman,2,25,Daman & Diu,07-01-2016 00:00,14718.74029
4006,Diu,1,25,Daman & Diu,07-01-2016 00:00,13913
4007,Hingoli,16,27,Maharashtra,07-01-2016 00:00,15449.1111
4008,Ratnagiri,32,27,Maharashtra,07-01-2016 00:00,14987.20979
4009,Raigarh,24,27,Maharashtra,07-01-2016 00:00,14622.91691
4010,Thane,21,27,Maharashtra,07-01-2016 00:00,15005.23633
4011,Solapur,30,27,Maharashtra,07-01-2016 00:00,15300.38509
4012,Sindhudurg,33,27,Maharashtra,07-01-2016 00:00,14959.65521
4013,Wardha,8,27,Maharashtra,07-01-2016 00:00,15035.51241
4014,Washim,6,27,Maharashtra,07-01-2016 00:00,15424.27769
4015,Yavatmal,14,27,Maharashtra,07-01-2016 00:00,15300.27123
4016,Jalgaon,3,27,Maharashtra,07-01-2016 00:00,15264.40637
4017,Jalna,18,27,Maharashtra,07-01-2016 00:00,15375.24026
4018,Kolhapur,34,27,Maharashtra,07-01-2016 00:00,14912.96129
4019,Latur,28,27,Maharashtra,07-01-2016 00:00,15438.46307
4020,Pune,25,27,Maharashtra,07-01-2016 00:00,15169.26551
4021,Nagpur,9,27,Maharashtra,07-01-2016 00:00,15044.41055
4022,Mumbai,23,27,Maharashtra,07-01-2016 00:00,13469.01503
4023,Mumbai (Suburban),22,27,Maharashtra,07-01-2016 00:00,14085.07513
4024,Nanded,15,27,Maharashtra,07-01-2016 00:00,15382.959
4025,Nandurbar,1,27,Maharashtra,07-01-2016 00:00,15153.47417
4026,Nashik,20,27,Maharashtra,07-01-2016 00:00,15130.1202
4027,Osmanabad,29,27,Maharashtra,07-01-2016 00:00,15443.07241
4028,Parbhani,17,27,Maharashtra,07-01-2016 00:00,15503.89837
4029,Sangli,35,27,Maharashtra,07-01-2016 00:00,15101.28352
4030,Satara,31,27,Maharashtra,07-01-2016 00:00,15146.39855
4031,Aurangabad,19,27,Maharashtra,07-01-2016 00:00,15220.90411
4032,Ahmadnagar,26,27,Maharashtra,07-01-2016 00:00,15294.54707
4033,Akola,5,27,Maharashtra,07-01-2016 00:00,15175.94216
4034,Amravati,7,27,Maharashtra,07-01-2016 00:00,15142.55683
4035,Bid,27,27,Maharashtra,07-01-2016 00:00,15409.02733
4036,Bhandara,10,27,Maharashtra,07-01-2016 00:00,14968.03218
4037,Buldana,4,27,Maharashtra,07-01-2016 00:00,15354.95541
4038,Chandrapur,13,27,Maharashtra,07-01-2016 00:00,15031.6918
4039,Dhule,2,27,Maharashtra,07-01-2016 00:00,15188.89518
4040,Gadchiroli,12,27,Maharashtra,07-01-2016 00:00,14979.12661
4041,Gondiya,11,27,Maharashtra,07-01-2016 00:00,14930.54542
4042,Hyderabad,5,28,Andhra Pradesh,07-01-2016 00:00,15266.70908
4043,Rangareddi,6,28,Andhra Pradesh,07-01-2016 00:00,15279.84705
4044,Srikakulam,11,28,Andhra Pradesh,07-01-2016 00:00,15333.0269
4045,West Godavari,15,28,Andhra Pradesh,07-01-2016 00:00,15178.72684
4046,Visakhapatnam,13,28,Andhra Pradesh,07-01-2016 00:00,15177.56057
4047,Vizianagaram,12,28,Andhra Pradesh,07-01-2016 00:00,15283.08365
4048,Warangal,9,28,Andhra Pradesh,07-01-2016 00:00,15163.83205
4049,Khammam,10,28,Andhra Pradesh,07-01-2016 00:00,15189.2948
4050,Medak,4,28,Andhra Pradesh,07-01-2016 00:00,15167.20708
4051,Krishna,16,28,Andhra Pradesh,07-01-2016 00:00,15380.32454
4052,Kurnool,21,28,Andhra Pradesh,07-01-2016 00:00,15385.631
4053,Mahbubnagar,7,28,Andhra Pradesh,07-01-2016 00:00,15354.07592
4054,Nalgonda,8,28,Andhra Pradesh,07-01-2016 00:00,15572.57992
4055,Nellore,19,28,Andhra Pradesh,07-01-2016 00:00,15437.40751
4056,Nizamabad,2,28,Andhra Pradesh,07-01-2016 00:00,15032.11522
4057,Prakasam,18,28,Andhra Pradesh,07-01-2016 00:00,15589.78005
4058,Anantapur,22,28,Andhra Pradesh,07-01-2016 00:00,15304.85696
4059,Adilabad,1,28,Andhra Pradesh,07-01-2016 00:00,15011.439
4060,Chittoor,23,28,Andhra Pradesh,07-01-2016 00:00,15333.89274
4061,Cuddapah,20,28,Andhra Pradesh,07-01-2016 00:00,15348.05862
4062,East Godavari,14,28,Andhra Pradesh,07-01-2016 00:00,15113.58351
4063,Karimnagar,3,28,Andhra Pradesh,07-01-2016 00:00,15074.87268
4064,Guntur,17,28,Andhra Pradesh,07-01-2016 00:00,15639.97944
4065,Hassan,23,29,Karnataka,07-01-2016 00:00,14897.56523
4066,Haveri,11,29,Karnataka,07-01-2016 00:00,14984.21102
4067,Shimoga,15,29,Karnataka,07-01-2016 00:00,14909.62565
4068,Tumkur,18,29,Karnataka,07-01-2016 00:00,15127.02278
4069,Udupi,16,29,Karnataka,07-01-2016 00:00,14932.57899
4070,Uttara Kannada,10,29,Karnataka,07-01-2016 00:00,14923.62611
4071,Kodagu,25,29,Karnataka,07-01-2016 00:00,14840.63823
4072,Kolar,19,29,Karnataka,07-01-2016 00:00,15310.65081
4073,Mandya,22,29,Karnataka,07-01-2016 00:00,15063.1201
4074,Koppal,7,29,Karnataka,07-01-2016 00:00,15124.28851
4075,Mysore,26,29,Karnataka,07-01-2016 00:00,15006.10629
4076,Raichur,6,29,Karnataka,07-01-2016 00:00,15307.05183
4077,Bagalkot,2,29,Karnataka,07-01-2016 00:00,15306.04318
4078,Bangalore,20,29,Karnataka,07-01-2016 00:00,15105.06423
4079,Bidar,5,29,Karnataka,07-01-2016 00:00,15311.87229
4080,Bijapur,3,29,Karnataka,07-01-2016 00:00,15257.28553
4081,Belgaum,1,29,Karnataka,07-01-2016 00:00,14997.08285
4082,Bellary,12,29,Karnataka,07-01-2016 00:00,15064.92498
4083,Bangalore Rural,21,29,Karnataka,07-01-2016 00:00,15105.77698
4084,Chamarajanagar,27,29,Karnataka,07-01-2016 00:00,15166.32949
4085,Chikmagalur,17,29,Karnataka,07-01-2016 00:00,14970.75984
4086,Chitradurga,13,29,Karnataka,07-01-2016 00:00,15137.10613
4087,Dakshina Kannada,24,29,Karnataka,07-01-2016 00:00,15005.50992
4088,Davanagere,14,29,Karnataka,07-01-2016 00:00,14979.27626
4089,Dharwad,9,29,Karnataka,07-01-2016 00:00,15127.04087
4090,Gulbarga,4,29,Karnataka,07-01-2016 00:00,15395.17393
4091,Gadag,8,29,Karnataka,07-01-2016 00:00,15086.31459
4092,South Goa,2,30,Goa,07-01-2016 00:00,14978.12844
4093,North Goa,1,30,Goa,07-01-2016 00:00,14974.49389
4094,Idukki,9,32,Kerala,07-01-2016 00:00,14823.84054
4095,Thrissur,7,32,Kerala,07-01-2016 00:00,14870.66427
4096,Thiruvananthapuram,14,32,Kerala,07-01-2016 00:00,15027.26826
4097,Wayanad,3,32,Kerala,07-01-2016 00:00,14790.01167
4098,Kollam,13,32,Kerala,07-01-2016 00:00,15013.75644
4099,Kottayam,10,32,Kerala,07-01-2016 00:00,15060.21834
4100,Kozhikode,4,32,Kerala,07-01-2016 00:00,14969.38056
4101,Malappuram,5,32,Kerala,07-01-2016 00:00,14926.64004
4102,Palakkad,6,32,Kerala,07-01-2016 00:00,14873.81939
4103,Pathanamthitta,12,32,Kerala,07-01-2016 00:00,14931.65038
4104,Alappuzha,11,32,Kerala,07-01-2016 00:00,14918.50357
4105,Kasaragod,1,32,Kerala,07-01-2016 00:00,14935.79412
4106,Kannur,2,32,Kerala,07-01-2016 00:00,14984.99101
4107,Ernakulam,8,32,Kerala,07-01-2016 00:00,15001.40892
4108,Sivaganga,23,33,Tamil Nadu,07-01-2016 00:00,15684.1812
4109,Tiruchirappalli,15,33,Tamil Nadu,07-01-2016 00:00,15546.23418
4110,Tirunelveli,29,33,Tamil Nadu,07-01-2016 00:00,15502.13893
4111,Tiruvannamalai,6,33,Tamil Nadu,07-01-2016 00:00,15389.03184
4112,Thoothukkudi,28,33,Tamil Nadu,07-01-2016 00:00,15741.38857
4113,Theni,25,33,Tamil Nadu,07-01-2016 00:00,15332.2077
4114,Vellore,4,33,Tamil Nadu,07-01-2016 00:00,15318.33957
4115,Viluppuram,7,33,Tamil Nadu,07-01-2016 00:00,15467.36365
4116,Virudhunagar,26,33,Tamil Nadu,07-01-2016 00:00,15751.26464
4117,Chennai,2,33,Tamil Nadu,07-01-2016 00:00,15482.93439
4118,Kancheepuram,3,33,Tamil Nadu,07-01-2016 00:00,15403.74893
4119,Thiruvallur,1,33,Tamil Nadu,07-01-2016 00:00,15355.11795
4120,Thanjavur,21,33,Tamil Nadu,07-01-2016 00:00,15484.56232
4121,Thiruvarur,20,33,Tamil Nadu,07-01-2016 00:00,15546.91652
4122,Nagapattinam,19,33,Tamil Nadu,07-01-2016 00:00,15440.1175
4123,Kanniyakumari,30,33,Tamil Nadu,07-01-2016 00:00,15024.3497
4124,Karur,14,33,Tamil Nadu,07-01-2016 00:00,15567.354
4125,Madurai,24,33,Tamil Nadu,07-01-2016 00:00,15625.06574
4126,Namakkal,9,33,Tamil Nadu,07-01-2016 00:00,15517.75032
4127,The Nilgiris,11,33,Tamil Nadu,07-01-2016 00:00,14732.32617
4128,Perambalur,16,33,Tamil Nadu,07-01-2016 00:00,15609.81856
4129,Pudukkottai,22,33,Tamil Nadu,07-01-2016 00:00,15644.72062
4130,Ramanathapuram,27,33,Tamil Nadu,07-01-2016 00:00,15784.94455
4131,Salem,8,33,Tamil Nadu,07-01-2016 00:00,15389.90246
4132,Ariyalur,17,33,Tamil Nadu,07-01-2016 00:00,15581.3191
4133,Coimbatore,12,33,Tamil Nadu,07-01-2016 00:00,15325.12999
4134,Cuddalore,18,33,Tamil Nadu,07-01-2016 00:00,15446.59211
4135,Dharmapuri,5,33,Tamil Nadu,07-01-2016 00:00,15346.70676
4136,Dindigul,13,33,Tamil Nadu,07-01-2016 00:00,15439.84716
4137,Erode,10,33,Tamil Nadu,07-01-2016 00:00,15401.88963
4138,Yanam,1,34,Puducherry,07-01-2016 00:00,15211.50148
4139,Karaikal,4,34,Puducherry,07-01-2016 00:00,15517.49922
4140,Mahe,3,34,Puducherry,07-01-2016 00:00,15120.63906
4141,Pondicherry,2,34,Puducherry,07-01-2016 00:00,15415.26766
4142,Nicobars,2,35,Andaman & Nicobar Island,07-01-2016 00:00,14905.97184
4143,Andamans,1,35,Andaman & Nicobar Island,07-01-2016 00:00,14977.18888
4144,Lakshadweep,1,31,Lakshadweep,08-01-2016 00:00,14924.36663
4145,Chandigarh,1,4,Chandigarh,08-01-2016 00:00,15343.22655
4146,Dadra & Nagar Haveli,1,26,Dadara & Nagar Havelli,08-01-2016 00:00,14893.32349
4147,Data Not Available,99,99,Jammu and Kashmir,08-01-2016 00:00,14546.51133
4148,Srinagar,3,1,Jammu and Kashmir,08-01-2016 00:00,14621.01963
4149,Udhampur,10,1,Jammu and Kashmir,08-01-2016 00:00,14879.49036
4150,Jammu,13,1,Jammu and Kashmir,08-01-2016 00:00,15182.91479
4151,Kargil,8,1,Jammu and Kashmir,08-01-2016 00:00,14749.31702
4152,Kathua,14,1,Jammu and Kashmir,08-01-2016 00:00,15016.93205
4153,Leh (Ladakh),7,1,Jammu and Kashmir,08-01-2016 00:00,14790.80673
4154,Kupwara,1,1,Jammu and Kashmir,08-01-2016 00:00,14782.2981
4155,Punch,11,1,Jammu and Kashmir,08-01-2016 00:00,14870.64166
4156,Pulwama,5,1,Jammu and Kashmir,08-01-2016 00:00,14872.81387
4157,Rajauri,12,1,Jammu and Kashmir,08-01-2016 00:00,15000.04793
4158,Anantnag,6,1,Jammu and Kashmir,08-01-2016 00:00,14589.28637
4159,Badgam,4,1,Jammu and Kashmir,08-01-2016 00:00,14815.8742
4160,Baramula,2,1,Jammu and Kashmir,08-01-2016 00:00,14740.90593
4161,Doda,9,1,Jammu and Kashmir,08-01-2016 00:00,14474.50479
4162,Shimla,11,2,Himachal Pradesh,08-01-2016 00:00,14682.47919
4163,Sirmaur,10,2,Himachal Pradesh,08-01-2016 00:00,15008.38108
4164,Solan,9,2,Himachal Pradesh,08-01-2016 00:00,15032.1457
4165,Una,7,2,Himachal Pradesh,08-01-2016 00:00,15111.59748
4166,Kangra,2,2,Himachal Pradesh,08-01-2016 00:00,14857.69672
4167,Kinnaur,12,2,Himachal Pradesh,08-01-2016 00:00,14315.45096
4168,Lahul & Spiti,3,2,Himachal Pradesh,08-01-2016 00:00,14408.23095
4169,Kullu,4,2,Himachal Pradesh,08-01-2016 00:00,14354.79307
4170,Mandi,5,2,Himachal Pradesh,08-01-2016 00:00,14859.55926
4171,Bilaspur,8,2,Himachal Pradesh,08-01-2016 00:00,15046.4122
4172,Chamba,1,2,Himachal Pradesh,08-01-2016 00:00,14537.59577
4173,Hamirpur,6,2,Himachal Pradesh,08-01-2016 00:00,15033.95635
4174,Hoshiarpur,5,3,Punjab,08-01-2016 00:00,15179.9455
4175,Rupnagar,7,3,Punjab,08-01-2016 00:00,15154.15946
4176,Jalandhar,4,3,Punjab,08-01-2016 00:00,15165.69423
4177,Kapurthala,3,3,Punjab,08-01-2016 00:00,15127.42436
4178,Ludhiana,9,3,Punjab,08-01-2016 00:00,15142.35878
4179,Mansa,15,3,Punjab,08-01-2016 00:00,15116.03524
4180,Moga,10,3,Punjab,08-01-2016 00:00,15110.94231
4181,Muktsar,12,3,Punjab,08-01-2016 00:00,15123.42057
4182,Nawanshahr,6,3,Punjab,08-01-2016 00:00,15146.84823
4183,Patiala,17,3,Punjab,08-01-2016 00:00,15110.46257
4184,Sangrur,16,3,Punjab,08-01-2016 00:00,15086.20536
4185,Amritsar,2,3,Punjab,08-01-2016 00:00,15130.50136
4186,Firozpur,11,3,Punjab,08-01-2016 00:00,15165.6099
4187,Bathinda,14,3,Punjab,08-01-2016 00:00,15147.7988
4188,Gurdaspur,1,3,Punjab,08-01-2016 00:00,15144.39596
4189,Faridkot,13,3,Punjab,08-01-2016 00:00,15105.70307
4190,Fatehgarh Sahib,8,3,Punjab,08-01-2016 00:00,15091.80731
4191,Hardwar,13,5,Uttarakhand,08-01-2016 00:00,15210.75407
4192,Rudraprayag,3,5,Uttarakhand,08-01-2016 00:00,14617.26889
4193,Tehri Garhwal,4,5,Uttarakhand,08-01-2016 00:00,14806.46296
4194,Udham Singh Nagar,12,5,Uttarakhand,08-01-2016 00:00,15191.07978
4195,Uttarkashi,1,5,Uttarakhand,08-01-2016 00:00,14408.49122
4196,Nainital,11,5,Uttarakhand,08-01-2016 00:00,15092.28819
4197,Pithoragarh,7,5,Uttarakhand,08-01-2016 00:00,14405.81226
4198,Bageshwar,8,5,Uttarakhand,08-01-2016 00:00,14724.5379
4199,Almora,9,5,Uttarakhand,08-01-2016 00:00,14998.16565
4200,Chamoli,2,5,Uttarakhand,08-01-2016 00:00,14379.56574
4201,Champawat,10,5,Uttarakhand,08-01-2016 00:00,15007.01892
4202,Dehradun,5,5,Uttarakhand,08-01-2016 00:00,15061.62989
4203,Garhwal,6,5,Uttarakhand,08-01-2016 00:00,14980.50607
4204,Hisar,12,6,Haryana,08-01-2016 00:00,15261.72933
4205,Rohtak,14,6,Haryana,08-01-2016 00:00,15140.15886
4206,Sirsa,11,6,Haryana,08-01-2016 00:00,15266.74677
4207,Sonipat,8,6,Haryana,08-01-2016 00:00,15128.28074
4208,Yamunanagar,3,6,Haryana,08-01-2016 00:00,15210.4521
4209,Jhajjar,15,6,Haryana,08-01-2016 00:00,15159.67103
4210,Mahendragarh,16,6,Haryana,08-01-2016 00:00,15185.58974
4211,Rewari,17,6,Haryana,08-01-2016 00:00,15240.23876
4212,Bhiwani,13,6,Haryana,08-01-2016 00:00,15294.96127
4213,Jind,9,6,Haryana,08-01-2016 00:00,15116.63112
4214,Kaithal,5,6,Haryana,08-01-2016 00:00,15099.86135
4215,Karnal,6,6,Haryana,08-01-2016 00:00,15106.12136
4216,Kurukshetra,4,6,Haryana,08-01-2016 00:00,15122.18188
4217,Panchkula,1,6,Haryana,08-01-2016 00:00,15141.00484
4218,Panipat,7,6,Haryana,08-01-2016 00:00,15099.14295
4219,Ambala,2,6,Haryana,08-01-2016 00:00,15165.15287
4220,Gurgaon,18,6,Haryana,08-01-2016 00:00,15203.28254
4221,Faridabad,19,6,Haryana,08-01-2016 00:00,15066.46789
4222,Fatehabad,10,6,Haryana,08-01-2016 00:00,15131.0873
4223,Central,6,7,Delhi  & NCR,08-01-2016 00:00,15304.59495
4224,East,4,7,Delhi  & NCR,08-01-2016 00:00,15315.77499
4225,New Delhi,5,7,Delhi  & NCR,08-01-2016 00:00,15267.86135
4226,North,2,7,Delhi  & NCR,08-01-2016 00:00,15296.62636
4227,North East,3,7,Delhi  & NCR,08-01-2016 00:00,15311.29839
4228,North West,1,7,Delhi  & NCR,08-01-2016 00:00,15253.03913
4229,South,9,7,Delhi  & NCR,08-01-2016 00:00,15196.52841
4230,South West,8,7,Delhi  & NCR,08-01-2016 00:00,15282.46501
4231,West,7,7,Delhi  & NCR,08-01-2016 00:00,15323.12986
4232,Sirohi,19,8,Rajasthan,08-01-2016 00:00,15033.15771
4233,Tonk,22,8,Rajasthan,08-01-2016 00:00,15129.69824
4234,Sikar,13,8,Rajasthan,08-01-2016 00:00,15182.71462
4235,Alwar,6,8,Rajasthan,08-01-2016 00:00,15137.10385
4236,Udaipur,26,8,Rajasthan,08-01-2016 00:00,14954.02487
4237,Ganganagar,1,8,Rajasthan,08-01-2016 00:00,15530.83588
4238,Hanumangarh,2,8,Rajasthan,08-01-2016 00:00,15455.64634
4239,Baran,31,8,Rajasthan,08-01-2016 00:00,15058.4036
4240,Jaipur,12,8,Rajasthan,08-01-2016 00:00,15128.87164
4241,Jaisalmer,16,8,Rajasthan,08-01-2016 00:00,15820.35813
4242,Jalor,18,8,Rajasthan,08-01-2016 00:00,15293.86635
4243,Jhalawar,32,8,Rajasthan,08-01-2016 00:00,15085.02918
4244,Jhunjhunun,5,8,Rajasthan,08-01-2016 00:00,15304.2463
4245,Jodhpur,15,8,Rajasthan,08-01-2016 00:00,15430.79179
4246,Kota,30,8,Rajasthan,08-01-2016 00:00,15104.68367
4247,Nagaur,14,8,Rajasthan,08-01-2016 00:00,15193.29971
4248,Pali,20,8,Rajasthan,08-01-2016 00:00,15070.45016
4249,Rajsamand,25,8,Rajasthan,08-01-2016 00:00,14983.62427
4250,Sawai Madhopur,10,8,Rajasthan,08-01-2016 00:00,15159.26432
4251,Ajmer,21,8,Rajasthan,08-01-2016 00:00,15055.24736
4252,Banswara,28,8,Rajasthan,08-01-2016 00:00,14956.29643
4253,Barmer,17,8,Rajasthan,08-01-2016 00:00,15441.43963
4254,Bhilwara,24,8,Rajasthan,08-01-2016 00:00,15081.15671
4255,Bikaner,3,8,Rajasthan,08-01-2016 00:00,15686.25272
4256,Bharatpur,7,8,Rajasthan,08-01-2016 00:00,15156.18821
4257,Bundi,23,8,Rajasthan,08-01-2016 00:00,15129.01727
4258,Chittaurgarh,29,8,Rajasthan,08-01-2016 00:00,15021.34413
4259,Churu,4,8,Rajasthan,08-01-2016 00:00,15474.24474
4260,Dausa,11,8,Rajasthan,08-01-2016 00:00,15068.93312
4261,Dhaulpur,8,8,Rajasthan,08-01-2016 00:00,15066.30811
4262,Dungarpur,27,8,Rajasthan,08-01-2016 00:00,14954.27672
4263,Karauli,9,8,Rajasthan,08-01-2016 00:00,15100.54305
4264,Hathras,13,9,Uttar Pradesh,08-01-2016 00:00,15128.29599
4265,Shrawasti,51,9,Uttar Pradesh,08-01-2016 00:00,15161.69888
4266,Saharanpur,1,9,Uttar Pradesh,08-01-2016 00:00,15227.49441
4267,Sitapur,24,9,Uttar Pradesh,08-01-2016 00:00,15184.27247
4268,Sultanpur,49,9,Uttar Pradesh,08-01-2016 00:00,15199.77389
4269,Sonbhadra,70,9,Uttar Pradesh,08-01-2016 00:00,15104.57748
4270,Siddharthnagar,54,9,Uttar Pradesh,08-01-2016 00:00,15237.13526
4271,Unnao,26,9,Uttar Pradesh,08-01-2016 00:00,15212.64456
4272,Varanasi,67,9,Uttar Pradesh,08-01-2016 00:00,15183.39594
4273,Bulandshahr,11,9,Uttar Pradesh,08-01-2016 00:00,15146.83295
4274,Gautam Buddha Nagar,10,9,Uttar Pradesh,08-01-2016 00:00,15203.7742
4275,Ghaziabad,9,9,Uttar Pradesh,08-01-2016 00:00,15183.65928
4276,Jalaun,35,9,Uttar Pradesh,08-01-2016 00:00,15141.97361
4277,Jaunpur,64,9,Uttar Pradesh,08-01-2016 00:00,15171.084
4278,Jhansi,36,9,Uttar Pradesh,08-01-2016 00:00,15109.49634
4279,Jyotiba Phule Nagar,6,9,Uttar Pradesh,08-01-2016 00:00,15181.86965
4280,Kannauj,30,9,Uttar Pradesh,08-01-2016 00:00,15165.78546
4281,Kanpur Nagar,34,9,Uttar Pradesh,08-01-2016 00:00,15247.59355
4282,Kaushambi,44,9,Uttar Pradesh,08-01-2016 00:00,15224.43531
4283,Kheri,23,9,Uttar Pradesh,08-01-2016 00:00,15158.91343
4284,Mirzapur,69,9,Uttar Pradesh,08-01-2016 00:00,15148.4477
4285,Moradabad,4,9,Uttar Pradesh,08-01-2016 00:00,15213.99934
4286,Muzaffarnagar,2,9,Uttar Pradesh,08-01-2016 00:00,15182.93478
4287,Rae Bareli,28,9,Uttar Pradesh,08-01-2016 00:00,15198.48568
4288,Kushinagar,59,9,Uttar Pradesh,08-01-2016 00:00,15220.65679
4289,Lucknow,27,9,Uttar Pradesh,08-01-2016 00:00,15254.21238
4290,Lalitpur,37,9,Uttar Pradesh,08-01-2016 00:00,15038.49765
4291,Mahrajganj,57,9,Uttar Pradesh,08-01-2016 00:00,15182.34875
4292,Mahoba,39,9,Uttar Pradesh,08-01-2016 00:00,15143.89117
4293,Mainpuri,18,9,Uttar Pradesh,08-01-2016 00:00,15158.01152
4294,Mathura,14,9,Uttar Pradesh,08-01-2016 00:00,15116.25176
4295,Mau,62,9,Uttar Pradesh,08-01-2016 00:00,15088.23583
4296,Meerut,7,9,Uttar Pradesh,08-01-2016 00:00,15133.39565
4297,Pilibhit,21,9,Uttar Pradesh,08-01-2016 00:00,15160.71722
4298,Pratapgarh,43,9,Uttar Pradesh,08-01-2016 00:00,15207.72231
4299,Rampur,5,9,Uttar Pradesh,08-01-2016 00:00,15190.58033
4300,Sant Ravidas Nagar Bhadohi,68,9,Uttar Pradesh,08-01-2016 00:00,15166.22318
4301,Sant Kabir Nagar,56,9,Uttar Pradesh,08-01-2016 00:00,15241.6147
4302,Shahjahanpur,22,9,Uttar Pradesh,08-01-2016 00:00,15186.92975
4303,Auraiya,32,9,Uttar Pradesh,08-01-2016 00:00,15157.36099
4304,Azamgarh,61,9,Uttar Pradesh,08-01-2016 00:00,15124.50105
4305,Budaun,19,9,Uttar Pradesh,08-01-2016 00:00,15227.32211
4306,Agra,15,9,Uttar Pradesh,08-01-2016 00:00,15073.49337
4307,Aligarh,12,9,Uttar Pradesh,08-01-2016 00:00,15115.83789
4308,Allahabad,45,9,Uttar Pradesh,08-01-2016 00:00,15239.27887
4309,Ambedkar Nagar,48,9,Uttar Pradesh,08-01-2016 00:00,15172.57705
4310,Bareilly,20,9,Uttar Pradesh,08-01-2016 00:00,15190.64195
4311,Bijnor,3,9,Uttar Pradesh,08-01-2016 00:00,15219.80551
4312,Basti,55,9,Uttar Pradesh,08-01-2016 00:00,15225.56904
4313,Baghpat,8,9,Uttar Pradesh,08-01-2016 00:00,15135.41395
4314,Bahraich,50,9,Uttar Pradesh,08-01-2016 00:00,15167.33508
4315,Ballia,63,9,Uttar Pradesh,08-01-2016 00:00,15130.10956
4316,Balrampur,52,9,Uttar Pradesh,08-01-2016 00:00,15191.2671
4317,Banda,40,9,Uttar Pradesh,08-01-2016 00:00,15214.82677
4318,Barabanki,46,9,Uttar Pradesh,08-01-2016 00:00,15204.90038
4319,Chitrakoot,41,9,Uttar Pradesh,08-01-2016 00:00,15215.4703
4320,Chandauli,66,9,Uttar Pradesh,08-01-2016 00:00,15044.67935
4321,Deoria,60,9,Uttar Pradesh,08-01-2016 00:00,15215.81981
4322,Etah,17,9,Uttar Pradesh,08-01-2016 00:00,15138.5528
4323,Kanpur Dehat,33,9,Uttar Pradesh,08-01-2016 00:00,15139.29156
4324,Etawah,31,9,Uttar Pradesh,08-01-2016 00:00,15115.36408
4325,Faizabad,47,9,Uttar Pradesh,08-01-2016 00:00,15212.6851
4326,Ghazipur,65,9,Uttar Pradesh,08-01-2016 00:00,15047.07291
4327,Gonda,53,9,Uttar Pradesh,08-01-2016 00:00,15198.8911
4328,Gorakhpur,58,9,Uttar Pradesh,08-01-2016 00:00,15217.37894
4329,Farrukhabad,29,9,Uttar Pradesh,08-01-2016 00:00,15224.90309
4330,Fatehpur,42,9,Uttar Pradesh,08-01-2016 00:00,15168.32358
4331,Firozabad,16,9,Uttar Pradesh,08-01-2016 00:00,15106.01128
4332,Hamirpur,38,9,Uttar Pradesh,08-01-2016 00:00,15139.83662
4333,Hardoi,25,9,Uttar Pradesh,08-01-2016 00:00,15212.45559
4334,Sheikhpura,26,10,Bihar,08-01-2016 00:00,15231.42181
4335,Sheohar,3,10,Bihar,08-01-2016 00:00,15234.91068
4336,Saharsa,12,10,Bihar,08-01-2016 00:00,15174.92396
4337,Sitamarhi,4,10,Bihar,08-01-2016 00:00,15262.47866
4338,Siwan,16,10,Bihar,08-01-2016 00:00,15222.7607
4339,Supaul,6,10,Bihar,08-01-2016 00:00,15210.08953
4340,Vaishali,18,10,Bihar,08-01-2016 00:00,15135.23807
4341,Kaimur (Bhabua),31,10,Bihar,08-01-2016 00:00,15108.24434
4342,Gaya,35,10,Bihar,08-01-2016 00:00,15287.17933
4343,Bhojpur,29,10,Bihar,08-01-2016 00:00,15170.36593
4344,Buxar,30,10,Bihar,08-01-2016 00:00,15125.32449
4345,Jehanabad,33,10,Bihar,08-01-2016 00:00,15210.12474
4346,Rohtas,32,10,Bihar,08-01-2016 00:00,15147.43954
4347,Jamui,37,10,Bihar,08-01-2016 00:00,15260.67361
4348,Kishanganj,8,10,Bihar,08-01-2016 00:00,15238.51017
4349,Muzaffarpur,14,10,Bihar,08-01-2016 00:00,15222.19081
4350,Purnia,9,10,Bihar,08-01-2016 00:00,15209.2076
4351,Khagaria,21,10,Bihar,08-01-2016 00:00,15141.01932
4352,Madhubani,5,10,Bihar,08-01-2016 00:00,15242.83578
4353,Lakhisarai,25,10,Bihar,08-01-2016 00:00,15189.05028
4354,Madhepura,11,10,Bihar,08-01-2016 00:00,15177.58414
4355,Purba Champaran,2,10,Bihar,08-01-2016 00:00,15233.32754
4356,Munger,24,10,Bihar,08-01-2016 00:00,15147.586
4357,Nalanda,27,10,Bihar,08-01-2016 00:00,15231.56193
4358,Nawada,36,10,Bihar,08-01-2016 00:00,15226.41386
4359,Pashchim Champaran,1,10,Bihar,08-01-2016 00:00,15203.72784
4360,Patna,28,10,Bihar,08-01-2016 00:00,15230.14807
4361,Samastipur,19,10,Bihar,08-01-2016 00:00,15190.45491
4362,Araria,7,10,Bihar,08-01-2016 00:00,15238.57812
4363,Aurangabad,34,10,Bihar,08-01-2016 00:00,15260.37683
4364,Banka,23,10,Bihar,08-01-2016 00:00,15232.77782
4365,Bhagalpur,22,10,Bihar,08-01-2016 00:00,15142.70806
4366,Begusarai,20,10,Bihar,08-01-2016 00:00,15155.20258
4367,Saran,17,10,Bihar,08-01-2016 00:00,15217.10055
4368,Katihar,10,10,Bihar,08-01-2016 00:00,15170.27779
4369,Darbhanga,13,10,Bihar,08-01-2016 00:00,15227.50935
4370,Gopalganj,15,10,Bihar,08-01-2016 00:00,15251.97631
4371,South,3,11,Sikkim,08-01-2016 00:00,14807.56212
4372,West,2,11,Sikkim,08-01-2016 00:00,14569.08501
4373,North,1,11,Sikkim,08-01-2016 00:00,14327.01024
4374,East,4,11,Sikkim,08-01-2016 00:00,14689.70543
4375,Tawang,1,12,Arunanchal Pradesh,08-01-2016 00:00,14405.67719
4376,Tirap,13,12,Arunanchal Pradesh,08-01-2016 00:00,15004.49401
4377,West Kameng,2,12,Arunanchal Pradesh,08-01-2016 00:00,14668.07483
4378,West Siang,7,12,Arunanchal Pradesh,08-01-2016 00:00,14850.10421
4379,Upper Siang,9,12,Arunanchal Pradesh,08-01-2016 00:00,14693.90113
4380,Upper Subansiri,6,12,Arunanchal Pradesh,08-01-2016 00:00,14693.05205
4381,Lohit,11,12,Arunanchal Pradesh,08-01-2016 00:00,14715.94628
4382,Lower Subansiri,5,12,Arunanchal Pradesh,08-01-2016 00:00,14761.43705
4383,Papum Pare,4,12,Arunanchal Pradesh,08-01-2016 00:00,14962.71413
4384,Changlang,12,12,Arunanchal Pradesh,08-01-2016 00:00,14914.79007
4385,Dibang Valley,10,12,Arunanchal Pradesh,08-01-2016 00:00,14614.70327
4386,East Kameng,3,12,Arunanchal Pradesh,08-01-2016 00:00,14765.72965
4387,East Siang,8,12,Arunanchal Pradesh,08-01-2016 00:00,15076.61826
4388,Tuensang,2,13,Nagaland,08-01-2016 00:00,14913.35716
4389,Wokha,5,13,Nagaland,08-01-2016 00:00,15115.87105
4390,Zunheboto,4,13,Nagaland,08-01-2016 00:00,14966.53501
4391,Dimapur,6,13,Nagaland,08-01-2016 00:00,15174.38495
4392,Kohima,7,13,Nagaland,08-01-2016 00:00,15037.63496
4393,Mokokchung,3,13,Nagaland,08-01-2016 00:00,15107.45872
4394,Mon,1,13,Nagaland,08-01-2016 00:00,15088.20359
4395,Phek,8,13,Nagaland,08-01-2016 00:00,14931.12795
4396,Tamenglong,2,14,Manipur,08-01-2016 00:00,15031.03314
4397,Thoubal,5,14,Manipur,08-01-2016 00:00,15049.61464
4398,Ukhrul,8,14,Manipur,08-01-2016 00:00,14942.04445
4399,Imphal East,7,14,Manipur,08-01-2016 00:00,15089.14278
4400,Imphal West,6,14,Manipur,08-01-2016 00:00,15154.59771
4401,Senapati (Excl. 3 sub-divisions),1,14,Manipur,08-01-2016 00:00,14957.59022
4402,Bishnupur,4,14,Manipur,08-01-2016 00:00,15005.70082
4403,Chandel,9,14,Manipur,08-01-2016 00:00,14996.58401
4404,Churachandpur,3,14,Manipur,08-01-2016 00:00,15022.21889
4405,Kolasib,2,15,Mizoram,08-01-2016 00:00,15131.92459
4406,Mamit,1,15,Mizoram,08-01-2016 00:00,15103.29178
4407,Lunglei,6,15,Mizoram,08-01-2016 00:00,15034.72799
4408,Lawngtlai,7,15,Mizoram,08-01-2016 00:00,15012.05172
4409,Saiha,8,15,Mizoram,08-01-2016 00:00,14970.9954
4410,Serchhip,5,15,Mizoram,08-01-2016 00:00,14983.44229
4411,Aizawl,3,15,Mizoram,08-01-2016 00:00,15055.14639
4412,Champhai,4,15,Mizoram,08-01-2016 00:00,14964.66691
4413,South Tripura,2,16,Tripura,08-01-2016 00:00,15177.98337
4414,West Tripura,1,16,Tripura,08-01-2016 00:00,15188.14595
4415,North Tripura,4,16,Tripura,08-01-2016 00:00,15165.89083
4416,Dhalai,3,16,Tripura,08-01-2016 00:00,15131.14878
4417,Ri Bhoi,5,17,Meghalaya,08-01-2016 00:00,15042.96121
4418,South Garo Hills,3,17,Meghalaya,08-01-2016 00:00,15142.75091
4419,West Garo Hills,1,17,Meghalaya,08-01-2016 00:00,15200.08638
4420,West Khasi Hills,4,17,Meghalaya,08-01-2016 00:00,14995.68044
4421,Jaintia Hills,7,17,Meghalaya,08-01-2016 00:00,15056.7062
4422,East Garo Hills,2,17,Meghalaya,08-01-2016 00:00,15112.29125
4423,East Khasi Hills,6,17,Meghalaya,08-01-2016 00:00,14987.85423
4424,Sonitpur,11,18,Assam,08-01-2016 00:00,15241.53025
4425,Sibsagar,16,18,Assam,08-01-2016 00:00,15264.3893
4426,Tinsukia,14,18,Assam,08-01-2016 00:00,15190.49908
4427,Jorhat,17,18,Assam,08-01-2016 00:00,15207.61787
4428,Karimganj,22,18,Assam,08-01-2016 00:00,15205.33802
4429,Kokrajhar,1,18,Assam,08-01-2016 00:00,15209.91516
4430,Lakhimpur,12,18,Assam,08-01-2016 00:00,15241.72015
4431,Nagaon,10,18,Assam,08-01-2016 00:00,15226.09711
4432,Marigaon,9,18,Assam,08-01-2016 00:00,15208.55453
4433,Nalbari,7,18,Assam,08-01-2016 00:00,15269.44984
4434,North Cachar Hills,20,18,Assam,08-01-2016 00:00,15097.79748
4435,Barpeta,5,18,Assam,08-01-2016 00:00,15199.56825
4436,Bongaigaon,4,18,Assam,08-01-2016 00:00,15243.98775
4437,Cachar,21,18,Assam,08-01-2016 00:00,15175.14263
4438,Darrang,8,18,Assam,08-01-2016 00:00,15235.70563
4439,Dhemaji,13,18,Assam,08-01-2016 00:00,15195.58974
4440,Dhubri,2,18,Assam,08-01-2016 00:00,15260.55072
4441,Dibrugarh,15,18,Assam,08-01-2016 00:00,15171.4674
4442,Kamrup,6,18,Assam,08-01-2016 00:00,15197.25071
4443,Karbi Anglong,19,18,Assam,08-01-2016 00:00,15116.309
4444,Goalpara,3,18,Assam,08-01-2016 00:00,15242.15189
4445,Golaghat,18,18,Assam,08-01-2016 00:00,15214.097
4446,Hailakandi,23,18,Assam,08-01-2016 00:00,15210.36989
4447,Hugli,12,19,West Bengal,08-01-2016 00:00,15202.1373
4448,South  Twenty Four Parganas,18,19,West Bengal,08-01-2016 00:00,15147.0955
4449,Uttar Dinajpur,4,19,West Bengal,08-01-2016 00:00,15219.9693
4450,Jalpaiguri,2,19,West Bengal,08-01-2016 00:00,15219.71348
4451,Koch Bihar,3,19,West Bengal,08-01-2016 00:00,15248.78426
4452,Murshidabad,7,19,West Bengal,08-01-2016 00:00,15173.80407
4453,Puruliya,14,19,West Bengal,08-01-2016 00:00,15204.06394
4454,Kolkata,17,19,West Bengal,08-01-2016 00:00,15505.37007
4455,Maldah,6,19,West Bengal,08-01-2016 00:00,15190.2589
4456,Nadia,10,19,West Bengal,08-01-2016 00:00,15102.42468
4457,North Twenty Four Parganas,11,19,West Bengal,08-01-2016 00:00,15102.24735
4458,Medinipur,15,19,West Bengal,08-01-2016 00:00,15202.53738
4459,Barddhaman,9,19,West Bengal,08-01-2016 00:00,15199.73065
4460,Birbhum,8,19,West Bengal,08-01-2016 00:00,15214.56563
4461,Bankura,13,19,West Bengal,08-01-2016 00:00,15228.11199
4462,Dakshin Dinajpur,5,19,West Bengal,08-01-2016 00:00,15211.88298
4463,Darjiling,1,19,West Bengal,08-01-2016 00:00,15062.55283
4464,Haora,16,19,West Bengal,08-01-2016 00:00,15191.54276
4465,Ranchi,14,20,Jharkhand,08-01-2016 00:00,15122.01999
4466,Sahibganj,9,20,Jharkhand,08-01-2016 00:00,15163.26169
4467,Garhwa,1,20,Jharkhand,08-01-2016 00:00,15140.28025
4468,Palamu,2,20,Jharkhand,08-01-2016 00:00,15156.26294
4469,Chatra,3,20,Jharkhand,08-01-2016 00:00,15196.36505
4470,Hazaribagh,4,20,Jharkhand,08-01-2016 00:00,15185.49306
4471,Kodarma,5,20,Jharkhand,08-01-2016 00:00,15187.49321
4472,Purbi Singhbhum,18,20,Jharkhand,08-01-2016 00:00,15180.15592
4473,Lohardaga,15,20,Jharkhand,08-01-2016 00:00,15084.62786
4474,Pakaur,10,20,Jharkhand,08-01-2016 00:00,15240.24089
4475,Pashchimi Singhbhum,17,20,Jharkhand,08-01-2016 00:00,15125.27781
4476,Bokaro,13,20,Jharkhand,08-01-2016 00:00,15200.64647
4477,Deoghar,7,20,Jharkhand,08-01-2016 00:00,15285.35755
4478,Dhanbad,12,20,Jharkhand,08-01-2016 00:00,15228.54
4479,Dumka,11,20,Jharkhand,08-01-2016 00:00,15253.65969
4480,Giridih,6,20,Jharkhand,08-01-2016 00:00,15233.47478
4481,Godda,8,20,Jharkhand,08-01-2016 00:00,15249.43921
4482,Gumla,16,20,Jharkhand,08-01-2016 00:00,15149.85863
4483,Rayagada,27,21,Orissa,08-01-2016 00:00,15154.77193
4484,Sundargarh,5,21,Orissa,08-01-2016 00:00,15156.27931
4485,Sonapur,23,21,Orissa,08-01-2016 00:00,15236.72754
4486,Jajapur,13,21,Orissa,08-01-2016 00:00,15175.33831
4487,Jagatsinghapur,11,21,Orissa,08-01-2016 00:00,15118.17854
4488,Jharsuguda,2,21,Orissa,08-01-2016 00:00,15125.29402
4489,Khordha,17,21,Orissa,08-01-2016 00:00,15159.33995
4490,Mayurbhanj,7,21,Orissa,08-01-2016 00:00,15159.44208
4491,Puri,18,21,Orissa,08-01-2016 00:00,15119.81393
4492,Koraput,29,21,Orissa,08-01-2016 00:00,15105.89469
4493,Malkangiri,30,21,Orissa,08-01-2016 00:00,15167.42687
4494,Nabarangapur,28,21,Orissa,08-01-2016 00:00,15150.44141
4495,Nayagarh,16,21,Orissa,08-01-2016 00:00,15151.45981
4496,Nuapada,25,21,Orissa,08-01-2016 00:00,15164.73502
4497,Kandhamal,21,21,Orissa,08-01-2016 00:00,15077.47289
4498,Sambalpur,3,21,Orissa,08-01-2016 00:00,15160.54158
4499,Anugul,15,21,Orissa,08-01-2016 00:00,15202.17868
4500,Bhadrak,9,21,Orissa,08-01-2016 00:00,15210.65473
4501,Baudh,22,21,Orissa,08-01-2016 00:00,15202.55686
4502,Balangir,24,21,Orissa,08-01-2016 00:00,15243.79575
4503,Baleshwar,8,21,Orissa,08-01-2016 00:00,15189.77113
4504,Bargarh,1,21,Orissa,08-01-2016 00:00,15152.71546
4505,Kendrapara,10,21,Orissa,08-01-2016 00:00,15138.03822
4506,Kendujhar,6,21,Orissa,08-01-2016 00:00,15179.40174
4507,Debagarh,4,21,Orissa,08-01-2016 00:00,15163.53417
4508,Cuttack,12,21,Orissa,08-01-2016 00:00,15160.42836
4509,Dhenkanal,14,21,Orissa,08-01-2016 00:00,15164.00821
4510,Kalahandi,26,21,Orissa,08-01-2016 00:00,15180.82264
4511,Ganjam,19,21,Orissa,08-01-2016 00:00,15199.17903
4512,Gajapati,20,21,Orissa,08-01-2016 00:00,15073.67491
4513,Surguja,2,22,Chhattisgarh,08-01-2016 00:00,15089.3232
4514,Bilaspur,7,22,Chhattisgarh,08-01-2016 00:00,15095.30869
4515,Janjgir - Champa,6,22,Chhattisgarh,08-01-2016 00:00,15110.36163
4516,Korba,5,22,Chhattisgarh,08-01-2016 00:00,15163.21313
4517,Kawardha,8,22,Chhattisgarh,08-01-2016 00:00,15098.62209
4518,Jashpur,3,22,Chhattisgarh,08-01-2016 00:00,15127.25515
4519,Koriya,1,22,Chhattisgarh,08-01-2016 00:00,15102.28542
4520,Mahasamund,12,22,Chhattisgarh,08-01-2016 00:00,15130.47364
4521,Raigarh,4,22,Chhattisgarh,08-01-2016 00:00,15120.4225
4522,Raipur,11,22,Chhattisgarh,08-01-2016 00:00,15123.81454
4523,Rajnandgaon,9,22,Chhattisgarh,08-01-2016 00:00,15092.73607
4524,Bastar,15,22,Chhattisgarh,08-01-2016 00:00,15101.5787
4525,Dantewada,16,22,Chhattisgarh,08-01-2016 00:00,15141.66009
4526,Dhamtari,13,22,Chhattisgarh,08-01-2016 00:00,15104.02998
4527,Durg,10,22,Chhattisgarh,08-01-2016 00:00,15132.82641
4528,Kanker,14,22,Chhattisgarh,08-01-2016 00:00,15139.05187
4529,Hoshangabad,37,23,Madhya Pradesh,08-01-2016 00:00,15113.53749
4530,Indore,26,23,Madhya Pradesh,08-01-2016 00:00,14895.7094
4531,Shajapur,22,23,Madhya Pradesh,08-01-2016 00:00,15023.11481
4532,Shivpuri,6,23,Madhya Pradesh,08-01-2016 00:00,14999.99418
4533,Ratlam,20,23,Madhya Pradesh,08-01-2016 00:00,14939.77831
4534,Rewa,14,23,Madhya Pradesh,08-01-2016 00:00,15251.55372
4535,Sagar,11,23,Madhya Pradesh,08-01-2016 00:00,15129.92445
4536,Sidhi,17,23,Madhya Pradesh,08-01-2016 00:00,15116.02911
4537,Ujjain,21,23,Madhya Pradesh,08-01-2016 00:00,14913.04106
4538,Vidisha,31,23,Madhya Pradesh,08-01-2016 00:00,15094.42795
4539,West Nimar,27,23,Madhya Pradesh,08-01-2016 00:00,15022.47796
4540,Morena,2,23,Madhya Pradesh,08-01-2016 00:00,15065.47102
4541,Sheopur,1,23,Madhya Pradesh,08-01-2016 00:00,15065.02261
4542,Dindori,41,23,Madhya Pradesh,08-01-2016 00:00,15095.45633
4543,Mandla,42,23,Madhya Pradesh,08-01-2016 00:00,15106.25165
4544,Shahdol,16,23,Madhya Pradesh,08-01-2016 00:00,15159.39835
4545,Umaria,15,23,Madhya Pradesh,08-01-2016 00:00,15182.00153
4546,Jabalpur,39,23,Madhya Pradesh,08-01-2016 00:00,15159.75513
4547,Jhabua,24,23,Madhya Pradesh,08-01-2016 00:00,14912.49007
4548,Mandsaur,19,23,Madhya Pradesh,08-01-2016 00:00,15010.774
4549,Tikamgarh,8,23,Madhya Pradesh,08-01-2016 00:00,15130.80712
4550,Narsimhapur,40,23,Madhya Pradesh,08-01-2016 00:00,15166.19926
4551,Neemuch,18,23,Madhya Pradesh,08-01-2016 00:00,15000.20815
4552,Panna,10,23,Madhya Pradesh,08-01-2016 00:00,15140.47081
4553,Raisen,34,23,Madhya Pradesh,08-01-2016 00:00,15093.37431
4554,Rajgarh,30,23,Madhya Pradesh,08-01-2016 00:00,15028.91397
4555,Satna,13,23,Madhya Pradesh,08-01-2016 00:00,15213.41128
4556,Sehore,33,23,Madhya Pradesh,08-01-2016 00:00,14988.43401
4557,Seoni,44,23,Madhya Pradesh,08-01-2016 00:00,15114.38233
4558,Bhind,3,23,Madhya Pradesh,08-01-2016 00:00,15074.54755
4559,Bhopal,32,23,Madhya Pradesh,08-01-2016 00:00,15028.82728
4560,Barwani,28,23,Madhya Pradesh,08-01-2016 00:00,15081.36765
4561,Betul,35,23,Madhya Pradesh,08-01-2016 00:00,15140.15268
4562,Balaghat,45,23,Madhya Pradesh,08-01-2016 00:00,15084.00082
4563,Chhatarpur,9,23,Madhya Pradesh,08-01-2016 00:00,15142.71977
4564,Chhindwara,43,23,Madhya Pradesh,08-01-2016 00:00,15089.6488
4565,Dewas,23,23,Madhya Pradesh,08-01-2016 00:00,14950.62248
4566,Katni,38,23,Madhya Pradesh,08-01-2016 00:00,15156.12476
4567,Datia,5,23,Madhya Pradesh,08-01-2016 00:00,15138.91065
4568,Damoh,12,23,Madhya Pradesh,08-01-2016 00:00,15148.46825
4569,Dhar,25,23,Madhya Pradesh,08-01-2016 00:00,14995.27234
4570,East Nimar,29,23,Madhya Pradesh,08-01-2016 00:00,14954.82286
4571,Guna,7,23,Madhya Pradesh,08-01-2016 00:00,14980.75544
4572,Gwalior,4,23,Madhya Pradesh,08-01-2016 00:00,15099.68427
4573,Harda,36,23,Madhya Pradesh,08-01-2016 00:00,15065.55086
4574,Sabar Kantha,5,24,Gujarat,08-01-2016 00:00,14971.2675
4575,Surendranagar,8,24,Gujarat,08-01-2016 00:00,15304.35152
4576,The Dangs,23,24,Gujarat,08-01-2016 00:00,14860.86091
4577,Vadodara,19,24,Gujarat,08-01-2016 00:00,14937.38625
4578,Valsad,25,24,Gujarat,08-01-2016 00:00,14980.78753
4579,Bharuch,21,24,Gujarat,08-01-2016 00:00,14763.18392
4580,Surat,22,24,Gujarat,08-01-2016 00:00,14964.71746
4581,Jamnagar,10,24,Gujarat,08-01-2016 00:00,15099.41162
4582,Kheda,16,24,Gujarat,08-01-2016 00:00,15042.87923
4583,Mahesana,4,24,Gujarat,08-01-2016 00:00,15142.94659
4584,Narmada,20,24,Gujarat,08-01-2016 00:00,14646.37495
4585,Navsari,24,24,Gujarat,08-01-2016 00:00,15006.76691
4586,Panch Mahals,17,24,Gujarat,08-01-2016 00:00,14915.66461
4587,Patan,3,24,Gujarat,08-01-2016 00:00,15258.31298
4588,Porbandar,11,24,Gujarat,08-01-2016 00:00,15114.47819
4589,Rajkot,9,24,Gujarat,08-01-2016 00:00,15221.52076
4590,Anand,15,24,Gujarat,08-01-2016 00:00,14615.59991
4591,Ahmadabad,7,24,Gujarat,08-01-2016 00:00,15166.02191
4592,Amreli,13,24,Gujarat,08-01-2016 00:00,15161.76834
4593,Bhavnagar,14,24,Gujarat,08-01-2016 00:00,15121.80328
4594,Banas Kantha,2,24,Gujarat,08-01-2016 00:00,15163.7478
4595,Dohad,18,24,Gujarat,08-01-2016 00:00,14889.88554
4596,Junagadh,12,24,Gujarat,08-01-2016 00:00,14992.85621
4597,Kachchh,1,24,Gujarat,08-01-2016 00:00,15266.35153
4598,Gandhinagar,6,24,Gujarat,08-01-2016 00:00,15130.93632
4599,Daman,2,25,Daman & Diu,08-01-2016 00:00,15149.52427
4600,Diu,1,25,Daman & Diu,08-01-2016 00:00,15100.49776
4601,Hingoli,16,27,Maharashtra,08-01-2016 00:00,15097.13098
4602,Ratnagiri,32,27,Maharashtra,08-01-2016 00:00,14991.14488
4603,Raigarh,24,27,Maharashtra,08-01-2016 00:00,14989.53307
4604,Thane,21,27,Maharashtra,08-01-2016 00:00,14873.70036
4605,Solapur,30,27,Maharashtra,08-01-2016 00:00,15281.01237
4606,Sindhudurg,33,27,Maharashtra,08-01-2016 00:00,15018.3435
4607,Wardha,8,27,Maharashtra,08-01-2016 00:00,15335.28347
4608,Washim,6,27,Maharashtra,08-01-2016 00:00,15054.3078
4609,Yavatmal,14,27,Maharashtra,08-01-2016 00:00,15300.78767
4610,Jalgaon,3,27,Maharashtra,08-01-2016 00:00,15129.82587
4611,Jalna,18,27,Maharashtra,08-01-2016 00:00,15239.42032
4612,Kolhapur,34,27,Maharashtra,08-01-2016 00:00,14931.44095
4613,Latur,28,27,Maharashtra,08-01-2016 00:00,15069.94349
4614,Pune,25,27,Maharashtra,08-01-2016 00:00,15127.18171
4615,Nagpur,9,27,Maharashtra,08-01-2016 00:00,15244.63727
4616,Mumbai,23,27,Maharashtra,08-01-2016 00:00,14988.75576
4617,Mumbai (Suburban),22,27,Maharashtra,08-01-2016 00:00,14939.14852
4618,Nanded,15,27,Maharashtra,08-01-2016 00:00,15260.53557
4619,Nandurbar,1,27,Maharashtra,08-01-2016 00:00,15058.47035
4620,Nashik,20,27,Maharashtra,08-01-2016 00:00,15027.17549
4621,Osmanabad,29,27,Maharashtra,08-01-2016 00:00,15146.16908
4622,Parbhani,17,27,Maharashtra,08-01-2016 00:00,15208.95322
4623,Sangli,35,27,Maharashtra,08-01-2016 00:00,15024.0701
4624,Satara,31,27,Maharashtra,08-01-2016 00:00,15058.48336
4625,Aurangabad,19,27,Maharashtra,08-01-2016 00:00,15122.39422
4626,Ahmadnagar,26,27,Maharashtra,08-01-2016 00:00,15206.99119
4627,Akola,5,27,Maharashtra,08-01-2016 00:00,15080.82886
4628,Amravati,7,27,Maharashtra,08-01-2016 00:00,15183.03262
4629,Bid,27,27,Maharashtra,08-01-2016 00:00,15213.68952
4630,Bhandara,10,27,Maharashtra,08-01-2016 00:00,15113.70322
4631,Buldana,4,27,Maharashtra,08-01-2016 00:00,15118.78479
4632,Chandrapur,13,27,Maharashtra,08-01-2016 00:00,15258.34975
4633,Dhule,2,27,Maharashtra,08-01-2016 00:00,15113.79453
4634,Gadchiroli,12,27,Maharashtra,08-01-2016 00:00,15132.70123
4635,Gondiya,11,27,Maharashtra,08-01-2016 00:00,15082.75183
4636,Hyderabad,5,28,Andhra Pradesh,08-01-2016 00:00,15410.99192
4637,Rangareddi,6,28,Andhra Pradesh,08-01-2016 00:00,15307.90232
4638,Srikakulam,11,28,Andhra Pradesh,08-01-2016 00:00,15204.98119
4639,West Godavari,15,28,Andhra Pradesh,08-01-2016 00:00,15254.04562
4640,Visakhapatnam,13,28,Andhra Pradesh,08-01-2016 00:00,15155.39504
4641,Vizianagaram,12,28,Andhra Pradesh,08-01-2016 00:00,15262.15181
4642,Warangal,9,28,Andhra Pradesh,08-01-2016 00:00,15328.96474
4643,Khammam,10,28,Andhra Pradesh,08-01-2016 00:00,15297.93545
4644,Medak,4,28,Andhra Pradesh,08-01-2016 00:00,15280.65549
4645,Krishna,16,28,Andhra Pradesh,08-01-2016 00:00,15371.11662
4646,Kurnool,21,28,Andhra Pradesh,08-01-2016 00:00,15379.94989
4647,Mahbubnagar,7,28,Andhra Pradesh,08-01-2016 00:00,15332.03982
4648,Nalgonda,8,28,Andhra Pradesh,08-01-2016 00:00,15477.27022
4649,Nellore,19,28,Andhra Pradesh,08-01-2016 00:00,15530.67679
4650,Nizamabad,2,28,Andhra Pradesh,08-01-2016 00:00,15164.36022
4651,Prakasam,18,28,Andhra Pradesh,08-01-2016 00:00,15619.27544
4652,Anantapur,22,28,Andhra Pradesh,08-01-2016 00:00,15455.91911
4653,Adilabad,1,28,Andhra Pradesh,08-01-2016 00:00,15263.65896
4654,Chittoor,23,28,Andhra Pradesh,08-01-2016 00:00,15323.03123
4655,Cuddapah,20,28,Andhra Pradesh,08-01-2016 00:00,15441.03435
4656,East Godavari,14,28,Andhra Pradesh,08-01-2016 00:00,15186.81067
4657,Karimnagar,3,28,Andhra Pradesh,08-01-2016 00:00,15309.25499
4658,Guntur,17,28,Andhra Pradesh,08-01-2016 00:00,15606.83201
4659,Hassan,23,29,Karnataka,08-01-2016 00:00,15000.06519
4660,Haveri,11,29,Karnataka,08-01-2016 00:00,14994.16283
4661,Shimoga,15,29,Karnataka,08-01-2016 00:00,14857.32703
4662,Tumkur,18,29,Karnataka,08-01-2016 00:00,15181.41103
4663,Udupi,16,29,Karnataka,08-01-2016 00:00,14990.67487
4664,Uttara Kannada,10,29,Karnataka,08-01-2016 00:00,14897.75501
4665,Kodagu,25,29,Karnataka,08-01-2016 00:00,14845.12814
4666,Kolar,19,29,Karnataka,08-01-2016 00:00,15203.71975
4667,Mandya,22,29,Karnataka,08-01-2016 00:00,15233.84296
4668,Koppal,7,29,Karnataka,08-01-2016 00:00,15184.27225
4669,Mysore,26,29,Karnataka,08-01-2016 00:00,15099.24659
4670,Raichur,6,29,Karnataka,08-01-2016 00:00,15397.10909
4671,Bagalkot,2,29,Karnataka,08-01-2016 00:00,15184.83705
4672,Bangalore,20,29,Karnataka,08-01-2016 00:00,15029.95792
4673,Bidar,5,29,Karnataka,08-01-2016 00:00,15158.8969
4674,Bijapur,3,29,Karnataka,08-01-2016 00:00,15294.50945
4675,Belgaum,1,29,Karnataka,08-01-2016 00:00,15045.07583
4676,Bellary,12,29,Karnataka,08-01-2016 00:00,15179.60761
4677,Bangalore Rural,21,29,Karnataka,08-01-2016 00:00,15117.64996
4678,Chamarajanagar,27,29,Karnataka,08-01-2016 00:00,15205.11562
4679,Chikmagalur,17,29,Karnataka,08-01-2016 00:00,15085.29409
4680,Chitradurga,13,29,Karnataka,08-01-2016 00:00,15305.63207
4681,Dakshina Kannada,24,29,Karnataka,08-01-2016 00:00,14956.64437
4682,Davanagere,14,29,Karnataka,08-01-2016 00:00,15033.70398
4683,Dharwad,9,29,Karnataka,08-01-2016 00:00,15080.04567
4684,Gulbarga,4,29,Karnataka,08-01-2016 00:00,15317.96103
4685,Gadag,8,29,Karnataka,08-01-2016 00:00,15213.04576
4686,South Goa,2,30,Goa,08-01-2016 00:00,14976.23402
4687,North Goa,1,30,Goa,08-01-2016 00:00,14955.14883
4688,Idukki,9,32,Kerala,08-01-2016 00:00,14798.51341
4689,Thrissur,7,32,Kerala,08-01-2016 00:00,14981.65616
4690,Thiruvananthapuram,14,32,Kerala,08-01-2016 00:00,15000.52881
4691,Wayanad,3,32,Kerala,08-01-2016 00:00,14852.90625
4692,Kollam,13,32,Kerala,08-01-2016 00:00,14955.51847
4693,Kottayam,10,32,Kerala,08-01-2016 00:00,14947.42023
4694,Kozhikode,4,32,Kerala,08-01-2016 00:00,15008.55616
4695,Malappuram,5,32,Kerala,08-01-2016 00:00,15009.41934
4696,Palakkad,6,32,Kerala,08-01-2016 00:00,14969.54678
4697,Pathanamthitta,12,32,Kerala,08-01-2016 00:00,14929.52784
4698,Alappuzha,11,32,Kerala,08-01-2016 00:00,14968.00932
4699,Kasaragod,1,32,Kerala,08-01-2016 00:00,14989.42057
4700,Kannur,2,32,Kerala,08-01-2016 00:00,14974.13675
4701,Ernakulam,8,32,Kerala,08-01-2016 00:00,14994.7954
4702,Sivaganga,23,33,Tamil Nadu,08-01-2016 00:00,15595.74716
4703,Tiruchirappalli,15,33,Tamil Nadu,08-01-2016 00:00,15577.15771
4704,Tirunelveli,29,33,Tamil Nadu,08-01-2016 00:00,15568.48391
4705,Tiruvannamalai,6,33,Tamil Nadu,08-01-2016 00:00,15434.54777
4706,Thoothukkudi,28,33,Tamil Nadu,08-01-2016 00:00,15833.58036
4707,Theni,25,33,Tamil Nadu,08-01-2016 00:00,15323.0941
4708,Vellore,4,33,Tamil Nadu,08-01-2016 00:00,15313.75553
4709,Viluppuram,7,33,Tamil Nadu,08-01-2016 00:00,15502.08196
4710,Virudhunagar,26,33,Tamil Nadu,08-01-2016 00:00,15764.57998
4711,Chennai,2,33,Tamil Nadu,08-01-2016 00:00,15507.80567
4712,Kancheepuram,3,33,Tamil Nadu,08-01-2016 00:00,15466.69713
4713,Thiruvallur,1,33,Tamil Nadu,08-01-2016 00:00,15457.84628
4714,Thanjavur,21,33,Tamil Nadu,08-01-2016 00:00,15521.75966
4715,Thiruvarur,20,33,Tamil Nadu,08-01-2016 00:00,15621.18374
4716,Nagapattinam,19,33,Tamil Nadu,08-01-2016 00:00,15515.07664
4717,Kanniyakumari,30,33,Tamil Nadu,08-01-2016 00:00,15052.9223
4718,Karur,14,33,Tamil Nadu,08-01-2016 00:00,15638.88214
4719,Madurai,24,33,Tamil Nadu,08-01-2016 00:00,15549.92063
4720,Namakkal,9,33,Tamil Nadu,08-01-2016 00:00,15472.12992
4721,The Nilgiris,11,33,Tamil Nadu,08-01-2016 00:00,14804.34698
4722,Perambalur,16,33,Tamil Nadu,08-01-2016 00:00,15702.55652
4723,Pudukkottai,22,33,Tamil Nadu,08-01-2016 00:00,15583.77473
4724,Ramanathapuram,27,33,Tamil Nadu,08-01-2016 00:00,15803.75392
4725,Salem,8,33,Tamil Nadu,08-01-2016 00:00,15375.23342
4726,Ariyalur,17,33,Tamil Nadu,08-01-2016 00:00,15632.44115
4727,Coimbatore,12,33,Tamil Nadu,08-01-2016 00:00,15374.7945
4728,Cuddalore,18,33,Tamil Nadu,08-01-2016 00:00,15536.72116
4729,Dharmapuri,5,33,Tamil Nadu,08-01-2016 00:00,15318.09319
4730,Dindigul,13,33,Tamil Nadu,08-01-2016 00:00,15410.45827
4731,Erode,10,33,Tamil Nadu,08-01-2016 00:00,15429.26131
4732,Yanam,1,34,Puducherry,08-01-2016 00:00,15228.08328
4733,Karaikal,4,34,Puducherry,08-01-2016 00:00,15611.84122
4734,Mahe,3,34,Puducherry,08-01-2016 00:00,14997.22546
4735,Pondicherry,2,34,Puducherry,08-01-2016 00:00,15471.04777
4736,Nicobars,2,35,Andaman & Nicobar Island,08-01-2016 00:00,14982.36616
4737,Andamans,1,35,Andaman & Nicobar Island,08-01-2016 00:00,14944.39684
4738,Chandigarh,1,4,Chandigarh,09-01-2016 00:00,15258.50763
4739,Dadra & Nagar Haveli,1,26,Dadara & Nagar Havelli,09-01-2016 00:00,15042.24871
4740,Lakshadweep,1,31,Lakshadweep,09-01-2016 00:00,14975.839
4741,Data Not Available,99,99,Jammu and Kashmir,09-01-2016 00:00,14468.49723
4742,Anantnag,6,1,Jammu and Kashmir,09-01-2016 00:00,14657.93379
4743,Badgam,4,1,Jammu and Kashmir,09-01-2016 00:00,14824.16931
4744,Baramula,2,1,Jammu and Kashmir,09-01-2016 00:00,14755.80869
4745,Doda,9,1,Jammu and Kashmir,09-01-2016 00:00,14514.19131
4746,Srinagar,3,1,Jammu and Kashmir,09-01-2016 00:00,14662.70328
4747,Udhampur,10,1,Jammu and Kashmir,09-01-2016 00:00,14807.63063
4748,Jammu,13,1,Jammu and Kashmir,09-01-2016 00:00,15103.85362
4749,Kargil,8,1,Jammu and Kashmir,09-01-2016 00:00,14735.66826
4750,Kathua,14,1,Jammu and Kashmir,09-01-2016 00:00,14954.30995
4751,Leh (Ladakh),7,1,Jammu and Kashmir,09-01-2016 00:00,14732.82678
4752,Kupwara,1,1,Jammu and Kashmir,09-01-2016 00:00,14791.87188
4753,Punch,11,1,Jammu and Kashmir,09-01-2016 00:00,14808.71628
4754,Pulwama,5,1,Jammu and Kashmir,09-01-2016 00:00,14901.2769
4755,Rajauri,12,1,Jammu and Kashmir,09-01-2016 00:00,14924.96038
4756,Bilaspur,8,2,Himachal Pradesh,09-01-2016 00:00,14980.73337
4757,Chamba,1,2,Himachal Pradesh,09-01-2016 00:00,14609.3918
4758,Hamirpur,6,2,Himachal Pradesh,09-01-2016 00:00,14998.01779
4759,Shimla,11,2,Himachal Pradesh,09-01-2016 00:00,14679.86332
4760,Sirmaur,10,2,Himachal Pradesh,09-01-2016 00:00,14924.02155
4761,Solan,9,2,Himachal Pradesh,09-01-2016 00:00,14960.84113
4762,Una,7,2,Himachal Pradesh,09-01-2016 00:00,15066.65404
4763,Kangra,2,2,Himachal Pradesh,09-01-2016 00:00,14840.26154
4764,Kinnaur,12,2,Himachal Pradesh,09-01-2016 00:00,14602.10605
4765,Lahul & Spiti,3,2,Himachal Pradesh,09-01-2016 00:00,14602.44169
4766,Kullu,4,2,Himachal Pradesh,09-01-2016 00:00,14454.83784
4767,Mandi,5,2,Himachal Pradesh,09-01-2016 00:00,14820.64892
4768,Hoshiarpur,5,3,Punjab,09-01-2016 00:00,15128.97612
4769,Amritsar,2,3,Punjab,09-01-2016 00:00,15073.67205
4770,Firozpur,11,3,Punjab,09-01-2016 00:00,15133.06919
4771,Bathinda,14,3,Punjab,09-01-2016 00:00,15139.12045
4772,Gurdaspur,1,3,Punjab,09-01-2016 00:00,15064.61344
4773,Faridkot,13,3,Punjab,09-01-2016 00:00,15097.49171
4774,Fatehgarh Sahib,8,3,Punjab,09-01-2016 00:00,15097.88342
4775,Rupnagar,7,3,Punjab,09-01-2016 00:00,15130.35264
4776,Jalandhar,4,3,Punjab,09-01-2016 00:00,15103.68073
4777,Kapurthala,3,3,Punjab,09-01-2016 00:00,15069.95408
4778,Ludhiana,9,3,Punjab,09-01-2016 00:00,15109.62287
4779,Mansa,15,3,Punjab,09-01-2016 00:00,15131.44711
4780,Moga,10,3,Punjab,09-01-2016 00:00,15068.17077
4781,Muktsar,12,3,Punjab,09-01-2016 00:00,15132.6824
4782,Nawanshahr,6,3,Punjab,09-01-2016 00:00,15125.73609
4783,Patiala,17,3,Punjab,09-01-2016 00:00,15109.66406
4784,Sangrur,16,3,Punjab,09-01-2016 00:00,15078.87154
4785,Hardwar,13,5,Uttarakhand,09-01-2016 00:00,15110.70088
4786,Bageshwar,8,5,Uttarakhand,09-01-2016 00:00,14646.74751
4787,Almora,9,5,Uttarakhand,09-01-2016 00:00,14910.4297
4788,Chamoli,2,5,Uttarakhand,09-01-2016 00:00,14428.98814
4789,Champawat,10,5,Uttarakhand,09-01-2016 00:00,14904.52514
4790,Dehradun,5,5,Uttarakhand,09-01-2016 00:00,14948.12748
4791,Garhwal,6,5,Uttarakhand,09-01-2016 00:00,14890.41751
4792,Rudraprayag,3,5,Uttarakhand,09-01-2016 00:00,14548.80188
4793,Tehri Garhwal,4,5,Uttarakhand,09-01-2016 00:00,14743.15667
4794,Udham Singh Nagar,12,5,Uttarakhand,09-01-2016 00:00,15095.30314
4795,Uttarkashi,1,5,Uttarakhand,09-01-2016 00:00,14519.34821
4796,Nainital,11,5,Uttarakhand,09-01-2016 00:00,14947.53226
4797,Pithoragarh,7,5,Uttarakhand,09-01-2016 00:00,14547.18005
4798,Hisar,12,6,Haryana,09-01-2016 00:00,15305.70128
4799,Ambala,2,6,Haryana,09-01-2016 00:00,15118.56186
4800,Gurgaon,18,6,Haryana,09-01-2016 00:00,15351.73319
4801,Faridabad,19,6,Haryana,09-01-2016 00:00,15233.03568
4802,Fatehabad,10,6,Haryana,09-01-2016 00:00,15159.0974
4803,Rohtak,14,6,Haryana,09-01-2016 00:00,15222.74405
4804,Sirsa,11,6,Haryana,09-01-2016 00:00,15236.75706
4805,Sonipat,8,6,Haryana,09-01-2016 00:00,15178.66552
4806,Yamunanagar,3,6,Haryana,09-01-2016 00:00,15101.6359
4807,Jhajjar,15,6,Haryana,09-01-2016 00:00,15347.70358
4808,Mahendragarh,16,6,Haryana,09-01-2016 00:00,15449.90426
4809,Rewari,17,6,Haryana,09-01-2016 00:00,15457.50746
4810,Bhiwani,13,6,Haryana,09-01-2016 00:00,15419.32494
4811,Jind,9,6,Haryana,09-01-2016 00:00,15172.05778
4812,Kaithal,5,6,Haryana,09-01-2016 00:00,15089.17328
4813,Karnal,6,6,Haryana,09-01-2016 00:00,15085.37925
4814,Kurukshetra,4,6,Haryana,09-01-2016 00:00,15081.66952
4815,Panchkula,1,6,Haryana,09-01-2016 00:00,15087.81557
4816,Panipat,7,6,Haryana,09-01-2016 00:00,15129.44295
4817,Central,6,7,Delhi  & NCR,09-01-2016 00:00,15321.32391
4818,East,4,7,Delhi  & NCR,09-01-2016 00:00,15336.10038
4819,New Delhi,5,7,Delhi  & NCR,09-01-2016 00:00,15265.69673
4820,North,2,7,Delhi  & NCR,09-01-2016 00:00,15308.71907
4821,North East,3,7,Delhi  & NCR,09-01-2016 00:00,15327.96974
4822,North West,1,7,Delhi  & NCR,09-01-2016 00:00,15321.89151
4823,South,9,7,Delhi  & NCR,09-01-2016 00:00,15264.06613
4824,South West,8,7,Delhi  & NCR,09-01-2016 00:00,15361.63422
4825,West,7,7,Delhi  & NCR,09-01-2016 00:00,15375.63271
4826,Ajmer,21,8,Rajasthan,09-01-2016 00:00,15365.45631
4827,Banswara,28,8,Rajasthan,09-01-2016 00:00,15143.62414
4828,Barmer,17,8,Rajasthan,09-01-2016 00:00,15614.43638
4829,Bhilwara,24,8,Rajasthan,09-01-2016 00:00,15304.6145
4830,Bikaner,3,8,Rajasthan,09-01-2016 00:00,15783.11684
4831,Bharatpur,7,8,Rajasthan,09-01-2016 00:00,15419.84602
4832,Bundi,23,8,Rajasthan,09-01-2016 00:00,15285.70252
4833,Chittaurgarh,29,8,Rajasthan,09-01-2016 00:00,15249.67688
4834,Churu,4,8,Rajasthan,09-01-2016 00:00,15589.95392
4835,Dausa,11,8,Rajasthan,09-01-2016 00:00,15365.77052
4836,Dhaulpur,8,8,Rajasthan,09-01-2016 00:00,15374.80107
4837,Dungarpur,27,8,Rajasthan,09-01-2016 00:00,15210.77552
4838,Karauli,9,8,Rajasthan,09-01-2016 00:00,15358.58859
4839,Sirohi,19,8,Rajasthan,09-01-2016 00:00,15304.94164
4840,Tonk,22,8,Rajasthan,09-01-2016 00:00,15386.24371
4841,Sikar,13,8,Rajasthan,09-01-2016 00:00,15394.50105
4842,Alwar,6,8,Rajasthan,09-01-2016 00:00,15337.98227
4843,Udaipur,26,8,Rajasthan,09-01-2016 00:00,15178.40321
4844,Ganganagar,1,8,Rajasthan,09-01-2016 00:00,15509.49296
4845,Hanumangarh,2,8,Rajasthan,09-01-2016 00:00,15426.96285
4846,Baran,31,8,Rajasthan,09-01-2016 00:00,15297.55433
4847,Jaipur,12,8,Rajasthan,09-01-2016 00:00,15368.60517
4848,Jaisalmer,16,8,Rajasthan,09-01-2016 00:00,15934.33166
4849,Jalor,18,8,Rajasthan,09-01-2016 00:00,15450.93566
4850,Jhalawar,32,8,Rajasthan,09-01-2016 00:00,15291.2992
4851,Jhunjhunun,5,8,Rajasthan,09-01-2016 00:00,15433.19934
4852,Jodhpur,15,8,Rajasthan,09-01-2016 00:00,15621.29768
4853,Kota,30,8,Rajasthan,09-01-2016 00:00,15311.39598
4854,Nagaur,14,8,Rajasthan,09-01-2016 00:00,15471.57485
4855,Pali,20,8,Rajasthan,09-01-2016 00:00,15346.14397
4856,Rajsamand,25,8,Rajasthan,09-01-2016 00:00,15218.30399
4857,Sawai Madhopur,10,8,Rajasthan,09-01-2016 00:00,15359.24747
4858,Hathras,13,9,Uttar Pradesh,09-01-2016 00:00,15322.8966
4859,Auraiya,32,9,Uttar Pradesh,09-01-2016 00:00,15214.04871
4860,Azamgarh,61,9,Uttar Pradesh,09-01-2016 00:00,15203.49713
4861,Budaun,19,9,Uttar Pradesh,09-01-2016 00:00,15225.87831
4862,Agra,15,9,Uttar Pradesh,09-01-2016 00:00,15322.68905
4863,Aligarh,12,9,Uttar Pradesh,09-01-2016 00:00,15209.98248
4864,Allahabad,45,9,Uttar Pradesh,09-01-2016 00:00,15169.48727
4865,Ambedkar Nagar,48,9,Uttar Pradesh,09-01-2016 00:00,15173.81747
4866,Bareilly,20,9,Uttar Pradesh,09-01-2016 00:00,15132.52666
4867,Bijnor,3,9,Uttar Pradesh,09-01-2016 00:00,15116.36316
4868,Basti,55,9,Uttar Pradesh,09-01-2016 00:00,15109.81445
4869,Baghpat,8,9,Uttar Pradesh,09-01-2016 00:00,15174.9433
4870,Bahraich,50,9,Uttar Pradesh,09-01-2016 00:00,15077.47666
4871,Ballia,63,9,Uttar Pradesh,09-01-2016 00:00,15109.85305
4872,Balrampur,52,9,Uttar Pradesh,09-01-2016 00:00,15101.93373
4873,Banda,40,9,Uttar Pradesh,09-01-2016 00:00,15348.96333
4874,Barabanki,46,9,Uttar Pradesh,09-01-2016 00:00,15054.51956
4875,Chitrakoot,41,9,Uttar Pradesh,09-01-2016 00:00,15258.9411
4876,Chandauli,66,9,Uttar Pradesh,09-01-2016 00:00,15119.06111
4877,Deoria,60,9,Uttar Pradesh,09-01-2016 00:00,15093.07341
4878,Etah,17,9,Uttar Pradesh,09-01-2016 00:00,15243.93225
4879,Kanpur Dehat,33,9,Uttar Pradesh,09-01-2016 00:00,15239.66231
4880,Etawah,31,9,Uttar Pradesh,09-01-2016 00:00,15209.93418
4881,Faizabad,47,9,Uttar Pradesh,09-01-2016 00:00,15157.28546
4882,Ghazipur,65,9,Uttar Pradesh,09-01-2016 00:00,15115.00496
4883,Gonda,53,9,Uttar Pradesh,09-01-2016 00:00,15108.66505
4884,Gorakhpur,58,9,Uttar Pradesh,09-01-2016 00:00,15131.61323
4885,Farrukhabad,29,9,Uttar Pradesh,09-01-2016 00:00,15302.49991
4886,Fatehpur,42,9,Uttar Pradesh,09-01-2016 00:00,15200.92896
4887,Firozabad,16,9,Uttar Pradesh,09-01-2016 00:00,15279.11377
4888,Hamirpur,38,9,Uttar Pradesh,09-01-2016 00:00,15345.30613
4889,Hardoi,25,9,Uttar Pradesh,09-01-2016 00:00,15174.11373
4890,Shrawasti,51,9,Uttar Pradesh,09-01-2016 00:00,15075.94259
4891,Saharanpur,1,9,Uttar Pradesh,09-01-2016 00:00,15106.80833
4892,Sitapur,24,9,Uttar Pradesh,09-01-2016 00:00,15105.78303
4893,Sultanpur,49,9,Uttar Pradesh,09-01-2016 00:00,15143.37505
4894,Sonbhadra,70,9,Uttar Pradesh,09-01-2016 00:00,15090.90739
4895,Siddharthnagar,54,9,Uttar Pradesh,09-01-2016 00:00,15104.97594
4896,Unnao,26,9,Uttar Pradesh,09-01-2016 00:00,15160.49498
4897,Varanasi,67,9,Uttar Pradesh,09-01-2016 00:00,15075.47189
4898,Bulandshahr,11,9,Uttar Pradesh,09-01-2016 00:00,15182.97031
4899,Gautam Buddha Nagar,10,9,Uttar Pradesh,09-01-2016 00:00,15239.38355
4900,Ghaziabad,9,9,Uttar Pradesh,09-01-2016 00:00,15201.05799
4901,Jalaun,35,9,Uttar Pradesh,09-01-2016 00:00,15321.9364
4902,Jaunpur,64,9,Uttar Pradesh,09-01-2016 00:00,15162.89536
4903,Jhansi,36,9,Uttar Pradesh,09-01-2016 00:00,15298.21858
4904,Jyotiba Phule Nagar,6,9,Uttar Pradesh,09-01-2016 00:00,15163.60733
4905,Kannauj,30,9,Uttar Pradesh,09-01-2016 00:00,15308.71801
4906,Kanpur Nagar,34,9,Uttar Pradesh,09-01-2016 00:00,15264.00771
4907,Kaushambi,44,9,Uttar Pradesh,09-01-2016 00:00,15187.33243
4908,Kheri,23,9,Uttar Pradesh,09-01-2016 00:00,15100.52862
4909,Mirzapur,69,9,Uttar Pradesh,09-01-2016 00:00,15143.84803
4910,Moradabad,4,9,Uttar Pradesh,09-01-2016 00:00,15139.14464
4911,Muzaffarnagar,2,9,Uttar Pradesh,09-01-2016 00:00,15136.16613
4912,Rae Bareli,28,9,Uttar Pradesh,09-01-2016 00:00,15088.61595
4913,Kushinagar,59,9,Uttar Pradesh,09-01-2016 00:00,15067.948
4914,Lucknow,27,9,Uttar Pradesh,09-01-2016 00:00,15131.70807
4915,Lalitpur,37,9,Uttar Pradesh,09-01-2016 00:00,15276.46048
4916,Mahrajganj,57,9,Uttar Pradesh,09-01-2016 00:00,15056.78688
4917,Mahoba,39,9,Uttar Pradesh,09-01-2016 00:00,15248.31616
4918,Mainpuri,18,9,Uttar Pradesh,09-01-2016 00:00,15247.9748
4919,Mathura,14,9,Uttar Pradesh,09-01-2016 00:00,15256.4587
4920,Mau,62,9,Uttar Pradesh,09-01-2016 00:00,15122.75934
4921,Meerut,7,9,Uttar Pradesh,09-01-2016 00:00,15158.03513
4922,Pilibhit,21,9,Uttar Pradesh,09-01-2016 00:00,15084.28718
4923,Pratapgarh,43,9,Uttar Pradesh,09-01-2016 00:00,15153.99084
4924,Rampur,5,9,Uttar Pradesh,09-01-2016 00:00,15104.91714
4925,Sant Ravidas Nagar Bhadohi,68,9,Uttar Pradesh,09-01-2016 00:00,15138.10216
4926,Sant Kabir Nagar,56,9,Uttar Pradesh,09-01-2016 00:00,15108.58436
4927,Shahjahanpur,22,9,Uttar Pradesh,09-01-2016 00:00,15137.68508
4928,Araria,7,10,Bihar,09-01-2016 00:00,15058.54509
4929,Aurangabad,34,10,Bihar,09-01-2016 00:00,15145.84652
4930,Banka,23,10,Bihar,09-01-2016 00:00,15022.74003
4931,Bhagalpur,22,10,Bihar,09-01-2016 00:00,15012.49937
4932,Begusarai,20,10,Bihar,09-01-2016 00:00,15068.76687
4933,Saran,17,10,Bihar,09-01-2016 00:00,15106.57868
4934,Katihar,10,10,Bihar,09-01-2016 00:00,15060.06498
4935,Darbhanga,13,10,Bihar,09-01-2016 00:00,15109.02356
4936,Gopalganj,15,10,Bihar,09-01-2016 00:00,15039.4933
4937,Sheikhpura,26,10,Bihar,09-01-2016 00:00,15182.13861
4938,Sheohar,3,10,Bihar,09-01-2016 00:00,15105.58395
4939,Saharsa,12,10,Bihar,09-01-2016 00:00,15034.51196
4940,Sitamarhi,4,10,Bihar,09-01-2016 00:00,15102.8736
4941,Siwan,16,10,Bihar,09-01-2016 00:00,15086.87276
4942,Supaul,6,10,Bihar,09-01-2016 00:00,15050.57223
4943,Vaishali,18,10,Bihar,09-01-2016 00:00,15105.6936
4944,Kaimur (Bhabua),31,10,Bihar,09-01-2016 00:00,15145.0755
4945,Gaya,35,10,Bihar,09-01-2016 00:00,15173.53754
4946,Bhojpur,29,10,Bihar,09-01-2016 00:00,15062.16053
4947,Buxar,30,10,Bihar,09-01-2016 00:00,15108.80771
4948,Jehanabad,33,10,Bihar,09-01-2016 00:00,15148.82946
4949,Rohtas,32,10,Bihar,09-01-2016 00:00,15092.3541
4950,Jamui,37,10,Bihar,09-01-2016 00:00,15118.46652
4951,Kishanganj,8,10,Bihar,09-01-2016 00:00,15060.32671
4952,Muzaffarpur,14,10,Bihar,09-01-2016 00:00,15093.23758
4953,Purnia,9,10,Bihar,09-01-2016 00:00,15048.01615
4954,Khagaria,21,10,Bihar,09-01-2016 00:00,15029.57857
4955,Madhubani,5,10,Bihar,09-01-2016 00:00,15113.57723
4956,Lakhisarai,25,10,Bihar,09-01-2016 00:00,15114.23968
4957,Madhepura,11,10,Bihar,09-01-2016 00:00,15025.36074
4958,Purba Champaran,2,10,Bihar,09-01-2016 00:00,15076.15328
4959,Munger,24,10,Bihar,09-01-2016 00:00,15081.62404
4960,Nalanda,27,10,Bihar,09-01-2016 00:00,15155.46205
4961,Nawada,36,10,Bihar,09-01-2016 00:00,15153.74499
4962,Pashchim Champaran,1,10,Bihar,09-01-2016 00:00,15054.84644
4963,Patna,28,10,Bihar,09-01-2016 00:00,15098.69864
4964,Samastipur,19,10,Bihar,09-01-2016 00:00,14906.58362
4965,East,4,11,Sikkim,09-01-2016 00:00,14474.49735
4966,South,3,11,Sikkim,09-01-2016 00:00,14574.50269
4967,West,2,11,Sikkim,09-01-2016 00:00,14264.06638
4968,North,1,11,Sikkim,09-01-2016 00:00,13956.3734
4969,Changlang,12,12,Arunanchal Pradesh,09-01-2016 00:00,14809.86645
4970,Dibang Valley,10,12,Arunanchal Pradesh,09-01-2016 00:00,14355.39297
4971,East Kameng,3,12,Arunanchal Pradesh,09-01-2016 00:00,14577.13633
4972,East Siang,8,12,Arunanchal Pradesh,09-01-2016 00:00,14820.07815
4973,Tawang,1,12,Arunanchal Pradesh,09-01-2016 00:00,14128.19625
4974,Tirap,13,12,Arunanchal Pradesh,09-01-2016 00:00,14936.22949
4975,West Kameng,2,12,Arunanchal Pradesh,09-01-2016 00:00,14456.19433
4976,West Siang,7,12,Arunanchal Pradesh,09-01-2016 00:00,14498.65357
4977,Upper Siang,9,12,Arunanchal Pradesh,09-01-2016 00:00,14418.02421
4978,Upper Subansiri,6,12,Arunanchal Pradesh,09-01-2016 00:00,14344.21475
4979,Lohit,11,12,Arunanchal Pradesh,09-01-2016 00:00,14350.46565
4980,Lower Subansiri,5,12,Arunanchal Pradesh,09-01-2016 00:00,14443.40422
4981,Papum Pare,4,12,Arunanchal Pradesh,09-01-2016 00:00,14754.79998
4982,Tuensang,2,13,Nagaland,09-01-2016 00:00,14832.71781
4983,Wokha,5,13,Nagaland,09-01-2016 00:00,15017.95836
4984,Zunheboto,4,13,Nagaland,09-01-2016 00:00,14823.26426
4985,Dimapur,6,13,Nagaland,09-01-2016 00:00,15071.77896
4986,Kohima,7,13,Nagaland,09-01-2016 00:00,14900.70913
4987,Mokokchung,3,13,Nagaland,09-01-2016 00:00,15001.02297
4988,Mon,1,13,Nagaland,09-01-2016 00:00,15033.47495
4989,Phek,8,13,Nagaland,09-01-2016 00:00,14799.08053
4990,Bishnupur,4,14,Manipur,09-01-2016 00:00,14973.49326
4991,Chandel,9,14,Manipur,09-01-2016 00:00,14887.89136
4992,Churachandpur,3,14,Manipur,09-01-2016 00:00,14904.35335
4993,Tamenglong,2,14,Manipur,09-01-2016 00:00,14908.16784
4994,Thoubal,5,14,Manipur,09-01-2016 00:00,14996.31281
4995,Ukhrul,8,14,Manipur,09-01-2016 00:00,14854.5466
4996,Imphal East,7,14,Manipur,09-01-2016 00:00,15006.23165
4997,Imphal West,6,14,Manipur,09-01-2016 00:00,15036.09491
4998,Senapati (Excl. 3 sub-divisions),1,14,Manipur,09-01-2016 00:00,14824.38683
4999,Aizawl,3,15,Mizoram,09-01-2016 00:00,14919.47313
5000,Champhai,4,15,Mizoram,09-01-2016 00:00,14889.07859
5001,Kolasib,2,15,Mizoram,09-01-2016 00:00,14990.6773
5002,Mamit,1,15,Mizoram,09-01-2016 00:00,14992.71501
5003,Lunglei,6,15,Mizoram,09-01-2016 00:00,14981.72416
5004,Lawngtlai,7,15,Mizoram,09-01-2016 00:00,15010.03046
5005,Saiha,8,15,Mizoram,09-01-2016 00:00,14904.46587
5006,Serchhip,5,15,Mizoram,09-01-2016 00:00,14900.21139
5007,Dhalai,3,16,Tripura,09-01-2016 00:00,15015.45169
5008,South Tripura,2,16,Tripura,09-01-2016 00:00,15055.7566
5009,West Tripura,1,16,Tripura,09-01-2016 00:00,15070.18841
5010,North Tripura,4,16,Tripura,09-01-2016 00:00,15024.12587
5011,East Garo Hills,2,17,Meghalaya,09-01-2016 00:00,15022.15757
5012,East Khasi Hills,6,17,Meghalaya,09-01-2016 00:00,14870.12751
5013,Ri Bhoi,5,17,Meghalaya,09-01-2016 00:00,14987.43097
5014,South Garo Hills,3,17,Meghalaya,09-01-2016 00:00,15014.13124
5015,West Garo Hills,1,17,Meghalaya,09-01-2016 00:00,15028.79025
5016,West Khasi Hills,4,17,Meghalaya,09-01-2016 00:00,14906.73305
5017,Jaintia Hills,7,17,Meghalaya,09-01-2016 00:00,14957.64339
5018,Barpeta,5,18,Assam,09-01-2016 00:00,15049.23684
5019,Bongaigaon,4,18,Assam,09-01-2016 00:00,15048.43248
5020,Cachar,21,18,Assam,09-01-2016 00:00,15066.75029
5021,Darrang,8,18,Assam,09-01-2016 00:00,15043.79326
5022,Dhemaji,13,18,Assam,09-01-2016 00:00,15071.09627
5023,Dhubri,2,18,Assam,09-01-2016 00:00,15058.67488
5024,Dibrugarh,15,18,Assam,09-01-2016 00:00,15035.644
5025,Kamrup,6,18,Assam,09-01-2016 00:00,15057.96688
5026,Karbi Anglong,19,18,Assam,09-01-2016 00:00,15016.5602
5027,Goalpara,3,18,Assam,09-01-2016 00:00,15079.39927
5028,Golaghat,18,18,Assam,09-01-2016 00:00,15086.25362
5029,Hailakandi,23,18,Assam,09-01-2016 00:00,15036.83896
5030,Sonitpur,11,18,Assam,09-01-2016 00:00,15054.24197
5031,Sibsagar,16,18,Assam,09-01-2016 00:00,15094.2628
5032,Tinsukia,14,18,Assam,09-01-2016 00:00,15021.08472
5033,Jorhat,17,18,Assam,09-01-2016 00:00,15053.76548
5034,Karimganj,22,18,Assam,09-01-2016 00:00,15055.91745
5035,Kokrajhar,1,18,Assam,09-01-2016 00:00,15066.25712
5036,Lakhimpur,12,18,Assam,09-01-2016 00:00,14981.79781
5037,Nagaon,10,18,Assam,09-01-2016 00:00,15107.11275
5038,Marigaon,9,18,Assam,09-01-2016 00:00,15106.70839
5039,Nalbari,7,18,Assam,09-01-2016 00:00,15051.46357
5040,North Cachar Hills,20,18,Assam,09-01-2016 00:00,15015.67784
5041,Hugli,12,19,West Bengal,09-01-2016 00:00,15097.03346
5042,Barddhaman,9,19,West Bengal,09-01-2016 00:00,15091.40083
5043,Birbhum,8,19,West Bengal,09-01-2016 00:00,15097.49506
5044,Bankura,13,19,West Bengal,09-01-2016 00:00,15141.7607
5045,Dakshin Dinajpur,5,19,West Bengal,09-01-2016 00:00,15083.77733
5046,Darjiling,1,19,West Bengal,09-01-2016 00:00,14871.21814
5047,Haora,16,19,West Bengal,09-01-2016 00:00,15110.24639
5048,South  Twenty Four Parganas,18,19,West Bengal,09-01-2016 00:00,15061.7647
5049,Uttar Dinajpur,4,19,West Bengal,09-01-2016 00:00,15038.94915
5050,Jalpaiguri,2,19,West Bengal,09-01-2016 00:00,15054.03018
5051,Koch Bihar,3,19,West Bengal,09-01-2016 00:00,15073.31078
5052,Murshidabad,7,19,West Bengal,09-01-2016 00:00,15100.75473
5053,Puruliya,14,19,West Bengal,09-01-2016 00:00,15129.31903
5054,Kolkata,17,19,West Bengal,09-01-2016 00:00,15248.18951
5055,Maldah,6,19,West Bengal,09-01-2016 00:00,15055.51512
5056,Nadia,10,19,West Bengal,09-01-2016 00:00,15141.59201
5057,North Twenty Four Parganas,11,19,West Bengal,09-01-2016 00:00,15060.93075
5058,Medinipur,15,19,West Bengal,09-01-2016 00:00,15099.12665
5059,Bokaro,13,20,Jharkhand,09-01-2016 00:00,15122.82955
5060,Deoghar,7,20,Jharkhand,09-01-2016 00:00,15126.22562
5061,Dhanbad,12,20,Jharkhand,09-01-2016 00:00,15033.98836
5062,Dumka,11,20,Jharkhand,09-01-2016 00:00,15081.12936
5063,Giridih,6,20,Jharkhand,09-01-2016 00:00,15106.85091
5064,Godda,8,20,Jharkhand,09-01-2016 00:00,15070.80618
5065,Gumla,16,20,Jharkhand,09-01-2016 00:00,15035.2809
5066,Ranchi,14,20,Jharkhand,09-01-2016 00:00,15078.51198
5067,Sahibganj,9,20,Jharkhand,09-01-2016 00:00,15050.65421
5068,Garhwa,1,20,Jharkhand,09-01-2016 00:00,15115.97741
5069,Palamu,2,20,Jharkhand,09-01-2016 00:00,15106.00832
5070,Chatra,3,20,Jharkhand,09-01-2016 00:00,15106.60691
5071,Hazaribagh,4,20,Jharkhand,09-01-2016 00:00,15058.72291
5072,Kodarma,5,20,Jharkhand,09-01-2016 00:00,15122.40537
5073,Purbi Singhbhum,18,20,Jharkhand,09-01-2016 00:00,15144.26711
5074,Lohardaga,15,20,Jharkhand,09-01-2016 00:00,14965.6619
5075,Pakaur,10,20,Jharkhand,09-01-2016 00:00,15115.93412
5076,Pashchimi Singhbhum,17,20,Jharkhand,09-01-2016 00:00,15102.03004
5077,Anugul,15,21,Orissa,09-01-2016 00:00,15127.41433
5078,Bhadrak,9,21,Orissa,09-01-2016 00:00,15061.60029
5079,Baudh,22,21,Orissa,09-01-2016 00:00,15084.46176
5080,Balangir,24,21,Orissa,09-01-2016 00:00,15097.64318
5081,Baleshwar,8,21,Orissa,09-01-2016 00:00,15046.23739
5082,Bargarh,1,21,Orissa,09-01-2016 00:00,15061.96812
5083,Kendrapara,10,21,Orissa,09-01-2016 00:00,14981.30383
5084,Kendujhar,6,21,Orissa,09-01-2016 00:00,15117.04999
5085,Debagarh,4,21,Orissa,09-01-2016 00:00,15086.30085
5086,Cuttack,12,21,Orissa,09-01-2016 00:00,15071.54633
5087,Dhenkanal,14,21,Orissa,09-01-2016 00:00,15133.66292
5088,Kalahandi,26,21,Orissa,09-01-2016 00:00,15050.49056
5089,Ganjam,19,21,Orissa,09-01-2016 00:00,15057.61629
5090,Gajapati,20,21,Orissa,09-01-2016 00:00,15016.55128
5091,Rayagada,27,21,Orissa,09-01-2016 00:00,15032.63329
5092,Sundargarh,5,21,Orissa,09-01-2016 00:00,15095.67469
5093,Sonapur,23,21,Orissa,09-01-2016 00:00,15098.90843
5094,Jajapur,13,21,Orissa,09-01-2016 00:00,15080.29134
5095,Jagatsinghapur,11,21,Orissa,09-01-2016 00:00,15030.8732
5096,Jharsuguda,2,21,Orissa,09-01-2016 00:00,15068.15178
5097,Khordha,17,21,Orissa,09-01-2016 00:00,15068.86962
5098,Mayurbhanj,7,21,Orissa,09-01-2016 00:00,15095.62678
5099,Puri,18,21,Orissa,09-01-2016 00:00,15054.72532
5100,Koraput,29,21,Orissa,09-01-2016 00:00,14975.05116
5101,Malkangiri,30,21,Orissa,09-01-2016 00:00,15078.36065
5102,Nabarangapur,28,21,Orissa,09-01-2016 00:00,14989.81567
5103,Nayagarh,16,21,Orissa,09-01-2016 00:00,15058.09481
5104,Nuapada,25,21,Orissa,09-01-2016 00:00,15065.0881
5105,Kandhamal,21,21,Orissa,09-01-2016 00:00,14966.37837
5106,Sambalpur,3,21,Orissa,09-01-2016 00:00,15082.1845
5107,Bastar,15,22,Chhattisgarh,09-01-2016 00:00,15000.40711
5108,Dantewada,16,22,Chhattisgarh,09-01-2016 00:00,15075.56973
5109,Dhamtari,13,22,Chhattisgarh,09-01-2016 00:00,14963.90449
5110,Durg,10,22,Chhattisgarh,09-01-2016 00:00,15049.10754
5111,Kanker,14,22,Chhattisgarh,09-01-2016 00:00,15033.50164
5112,Surguja,2,22,Chhattisgarh,09-01-2016 00:00,15053.50613
5113,Bilaspur,7,22,Chhattisgarh,09-01-2016 00:00,15060.64008
5114,Janjgir - Champa,6,22,Chhattisgarh,09-01-2016 00:00,15024.45734
5115,Korba,5,22,Chhattisgarh,09-01-2016 00:00,15075.39296
5116,Kawardha,8,22,Chhattisgarh,09-01-2016 00:00,15045.27118
5117,Jashpur,3,22,Chhattisgarh,09-01-2016 00:00,15027.36109
5118,Koriya,1,22,Chhattisgarh,09-01-2016 00:00,15046.83878
5119,Mahasamund,12,22,Chhattisgarh,09-01-2016 00:00,15029.19474
5120,Raigarh,4,22,Chhattisgarh,09-01-2016 00:00,15056.96571
5121,Raipur,11,22,Chhattisgarh,09-01-2016 00:00,15038.09751
5122,Rajnandgaon,9,22,Chhattisgarh,09-01-2016 00:00,15029.11232
5123,Hoshangabad,37,23,Madhya Pradesh,09-01-2016 00:00,15131.81532
5124,Indore,26,23,Madhya Pradesh,09-01-2016 00:00,15226.90019
5125,Bhind,3,23,Madhya Pradesh,09-01-2016 00:00,15362.30594
5126,Bhopal,32,23,Madhya Pradesh,09-01-2016 00:00,15256.42963
5127,Barwani,28,23,Madhya Pradesh,09-01-2016 00:00,15139.45495
5128,Betul,35,23,Madhya Pradesh,09-01-2016 00:00,15041.39027
5129,Balaghat,45,23,Madhya Pradesh,09-01-2016 00:00,15046.05359
5130,Chhatarpur,9,23,Madhya Pradesh,09-01-2016 00:00,15253.95865
5131,Chhindwara,43,23,Madhya Pradesh,09-01-2016 00:00,15093.46265
5132,Dewas,23,23,Madhya Pradesh,09-01-2016 00:00,15241.90082
5133,Katni,38,23,Madhya Pradesh,09-01-2016 00:00,15148.29529
5134,Datia,5,23,Madhya Pradesh,09-01-2016 00:00,15324.20996
5135,Damoh,12,23,Madhya Pradesh,09-01-2016 00:00,15233.56099
5136,Dhar,25,23,Madhya Pradesh,09-01-2016 00:00,15143.04392
5137,East Nimar,29,23,Madhya Pradesh,09-01-2016 00:00,15131.73708
5138,Guna,7,23,Madhya Pradesh,09-01-2016 00:00,15259.10888
5139,Gwalior,4,23,Madhya Pradesh,09-01-2016 00:00,15304.60571
5140,Harda,36,23,Madhya Pradesh,09-01-2016 00:00,15170.6123
5141,Shajapur,22,23,Madhya Pradesh,09-01-2016 00:00,15328.62161
5142,Shivpuri,6,23,Madhya Pradesh,09-01-2016 00:00,15272.86553
5143,Ratlam,20,23,Madhya Pradesh,09-01-2016 00:00,15270.09209
5144,Rewa,14,23,Madhya Pradesh,09-01-2016 00:00,15229.20183
5145,Sagar,11,23,Madhya Pradesh,09-01-2016 00:00,15253.40992
5146,Sidhi,17,23,Madhya Pradesh,09-01-2016 00:00,15120.23739
5147,Ujjain,21,23,Madhya Pradesh,09-01-2016 00:00,15293.60793
5148,Vidisha,31,23,Madhya Pradesh,09-01-2016 00:00,15275.26973
5149,West Nimar,27,23,Madhya Pradesh,09-01-2016 00:00,15162.68105
5150,Morena,2,23,Madhya Pradesh,09-01-2016 00:00,15342.01281
5151,Sheopur,1,23,Madhya Pradesh,09-01-2016 00:00,15262.41988
5152,Dindori,41,23,Madhya Pradesh,09-01-2016 00:00,15064.94086
5153,Mandla,42,23,Madhya Pradesh,09-01-2016 00:00,15088.60535
5154,Shahdol,16,23,Madhya Pradesh,09-01-2016 00:00,15107.08702
5155,Umaria,15,23,Madhya Pradesh,09-01-2016 00:00,15114.74733
5156,Jabalpur,39,23,Madhya Pradesh,09-01-2016 00:00,15152.59007
5157,Jhabua,24,23,Madhya Pradesh,09-01-2016 00:00,15090.60523
5158,Mandsaur,19,23,Madhya Pradesh,09-01-2016 00:00,15321.13298
5159,Tikamgarh,8,23,Madhya Pradesh,09-01-2016 00:00,15300.49413
5160,Narsimhapur,40,23,Madhya Pradesh,09-01-2016 00:00,15175.78892
5161,Neemuch,18,23,Madhya Pradesh,09-01-2016 00:00,15302.50465
5162,Panna,10,23,Madhya Pradesh,09-01-2016 00:00,15212.43951
5163,Raisen,34,23,Madhya Pradesh,09-01-2016 00:00,15187.2988
5164,Rajgarh,30,23,Madhya Pradesh,09-01-2016 00:00,15308.81507
5165,Satna,13,23,Madhya Pradesh,09-01-2016 00:00,15211.99217
5166,Sehore,33,23,Madhya Pradesh,09-01-2016 00:00,15241.41041
5167,Seoni,44,23,Madhya Pradesh,09-01-2016 00:00,15064.82865
5168,Anand,15,24,Gujarat,09-01-2016 00:00,15166.57983
5169,Ahmadabad,7,24,Gujarat,09-01-2016 00:00,15360.4356
5170,Amreli,13,24,Gujarat,09-01-2016 00:00,15232.20299
5171,Bhavnagar,14,24,Gujarat,09-01-2016 00:00,15281.30546
5172,Banas Kantha,2,24,Gujarat,09-01-2016 00:00,15370.55468
5173,Dohad,18,24,Gujarat,09-01-2016 00:00,15096.43363
5174,Junagadh,12,24,Gujarat,09-01-2016 00:00,15158.89448
5175,Kachchh,1,24,Gujarat,09-01-2016 00:00,15433.05531
5176,Gandhinagar,6,24,Gujarat,09-01-2016 00:00,15242.48457
5177,Sabar Kantha,5,24,Gujarat,09-01-2016 00:00,15218.53387
5178,Surendranagar,8,24,Gujarat,09-01-2016 00:00,15421.29295
5179,The Dangs,23,24,Gujarat,09-01-2016 00:00,14928.70656
5180,Vadodara,19,24,Gujarat,09-01-2016 00:00,15161.33994
5181,Valsad,25,24,Gujarat,09-01-2016 00:00,15009.11937
5182,Bharuch,21,24,Gujarat,09-01-2016 00:00,15228.1306
5183,Surat,22,24,Gujarat,09-01-2016 00:00,15043.27076
5184,Jamnagar,10,24,Gujarat,09-01-2016 00:00,15307.43788
5185,Kheda,16,24,Gujarat,09-01-2016 00:00,15216.01609
5186,Mahesana,4,24,Gujarat,09-01-2016 00:00,15318.18806
5187,Narmada,20,24,Gujarat,09-01-2016 00:00,15056.59811
5188,Navsari,24,24,Gujarat,09-01-2016 00:00,15037.5983
5189,Panch Mahals,17,24,Gujarat,09-01-2016 00:00,15144.99277
5190,Patan,3,24,Gujarat,09-01-2016 00:00,15447.61519
5191,Porbandar,11,24,Gujarat,09-01-2016 00:00,15230.73727
5192,Rajkot,9,24,Gujarat,09-01-2016 00:00,15324.31969
5193,Daman,2,25,Daman & Diu,09-01-2016 00:00,15057.514
5194,Diu,1,25,Daman & Diu,09-01-2016 00:00,15079.73095
5195,Hingoli,16,27,Maharashtra,09-01-2016 00:00,15135.78222
5196,Aurangabad,19,27,Maharashtra,09-01-2016 00:00,15102.70294
5197,Ahmadnagar,26,27,Maharashtra,09-01-2016 00:00,15231.39795
5198,Akola,5,27,Maharashtra,09-01-2016 00:00,15069.99267
5199,Amravati,7,27,Maharashtra,09-01-2016 00:00,15118.30952
5200,Bid,27,27,Maharashtra,09-01-2016 00:00,15108.21303
5201,Bhandara,10,27,Maharashtra,09-01-2016 00:00,15065.22782
5202,Buldana,4,27,Maharashtra,09-01-2016 00:00,15072.68174
5203,Chandrapur,13,27,Maharashtra,09-01-2016 00:00,15117.38517
5204,Dhule,2,27,Maharashtra,09-01-2016 00:00,15250.54349
5205,Gadchiroli,12,27,Maharashtra,09-01-2016 00:00,15057.67787
5206,Gondiya,11,27,Maharashtra,09-01-2016 00:00,15031.93521
5207,Ratnagiri,32,27,Maharashtra,09-01-2016 00:00,15008.86581
5208,Raigarh,24,27,Maharashtra,09-01-2016 00:00,15024.93446
5209,Thane,21,27,Maharashtra,09-01-2016 00:00,15018.68554
5210,Solapur,30,27,Maharashtra,09-01-2016 00:00,15333.52915
5211,Sindhudurg,33,27,Maharashtra,09-01-2016 00:00,15025.65219
5212,Wardha,8,27,Maharashtra,09-01-2016 00:00,15171.88038
5213,Washim,6,27,Maharashtra,09-01-2016 00:00,15063.53225
5214,Yavatmal,14,27,Maharashtra,09-01-2016 00:00,15157.85668
5215,Jalgaon,3,27,Maharashtra,09-01-2016 00:00,15109.18937
5216,Jalna,18,27,Maharashtra,09-01-2016 00:00,15083.27663
5217,Kolhapur,34,27,Maharashtra,09-01-2016 00:00,15037.3324
5218,Latur,28,27,Maharashtra,09-01-2016 00:00,15112.86246
5219,Pune,25,27,Maharashtra,09-01-2016 00:00,15193.70296
5220,Nagpur,9,27,Maharashtra,09-01-2016 00:00,15188.75733
5221,Mumbai,23,27,Maharashtra,09-01-2016 00:00,15151.75162
5222,Mumbai (Suburban),22,27,Maharashtra,09-01-2016 00:00,15102.09267
5223,Nanded,15,27,Maharashtra,09-01-2016 00:00,15141.0081
5224,Nandurbar,1,27,Maharashtra,09-01-2016 00:00,15084.03912
5225,Nashik,20,27,Maharashtra,09-01-2016 00:00,15141.97452
5226,Osmanabad,29,27,Maharashtra,09-01-2016 00:00,15175.66475
5227,Parbhani,17,27,Maharashtra,09-01-2016 00:00,15098.22837
5228,Sangli,35,27,Maharashtra,09-01-2016 00:00,15239.27477
5229,Satara,31,27,Maharashtra,09-01-2016 00:00,15168.18946
5230,Hyderabad,5,28,Andhra Pradesh,09-01-2016 00:00,15299.92838
5231,Anantapur,22,28,Andhra Pradesh,09-01-2016 00:00,15425.84835
5232,Adilabad,1,28,Andhra Pradesh,09-01-2016 00:00,15142.1968
5233,Chittoor,23,28,Andhra Pradesh,09-01-2016 00:00,15373.67742
5234,Cuddapah,20,28,Andhra Pradesh,09-01-2016 00:00,15380.47689
5235,East Godavari,14,28,Andhra Pradesh,09-01-2016 00:00,15183.14404
5236,Karimnagar,3,28,Andhra Pradesh,09-01-2016 00:00,15167.72955
5237,Guntur,17,28,Andhra Pradesh,09-01-2016 00:00,15427.05134
5238,Rangareddi,6,28,Andhra Pradesh,09-01-2016 00:00,15155.33428
5239,Srikakulam,11,28,Andhra Pradesh,09-01-2016 00:00,15177.99342
5240,West Godavari,15,28,Andhra Pradesh,09-01-2016 00:00,15134.32602
5241,Visakhapatnam,13,28,Andhra Pradesh,09-01-2016 00:00,15215.47201
5242,Vizianagaram,12,28,Andhra Pradesh,09-01-2016 00:00,15206.75408
5243,Warangal,9,28,Andhra Pradesh,09-01-2016 00:00,15168.26547
5244,Khammam,10,28,Andhra Pradesh,09-01-2016 00:00,15148.77076
5245,Medak,4,28,Andhra Pradesh,09-01-2016 00:00,15121.85362
5246,Krishna,16,28,Andhra Pradesh,09-01-2016 00:00,15197.26996
5247,Kurnool,21,28,Andhra Pradesh,09-01-2016 00:00,15361.5737
5248,Mahbubnagar,7,28,Andhra Pradesh,09-01-2016 00:00,15281.59985
5249,Nalgonda,8,28,Andhra Pradesh,09-01-2016 00:00,15295.5448
5250,Nellore,19,28,Andhra Pradesh,09-01-2016 00:00,15549.32451
5251,Nizamabad,2,28,Andhra Pradesh,09-01-2016 00:00,15035.94785
5252,Prakasam,18,28,Andhra Pradesh,09-01-2016 00:00,15556.80487
5253,Hassan,23,29,Karnataka,09-01-2016 00:00,15086.56907
5254,Haveri,11,29,Karnataka,09-01-2016 00:00,15103.42687
5255,Bagalkot,2,29,Karnataka,09-01-2016 00:00,15356.52152
5256,Bangalore,20,29,Karnataka,09-01-2016 00:00,15099.13867
5257,Bidar,5,29,Karnataka,09-01-2016 00:00,15151.66632
5258,Bijapur,3,29,Karnataka,09-01-2016 00:00,15328.66984
5259,Belgaum,1,29,Karnataka,09-01-2016 00:00,15216.31227
5260,Bellary,12,29,Karnataka,09-01-2016 00:00,15307.84443
5261,Bangalore Rural,21,29,Karnataka,09-01-2016 00:00,15138.53229
5262,Chamarajanagar,27,29,Karnataka,09-01-2016 00:00,15263.7283
5263,Chikmagalur,17,29,Karnataka,09-01-2016 00:00,15047.02282
5264,Chitradurga,13,29,Karnataka,09-01-2016 00:00,15308.78449
5265,Dakshina Kannada,24,29,Karnataka,09-01-2016 00:00,15038.35442
5266,Davanagere,14,29,Karnataka,09-01-2016 00:00,15087.35993
5267,Dharwad,9,29,Karnataka,09-01-2016 00:00,15232.97539
5268,Gulbarga,4,29,Karnataka,09-01-2016 00:00,15320.80892
5269,Gadag,8,29,Karnataka,09-01-2016 00:00,15455.94311
5270,Shimoga,15,29,Karnataka,09-01-2016 00:00,14937.91673
5271,Tumkur,18,29,Karnataka,09-01-2016 00:00,15213.00253
5272,Udupi,16,29,Karnataka,09-01-2016 00:00,15033.80502
5273,Uttara Kannada,10,29,Karnataka,09-01-2016 00:00,14933.76336
5274,Kodagu,25,29,Karnataka,09-01-2016 00:00,14873.42402
5275,Kolar,19,29,Karnataka,09-01-2016 00:00,15221.46148
5276,Mandya,22,29,Karnataka,09-01-2016 00:00,15176.52538
5277,Koppal,7,29,Karnataka,09-01-2016 00:00,15338.54129
5278,Mysore,26,29,Karnataka,09-01-2016 00:00,15178.7274
5279,Raichur,6,29,Karnataka,09-01-2016 00:00,15318.63601
5280,South Goa,2,30,Goa,09-01-2016 00:00,14983.20743
5281,North Goa,1,30,Goa,09-01-2016 00:00,15001.17752
5282,Idukki,9,32,Kerala,09-01-2016 00:00,14841.79374
5283,Alappuzha,11,32,Kerala,09-01-2016 00:00,15047.63495
5284,Kasaragod,1,32,Kerala,09-01-2016 00:00,15009.23954
5285,Kannur,2,32,Kerala,09-01-2016 00:00,15016.42797
5286,Ernakulam,8,32,Kerala,09-01-2016 00:00,15015.79866
5287,Thrissur,7,32,Kerala,09-01-2016 00:00,14990.26271
5288,Thiruvananthapuram,14,32,Kerala,09-01-2016 00:00,15017.5492
5289,Wayanad,3,32,Kerala,09-01-2016 00:00,14864.5451
5290,Kollam,13,32,Kerala,09-01-2016 00:00,14997.83247
5291,Kottayam,10,32,Kerala,09-01-2016 00:00,15037.0957
5292,Kozhikode,4,32,Kerala,09-01-2016 00:00,15031.81436
5293,Malappuram,5,32,Kerala,09-01-2016 00:00,15041.93087
5294,Palakkad,6,32,Kerala,09-01-2016 00:00,15009.34512
5295,Pathanamthitta,12,32,Kerala,09-01-2016 00:00,14919.03673
5296,Ariyalur,17,33,Tamil Nadu,09-01-2016 00:00,15609.40603
5297,Coimbatore,12,33,Tamil Nadu,09-01-2016 00:00,15422.43749
5298,Cuddalore,18,33,Tamil Nadu,09-01-2016 00:00,15530.91528
5299,Dharmapuri,5,33,Tamil Nadu,09-01-2016 00:00,15329.56813
5300,Dindigul,13,33,Tamil Nadu,09-01-2016 00:00,15524.31586
5301,Erode,10,33,Tamil Nadu,09-01-2016 00:00,15487.20235
5302,Sivaganga,23,33,Tamil Nadu,09-01-2016 00:00,15654.0273
5303,Tiruchirappalli,15,33,Tamil Nadu,09-01-2016 00:00,15659.24839
5304,Tirunelveli,29,33,Tamil Nadu,09-01-2016 00:00,15692.45632
5305,Tiruvannamalai,6,33,Tamil Nadu,09-01-2016 00:00,15415.8496
5306,Thoothukkudi,28,33,Tamil Nadu,09-01-2016 00:00,15952.78169
5307,Theni,25,33,Tamil Nadu,09-01-2016 00:00,15453.92003
5308,Vellore,4,33,Tamil Nadu,09-01-2016 00:00,15308.3819
5309,Viluppuram,7,33,Tamil Nadu,09-01-2016 00:00,15560.14149
5310,Virudhunagar,26,33,Tamil Nadu,09-01-2016 00:00,15898.27968
5311,Chennai,2,33,Tamil Nadu,09-01-2016 00:00,15445.3314
5312,Kancheepuram,3,33,Tamil Nadu,09-01-2016 00:00,15356.41458
5313,Thiruvallur,1,33,Tamil Nadu,09-01-2016 00:00,15438.99805
5314,Thanjavur,21,33,Tamil Nadu,09-01-2016 00:00,15504.42372
5315,Thiruvarur,20,33,Tamil Nadu,09-01-2016 00:00,15640.15702
5316,Nagapattinam,19,33,Tamil Nadu,09-01-2016 00:00,15557.07735
5317,Kanniyakumari,30,33,Tamil Nadu,09-01-2016 00:00,15138.03933
5318,Karur,14,33,Tamil Nadu,09-01-2016 00:00,15709.70544
5319,Madurai,24,33,Tamil Nadu,09-01-2016 00:00,15692.55583
5320,Namakkal,9,33,Tamil Nadu,09-01-2016 00:00,15528.64336
5321,The Nilgiris,11,33,Tamil Nadu,09-01-2016 00:00,14902.03816
5322,Perambalur,16,33,Tamil Nadu,09-01-2016 00:00,15754.18419
5323,Pudukkottai,22,33,Tamil Nadu,09-01-2016 00:00,15581.82396
5324,Ramanathapuram,27,33,Tamil Nadu,09-01-2016 00:00,15836.99021
5325,Salem,8,33,Tamil Nadu,09-01-2016 00:00,15407.41694
5326,Yanam,1,34,Puducherry,09-01-2016 00:00,15248.10513
5327,Karaikal,4,34,Puducherry,09-01-2016 00:00,15544.77848
5328,Mahe,3,34,Puducherry,09-01-2016 00:00,15077.91736
5329,Pondicherry,2,34,Puducherry,09-01-2016 00:00,15359.11504
5330,Nicobars,2,35,Andaman & Nicobar Island,09-01-2016 00:00,14906.14504
5331,Andamans,1,35,Andaman & Nicobar Island,09-01-2016 00:00,14960.15089
5332,Chandigarh,1,4,Chandigarh,10-01-2016 00:00,15221.85919
5333,Dadra & Nagar Haveli,1,26,Dadara & Nagar Havelli,10-01-2016 00:00,15195.55731
5334,Lakshadweep,1,31,Lakshadweep,10-01-2016 00:00,15051.60259
5335,Data Not Available,99,99,Jammu and Kashmir,10-01-2016 00:00,14195.81019
5336,Anantnag,6,1,Jammu and Kashmir,10-01-2016 00:00,14586.73513
5337,Badgam,4,1,Jammu and Kashmir,10-01-2016 00:00,14705.90732
5338,Baramula,2,1,Jammu and Kashmir,10-01-2016 00:00,14597.73134
5339,Doda,9,1,Jammu and Kashmir,10-01-2016 00:00,14452.6906
5340,Srinagar,3,1,Jammu and Kashmir,10-01-2016 00:00,14551.08289
5341,Udhampur,10,1,Jammu and Kashmir,10-01-2016 00:00,14836.24249
5342,Jammu,13,1,Jammu and Kashmir,10-01-2016 00:00,15075.50339
5343,Kargil,8,1,Jammu and Kashmir,10-01-2016 00:00,14409.31055
5344,Kathua,14,1,Jammu and Kashmir,10-01-2016 00:00,14974.03761
5345,Leh (Ladakh),7,1,Jammu and Kashmir,10-01-2016 00:00,14326.3162
5346,Kupwara,1,1,Jammu and Kashmir,10-01-2016 00:00,14640.42635
5347,Punch,11,1,Jammu and Kashmir,10-01-2016 00:00,14812.72995
5348,Pulwama,5,1,Jammu and Kashmir,10-01-2016 00:00,14784.12382
5349,Rajauri,12,1,Jammu and Kashmir,10-01-2016 00:00,14945.12036
5350,Bilaspur,8,2,Himachal Pradesh,10-01-2016 00:00,14943.94248
5351,Chamba,1,2,Himachal Pradesh,10-01-2016 00:00,14600.68614
5352,Hamirpur,6,2,Himachal Pradesh,10-01-2016 00:00,14963.39054
5353,Shimla,11,2,Himachal Pradesh,10-01-2016 00:00,14694.75197
5354,Sirmaur,10,2,Himachal Pradesh,10-01-2016 00:00,14936.58413
5355,Solan,9,2,Himachal Pradesh,10-01-2016 00:00,14959.22564
5356,Una,7,2,Himachal Pradesh,10-01-2016 00:00,15038.84519
5357,Kangra,2,2,Himachal Pradesh,10-01-2016 00:00,14830.26979
5358,Kinnaur,12,2,Himachal Pradesh,10-01-2016 00:00,14420.20949
5359,Lahul & Spiti,3,2,Himachal Pradesh,10-01-2016 00:00,14348.89572
5360,Kullu,4,2,Himachal Pradesh,10-01-2016 00:00,14436.46323
5361,Mandi,5,2,Himachal Pradesh,10-01-2016 00:00,14818.25567
5362,Hoshiarpur,5,3,Punjab,10-01-2016 00:00,15113.15325
5363,Amritsar,2,3,Punjab,10-01-2016 00:00,15113.74607
5364,Firozpur,11,3,Punjab,10-01-2016 00:00,15170.64298
5365,Bathinda,14,3,Punjab,10-01-2016 00:00,15193.38956
5366,Gurdaspur,1,3,Punjab,10-01-2016 00:00,15084.78274
5367,Faridkot,13,3,Punjab,10-01-2016 00:00,15173.29085
5368,Fatehgarh Sahib,8,3,Punjab,10-01-2016 00:00,15170.5686
5369,Rupnagar,7,3,Punjab,10-01-2016 00:00,15157.03243
5370,Jalandhar,4,3,Punjab,10-01-2016 00:00,15158.06222
5371,Kapurthala,3,3,Punjab,10-01-2016 00:00,15145.74297
5372,Ludhiana,9,3,Punjab,10-01-2016 00:00,15124.89077
5373,Mansa,15,3,Punjab,10-01-2016 00:00,15176.15148
5374,Moga,10,3,Punjab,10-01-2016 00:00,15108.32413
5375,Muktsar,12,3,Punjab,10-01-2016 00:00,15191.6375
5376,Nawanshahr,6,3,Punjab,10-01-2016 00:00,15130.25866
5377,Patiala,17,3,Punjab,10-01-2016 00:00,15178.16227
5378,Sangrur,16,3,Punjab,10-01-2016 00:00,15119.19967
5379,Hardwar,13,5,Uttarakhand,10-01-2016 00:00,15071.52227
5380,Bageshwar,8,5,Uttarakhand,10-01-2016 00:00,14614.84936
5381,Almora,9,5,Uttarakhand,10-01-2016 00:00,14922.604
5382,Chamoli,2,5,Uttarakhand,10-01-2016 00:00,14357.80273
5383,Champawat,10,5,Uttarakhand,10-01-2016 00:00,14884.81011
5384,Dehradun,5,5,Uttarakhand,10-01-2016 00:00,14934.22954
5385,Garhwal,6,5,Uttarakhand,10-01-2016 00:00,14879.06468
5386,Rudraprayag,3,5,Uttarakhand,10-01-2016 00:00,14533.78304
5387,Tehri Garhwal,4,5,Uttarakhand,10-01-2016 00:00,14738.95612
5388,Udham Singh Nagar,12,5,Uttarakhand,10-01-2016 00:00,15122.1078
5389,Uttarkashi,1,5,Uttarakhand,10-01-2016 00:00,14428.76697
5390,Nainital,11,5,Uttarakhand,10-01-2016 00:00,14944.02136
5391,Pithoragarh,7,5,Uttarakhand,10-01-2016 00:00,14446.01697
5392,Hisar,12,6,Haryana,10-01-2016 00:00,15352.02816
5393,Ambala,2,6,Haryana,10-01-2016 00:00,15170.39357
5394,Gurgaon,18,6,Haryana,10-01-2016 00:00,15435.20213
5395,Faridabad,19,6,Haryana,10-01-2016 00:00,15312.27797
5396,Fatehabad,10,6,Haryana,10-01-2016 00:00,15205.09583
5397,Rohtak,14,6,Haryana,10-01-2016 00:00,15260.23716
5398,Sirsa,11,6,Haryana,10-01-2016 00:00,15296.30534
5399,Sonipat,8,6,Haryana,10-01-2016 00:00,15204.96969
5400,Yamunanagar,3,6,Haryana,10-01-2016 00:00,15110.08503
5401,Jhajjar,15,6,Haryana,10-01-2016 00:00,15402.40153
5402,Mahendragarh,16,6,Haryana,10-01-2016 00:00,15565.47464
5403,Rewari,17,6,Haryana,10-01-2016 00:00,15527.32639
5404,Bhiwani,13,6,Haryana,10-01-2016 00:00,15481.58646
5405,Jind,9,6,Haryana,10-01-2016 00:00,15207.04499
5406,Kaithal,5,6,Haryana,10-01-2016 00:00,15177.16379
5407,Karnal,6,6,Haryana,10-01-2016 00:00,15167.04479
5408,Kurukshetra,4,6,Haryana,10-01-2016 00:00,15169.99311
5409,Panchkula,1,6,Haryana,10-01-2016 00:00,15116.24522
5410,Panipat,7,6,Haryana,10-01-2016 00:00,15155.38138
5411,Central,6,7,Delhi  & NCR,10-01-2016 00:00,15273.07876
5412,East,4,7,Delhi  & NCR,10-01-2016 00:00,15274.42629
5413,New Delhi,5,7,Delhi  & NCR,10-01-2016 00:00,15219.80573
5414,North,2,7,Delhi  & NCR,10-01-2016 00:00,15268.96049
5415,North East,3,7,Delhi  & NCR,10-01-2016 00:00,15289.25877
5416,North West,1,7,Delhi  & NCR,10-01-2016 00:00,15317.39265
5417,South,9,7,Delhi  & NCR,10-01-2016 00:00,15236.62308
5418,South West,8,7,Delhi  & NCR,10-01-2016 00:00,15342.52359
5419,West,7,7,Delhi  & NCR,10-01-2016 00:00,15301.25936
5420,Ajmer,21,8,Rajasthan,10-01-2016 00:00,15476.28841
5421,Banswara,28,8,Rajasthan,10-01-2016 00:00,15279.78746
5422,Barmer,17,8,Rajasthan,10-01-2016 00:00,15685.24428
5423,Bhilwara,24,8,Rajasthan,10-01-2016 00:00,15456.45061
5424,Bikaner,3,8,Rajasthan,10-01-2016 00:00,15762.58223
5425,Bharatpur,7,8,Rajasthan,10-01-2016 00:00,15566.60173
5426,Bundi,23,8,Rajasthan,10-01-2016 00:00,15454.16237
5427,Chittaurgarh,29,8,Rajasthan,10-01-2016 00:00,15344.39686
5428,Churu,4,8,Rajasthan,10-01-2016 00:00,15642.30575
5429,Dausa,11,8,Rajasthan,10-01-2016 00:00,15540.89197
5430,Dhaulpur,8,8,Rajasthan,10-01-2016 00:00,15494.63522
5431,Dungarpur,27,8,Rajasthan,10-01-2016 00:00,15291.45969
5432,Karauli,9,8,Rajasthan,10-01-2016 00:00,15479.32063
5433,Sirohi,19,8,Rajasthan,10-01-2016 00:00,15343.20653
5434,Tonk,22,8,Rajasthan,10-01-2016 00:00,15554.04296
5435,Sikar,13,8,Rajasthan,10-01-2016 00:00,15534.2482
5436,Alwar,6,8,Rajasthan,10-01-2016 00:00,15475.32662
5437,Udaipur,26,8,Rajasthan,10-01-2016 00:00,15228.82121
5438,Ganganagar,1,8,Rajasthan,10-01-2016 00:00,15551.66061
5439,Hanumangarh,2,8,Rajasthan,10-01-2016 00:00,15515.92607
5440,Baran,31,8,Rajasthan,10-01-2016 00:00,15497.99863
5441,Jaipur,12,8,Rajasthan,10-01-2016 00:00,15513.86232
5442,Jaisalmer,16,8,Rajasthan,10-01-2016 00:00,15894.23824
5443,Jalor,18,8,Rajasthan,10-01-2016 00:00,15540.22377
5444,Jhalawar,32,8,Rajasthan,10-01-2016 00:00,15486.84706
5445,Jhunjhunun,5,8,Rajasthan,10-01-2016 00:00,15564.52555
5446,Jodhpur,15,8,Rajasthan,10-01-2016 00:00,15664.11292
5447,Kota,30,8,Rajasthan,10-01-2016 00:00,15496.12902
5448,Nagaur,14,8,Rajasthan,10-01-2016 00:00,15585.6671
5449,Pali,20,8,Rajasthan,10-01-2016 00:00,15477.19119
5450,Rajsamand,25,8,Rajasthan,10-01-2016 00:00,15275.91804
5451,Sawai Madhopur,10,8,Rajasthan,10-01-2016 00:00,15483.48726
5452,Hathras,13,9,Uttar Pradesh,10-01-2016 00:00,15358.95402
5453,Auraiya,32,9,Uttar Pradesh,10-01-2016 00:00,15265.04975
5454,Azamgarh,61,9,Uttar Pradesh,10-01-2016 00:00,15166.15734
5455,Budaun,19,9,Uttar Pradesh,10-01-2016 00:00,15223.69813
5456,Agra,15,9,Uttar Pradesh,10-01-2016 00:00,15414.2949
5457,Aligarh,12,9,Uttar Pradesh,10-01-2016 00:00,15286.11448
5458,Allahabad,45,9,Uttar Pradesh,10-01-2016 00:00,15167.56036
5459,Ambedkar Nagar,48,9,Uttar Pradesh,10-01-2016 00:00,15141.47527
5460,Bareilly,20,9,Uttar Pradesh,10-01-2016 00:00,15164.33974
5461,Bijnor,3,9,Uttar Pradesh,10-01-2016 00:00,15090.79314
5462,Basti,55,9,Uttar Pradesh,10-01-2016 00:00,15155.17283
5463,Baghpat,8,9,Uttar Pradesh,10-01-2016 00:00,15174.56627
5464,Bahraich,50,9,Uttar Pradesh,10-01-2016 00:00,15138.15095
5465,Ballia,63,9,Uttar Pradesh,10-01-2016 00:00,15161.10258
5466,Balrampur,52,9,Uttar Pradesh,10-01-2016 00:00,15145.57625
5467,Banda,40,9,Uttar Pradesh,10-01-2016 00:00,15332.86206
5468,Barabanki,46,9,Uttar Pradesh,10-01-2016 00:00,15184.0326
5469,Chitrakoot,41,9,Uttar Pradesh,10-01-2016 00:00,15255.71598
5470,Chandauli,66,9,Uttar Pradesh,10-01-2016 00:00,15112.11984
5471,Deoria,60,9,Uttar Pradesh,10-01-2016 00:00,15181.5942
5472,Etah,17,9,Uttar Pradesh,10-01-2016 00:00,15288.5883
5473,Kanpur Dehat,33,9,Uttar Pradesh,10-01-2016 00:00,15311.29359
5474,Etawah,31,9,Uttar Pradesh,10-01-2016 00:00,15259.2688
5475,Faizabad,47,9,Uttar Pradesh,10-01-2016 00:00,15161.19933
5476,Ghazipur,65,9,Uttar Pradesh,10-01-2016 00:00,15184.5041
5477,Gonda,53,9,Uttar Pradesh,10-01-2016 00:00,15168.90824
5478,Gorakhpur,58,9,Uttar Pradesh,10-01-2016 00:00,15182.99215
5479,Farrukhabad,29,9,Uttar Pradesh,10-01-2016 00:00,15310.53202
5480,Fatehpur,42,9,Uttar Pradesh,10-01-2016 00:00,15266.37682
5481,Firozabad,16,9,Uttar Pradesh,10-01-2016 00:00,15347.12775
5482,Hamirpur,38,9,Uttar Pradesh,10-01-2016 00:00,15467.66927
5483,Hardoi,25,9,Uttar Pradesh,10-01-2016 00:00,15268.75924
5484,Shrawasti,51,9,Uttar Pradesh,10-01-2016 00:00,15146.52441
5485,Saharanpur,1,9,Uttar Pradesh,10-01-2016 00:00,15085.14725
5486,Sitapur,24,9,Uttar Pradesh,10-01-2016 00:00,15178.37439
5487,Sultanpur,49,9,Uttar Pradesh,10-01-2016 00:00,15173.28041
5488,Sonbhadra,70,9,Uttar Pradesh,10-01-2016 00:00,15107.76471
5489,Siddharthnagar,54,9,Uttar Pradesh,10-01-2016 00:00,15138.04483
5490,Unnao,26,9,Uttar Pradesh,10-01-2016 00:00,15260.71095
5491,Varanasi,67,9,Uttar Pradesh,10-01-2016 00:00,15225.83807
5492,Bulandshahr,11,9,Uttar Pradesh,10-01-2016 00:00,15220.91616
5493,Gautam Buddha Nagar,10,9,Uttar Pradesh,10-01-2016 00:00,15267.1882
5494,Ghaziabad,9,9,Uttar Pradesh,10-01-2016 00:00,15203.9814
5495,Jalaun,35,9,Uttar Pradesh,10-01-2016 00:00,15450.25568
5496,Jaunpur,64,9,Uttar Pradesh,10-01-2016 00:00,15199.22585
5497,Jhansi,36,9,Uttar Pradesh,10-01-2016 00:00,15504.78221
5498,Jyotiba Phule Nagar,6,9,Uttar Pradesh,10-01-2016 00:00,15135.59482
5499,Kannauj,30,9,Uttar Pradesh,10-01-2016 00:00,15329.94585
5500,Kanpur Nagar,34,9,Uttar Pradesh,10-01-2016 00:00,15268.35813
5501,Kaushambi,44,9,Uttar Pradesh,10-01-2016 00:00,15222.47077
5502,Kheri,23,9,Uttar Pradesh,10-01-2016 00:00,15126.21222
5503,Mirzapur,69,9,Uttar Pradesh,10-01-2016 00:00,15194.05632
5504,Moradabad,4,9,Uttar Pradesh,10-01-2016 00:00,15166.72853
5505,Muzaffarnagar,2,9,Uttar Pradesh,10-01-2016 00:00,15099.57636
5506,Rae Bareli,28,9,Uttar Pradesh,10-01-2016 00:00,15191.01507
5507,Kushinagar,59,9,Uttar Pradesh,10-01-2016 00:00,15141.0774
5508,Lucknow,27,9,Uttar Pradesh,10-01-2016 00:00,15220.54234
5509,Lalitpur,37,9,Uttar Pradesh,10-01-2016 00:00,15448.66788
5510,Mahrajganj,57,9,Uttar Pradesh,10-01-2016 00:00,15121.97943
5511,Mahoba,39,9,Uttar Pradesh,10-01-2016 00:00,15494.95417
5512,Mainpuri,18,9,Uttar Pradesh,10-01-2016 00:00,15250.76695
5513,Mathura,14,9,Uttar Pradesh,10-01-2016 00:00,15363.13246
5514,Mau,62,9,Uttar Pradesh,10-01-2016 00:00,15186.33933
5515,Meerut,7,9,Uttar Pradesh,10-01-2016 00:00,15134.40417
5516,Pilibhit,21,9,Uttar Pradesh,10-01-2016 00:00,15117.38981
5517,Pratapgarh,43,9,Uttar Pradesh,10-01-2016 00:00,15202.08937
5518,Rampur,5,9,Uttar Pradesh,10-01-2016 00:00,15151.29592
5519,Sant Ravidas Nagar Bhadohi,68,9,Uttar Pradesh,10-01-2016 00:00,15176.24272
5520,Sant Kabir Nagar,56,9,Uttar Pradesh,10-01-2016 00:00,15163.15706
5521,Shahjahanpur,22,9,Uttar Pradesh,10-01-2016 00:00,15211.87243
5522,Araria,7,10,Bihar,10-01-2016 00:00,15149.65441
5523,Aurangabad,34,10,Bihar,10-01-2016 00:00,15070.73646
5524,Banka,23,10,Bihar,10-01-2016 00:00,15150.95617
5525,Bhagalpur,22,10,Bihar,10-01-2016 00:00,15181.35472
5526,Begusarai,20,10,Bihar,10-01-2016 00:00,15203.98985
5527,Saran,17,10,Bihar,10-01-2016 00:00,15155.6794
5528,Katihar,10,10,Bihar,10-01-2016 00:00,15163.40129
5529,Darbhanga,13,10,Bihar,10-01-2016 00:00,15129.99382
5530,Gopalganj,15,10,Bihar,10-01-2016 00:00,15153.14666
5531,Sheikhpura,26,10,Bihar,10-01-2016 00:00,15102.10768
5532,Sheohar,3,10,Bihar,10-01-2016 00:00,15150.92304
5533,Saharsa,12,10,Bihar,10-01-2016 00:00,15124.49776
5534,Sitamarhi,4,10,Bihar,10-01-2016 00:00,15128.75934
5535,Siwan,16,10,Bihar,10-01-2016 00:00,15144.99264
5536,Supaul,6,10,Bihar,10-01-2016 00:00,15129.8887
5537,Vaishali,18,10,Bihar,10-01-2016 00:00,15165.8532
5538,Kaimur (Bhabua),31,10,Bihar,10-01-2016 00:00,15099.01581
5539,Gaya,35,10,Bihar,10-01-2016 00:00,15109.67307
5540,Bhojpur,29,10,Bihar,10-01-2016 00:00,15130.29128
5541,Buxar,30,10,Bihar,10-01-2016 00:00,15117.27343
5542,Jehanabad,33,10,Bihar,10-01-2016 00:00,15082.04288
5543,Rohtas,32,10,Bihar,10-01-2016 00:00,15071.93157
5544,Jamui,37,10,Bihar,10-01-2016 00:00,15154.6531
5545,Kishanganj,8,10,Bihar,10-01-2016 00:00,15147.17442
5546,Muzaffarpur,14,10,Bihar,10-01-2016 00:00,15178.68508
5547,Purnia,9,10,Bihar,10-01-2016 00:00,15174.25122
5548,Khagaria,21,10,Bihar,10-01-2016 00:00,15169.72412
5549,Madhubani,5,10,Bihar,10-01-2016 00:00,15120.9076
5550,Lakhisarai,25,10,Bihar,10-01-2016 00:00,15125.85854
5551,Madhepura,11,10,Bihar,10-01-2016 00:00,15145.49667
5552,Purba Champaran,2,10,Bihar,10-01-2016 00:00,15147.73378
5553,Munger,24,10,Bihar,10-01-2016 00:00,15134.86904
5554,Nalanda,27,10,Bihar,10-01-2016 00:00,15099.76244
5555,Nawada,36,10,Bihar,10-01-2016 00:00,15087.7968
5556,Pashchim Champaran,1,10,Bihar,10-01-2016 00:00,15124.7405
5557,Patna,28,10,Bihar,10-01-2016 00:00,15124.73713
5558,Samastipur,19,10,Bihar,10-01-2016 00:00,15170.87768
5559,East,4,11,Sikkim,10-01-2016 00:00,14536.71371
5560,South,3,11,Sikkim,10-01-2016 00:00,14634.86678
5561,West,2,11,Sikkim,10-01-2016 00:00,14393.77222
5562,North,1,11,Sikkim,10-01-2016 00:00,14041.82054
5563,Changlang,12,12,Arunanchal Pradesh,10-01-2016 00:00,14844.00434
5564,Dibang Valley,10,12,Arunanchal Pradesh,10-01-2016 00:00,14488.26042
5565,East Kameng,3,12,Arunanchal Pradesh,10-01-2016 00:00,14611.19793
5566,East Siang,8,12,Arunanchal Pradesh,10-01-2016 00:00,14892.36685
5567,Tawang,1,12,Arunanchal Pradesh,10-01-2016 00:00,14300.10767
5568,Tirap,13,12,Arunanchal Pradesh,10-01-2016 00:00,14883.94958
5569,West Kameng,2,12,Arunanchal Pradesh,10-01-2016 00:00,14570.30755
5570,West Siang,7,12,Arunanchal Pradesh,10-01-2016 00:00,14633.51503
5571,Upper Siang,9,12,Arunanchal Pradesh,10-01-2016 00:00,14503.83011
5572,Upper Subansiri,6,12,Arunanchal Pradesh,10-01-2016 00:00,14473.96902
5573,Lohit,11,12,Arunanchal Pradesh,10-01-2016 00:00,14626.78137
5574,Lower Subansiri,5,12,Arunanchal Pradesh,10-01-2016 00:00,14522.42419
5575,Papum Pare,4,12,Arunanchal Pradesh,10-01-2016 00:00,14766.08539
5576,Tuensang,2,13,Nagaland,10-01-2016 00:00,14781.82461
5577,Wokha,5,13,Nagaland,10-01-2016 00:00,14973.33419
5578,Zunheboto,4,13,Nagaland,10-01-2016 00:00,14812.28043
5579,Dimapur,6,13,Nagaland,10-01-2016 00:00,15019.76453
5580,Kohima,7,13,Nagaland,10-01-2016 00:00,14880.32205
5581,Mokokchung,3,13,Nagaland,10-01-2016 00:00,14945.51938
5582,Mon,1,13,Nagaland,10-01-2016 00:00,14934.6792
5583,Phek,8,13,Nagaland,10-01-2016 00:00,14778.72526
5584,Bishnupur,4,14,Manipur,10-01-2016 00:00,14946.10057
5585,Chandel,9,14,Manipur,10-01-2016 00:00,14896.61955
5586,Churachandpur,3,14,Manipur,10-01-2016 00:00,14914.7692
5587,Tamenglong,2,14,Manipur,10-01-2016 00:00,14911.8105
5588,Thoubal,5,14,Manipur,10-01-2016 00:00,14985.72556
5589,Ukhrul,8,14,Manipur,10-01-2016 00:00,14859.11154
5590,Imphal East,7,14,Manipur,10-01-2016 00:00,15010.03552
5591,Imphal West,6,14,Manipur,10-01-2016 00:00,15017.37385
5592,Senapati (Excl. 3 sub-divisions),1,14,Manipur,10-01-2016 00:00,14840.07004
5593,Aizawl,3,15,Mizoram,10-01-2016 00:00,14930.13309
5594,Champhai,4,15,Mizoram,10-01-2016 00:00,14874.88373
5595,Kolasib,2,15,Mizoram,10-01-2016 00:00,15006.63672
5596,Mamit,1,15,Mizoram,10-01-2016 00:00,14983.5769
5597,Lunglei,6,15,Mizoram,10-01-2016 00:00,14949.938
5598,Lawngtlai,7,15,Mizoram,10-01-2016 00:00,14979.92165
5599,Saiha,8,15,Mizoram,10-01-2016 00:00,14898.36223
5600,Serchhip,5,15,Mizoram,10-01-2016 00:00,14894.09462
5601,Dhalai,3,16,Tripura,10-01-2016 00:00,15062.27136
5602,South Tripura,2,16,Tripura,10-01-2016 00:00,15076.44745
5603,West Tripura,1,16,Tripura,10-01-2016 00:00,15106.69842
5604,North Tripura,4,16,Tripura,10-01-2016 00:00,15058.70537
5605,East Garo Hills,2,17,Meghalaya,10-01-2016 00:00,15017.85228
5606,East Khasi Hills,6,17,Meghalaya,10-01-2016 00:00,14911.82612
5607,Ri Bhoi,5,17,Meghalaya,10-01-2016 00:00,14980.08031
5608,South Garo Hills,3,17,Meghalaya,10-01-2016 00:00,15056.95596
5609,West Garo Hills,1,17,Meghalaya,10-01-2016 00:00,15078.20812
5610,West Khasi Hills,4,17,Meghalaya,10-01-2016 00:00,14937.88434
5611,Jaintia Hills,7,17,Meghalaya,10-01-2016 00:00,14962.43147
5612,Barpeta,5,18,Assam,10-01-2016 00:00,15108.76916
5613,Bongaigaon,4,18,Assam,10-01-2016 00:00,15130.51041
5614,Cachar,21,18,Assam,10-01-2016 00:00,15070.88526
5615,Darrang,8,18,Assam,10-01-2016 00:00,15107.31667
5616,Dhemaji,13,18,Assam,10-01-2016 00:00,15080.45284
5617,Dhubri,2,18,Assam,10-01-2016 00:00,15100.43328
5618,Dibrugarh,15,18,Assam,10-01-2016 00:00,15060.14794
5619,Kamrup,6,18,Assam,10-01-2016 00:00,15093.26152
5620,Karbi Anglong,19,18,Assam,10-01-2016 00:00,14984.91804
5621,Goalpara,3,18,Assam,10-01-2016 00:00,15070.04125
5622,Golaghat,18,18,Assam,10-01-2016 00:00,15079.31908
5623,Hailakandi,23,18,Assam,10-01-2016 00:00,15076.81481
5624,Sonitpur,11,18,Assam,10-01-2016 00:00,15099.36443
5625,Sibsagar,16,18,Assam,10-01-2016 00:00,15075.43521
5626,Tinsukia,14,18,Assam,10-01-2016 00:00,15060.97425
5627,Jorhat,17,18,Assam,10-01-2016 00:00,15072.18085
5628,Karimganj,22,18,Assam,10-01-2016 00:00,15099.37577
5629,Kokrajhar,1,18,Assam,10-01-2016 00:00,15129.55378
5630,Lakhimpur,12,18,Assam,10-01-2016 00:00,15091.39278
5631,Nagaon,10,18,Assam,10-01-2016 00:00,15083.7189
5632,Marigaon,9,18,Assam,10-01-2016 00:00,15098.05476
5633,Nalbari,7,18,Assam,10-01-2016 00:00,15130.47452
5634,North Cachar Hills,20,18,Assam,10-01-2016 00:00,14964.98092
5635,Hugli,12,19,West Bengal,10-01-2016 00:00,15101.59697
5636,Barddhaman,9,19,West Bengal,10-01-2016 00:00,15111.34346
5637,Birbhum,8,19,West Bengal,10-01-2016 00:00,15119.02154
5638,Bankura,13,19,West Bengal,10-01-2016 00:00,15120.11905
5639,Dakshin Dinajpur,5,19,West Bengal,10-01-2016 00:00,15103.51669
5640,Darjiling,1,19,West Bengal,10-01-2016 00:00,14916.33046
5641,Haora,16,19,West Bengal,10-01-2016 00:00,15095.99006
5642,South  Twenty Four Parganas,18,19,West Bengal,10-01-2016 00:00,15063.30806
5643,Uttar Dinajpur,4,19,West Bengal,10-01-2016 00:00,15131.36279
5644,Jalpaiguri,2,19,West Bengal,10-01-2016 00:00,15134.53015
5645,Koch Bihar,3,19,West Bengal,10-01-2016 00:00,15124.4374
5646,Murshidabad,7,19,West Bengal,10-01-2016 00:00,15157.25844
5647,Puruliya,14,19,West Bengal,10-01-2016 00:00,15113.23847
5648,Kolkata,17,19,West Bengal,10-01-2016 00:00,15316.30983
5649,Maldah,6,19,West Bengal,10-01-2016 00:00,15116.73624
5650,Nadia,10,19,West Bengal,10-01-2016 00:00,15193.81397
5651,North Twenty Four Parganas,11,19,West Bengal,10-01-2016 00:00,15102.32138
5652,Medinipur,15,19,West Bengal,10-01-2016 00:00,15087.23037
5653,Bokaro,13,20,Jharkhand,10-01-2016 00:00,15128.51776
5654,Deoghar,7,20,Jharkhand,10-01-2016 00:00,15200.554
5655,Dhanbad,12,20,Jharkhand,10-01-2016 00:00,15146.87233
5656,Dumka,11,20,Jharkhand,10-01-2016 00:00,15171.84997
5657,Giridih,6,20,Jharkhand,10-01-2016 00:00,15145.34461
5658,Godda,8,20,Jharkhand,10-01-2016 00:00,15152.47656
5659,Gumla,16,20,Jharkhand,10-01-2016 00:00,15066.00998
5660,Ranchi,14,20,Jharkhand,10-01-2016 00:00,15065.57923
5661,Sahibganj,9,20,Jharkhand,10-01-2016 00:00,15114.23859
5662,Garhwa,1,20,Jharkhand,10-01-2016 00:00,15086.36044
5663,Palamu,2,20,Jharkhand,10-01-2016 00:00,15059.67675
5664,Chatra,3,20,Jharkhand,10-01-2016 00:00,15088.72559
5665,Hazaribagh,4,20,Jharkhand,10-01-2016 00:00,15085.37434
5666,Kodarma,5,20,Jharkhand,10-01-2016 00:00,15105.65016
5667,Purbi Singhbhum,18,20,Jharkhand,10-01-2016 00:00,15102.49984
5668,Lohardaga,15,20,Jharkhand,10-01-2016 00:00,15023.75733
5669,Pakaur,10,20,Jharkhand,10-01-2016 00:00,15156.61766
5670,Pashchimi Singhbhum,17,20,Jharkhand,10-01-2016 00:00,15053.76054
5671,Anugul,15,21,Orissa,10-01-2016 00:00,15076.3851
5672,Bhadrak,9,21,Orissa,10-01-2016 00:00,15043.57109
5673,Baudh,22,21,Orissa,10-01-2016 00:00,15040.67598
5674,Balangir,24,21,Orissa,10-01-2016 00:00,15099.11914
5675,Baleshwar,8,21,Orissa,10-01-2016 00:00,15056.35983
5676,Bargarh,1,21,Orissa,10-01-2016 00:00,15081.70585
5677,Kendrapara,10,21,Orissa,10-01-2016 00:00,15030.66346
5678,Kendujhar,6,21,Orissa,10-01-2016 00:00,15070.01983
5679,Debagarh,4,21,Orissa,10-01-2016 00:00,15049.63706
5680,Cuttack,12,21,Orissa,10-01-2016 00:00,15079.44564
5681,Dhenkanal,14,21,Orissa,10-01-2016 00:00,15109.82545
5682,Kalahandi,26,21,Orissa,10-01-2016 00:00,15033.40772
5683,Ganjam,19,21,Orissa,10-01-2016 00:00,15034.82707
5684,Gajapati,20,21,Orissa,10-01-2016 00:00,14977.05392
5685,Rayagada,27,21,Orissa,10-01-2016 00:00,14988.56034
5686,Sundargarh,5,21,Orissa,10-01-2016 00:00,15056.02653
5687,Sonapur,23,21,Orissa,10-01-2016 00:00,15065.24412
5688,Jajapur,13,21,Orissa,10-01-2016 00:00,15108.16355
5689,Jagatsinghapur,11,21,Orissa,10-01-2016 00:00,15069.14841
5690,Jharsuguda,2,21,Orissa,10-01-2016 00:00,15082.95528
5691,Khordha,17,21,Orissa,10-01-2016 00:00,15075.20738
5692,Mayurbhanj,7,21,Orissa,10-01-2016 00:00,15040.24285
5693,Puri,18,21,Orissa,10-01-2016 00:00,15074.94012
5694,Koraput,29,21,Orissa,10-01-2016 00:00,14979.44604
5695,Malkangiri,30,21,Orissa,10-01-2016 00:00,15013.89153
5696,Nabarangapur,28,21,Orissa,10-01-2016 00:00,15021.89062
5697,Nayagarh,16,21,Orissa,10-01-2016 00:00,15042.0878
5698,Nuapada,25,21,Orissa,10-01-2016 00:00,15065.46204
5699,Kandhamal,21,21,Orissa,10-01-2016 00:00,14948.16098
5700,Sambalpur,3,21,Orissa,10-01-2016 00:00,15057.43385
5701,Bastar,15,22,Chhattisgarh,10-01-2016 00:00,14997.89879
5702,Dantewada,16,22,Chhattisgarh,10-01-2016 00:00,15025.87686
5703,Dhamtari,13,22,Chhattisgarh,10-01-2016 00:00,15035.45766
5704,Durg,10,22,Chhattisgarh,10-01-2016 00:00,15098.08054
5705,Kanker,14,22,Chhattisgarh,10-01-2016 00:00,15026.50634
5706,Surguja,2,22,Chhattisgarh,10-01-2016 00:00,15036.73051
5707,Bilaspur,7,22,Chhattisgarh,10-01-2016 00:00,15056.37572
5708,Janjgir - Champa,6,22,Chhattisgarh,10-01-2016 00:00,15050.3646
5709,Korba,5,22,Chhattisgarh,10-01-2016 00:00,15047.20777
5710,Kawardha,8,22,Chhattisgarh,10-01-2016 00:00,15082.34557
5711,Jashpur,3,22,Chhattisgarh,10-01-2016 00:00,15041.86279
5712,Koriya,1,22,Chhattisgarh,10-01-2016 00:00,15041.37996
5713,Mahasamund,12,22,Chhattisgarh,10-01-2016 00:00,15067.4095
5714,Raigarh,4,22,Chhattisgarh,10-01-2016 00:00,15061.17039
5715,Raipur,11,22,Chhattisgarh,10-01-2016 00:00,15063.9263
5716,Rajnandgaon,9,22,Chhattisgarh,10-01-2016 00:00,15079.03234
5717,Hoshangabad,37,23,Madhya Pradesh,10-01-2016 00:00,15239.69479
5718,Indore,26,23,Madhya Pradesh,10-01-2016 00:00,15396.40979
5719,Bhind,3,23,Madhya Pradesh,10-01-2016 00:00,15456.67081
5720,Bhopal,32,23,Madhya Pradesh,10-01-2016 00:00,15394.3638
5721,Barwani,28,23,Madhya Pradesh,10-01-2016 00:00,15354.01395
5722,Betul,35,23,Madhya Pradesh,10-01-2016 00:00,15176.00286
5723,Balaghat,45,23,Madhya Pradesh,10-01-2016 00:00,15044.84709
5724,Chhatarpur,9,23,Madhya Pradesh,10-01-2016 00:00,15380.79505
5725,Chhindwara,43,23,Madhya Pradesh,10-01-2016 00:00,15169.72076
5726,Dewas,23,23,Madhya Pradesh,10-01-2016 00:00,15384.01239
5727,Katni,38,23,Madhya Pradesh,10-01-2016 00:00,15183.39054
5728,Datia,5,23,Madhya Pradesh,10-01-2016 00:00,15484.72907
5729,Damoh,12,23,Madhya Pradesh,10-01-2016 00:00,15340.41818
5730,Dhar,25,23,Madhya Pradesh,10-01-2016 00:00,15360.71786
5731,East Nimar,29,23,Madhya Pradesh,10-01-2016 00:00,15250.06502
5732,Guna,7,23,Madhya Pradesh,10-01-2016 00:00,15455.36957
5733,Gwalior,4,23,Madhya Pradesh,10-01-2016 00:00,15405.86293
5734,Harda,36,23,Madhya Pradesh,10-01-2016 00:00,15342.25378
5735,Shajapur,22,23,Madhya Pradesh,10-01-2016 00:00,15527.39304
5736,Shivpuri,6,23,Madhya Pradesh,10-01-2016 00:00,15413.57319
5737,Ratlam,20,23,Madhya Pradesh,10-01-2016 00:00,15424.05727
5738,Rewa,14,23,Madhya Pradesh,10-01-2016 00:00,15216.16146
5739,Sagar,11,23,Madhya Pradesh,10-01-2016 00:00,15396.57871
5740,Sidhi,17,23,Madhya Pradesh,10-01-2016 00:00,15131.56522
5741,Ujjain,21,23,Madhya Pradesh,10-01-2016 00:00,15494.05126
5742,Vidisha,31,23,Madhya Pradesh,10-01-2016 00:00,15486.19805
5743,West Nimar,27,23,Madhya Pradesh,10-01-2016 00:00,15315.25037
5744,Morena,2,23,Madhya Pradesh,10-01-2016 00:00,15456.30335
5745,Sheopur,1,23,Madhya Pradesh,10-01-2016 00:00,15354.14805
5746,Dindori,41,23,Madhya Pradesh,10-01-2016 00:00,15091.11339
5747,Mandla,42,23,Madhya Pradesh,10-01-2016 00:00,15094.47868
5748,Shahdol,16,23,Madhya Pradesh,10-01-2016 00:00,15110.39237
5749,Umaria,15,23,Madhya Pradesh,10-01-2016 00:00,15111.3201
5750,Jabalpur,39,23,Madhya Pradesh,10-01-2016 00:00,15199.76295
5751,Jhabua,24,23,Madhya Pradesh,10-01-2016 00:00,15295.47048
5752,Mandsaur,19,23,Madhya Pradesh,10-01-2016 00:00,15447.53319
5753,Tikamgarh,8,23,Madhya Pradesh,10-01-2016 00:00,15484.42782
5754,Narsimhapur,40,23,Madhya Pradesh,10-01-2016 00:00,15218.10506
5755,Neemuch,18,23,Madhya Pradesh,10-01-2016 00:00,15411.6749
5756,Panna,10,23,Madhya Pradesh,10-01-2016 00:00,15278.79266
5757,Raisen,34,23,Madhya Pradesh,10-01-2016 00:00,15248.53927
5758,Rajgarh,30,23,Madhya Pradesh,10-01-2016 00:00,15485.58595
5759,Satna,13,23,Madhya Pradesh,10-01-2016 00:00,15222.8975
5760,Sehore,33,23,Madhya Pradesh,10-01-2016 00:00,15412.40997
5761,Seoni,44,23,Madhya Pradesh,10-01-2016 00:00,15187.26897
5762,Anand,15,24,Gujarat,10-01-2016 00:00,15267.55918
5763,Ahmadabad,7,24,Gujarat,10-01-2016 00:00,15413.12599
5764,Amreli,13,24,Gujarat,10-01-2016 00:00,15349.96569
5765,Bhavnagar,14,24,Gujarat,10-01-2016 00:00,15384.10165
5766,Banas Kantha,2,24,Gujarat,10-01-2016 00:00,15417.47736
5767,Dohad,18,24,Gujarat,10-01-2016 00:00,15230.70285
5768,Junagadh,12,24,Gujarat,10-01-2016 00:00,15307.73523
5769,Kachchh,1,24,Gujarat,10-01-2016 00:00,15536.2039
5770,Gandhinagar,6,24,Gujarat,10-01-2016 00:00,15304.74161
5771,Sabar Kantha,5,24,Gujarat,10-01-2016 00:00,15273.41818
5772,Surendranagar,8,24,Gujarat,10-01-2016 00:00,15462.60834
5773,The Dangs,23,24,Gujarat,10-01-2016 00:00,15104.28373
5774,Vadodara,19,24,Gujarat,10-01-2016 00:00,15252.03742
5775,Valsad,25,24,Gujarat,10-01-2016 00:00,15183.66446
5776,Bharuch,21,24,Gujarat,10-01-2016 00:00,15334.85138
5777,Surat,22,24,Gujarat,10-01-2016 00:00,15220.15519
5778,Jamnagar,10,24,Gujarat,10-01-2016 00:00,15383.12593
5779,Kheda,16,24,Gujarat,10-01-2016 00:00,15287.60929
5780,Mahesana,4,24,Gujarat,10-01-2016 00:00,15342.42718
5781,Narmada,20,24,Gujarat,10-01-2016 00:00,15174.52405
5782,Navsari,24,24,Gujarat,10-01-2016 00:00,15198.0417
5783,Panch Mahals,17,24,Gujarat,10-01-2016 00:00,15215.18537
5784,Patan,3,24,Gujarat,10-01-2016 00:00,15445.26534
5785,Porbandar,11,24,Gujarat,10-01-2016 00:00,15305.94568
5786,Rajkot,9,24,Gujarat,10-01-2016 00:00,15385.1255
5787,Daman,2,25,Daman & Diu,10-01-2016 00:00,15230.77909
5788,Diu,1,25,Daman & Diu,10-01-2016 00:00,15202.66735
5789,Hingoli,16,27,Maharashtra,10-01-2016 00:00,15298.62422
5790,Aurangabad,19,27,Maharashtra,10-01-2016 00:00,15263.56721
5791,Ahmadnagar,26,27,Maharashtra,10-01-2016 00:00,15368.75548
5792,Akola,5,27,Maharashtra,10-01-2016 00:00,15283.95097
5793,Amravati,7,27,Maharashtra,10-01-2016 00:00,15186.85425
5794,Bid,27,27,Maharashtra,10-01-2016 00:00,15344.5091
5795,Bhandara,10,27,Maharashtra,10-01-2016 00:00,15094.72539
5796,Buldana,4,27,Maharashtra,10-01-2016 00:00,15311.18353
5797,Chandrapur,13,27,Maharashtra,10-01-2016 00:00,15106.21565
5798,Dhule,2,27,Maharashtra,10-01-2016 00:00,15399.96254
5799,Gadchiroli,12,27,Maharashtra,10-01-2016 00:00,15056.06362
5800,Gondiya,11,27,Maharashtra,10-01-2016 00:00,15070.33525
5801,Ratnagiri,32,27,Maharashtra,10-01-2016 00:00,15163.01723
5802,Raigarh,24,27,Maharashtra,10-01-2016 00:00,15169.37874
5803,Thane,21,27,Maharashtra,10-01-2016 00:00,15198.41293
5804,Solapur,30,27,Maharashtra,10-01-2016 00:00,15480.1967
5805,Sindhudurg,33,27,Maharashtra,10-01-2016 00:00,15146.1287
5806,Wardha,8,27,Maharashtra,10-01-2016 00:00,15192.78053
5807,Washim,6,27,Maharashtra,10-01-2016 00:00,15280.07081
5808,Yavatmal,14,27,Maharashtra,10-01-2016 00:00,15170.49878
5809,Jalgaon,3,27,Maharashtra,10-01-2016 00:00,15270.05478
5810,Jalna,18,27,Maharashtra,10-01-2016 00:00,15311.59244
5811,Kolhapur,34,27,Maharashtra,10-01-2016 00:00,15148.44124
5812,Latur,28,27,Maharashtra,10-01-2016 00:00,15326.76671
5813,Pune,25,27,Maharashtra,10-01-2016 00:00,15288.87129
5814,Nagpur,9,27,Maharashtra,10-01-2016 00:00,15165.77287
5815,Mumbai,23,27,Maharashtra,10-01-2016 00:00,15277.10108
5816,Mumbai (Suburban),22,27,Maharashtra,10-01-2016 00:00,15293.8941
5817,Nanded,15,27,Maharashtra,10-01-2016 00:00,15247.14046
5818,Nandurbar,1,27,Maharashtra,10-01-2016 00:00,15261.11787
5819,Nashik,20,27,Maharashtra,10-01-2016 00:00,15293.13389
5820,Osmanabad,29,27,Maharashtra,10-01-2016 00:00,15396.61505
5821,Parbhani,17,27,Maharashtra,10-01-2016 00:00,15338.80125
5822,Sangli,35,27,Maharashtra,10-01-2016 00:00,15428.98469
5823,Satara,31,27,Maharashtra,10-01-2016 00:00,15289.13844
5824,Hyderabad,5,28,Andhra Pradesh,10-01-2016 00:00,15294.29516
5825,Anantapur,22,28,Andhra Pradesh,10-01-2016 00:00,15550.66534
5826,Adilabad,1,28,Andhra Pradesh,10-01-2016 00:00,15129.67877
5827,Chittoor,23,28,Andhra Pradesh,10-01-2016 00:00,15412.63698
5828,Cuddapah,20,28,Andhra Pradesh,10-01-2016 00:00,15452.04293
5829,East Godavari,14,28,Andhra Pradesh,10-01-2016 00:00,15053.84924
5830,Karimnagar,3,28,Andhra Pradesh,10-01-2016 00:00,15149.15142
5831,Guntur,17,28,Andhra Pradesh,10-01-2016 00:00,15264.46615
5832,Rangareddi,6,28,Andhra Pradesh,10-01-2016 00:00,15218.90129
5833,Srikakulam,11,28,Andhra Pradesh,10-01-2016 00:00,15084.44471
5834,West Godavari,15,28,Andhra Pradesh,10-01-2016 00:00,15140.39568
5835,Visakhapatnam,13,28,Andhra Pradesh,10-01-2016 00:00,15024.92609
5836,Vizianagaram,12,28,Andhra Pradesh,10-01-2016 00:00,15098.87473
5837,Warangal,9,28,Andhra Pradesh,10-01-2016 00:00,15143.7687
5838,Khammam,10,28,Andhra Pradesh,10-01-2016 00:00,15109.53434
5839,Medak,4,28,Andhra Pradesh,10-01-2016 00:00,15175.58203
5840,Krishna,16,28,Andhra Pradesh,10-01-2016 00:00,15160.42561
5841,Kurnool,21,28,Andhra Pradesh,10-01-2016 00:00,15389.14201
5842,Mahbubnagar,7,28,Andhra Pradesh,10-01-2016 00:00,15281.80847
5843,Nalgonda,8,28,Andhra Pradesh,10-01-2016 00:00,15230.7271
5844,Nellore,19,28,Andhra Pradesh,10-01-2016 00:00,15644.74262
5845,Nizamabad,2,28,Andhra Pradesh,10-01-2016 00:00,15159.61422
5846,Prakasam,18,28,Andhra Pradesh,10-01-2016 00:00,15495.59849
5847,Hassan,23,29,Karnataka,10-01-2016 00:00,15252.27369
5848,Haveri,11,29,Karnataka,10-01-2016 00:00,15417.11519
5849,Bagalkot,2,29,Karnataka,10-01-2016 00:00,15456.72799
5850,Bangalore,20,29,Karnataka,10-01-2016 00:00,15257.0627
5851,Bidar,5,29,Karnataka,10-01-2016 00:00,15256.58059
5852,Bijapur,3,29,Karnataka,10-01-2016 00:00,15408.96731
5853,Belgaum,1,29,Karnataka,10-01-2016 00:00,15342.88176
5854,Bellary,12,29,Karnataka,10-01-2016 00:00,15414.65329
5855,Bangalore Rural,21,29,Karnataka,10-01-2016 00:00,15274.3399
5856,Chamarajanagar,27,29,Karnataka,10-01-2016 00:00,15349.89342
5857,Chikmagalur,17,29,Karnataka,10-01-2016 00:00,15138.23595
5858,Chitradurga,13,29,Karnataka,10-01-2016 00:00,15523.16547
5859,Dakshina Kannada,24,29,Karnataka,10-01-2016 00:00,15110.4189
5860,Davanagere,14,29,Karnataka,10-01-2016 00:00,15295.88187
5861,Dharwad,9,29,Karnataka,10-01-2016 00:00,15508.71369
5862,Gulbarga,4,29,Karnataka,10-01-2016 00:00,15324.1868
5863,Gadag,8,29,Karnataka,10-01-2016 00:00,15632.71576
5864,Shimoga,15,29,Karnataka,10-01-2016 00:00,15058.40984
5865,Tumkur,18,29,Karnataka,10-01-2016 00:00,15407.64087
5866,Udupi,16,29,Karnataka,10-01-2016 00:00,15125.96148
5867,Uttara Kannada,10,29,Karnataka,10-01-2016 00:00,15041.21788
5868,Kodagu,25,29,Karnataka,10-01-2016 00:00,14977.19323
5869,Kolar,19,29,Karnataka,10-01-2016 00:00,15407.30855
5870,Mandya,22,29,Karnataka,10-01-2016 00:00,15267.68565
5871,Koppal,7,29,Karnataka,10-01-2016 00:00,15482.89986
5872,Mysore,26,29,Karnataka,10-01-2016 00:00,15337.74625
5873,Raichur,6,29,Karnataka,10-01-2016 00:00,15355.85581
5874,South Goa,2,30,Goa,10-01-2016 00:00,15093.95936
5875,North Goa,1,30,Goa,10-01-2016 00:00,15135.84935
5876,Idukki,9,32,Kerala,10-01-2016 00:00,14940.69111
5877,Alappuzha,11,32,Kerala,10-01-2016 00:00,15089.92117
5878,Kasaragod,1,32,Kerala,10-01-2016 00:00,15129.02498
5879,Kannur,2,32,Kerala,10-01-2016 00:00,15103.51123
5880,Ernakulam,8,32,Kerala,10-01-2016 00:00,15103.4216
5881,Thrissur,7,32,Kerala,10-01-2016 00:00,15053.82034
5882,Thiruvananthapuram,14,32,Kerala,10-01-2016 00:00,15123.06617
5883,Wayanad,3,32,Kerala,10-01-2016 00:00,14966.66517
5884,Kollam,13,32,Kerala,10-01-2016 00:00,15054.85215
5885,Kottayam,10,32,Kerala,10-01-2016 00:00,15094.09631
5886,Kozhikode,4,32,Kerala,10-01-2016 00:00,15076.95513
5887,Malappuram,5,32,Kerala,10-01-2016 00:00,15072.82912
5888,Palakkad,6,32,Kerala,10-01-2016 00:00,15053.79175
5889,Pathanamthitta,12,32,Kerala,10-01-2016 00:00,15009.74985
5890,Ariyalur,17,33,Tamil Nadu,10-01-2016 00:00,15567.13242
5891,Coimbatore,12,33,Tamil Nadu,10-01-2016 00:00,15452.07364
5892,Cuddalore,18,33,Tamil Nadu,10-01-2016 00:00,15488.26471
5893,Dharmapuri,5,33,Tamil Nadu,10-01-2016 00:00,15372.48814
5894,Dindigul,13,33,Tamil Nadu,10-01-2016 00:00,15484.53494
5895,Erode,10,33,Tamil Nadu,10-01-2016 00:00,15521.57274
5896,Sivaganga,23,33,Tamil Nadu,10-01-2016 00:00,15660.43387
5897,Tiruchirappalli,15,33,Tamil Nadu,10-01-2016 00:00,15587.70384
5898,Tirunelveli,29,33,Tamil Nadu,10-01-2016 00:00,15688.55685
5899,Tiruvannamalai,6,33,Tamil Nadu,10-01-2016 00:00,15380.73132
5900,Thoothukkudi,28,33,Tamil Nadu,10-01-2016 00:00,15943.85711
5901,Theni,25,33,Tamil Nadu,10-01-2016 00:00,15431.25511
5902,Vellore,4,33,Tamil Nadu,10-01-2016 00:00,15340.50452
5903,Viluppuram,7,33,Tamil Nadu,10-01-2016 00:00,15428.55249
5904,Virudhunagar,26,33,Tamil Nadu,10-01-2016 00:00,15767.68581
5905,Chennai,2,33,Tamil Nadu,10-01-2016 00:00,15438.46886
5906,Kancheepuram,3,33,Tamil Nadu,10-01-2016 00:00,15333.22693
5907,Thiruvallur,1,33,Tamil Nadu,10-01-2016 00:00,15388.63336
5908,Thanjavur,21,33,Tamil Nadu,10-01-2016 00:00,15447.98294
5909,Thiruvarur,20,33,Tamil Nadu,10-01-2016 00:00,15534.75742
5910,Nagapattinam,19,33,Tamil Nadu,10-01-2016 00:00,15509.78177
5911,Kanniyakumari,30,33,Tamil Nadu,10-01-2016 00:00,15216.1626
5912,Karur,14,33,Tamil Nadu,10-01-2016 00:00,15729.556
5913,Madurai,24,33,Tamil Nadu,10-01-2016 00:00,15572.15859
5914,Namakkal,9,33,Tamil Nadu,10-01-2016 00:00,15527.16732
5915,The Nilgiris,11,33,Tamil Nadu,10-01-2016 00:00,14893.96349
5916,Perambalur,16,33,Tamil Nadu,10-01-2016 00:00,15665.00918
5917,Pudukkottai,22,33,Tamil Nadu,10-01-2016 00:00,15612.33703
5918,Ramanathapuram,27,33,Tamil Nadu,10-01-2016 00:00,15836.48506
5919,Salem,8,33,Tamil Nadu,10-01-2016 00:00,15438.60822
5920,Yanam,1,34,Puducherry,10-01-2016 00:00,15093.69351
5921,Karaikal,4,34,Puducherry,10-01-2016 00:00,15495.64373
5922,Mahe,3,34,Puducherry,10-01-2016 00:00,15089.50316
5923,Pondicherry,2,34,Puducherry,10-01-2016 00:00,15348.34068
5924,Nicobars,2,35,Andaman & Nicobar Island,10-01-2016 00:00,14979.38384
5925,Andamans,1,35,Andaman & Nicobar Island,10-01-2016 00:00,14950.09177
5926,Chandigarh,1,31,Lakshadweep,11-01-2016 00:00,15031.58065
5927,Dadra & Nagar Haveli,1,4,Chandigarh,11-01-2016 00:00,15007.26721
5928,Lakshadweep,1,26,Dadara & Nagar Havelli,11-01-2016 00:00,15263.90029
5929,Data Not Available,99,99,Jammu and Kashmir,11-01-2016 00:00,13848.6009
5930,Jammu,3,1,Jammu and Kashmir,11-01-2016 00:00,14244.44129
5931,Kargil,10,1,Jammu and Kashmir,11-01-2016 00:00,14661.74208
5932,Kathua,13,1,Jammu and Kashmir,11-01-2016 00:00,14886.42456
5933,Leh (Ladakh),8,1,Jammu and Kashmir,11-01-2016 00:00,13974.96867
5934,Kupwara,14,1,Jammu and Kashmir,11-01-2016 00:00,14821.03477
5935,Punch,7,1,Jammu and Kashmir,11-01-2016 00:00,13863.50383
5936,Pulwama,1,1,Jammu and Kashmir,11-01-2016 00:00,14359.18551
5937,Rajauri,11,1,Jammu and Kashmir,11-01-2016 00:00,14667.15022
5938,Anantnag,5,1,Jammu and Kashmir,11-01-2016 00:00,14494.96346
5939,Badgam,12,1,Jammu and Kashmir,11-01-2016 00:00,14791.39005
5940,Baramula,6,1,Jammu and Kashmir,11-01-2016 00:00,14304.60032
5941,Doda,4,1,Jammu and Kashmir,11-01-2016 00:00,14409.31465
5942,Srinagar,2,1,Jammu and Kashmir,11-01-2016 00:00,14295.05612
5943,Udhampur,9,1,Jammu and Kashmir,11-01-2016 00:00,14177.75538
5944,Kangra,11,2,Himachal Pradesh,11-01-2016 00:00,14563.59061
5945,Kinnaur,10,2,Himachal Pradesh,11-01-2016 00:00,14784.71287
5946,Lahul & Spiti,9,2,Himachal Pradesh,11-01-2016 00:00,14817.8872
5947,Kullu,7,2,Himachal Pradesh,11-01-2016 00:00,14890.73682
5948,Mandi,2,2,Himachal Pradesh,11-01-2016 00:00,14649.28146
5949,Bilaspur,12,2,Himachal Pradesh,11-01-2016 00:00,14103.87656
5950,Chamba,3,2,Himachal Pradesh,11-01-2016 00:00,13963.346
5951,Hamirpur,4,2,Himachal Pradesh,11-01-2016 00:00,14264.96198
5952,Shimla,5,2,Himachal Pradesh,11-01-2016 00:00,14656.56065
5953,Sirmaur,8,2,Himachal Pradesh,11-01-2016 00:00,14770.02021
5954,Solan,1,2,Himachal Pradesh,11-01-2016 00:00,14378.51768
5955,Una,6,2,Himachal Pradesh,11-01-2016 00:00,14790.7032
5956,Hoshiarpur,7,3,Punjab,11-01-2016 00:00,15005.70935
5957,Jalandhar,5,3,Punjab,11-01-2016 00:00,14916.63011
5958,Kapurthala,4,3,Punjab,11-01-2016 00:00,14991.32136
5959,Ludhiana,3,3,Punjab,11-01-2016 00:00,14970.57987
5960,Mansa,9,3,Punjab,11-01-2016 00:00,15054.19816
5961,Moga,15,3,Punjab,11-01-2016 00:00,15120.96341
5962,Muktsar,10,3,Punjab,11-01-2016 00:00,15130.83615
5963,Nawanshahr,12,3,Punjab,11-01-2016 00:00,15109.68729
5964,Patiala,6,3,Punjab,11-01-2016 00:00,14988.83911
5965,Sangrur,17,3,Punjab,11-01-2016 00:00,15097.5416
5966,Amritsar,16,3,Punjab,11-01-2016 00:00,15163.27117
5967,Firozpur,2,3,Punjab,11-01-2016 00:00,14937.12206
5968,Bathinda,11,3,Punjab,11-01-2016 00:00,15073.97672
5969,Gurdaspur,14,3,Punjab,11-01-2016 00:00,15111.64462
5970,Faridkot,1,3,Punjab,11-01-2016 00:00,14925.92531
5971,Fatehgarh Sahib,13,3,Punjab,11-01-2016 00:00,15130.12158
5972,Rupnagar,8,3,Punjab,11-01-2016 00:00,15065.74664
5973,Hardwar,3,5,Uttarakhand,11-01-2016 00:00,14445.35805
5974,Nainital,4,5,Uttarakhand,11-01-2016 00:00,14594.39093
5975,Pithoragarh,12,5,Uttarakhand,11-01-2016 00:00,15033.29837
5976,Bageshwar,1,5,Uttarakhand,11-01-2016 00:00,14220.64887
5977,Almora,13,5,Uttarakhand,11-01-2016 00:00,14914.06099
5978,Chamoli,11,5,Uttarakhand,11-01-2016 00:00,14814.30285
5979,Champawat,7,5,Uttarakhand,11-01-2016 00:00,14340.14399
5980,Dehradun,8,5,Uttarakhand,11-01-2016 00:00,14530.1484
5981,Garhwal,9,5,Uttarakhand,11-01-2016 00:00,14762.32858
5982,Rudraprayag,2,5,Uttarakhand,11-01-2016 00:00,14194.5808
5983,Tehri Garhwal,10,5,Uttarakhand,11-01-2016 00:00,14728.74995
5984,Udham Singh Nagar,5,5,Uttarakhand,11-01-2016 00:00,14772.90958
5985,Uttarkashi,6,5,Uttarakhand,11-01-2016 00:00,14730.91349
5986,Hisar,14,6,Haryana,11-01-2016 00:00,15051.83168
5987,Jind,11,6,Haryana,11-01-2016 00:00,15116.57983
5988,Kaithal,8,6,Haryana,11-01-2016 00:00,15081.9639
5989,Karnal,3,6,Haryana,11-01-2016 00:00,14971.42745
5990,Kurukshetra,15,6,Haryana,11-01-2016 00:00,15112.72399
5991,Panchkula,16,6,Haryana,11-01-2016 00:00,15254.05418
5992,Panipat,17,6,Haryana,11-01-2016 00:00,15180.51711
5993,Ambala,13,6,Haryana,11-01-2016 00:00,15190.68736
5994,Gurgaon,12,6,Haryana,11-01-2016 00:00,15097.17797
5995,Faridabad,9,6,Haryana,11-01-2016 00:00,15070.37768
5996,Fatehabad,5,6,Haryana,11-01-2016 00:00,15070.24765
5997,Rohtak,6,6,Haryana,11-01-2016 00:00,15075.76541
5998,Sirsa,4,6,Haryana,11-01-2016 00:00,15006.90751
5999,Sonipat,1,6,Haryana,11-01-2016 00:00,14979.51937
6000,Yamunanagar,7,6,Haryana,11-01-2016 00:00,15105.40218
6001,Jhajjar,2,6,Haryana,11-01-2016 00:00,15020.19213
6002,Mahendragarh,18,6,Haryana,11-01-2016 00:00,15122.71802
6003,Rewari,19,6,Haryana,11-01-2016 00:00,15083.82813
6004,Bhiwani,10,6,Haryana,11-01-2016 00:00,15104.33167
6005,Central,6,7,Delhi  & NCR,11-01-2016 00:00,15014.77818
6006,East,4,7,Delhi  & NCR,11-01-2016 00:00,15007.47162
6007,New Delhi,5,7,Delhi  & NCR,11-01-2016 00:00,14977.01107
6008,North,2,7,Delhi  & NCR,11-01-2016 00:00,15004.15669
6009,North East,3,7,Delhi  & NCR,11-01-2016 00:00,15023.37344
6010,North West,1,7,Delhi  & NCR,11-01-2016 00:00,15051.7944
6011,South,9,7,Delhi  & NCR,11-01-2016 00:00,14995.74504
6012,South West,8,7,Delhi  & NCR,11-01-2016 00:00,15023.83547
6013,West,7,7,Delhi  & NCR,11-01-2016 00:00,15023.5214
6014,Jaipur,19,8,Rajasthan,11-01-2016 00:00,15271.48267
6015,Jaisalmer,22,8,Rajasthan,11-01-2016 00:00,15286.54516
6016,Jalor,13,8,Rajasthan,11-01-2016 00:00,15300.98597
6017,Jhalawar,6,8,Rajasthan,11-01-2016 00:00,15192.93887
6018,Jhunjhunun,26,8,Rajasthan,11-01-2016 00:00,15204.90617
6019,Jodhpur,1,8,Rajasthan,11-01-2016 00:00,15227.89432
6020,Kota,2,8,Rajasthan,11-01-2016 00:00,15228.75699
6021,Nagaur,31,8,Rajasthan,11-01-2016 00:00,15314.87816
6022,Pali,12,8,Rajasthan,11-01-2016 00:00,15305.6569
6023,Rajsamand,16,8,Rajasthan,11-01-2016 00:00,15612.92544
6024,Sawai Madhopur,18,8,Rajasthan,11-01-2016 00:00,15395.83632
6025,Ajmer,32,8,Rajasthan,11-01-2016 00:00,15326.58784
6026,Banswara,5,8,Rajasthan,11-01-2016 00:00,15282.20588
6027,Barmer,15,8,Rajasthan,11-01-2016 00:00,15470.87569
6028,Bhilwara,30,8,Rajasthan,11-01-2016 00:00,15301.77831
6029,Bikaner,14,8,Rajasthan,11-01-2016 00:00,15392.91861
6030,Bharatpur,20,8,Rajasthan,11-01-2016 00:00,15361.86873
6031,Bundi,25,8,Rajasthan,11-01-2016 00:00,15213.20738
6032,Chittaurgarh,10,8,Rajasthan,11-01-2016 00:00,15230.22169
6033,Churu,21,8,Rajasthan,11-01-2016 00:00,15341.43889
6034,Dausa,28,8,Rajasthan,11-01-2016 00:00,15306.17435
6035,Dhaulpur,17,8,Rajasthan,11-01-2016 00:00,15510.89514
6036,Dungarpur,24,8,Rajasthan,11-01-2016 00:00,15296.47112
6037,Karauli,3,8,Rajasthan,11-01-2016 00:00,15462.17251
6038,Sirohi,7,8,Rajasthan,11-01-2016 00:00,15207.25219
6039,Tonk,23,8,Rajasthan,11-01-2016 00:00,15272.50073
6040,Sikar,29,8,Rajasthan,11-01-2016 00:00,15243.57056
6041,Alwar,4,8,Rajasthan,11-01-2016 00:00,15363.05843
6042,Udaipur,11,8,Rajasthan,11-01-2016 00:00,15262.94161
6043,Ganganagar,8,8,Rajasthan,11-01-2016 00:00,15256.44635
6044,Hanumangarh,27,8,Rajasthan,11-01-2016 00:00,15270.16956
6045,Baran,9,8,Rajasthan,11-01-2016 00:00,15246.57411
6046,Hathras,51,9,Uttar Pradesh,11-01-2016 00:00,15095.10844
6047,Jalaun,1,9,Uttar Pradesh,11-01-2016 00:00,14927.66822
6048,Jaunpur,24,9,Uttar Pradesh,11-01-2016 00:00,15062.0245
6049,Jhansi,49,9,Uttar Pradesh,11-01-2016 00:00,15081.03565
6050,Jyotiba Phule Nagar,70,9,Uttar Pradesh,11-01-2016 00:00,14999.43943
6051,Kannauj,54,9,Uttar Pradesh,11-01-2016 00:00,15129.57625
6052,Kanpur Nagar,26,9,Uttar Pradesh,11-01-2016 00:00,15081.67605
6053,Kaushambi,67,9,Uttar Pradesh,11-01-2016 00:00,15085.47009
6054,Kheri,11,9,Uttar Pradesh,11-01-2016 00:00,15011.73298
6055,Mirzapur,10,9,Uttar Pradesh,11-01-2016 00:00,15061.88876
6056,Moradabad,9,9,Uttar Pradesh,11-01-2016 00:00,15010.78537
6057,Muzaffarnagar,13,9,Uttar Pradesh,11-01-2016 00:00,15087.19923
6058,Rae Bareli,35,9,Uttar Pradesh,11-01-2016 00:00,15194.7146
6059,Kushinagar,64,9,Uttar Pradesh,11-01-2016 00:00,15096.15187
6060,Lucknow,36,9,Uttar Pradesh,11-01-2016 00:00,15258.16061
6061,Lalitpur,6,9,Uttar Pradesh,11-01-2016 00:00,14948.30607
6062,Mahrajganj,30,9,Uttar Pradesh,11-01-2016 00:00,15055.76626
6063,Mahoba,34,9,Uttar Pradesh,11-01-2016 00:00,15083.58476
6064,Mainpuri,44,9,Uttar Pradesh,11-01-2016 00:00,15074.54483
6065,Mathura,23,9,Uttar Pradesh,11-01-2016 00:00,15015.18382
6066,Mau,69,9,Uttar Pradesh,11-01-2016 00:00,15075.92367
6067,Meerut,4,9,Uttar Pradesh,11-01-2016 00:00,14993.26973
6068,Pilibhit,2,9,Uttar Pradesh,11-01-2016 00:00,14936.05017
6069,Pratapgarh,28,9,Uttar Pradesh,11-01-2016 00:00,15061.60402
6070,Rampur,59,9,Uttar Pradesh,11-01-2016 00:00,15083.3601
6071,Sant Ravidas Nagar Bhadohi,27,9,Uttar Pradesh,11-01-2016 00:00,15074.88507
6072,Sant Kabir Nagar,37,9,Uttar Pradesh,11-01-2016 00:00,15254.66794
6073,Shahjahanpur,57,9,Uttar Pradesh,11-01-2016 00:00,15089.49964
6074,Auraiya,39,9,Uttar Pradesh,11-01-2016 00:00,15235.09515
6075,Azamgarh,18,9,Uttar Pradesh,11-01-2016 00:00,15077.06357
6076,Budaun,14,9,Uttar Pradesh,11-01-2016 00:00,15109.1656
6077,Agra,62,9,Uttar Pradesh,11-01-2016 00:00,15081.59688
6078,Aligarh,7,9,Uttar Pradesh,11-01-2016 00:00,14956.40834
6079,Allahabad,21,9,Uttar Pradesh,11-01-2016 00:00,15039.24612
6080,Ambedkar Nagar,43,9,Uttar Pradesh,11-01-2016 00:00,15080.39247
6081,Bareilly,5,9,Uttar Pradesh,11-01-2016 00:00,15002.78236
6082,Bijnor,68,9,Uttar Pradesh,11-01-2016 00:00,15072.57095
6083,Basti,56,9,Uttar Pradesh,11-01-2016 00:00,15116.39197
6084,Baghpat,22,9,Uttar Pradesh,11-01-2016 00:00,15098.8757
6085,Bahraich,32,9,Uttar Pradesh,11-01-2016 00:00,15097.99804
6086,Ballia,61,9,Uttar Pradesh,11-01-2016 00:00,15085.33296
6087,Balrampur,19,9,Uttar Pradesh,11-01-2016 00:00,15061.31289
6088,Banda,15,9,Uttar Pradesh,11-01-2016 00:00,15145.67187
6089,Barabanki,12,9,Uttar Pradesh,11-01-2016 00:00,15064.57269
6090,Chitrakoot,45,9,Uttar Pradesh,11-01-2016 00:00,15071.25333
6091,Chandauli,48,9,Uttar Pradesh,11-01-2016 00:00,15064.75472
6092,Deoria,20,9,Uttar Pradesh,11-01-2016 00:00,15027.12247
6093,Etah,3,9,Uttar Pradesh,11-01-2016 00:00,14938.94496
6094,Kanpur Dehat,55,9,Uttar Pradesh,11-01-2016 00:00,15096.99766
6095,Etawah,8,9,Uttar Pradesh,11-01-2016 00:00,14985.89256
6096,Faizabad,50,9,Uttar Pradesh,11-01-2016 00:00,15051.01328
6097,Ghazipur,63,9,Uttar Pradesh,11-01-2016 00:00,15093.79124
6098,Gonda,52,9,Uttar Pradesh,11-01-2016 00:00,15089.8308
6099,Gorakhpur,40,9,Uttar Pradesh,11-01-2016 00:00,15136.89032
6100,Farrukhabad,46,9,Uttar Pradesh,11-01-2016 00:00,15075.50336
6101,Fatehpur,41,9,Uttar Pradesh,11-01-2016 00:00,15109.5301
6102,Firozabad,66,9,Uttar Pradesh,11-01-2016 00:00,15022.14399
6103,Hamirpur,60,9,Uttar Pradesh,11-01-2016 00:00,15116.87865
6104,Hardoi,17,9,Uttar Pradesh,11-01-2016 00:00,15076.80419
6105,Shrawasti,33,9,Uttar Pradesh,11-01-2016 00:00,15105.50966
6106,Saharanpur,31,9,Uttar Pradesh,11-01-2016 00:00,15089.83789
6107,Sitapur,47,9,Uttar Pradesh,11-01-2016 00:00,15069.37854
6108,Sultanpur,65,9,Uttar Pradesh,11-01-2016 00:00,15100.71511
6109,Sonbhadra,53,9,Uttar Pradesh,11-01-2016 00:00,15085.49623
6110,Siddharthnagar,58,9,Uttar Pradesh,11-01-2016 00:00,15105.67633
6111,Unnao,29,9,Uttar Pradesh,11-01-2016 00:00,15069.68623
6112,Varanasi,42,9,Uttar Pradesh,11-01-2016 00:00,15084.08141
6113,Bulandshahr,16,9,Uttar Pradesh,11-01-2016 00:00,15098.37101
6114,Gautam Buddha Nagar,38,9,Uttar Pradesh,11-01-2016 00:00,15200.11485
6115,Ghaziabad,25,9,Uttar Pradesh,11-01-2016 00:00,15090.58587
6116,Jamui,26,10,Bihar,11-01-2016 00:00,15057.12142
6117,Kishanganj,3,10,Bihar,11-01-2016 00:00,15114.94464
6118,Muzaffarpur,12,10,Bihar,11-01-2016 00:00,15025.20828
6119,Purnia,4,10,Bihar,11-01-2016 00:00,15087.46707
6120,Khagaria,16,10,Bihar,11-01-2016 00:00,15074.34529
6121,Madhubani,6,10,Bihar,11-01-2016 00:00,15061.60938
6122,Lakhisarai,18,10,Bihar,11-01-2016 00:00,15078.47629
6123,Madhepura,31,10,Bihar,11-01-2016 00:00,15023.01046
6124,Purba Champaran,35,10,Bihar,11-01-2016 00:00,15051.34937
6125,Munger,29,10,Bihar,11-01-2016 00:00,15064.0524
6126,Nalanda,30,10,Bihar,11-01-2016 00:00,15062.20024
6127,Nawada,33,10,Bihar,11-01-2016 00:00,15039.92382
6128,Pashchim Champaran,32,10,Bihar,11-01-2016 00:00,14993.17269
6129,Patna,37,10,Bihar,11-01-2016 00:00,15064.50021
6130,Samastipur,8,10,Bihar,11-01-2016 00:00,15115.89458
6131,Araria,14,10,Bihar,11-01-2016 00:00,15118.07968
6132,Aurangabad,9,10,Bihar,11-01-2016 00:00,15121.74633
6133,Banka,21,10,Bihar,11-01-2016 00:00,15082.7846
6134,Bhagalpur,5,10,Bihar,11-01-2016 00:00,15069.11224
6135,Begusarai,25,10,Bihar,11-01-2016 00:00,15058.4139
6136,Saran,11,10,Bihar,11-01-2016 00:00,15076.56656
6137,Katihar,2,10,Bihar,11-01-2016 00:00,15099.05132
6138,Darbhanga,24,10,Bihar,11-01-2016 00:00,15054.42841
6139,Gopalganj,27,10,Bihar,11-01-2016 00:00,15078.34946
6140,Sheikhpura,36,10,Bihar,11-01-2016 00:00,15031.85116
6141,Sheohar,1,10,Bihar,11-01-2016 00:00,15058.49773
6142,Saharsa,28,10,Bihar,11-01-2016 00:00,15059.88322
6143,Sitamarhi,19,10,Bihar,11-01-2016 00:00,15111.29332
6144,Siwan,7,10,Bihar,11-01-2016 00:00,15095.14562
6145,Supaul,34,10,Bihar,11-01-2016 00:00,15010.76601
6146,Vaishali,23,10,Bihar,11-01-2016 00:00,15087.33627
6147,Kaimur (Bhabua),22,10,Bihar,11-01-2016 00:00,15093.35582
6148,Gaya,20,10,Bihar,11-01-2016 00:00,15126.0723
6149,Bhojpur,17,10,Bihar,11-01-2016 00:00,15081.95529
6150,Buxar,10,10,Bihar,11-01-2016 00:00,15093.06368
6151,Jehanabad,13,10,Bihar,11-01-2016 00:00,15083.33026
6152,Rohtas,15,10,Bihar,11-01-2016 00:00,15083.83903
6153,North,3,11,Sikkim,11-01-2016 00:00,14582.53821
6154,East,2,11,Sikkim,11-01-2016 00:00,14445.68473
6155,South,1,11,Sikkim,11-01-2016 00:00,14159.98335
6156,West,4,11,Sikkim,11-01-2016 00:00,14521.70269
6157,Lohit,1,12,Arunanchal Pradesh,11-01-2016 00:00,14333.22743
6158,Lower Subansiri,13,12,Arunanchal Pradesh,11-01-2016 00:00,14715.58855
6159,Papum Pare,2,12,Arunanchal Pradesh,11-01-2016 00:00,14479.48849
6160,Changlang,7,12,Arunanchal Pradesh,11-01-2016 00:00,14484.03931
6161,Dibang Valley,9,12,Arunanchal Pradesh,11-01-2016 00:00,14359.90652
6162,East Kameng,6,12,Arunanchal Pradesh,11-01-2016 00:00,14340.22131
6163,East Siang,11,12,Arunanchal Pradesh,11-01-2016 00:00,14437.70109
6164,Tawang,5,12,Arunanchal Pradesh,11-01-2016 00:00,14406.72721
6165,Tirap,4,12,Arunanchal Pradesh,11-01-2016 00:00,14624.89838
6166,West Kameng,12,12,Arunanchal Pradesh,11-01-2016 00:00,14674.78772
6167,West Siang,10,12,Arunanchal Pradesh,11-01-2016 00:00,14320.31896
6168,Upper Siang,3,12,Arunanchal Pradesh,11-01-2016 00:00,14505.95725
6169,Upper Subansiri,8,12,Arunanchal Pradesh,11-01-2016 00:00,14751.30923
6170,Mokokchung,2,13,Nagaland,11-01-2016 00:00,14601.15411
6171,Mon,5,13,Nagaland,11-01-2016 00:00,14782.6376
6172,Phek,4,13,Nagaland,11-01-2016 00:00,14626.36382
6173,Tuensang,6,13,Nagaland,11-01-2016 00:00,14874.84437
6174,Wokha,7,13,Nagaland,11-01-2016 00:00,14706.90878
6175,Zunheboto,3,13,Nagaland,11-01-2016 00:00,14766.68244
6176,Dimapur,1,13,Nagaland,11-01-2016 00:00,14776.65041
6177,Kohima,8,13,Nagaland,11-01-2016 00:00,14579.91568
6178,Imphal East,2,14,Manipur,11-01-2016 00:00,14720.84092
6179,Imphal West,5,14,Manipur,11-01-2016 00:00,14826.73837
6180,Senapati (Excl. 3 sub-divisions),8,14,Manipur,11-01-2016 00:00,14659.30551
6181,Bishnupur,7,14,Manipur,11-01-2016 00:00,14848.45365
6182,Chandel,6,14,Manipur,11-01-2016 00:00,14876.55773
6183,Churachandpur,1,14,Manipur,11-01-2016 00:00,14654.4806
6184,Tamenglong,4,14,Manipur,11-01-2016 00:00,14797.24321
6185,Thoubal,9,14,Manipur,11-01-2016 00:00,14708.78079
6186,Ukhrul,3,14,Manipur,11-01-2016 00:00,14732.81058
6187,Kolasib,2,15,Mizoram,11-01-2016 00:00,14867.68471
6188,Mamit,1,15,Mizoram,11-01-2016 00:00,14849.56226
6189,Lunglei,6,15,Mizoram,11-01-2016 00:00,14792.23745
6190,Lawngtlai,7,15,Mizoram,11-01-2016 00:00,14844.82871
6191,Saiha,8,15,Mizoram,11-01-2016 00:00,14751.57502
6192,Serchhip,5,15,Mizoram,11-01-2016 00:00,14726.61842
6193,Aizawl,3,15,Mizoram,11-01-2016 00:00,14775.31032
6194,Champhai,4,15,Mizoram,11-01-2016 00:00,14702.56648
6195,North Tripura,2,16,Tripura,11-01-2016 00:00,14971.18455
6196,Dhalai,1,16,Tripura,11-01-2016 00:00,14989.04986
6197,South Tripura,4,16,Tripura,11-01-2016 00:00,14943.80657
6198,West Tripura,3,16,Tripura,11-01-2016 00:00,14942.09869
6199,Jaintia Hills,5,17,Meghalaya,11-01-2016 00:00,14829.48884
6200,East Garo Hills,3,17,Meghalaya,11-01-2016 00:00,14909.39096
6201,East Khasi Hills,1,17,Meghalaya,11-01-2016 00:00,14942.13149
6202,Ri Bhoi,4,17,Meghalaya,11-01-2016 00:00,14789.14815
6203,South Garo Hills,7,17,Meghalaya,11-01-2016 00:00,14803.64088
6204,West Garo Hills,2,17,Meghalaya,11-01-2016 00:00,14876.0761
6205,West Khasi Hills,6,17,Meghalaya,11-01-2016 00:00,14772.34469
6206,Jorhat,11,18,Assam,11-01-2016 00:00,15022.24494
6207,Karimganj,16,18,Assam,11-01-2016 00:00,14954.73829
6208,Kokrajhar,14,18,Assam,11-01-2016 00:00,14933.63673
6209,Lakhimpur,17,18,Assam,11-01-2016 00:00,14974.8078
6210,Nagaon,22,18,Assam,11-01-2016 00:00,14960.63815
6211,Marigaon,1,18,Assam,11-01-2016 00:00,15035.11137
6212,Nalbari,12,18,Assam,11-01-2016 00:00,15017.8184
6213,North Cachar Hills,10,18,Assam,11-01-2016 00:00,14977.2107
6214,Barpeta,9,18,Assam,11-01-2016 00:00,15026.77394
6215,Bongaigaon,7,18,Assam,11-01-2016 00:00,15049.07808
6216,Cachar,20,18,Assam,11-01-2016 00:00,14800.10649
6217,Darrang,5,18,Assam,11-01-2016 00:00,15033.0783
6218,Dhemaji,4,18,Assam,11-01-2016 00:00,15039.14327
6219,Dhubri,21,18,Assam,11-01-2016 00:00,14936.18617
6220,Dibrugarh,8,18,Assam,11-01-2016 00:00,15033.47621
6221,Kamrup,13,18,Assam,11-01-2016 00:00,15023.99675
6222,Karbi Anglong,2,18,Assam,11-01-2016 00:00,15024.69922
6223,Goalpara,15,18,Assam,11-01-2016 00:00,14973.21409
6224,Golaghat,6,18,Assam,11-01-2016 00:00,14984.41562
6225,Hailakandi,19,18,Assam,11-01-2016 00:00,14842.87888
6226,Sonitpur,3,18,Assam,11-01-2016 00:00,14987.33525
6227,Sibsagar,18,18,Assam,11-01-2016 00:00,14972.80039
6228,Tinsukia,23,18,Assam,11-01-2016 00:00,14944.21696
6229,Hugli,18,19,West Bengal,11-01-2016 00:00,15009.63663
6230,Jalpaiguri,4,19,West Bengal,11-01-2016 00:00,15094.55388
6231,Koch Bihar,12,19,West Bengal,11-01-2016 00:00,15044.97276
6232,Murshidabad,2,19,West Bengal,11-01-2016 00:00,15043.61212
6233,Puruliya,3,19,West Bengal,11-01-2016 00:00,15068.96167
6234,Kolkata,7,19,West Bengal,11-01-2016 00:00,15085.16489
6235,Maldah,14,19,West Bengal,11-01-2016 00:00,15054.60038
6236,Nadia,17,19,West Bengal,11-01-2016 00:00,15163.20938
6237,North Twenty Four Parganas,6,19,West Bengal,11-01-2016 00:00,15060.26383
6238,Medinipur,10,19,West Bengal,11-01-2016 00:00,15076.40551
6239,Barddhaman,11,19,West Bengal,11-01-2016 00:00,15006.63226
6240,Birbhum,15,19,West Bengal,11-01-2016 00:00,15028.37317
6241,Bankura,9,19,West Bengal,11-01-2016 00:00,15065.61128
6242,Dakshin Dinajpur,8,19,West Bengal,11-01-2016 00:00,15094.86669
6243,Darjiling,13,19,West Bengal,11-01-2016 00:00,15057.41062
6244,Haora,5,19,West Bengal,11-01-2016 00:00,15088.78866
6245,South  Twenty Four Parganas,1,19,West Bengal,11-01-2016 00:00,14805.76707
6246,Uttar Dinajpur,16,19,West Bengal,11-01-2016 00:00,15014.1841
6247,Purbi Singhbhum,14,20,Jharkhand,11-01-2016 00:00,14992.2981
6248,Lohardaga,9,20,Jharkhand,11-01-2016 00:00,15053.87384
6249,Pakaur,1,20,Jharkhand,11-01-2016 00:00,14981.69579
6250,Pashchimi Singhbhum,2,20,Jharkhand,11-01-2016 00:00,14957.50088
6251,Bokaro,3,20,Jharkhand,11-01-2016 00:00,14974.17522
6252,Deoghar,4,20,Jharkhand,11-01-2016 00:00,14982.49282
6253,Dhanbad,5,20,Jharkhand,11-01-2016 00:00,14997.9909
6254,Dumka,18,20,Jharkhand,11-01-2016 00:00,15042.14386
6255,Giridih,15,20,Jharkhand,11-01-2016 00:00,14942.3261
6256,Godda,10,20,Jharkhand,11-01-2016 00:00,15134.77306
6257,Gumla,17,20,Jharkhand,11-01-2016 00:00,14983.68025
6258,Ranchi,13,20,Jharkhand,11-01-2016 00:00,15047.79019
6259,Sahibganj,7,20,Jharkhand,11-01-2016 00:00,15132.02377
6260,Garhwa,12,20,Jharkhand,11-01-2016 00:00,15072.91741
6261,Palamu,11,20,Jharkhand,11-01-2016 00:00,15109.2917
6262,Chatra,6,20,Jharkhand,11-01-2016 00:00,15063.61498
6263,Hazaribagh,8,20,Jharkhand,11-01-2016 00:00,15081.39125
6264,Kodarma,16,20,Jharkhand,11-01-2016 00:00,15001.37376
6265,Jajapur,27,21,Orissa,11-01-2016 00:00,14975.66691
6266,Jagatsinghapur,5,21,Orissa,11-01-2016 00:00,14989.89999
6267,Jharsuguda,23,21,Orissa,11-01-2016 00:00,15002.05093
6268,Khordha,13,21,Orissa,11-01-2016 00:00,15065.92674
6269,Mayurbhanj,11,21,Orissa,11-01-2016 00:00,15010.43703
6270,Puri,2,21,Orissa,11-01-2016 00:00,15023.88105
6271,Koraput,17,21,Orissa,11-01-2016 00:00,15056.75087
6272,Malkangiri,7,21,Orissa,11-01-2016 00:00,14978.84319
6273,Nabarangapur,18,21,Orissa,11-01-2016 00:00,15022.64349
6274,Nayagarh,29,21,Orissa,11-01-2016 00:00,15030.4234
6275,Nuapada,30,21,Orissa,11-01-2016 00:00,15007.22193
6276,Kandhamal,28,21,Orissa,11-01-2016 00:00,15076.37662
6277,Sambalpur,16,21,Orissa,11-01-2016 00:00,14997.83295
6278,Anugul,25,21,Orissa,11-01-2016 00:00,15026.81923
6279,Bhadrak,21,21,Orissa,11-01-2016 00:00,14905.90387
6280,Baudh,3,21,Orissa,11-01-2016 00:00,14968.47259
6281,Balangir,15,21,Orissa,11-01-2016 00:00,15000.60412
6282,Baleshwar,9,21,Orissa,11-01-2016 00:00,15015.5029
6283,Bargarh,22,21,Orissa,11-01-2016 00:00,14969.78767
6284,Kendrapara,24,21,Orissa,11-01-2016 00:00,15034.54641
6285,Kendujhar,8,21,Orissa,11-01-2016 00:00,15007.69172
6286,Debagarh,1,21,Orissa,11-01-2016 00:00,15035.23136
6287,Cuttack,10,21,Orissa,11-01-2016 00:00,14999.73359
6288,Dhenkanal,6,21,Orissa,11-01-2016 00:00,15004.78184
6289,Kalahandi,4,21,Orissa,11-01-2016 00:00,15000.02204
6290,Ganjam,12,21,Orissa,11-01-2016 00:00,15043.35837
6291,Gajapati,14,21,Orissa,11-01-2016 00:00,15024.84138
6292,Rayagada,26,21,Orissa,11-01-2016 00:00,14982.44364
6293,Sundargarh,19,21,Orissa,11-01-2016 00:00,15019.33506
6294,Sonapur,20,21,Orissa,11-01-2016 00:00,14958.63085
6295,Jashpur,2,22,Chhattisgarh,11-01-2016 00:00,14959.55005
6296,Koriya,7,22,Chhattisgarh,11-01-2016 00:00,15044.63435
6297,Mahasamund,6,22,Chhattisgarh,11-01-2016 00:00,15049.66979
6298,Raigarh,5,22,Chhattisgarh,11-01-2016 00:00,14981.21028
6299,Raipur,8,22,Chhattisgarh,11-01-2016 00:00,15085.55512
6300,Rajnandgaon,3,22,Chhattisgarh,11-01-2016 00:00,14995.68253
6301,Bastar,1,22,Chhattisgarh,11-01-2016 00:00,14957.61946
6302,Dantewada,12,22,Chhattisgarh,11-01-2016 00:00,15072.40781
6303,Dhamtari,4,22,Chhattisgarh,11-01-2016 00:00,15020.80194
6304,Durg,11,22,Chhattisgarh,11-01-2016 00:00,15061.88444
6305,Kanker,9,22,Chhattisgarh,11-01-2016 00:00,15076.98344
6306,Surguja,15,22,Chhattisgarh,11-01-2016 00:00,14991.20336
6307,Bilaspur,16,22,Chhattisgarh,11-01-2016 00:00,14986.25487
6308,Janjgir - Champa,13,22,Chhattisgarh,11-01-2016 00:00,15021.22384
6309,Korba,10,22,Chhattisgarh,11-01-2016 00:00,15116.15331
6310,Kawardha,14,22,Chhattisgarh,11-01-2016 00:00,15011.54727
6311,Hoshangabad,22,23,Madhya Pradesh,11-01-2016 00:00,15373.50918
6312,Indore,6,23,Madhya Pradesh,11-01-2016 00:00,15286.34042
6313,Jabalpur,20,23,Madhya Pradesh,11-01-2016 00:00,15339.36877
6314,Jhabua,14,23,Madhya Pradesh,11-01-2016 00:00,15120.90444
6315,Mandsaur,11,23,Madhya Pradesh,11-01-2016 00:00,15293.28493
6316,Tikamgarh,17,23,Madhya Pradesh,11-01-2016 00:00,15025.50433
6317,Narsimhapur,21,23,Madhya Pradesh,11-01-2016 00:00,15327.48509
6318,Neemuch,31,23,Madhya Pradesh,11-01-2016 00:00,15362.23874
6319,Panna,27,23,Madhya Pradesh,11-01-2016 00:00,15332.27815
6320,Raisen,2,23,Madhya Pradesh,11-01-2016 00:00,15234.21884
6321,Rajgarh,1,23,Madhya Pradesh,11-01-2016 00:00,15236.71785
6322,Satna,41,23,Madhya Pradesh,11-01-2016 00:00,15067.7547
6323,Sehore,42,23,Madhya Pradesh,11-01-2016 00:00,15059.55325
6324,Seoni,16,23,Madhya Pradesh,11-01-2016 00:00,15050.68727
6325,Bhind,15,23,Madhya Pradesh,11-01-2016 00:00,15034.66761
6326,Bhopal,37,23,Madhya Pradesh,11-01-2016 00:00,15169.05168
6327,Barwani,26,23,Madhya Pradesh,11-01-2016 00:00,15307.00504
6328,Betul,39,23,Madhya Pradesh,11-01-2016 00:00,15139.69456
6329,Balaghat,24,23,Madhya Pradesh,11-01-2016 00:00,15329.54369
6330,Chhatarpur,19,23,Madhya Pradesh,11-01-2016 00:00,15293.06905
6331,Chhindwara,8,23,Madhya Pradesh,11-01-2016 00:00,15275.15948
6332,Dewas,40,23,Madhya Pradesh,11-01-2016 00:00,15153.13764
6333,Katni,18,23,Madhya Pradesh,11-01-2016 00:00,15278.21613
6334,Datia,10,23,Madhya Pradesh,11-01-2016 00:00,15175.5425
6335,Damoh,34,23,Madhya Pradesh,11-01-2016 00:00,15210.6636
6336,Dhar,30,23,Madhya Pradesh,11-01-2016 00:00,15361.65524
6337,East Nimar,13,23,Madhya Pradesh,11-01-2016 00:00,15123.71916
6338,Guna,33,23,Madhya Pradesh,11-01-2016 00:00,15299.53979
6339,Gwalior,44,23,Madhya Pradesh,11-01-2016 00:00,15182.19126
6340,Harda,3,23,Madhya Pradesh,11-01-2016 00:00,15191.72636
6341,Shajapur,32,23,Madhya Pradesh,11-01-2016 00:00,15288.82991
6342,Shivpuri,28,23,Madhya Pradesh,11-01-2016 00:00,15394.02975
6343,Ratlam,35,23,Madhya Pradesh,11-01-2016 00:00,15201.51432
6344,Rewa,45,23,Madhya Pradesh,11-01-2016 00:00,15011.60533
6345,Sagar,9,23,Madhya Pradesh,11-01-2016 00:00,15216.8913
6346,Sidhi,43,23,Madhya Pradesh,11-01-2016 00:00,15183.69767
6347,Ujjain,23,23,Madhya Pradesh,11-01-2016 00:00,15283.57057
6348,Vidisha,38,23,Madhya Pradesh,11-01-2016 00:00,15117.51204
6349,West Nimar,5,23,Madhya Pradesh,11-01-2016 00:00,15232.44907
6350,Morena,12,23,Madhya Pradesh,11-01-2016 00:00,15239.03344
6351,Sheopur,25,23,Madhya Pradesh,11-01-2016 00:00,15343.21504
6352,Dindori,29,23,Madhya Pradesh,11-01-2016 00:00,15251.07317
6353,Mandla,7,23,Madhya Pradesh,11-01-2016 00:00,15347.46831
6354,Shahdol,4,23,Madhya Pradesh,11-01-2016 00:00,15242.23201
6355,Umaria,36,23,Madhya Pradesh,11-01-2016 00:00,15282.12467
6356,Jamnagar,5,24,Gujarat,11-01-2016 00:00,15255.73854
6357,Kheda,8,24,Gujarat,11-01-2016 00:00,15449.42767
6358,Mahesana,23,24,Gujarat,11-01-2016 00:00,15152.58838
6359,Narmada,19,24,Gujarat,11-01-2016 00:00,15232.70711
6360,Navsari,25,24,Gujarat,11-01-2016 00:00,15236.19512
6361,Panch Mahals,21,24,Gujarat,11-01-2016 00:00,15322.05222
6362,Patan,22,24,Gujarat,11-01-2016 00:00,15230.62
6363,Porbandar,10,24,Gujarat,11-01-2016 00:00,15422.02421
6364,Rajkot,16,24,Gujarat,11-01-2016 00:00,15247.90712
6365,Anand,4,24,Gujarat,11-01-2016 00:00,15308.96703
6366,Ahmadabad,20,24,Gujarat,11-01-2016 00:00,15201.17944
6367,Amreli,24,24,Gujarat,11-01-2016 00:00,15222.11769
6368,Bhavnagar,17,24,Gujarat,11-01-2016 00:00,15208.722
6369,Banas Kantha,3,24,Gujarat,11-01-2016 00:00,15414.82449
6370,Dohad,11,24,Gujarat,11-01-2016 00:00,15442.61181
6371,Junagadh,9,24,Gujarat,11-01-2016 00:00,15412.58881
6372,Kachchh,15,24,Gujarat,11-01-2016 00:00,15256.40591
6373,Gandhinagar,7,24,Gujarat,11-01-2016 00:00,15409.08797
6374,Sabar Kantha,13,24,Gujarat,11-01-2016 00:00,15367.8723
6375,Surendranagar,14,24,Gujarat,11-01-2016 00:00,15378.27253
6376,The Dangs,2,24,Gujarat,11-01-2016 00:00,15338.46867
6377,Vadodara,18,24,Gujarat,11-01-2016 00:00,15247.45106
6378,Valsad,12,24,Gujarat,11-01-2016 00:00,15362.64284
6379,Bharuch,1,24,Gujarat,11-01-2016 00:00,15427.76289
6380,Surat,6,24,Gujarat,11-01-2016 00:00,15274.49326
6381,Daman,2,25,Daman & Diu,11-01-2016 00:00,15232.31996
6382,Diu,1,25,Daman & Diu,11-01-2016 00:00,15199.39344
6383,Hingoli,32,27,Maharashtra,11-01-2016 00:00,15194.27222
6384,Jalgaon,24,27,Maharashtra,11-01-2016 00:00,15234.43406
6385,Jalna,21,27,Maharashtra,11-01-2016 00:00,15260.17115
6386,Kolhapur,30,27,Maharashtra,11-01-2016 00:00,15454.52796
6387,Latur,33,27,Maharashtra,11-01-2016 00:00,15193.31562
6388,Pune,8,27,Maharashtra,11-01-2016 00:00,15211.92394
6389,Nagpur,6,27,Maharashtra,11-01-2016 00:00,15274.94925
6390,Mumbai,14,27,Maharashtra,11-01-2016 00:00,15192.0778
6391,Mumbai (Suburban),16,27,Maharashtra,11-01-2016 00:00,15315.70259
6392,Nanded,3,27,Maharashtra,11-01-2016 00:00,15276.19271
6393,Nandurbar,18,27,Maharashtra,11-01-2016 00:00,15309.52551
6394,Nashik,34,27,Maharashtra,11-01-2016 00:00,15159.40709
6395,Osmanabad,28,27,Maharashtra,11-01-2016 00:00,15370.72081
6396,Parbhani,25,27,Maharashtra,11-01-2016 00:00,15276.09903
6397,Sangli,9,27,Maharashtra,11-01-2016 00:00,15153.77388
6398,Satara,23,27,Maharashtra,11-01-2016 00:00,15294.81253
6399,Aurangabad,22,27,Maharashtra,11-01-2016 00:00,15287.8364
6400,Ahmadnagar,15,27,Maharashtra,11-01-2016 00:00,15273.91297
6401,Akola,1,27,Maharashtra,11-01-2016 00:00,15304.33449
6402,Amravati,20,27,Maharashtra,11-01-2016 00:00,15321.08066
6403,Bid,29,27,Maharashtra,11-01-2016 00:00,15437.71747
6404,Bhandara,17,27,Maharashtra,11-01-2016 00:00,15352.3523
6405,Buldana,35,27,Maharashtra,11-01-2016 00:00,15419.89145
6406,Chandrapur,31,27,Maharashtra,11-01-2016 00:00,15307.0225
6407,Dhule,19,27,Maharashtra,11-01-2016 00:00,15286.64196
6408,Gadchiroli,26,27,Maharashtra,11-01-2016 00:00,15372.19129
6409,Gondiya,5,27,Maharashtra,11-01-2016 00:00,15273.00421
6410,Ratnagiri,7,27,Maharashtra,11-01-2016 00:00,15199.41498
6411,Raigarh,27,27,Maharashtra,11-01-2016 00:00,15364.31498
6412,Thane,10,27,Maharashtra,11-01-2016 00:00,15090.0257
6413,Solapur,4,27,Maharashtra,11-01-2016 00:00,15298.94645
6414,Sindhudurg,13,27,Maharashtra,11-01-2016 00:00,15097.44634
6415,Wardha,2,27,Maharashtra,11-01-2016 00:00,15431.61123
6416,Washim,12,27,Maharashtra,11-01-2016 00:00,15012.12072
6417,Yavatmal,11,27,Maharashtra,11-01-2016 00:00,15057.12735
6418,Hyderabad,6,28,Andhra Pradesh,11-01-2016 00:00,15258.7668
6419,Khammam,11,28,Andhra Pradesh,11-01-2016 00:00,15122.84969
6420,Medak,15,28,Andhra Pradesh,11-01-2016 00:00,15129.38545
6421,Krishna,13,28,Andhra Pradesh,11-01-2016 00:00,15025.64687
6422,Kurnool,12,28,Andhra Pradesh,11-01-2016 00:00,15112.06241
6423,Mahbubnagar,9,28,Andhra Pradesh,11-01-2016 00:00,15134.97859
6424,Nalgonda,5,28,Andhra Pradesh,11-01-2016 00:00,15228.31096
6425,Nellore,10,28,Andhra Pradesh,11-01-2016 00:00,15104.76014
6426,Nizamabad,4,28,Andhra Pradesh,11-01-2016 00:00,15227.54473
6427,Prakasam,16,28,Andhra Pradesh,11-01-2016 00:00,15122.4135
6428,Anantapur,21,28,Andhra Pradesh,11-01-2016 00:00,15326.05554
6429,Adilabad,7,28,Andhra Pradesh,11-01-2016 00:00,15287.32947
6430,Chittoor,8,28,Andhra Pradesh,11-01-2016 00:00,15240.16216
6431,Cuddapah,19,28,Andhra Pradesh,11-01-2016 00:00,15401.55148
6432,East Godavari,2,28,Andhra Pradesh,11-01-2016 00:00,15211.73293
6433,Karimnagar,18,28,Andhra Pradesh,11-01-2016 00:00,15375.53368
6434,Guntur,22,28,Andhra Pradesh,11-01-2016 00:00,15507.66643
6435,Rangareddi,1,28,Andhra Pradesh,11-01-2016 00:00,15126.60554
6436,Srikakulam,23,28,Andhra Pradesh,11-01-2016 00:00,15329.72848
6437,West Godavari,20,28,Andhra Pradesh,11-01-2016 00:00,15367.01793
6438,Visakhapatnam,14,28,Andhra Pradesh,11-01-2016 00:00,15078.6182
6439,Vizianagaram,3,28,Andhra Pradesh,11-01-2016 00:00,15153.67274
6440,Warangal,17,28,Andhra Pradesh,11-01-2016 00:00,15195.10085
6441,Hassan,15,29,Karnataka,11-01-2016 00:00,15094.57429
6442,Haveri,18,29,Karnataka,11-01-2016 00:00,15376.31686
6443,Kodagu,16,29,Karnataka,11-01-2016 00:00,15176.90069
6444,Kolar,10,29,Karnataka,11-01-2016 00:00,15036.38969
6445,Mandya,23,29,Karnataka,11-01-2016 00:00,15236.14394
6446,Koppal,11,29,Karnataka,11-01-2016 00:00,15446.06887
6447,Mysore,25,29,Karnataka,11-01-2016 00:00,14968.23498
6448,Raichur,19,29,Karnataka,11-01-2016 00:00,15340.85408
6449,Bagalkot,22,29,Karnataka,11-01-2016 00:00,15259.58845
6450,Bangalore,7,29,Karnataka,11-01-2016 00:00,15478.86889
6451,Bidar,26,29,Karnataka,11-01-2016 00:00,15300.0035
6452,Bijapur,6,29,Karnataka,11-01-2016 00:00,15333.20045
6453,Belgaum,2,29,Karnataka,11-01-2016 00:00,15431.32728
6454,Bellary,20,29,Karnataka,11-01-2016 00:00,15249.22678
6455,Bangalore Rural,5,29,Karnataka,11-01-2016 00:00,15338.76675
6456,Chamarajanagar,3,29,Karnataka,11-01-2016 00:00,15430.8757
6457,Chikmagalur,1,29,Karnataka,11-01-2016 00:00,15354.5215
6458,Chitradurga,12,29,Karnataka,11-01-2016 00:00,15397.66116
6459,Dakshina Kannada,21,29,Karnataka,11-01-2016 00:00,15288.94237
6460,Davanagere,27,29,Karnataka,11-01-2016 00:00,15342.41242
6461,Dharwad,17,29,Karnataka,11-01-2016 00:00,15123.88057
6462,Gulbarga,13,29,Karnataka,11-01-2016 00:00,15506.28246
6463,Gadag,24,29,Karnataka,11-01-2016 00:00,15117.24976
6464,Shimoga,14,29,Karnataka,11-01-2016 00:00,15341.88419
6465,Tumkur,9,29,Karnataka,11-01-2016 00:00,15530.70563
6466,Udupi,4,29,Karnataka,11-01-2016 00:00,15334.45186
6467,Uttara Kannada,8,29,Karnataka,11-01-2016 00:00,15617.20828
6468,North Goa,2,30,Goa,11-01-2016 00:00,15127.18135
6469,South Goa,1,30,Goa,11-01-2016 00:00,15174.00812
6470,Idukki,7,32,Kerala,11-01-2016 00:00,15108.56411
6471,Kollam,14,32,Kerala,11-01-2016 00:00,15122.53769
6472,Kottayam,3,32,Kerala,11-01-2016 00:00,14956.4451
6473,Kozhikode,9,32,Kerala,11-01-2016 00:00,14942.25648
6474,Malappuram,13,32,Kerala,11-01-2016 00:00,15056.66192
6475,Palakkad,10,32,Kerala,11-01-2016 00:00,15149.19015
6476,Pathanamthitta,4,32,Kerala,11-01-2016 00:00,15112.6722
6477,Alappuzha,5,32,Kerala,11-01-2016 00:00,15108.70703
6478,Kasaragod,6,32,Kerala,11-01-2016 00:00,15067.66759
6479,Kannur,12,32,Kerala,11-01-2016 00:00,15019.61484
6480,Ernakulam,11,32,Kerala,11-01-2016 00:00,15135.26066
6481,Thrissur,1,32,Kerala,11-01-2016 00:00,15158.98809
6482,Thiruvananthapuram,2,32,Kerala,11-01-2016 00:00,15137.06187
6483,Wayanad,8,32,Kerala,11-01-2016 00:00,15151.28593
6484,Kanniyakumari,23,33,Tamil Nadu,11-01-2016 00:00,15412.15202
6485,Karur,15,33,Tamil Nadu,11-01-2016 00:00,15397.55848
6486,Madurai,29,33,Tamil Nadu,11-01-2016 00:00,15309.65568
6487,Namakkal,6,33,Tamil Nadu,11-01-2016 00:00,15348.6596
6488,The Nilgiris,28,33,Tamil Nadu,11-01-2016 00:00,15397.42222
6489,Perambalur,25,33,Tamil Nadu,11-01-2016 00:00,15219.23633
6490,Pudukkottai,4,33,Tamil Nadu,11-01-2016 00:00,15307.47486
6491,Ramanathapuram,7,33,Tamil Nadu,11-01-2016 00:00,15371.67066
6492,Salem,26,33,Tamil Nadu,11-01-2016 00:00,15446.77029
6493,Ariyalur,2,33,Tamil Nadu,11-01-2016 00:00,15286.5483
6494,Coimbatore,3,33,Tamil Nadu,11-01-2016 00:00,15298.63079
6495,Cuddalore,1,33,Tamil Nadu,11-01-2016 00:00,15268.6493
6496,Dharmapuri,21,33,Tamil Nadu,11-01-2016 00:00,15184.25762
6497,Dindigul,20,33,Tamil Nadu,11-01-2016 00:00,15188.80262
6498,Erode,19,33,Tamil Nadu,11-01-2016 00:00,15167.18042
6499,Sivaganga,30,33,Tamil Nadu,11-01-2016 00:00,15128.04538
6500,Tiruchirappalli,14,33,Tamil Nadu,11-01-2016 00:00,15573.46746
6501,Tirunelveli,24,33,Tamil Nadu,11-01-2016 00:00,15379.13066
6502,Tiruvannamalai,9,33,Tamil Nadu,11-01-2016 00:00,15475.3352
6503,Thoothukkudi,11,33,Tamil Nadu,11-01-2016 00:00,14927.7682
6504,Theni,16,33,Tamil Nadu,11-01-2016 00:00,15353.5805
6505,Vellore,22,33,Tamil Nadu,11-01-2016 00:00,15352.26114
6506,Viluppuram,27,33,Tamil Nadu,11-01-2016 00:00,15419.30635
6507,Virudhunagar,8,33,Tamil Nadu,11-01-2016 00:00,15399.80787
6508,Chennai,17,33,Tamil Nadu,11-01-2016 00:00,15268.70567
6509,Kancheepuram,12,33,Tamil Nadu,11-01-2016 00:00,15270.03388
6510,Thiruvallur,18,33,Tamil Nadu,11-01-2016 00:00,15311.15515
6511,Thanjavur,5,33,Tamil Nadu,11-01-2016 00:00,15345.50953
6512,Thiruvarur,13,33,Tamil Nadu,11-01-2016 00:00,15224.87635
6513,Nagapattinam,10,33,Tamil Nadu,11-01-2016 00:00,15389.96311
6514,Pondicherry,1,34,Puducherry,11-01-2016 00:00,15148.33876
6515,Yanam,4,34,Puducherry,11-01-2016 00:00,15205.61121
6516,Karaikal,3,34,Puducherry,11-01-2016 00:00,15187.25398
6517,Mahe,2,34,Puducherry,11-01-2016 00:00,15257.97696
6518,Nicobars,2,35,Andaman & Nicobar Island,11-01-2016 00:00,14987.40878
6519,Andamans,1,35,Andaman & Nicobar Island,11-01-2016 00:00,14921.84394
6520,Chandigarh,1,31,Lakshadweep,12-01-2016 00:00,15023.27447
6521,Dadra & Nagar Haveli,1,4,Chandigarh,12-01-2016 00:00,14712.98416
6522,Lakshadweep,1,26,Dadara & Nagar Havelli,12-01-2016 00:00,15236.52121
6523,Data Not Available,99,99,Jammu and Kashmir,12-01-2016 00:00,13466.16984
6524,Jammu,3,1,Jammu and Kashmir,12-01-2016 00:00,13898.42281
6525,Kargil,10,1,Jammu and Kashmir,12-01-2016 00:00,14489.48531
6526,Kathua,13,1,Jammu and Kashmir,12-01-2016 00:00,14669.48792
6527,Leh (Ladakh),8,1,Jammu and Kashmir,12-01-2016 00:00,13512.49517
6528,Kupwara,14,1,Jammu and Kashmir,12-01-2016 00:00,14621.13831
6529,Punch,7,1,Jammu and Kashmir,12-01-2016 00:00,13556.96666
6530,Pulwama,1,1,Jammu and Kashmir,12-01-2016 00:00,13946.62707
6531,Rajauri,11,1,Jammu and Kashmir,12-01-2016 00:00,14479.59059
6532,Anantnag,5,1,Jammu and Kashmir,12-01-2016 00:00,14160.30706
6533,Badgam,12,1,Jammu and Kashmir,12-01-2016 00:00,14612.8006
6534,Baramula,6,1,Jammu and Kashmir,12-01-2016 00:00,14009.17552
6535,Doda,4,1,Jammu and Kashmir,12-01-2016 00:00,14088.79659
6536,Srinagar,2,1,Jammu and Kashmir,12-01-2016 00:00,13888.28265
6537,Udhampur,9,1,Jammu and Kashmir,12-01-2016 00:00,13918.17109
6538,Kangra,11,2,Himachal Pradesh,12-01-2016 00:00,14458.62374
6539,Kinnaur,10,2,Himachal Pradesh,12-01-2016 00:00,14610.88397
6540,Lahul & Spiti,9,2,Himachal Pradesh,12-01-2016 00:00,14624.52174
6541,Kullu,7,2,Himachal Pradesh,12-01-2016 00:00,14687.34485
6542,Mandi,2,2,Himachal Pradesh,12-01-2016 00:00,14483.46462
6543,Bilaspur,12,2,Himachal Pradesh,12-01-2016 00:00,13937.76908
6544,Chamba,3,2,Himachal Pradesh,12-01-2016 00:00,13678.24749
6545,Hamirpur,4,2,Himachal Pradesh,12-01-2016 00:00,14131.09171
6546,Shimla,5,2,Himachal Pradesh,12-01-2016 00:00,14518.27132
6547,Sirmaur,8,2,Himachal Pradesh,12-01-2016 00:00,14571.77022
6548,Solan,1,2,Himachal Pradesh,12-01-2016 00:00,14208.71853
6549,Una,6,2,Himachal Pradesh,12-01-2016 00:00,14606.31252
6550,Hoshiarpur,7,3,Punjab,12-01-2016 00:00,14656.79466
6551,Jalandhar,5,3,Punjab,12-01-2016 00:00,14666.84085
6552,Kapurthala,4,3,Punjab,12-01-2016 00:00,14660.27922
6553,Ludhiana,3,3,Punjab,12-01-2016 00:00,14619.7124
6554,Mansa,9,3,Punjab,12-01-2016 00:00,14702.19009
6555,Moga,15,3,Punjab,12-01-2016 00:00,14833.35787
6556,Muktsar,10,3,Punjab,12-01-2016 00:00,14736.0265
6557,Nawanshahr,12,3,Punjab,12-01-2016 00:00,14860.90714
6558,Patiala,6,3,Punjab,12-01-2016 00:00,14659.4793
6559,Sangrur,17,3,Punjab,12-01-2016 00:00,14648.40973
6560,Amritsar,16,3,Punjab,12-01-2016 00:00,14713.90509
6561,Firozpur,2,3,Punjab,12-01-2016 00:00,14692.26134
6562,Bathinda,11,3,Punjab,12-01-2016 00:00,14820.23208
6563,Gurdaspur,14,3,Punjab,12-01-2016 00:00,14824.27219
6564,Faridkot,1,3,Punjab,12-01-2016 00:00,14608.15842
6565,Fatehgarh Sahib,13,3,Punjab,12-01-2016 00:00,14795.649
6566,Rupnagar,8,3,Punjab,12-01-2016 00:00,14643.03957
6567,Hardwar,3,5,Uttarakhand,12-01-2016 00:00,14347.03505
6568,Nainital,4,5,Uttarakhand,12-01-2016 00:00,14446.32116
6569,Pithoragarh,12,5,Uttarakhand,12-01-2016 00:00,14698.50178
6570,Bageshwar,1,5,Uttarakhand,12-01-2016 00:00,14107.11192
6571,Almora,13,5,Uttarakhand,12-01-2016 00:00,14694.09479
6572,Chamoli,11,5,Uttarakhand,12-01-2016 00:00,14635.96833
6573,Champawat,7,5,Uttarakhand,12-01-2016 00:00,14211.85658
6574,Dehradun,8,5,Uttarakhand,12-01-2016 00:00,14405.72505
6575,Garhwal,9,5,Uttarakhand,12-01-2016 00:00,14567.9192
6576,Rudraprayag,2,5,Uttarakhand,12-01-2016 00:00,14074.35379
6577,Tehri Garhwal,10,5,Uttarakhand,12-01-2016 00:00,14563.27104
6578,Udham Singh Nagar,5,5,Uttarakhand,12-01-2016 00:00,14611.36544
6579,Uttarkashi,6,5,Uttarakhand,12-01-2016 00:00,14557.43987
6580,Hisar,14,6,Haryana,12-01-2016 00:00,14800.08451
6581,Jind,11,6,Haryana,12-01-2016 00:00,14911.72559
6582,Kaithal,8,6,Haryana,12-01-2016 00:00,14752.03636
6583,Karnal,3,6,Haryana,12-01-2016 00:00,14664.56376
6584,Kurukshetra,15,6,Haryana,12-01-2016 00:00,14797.27192
6585,Panchkula,16,6,Haryana,12-01-2016 00:00,14923.1502
6586,Panipat,17,6,Haryana,12-01-2016 00:00,14783.89079
6587,Ambala,13,6,Haryana,12-01-2016 00:00,14898.65311
6588,Gurgaon,12,6,Haryana,12-01-2016 00:00,14841.4145
6589,Faridabad,9,6,Haryana,12-01-2016 00:00,14737.22888
6590,Fatehabad,5,6,Haryana,12-01-2016 00:00,14635.31481
6591,Rohtak,6,6,Haryana,12-01-2016 00:00,14647.13422
6592,Sirsa,4,6,Haryana,12-01-2016 00:00,14617.9054
6593,Sonipat,1,6,Haryana,12-01-2016 00:00,14732.35167
6594,Yamunanagar,7,6,Haryana,12-01-2016 00:00,14697.72637
6595,Jhajjar,2,6,Haryana,12-01-2016 00:00,14645.2962
6596,Mahendragarh,18,6,Haryana,12-01-2016 00:00,14822.68992
6597,Rewari,19,6,Haryana,12-01-2016 00:00,14812.28238
6598,Bhiwani,10,6,Haryana,12-01-2016 00:00,14838.79056
6599,Central,6,7,Delhi  & NCR,12-01-2016 00:00,14769.09505
6600,East,4,7,Delhi  & NCR,12-01-2016 00:00,14778.72662
6601,New Delhi,5,7,Delhi  & NCR,12-01-2016 00:00,14734.23274
6602,North,2,7,Delhi  & NCR,12-01-2016 00:00,14768.39684
6603,North East,3,7,Delhi  & NCR,12-01-2016 00:00,14782.19932
6604,North West,1,7,Delhi  & NCR,12-01-2016 00:00,14788.87614
6605,South,9,7,Delhi  & NCR,12-01-2016 00:00,14746.9458
6606,South West,8,7,Delhi  & NCR,12-01-2016 00:00,14754.68966
6607,West,7,7,Delhi  & NCR,12-01-2016 00:00,14782.17091
6608,Jaipur,19,8,Rajasthan,12-01-2016 00:00,15116.74311
6609,Jaisalmer,22,8,Rajasthan,12-01-2016 00:00,14934.75591
6610,Jalor,13,8,Rajasthan,12-01-2016 00:00,15079.59998
6611,Jhalawar,6,8,Rajasthan,12-01-2016 00:00,14888.93749
6612,Jhunjhunun,26,8,Rajasthan,12-01-2016 00:00,15068.67763
6613,Jodhpur,1,8,Rajasthan,12-01-2016 00:00,15029.60406
6614,Kota,2,8,Rajasthan,12-01-2016 00:00,15039.83447
6615,Nagaur,31,8,Rajasthan,12-01-2016 00:00,15047.78406
6616,Pali,12,8,Rajasthan,12-01-2016 00:00,15037.11017
6617,Rajsamand,16,8,Rajasthan,12-01-2016 00:00,15356.5185
6618,Sawai Madhopur,18,8,Rajasthan,12-01-2016 00:00,15188.7765
6619,Ajmer,32,8,Rajasthan,12-01-2016 00:00,15061.26602
6620,Banswara,5,8,Rajasthan,12-01-2016 00:00,15067.36504
6621,Barmer,15,8,Rajasthan,12-01-2016 00:00,15257.22529
6622,Bhilwara,30,8,Rajasthan,12-01-2016 00:00,15039.73981
6623,Bikaner,14,8,Rajasthan,12-01-2016 00:00,15183.00968
6624,Bharatpur,20,8,Rajasthan,12-01-2016 00:00,15164.4938
6625,Bundi,25,8,Rajasthan,12-01-2016 00:00,15054.45276
6626,Chittaurgarh,10,8,Rajasthan,12-01-2016 00:00,14876.93413
6627,Churu,21,8,Rajasthan,12-01-2016 00:00,15095.9736
6628,Dausa,28,8,Rajasthan,12-01-2016 00:00,15157.05072
6629,Dhaulpur,17,8,Rajasthan,12-01-2016 00:00,15303.39028
6630,Dungarpur,24,8,Rajasthan,12-01-2016 00:00,15073.69499
6631,Karauli,3,8,Rajasthan,12-01-2016 00:00,15259.70225
6632,Sirohi,7,8,Rajasthan,12-01-2016 00:00,14810.48473
6633,Tonk,23,8,Rajasthan,12-01-2016 00:00,15000.35121
6634,Sikar,29,8,Rajasthan,12-01-2016 00:00,15024.86869
6635,Alwar,4,8,Rajasthan,12-01-2016 00:00,15177.23747
6636,Udaipur,11,8,Rajasthan,12-01-2016 00:00,14942.92228
6637,Ganganagar,8,8,Rajasthan,12-01-2016 00:00,14910.79772
6638,Hanumangarh,27,8,Rajasthan,12-01-2016 00:00,15137.12533
6639,Baran,9,8,Rajasthan,12-01-2016 00:00,14936.5942
6640,Hathras,51,9,Uttar Pradesh,12-01-2016 00:00,14846.18675
6641,Jalaun,1,9,Uttar Pradesh,12-01-2016 00:00,14663.56044
6642,Jaunpur,24,9,Uttar Pradesh,12-01-2016 00:00,14786.43762
6643,Jhansi,49,9,Uttar Pradesh,12-01-2016 00:00,14805.47915
6644,Jyotiba Phule Nagar,70,9,Uttar Pradesh,12-01-2016 00:00,14861.88294
6645,Kannauj,54,9,Uttar Pradesh,12-01-2016 00:00,14836.61137
6646,Kanpur Nagar,26,9,Uttar Pradesh,12-01-2016 00:00,14769.48236
6647,Kaushambi,67,9,Uttar Pradesh,12-01-2016 00:00,14789.67599
6648,Kheri,11,9,Uttar Pradesh,12-01-2016 00:00,14767.25845
6649,Mirzapur,10,9,Uttar Pradesh,12-01-2016 00:00,14815.07571
6650,Moradabad,9,9,Uttar Pradesh,12-01-2016 00:00,14770.81137
6651,Muzaffarnagar,13,9,Uttar Pradesh,12-01-2016 00:00,14748.37315
6652,Rae Bareli,35,9,Uttar Pradesh,12-01-2016 00:00,14854.96491
6653,Kushinagar,64,9,Uttar Pradesh,12-01-2016 00:00,14785.45562
6654,Lucknow,36,9,Uttar Pradesh,12-01-2016 00:00,14945.95753
6655,Lalitpur,6,9,Uttar Pradesh,12-01-2016 00:00,14704.125
6656,Mahrajganj,30,9,Uttar Pradesh,12-01-2016 00:00,14741.12298
6657,Mahoba,34,9,Uttar Pradesh,12-01-2016 00:00,14823.87324
6658,Mainpuri,44,9,Uttar Pradesh,12-01-2016 00:00,14805.61999
6659,Mathura,23,9,Uttar Pradesh,12-01-2016 00:00,14731.78407
6660,Mau,69,9,Uttar Pradesh,12-01-2016 00:00,14886.4714
6661,Meerut,4,9,Uttar Pradesh,12-01-2016 00:00,14713.2311
6662,Pilibhit,2,9,Uttar Pradesh,12-01-2016 00:00,14671.46972
6663,Pratapgarh,28,9,Uttar Pradesh,12-01-2016 00:00,14785.6025
6664,Rampur,59,9,Uttar Pradesh,12-01-2016 00:00,14819.2807
6665,Sant Ravidas Nagar Bhadohi,27,9,Uttar Pradesh,12-01-2016 00:00,14758.8983
6666,Sant Kabir Nagar,37,9,Uttar Pradesh,12-01-2016 00:00,14915.03956
6667,Shahjahanpur,57,9,Uttar Pradesh,12-01-2016 00:00,14838.50684
6668,Auraiya,39,9,Uttar Pradesh,12-01-2016 00:00,14930.42471
6669,Azamgarh,18,9,Uttar Pradesh,12-01-2016 00:00,14793.43781
6670,Budaun,14,9,Uttar Pradesh,12-01-2016 00:00,14771.66396
6671,Agra,62,9,Uttar Pradesh,12-01-2016 00:00,14855.75895
6672,Aligarh,7,9,Uttar Pradesh,12-01-2016 00:00,14716.03131
6673,Allahabad,21,9,Uttar Pradesh,12-01-2016 00:00,14688.96095
6674,Ambedkar Nagar,43,9,Uttar Pradesh,12-01-2016 00:00,14788.84295
6675,Bareilly,5,9,Uttar Pradesh,12-01-2016 00:00,14672.08061
6676,Bijnor,68,9,Uttar Pradesh,12-01-2016 00:00,14805.89162
6677,Basti,56,9,Uttar Pradesh,12-01-2016 00:00,14820.90593
6678,Baghpat,22,9,Uttar Pradesh,12-01-2016 00:00,14742.92716
6679,Bahraich,32,9,Uttar Pradesh,12-01-2016 00:00,14830.93465
6680,Ballia,61,9,Uttar Pradesh,12-01-2016 00:00,14853.6942
6681,Balrampur,19,9,Uttar Pradesh,12-01-2016 00:00,14783.0193
6682,Banda,15,9,Uttar Pradesh,12-01-2016 00:00,14776.75922
6683,Barabanki,12,9,Uttar Pradesh,12-01-2016 00:00,14771.93776
6684,Chitrakoot,45,9,Uttar Pradesh,12-01-2016 00:00,14845.91777
6685,Chandauli,48,9,Uttar Pradesh,12-01-2016 00:00,14850.01095
6686,Deoria,20,9,Uttar Pradesh,12-01-2016 00:00,14708.12841
6687,Etah,3,9,Uttar Pradesh,12-01-2016 00:00,14698.94889
6688,Kanpur Dehat,55,9,Uttar Pradesh,12-01-2016 00:00,14879.88775
6689,Etawah,8,9,Uttar Pradesh,12-01-2016 00:00,14735.82264
6690,Faizabad,50,9,Uttar Pradesh,12-01-2016 00:00,14789.41183
6691,Ghazipur,63,9,Uttar Pradesh,12-01-2016 00:00,14832.26587
6692,Gonda,52,9,Uttar Pradesh,12-01-2016 00:00,14854.17583
6693,Gorakhpur,40,9,Uttar Pradesh,12-01-2016 00:00,14886.31106
6694,Farrukhabad,46,9,Uttar Pradesh,12-01-2016 00:00,14761.06344
6695,Fatehpur,41,9,Uttar Pradesh,12-01-2016 00:00,14901.20427
6696,Firozabad,66,9,Uttar Pradesh,12-01-2016 00:00,14835.07718
6697,Hamirpur,60,9,Uttar Pradesh,12-01-2016 00:00,14836.43008
6698,Hardoi,17,9,Uttar Pradesh,12-01-2016 00:00,14764.3422
6699,Shrawasti,33,9,Uttar Pradesh,12-01-2016 00:00,14824.76745
6700,Saharanpur,31,9,Uttar Pradesh,12-01-2016 00:00,14807.91022
6701,Sitapur,47,9,Uttar Pradesh,12-01-2016 00:00,14833.33453
6702,Sultanpur,65,9,Uttar Pradesh,12-01-2016 00:00,14825.73645
6703,Sonbhadra,53,9,Uttar Pradesh,12-01-2016 00:00,14874.58624
6704,Siddharthnagar,58,9,Uttar Pradesh,12-01-2016 00:00,14814.35859
6705,Unnao,29,9,Uttar Pradesh,12-01-2016 00:00,14736.36677
6706,Varanasi,42,9,Uttar Pradesh,12-01-2016 00:00,14809.21678
6707,Bulandshahr,16,9,Uttar Pradesh,12-01-2016 00:00,14772.2385
6708,Gautam Buddha Nagar,38,9,Uttar Pradesh,12-01-2016 00:00,14868.5648
6709,Ghaziabad,25,9,Uttar Pradesh,12-01-2016 00:00,14769.70752
6710,Jamui,26,10,Bihar,12-01-2016 00:00,14830.66772
6711,Kishanganj,3,10,Bihar,12-01-2016 00:00,14756.28691
6712,Muzaffarpur,12,10,Bihar,12-01-2016 00:00,14788.47797
6713,Purnia,4,10,Bihar,12-01-2016 00:00,14798.02521
6714,Khagaria,16,10,Bihar,12-01-2016 00:00,14828.70617
6715,Madhubani,6,10,Bihar,12-01-2016 00:00,14834.61215
6716,Lakhisarai,18,10,Bihar,12-01-2016 00:00,14781.08435
6717,Madhepura,31,10,Bihar,12-01-2016 00:00,14853.60563
6718,Purba Champaran,35,10,Bihar,12-01-2016 00:00,14855.1383
6719,Munger,29,10,Bihar,12-01-2016 00:00,14843.28245
6720,Nalanda,30,10,Bihar,12-01-2016 00:00,14859.6263
6721,Nawada,33,10,Bihar,12-01-2016 00:00,14828.30271
6722,Pashchim Champaran,32,10,Bihar,12-01-2016 00:00,14849.05024
6723,Patna,37,10,Bihar,12-01-2016 00:00,14864.63349
6724,Samastipur,8,10,Bihar,12-01-2016 00:00,14970.83047
6725,Araria,14,10,Bihar,12-01-2016 00:00,14796.84554
6726,Aurangabad,9,10,Bihar,12-01-2016 00:00,14831.50186
6727,Banka,21,10,Bihar,12-01-2016 00:00,14806.09112
6728,Bhagalpur,5,10,Bihar,12-01-2016 00:00,14815.14704
6729,Begusarai,25,10,Bihar,12-01-2016 00:00,14795.71011
6730,Saran,11,10,Bihar,12-01-2016 00:00,14811.45364
6731,Katihar,2,10,Bihar,12-01-2016 00:00,14802.39727
6732,Darbhanga,24,10,Bihar,12-01-2016 00:00,14806.36718
6733,Gopalganj,27,10,Bihar,12-01-2016 00:00,14830.04521
6734,Sheikhpura,36,10,Bihar,12-01-2016 00:00,14818.88145
6735,Sheohar,1,10,Bihar,12-01-2016 00:00,14810.63169
6736,Saharsa,28,10,Bihar,12-01-2016 00:00,14822.31876
6737,Sitamarhi,19,10,Bihar,12-01-2016 00:00,14753.14193
6738,Siwan,7,10,Bihar,12-01-2016 00:00,14889.15622
6739,Supaul,34,10,Bihar,12-01-2016 00:00,14852.62764
6740,Vaishali,23,10,Bihar,12-01-2016 00:00,14913.94987
6741,Kaimur (Bhabua),22,10,Bihar,12-01-2016 00:00,14853.88663
6742,Gaya,20,10,Bihar,12-01-2016 00:00,14763.73749
6743,Bhojpur,17,10,Bihar,12-01-2016 00:00,14822.85077
6744,Buxar,10,10,Bihar,12-01-2016 00:00,14818.87257
6745,Jehanabad,13,10,Bihar,12-01-2016 00:00,14774.29963
6746,Rohtas,15,10,Bihar,12-01-2016 00:00,14829.44635
6747,North,3,11,Sikkim,12-01-2016 00:00,14478.34933
6748,East,2,11,Sikkim,12-01-2016 00:00,14358.8387
6749,South,1,11,Sikkim,12-01-2016 00:00,14112.86774
6750,West,4,11,Sikkim,12-01-2016 00:00,14420.09297
6751,Lohit,1,12,Arunanchal Pradesh,12-01-2016 00:00,14216.53525
6752,Lower Subansiri,13,12,Arunanchal Pradesh,12-01-2016 00:00,14630.39038
6753,Papum Pare,2,12,Arunanchal Pradesh,12-01-2016 00:00,14372.28368
6754,Changlang,7,12,Arunanchal Pradesh,12-01-2016 00:00,14344.4846
6755,Dibang Valley,9,12,Arunanchal Pradesh,12-01-2016 00:00,14227.61313
6756,East Kameng,6,12,Arunanchal Pradesh,12-01-2016 00:00,14230.42006
6757,East Siang,11,12,Arunanchal Pradesh,12-01-2016 00:00,14331.60582
6758,Tawang,5,12,Arunanchal Pradesh,12-01-2016 00:00,14301.63084
6759,Tirap,4,12,Arunanchal Pradesh,12-01-2016 00:00,14523.41871
6760,West Kameng,12,12,Arunanchal Pradesh,12-01-2016 00:00,14570.71566
6761,West Siang,10,12,Arunanchal Pradesh,12-01-2016 00:00,14198.44793
6762,Upper Siang,3,12,Arunanchal Pradesh,12-01-2016 00:00,14400.29892
6763,Upper Subansiri,8,12,Arunanchal Pradesh,12-01-2016 00:00,14621.66666
6764,Mokokchung,2,13,Nagaland,12-01-2016 00:00,14492.91451
6765,Mon,5,13,Nagaland,12-01-2016 00:00,14660.50055
6766,Phek,4,13,Nagaland,12-01-2016 00:00,14520.32995
6767,Tuensang,6,13,Nagaland,12-01-2016 00:00,14761.12975
6768,Wokha,7,13,Nagaland,12-01-2016 00:00,14613.74356
6769,Zunheboto,3,13,Nagaland,12-01-2016 00:00,14655.751
6770,Dimapur,1,13,Nagaland,12-01-2016 00:00,14677.94911
6771,Kohima,8,13,Nagaland,12-01-2016 00:00,14449.2902
6772,Imphal East,2,14,Manipur,12-01-2016 00:00,14629.67289
6773,Imphal West,5,14,Manipur,12-01-2016 00:00,14691.73512
6774,Senapati (Excl. 3 sub-divisions),8,14,Manipur,12-01-2016 00:00,14560.04742
6775,Bishnupur,7,14,Manipur,12-01-2016 00:00,14749.36833
6776,Chandel,6,14,Manipur,12-01-2016 00:00,14792.9975
6777,Churachandpur,1,14,Manipur,12-01-2016 00:00,14566.22414
6778,Tamenglong,4,14,Manipur,12-01-2016 00:00,14664.61311
6779,Thoubal,9,14,Manipur,12-01-2016 00:00,14629.92457
6780,Ukhrul,3,14,Manipur,12-01-2016 00:00,14632.73261
6781,Kolasib,2,15,Mizoram,12-01-2016 00:00,14785.59023
6782,Mamit,1,15,Mizoram,12-01-2016 00:00,14780.38494
6783,Lunglei,6,15,Mizoram,12-01-2016 00:00,14720.97859
6784,Lawngtlai,7,15,Mizoram,12-01-2016 00:00,14790.46197
6785,Saiha,8,15,Mizoram,12-01-2016 00:00,14673.64183
6786,Serchhip,5,15,Mizoram,12-01-2016 00:00,14640.69677
6787,Aizawl,3,15,Mizoram,12-01-2016 00:00,14700.21582
6788,Champhai,4,15,Mizoram,12-01-2016 00:00,14609.53608
6789,North Tripura,2,16,Tripura,12-01-2016 00:00,14884.51925
6790,Dhalai,1,16,Tripura,12-01-2016 00:00,14903.07752
6791,South Tripura,4,16,Tripura,12-01-2016 00:00,14857.41997
6792,West Tripura,3,16,Tripura,12-01-2016 00:00,14853.54581
6793,Jaintia Hills,5,17,Meghalaya,12-01-2016 00:00,14726.37135
6794,East Garo Hills,3,17,Meghalaya,12-01-2016 00:00,14829.35317
6795,East Khasi Hills,1,17,Meghalaya,12-01-2016 00:00,14848.69594
6796,Ri Bhoi,4,17,Meghalaya,12-01-2016 00:00,14705.10527
6797,South Garo Hills,7,17,Meghalaya,12-01-2016 00:00,14725.5204
6798,West Garo Hills,2,17,Meghalaya,12-01-2016 00:00,14771.07985
6799,West Khasi Hills,6,17,Meghalaya,12-01-2016 00:00,14704.63101
6800,Jorhat,11,18,Assam,12-01-2016 00:00,14899.04153
6801,Karimganj,16,18,Assam,12-01-2016 00:00,14846.36861
6802,Kokrajhar,14,18,Assam,12-01-2016 00:00,14820.10862
6803,Lakhimpur,17,18,Assam,12-01-2016 00:00,14855.33768
6804,Nagaon,22,18,Assam,12-01-2016 00:00,14895.74752
6805,Marigaon,1,18,Assam,12-01-2016 00:00,14936.28703
6806,Nalbari,12,18,Assam,12-01-2016 00:00,14896.27018
6807,North Cachar Hills,10,18,Assam,12-01-2016 00:00,14871.56309
6808,Barpeta,9,18,Assam,12-01-2016 00:00,14902.115
6809,Bongaigaon,7,18,Assam,12-01-2016 00:00,14940.88734
6810,Cachar,20,18,Assam,12-01-2016 00:00,14704.84738
6811,Darrang,5,18,Assam,12-01-2016 00:00,14919.655
6812,Dhemaji,4,18,Assam,12-01-2016 00:00,14925.67938
6813,Dhubri,21,18,Assam,12-01-2016 00:00,14868.66537
6814,Dibrugarh,8,18,Assam,12-01-2016 00:00,14923.43488
6815,Kamrup,13,18,Assam,12-01-2016 00:00,14910.73045
6816,Karbi Anglong,2,18,Assam,12-01-2016 00:00,14896.00201
6817,Goalpara,15,18,Assam,12-01-2016 00:00,14857.76069
6818,Golaghat,6,18,Assam,12-01-2016 00:00,14858.49854
6819,Hailakandi,19,18,Assam,12-01-2016 00:00,14736.71714
6820,Sonitpur,3,18,Assam,12-01-2016 00:00,14868.65914
6821,Sibsagar,18,18,Assam,12-01-2016 00:00,14852.45481
6822,Tinsukia,23,18,Assam,12-01-2016 00:00,14880.89292
6823,Hugli,18,19,West Bengal,12-01-2016 00:00,14852.44875
6824,Jalpaiguri,4,19,West Bengal,12-01-2016 00:00,14929.20233
6825,Koch Bihar,12,19,West Bengal,12-01-2016 00:00,14942.20784
6826,Murshidabad,2,19,West Bengal,12-01-2016 00:00,14937.39442
6827,Puruliya,3,19,West Bengal,12-01-2016 00:00,14932.69801
6828,Kolkata,7,19,West Bengal,12-01-2016 00:00,14908.93165
6829,Maldah,14,19,West Bengal,12-01-2016 00:00,14963.46813
6830,Nadia,17,19,West Bengal,12-01-2016 00:00,14973.43438
6831,North Twenty Four Parganas,6,19,West Bengal,12-01-2016 00:00,14829.41684
6832,Medinipur,10,19,West Bengal,12-01-2016 00:00,14894.92708
6833,Barddhaman,11,19,West Bengal,12-01-2016 00:00,14857.18175
6834,Birbhum,15,19,West Bengal,12-01-2016 00:00,14921.88644
6835,Bankura,9,19,West Bengal,12-01-2016 00:00,14956.62715
6836,Dakshin Dinajpur,8,19,West Bengal,12-01-2016 00:00,14986.28354
6837,Darjiling,13,19,West Bengal,12-01-2016 00:00,14941.44057
6838,Haora,5,19,West Bengal,12-01-2016 00:00,14910.00342
6839,South  Twenty Four Parganas,1,19,West Bengal,12-01-2016 00:00,14693.14213
6840,Uttar Dinajpur,16,19,West Bengal,12-01-2016 00:00,14875.95221
6841,Purbi Singhbhum,14,20,Jharkhand,12-01-2016 00:00,14907.79217
6842,Lohardaga,9,20,Jharkhand,12-01-2016 00:00,14857.21619
6843,Pakaur,1,20,Jharkhand,12-01-2016 00:00,14851.08495
6844,Pashchimi Singhbhum,2,20,Jharkhand,12-01-2016 00:00,14825.14152
6845,Bokaro,3,20,Jharkhand,12-01-2016 00:00,14840.27588
6846,Deoghar,4,20,Jharkhand,12-01-2016 00:00,14862.00046
6847,Dhanbad,5,20,Jharkhand,12-01-2016 00:00,14826.0815
6848,Dumka,18,20,Jharkhand,12-01-2016 00:00,14960.96909
6849,Giridih,15,20,Jharkhand,12-01-2016 00:00,14836.46789
6850,Godda,10,20,Jharkhand,12-01-2016 00:00,14994.46769
6851,Gumla,17,20,Jharkhand,12-01-2016 00:00,14905.19413
6852,Ranchi,13,20,Jharkhand,12-01-2016 00:00,14928.42176
6853,Sahibganj,7,20,Jharkhand,12-01-2016 00:00,14987.0511
6854,Garhwa,12,20,Jharkhand,12-01-2016 00:00,14938.11129
6855,Palamu,11,20,Jharkhand,12-01-2016 00:00,14961.88755
6856,Chatra,6,20,Jharkhand,12-01-2016 00:00,14910.99191
6857,Hazaribagh,8,20,Jharkhand,12-01-2016 00:00,14919.28893
6858,Kodarma,16,20,Jharkhand,12-01-2016 00:00,14903.95977
6859,Jajapur,27,21,Orissa,12-01-2016 00:00,14963.0443
6860,Jagatsinghapur,5,21,Orissa,12-01-2016 00:00,14907.06524
6861,Jharsuguda,23,21,Orissa,12-01-2016 00:00,14971.94504
6862,Khordha,13,21,Orissa,12-01-2016 00:00,15023.91091
6863,Mayurbhanj,11,21,Orissa,12-01-2016 00:00,14984.39826
6864,Puri,2,21,Orissa,12-01-2016 00:00,14948.51291
6865,Koraput,17,21,Orissa,12-01-2016 00:00,15035.94585
6866,Malkangiri,7,21,Orissa,12-01-2016 00:00,14901.28281
6867,Nabarangapur,18,21,Orissa,12-01-2016 00:00,15000.16971
6868,Nayagarh,29,21,Orissa,12-01-2016 00:00,15017.2821
6869,Nuapada,30,21,Orissa,12-01-2016 00:00,14995.958
6870,Kandhamal,28,21,Orissa,12-01-2016 00:00,15057.66529
6871,Sambalpur,16,21,Orissa,12-01-2016 00:00,14962.13713
6872,Anugul,25,21,Orissa,12-01-2016 00:00,14994.80965
6873,Bhadrak,21,21,Orissa,12-01-2016 00:00,14852.45327
6874,Baudh,3,21,Orissa,12-01-2016 00:00,14908.6151
6875,Balangir,15,21,Orissa,12-01-2016 00:00,14935.89488
6876,Baleshwar,9,21,Orissa,12-01-2016 00:00,14970.85569
6877,Bargarh,22,21,Orissa,12-01-2016 00:00,14916.8036
6878,Kendrapara,24,21,Orissa,12-01-2016 00:00,14995.24428
6879,Kendujhar,8,21,Orissa,12-01-2016 00:00,14924.50782
6880,Debagarh,1,21,Orissa,12-01-2016 00:00,14984.93007
6881,Cuttack,10,21,Orissa,12-01-2016 00:00,14955.03049
6882,Dhenkanal,6,21,Orissa,12-01-2016 00:00,14944.61864
6883,Kalahandi,4,21,Orissa,12-01-2016 00:00,14922.00411
6884,Ganjam,12,21,Orissa,12-01-2016 00:00,15000.3836
6885,Gajapati,14,21,Orissa,12-01-2016 00:00,14969.26187
6886,Rayagada,26,21,Orissa,12-01-2016 00:00,14952.79028
6887,Sundargarh,19,21,Orissa,12-01-2016 00:00,15021.05313
6888,Sonapur,20,21,Orissa,12-01-2016 00:00,14934.618
6889,Jashpur,2,22,Chhattisgarh,12-01-2016 00:00,14844.6879
6890,Koriya,7,22,Chhattisgarh,12-01-2016 00:00,14966.2712
6891,Mahasamund,6,22,Chhattisgarh,12-01-2016 00:00,15026.36934
6892,Raigarh,5,22,Chhattisgarh,12-01-2016 00:00,14871.36782
6893,Raipur,8,22,Chhattisgarh,12-01-2016 00:00,15002.73145
6894,Rajnandgaon,3,22,Chhattisgarh,12-01-2016 00:00,14906.09036
6895,Bastar,1,22,Chhattisgarh,12-01-2016 00:00,14834.45893
6896,Dantewada,12,22,Chhattisgarh,12-01-2016 00:00,15032.08759
6897,Dhamtari,4,22,Chhattisgarh,12-01-2016 00:00,14950.59044
6898,Durg,11,22,Chhattisgarh,12-01-2016 00:00,15011.52482
6899,Kanker,9,22,Chhattisgarh,12-01-2016 00:00,14987.20401
6900,Surguja,15,22,Chhattisgarh,12-01-2016 00:00,14963.19766
6901,Bilaspur,16,22,Chhattisgarh,12-01-2016 00:00,14962.30985
6902,Janjgir - Champa,13,22,Chhattisgarh,12-01-2016 00:00,14967.50726
6903,Korba,10,22,Chhattisgarh,12-01-2016 00:00,15029.59373
6904,Kawardha,14,22,Chhattisgarh,12-01-2016 00:00,14947.32664
6905,Hoshangabad,22,23,Madhya Pradesh,12-01-2016 00:00,15042.0217
6906,Indore,6,23,Madhya Pradesh,12-01-2016 00:00,15034.4445
6907,Jabalpur,20,23,Madhya Pradesh,12-01-2016 00:00,15072.58534
6908,Jhabua,14,23,Madhya Pradesh,12-01-2016 00:00,14952.01043
6909,Mandsaur,11,23,Madhya Pradesh,12-01-2016 00:00,15022.63385
6910,Tikamgarh,17,23,Madhya Pradesh,12-01-2016 00:00,14872.84013
6911,Narsimhapur,21,23,Madhya Pradesh,12-01-2016 00:00,14963.49129
6912,Neemuch,31,23,Madhya Pradesh,12-01-2016 00:00,15024.42364
6913,Panna,27,23,Madhya Pradesh,12-01-2016 00:00,15192.23887
6914,Raisen,2,23,Madhya Pradesh,12-01-2016 00:00,14917.66895
6915,Rajgarh,1,23,Madhya Pradesh,12-01-2016 00:00,15010.41789
6916,Satna,41,23,Madhya Pradesh,12-01-2016 00:00,14978.16415
6917,Sehore,42,23,Madhya Pradesh,12-01-2016 00:00,14959.52424
6918,Seoni,16,23,Madhya Pradesh,12-01-2016 00:00,14933.53144
6919,Bhind,15,23,Madhya Pradesh,12-01-2016 00:00,14896.20991
6920,Bhopal,37,23,Madhya Pradesh,12-01-2016 00:00,14958.64243
6921,Barwani,26,23,Madhya Pradesh,12-01-2016 00:00,14998.1794
6922,Betul,39,23,Madhya Pradesh,12-01-2016 00:00,14970.99706
6923,Balaghat,24,23,Madhya Pradesh,12-01-2016 00:00,15183.83908
6924,Chhatarpur,19,23,Madhya Pradesh,12-01-2016 00:00,14998.12068
6925,Chhindwara,8,23,Madhya Pradesh,12-01-2016 00:00,14963.98576
6926,Dewas,40,23,Madhya Pradesh,12-01-2016 00:00,14969.21807
6927,Katni,18,23,Madhya Pradesh,12-01-2016 00:00,15035.846
6928,Datia,10,23,Madhya Pradesh,12-01-2016 00:00,14966.25996
6929,Damoh,34,23,Madhya Pradesh,12-01-2016 00:00,15015.47006
6930,Dhar,30,23,Madhya Pradesh,12-01-2016 00:00,15051.98694
6931,East Nimar,13,23,Madhya Pradesh,12-01-2016 00:00,14944.47099
6932,Guna,33,23,Madhya Pradesh,12-01-2016 00:00,15010.75257
6933,Gwalior,44,23,Madhya Pradesh,12-01-2016 00:00,15038.4458
6934,Harda,3,23,Madhya Pradesh,12-01-2016 00:00,14848.93428
6935,Shajapur,32,23,Madhya Pradesh,12-01-2016 00:00,15005.79327
6936,Shivpuri,28,23,Madhya Pradesh,12-01-2016 00:00,15280.44918
6937,Ratlam,35,23,Madhya Pradesh,12-01-2016 00:00,15084.99644
6938,Rewa,45,23,Madhya Pradesh,12-01-2016 00:00,14929.95384
6939,Sagar,9,23,Madhya Pradesh,12-01-2016 00:00,14955.35635
6940,Sidhi,43,23,Madhya Pradesh,12-01-2016 00:00,15058.11158
6941,Ujjain,23,23,Madhya Pradesh,12-01-2016 00:00,15012.33309
6942,Vidisha,38,23,Madhya Pradesh,12-01-2016 00:00,14958.13808
6943,West Nimar,5,23,Madhya Pradesh,12-01-2016 00:00,14975.05895
6944,Morena,12,23,Madhya Pradesh,12-01-2016 00:00,15003.92656
6945,Sheopur,25,23,Madhya Pradesh,12-01-2016 00:00,15112.20251
6946,Dindori,29,23,Madhya Pradesh,12-01-2016 00:00,15111.54243
6947,Mandla,7,23,Madhya Pradesh,12-01-2016 00:00,15071.06919
6948,Shahdol,4,23,Madhya Pradesh,12-01-2016 00:00,14995.66897
6949,Umaria,36,23,Madhya Pradesh,12-01-2016 00:00,14977.77744
6950,Jamnagar,5,24,Gujarat,12-01-2016 00:00,15120.16028
6951,Kheda,8,24,Gujarat,12-01-2016 00:00,15298.82006
6952,Mahesana,23,24,Gujarat,12-01-2016 00:00,15154.33722
6953,Narmada,19,24,Gujarat,12-01-2016 00:00,15153.99513
6954,Navsari,25,24,Gujarat,12-01-2016 00:00,15200.49848
6955,Panch Mahals,21,24,Gujarat,12-01-2016 00:00,15210.42177
6956,Patan,22,24,Gujarat,12-01-2016 00:00,15184.14162
6957,Porbandar,10,24,Gujarat,12-01-2016 00:00,15312.61044
6958,Rajkot,16,24,Gujarat,12-01-2016 00:00,15147.28328
6959,Anand,4,24,Gujarat,12-01-2016 00:00,15154.72511
6960,Ahmadabad,20,24,Gujarat,12-01-2016 00:00,15173.81593
6961,Amreli,24,24,Gujarat,12-01-2016 00:00,15178.71394
6962,Bhavnagar,17,24,Gujarat,12-01-2016 00:00,15126.86983
6963,Banas Kantha,3,24,Gujarat,12-01-2016 00:00,15221.90692
6964,Dohad,11,24,Gujarat,12-01-2016 00:00,15296.06454
6965,Junagadh,9,24,Gujarat,12-01-2016 00:00,15314.88602
6966,Kachchh,15,24,Gujarat,12-01-2016 00:00,15162.91608
6967,Gandhinagar,7,24,Gujarat,12-01-2016 00:00,15264.07582
6968,Sabar Kantha,13,24,Gujarat,12-01-2016 00:00,15297.02839
6969,Surendranagar,14,24,Gujarat,12-01-2016 00:00,15301.5723
6970,The Dangs,2,24,Gujarat,12-01-2016 00:00,15122.3223
6971,Vadodara,18,24,Gujarat,12-01-2016 00:00,15124.70562
6972,Valsad,12,24,Gujarat,12-01-2016 00:00,15210.97165
6973,Bharuch,1,24,Gujarat,12-01-2016 00:00,15267.93395
6974,Surat,6,24,Gujarat,12-01-2016 00:00,15172.3198
6975,Daman,2,25,Daman & Diu,12-01-2016 00:00,15157.624
6976,Diu,1,25,Daman & Diu,12-01-2016 00:00,15104.90291
6977,Hingoli,32,27,Maharashtra,12-01-2016 00:00,15186.99449
6978,Jalgaon,24,27,Maharashtra,12-01-2016 00:00,15240.7539
6979,Jalna,21,27,Maharashtra,12-01-2016 00:00,15259.79266
6980,Kolhapur,30,27,Maharashtra,12-01-2016 00:00,15325.55746
6981,Latur,33,27,Maharashtra,12-01-2016 00:00,15213.06129
6982,Pune,8,27,Maharashtra,12-01-2016 00:00,15127.18669
6983,Nagpur,6,27,Maharashtra,12-01-2016 00:00,15182.29405
6984,Mumbai,14,27,Maharashtra,12-01-2016 00:00,15121.0621
6985,Mumbai (Suburban),16,27,Maharashtra,12-01-2016 00:00,15197.01248
6986,Nanded,3,27,Maharashtra,12-01-2016 00:00,15199.27661
6987,Nandurbar,18,27,Maharashtra,12-01-2016 00:00,15198.69594
6988,Nashik,34,27,Maharashtra,12-01-2016 00:00,15161.97264
6989,Osmanabad,28,27,Maharashtra,12-01-2016 00:00,15257.61056
6990,Parbhani,25,27,Maharashtra,12-01-2016 00:00,15226.56418
6991,Sangli,9,27,Maharashtra,12-01-2016 00:00,15068.69903
6992,Satara,23,27,Maharashtra,12-01-2016 00:00,15230.19954
6993,Aurangabad,22,27,Maharashtra,12-01-2016 00:00,15237.21086
6994,Ahmadnagar,15,27,Maharashtra,12-01-2016 00:00,15186.98165
6995,Akola,1,27,Maharashtra,12-01-2016 00:00,15257.38495
6996,Amravati,20,27,Maharashtra,12-01-2016 00:00,15250.7687
6997,Bid,29,27,Maharashtra,12-01-2016 00:00,15307.50633
6998,Bhandara,17,27,Maharashtra,12-01-2016 00:00,15206.26638
6999,Buldana,35,27,Maharashtra,12-01-2016 00:00,15330.0056
7000,Chandrapur,31,27,Maharashtra,12-01-2016 00:00,15244.32999
7001,Dhule,19,27,Maharashtra,12-01-2016 00:00,15219.32925
7002,Gadchiroli,26,27,Maharashtra,12-01-2016 00:00,15275.51962
7003,Gondiya,5,27,Maharashtra,12-01-2016 00:00,15179.31721
7004,Ratnagiri,7,27,Maharashtra,12-01-2016 00:00,15113.22406
7005,Raigarh,27,27,Maharashtra,12-01-2016 00:00,15240.46099
7006,Thane,10,27,Maharashtra,12-01-2016 00:00,15018.49494
7007,Solapur,4,27,Maharashtra,12-01-2016 00:00,15198.25742
7008,Sindhudurg,13,27,Maharashtra,12-01-2016 00:00,15037.01328
7009,Wardha,2,27,Maharashtra,12-01-2016 00:00,15347.11909
7010,Washim,12,27,Maharashtra,12-01-2016 00:00,14952.0887
7011,Yavatmal,11,27,Maharashtra,12-01-2016 00:00,14977.3268
7012,Hyderabad,6,28,Andhra Pradesh,12-01-2016 00:00,15242.1437
7013,Khammam,11,28,Andhra Pradesh,12-01-2016 00:00,15095.82025
7014,Medak,15,28,Andhra Pradesh,12-01-2016 00:00,15100.76056
7015,Krishna,13,28,Andhra Pradesh,12-01-2016 00:00,15006.46509
7016,Kurnool,12,28,Andhra Pradesh,12-01-2016 00:00,15090.52594
7017,Mahbubnagar,9,28,Andhra Pradesh,12-01-2016 00:00,15108.8888
7018,Nalgonda,5,28,Andhra Pradesh,12-01-2016 00:00,15145.62479
7019,Nellore,10,28,Andhra Pradesh,12-01-2016 00:00,15078.55668
7020,Nizamabad,4,28,Andhra Pradesh,12-01-2016 00:00,15179.42181
7021,Prakasam,16,28,Andhra Pradesh,12-01-2016 00:00,15135.83908
7022,Anantapur,21,28,Andhra Pradesh,12-01-2016 00:00,15271.13559
7023,Adilabad,7,28,Andhra Pradesh,12-01-2016 00:00,15263.76103
7024,Chittoor,8,28,Andhra Pradesh,12-01-2016 00:00,15200.39929
7025,Cuddapah,19,28,Andhra Pradesh,12-01-2016 00:00,15174.81968
7026,East Godavari,2,28,Andhra Pradesh,12-01-2016 00:00,15153.25673
7027,Karimnagar,18,28,Andhra Pradesh,12-01-2016 00:00,15223.87028
7028,Guntur,22,28,Andhra Pradesh,12-01-2016 00:00,15375.8004
7029,Rangareddi,1,28,Andhra Pradesh,12-01-2016 00:00,15101.38494
7030,Srikakulam,23,28,Andhra Pradesh,12-01-2016 00:00,15131.90851
7031,West Godavari,20,28,Andhra Pradesh,12-01-2016 00:00,15200.70162
7032,Visakhapatnam,14,28,Andhra Pradesh,12-01-2016 00:00,15044.08449
7033,Vizianagaram,3,28,Andhra Pradesh,12-01-2016 00:00,15121.6568
7034,Warangal,17,28,Andhra Pradesh,12-01-2016 00:00,15180.3509
7035,Hassan,15,29,Karnataka,12-01-2016 00:00,15088.98706
7036,Haveri,18,29,Karnataka,12-01-2016 00:00,15266.40428
7037,Kodagu,16,29,Karnataka,12-01-2016 00:00,15159.32477
7038,Kolar,10,29,Karnataka,12-01-2016 00:00,15039.62253
7039,Mandya,23,29,Karnataka,12-01-2016 00:00,15200.81125
7040,Koppal,11,29,Karnataka,12-01-2016 00:00,15394.52345
7041,Mysore,25,29,Karnataka,12-01-2016 00:00,14961.69915
7042,Raichur,19,29,Karnataka,12-01-2016 00:00,15186.14928
7043,Bagalkot,22,29,Karnataka,12-01-2016 00:00,15212.92213
7044,Bangalore,7,29,Karnataka,12-01-2016 00:00,15415.44136
7045,Bidar,26,29,Karnataka,12-01-2016 00:00,15277.0278
7046,Bijapur,6,29,Karnataka,12-01-2016 00:00,15304.23257
7047,Belgaum,2,29,Karnataka,12-01-2016 00:00,15335.73358
7048,Bellary,20,29,Karnataka,12-01-2016 00:00,15128.84846
7049,Bangalore Rural,5,29,Karnataka,12-01-2016 00:00,15255.80152
7050,Chamarajanagar,3,29,Karnataka,12-01-2016 00:00,15395.1964
7051,Chikmagalur,1,29,Karnataka,12-01-2016 00:00,15293.99854
7052,Chitradurga,12,29,Karnataka,12-01-2016 00:00,15342.56333
7053,Dakshina Kannada,21,29,Karnataka,12-01-2016 00:00,15179.45236
7054,Davanagere,27,29,Karnataka,12-01-2016 00:00,15250.08151
7055,Dharwad,17,29,Karnataka,12-01-2016 00:00,15076.62127
7056,Gulbarga,13,29,Karnataka,12-01-2016 00:00,15385.48533
7057,Gadag,24,29,Karnataka,12-01-2016 00:00,15110.924
7058,Shimoga,14,29,Karnataka,12-01-2016 00:00,15335.75671
7059,Tumkur,9,29,Karnataka,12-01-2016 00:00,15456.81844
7060,Udupi,4,29,Karnataka,12-01-2016 00:00,15295.73367
7061,Uttara Kannada,8,29,Karnataka,12-01-2016 00:00,15519.46266
7062,North Goa,2,30,Goa,12-01-2016 00:00,15146.02322
7063,South Goa,1,30,Goa,12-01-2016 00:00,15187.9454
7064,Idukki,7,32,Kerala,12-01-2016 00:00,15094.00473
7065,Kollam,14,32,Kerala,12-01-2016 00:00,15121.38772
7066,Kottayam,3,32,Kerala,12-01-2016 00:00,14958.58762
7067,Kozhikode,9,32,Kerala,12-01-2016 00:00,14919.15308
7068,Malappuram,13,32,Kerala,12-01-2016 00:00,15086.24362
7069,Palakkad,10,32,Kerala,12-01-2016 00:00,15124.21187
7070,Pathanamthitta,4,32,Kerala,12-01-2016 00:00,15100.61087
7071,Alappuzha,5,32,Kerala,12-01-2016 00:00,15108.03954
7072,Kasaragod,6,32,Kerala,12-01-2016 00:00,15074.85367
7073,Kannur,12,32,Kerala,12-01-2016 00:00,15016.12863
7074,Ernakulam,11,32,Kerala,12-01-2016 00:00,15129.04719
7075,Thrissur,1,32,Kerala,12-01-2016 00:00,15171.81854
7076,Thiruvananthapuram,2,32,Kerala,12-01-2016 00:00,15150.09378
7077,Wayanad,8,32,Kerala,12-01-2016 00:00,15123.30739
7078,Kanniyakumari,23,33,Tamil Nadu,12-01-2016 00:00,15280.08092
7079,Karur,15,33,Tamil Nadu,12-01-2016 00:00,15310.3169
7080,Madurai,29,33,Tamil Nadu,12-01-2016 00:00,15279.34779
7081,Namakkal,6,33,Tamil Nadu,12-01-2016 00:00,15230.21794
7082,The Nilgiris,28,33,Tamil Nadu,12-01-2016 00:00,15382.4497
7083,Perambalur,25,33,Tamil Nadu,12-01-2016 00:00,15185.11014
7084,Pudukkottai,4,33,Tamil Nadu,12-01-2016 00:00,15139.1652
7085,Ramanathapuram,7,33,Tamil Nadu,12-01-2016 00:00,15251.54967
7086,Salem,26,33,Tamil Nadu,12-01-2016 00:00,15351.76538
7087,Ariyalur,2,33,Tamil Nadu,12-01-2016 00:00,15213.67687
7088,Coimbatore,3,33,Tamil Nadu,12-01-2016 00:00,15139.95912
7089,Cuddalore,1,33,Tamil Nadu,12-01-2016 00:00,15158.29789
7090,Dharmapuri,21,33,Tamil Nadu,12-01-2016 00:00,15130.19719
7091,Dindigul,20,33,Tamil Nadu,12-01-2016 00:00,15088.49326
7092,Erode,19,33,Tamil Nadu,12-01-2016 00:00,15115.26261
7093,Sivaganga,30,33,Tamil Nadu,12-01-2016 00:00,15102.39501
7094,Tiruchirappalli,14,33,Tamil Nadu,12-01-2016 00:00,15431.23892
7095,Tirunelveli,24,33,Tamil Nadu,12-01-2016 00:00,15269.94692
7096,Tiruvannamalai,9,33,Tamil Nadu,12-01-2016 00:00,15350.58924
7097,Thoothukkudi,11,33,Tamil Nadu,12-01-2016 00:00,14900.33669
7098,Theni,16,33,Tamil Nadu,12-01-2016 00:00,15365.92431
7099,Vellore,22,33,Tamil Nadu,12-01-2016 00:00,15223.98595
7100,Viluppuram,27,33,Tamil Nadu,12-01-2016 00:00,15361.99135
7101,Virudhunagar,8,33,Tamil Nadu,12-01-2016 00:00,15271.59825
7102,Chennai,17,33,Tamil Nadu,12-01-2016 00:00,15268.20688
7103,Kancheepuram,12,33,Tamil Nadu,12-01-2016 00:00,15189.16309
7104,Thiruvallur,18,33,Tamil Nadu,12-01-2016 00:00,15236.43047
7105,Thanjavur,5,33,Tamil Nadu,12-01-2016 00:00,15192.65996
7106,Thiruvarur,13,33,Tamil Nadu,12-01-2016 00:00,15134.33365
7107,Nagapattinam,10,33,Tamil Nadu,12-01-2016 00:00,15281.59314
7108,Pondicherry,1,34,Puducherry,12-01-2016 00:00,15054.74638
7109,Yanam,4,34,Puducherry,12-01-2016 00:00,15146.62849
7110,Karaikal,3,34,Puducherry,12-01-2016 00:00,15148.47222
7111,Mahe,2,34,Puducherry,12-01-2016 00:00,15131.12186
7112,Nicobars,2,35,Andaman & Nicobar Island,12-01-2016 00:00,14880.91781
7113,Andamans,1,35,Andaman & Nicobar Island,12-01-2016 00:00,14937.12493
0,Lakshadweep,1,31,Lakshadweep,01-01-2017,15042.8753
1,Chandigarh,1,4,Chandigarh,01-01-2017,14539.29086
2,Dadra & Nagar Haveli,1,26,Dadara & Nagar Havelli,01-01-2017,15204.03407
3,Data Not Available,99,99,Jammu and Kashmir,01-01-2017,13092.31914
4,Srinagar,3,1,Jammu and Kashmir,01-01-2017,13350.03599
5,Udhampur,10,1,Jammu and Kashmir,01-01-2017,14087.15643
6,Anantnag,6,1,Jammu and Kashmir,01-01-2017,13385.02366
7,Badgam,4,1,Jammu and Kashmir,01-01-2017,13509.65115
8,Baramula,2,1,Jammu and Kashmir,01-01-2017,13369.73746
9,Doda,9,1,Jammu and Kashmir,01-01-2017,13240.95275
10,Jammu,13,1,Jammu and Kashmir,01-01-2017,14487.5614
11,Kargil,8,1,Jammu and Kashmir,01-01-2017,12990.26796
12,Kathua,14,1,Jammu and Kashmir,01-01-2017,14339.51149
13,Leh (Ladakh),7,1,Jammu and Kashmir,01-01-2017,13152.03155
14,Kupwara,1,1,Jammu and Kashmir,01-01-2017,13499.25645
15,Punch,11,1,Jammu and Kashmir,01-01-2017,13974.18637
16,Pulwama,5,1,Jammu and Kashmir,01-01-2017,13770.53791
17,Rajauri,12,1,Jammu and Kashmir,01-01-2017,14250.06155
18,Shimla,11,2,Himachal Pradesh,01-01-2017,13972.04719
19,Sirmaur,10,2,Himachal Pradesh,01-01-2017,14383.16214
20,Solan,9,2,Himachal Pradesh,01-01-2017,14389.45643
21,Una,7,2,Himachal Pradesh,01-01-2017,14481.82877
22,Bilaspur,8,2,Himachal Pradesh,01-01-2017,14368.14475
23,Chamba,1,2,Himachal Pradesh,01-01-2017,13479.3156
24,Hamirpur,6,2,Himachal Pradesh,01-01-2017,14391.16757
25,Kangra,2,2,Himachal Pradesh,01-01-2017,14148.49192
26,Kinnaur,12,2,Himachal Pradesh,01-01-2017,13212.00219
27,Lahul & Spiti,3,2,Himachal Pradesh,01-01-2017,12989.85789
28,Kullu,4,2,Himachal Pradesh,01-01-2017,13511.45428
29,Mandi,5,2,Himachal Pradesh,01-01-2017,14202.68035
30,Rupnagar,7,3,Punjab,01-01-2017,14476.26822
31,Amritsar,2,3,Punjab,01-01-2017,14488.18149
32,Firozpur,11,3,Punjab,01-01-2017,14453.92675
33,Bathinda,14,3,Punjab,01-01-2017,14453.06325
34,Gurdaspur,1,3,Punjab,01-01-2017,14461.31212
35,Faridkot,13,3,Punjab,01-01-2017,14446.51201
36,Fatehgarh Sahib,8,3,Punjab,01-01-2017,14449.7209
37,Hoshiarpur,5,3,Punjab,01-01-2017,14487.02785
38,Jalandhar,4,3,Punjab,01-01-2017,14488.21971
39,Kapurthala,3,3,Punjab,01-01-2017,14477.98708
40,Ludhiana,9,3,Punjab,01-01-2017,14463.12589
41,Mansa,15,3,Punjab,01-01-2017,14445.18479
42,Moga,10,3,Punjab,01-01-2017,14450.66949
43,Muktsar,12,3,Punjab,01-01-2017,14449.11467
44,Nawanshahr,6,3,Punjab,01-01-2017,14464.39026
45,Patiala,17,3,Punjab,01-01-2017,14458.22866
46,Sangrur,16,3,Punjab,01-01-2017,14432.67575
47,Rudraprayag,3,5,Uttarakhand,01-01-2017,13928.93862
48,Tehri Garhwal,4,5,Uttarakhand,01-01-2017,14161.37386
49,Udham Singh Nagar,12,5,Uttarakhand,01-01-2017,14573.33748
50,Uttarkashi,1,5,Uttarakhand,01-01-2017,13543.92299
51,Bageshwar,8,5,Uttarakhand,01-01-2017,14093.08423
52,Almora,9,5,Uttarakhand,01-01-2017,14385.99112
53,Chamoli,2,5,Uttarakhand,01-01-2017,13564.47786
54,Champawat,10,5,Uttarakhand,01-01-2017,14442.93697
55,Dehradun,5,5,Uttarakhand,01-01-2017,14413.13238
56,Garhwal,6,5,Uttarakhand,01-01-2017,14377.79574
57,Hardwar,13,5,Uttarakhand,01-01-2017,14563.96983
58,Nainital,11,5,Uttarakhand,01-01-2017,14502.81806
59,Pithoragarh,7,5,Uttarakhand,01-01-2017,13695.85932
60,Rohtak,14,6,Haryana,01-01-2017,14521.42294
61,Sirsa,11,6,Haryana,01-01-2017,14477.79556
62,Sonipat,8,6,Haryana,01-01-2017,14489.13253
63,Yamunanagar,3,6,Haryana,01-01-2017,14510.06078
64,Jhajjar,15,6,Haryana,01-01-2017,14533.31802
65,Mahendragarh,16,6,Haryana,01-01-2017,14604.32045
66,Rewari,17,6,Haryana,01-01-2017,14548.54908
67,Bhiwani,13,6,Haryana,01-01-2017,14566.37682
68,Ambala,2,6,Haryana,01-01-2017,14475.36463
69,Gurgaon,18,6,Haryana,01-01-2017,14597.40748
70,Faridabad,19,6,Haryana,01-01-2017,14576.90235
71,Fatehabad,10,6,Haryana,01-01-2017,14477.43172
72,Hisar,12,6,Haryana,01-01-2017,14514.01102
73,Jind,9,6,Haryana,01-01-2017,14483.12007
74,Kaithal,5,6,Haryana,01-01-2017,14478.04703
75,Karnal,6,6,Haryana,01-01-2017,14491.77076
76,Kurukshetra,4,6,Haryana,01-01-2017,14494.32126
77,Panchkula,1,6,Haryana,01-01-2017,14513.9562
78,Panipat,7,6,Haryana,01-01-2017,14484.93862
79,Central,6,7,Delhi  & NCR,01-01-2017,14607.77737
80,East,4,7,Delhi  & NCR,01-01-2017,14610.3464
81,New Delhi,5,7,Delhi  & NCR,01-01-2017,14616.05276
82,North,2,7,Delhi  & NCR,01-01-2017,14576.57819
83,North East,3,7,Delhi  & NCR,01-01-2017,14589.36546
84,North West,1,7,Delhi  & NCR,01-01-2017,14557.09553
85,South,9,7,Delhi  & NCR,01-01-2017,14628.86108
86,South West,8,7,Delhi  & NCR,01-01-2017,14608.0298
87,West,7,7,Delhi  & NCR,01-01-2017,14621.75972
88,Sirohi,19,8,Rajasthan,01-01-2017,14961.18888
89,Tonk,22,8,Rajasthan,01-01-2017,14721.41428
90,Sikar,13,8,Rajasthan,01-01-2017,14793.61218
91,Alwar,6,8,Rajasthan,01-01-2017,14628.72586
92,Udaipur,26,8,Rajasthan,01-01-2017,14923.94376
93,Ganganagar,1,8,Rajasthan,01-01-2017,14654.74248
94,Hanumangarh,2,8,Rajasthan,01-01-2017,14678.10843
95,Baran,31,8,Rajasthan,01-01-2017,14827.62238
96,Ajmer,21,8,Rajasthan,01-01-2017,14846.30794
97,Banswara,28,8,Rajasthan,01-01-2017,15004.02972
98,Barmer,17,8,Rajasthan,01-01-2017,15120.47463
99,Bhilwara,24,8,Rajasthan,01-01-2017,14839.43586
100,Bikaner,3,8,Rajasthan,01-01-2017,15005.47592
101,Bharatpur,7,8,Rajasthan,01-01-2017,14605.94325
102,Bundi,23,8,Rajasthan,01-01-2017,14742.22471
103,Chittaurgarh,29,8,Rajasthan,01-01-2017,14839.32499
104,Churu,4,8,Rajasthan,01-01-2017,14897.11246
105,Dausa,11,8,Rajasthan,01-01-2017,14704.05312
106,Dhaulpur,8,8,Rajasthan,01-01-2017,14727.02472
107,Dungarpur,27,8,Rajasthan,01-01-2017,15002.6657
108,Karauli,9,8,Rajasthan,01-01-2017,14743.21108
109,Jaipur,12,8,Rajasthan,01-01-2017,14772.62807
110,Jaisalmer,16,8,Rajasthan,01-01-2017,15110.78033
111,Jalor,18,8,Rajasthan,01-01-2017,14987.133
112,Jhalawar,32,8,Rajasthan,01-01-2017,14886.80463
113,Jhunjhunun,5,8,Rajasthan,01-01-2017,14760.53279
114,Jodhpur,15,8,Rajasthan,01-01-2017,15035.64183
115,Kota,30,8,Rajasthan,01-01-2017,14775.33071
116,Nagaur,14,8,Rajasthan,01-01-2017,14913.20323
117,Pali,20,8,Rajasthan,01-01-2017,14948.4868
118,Rajsamand,25,8,Rajasthan,01-01-2017,14849.75079
119,Sawai Madhopur,10,8,Rajasthan,01-01-2017,14683.25271
120,Shrawasti,51,9,Uttar Pradesh,01-01-2017,14665.27415
121,Saharanpur,1,9,Uttar Pradesh,01-01-2017,14542.34811
122,Sitapur,24,9,Uttar Pradesh,01-01-2017,14643.95243
123,Sultanpur,49,9,Uttar Pradesh,01-01-2017,14690.42953
124,Sonbhadra,70,9,Uttar Pradesh,01-01-2017,14781.72764
125,Siddharthnagar,54,9,Uttar Pradesh,01-01-2017,14641.39743
126,Unnao,26,9,Uttar Pradesh,01-01-2017,14640.479
127,Varanasi,67,9,Uttar Pradesh,01-01-2017,14696.4842
128,Bulandshahr,11,9,Uttar Pradesh,01-01-2017,14556.45256
129,Gautam Buddha Nagar,10,9,Uttar Pradesh,01-01-2017,14582.29715
130,Ghaziabad,9,9,Uttar Pradesh,01-01-2017,14568.49092
131,Auraiya,32,9,Uttar Pradesh,01-01-2017,14645.2945
132,Azamgarh,61,9,Uttar Pradesh,01-01-2017,14674.2537
133,Budaun,19,9,Uttar Pradesh,01-01-2017,14576.3776
134,Agra,15,9,Uttar Pradesh,01-01-2017,14620.01668
135,Aligarh,12,9,Uttar Pradesh,01-01-2017,14563.79891
136,Allahabad,45,9,Uttar Pradesh,01-01-2017,14758.37694
137,Ambedkar Nagar,48,9,Uttar Pradesh,01-01-2017,14659.87454
138,Bareilly,20,9,Uttar Pradesh,01-01-2017,14585.18603
139,Bijnor,3,9,Uttar Pradesh,01-01-2017,14577.81566
140,Basti,55,9,Uttar Pradesh,01-01-2017,14673.58783
141,Baghpat,8,9,Uttar Pradesh,01-01-2017,14547.40741
142,Bahraich,50,9,Uttar Pradesh,01-01-2017,14645.76336
143,Ballia,63,9,Uttar Pradesh,01-01-2017,14671.09205
144,Balrampur,52,9,Uttar Pradesh,01-01-2017,14717.50124
145,Banda,40,9,Uttar Pradesh,01-01-2017,14764.90601
146,Barabanki,46,9,Uttar Pradesh,01-01-2017,14644.16638
147,Chitrakoot,41,9,Uttar Pradesh,01-01-2017,14798.41914
148,Chandauli,66,9,Uttar Pradesh,01-01-2017,14765.31259
149,Deoria,60,9,Uttar Pradesh,01-01-2017,14639.91685
150,Etah,17,9,Uttar Pradesh,01-01-2017,14592.10162
151,Kanpur Dehat,33,9,Uttar Pradesh,01-01-2017,14657.74947
152,Etawah,31,9,Uttar Pradesh,01-01-2017,14644.98459
153,Faizabad,47,9,Uttar Pradesh,01-01-2017,14691.59841
154,Ghazipur,65,9,Uttar Pradesh,01-01-2017,14700.26155
155,Gonda,53,9,Uttar Pradesh,01-01-2017,14687.42655
156,Gorakhpur,58,9,Uttar Pradesh,01-01-2017,14621.37215
157,Farrukhabad,29,9,Uttar Pradesh,01-01-2017,14648.24331
158,Fatehpur,42,9,Uttar Pradesh,01-01-2017,14670.12274
159,Firozabad,16,9,Uttar Pradesh,01-01-2017,14625.64744
160,Hamirpur,38,9,Uttar Pradesh,01-01-2017,14717.52092
161,Hardoi,25,9,Uttar Pradesh,01-01-2017,14615.87205
162,Hathras,13,9,Uttar Pradesh,01-01-2017,14570.32152
163,Jalaun,35,9,Uttar Pradesh,01-01-2017,14699.5497
164,Jaunpur,64,9,Uttar Pradesh,01-01-2017,14690.47448
165,Jhansi,36,9,Uttar Pradesh,01-01-2017,14756.73671
166,Jyotiba Phule Nagar,6,9,Uttar Pradesh,01-01-2017,14578.4794
167,Kannauj,30,9,Uttar Pradesh,01-01-2017,14658.7864
168,Kanpur Nagar,34,9,Uttar Pradesh,01-01-2017,14679.92431
169,Kaushambi,44,9,Uttar Pradesh,01-01-2017,14701.31074
170,Kheri,23,9,Uttar Pradesh,01-01-2017,14629.73243
171,Mirzapur,69,9,Uttar Pradesh,01-01-2017,14812.92389
172,Moradabad,4,9,Uttar Pradesh,01-01-2017,14594.8726
173,Muzaffarnagar,2,9,Uttar Pradesh,01-01-2017,14565.33538
174,Rae Bareli,28,9,Uttar Pradesh,01-01-2017,14649.54459
175,Kushinagar,59,9,Uttar Pradesh,01-01-2017,14662.28136
176,Lucknow,27,9,Uttar Pradesh,01-01-2017,14678.58311
177,Lalitpur,37,9,Uttar Pradesh,01-01-2017,14732.74344
178,Mahrajganj,57,9,Uttar Pradesh,01-01-2017,14646.95168
179,Mahoba,39,9,Uttar Pradesh,01-01-2017,14766.30585
180,Mainpuri,18,9,Uttar Pradesh,01-01-2017,14639.04343
181,Mathura,14,9,Uttar Pradesh,01-01-2017,14546.70818
182,Mau,62,9,Uttar Pradesh,01-01-2017,14668.69908
183,Meerut,7,9,Uttar Pradesh,01-01-2017,14564.96751
184,Pilibhit,21,9,Uttar Pradesh,01-01-2017,14587.86836
185,Pratapgarh,43,9,Uttar Pradesh,01-01-2017,14691.71
186,Rampur,5,9,Uttar Pradesh,01-01-2017,14574.82131
187,Sant Ravidas Nagar Bhadohi,68,9,Uttar Pradesh,01-01-2017,14700.14845
188,Sant Kabir Nagar,56,9,Uttar Pradesh,01-01-2017,14633.46673
189,Shahjahanpur,22,9,Uttar Pradesh,01-01-2017,14583.84101
190,Sheikhpura,26,10,Bihar,01-01-2017,14770.424
191,Sheohar,3,10,Bihar,01-01-2017,14678.26158
192,Saharsa,12,10,Bihar,01-01-2017,14704.67535
193,Sitamarhi,4,10,Bihar,01-01-2017,14698.75864
194,Siwan,16,10,Bihar,01-01-2017,14659.47357
195,Supaul,6,10,Bihar,01-01-2017,14719.40801
196,Vaishali,18,10,Bihar,01-01-2017,14678.23942
197,Kaimur (Bhabua),31,10,Bihar,01-01-2017,14783.72155
198,Gaya,35,10,Bihar,01-01-2017,14822.64308
199,Bhojpur,29,10,Bihar,01-01-2017,14752.77403
200,Buxar,30,10,Bihar,01-01-2017,14742.07316
201,Jehanabad,33,10,Bihar,01-01-2017,14775.35004
202,Rohtas,32,10,Bihar,01-01-2017,14771.22873
203,Araria,7,10,Bihar,01-01-2017,14763.55254
204,Aurangabad,34,10,Bihar,01-01-2017,14833.94528
205,Banka,23,10,Bihar,01-01-2017,14877.28573
206,Bhagalpur,22,10,Bihar,01-01-2017,14745.18215
207,Begusarai,20,10,Bihar,01-01-2017,14661.28929
208,Saran,17,10,Bihar,01-01-2017,14683.67919
209,Katihar,10,10,Bihar,01-01-2017,14728.49886
210,Darbhanga,13,10,Bihar,01-01-2017,14695.7346
211,Gopalganj,15,10,Bihar,01-01-2017,14670.1437
212,Jamui,37,10,Bihar,01-01-2017,14843.71384
213,Kishanganj,8,10,Bihar,01-01-2017,14840.51758
214,Muzaffarpur,14,10,Bihar,01-01-2017,14692.17418
215,Purnia,9,10,Bihar,01-01-2017,14744.52756
216,Khagaria,21,10,Bihar,01-01-2017,14709.77471
217,Madhubani,5,10,Bihar,01-01-2017,14727.02575
218,Lakhisarai,25,10,Bihar,01-01-2017,14743.71887
219,Madhepura,11,10,Bihar,01-01-2017,14719.98976
220,Purba Champaran,2,10,Bihar,01-01-2017,14688.98015
221,Munger,24,10,Bihar,01-01-2017,14760.09055
222,Nalanda,27,10,Bihar,01-01-2017,14749.70175
223,Nawada,36,10,Bihar,01-01-2017,14774.92334
224,Pashchim Champaran,1,10,Bihar,01-01-2017,14718.29445
225,Patna,28,10,Bihar,01-01-2017,14744.61643
226,Samastipur,19,10,Bihar,01-01-2017,14675.16302
227,South,3,11,Sikkim,01-01-2017,14361.45403
228,West,2,11,Sikkim,01-01-2017,14159.65394
229,East,4,11,Sikkim,01-01-2017,14231.16554
230,North,1,11,Sikkim,01-01-2017,13700.98136
231,Tawang,1,12,Arunanchal Pradesh,01-01-2017,13981.12935
232,Tirap,13,12,Arunanchal Pradesh,01-01-2017,14585.61107
233,West Kameng,2,12,Arunanchal Pradesh,01-01-2017,14247.99982
234,West Siang,7,12,Arunanchal Pradesh,01-01-2017,14249.2756
235,Upper Siang,9,12,Arunanchal Pradesh,01-01-2017,14084.6142
236,Upper Subansiri,6,12,Arunanchal Pradesh,01-01-2017,14089.37227
237,Changlang,12,12,Arunanchal Pradesh,01-01-2017,14514.9591
238,Dibang Valley,10,12,Arunanchal Pradesh,01-01-2017,14027.82054
239,East Kameng,3,12,Arunanchal Pradesh,01-01-2017,14288.46207
240,East Siang,8,12,Arunanchal Pradesh,01-01-2017,14585.94996
241,Lohit,11,12,Arunanchal Pradesh,01-01-2017,14225.59685
242,Lower Subansiri,5,12,Arunanchal Pradesh,01-01-2017,14171.12211
243,Papum Pare,4,12,Arunanchal Pradesh,01-01-2017,14449.86154
244,Tuensang,2,13,Nagaland,01-01-2017,14463.9058
245,Wokha,5,13,Nagaland,01-01-2017,14598.39911
246,Zunheboto,4,13,Nagaland,01-01-2017,14482.37634
247,Dimapur,6,13,Nagaland,01-01-2017,14706.66177
248,Kohima,7,13,Nagaland,01-01-2017,14562.8334
249,Mokokchung,3,13,Nagaland,01-01-2017,14596.20495
250,Mon,1,13,Nagaland,01-01-2017,14626.33604
251,Phek,8,13,Nagaland,01-01-2017,14417.67421
252,Tamenglong,2,14,Manipur,01-01-2017,14567.73439
253,Thoubal,5,14,Manipur,01-01-2017,14688.77143
254,Ukhrul,8,14,Manipur,01-01-2017,14534.63859
255,Bishnupur,4,14,Manipur,01-01-2017,14656.45299
256,Chandel,9,14,Manipur,01-01-2017,14607.94592
257,Churachandpur,3,14,Manipur,01-01-2017,14586.19635
258,Imphal East,7,14,Manipur,01-01-2017,14728.12047
259,Imphal West,6,14,Manipur,01-01-2017,14704.85523
260,Senapati (Excl. 3 sub-divisions),1,14,Manipur,01-01-2017,14545.98864
261,Aizawl,3,15,Mizoram,01-01-2017,14647.30714
262,Champhai,4,15,Mizoram,01-01-2017,14596.78266
263,Kolasib,2,15,Mizoram,01-01-2017,14701.56474
264,Mamit,1,15,Mizoram,01-01-2017,14712.5226
265,Lunglei,6,15,Mizoram,01-01-2017,14667.69594
266,Lawngtlai,7,15,Mizoram,01-01-2017,14736.83921
267,Saiha,8,15,Mizoram,01-01-2017,14647.52428
268,Serchhip,5,15,Mizoram,01-01-2017,14616.93973
269,South Tripura,2,16,Tripura,01-01-2017,14839.87806
270,West Tripura,1,16,Tripura,01-01-2017,14849.94655
271,Dhalai,3,16,Tripura,01-01-2017,14792.57836
272,North Tripura,4,16,Tripura,01-01-2017,14790.94868
273,Ri Bhoi,5,17,Meghalaya,01-01-2017,14674.18797
274,South Garo Hills,3,17,Meghalaya,01-01-2017,14753.60222
275,West Garo Hills,1,17,Meghalaya,01-01-2017,14802.13071
276,West Khasi Hills,4,17,Meghalaya,01-01-2017,14644.22731
277,East Garo Hills,2,17,Meghalaya,01-01-2017,14727.13597
278,East Khasi Hills,6,17,Meghalaya,01-01-2017,14643.23162
279,Jaintia Hills,7,17,Meghalaya,01-01-2017,14669.96387
280,Sonitpur,11,18,Assam,01-01-2017,14858.49328
281,Sibsagar,16,18,Assam,01-01-2017,14798.77408
282,Tinsukia,14,18,Assam,01-01-2017,14778.40721
283,Barpeta,5,18,Assam,01-01-2017,14867.57568
284,Bongaigaon,4,18,Assam,01-01-2017,14864.02011
285,Cachar,21,18,Assam,01-01-2017,14789.69202
286,Darrang,8,18,Assam,01-01-2017,14867.553
287,Dhemaji,13,18,Assam,01-01-2017,14878.77345
288,Dhubri,2,18,Assam,01-01-2017,14845.90705
289,Dibrugarh,15,18,Assam,01-01-2017,14821.59906
290,Kamrup,6,18,Assam,01-01-2017,14808.21347
291,Karbi Anglong,19,18,Assam,01-01-2017,14684.53342
292,Goalpara,3,18,Assam,01-01-2017,14834.30582
293,Golaghat,18,18,Assam,01-01-2017,14812.71613
294,Hailakandi,23,18,Assam,01-01-2017,14812.40121
295,Jorhat,17,18,Assam,01-01-2017,14808.68666
296,Karimganj,22,18,Assam,01-01-2017,14825.62255
297,Kokrajhar,1,18,Assam,01-01-2017,14893.05121
298,Lakhimpur,12,18,Assam,01-01-2017,14863.27093
299,Nagaon,10,18,Assam,01-01-2017,14808.89823
300,Marigaon,9,18,Assam,01-01-2017,14846.08099
301,Nalbari,7,18,Assam,01-01-2017,14894.7341
302,North Cachar Hills,20,18,Assam,01-01-2017,14647.07246
303,South  Twenty Four Parganas,18,19,West Bengal,01-01-2017,14836.30682
304,Uttar Dinajpur,4,19,West Bengal,01-01-2017,14780.8213
305,Barddhaman,9,19,West Bengal,01-01-2017,14900.94499
306,Birbhum,8,19,West Bengal,01-01-2017,14915.3488
307,Bankura,13,19,West Bengal,01-01-2017,14952.29305
308,Dakshin Dinajpur,5,19,West Bengal,01-01-2017,14780.28717
309,Darjiling,1,19,West Bengal,01-01-2017,14620.13125
310,Haora,16,19,West Bengal,01-01-2017,14848.94818
311,Hugli,12,19,West Bengal,01-01-2017,14846.73287
312,Jalpaiguri,2,19,West Bengal,01-01-2017,14851.19201
313,Koch Bihar,3,19,West Bengal,01-01-2017,14815.58645
314,Murshidabad,7,19,West Bengal,01-01-2017,14818.57936
315,Puruliya,14,19,West Bengal,01-01-2017,15002.65771
316,Kolkata,17,19,West Bengal,01-01-2017,14971.42704
317,Maldah,6,19,West Bengal,01-01-2017,14764.05577
318,Nadia,10,19,West Bengal,01-01-2017,14809.58852
319,North Twenty Four Parganas,11,19,West Bengal,01-01-2017,14803.57003
320,Medinipur,15,19,West Bengal,01-01-2017,14909.15656
321,Ranchi,14,20,Jharkhand,01-01-2017,14943.62129
322,Sahibganj,9,20,Jharkhand,01-01-2017,14836.97841
323,Garhwa,1,20,Jharkhand,01-01-2017,14786.53493
324,Palamu,2,20,Jharkhand,01-01-2017,14789.50552
325,Chatra,3,20,Jharkhand,01-01-2017,14810.65725
326,Hazaribagh,4,20,Jharkhand,01-01-2017,14842.38179
327,Kodarma,5,20,Jharkhand,01-01-2017,14808.28889
328,Bokaro,13,20,Jharkhand,01-01-2017,14946.98145
329,Deoghar,7,20,Jharkhand,01-01-2017,14929.51471
330,Dhanbad,12,20,Jharkhand,01-01-2017,14926.5833
331,Dumka,11,20,Jharkhand,01-01-2017,14925.05236
332,Giridih,6,20,Jharkhand,01-01-2017,14879.67345
333,Godda,8,20,Jharkhand,01-01-2017,14873.93771
334,Gumla,16,20,Jharkhand,01-01-2017,14945.66699
335,Purbi Singhbhum,18,20,Jharkhand,01-01-2017,14991.83691
336,Lohardaga,15,20,Jharkhand,01-01-2017,14852.5166
337,Pakaur,10,20,Jharkhand,01-01-2017,14969.80765
338,Pashchimi Singhbhum,17,20,Jharkhand,01-01-2017,14938.35519
339,Rayagada,27,21,Orissa,01-01-2017,15021.34818
340,Sundargarh,5,21,Orissa,01-01-2017,14951.04473
341,Sonapur,23,21,Orissa,01-01-2017,15024.18826
342,Anugul,15,21,Orissa,01-01-2017,14964.67122
343,Bhadrak,9,21,Orissa,01-01-2017,15043.5287
344,Baudh,22,21,Orissa,01-01-2017,14985.47169
345,Balangir,24,21,Orissa,01-01-2017,15055.26912
346,Baleshwar,8,21,Orissa,01-01-2017,14979.7168
347,Bargarh,1,21,Orissa,01-01-2017,15007.47981
348,Kendrapara,10,21,Orissa,01-01-2017,15024.57452
349,Kendujhar,6,21,Orissa,01-01-2017,15012.17261
350,Debagarh,4,21,Orissa,01-01-2017,14958.86566
351,Cuttack,12,21,Orissa,01-01-2017,15065.84137
352,Dhenkanal,14,21,Orissa,01-01-2017,15030.52932
353,Kalahandi,26,21,Orissa,01-01-2017,15022.44205
354,Ganjam,19,21,Orissa,01-01-2017,15075.86456
355,Gajapati,20,21,Orissa,01-01-2017,14983.9834
356,Jajapur,13,21,Orissa,01-01-2017,15085.7122
357,Jagatsinghapur,11,21,Orissa,01-01-2017,15071.82133
358,Jharsuguda,2,21,Orissa,01-01-2017,14960.74164
359,Khordha,17,21,Orissa,01-01-2017,15100.94934
360,Mayurbhanj,7,21,Orissa,01-01-2017,14950.78755
361,Puri,18,21,Orissa,01-01-2017,15065.37578
362,Koraput,29,21,Orissa,01-01-2017,15074.82799
363,Malkangiri,30,21,Orissa,01-01-2017,15056.92281
364,Nabarangapur,28,21,Orissa,01-01-2017,15123.80017
365,Nayagarh,16,21,Orissa,01-01-2017,15013.72373
366,Nuapada,25,21,Orissa,01-01-2017,15057.21124
367,Kandhamal,21,21,Orissa,01-01-2017,14913.26965
368,Sambalpur,3,21,Orissa,01-01-2017,14924.16893
369,Surguja,2,22,Chhattisgarh,01-01-2017,14840.68895
370,Bilaspur,7,22,Chhattisgarh,01-01-2017,14989.37193
371,Janjgir - Champa,6,22,Chhattisgarh,01-01-2017,15083.74657
372,Korba,5,22,Chhattisgarh,01-01-2017,14898.97512
373,Kawardha,8,22,Chhattisgarh,01-01-2017,15005.29281
374,Bastar,15,22,Chhattisgarh,01-01-2017,15017.25808
375,Dantewada,16,22,Chhattisgarh,01-01-2017,14997.84941
376,Dhamtari,13,22,Chhattisgarh,01-01-2017,14988.30305
377,Durg,10,22,Chhattisgarh,01-01-2017,15038.44282
378,Kanker,14,22,Chhattisgarh,01-01-2017,14989.13302
379,Jashpur,3,22,Chhattisgarh,01-01-2017,14933.59402
380,Koriya,1,22,Chhattisgarh,01-01-2017,14836.1492
381,Mahasamund,12,22,Chhattisgarh,01-01-2017,15079.2654
382,Raigarh,4,22,Chhattisgarh,01-01-2017,14970.93458
383,Raipur,11,22,Chhattisgarh,01-01-2017,15059.20182
384,Rajnandgaon,9,22,Chhattisgarh,01-01-2017,15005.49362
385,Shajapur,22,23,Madhya Pradesh,01-01-2017,14910.74929
386,Shivpuri,6,23,Madhya Pradesh,01-01-2017,14841.60836
387,Ratlam,20,23,Madhya Pradesh,01-01-2017,14924.23717
388,Rewa,14,23,Madhya Pradesh,01-01-2017,14830.91216
389,Sagar,11,23,Madhya Pradesh,01-01-2017,14897.62494
390,Sidhi,17,23,Madhya Pradesh,01-01-2017,14807.53211
391,Ujjain,21,23,Madhya Pradesh,01-01-2017,14824.59994
392,Vidisha,31,23,Madhya Pradesh,01-01-2017,14835.06678
393,West Nimar,27,23,Madhya Pradesh,01-01-2017,15105.54599
394,Morena,2,23,Madhya Pradesh,01-01-2017,14722.06247
395,Sheopur,1,23,Madhya Pradesh,01-01-2017,14829.50875
396,Dindori,41,23,Madhya Pradesh,01-01-2017,14985.42053
397,Mandla,42,23,Madhya Pradesh,01-01-2017,14945.63501
398,Shahdol,16,23,Madhya Pradesh,01-01-2017,14927.96709
399,Umaria,15,23,Madhya Pradesh,01-01-2017,14867.54735
400,Bhind,3,23,Madhya Pradesh,01-01-2017,14676.39106
401,Bhopal,32,23,Madhya Pradesh,01-01-2017,14864.19447
402,Barwani,28,23,Madhya Pradesh,01-01-2017,15201.83699
403,Betul,35,23,Madhya Pradesh,01-01-2017,15036.15156
404,Balaghat,45,23,Madhya Pradesh,01-01-2017,14913.37021
405,Chhatarpur,9,23,Madhya Pradesh,01-01-2017,14815.2816
406,Chhindwara,43,23,Madhya Pradesh,01-01-2017,15013.45673
407,Dewas,23,23,Madhya Pradesh,01-01-2017,14934.34371
408,Katni,38,23,Madhya Pradesh,01-01-2017,14864.79558
409,Datia,5,23,Madhya Pradesh,01-01-2017,14719.10826
410,Damoh,12,23,Madhya Pradesh,01-01-2017,14901.40204
411,Dhar,25,23,Madhya Pradesh,01-01-2017,15003.52949
412,East Nimar,29,23,Madhya Pradesh,01-01-2017,15066.19762
413,Guna,7,23,Madhya Pradesh,01-01-2017,14876.78922
414,Gwalior,4,23,Madhya Pradesh,01-01-2017,14778.54026
415,Harda,36,23,Madhya Pradesh,01-01-2017,14863.02082
416,Hoshangabad,37,23,Madhya Pradesh,01-01-2017,14817.01049
417,Indore,26,23,Madhya Pradesh,01-01-2017,14903.52797
418,Jabalpur,39,23,Madhya Pradesh,01-01-2017,14875.20338
419,Jhabua,24,23,Madhya Pradesh,01-01-2017,15100.77948
420,Mandsaur,19,23,Madhya Pradesh,01-01-2017,14822.2792
421,Tikamgarh,8,23,Madhya Pradesh,01-01-2017,14788.6453
422,Narsimhapur,40,23,Madhya Pradesh,01-01-2017,14901.54911
423,Neemuch,18,23,Madhya Pradesh,01-01-2017,14862.97499
424,Panna,10,23,Madhya Pradesh,01-01-2017,14881.25108
425,Raisen,34,23,Madhya Pradesh,01-01-2017,14898.37564
426,Rajgarh,30,23,Madhya Pradesh,01-01-2017,14921.78865
427,Satna,13,23,Madhya Pradesh,01-01-2017,14833.39968
428,Sehore,33,23,Madhya Pradesh,01-01-2017,14905.36343
429,Seoni,44,23,Madhya Pradesh,01-01-2017,14973.71552
430,Sabar Kantha,5,24,Gujarat,01-01-2017,14987.63178
431,Surendranagar,8,24,Gujarat,01-01-2017,15171.19673
432,The Dangs,23,24,Gujarat,01-01-2017,15134.26894
433,Vadodara,19,24,Gujarat,01-01-2017,15099.27134
434,Valsad,25,24,Gujarat,01-01-2017,15169.14949
435,Bharuch,21,24,Gujarat,01-01-2017,15158.64186
436,Surat,22,24,Gujarat,01-01-2017,15153.71708
437,Anand,15,24,Gujarat,01-01-2017,15007.29749
438,Ahmadabad,7,24,Gujarat,01-01-2017,15130.81459
439,Amreli,13,24,Gujarat,01-01-2017,15238.16984
440,Bhavnagar,14,24,Gujarat,01-01-2017,15234.32139
441,Banas Kantha,2,24,Gujarat,01-01-2017,14959.61999
442,Dohad,18,24,Gujarat,01-01-2017,15028.76788
443,Junagadh,12,24,Gujarat,01-01-2017,15110.15847
444,Kachchh,1,24,Gujarat,01-01-2017,15124.06999
445,Gandhinagar,6,24,Gujarat,01-01-2017,15049.98404
446,Jamnagar,10,24,Gujarat,01-01-2017,15187.66853
447,Kheda,16,24,Gujarat,01-01-2017,15045.43079
448,Mahesana,4,24,Gujarat,01-01-2017,15029.3978
449,Narmada,20,24,Gujarat,01-01-2017,15148.23849
450,Navsari,24,24,Gujarat,01-01-2017,15142.06217
451,Panch Mahals,17,24,Gujarat,01-01-2017,15045.61621
452,Patan,3,24,Gujarat,01-01-2017,15084.92557
453,Porbandar,11,24,Gujarat,01-01-2017,15173.97468
454,Rajkot,9,24,Gujarat,01-01-2017,15220.64991
455,Daman,2,25,Daman & Diu,01-01-2017,15094.71443
456,Diu,1,25,Daman & Diu,01-01-2017,15036.32795
457,Ratnagiri,32,27,Maharashtra,01-01-2017,15209.33744
458,Raigarh,24,27,Maharashtra,01-01-2017,15231.64178
459,Thane,21,27,Maharashtra,01-01-2017,15238.97879
460,Solapur,30,27,Maharashtra,01-01-2017,15318.18458
461,Sindhudurg,33,27,Maharashtra,01-01-2017,15226.08212
462,Wardha,8,27,Maharashtra,01-01-2017,15142.45769
463,Washim,6,27,Maharashtra,01-01-2017,15218.53714
464,Yavatmal,14,27,Maharashtra,01-01-2017,15174.2671
465,Aurangabad,19,27,Maharashtra,01-01-2017,15195.52525
466,Ahmadnagar,26,27,Maharashtra,01-01-2017,15230.83522
467,Akola,5,27,Maharashtra,01-01-2017,15190.84665
468,Amravati,7,27,Maharashtra,01-01-2017,15117.51793
469,Bid,27,27,Maharashtra,01-01-2017,15217.23933
470,Bhandara,10,27,Maharashtra,01-01-2017,15013.32245
471,Buldana,4,27,Maharashtra,01-01-2017,15193.92743
472,Chandrapur,13,27,Maharashtra,01-01-2017,15082.24943
473,Dhule,2,27,Maharashtra,01-01-2017,15294.11189
474,Gadchiroli,12,27,Maharashtra,01-01-2017,14984.69814
475,Gondiya,11,27,Maharashtra,01-01-2017,14995.85563
476,Hingoli,16,27,Maharashtra,01-01-2017,15196.90425
477,Jalgaon,3,27,Maharashtra,01-01-2017,15169.37054
478,Jalna,18,27,Maharashtra,01-01-2017,15172.19769
479,Kolhapur,34,27,Maharashtra,01-01-2017,15186.48864
480,Latur,28,27,Maharashtra,01-01-2017,15259.52176
481,Pune,25,27,Maharashtra,01-01-2017,15200.28028
482,Nagpur,9,27,Maharashtra,01-01-2017,15056.87515
483,Mumbai,23,27,Maharashtra,01-01-2017,15169.16761
484,Mumbai (Suburban),22,27,Maharashtra,01-01-2017,15183.38016
485,Nanded,15,27,Maharashtra,01-01-2017,15211.10438
486,Nandurbar,1,27,Maharashtra,01-01-2017,15210.66431
487,Nashik,20,27,Maharashtra,01-01-2017,15200.34124
488,Osmanabad,29,27,Maharashtra,01-01-2017,15282.45498
489,Parbhani,17,27,Maharashtra,01-01-2017,15182.25171
490,Sangli,35,27,Maharashtra,01-01-2017,15342.66831
491,Satara,31,27,Maharashtra,01-01-2017,15235.26301
492,Rangareddi,6,28,Andhra Pradesh,01-01-2017,15263.26558
493,Srikakulam,11,28,Andhra Pradesh,01-01-2017,15126.70858
494,West Godavari,15,28,Andhra Pradesh,01-01-2017,15074.52757
495,Visakhapatnam,13,28,Andhra Pradesh,01-01-2017,15055.15478
496,Vizianagaram,12,28,Andhra Pradesh,01-01-2017,15142.41311
497,Warangal,9,28,Andhra Pradesh,01-01-2017,15134.21007
498,Anantapur,22,28,Andhra Pradesh,01-01-2017,15435.72025
499,Adilabad,1,28,Andhra Pradesh,01-01-2017,15148.06304
500,Chittoor,23,28,Andhra Pradesh,01-01-2017,15177.92599
501,Cuddapah,20,28,Andhra Pradesh,01-01-2017,15269.1067
502,East Godavari,14,28,Andhra Pradesh,01-01-2017,15048.12758
503,Karimnagar,3,28,Andhra Pradesh,01-01-2017,15121.85285
504,Guntur,17,28,Andhra Pradesh,01-01-2017,15239.50166
505,Hyderabad,5,28,Andhra Pradesh,01-01-2017,15152.9221
506,Khammam,10,28,Andhra Pradesh,01-01-2017,15114.87018
507,Medak,4,28,Andhra Pradesh,01-01-2017,15194.78277
508,Krishna,16,28,Andhra Pradesh,01-01-2017,15158.67419
509,Kurnool,21,28,Andhra Pradesh,01-01-2017,15344.08769
510,Mahbubnagar,7,28,Andhra Pradesh,01-01-2017,15307.63522
511,Nalgonda,8,28,Andhra Pradesh,01-01-2017,15232.51087
512,Nellore,19,28,Andhra Pradesh,01-01-2017,15195.06793
513,Nizamabad,2,28,Andhra Pradesh,01-01-2017,15132.01616
514,Prakasam,18,28,Andhra Pradesh,01-01-2017,15264.83699
515,Shimoga,15,29,Karnataka,01-01-2017,15135.80368
516,Tumkur,18,29,Karnataka,01-01-2017,15344.1866
517,Udupi,16,29,Karnataka,01-01-2017,15179.51216
518,Uttara Kannada,10,29,Karnataka,01-01-2017,15070.65984
519,Bagalkot,2,29,Karnataka,01-01-2017,15347.85678
520,Bangalore,20,29,Karnataka,01-01-2017,15176.78587
521,Bidar,5,29,Karnataka,01-01-2017,15299.92371
522,Bijapur,3,29,Karnataka,01-01-2017,15432.04608
523,Belgaum,1,29,Karnataka,01-01-2017,15302.68563
524,Bellary,12,29,Karnataka,01-01-2017,15393.2691
525,Bangalore Rural,21,29,Karnataka,01-01-2017,15251.89437
526,Chamarajanagar,27,29,Karnataka,01-01-2017,15334.98125
527,Chikmagalur,17,29,Karnataka,01-01-2017,15121.26609
528,Chitradurga,13,29,Karnataka,01-01-2017,15463.20774
529,Dakshina Kannada,24,29,Karnataka,01-01-2017,15136.04156
530,Davanagere,14,29,Karnataka,01-01-2017,15379.05102
531,Dharwad,9,29,Karnataka,01-01-2017,15479.79989
532,Gulbarga,4,29,Karnataka,01-01-2017,15349.47951
533,Gadag,8,29,Karnataka,01-01-2017,15534.24006
534,Hassan,23,29,Karnataka,01-01-2017,15243.90438
535,Haveri,11,29,Karnataka,01-01-2017,15415.56553
536,Kodagu,25,29,Karnataka,01-01-2017,14959.99277
537,Kolar,19,29,Karnataka,01-01-2017,15245.41237
538,Mandya,22,29,Karnataka,01-01-2017,15279.15716
539,Koppal,7,29,Karnataka,01-01-2017,15433.2704
540,Mysore,26,29,Karnataka,01-01-2017,15343.75727
541,Raichur,6,29,Karnataka,01-01-2017,15355.59563
542,South Goa,2,30,Goa,01-01-2017,15168.99204
543,North Goa,1,30,Goa,01-01-2017,15209.81899
544,Thrissur,7,32,Kerala,01-01-2017,15162.60085
545,Thiruvananthapuram,14,32,Kerala,01-01-2017,15165.18836
546,Wayanad,3,32,Kerala,01-01-2017,14999.11215
547,Alappuzha,11,32,Kerala,01-01-2017,15138.24538
548,Kasaragod,1,32,Kerala,01-01-2017,15207.51356
549,Kannur,2,32,Kerala,01-01-2017,15179.77098
550,Ernakulam,8,32,Kerala,01-01-2017,15200.98146
551,Idukki,9,32,Kerala,01-01-2017,14962.56686
552,Kollam,13,32,Kerala,01-01-2017,15131.49713
553,Kottayam,10,32,Kerala,01-01-2017,15181.96589
554,Kozhikode,4,32,Kerala,01-01-2017,15141.96111
555,Malappuram,5,32,Kerala,01-01-2017,15162.99439
556,Palakkad,6,32,Kerala,01-01-2017,15149.0983
557,Pathanamthitta,12,32,Kerala,01-01-2017,15074.05903
558,Sivaganga,23,33,Tamil Nadu,01-01-2017,15359.85702
559,Tiruchirappalli,15,33,Tamil Nadu,01-01-2017,15363.30392
560,Tirunelveli,29,33,Tamil Nadu,01-01-2017,15298.76184
561,Tiruvannamalai,6,33,Tamil Nadu,01-01-2017,15238.02572
562,Thoothukkudi,28,33,Tamil Nadu,01-01-2017,15461.93925
563,Theni,25,33,Tamil Nadu,01-01-2017,15217.79032
564,Vellore,4,33,Tamil Nadu,01-01-2017,15146.60383
565,Viluppuram,7,33,Tamil Nadu,01-01-2017,15268.85382
566,Virudhunagar,26,33,Tamil Nadu,01-01-2017,15406.57638
567,Chennai,2,33,Tamil Nadu,01-01-2017,15227.77191
568,Kancheepuram,3,33,Tamil Nadu,01-01-2017,15177.39048
569,Thiruvallur,1,33,Tamil Nadu,01-01-2017,15215.95382
570,Thanjavur,21,33,Tamil Nadu,01-01-2017,15158.14986
571,Thiruvarur,20,33,Tamil Nadu,01-01-2017,15097.7309
572,Nagapattinam,19,33,Tamil Nadu,01-01-2017,15105.25614
573,Ariyalur,17,33,Tamil Nadu,01-01-2017,15289.3544
574,Coimbatore,12,33,Tamil Nadu,01-01-2017,15286.25461
575,Cuddalore,18,33,Tamil Nadu,01-01-2017,15237.52252
576,Dharmapuri,5,33,Tamil Nadu,01-01-2017,15232.6702
577,Dindigul,13,33,Tamil Nadu,01-01-2017,15209.45556
578,Erode,10,33,Tamil Nadu,01-01-2017,15357.05388
579,Kanniyakumari,30,33,Tamil Nadu,01-01-2017,15173.9274
580,Karur,14,33,Tamil Nadu,01-01-2017,15494.51852
581,Madurai,24,33,Tamil Nadu,01-01-2017,15336.10563
582,Namakkal,9,33,Tamil Nadu,01-01-2017,15412.62597
583,The Nilgiris,11,33,Tamil Nadu,01-01-2017,14949.58342
584,Perambalur,16,33,Tamil Nadu,01-01-2017,15358.97606
585,Pudukkottai,22,33,Tamil Nadu,01-01-2017,15293.94011
586,Ramanathapuram,27,33,Tamil Nadu,01-01-2017,15416.73416
587,Salem,8,33,Tamil Nadu,01-01-2017,15321.21572
588,Yanam,1,34,Puducherry,01-01-2017,15044.97539
589,Karaikal,4,34,Puducherry,01-01-2017,15150.43607
590,Mahe,3,34,Puducherry,01-01-2017,15175.2114
591,Pondicherry,2,34,Puducherry,01-01-2017,15141.26533
592,Nicobars,2,35,Andaman & Nicobar Island,01-01-2017,14867.80707
593,Andamans,1,35,Andaman & Nicobar Island,01-01-2017,14902.08745
594,Chandigarh,1,4,Chandigarh,02-01-2017,14810.42483
595,Dadra & Nagar Haveli,1,26,Dadara & Nagar Havelli,02-01-2017,15450.48635
596,Lakshadweep,1,31,Lakshadweep,02-01-2017,15085.79144
597,Data Not Available,99,99,Jammu and Kashmir,02-01-2017,13264.38149
598,Anantnag,6,1,Jammu and Kashmir,02-01-2017,13632.02987
599,Badgam,4,1,Jammu and Kashmir,02-01-2017,13840.83422
600,Baramula,2,1,Jammu and Kashmir,02-01-2017,13644.03609
601,Doda,9,1,Jammu and Kashmir,02-01-2017,13505.33627
602,Srinagar,3,1,Jammu and Kashmir,02-01-2017,13578.28485
603,Udhampur,10,1,Jammu and Kashmir,02-01-2017,14341.23934
604,Jammu,13,1,Jammu and Kashmir,02-01-2017,14696.4408
605,Kargil,8,1,Jammu and Kashmir,02-01-2017,13041.6559
606,Kathua,14,1,Jammu and Kashmir,02-01-2017,14575.70846
607,Leh (Ladakh),7,1,Jammu and Kashmir,02-01-2017,13327.36315
608,Kupwara,1,1,Jammu and Kashmir,02-01-2017,13738.7964
609,Punch,11,1,Jammu and Kashmir,02-01-2017,14244.66359
610,Pulwama,5,1,Jammu and Kashmir,02-01-2017,14097.6641
611,Rajauri,12,1,Jammu and Kashmir,02-01-2017,14495.8654
612,Bilaspur,8,2,Himachal Pradesh,02-01-2017,14643.6215
613,Chamba,1,2,Himachal Pradesh,02-01-2017,13783.79513
614,Hamirpur,6,2,Himachal Pradesh,02-01-2017,14643.92533
615,Shimla,11,2,Himachal Pradesh,02-01-2017,14292.31795
616,Sirmaur,10,2,Himachal Pradesh,02-01-2017,14634.05449
617,Solan,9,2,Himachal Pradesh,02-01-2017,14651.6023
618,Una,7,2,Himachal Pradesh,02-01-2017,14755.70343
619,Kangra,2,2,Himachal Pradesh,02-01-2017,14368.7193
620,Kinnaur,12,2,Himachal Pradesh,02-01-2017,13381.80697
621,Lahul & Spiti,3,2,Himachal Pradesh,02-01-2017,13089.74593
622,Kullu,4,2,Himachal Pradesh,02-01-2017,13745.41115
623,Mandi,5,2,Himachal Pradesh,02-01-2017,14474.39983
624,Hoshiarpur,5,3,Punjab,02-01-2017,14719.11965
625,Amritsar,2,3,Punjab,02-01-2017,14653.06673
626,Firozpur,11,3,Punjab,02-01-2017,14690.0932
627,Bathinda,14,3,Punjab,02-01-2017,14683.29954
628,Gurdaspur,1,3,Punjab,02-01-2017,14657.75633
629,Faridkot,13,3,Punjab,02-01-2017,14677.36513
630,Fatehgarh Sahib,8,3,Punjab,02-01-2017,14694.01341
631,Rupnagar,7,3,Punjab,02-01-2017,14733.57983
632,Jalandhar,4,3,Punjab,02-01-2017,14741.53468
633,Kapurthala,3,3,Punjab,02-01-2017,14719.46402
634,Ludhiana,9,3,Punjab,02-01-2017,14704.04197
635,Mansa,15,3,Punjab,02-01-2017,14668.03941
636,Moga,10,3,Punjab,02-01-2017,14663.98648
637,Muktsar,12,3,Punjab,02-01-2017,14676.74296
638,Nawanshahr,6,3,Punjab,02-01-2017,14714.07361
639,Patiala,17,3,Punjab,02-01-2017,14686.54408
640,Sangrur,16,3,Punjab,02-01-2017,14656.64023
641,Hardwar,13,5,Uttarakhand,02-01-2017,14781.70824
642,Bageshwar,8,5,Uttarakhand,02-01-2017,14380.24719
643,Almora,9,5,Uttarakhand,02-01-2017,14676.16341
644,Chamoli,2,5,Uttarakhand,02-01-2017,13855.62954
645,Champawat,10,5,Uttarakhand,02-01-2017,14670.53031
646,Dehradun,5,5,Uttarakhand,02-01-2017,14658.61196
647,Garhwal,6,5,Uttarakhand,02-01-2017,14646.66555
648,Rudraprayag,3,5,Uttarakhand,02-01-2017,14232.10392
649,Tehri Garhwal,4,5,Uttarakhand,02-01-2017,14441.98977
650,Udham Singh Nagar,12,5,Uttarakhand,02-01-2017,14778.99885
651,Uttarkashi,1,5,Uttarakhand,02-01-2017,13798.16788
652,Nainital,11,5,Uttarakhand,02-01-2017,14711.75996
653,Pithoragarh,7,5,Uttarakhand,02-01-2017,13968.34887
654,Hisar,12,6,Haryana,02-01-2017,14767.07149
655,Ambala,2,6,Haryana,02-01-2017,14725.9324
656,Gurgaon,18,6,Haryana,02-01-2017,14884.85545
657,Faridabad,19,6,Haryana,02-01-2017,14842.35517
658,Fatehabad,10,6,Haryana,02-01-2017,14690.70121
659,Rohtak,14,6,Haryana,02-01-2017,14722.51528
660,Sirsa,11,6,Haryana,02-01-2017,14696.07118
661,Sonipat,8,6,Haryana,02-01-2017,14716.23574
662,Yamunanagar,3,6,Haryana,02-01-2017,14717.43833
663,Jhajjar,15,6,Haryana,02-01-2017,14771.84015
664,Mahendragarh,16,6,Haryana,02-01-2017,14882.31671
665,Rewari,17,6,Haryana,02-01-2017,14824.98272
666,Bhiwani,13,6,Haryana,02-01-2017,14807.41149
667,Jind,9,6,Haryana,02-01-2017,14674.6264
668,Kaithal,5,6,Haryana,02-01-2017,14673.03121
669,Karnal,6,6,Haryana,02-01-2017,14678.62591
670,Kurukshetra,4,6,Haryana,02-01-2017,14690.84312
671,Panchkula,1,6,Haryana,02-01-2017,14754.7559
672,Panipat,7,6,Haryana,02-01-2017,14721.19443
673,Central,6,7,Delhi  & NCR,02-01-2017,14938.78925
674,East,4,7,Delhi  & NCR,02-01-2017,14929.4154
675,New Delhi,5,7,Delhi  & NCR,02-01-2017,14890.89923
676,North,2,7,Delhi  & NCR,02-01-2017,14904.38414
677,North East,3,7,Delhi  & NCR,02-01-2017,14928.56556
678,North West,1,7,Delhi  & NCR,02-01-2017,14860.50675
679,South,9,7,Delhi  & NCR,02-01-2017,14926.61624
680,South West,8,7,Delhi  & NCR,02-01-2017,14890.98141
681,West,7,7,Delhi  & NCR,02-01-2017,14953.13838
682,Ajmer,21,8,Rajasthan,02-01-2017,15187.8428
683,Banswara,28,8,Rajasthan,02-01-2017,15255.1876
684,Barmer,17,8,Rajasthan,02-01-2017,15448.08992
685,Bhilwara,24,8,Rajasthan,02-01-2017,15152.08614
686,Bikaner,3,8,Rajasthan,02-01-2017,15366.70067
687,Bharatpur,7,8,Rajasthan,02-01-2017,14945.14196
688,Bundi,23,8,Rajasthan,02-01-2017,15036.91725
689,Chittaurgarh,29,8,Rajasthan,02-01-2017,15141.85997
690,Churu,4,8,Rajasthan,02-01-2017,15277.51984
691,Dausa,11,8,Rajasthan,02-01-2017,15042.43041
692,Dhaulpur,8,8,Rajasthan,02-01-2017,15052.59976
693,Dungarpur,27,8,Rajasthan,02-01-2017,15268.30974
694,Karauli,9,8,Rajasthan,02-01-2017,15085.60631
695,Sirohi,19,8,Rajasthan,02-01-2017,15271.09931
696,Tonk,22,8,Rajasthan,02-01-2017,15084.23847
697,Sikar,13,8,Rajasthan,02-01-2017,15122.49401
698,Alwar,6,8,Rajasthan,02-01-2017,14921.97044
699,Udaipur,26,8,Rajasthan,02-01-2017,15205.08
700,Ganganagar,1,8,Rajasthan,02-01-2017,14944.16803
701,Hanumangarh,2,8,Rajasthan,02-01-2017,14990.69874
702,Baran,31,8,Rajasthan,02-01-2017,15105.05208
703,Jaipur,12,8,Rajasthan,02-01-2017,15098.78778
704,Jaisalmer,16,8,Rajasthan,02-01-2017,15470.25316
705,Jalor,18,8,Rajasthan,02-01-2017,15307.69092
706,Jhalawar,32,8,Rajasthan,02-01-2017,15175.3139
707,Jhunjhunun,5,8,Rajasthan,02-01-2017,15082.02264
708,Jodhpur,15,8,Rajasthan,02-01-2017,15366.96432
709,Kota,30,8,Rajasthan,02-01-2017,15040.43732
710,Nagaur,14,8,Rajasthan,02-01-2017,15276.83275
711,Pali,20,8,Rajasthan,02-01-2017,15274.50625
712,Rajsamand,25,8,Rajasthan,02-01-2017,15144.6169
713,Sawai Madhopur,10,8,Rajasthan,02-01-2017,15017.64783
714,Hathras,13,9,Uttar Pradesh,02-01-2017,14897.22692
715,Auraiya,32,9,Uttar Pradesh,02-01-2017,14857.8092
716,Azamgarh,61,9,Uttar Pradesh,02-01-2017,14860.48655
717,Budaun,19,9,Uttar Pradesh,02-01-2017,14811.92705
718,Agra,15,9,Uttar Pradesh,02-01-2017,14936.7107
719,Aligarh,12,9,Uttar Pradesh,02-01-2017,14830.25105
720,Allahabad,45,9,Uttar Pradesh,02-01-2017,14941.63504
721,Ambedkar Nagar,48,9,Uttar Pradesh,02-01-2017,14856.27404
722,Bareilly,20,9,Uttar Pradesh,02-01-2017,14813.43562
723,Bijnor,3,9,Uttar Pradesh,02-01-2017,14809.72249
724,Basti,55,9,Uttar Pradesh,02-01-2017,14841.84394
725,Baghpat,8,9,Uttar Pradesh,02-01-2017,14753.30253
726,Bahraich,50,9,Uttar Pradesh,02-01-2017,14856.88781
727,Ballia,63,9,Uttar Pradesh,02-01-2017,14857.23581
728,Balrampur,52,9,Uttar Pradesh,02-01-2017,14872.8863
729,Banda,40,9,Uttar Pradesh,02-01-2017,15005.44756
730,Barabanki,46,9,Uttar Pradesh,02-01-2017,14890.67616
731,Chitrakoot,41,9,Uttar Pradesh,02-01-2017,15049.10906
732,Chandauli,66,9,Uttar Pradesh,02-01-2017,14950.85091
733,Deoria,60,9,Uttar Pradesh,02-01-2017,14822.83493
734,Etah,17,9,Uttar Pradesh,02-01-2017,14839.7653
735,Kanpur Dehat,33,9,Uttar Pradesh,02-01-2017,14889.86083
736,Etawah,31,9,Uttar Pradesh,02-01-2017,14884.27516
737,Faizabad,47,9,Uttar Pradesh,02-01-2017,14878.05389
738,Ghazipur,65,9,Uttar Pradesh,02-01-2017,14873.76037
739,Gonda,53,9,Uttar Pradesh,02-01-2017,14884.9997
740,Gorakhpur,58,9,Uttar Pradesh,02-01-2017,14809.55913
741,Farrukhabad,29,9,Uttar Pradesh,02-01-2017,14921.3901
742,Fatehpur,42,9,Uttar Pradesh,02-01-2017,14920.09804
743,Firozabad,16,9,Uttar Pradesh,02-01-2017,14910.52279
744,Hamirpur,38,9,Uttar Pradesh,02-01-2017,15005.15144
745,Hardoi,25,9,Uttar Pradesh,02-01-2017,14847.67419
746,Shrawasti,51,9,Uttar Pradesh,02-01-2017,14846.37166
747,Saharanpur,1,9,Uttar Pradesh,02-01-2017,14720.72773
748,Sitapur,24,9,Uttar Pradesh,02-01-2017,14877.65078
749,Sultanpur,49,9,Uttar Pradesh,02-01-2017,14899.09784
750,Sonbhadra,70,9,Uttar Pradesh,02-01-2017,15038.43588
751,Siddharthnagar,54,9,Uttar Pradesh,02-01-2017,14782.34203
752,Unnao,26,9,Uttar Pradesh,02-01-2017,14861.82525
753,Varanasi,67,9,Uttar Pradesh,02-01-2017,14894.55281
754,Bulandshahr,11,9,Uttar Pradesh,02-01-2017,14770.21059
755,Gautam Buddha Nagar,10,9,Uttar Pradesh,02-01-2017,14853.17794
756,Ghaziabad,9,9,Uttar Pradesh,02-01-2017,14808.34392
757,Jalaun,35,9,Uttar Pradesh,02-01-2017,14997.65042
758,Jaunpur,64,9,Uttar Pradesh,02-01-2017,14884.28061
759,Jhansi,36,9,Uttar Pradesh,02-01-2017,15035.55873
760,Jyotiba Phule Nagar,6,9,Uttar Pradesh,02-01-2017,14773.2318
761,Kannauj,30,9,Uttar Pradesh,02-01-2017,14935.2966
762,Kanpur Nagar,34,9,Uttar Pradesh,02-01-2017,14901.51243
763,Kaushambi,44,9,Uttar Pradesh,02-01-2017,14924.49216
764,Kheri,23,9,Uttar Pradesh,02-01-2017,14873.55826
765,Mirzapur,69,9,Uttar Pradesh,02-01-2017,15038.57688
766,Moradabad,4,9,Uttar Pradesh,02-01-2017,14792.37286
767,Muzaffarnagar,2,9,Uttar Pradesh,02-01-2017,14749.28508
768,Rae Bareli,28,9,Uttar Pradesh,02-01-2017,14876.48632
769,Kushinagar,59,9,Uttar Pradesh,02-01-2017,14858.83843
770,Lucknow,27,9,Uttar Pradesh,02-01-2017,14914.83608
771,Lalitpur,37,9,Uttar Pradesh,02-01-2017,15022.28682
772,Mahrajganj,57,9,Uttar Pradesh,02-01-2017,14795.17273
773,Mahoba,39,9,Uttar Pradesh,02-01-2017,15044.08083
774,Mainpuri,18,9,Uttar Pradesh,02-01-2017,14884.41835
775,Mathura,14,9,Uttar Pradesh,02-01-2017,14839.77791
776,Mau,62,9,Uttar Pradesh,02-01-2017,14843.40496
777,Meerut,7,9,Uttar Pradesh,02-01-2017,14774.78652
778,Pilibhit,21,9,Uttar Pradesh,02-01-2017,14802.76567
779,Pratapgarh,43,9,Uttar Pradesh,02-01-2017,14913.07856
780,Rampur,5,9,Uttar Pradesh,02-01-2017,14775.84113
781,Sant Ravidas Nagar Bhadohi,68,9,Uttar Pradesh,02-01-2017,14874.26831
782,Sant Kabir Nagar,56,9,Uttar Pradesh,02-01-2017,14804.30389
783,Shahjahanpur,22,9,Uttar Pradesh,02-01-2017,14824.59606
784,Araria,7,10,Bihar,02-01-2017,14877.93448
785,Aurangabad,34,10,Bihar,02-01-2017,15048.09304
786,Banka,23,10,Bihar,02-01-2017,15130.22781
787,Bhagalpur,22,10,Bihar,02-01-2017,14956.52266
788,Begusarai,20,10,Bihar,02-01-2017,14884.03276
789,Saran,17,10,Bihar,02-01-2017,14871.70076
790,Katihar,10,10,Bihar,02-01-2017,14894.38654
791,Darbhanga,13,10,Bihar,02-01-2017,14887.52014
792,Gopalganj,15,10,Bihar,02-01-2017,14862.3768
793,Sheikhpura,26,10,Bihar,02-01-2017,14965.31861
794,Sheohar,3,10,Bihar,02-01-2017,14854.67164
795,Saharsa,12,10,Bihar,02-01-2017,14884.64918
796,Sitamarhi,4,10,Bihar,02-01-2017,14853.31921
797,Siwan,16,10,Bihar,02-01-2017,14856.76019
798,Supaul,6,10,Bihar,02-01-2017,14873.892
799,Vaishali,18,10,Bihar,02-01-2017,14882.76402
800,Kaimur (Bhabua),31,10,Bihar,02-01-2017,15006.87793
801,Gaya,35,10,Bihar,02-01-2017,15037.23384
802,Bhojpur,29,10,Bihar,02-01-2017,14908.47455
803,Buxar,30,10,Bihar,02-01-2017,14884.93297
804,Jehanabad,33,10,Bihar,02-01-2017,14977.47063
805,Rohtas,32,10,Bihar,02-01-2017,14956.06039
806,Jamui,37,10,Bihar,02-01-2017,15117.78496
807,Kishanganj,8,10,Bihar,02-01-2017,15002.40716
808,Muzaffarpur,14,10,Bihar,02-01-2017,14884.85675
809,Purnia,9,10,Bihar,02-01-2017,14899.83781
810,Khagaria,21,10,Bihar,02-01-2017,14874.90741
811,Madhubani,5,10,Bihar,02-01-2017,14890.42579
812,Lakhisarai,25,10,Bihar,02-01-2017,14961.56814
813,Madhepura,11,10,Bihar,02-01-2017,14871.61539
814,Purba Champaran,2,10,Bihar,02-01-2017,14866.25465
815,Munger,24,10,Bihar,02-01-2017,15001.52159
816,Nalanda,27,10,Bihar,02-01-2017,14947.61631
817,Nawada,36,10,Bihar,02-01-2017,14987.1229
818,Pashchim Champaran,1,10,Bihar,02-01-2017,14906.74232
819,Patna,28,10,Bihar,02-01-2017,14936.42962
820,Samastipur,19,10,Bihar,02-01-2017,14881.73961
821,East,4,11,Sikkim,02-01-2017,14428.5448
822,South,3,11,Sikkim,02-01-2017,14511.01977
823,West,2,11,Sikkim,02-01-2017,14315.91702
824,North,1,11,Sikkim,02-01-2017,13884.78454
825,Changlang,12,12,Arunanchal Pradesh,02-01-2017,14599.93575
826,Dibang Valley,10,12,Arunanchal Pradesh,02-01-2017,14117.372
827,East Kameng,3,12,Arunanchal Pradesh,02-01-2017,14399.83529
828,East Siang,8,12,Arunanchal Pradesh,02-01-2017,14684.56848
829,Tawang,1,12,Arunanchal Pradesh,02-01-2017,14129.21453
830,Tirap,13,12,Arunanchal Pradesh,02-01-2017,14702.19145
831,West Kameng,2,12,Arunanchal Pradesh,02-01-2017,14379.16086
832,West Siang,7,12,Arunanchal Pradesh,02-01-2017,14360.96055
833,Upper Siang,9,12,Arunanchal Pradesh,02-01-2017,14188.6812
834,Upper Subansiri,6,12,Arunanchal Pradesh,02-01-2017,14199.0189
835,Lohit,11,12,Arunanchal Pradesh,02-01-2017,14297.46628
836,Lower Subansiri,5,12,Arunanchal Pradesh,02-01-2017,14299.27034
837,Papum Pare,4,12,Arunanchal Pradesh,02-01-2017,14553.19692
838,Tuensang,2,13,Nagaland,02-01-2017,14604.00079
839,Wokha,5,13,Nagaland,02-01-2017,14755.31152
840,Zunheboto,4,13,Nagaland,02-01-2017,14625.59971
841,Dimapur,6,13,Nagaland,02-01-2017,14898.01524
842,Kohima,7,13,Nagaland,02-01-2017,14713.00644
843,Mokokchung,3,13,Nagaland,02-01-2017,14737.71342
844,Mon,1,13,Nagaland,02-01-2017,14779.22489
845,Phek,8,13,Nagaland,02-01-2017,14599.15327
846,Bishnupur,4,14,Manipur,02-01-2017,14825.22066
847,Chandel,9,14,Manipur,02-01-2017,14791.32143
848,Churachandpur,3,14,Manipur,02-01-2017,14743.8251
849,Tamenglong,2,14,Manipur,02-01-2017,14683.95972
850,Thoubal,5,14,Manipur,02-01-2017,14888.64408
851,Ukhrul,8,14,Manipur,02-01-2017,14702.5202
852,Imphal East,7,14,Manipur,02-01-2017,14908.40628
853,Imphal West,6,14,Manipur,02-01-2017,14825.64801
854,Senapati (Excl. 3 sub-divisions),1,14,Manipur,02-01-2017,14701.93707
855,Aizawl,3,15,Mizoram,02-01-2017,14785.73391
856,Champhai,4,15,Mizoram,02-01-2017,14749.6782
857,Kolasib,2,15,Mizoram,02-01-2017,14834.77642
858,Mamit,1,15,Mizoram,02-01-2017,14843.47708
859,Lunglei,6,15,Mizoram,02-01-2017,14807.57356
860,Lawngtlai,7,15,Mizoram,02-01-2017,14894.87013
861,Saiha,8,15,Mizoram,02-01-2017,14804.69279
862,Serchhip,5,15,Mizoram,02-01-2017,14761.4883
863,Dhalai,3,16,Tripura,02-01-2017,14955.38061
864,South Tripura,2,16,Tripura,02-01-2017,15016.53623
865,West Tripura,1,16,Tripura,02-01-2017,15025.38659
866,North Tripura,4,16,Tripura,02-01-2017,14956.59351
867,East Garo Hills,2,17,Meghalaya,02-01-2017,14897.48053
868,East Khasi Hills,6,17,Meghalaya,02-01-2017,14770.58866
869,Ri Bhoi,5,17,Meghalaya,02-01-2017,14835.56966
870,South Garo Hills,3,17,Meghalaya,02-01-2017,14876.7406
871,West Garo Hills,1,17,Meghalaya,02-01-2017,14944.24948
872,West Khasi Hills,4,17,Meghalaya,02-01-2017,14786.89242
873,Jaintia Hills,7,17,Meghalaya,02-01-2017,14825.14717
874,Barpeta,5,18,Assam,02-01-2017,14972.95664
875,Bongaigaon,4,18,Assam,02-01-2017,14957.92419
876,Cachar,21,18,Assam,02-01-2017,14922.05485
877,Darrang,8,18,Assam,02-01-2017,14998.04877
878,Dhemaji,13,18,Assam,02-01-2017,14986.50744
879,Dhubri,2,18,Assam,02-01-2017,14986.0217
880,Dibrugarh,15,18,Assam,02-01-2017,14950.55122
881,Kamrup,6,18,Assam,02-01-2017,14952.91488
882,Karbi Anglong,19,18,Assam,02-01-2017,14850.9292
883,Goalpara,3,18,Assam,02-01-2017,14990.77401
884,Golaghat,18,18,Assam,02-01-2017,14979.43109
885,Hailakandi,23,18,Assam,02-01-2017,14951.57221
886,Sonitpur,11,18,Assam,02-01-2017,14992.20235
887,Sibsagar,16,18,Assam,02-01-2017,14956.06864
888,Tinsukia,14,18,Assam,02-01-2017,14886.76234
889,Jorhat,17,18,Assam,02-01-2017,14959.44946
890,Karimganj,22,18,Assam,02-01-2017,14971.35113
891,Kokrajhar,1,18,Assam,02-01-2017,15007.17509
892,Lakhimpur,12,18,Assam,02-01-2017,14986.32702
893,Nagaon,10,18,Assam,02-01-2017,14974.07985
894,Marigaon,9,18,Assam,02-01-2017,14974.07693
895,Nalbari,7,18,Assam,02-01-2017,14986.74231
896,North Cachar Hills,20,18,Assam,02-01-2017,14815.67417
897,Hugli,12,19,West Bengal,02-01-2017,15030.16774
898,Barddhaman,9,19,West Bengal,02-01-2017,15067.17046
899,Birbhum,8,19,West Bengal,02-01-2017,15092.83875
900,Bankura,13,19,West Bengal,02-01-2017,15177.67797
901,Dakshin Dinajpur,5,19,West Bengal,02-01-2017,14990.93597
902,Darjiling,1,19,West Bengal,02-01-2017,14770.98669
903,Haora,16,19,West Bengal,02-01-2017,15023.76439
904,South  Twenty Four Parganas,18,19,West Bengal,02-01-2017,15034.51103
905,Uttar Dinajpur,4,19,West Bengal,02-01-2017,14932.48571
906,Jalpaiguri,2,19,West Bengal,02-01-2017,14978.15856
907,Koch Bihar,3,19,West Bengal,02-01-2017,14916.97666
908,Murshidabad,7,19,West Bengal,02-01-2017,15024.72655
909,Puruliya,14,19,West Bengal,02-01-2017,15236.62453
910,Kolkata,17,19,West Bengal,02-01-2017,15183.51052
911,Maldah,6,19,West Bengal,02-01-2017,14966.26481
912,Nadia,10,19,West Bengal,02-01-2017,15050.96058
913,North Twenty Four Parganas,11,19,West Bengal,02-01-2017,14980.08607
914,Medinipur,15,19,West Bengal,02-01-2017,15096.36047
915,Bokaro,13,20,Jharkhand,02-01-2017,15195.37785
916,Deoghar,7,20,Jharkhand,02-01-2017,15199.39893
917,Dhanbad,12,20,Jharkhand,02-01-2017,15178.24722
918,Dumka,11,20,Jharkhand,02-01-2017,15179.86291
919,Giridih,6,20,Jharkhand,02-01-2017,15160.42797
920,Godda,8,20,Jharkhand,02-01-2017,15113.04066
921,Gumla,16,20,Jharkhand,02-01-2017,15192.51518
922,Ranchi,14,20,Jharkhand,02-01-2017,15192.48869
923,Sahibganj,9,20,Jharkhand,02-01-2017,15074.97039
924,Garhwa,1,20,Jharkhand,02-01-2017,15054.96293
925,Palamu,2,20,Jharkhand,02-01-2017,15046.61917
926,Chatra,3,20,Jharkhand,02-01-2017,15072.56025
927,Hazaribagh,4,20,Jharkhand,02-01-2017,15116.24732
928,Kodarma,5,20,Jharkhand,02-01-2017,15073.17447
929,Purbi Singhbhum,18,20,Jharkhand,02-01-2017,15230.63663
930,Lohardaga,15,20,Jharkhand,02-01-2017,15096.2991
931,Pakaur,10,20,Jharkhand,02-01-2017,15197.01862
932,Pashchimi Singhbhum,17,20,Jharkhand,02-01-2017,15195.43646
933,Anugul,15,21,Orissa,02-01-2017,15211.35854
934,Bhadrak,9,21,Orissa,02-01-2017,15249.00981
935,Baudh,22,21,Orissa,02-01-2017,15223.67051
936,Balangir,24,21,Orissa,02-01-2017,15324.25133
937,Baleshwar,8,21,Orissa,02-01-2017,15178.85183
938,Bargarh,1,21,Orissa,02-01-2017,15240.89531
939,Kendrapara,10,21,Orissa,02-01-2017,15246.08081
940,Kendujhar,6,21,Orissa,02-01-2017,15251.43514
941,Debagarh,4,21,Orissa,02-01-2017,15208.14211
942,Cuttack,12,21,Orissa,02-01-2017,15291.95544
943,Dhenkanal,14,21,Orissa,02-01-2017,15256.88972
944,Kalahandi,26,21,Orissa,02-01-2017,15259.04604
945,Ganjam,19,21,Orissa,02-01-2017,15297.07355
946,Gajapati,20,21,Orissa,02-01-2017,15217.59461
947,Rayagada,27,21,Orissa,02-01-2017,15260.92411
948,Sundargarh,5,21,Orissa,02-01-2017,15216.82456
949,Sonapur,23,21,Orissa,02-01-2017,15239.4715
950,Jajapur,13,21,Orissa,02-01-2017,15292.5111
951,Jagatsinghapur,11,21,Orissa,02-01-2017,15289.81555
952,Jharsuguda,2,21,Orissa,02-01-2017,15217.28024
953,Khordha,17,21,Orissa,02-01-2017,15309.25698
954,Mayurbhanj,7,21,Orissa,02-01-2017,15187.73714
955,Puri,18,21,Orissa,02-01-2017,15228.2324
956,Koraput,29,21,Orissa,02-01-2017,15301.64171
957,Malkangiri,30,21,Orissa,02-01-2017,15275.64921
958,Nabarangapur,28,21,Orissa,02-01-2017,15382.74068
959,Nayagarh,16,21,Orissa,02-01-2017,15248.50734
960,Nuapada,25,21,Orissa,02-01-2017,15344.75623
961,Kandhamal,21,21,Orissa,02-01-2017,15160.05771
962,Sambalpur,3,21,Orissa,02-01-2017,15182.73431
963,Bastar,15,22,Chhattisgarh,02-01-2017,15267.55187
964,Dantewada,16,22,Chhattisgarh,02-01-2017,15227.06065
965,Dhamtari,13,22,Chhattisgarh,02-01-2017,15205.18559
966,Durg,10,22,Chhattisgarh,02-01-2017,15267.39246
967,Kanker,14,22,Chhattisgarh,02-01-2017,15233.00475
968,Surguja,2,22,Chhattisgarh,02-01-2017,15091.36135
969,Bilaspur,7,22,Chhattisgarh,02-01-2017,15233.34026
970,Janjgir - Champa,6,22,Chhattisgarh,02-01-2017,15357.25817
971,Korba,5,22,Chhattisgarh,02-01-2017,15149.95055
972,Kawardha,8,22,Chhattisgarh,02-01-2017,15260.96856
973,Jashpur,3,22,Chhattisgarh,02-01-2017,15176.18209
974,Koriya,1,22,Chhattisgarh,02-01-2017,15074.90192
975,Mahasamund,12,22,Chhattisgarh,02-01-2017,15331.33348
976,Raigarh,4,22,Chhattisgarh,02-01-2017,15236.12742
977,Raipur,11,22,Chhattisgarh,02-01-2017,15308.98189
978,Rajnandgaon,9,22,Chhattisgarh,02-01-2017,15258.01799
979,Hoshangabad,37,23,Madhya Pradesh,02-01-2017,15045.85433
980,Indore,26,23,Madhya Pradesh,02-01-2017,15201.37139
981,Bhind,3,23,Madhya Pradesh,02-01-2017,14940.18045
982,Bhopal,32,23,Madhya Pradesh,02-01-2017,15127.97786
983,Barwani,28,23,Madhya Pradesh,02-01-2017,15478.77013
984,Betul,35,23,Madhya Pradesh,02-01-2017,15328.10456
985,Balaghat,45,23,Madhya Pradesh,02-01-2017,15160.56873
986,Chhatarpur,9,23,Madhya Pradesh,02-01-2017,15084.04476
987,Chhindwara,43,23,Madhya Pradesh,02-01-2017,15316.123
988,Dewas,23,23,Madhya Pradesh,02-01-2017,15255.24864
989,Katni,38,23,Madhya Pradesh,02-01-2017,15100.30974
990,Datia,5,23,Madhya Pradesh,02-01-2017,14928.00608
991,Damoh,12,23,Madhya Pradesh,02-01-2017,15175.46268
992,Dhar,25,23,Madhya Pradesh,02-01-2017,15289.5084
993,East Nimar,29,23,Madhya Pradesh,02-01-2017,15359.99948
994,Guna,7,23,Madhya Pradesh,02-01-2017,15148.11261
995,Gwalior,4,23,Madhya Pradesh,02-01-2017,15044.08953
996,Harda,36,23,Madhya Pradesh,02-01-2017,15133.45591
997,Shajapur,22,23,Madhya Pradesh,02-01-2017,15224.67962
998,Shivpuri,6,23,Madhya Pradesh,02-01-2017,15147.03634
999,Ratlam,20,23,Madhya Pradesh,02-01-2017,15215.8645
1000,Rewa,14,23,Madhya Pradesh,02-01-2017,15048.8739
1001,Sagar,11,23,Madhya Pradesh,02-01-2017,15191.14263
1002,Sidhi,17,23,Madhya Pradesh,02-01-2017,15062.63873
1003,Ujjain,21,23,Madhya Pradesh,02-01-2017,15110.0052
1004,Vidisha,31,23,Madhya Pradesh,02-01-2017,15124.68142
1005,West Nimar,27,23,Madhya Pradesh,02-01-2017,15376.51614
1006,Morena,2,23,Madhya Pradesh,02-01-2017,14998.01684
1007,Sheopur,1,23,Madhya Pradesh,02-01-2017,15150.96826
1008,Dindori,41,23,Madhya Pradesh,02-01-2017,15197.19712
1009,Mandla,42,23,Madhya Pradesh,02-01-2017,15201.32227
1010,Shahdol,16,23,Madhya Pradesh,02-01-2017,15158.29926
1011,Umaria,15,23,Madhya Pradesh,02-01-2017,15092.64803
1012,Jabalpur,39,23,Madhya Pradesh,02-01-2017,15106.6158
1013,Jhabua,24,23,Madhya Pradesh,02-01-2017,15380.83361
1014,Mandsaur,19,23,Madhya Pradesh,02-01-2017,15138.51727
1015,Tikamgarh,8,23,Madhya Pradesh,02-01-2017,15059.7778
1016,Narsimhapur,40,23,Madhya Pradesh,02-01-2017,15185.70402
1017,Neemuch,18,23,Madhya Pradesh,02-01-2017,15183.97651
1018,Panna,10,23,Madhya Pradesh,02-01-2017,15160.69946
1019,Raisen,34,23,Madhya Pradesh,02-01-2017,15153.77983
1020,Rajgarh,30,23,Madhya Pradesh,02-01-2017,15259.53908
1021,Satna,13,23,Madhya Pradesh,02-01-2017,15056.55024
1022,Sehore,33,23,Madhya Pradesh,02-01-2017,15211.34346
1023,Seoni,44,23,Madhya Pradesh,02-01-2017,15258.65656
1024,Anand,15,24,Gujarat,02-01-2017,15182.38552
1025,Ahmadabad,7,24,Gujarat,02-01-2017,15384.42423
1026,Amreli,13,24,Gujarat,02-01-2017,15570.06433
1027,Bhavnagar,14,24,Gujarat,02-01-2017,15545.95283
1028,Banas Kantha,2,24,Gujarat,02-01-2017,15257.43553
1029,Dohad,18,24,Gujarat,02-01-2017,15307.24601
1030,Junagadh,12,24,Gujarat,02-01-2017,15420.75884
1031,Kachchh,1,24,Gujarat,02-01-2017,15391.56951
1032,Gandhinagar,6,24,Gujarat,02-01-2017,15288.68013
1033,Sabar Kantha,5,24,Gujarat,02-01-2017,15240.29296
1034,Surendranagar,8,24,Gujarat,02-01-2017,15450.569
1035,The Dangs,23,24,Gujarat,02-01-2017,15438.68191
1036,Vadodara,19,24,Gujarat,02-01-2017,15338.60925
1037,Valsad,25,24,Gujarat,02-01-2017,15396.36761
1038,Bharuch,21,24,Gujarat,02-01-2017,15410.94596
1039,Surat,22,24,Gujarat,02-01-2017,15368.56002
1040,Jamnagar,10,24,Gujarat,02-01-2017,15475.91778
1041,Kheda,16,24,Gujarat,02-01-2017,15272.25182
1042,Mahesana,4,24,Gujarat,02-01-2017,15249.9195
1043,Narmada,20,24,Gujarat,02-01-2017,15407.88075
1044,Navsari,24,24,Gujarat,02-01-2017,15347.82574
1045,Panch Mahals,17,24,Gujarat,02-01-2017,15299.55018
1046,Patan,3,24,Gujarat,02-01-2017,15346.94575
1047,Porbandar,11,24,Gujarat,02-01-2017,15453.1596
1048,Rajkot,9,24,Gujarat,02-01-2017,15539.3378
1049,Daman,2,25,Daman & Diu,02-01-2017,15247.27131
1050,Diu,1,25,Daman & Diu,02-01-2017,15240.65909
1051,Hingoli,16,27,Maharashtra,02-01-2017,15512.35735
1052,Aurangabad,19,27,Maharashtra,02-01-2017,15508.17971
1053,Ahmadnagar,26,27,Maharashtra,02-01-2017,15523.28608
1054,Akola,5,27,Maharashtra,02-01-2017,15518.63709
1055,Amravati,7,27,Maharashtra,02-01-2017,15442.78721
1056,Bid,27,27,Maharashtra,02-01-2017,15534.9297
1057,Bhandara,10,27,Maharashtra,02-01-2017,15290.56169
1058,Buldana,4,27,Maharashtra,02-01-2017,15534.50212
1059,Chandrapur,13,27,Maharashtra,02-01-2017,15370.51204
1060,Dhule,2,27,Maharashtra,02-01-2017,15560.73435
1061,Gadchiroli,12,27,Maharashtra,02-01-2017,15235.61182
1062,Gondiya,11,27,Maharashtra,02-01-2017,15235.24571
1063,Ratnagiri,32,27,Maharashtra,02-01-2017,15434.24155
1064,Raigarh,24,27,Maharashtra,02-01-2017,15466.83774
1065,Thane,21,27,Maharashtra,02-01-2017,15489.80275
1066,Solapur,30,27,Maharashtra,02-01-2017,15611.47383
1067,Sindhudurg,33,27,Maharashtra,02-01-2017,15400.95736
1068,Wardha,8,27,Maharashtra,02-01-2017,15462.39843
1069,Washim,6,27,Maharashtra,02-01-2017,15554.44223
1070,Yavatmal,14,27,Maharashtra,02-01-2017,15485.02642
1071,Jalgaon,3,27,Maharashtra,02-01-2017,15426.25855
1072,Jalna,18,27,Maharashtra,02-01-2017,15493.92705
1073,Kolhapur,34,27,Maharashtra,02-01-2017,15436.55642
1074,Latur,28,27,Maharashtra,02-01-2017,15549.6747
1075,Pune,25,27,Maharashtra,02-01-2017,15472.30649
1076,Nagpur,9,27,Maharashtra,02-01-2017,15371.56498
1077,Mumbai,23,27,Maharashtra,02-01-2017,15265.71535
1078,Mumbai (Suburban),22,27,Maharashtra,02-01-2017,15326.2457
1079,Nanded,15,27,Maharashtra,02-01-2017,15499.05002
1080,Nandurbar,1,27,Maharashtra,02-01-2017,15475.66786
1081,Nashik,20,27,Maharashtra,02-01-2017,15476.0697
1082,Osmanabad,29,27,Maharashtra,02-01-2017,15568.33178
1083,Parbhani,17,27,Maharashtra,02-01-2017,15485.46125
1084,Sangli,35,27,Maharashtra,02-01-2017,15636.46967
1085,Satara,31,27,Maharashtra,02-01-2017,15515.61593
1086,Hyderabad,5,28,Andhra Pradesh,02-01-2017,15375.52245
1087,Anantapur,22,28,Andhra Pradesh,02-01-2017,15645.88995
1088,Adilabad,1,28,Andhra Pradesh,02-01-2017,15420.5745
1089,Chittoor,23,28,Andhra Pradesh,02-01-2017,15376.93003
1090,Cuddapah,20,28,Andhra Pradesh,02-01-2017,15494.55434
1091,East Godavari,14,28,Andhra Pradesh,02-01-2017,15161.28693
1092,Karimnagar,3,28,Andhra Pradesh,02-01-2017,15303.73748
1093,Guntur,17,28,Andhra Pradesh,02-01-2017,15403.26644
1094,Rangareddi,6,28,Andhra Pradesh,02-01-2017,15523.74244
1095,Srikakulam,11,28,Andhra Pradesh,02-01-2017,15317.6209
1096,West Godavari,15,28,Andhra Pradesh,02-01-2017,15150.83277
1097,Visakhapatnam,13,28,Andhra Pradesh,02-01-2017,15245.70168
1098,Vizianagaram,12,28,Andhra Pradesh,02-01-2017,15319.49716
1099,Warangal,9,28,Andhra Pradesh,02-01-2017,15341.98267
1100,Khammam,10,28,Andhra Pradesh,02-01-2017,15309.69981
1101,Medak,4,28,Andhra Pradesh,02-01-2017,15428.36523
1102,Krishna,16,28,Andhra Pradesh,02-01-2017,15295.26893
1103,Kurnool,21,28,Andhra Pradesh,02-01-2017,15591.04479
1104,Mahbubnagar,7,28,Andhra Pradesh,02-01-2017,15567.66891
1105,Nalgonda,8,28,Andhra Pradesh,02-01-2017,15420.6221
1106,Nellore,19,28,Andhra Pradesh,02-01-2017,15372.22199
1107,Nizamabad,2,28,Andhra Pradesh,02-01-2017,15328.52329
1108,Prakasam,18,28,Andhra Pradesh,02-01-2017,15492.91852
1109,Hassan,23,29,Karnataka,02-01-2017,15426.80189
1110,Haveri,11,29,Karnataka,02-01-2017,15629.68293
1111,Bagalkot,2,29,Karnataka,02-01-2017,15606.17598
1112,Bangalore,20,29,Karnataka,02-01-2017,15376.2004
1113,Bidar,5,29,Karnataka,02-01-2017,15593.49919
1114,Bijapur,3,29,Karnataka,02-01-2017,15716.02175
1115,Belgaum,1,29,Karnataka,02-01-2017,15556.79
1116,Bellary,12,29,Karnataka,02-01-2017,15620.14204
1117,Bangalore Rural,21,29,Karnataka,02-01-2017,15459.62565
1118,Chamarajanagar,27,29,Karnataka,02-01-2017,15518.92892
1119,Chikmagalur,17,29,Karnataka,02-01-2017,15292.7567
1120,Chitradurga,13,29,Karnataka,02-01-2017,15647.75499
1121,Dakshina Kannada,24,29,Karnataka,02-01-2017,15230.71658
1122,Davanagere,14,29,Karnataka,02-01-2017,15568.10677
1123,Dharwad,9,29,Karnataka,02-01-2017,15722.83273
1124,Gulbarga,4,29,Karnataka,02-01-2017,15622.98758
1125,Gadag,8,29,Karnataka,02-01-2017,15788.98888
1126,Shimoga,15,29,Karnataka,02-01-2017,15312.58403
1127,Tumkur,18,29,Karnataka,02-01-2017,15527.08925
1128,Udupi,16,29,Karnataka,02-01-2017,15271.61715
1129,Uttara Kannada,10,29,Karnataka,02-01-2017,15233.72245
1130,Kodagu,25,29,Karnataka,02-01-2017,15059.7675
1131,Kolar,19,29,Karnataka,02-01-2017,15485.73723
1132,Mandya,22,29,Karnataka,02-01-2017,15479.18901
1133,Koppal,7,29,Karnataka,02-01-2017,15680.84086
1134,Mysore,26,29,Karnataka,02-01-2017,15513.92909
1135,Raichur,6,29,Karnataka,02-01-2017,15601.22886
1136,South Goa,2,30,Goa,02-01-2017,15288.891
1137,North Goa,1,30,Goa,02-01-2017,15330.84813
1138,Idukki,9,32,Kerala,02-01-2017,15088.77159
1139,Alappuzha,11,32,Kerala,02-01-2017,15222.25195
1140,Kasaragod,1,32,Kerala,02-01-2017,15284.33356
1141,Kannur,2,32,Kerala,02-01-2017,15263.16063
1142,Ernakulam,8,32,Kerala,02-01-2017,15284.30993
1143,Thrissur,7,32,Kerala,02-01-2017,15265.41663
1144,Thiruvananthapuram,14,32,Kerala,02-01-2017,15282.6091
1145,Wayanad,3,32,Kerala,02-01-2017,15112.33945
1146,Kollam,13,32,Kerala,02-01-2017,15244.64787
1147,Kottayam,10,32,Kerala,02-01-2017,15287.03559
1148,Kozhikode,4,32,Kerala,02-01-2017,15214.35685
1149,Malappuram,5,32,Kerala,02-01-2017,15248.43628
1150,Palakkad,6,32,Kerala,02-01-2017,15264.24727
1151,Pathanamthitta,12,32,Kerala,02-01-2017,15189.91172
1152,Ariyalur,17,33,Tamil Nadu,02-01-2017,15335.38448
1153,Coimbatore,12,33,Tamil Nadu,02-01-2017,15403.64159
1154,Cuddalore,18,33,Tamil Nadu,02-01-2017,15360.62178
1155,Dharmapuri,5,33,Tamil Nadu,02-01-2017,15459.85822
1156,Dindigul,13,33,Tamil Nadu,02-01-2017,15385.23947
1157,Erode,10,33,Tamil Nadu,02-01-2017,15529.40825
1158,Sivaganga,23,33,Tamil Nadu,02-01-2017,15440.42306
1159,Tiruchirappalli,15,33,Tamil Nadu,02-01-2017,15547.44763
1160,Tirunelveli,29,33,Tamil Nadu,02-01-2017,15430.60525
1161,Tiruvannamalai,6,33,Tamil Nadu,02-01-2017,15373.05864
1162,Thoothukkudi,28,33,Tamil Nadu,02-01-2017,15621.30083
1163,Theni,25,33,Tamil Nadu,02-01-2017,15350.48733
1164,Vellore,4,33,Tamil Nadu,02-01-2017,15310.73447
1165,Viluppuram,7,33,Tamil Nadu,02-01-2017,15423.84472
1166,Virudhunagar,26,33,Tamil Nadu,02-01-2017,15577.24198
1167,Chennai,2,33,Tamil Nadu,02-01-2017,15362.5992
1168,Kancheepuram,3,33,Tamil Nadu,02-01-2017,15328.51017
1169,Thiruvallur,1,33,Tamil Nadu,02-01-2017,15372.04161
1170,Thanjavur,21,33,Tamil Nadu,02-01-2017,15262.11364
1171,Thiruvarur,20,33,Tamil Nadu,02-01-2017,15227.10641
1172,Nagapattinam,19,33,Tamil Nadu,02-01-2017,15246.76069
1173,Kanniyakumari,30,33,Tamil Nadu,02-01-2017,15294.4999
1174,Karur,14,33,Tamil Nadu,02-01-2017,15674.80834
1175,Madurai,24,33,Tamil Nadu,02-01-2017,15524.29343
1176,Namakkal,9,33,Tamil Nadu,02-01-2017,15602.57092
1177,The Nilgiris,11,33,Tamil Nadu,02-01-2017,15083.16961
1178,Perambalur,16,33,Tamil Nadu,02-01-2017,15539.92056
1179,Pudukkottai,22,33,Tamil Nadu,02-01-2017,15399.46379
1180,Ramanathapuram,27,33,Tamil Nadu,02-01-2017,15511.01672
1181,Salem,8,33,Tamil Nadu,02-01-2017,15518.86089
1182,Yanam,1,34,Puducherry,02-01-2017,15121.64491
1183,Karaikal,4,34,Puducherry,02-01-2017,15256.68891
1184,Mahe,3,34,Puducherry,02-01-2017,15240.16338
1185,Pondicherry,2,34,Puducherry,02-01-2017,15286.01557
1186,Nicobars,2,35,Andaman & Nicobar Island,02-01-2017,14987.53152
1187,Andamans,1,35,Andaman & Nicobar Island,02-01-2017,15005.88567
1188,Lakshadweep,1,31,Lakshadweep,03-01-2017,15058.19342
1189,Chandigarh,1,4,Chandigarh,03-01-2017,15090.00144
1190,Dadra & Nagar Haveli,1,26,Dadara & Nagar Havelli,03-01-2017,15660.68303
1191,Data Not Available,99,99,Jammu and Kashmir,03-01-2017,13571.54613
1192,Srinagar,3,1,Jammu and Kashmir,03-01-2017,13846.6341
1193,Udhampur,10,1,Jammu and Kashmir,03-01-2017,14555.27622
1194,Anantnag,6,1,Jammu and Kashmir,03-01-2017,13890.96454
1195,Badgam,4,1,Jammu and Kashmir,03-01-2017,14160.83544
1196,Baramula,2,1,Jammu and Kashmir,03-01-2017,13951.16971
1197,Doda,9,1,Jammu and Kashmir,03-01-2017,13733.51546
1198,Jammu,13,1,Jammu and Kashmir,03-01-2017,14904.3523
1199,Kargil,8,1,Jammu and Kashmir,03-01-2017,13375.44701
1200,Kathua,14,1,Jammu and Kashmir,03-01-2017,14769.67379
1201,Leh (Ladakh),7,1,Jammu and Kashmir,03-01-2017,13747.28154
1202,Kupwara,1,1,Jammu and Kashmir,03-01-2017,14014.96722
1203,Punch,11,1,Jammu and Kashmir,03-01-2017,14472.26406
1204,Pulwama,5,1,Jammu and Kashmir,03-01-2017,14405.23625
1205,Rajauri,12,1,Jammu and Kashmir,03-01-2017,14748.45362
1206,Shimla,11,2,Himachal Pradesh,03-01-2017,14513.85642
1207,Sirmaur,10,2,Himachal Pradesh,03-01-2017,14893.88579
1208,Solan,9,2,Himachal Pradesh,03-01-2017,14905.65602
1209,Una,7,2,Himachal Pradesh,03-01-2017,14973.66742
1210,Bilaspur,8,2,Himachal Pradesh,03-01-2017,14886.14606
1211,Chamba,1,2,Himachal Pradesh,03-01-2017,13984.06765
1212,Hamirpur,6,2,Himachal Pradesh,03-01-2017,14883.03986
1213,Kangra,2,2,Himachal Pradesh,03-01-2017,14580.23023
1214,Kinnaur,12,2,Himachal Pradesh,03-01-2017,13667.65928
1215,Lahul & Spiti,3,2,Himachal Pradesh,03-01-2017,13383.39818
1216,Kullu,4,2,Himachal Pradesh,03-01-2017,13957.29899
1217,Mandi,5,2,Himachal Pradesh,03-01-2017,14709.4563
1218,Rupnagar,7,3,Punjab,03-01-2017,14954.11206
1219,Amritsar,2,3,Punjab,03-01-2017,14857.02301
1220,Firozpur,11,3,Punjab,03-01-2017,14902.10207
1221,Bathinda,14,3,Punjab,03-01-2017,14901.97143
1222,Gurdaspur,1,3,Punjab,03-01-2017,14854.95208
1223,Faridkot,13,3,Punjab,03-01-2017,14892.80949
1224,Fatehgarh Sahib,8,3,Punjab,03-01-2017,14910.22824
1225,Hoshiarpur,5,3,Punjab,03-01-2017,14973.20278
1226,Jalandhar,4,3,Punjab,03-01-2017,14965.9622
1227,Kapurthala,3,3,Punjab,03-01-2017,14950.94159
1228,Ludhiana,9,3,Punjab,03-01-2017,14919.11345
1229,Mansa,15,3,Punjab,03-01-2017,14888.7032
1230,Moga,10,3,Punjab,03-01-2017,14887.64649
1231,Muktsar,12,3,Punjab,03-01-2017,14887.199
1232,Nawanshahr,6,3,Punjab,03-01-2017,14916.17184
1233,Patiala,17,3,Punjab,03-01-2017,14940.07721
1234,Sangrur,16,3,Punjab,03-01-2017,14882.33986
1235,Rudraprayag,3,5,Uttarakhand,03-01-2017,14405.3466
1236,Tehri Garhwal,4,5,Uttarakhand,03-01-2017,14665.36986
1237,Udham Singh Nagar,12,5,Uttarakhand,03-01-2017,15045.04536
1238,Uttarkashi,1,5,Uttarakhand,03-01-2017,14014.44829
1239,Bageshwar,8,5,Uttarakhand,03-01-2017,14561.93462
1240,Almora,9,5,Uttarakhand,03-01-2017,14920.13969
1241,Chamoli,2,5,Uttarakhand,03-01-2017,14055.51432
1242,Champawat,10,5,Uttarakhand,03-01-2017,14888.17113
1243,Dehradun,5,5,Uttarakhand,03-01-2017,14932.06329
1244,Garhwal,6,5,Uttarakhand,03-01-2017,14898.84633
1245,Hardwar,13,5,Uttarakhand,03-01-2017,15069.86379
1246,Nainital,11,5,Uttarakhand,03-01-2017,14963.01867
1247,Pithoragarh,7,5,Uttarakhand,03-01-2017,14147.66496
1248,Rohtak,14,6,Haryana,03-01-2017,15029.60178
1249,Sirsa,11,6,Haryana,03-01-2017,14991.97377
1250,Sonipat,8,6,Haryana,03-01-2017,14986.8572
1251,Yamunanagar,3,6,Haryana,03-01-2017,14995.29152
1252,Jhajjar,15,6,Haryana,03-01-2017,15104.63031
1253,Mahendragarh,16,6,Haryana,03-01-2017,15344.96587
1254,Rewari,17,6,Haryana,03-01-2017,15305.83693
1255,Bhiwani,13,6,Haryana,03-01-2017,15185.23763
1256,Ambala,2,6,Haryana,03-01-2017,14976.29427
1257,Gurgaon,18,6,Haryana,03-01-2017,15232.13486
1258,Faridabad,19,6,Haryana,03-01-2017,15138.6931
1259,Fatehabad,10,6,Haryana,03-01-2017,14942.28835
1260,Hisar,12,6,Haryana,03-01-2017,15077.96858
1261,Jind,9,6,Haryana,03-01-2017,14928.94833
1262,Kaithal,5,6,Haryana,03-01-2017,14923.08019
1263,Karnal,6,6,Haryana,03-01-2017,14954.11792
1264,Kurukshetra,4,6,Haryana,03-01-2017,14937.22774
1265,Panchkula,1,6,Haryana,03-01-2017,15029.14347
1266,Panipat,7,6,Haryana,03-01-2017,14993.21484
1267,Central,6,7,Delhi  & NCR,03-01-2017,15143.01235
1268,East,4,7,Delhi  & NCR,03-01-2017,15164.62533
1269,New Delhi,5,7,Delhi  & NCR,03-01-2017,15109.1155
1270,North,2,7,Delhi  & NCR,03-01-2017,15118.0488
1271,North East,3,7,Delhi  & NCR,03-01-2017,15166.28468
1272,North West,1,7,Delhi  & NCR,03-01-2017,15129.38505
1273,South,9,7,Delhi  & NCR,03-01-2017,15186.13803
1274,South West,8,7,Delhi  & NCR,03-01-2017,15160.86127
1275,West,7,7,Delhi  & NCR,03-01-2017,15186.35108
1276,Sirohi,19,8,Rajasthan,03-01-2017,15614.76806
1277,Tonk,22,8,Rajasthan,03-01-2017,15575.76005
1278,Sikar,13,8,Rajasthan,03-01-2017,15516.44556
1279,Alwar,6,8,Rajasthan,03-01-2017,15327.1137
1280,Udaipur,26,8,Rajasthan,03-01-2017,15581.89895
1281,Ganganagar,1,8,Rajasthan,03-01-2017,15331.21983
1282,Hanumangarh,2,8,Rajasthan,03-01-2017,15346.71663
1283,Baran,31,8,Rajasthan,03-01-2017,15552.77362
1284,Ajmer,21,8,Rajasthan,03-01-2017,15605.80443
1285,Banswara,28,8,Rajasthan,03-01-2017,15628.48159
1286,Barmer,17,8,Rajasthan,03-01-2017,15797.4927
1287,Bhilwara,24,8,Rajasthan,03-01-2017,15537.03532
1288,Bikaner,3,8,Rajasthan,03-01-2017,15741.18248
1289,Bharatpur,7,8,Rajasthan,03-01-2017,15403.87772
1290,Bundi,23,8,Rajasthan,03-01-2017,15447.90686
1291,Chittaurgarh,29,8,Rajasthan,03-01-2017,15558.81881
1292,Churu,4,8,Rajasthan,03-01-2017,15660.2956
1293,Dausa,11,8,Rajasthan,03-01-2017,15457.58597
1294,Dhaulpur,8,8,Rajasthan,03-01-2017,15467.22211
1295,Dungarpur,27,8,Rajasthan,03-01-2017,15671.5104
1296,Karauli,9,8,Rajasthan,03-01-2017,15497.10595
1297,Jaipur,12,8,Rajasthan,03-01-2017,15505.27923
1298,Jaisalmer,16,8,Rajasthan,03-01-2017,15833.41847
1299,Jalor,18,8,Rajasthan,03-01-2017,15691.35649
1300,Jhalawar,32,8,Rajasthan,03-01-2017,15618.33588
1301,Jhunjhunun,5,8,Rajasthan,03-01-2017,15457.0023
1302,Jodhpur,15,8,Rajasthan,03-01-2017,15707.89988
1303,Kota,30,8,Rajasthan,03-01-2017,15465.4784
1304,Nagaur,14,8,Rajasthan,03-01-2017,15683.86776
1305,Pali,20,8,Rajasthan,03-01-2017,15640.14511
1306,Rajsamand,25,8,Rajasthan,03-01-2017,15516.71734
1307,Sawai Madhopur,10,8,Rajasthan,03-01-2017,15505.05997
1308,Shrawasti,51,9,Uttar Pradesh,03-01-2017,15082.61132
1309,Saharanpur,1,9,Uttar Pradesh,03-01-2017,15009.44844
1310,Sitapur,24,9,Uttar Pradesh,03-01-2017,15135.98804
1311,Sultanpur,49,9,Uttar Pradesh,03-01-2017,15191.53914
1312,Sonbhadra,70,9,Uttar Pradesh,03-01-2017,15383.62892
1313,Siddharthnagar,54,9,Uttar Pradesh,03-01-2017,15058.90772
1314,Unnao,26,9,Uttar Pradesh,03-01-2017,15176.34884
1315,Varanasi,67,9,Uttar Pradesh,03-01-2017,15203.77085
1316,Bulandshahr,11,9,Uttar Pradesh,03-01-2017,15046.47179
1317,Gautam Buddha Nagar,10,9,Uttar Pradesh,03-01-2017,15106.84074
1318,Ghaziabad,9,9,Uttar Pradesh,03-01-2017,15057.39339
1319,Auraiya,32,9,Uttar Pradesh,03-01-2017,15166.90505
1320,Azamgarh,61,9,Uttar Pradesh,03-01-2017,15157.93963
1321,Budaun,19,9,Uttar Pradesh,03-01-2017,15083.67698
1322,Agra,15,9,Uttar Pradesh,03-01-2017,15325.50599
1323,Aligarh,12,9,Uttar Pradesh,03-01-2017,15120.23778
1324,Allahabad,45,9,Uttar Pradesh,03-01-2017,15268.15802
1325,Ambedkar Nagar,48,9,Uttar Pradesh,03-01-2017,15136.87241
1326,Bareilly,20,9,Uttar Pradesh,03-01-2017,15071.2434
1327,Bijnor,3,9,Uttar Pradesh,03-01-2017,15114.49147
1328,Basti,55,9,Uttar Pradesh,03-01-2017,15114.85082
1329,Baghpat,8,9,Uttar Pradesh,03-01-2017,15038.50516
1330,Bahraich,50,9,Uttar Pradesh,03-01-2017,15090.09086
1331,Ballia,63,9,Uttar Pradesh,03-01-2017,15140.39056
1332,Balrampur,52,9,Uttar Pradesh,03-01-2017,15126.12258
1333,Banda,40,9,Uttar Pradesh,03-01-2017,15372.15623
1334,Barabanki,46,9,Uttar Pradesh,03-01-2017,15134.19931
1335,Chitrakoot,41,9,Uttar Pradesh,03-01-2017,15400.30935
1336,Chandauli,66,9,Uttar Pradesh,03-01-2017,15271.70615
1337,Deoria,60,9,Uttar Pradesh,03-01-2017,15064.76121
1338,Etah,17,9,Uttar Pradesh,03-01-2017,15143.50982
1339,Kanpur Dehat,33,9,Uttar Pradesh,03-01-2017,15219.20447
1340,Etawah,31,9,Uttar Pradesh,03-01-2017,15209.1727
1341,Faizabad,47,9,Uttar Pradesh,03-01-2017,15139.29399
1342,Ghazipur,65,9,Uttar Pradesh,03-01-2017,15186.21652
1343,Gonda,53,9,Uttar Pradesh,03-01-2017,15122.17456
1344,Gorakhpur,58,9,Uttar Pradesh,03-01-2017,15083.62241
1345,Farrukhabad,29,9,Uttar Pradesh,03-01-2017,15175.55886
1346,Fatehpur,42,9,Uttar Pradesh,03-01-2017,15238.38366
1347,Firozabad,16,9,Uttar Pradesh,03-01-2017,15251.05848
1348,Hamirpur,38,9,Uttar Pradesh,03-01-2017,15414.33004
1349,Hardoi,25,9,Uttar Pradesh,03-01-2017,15119.07982
1350,Hathras,13,9,Uttar Pradesh,03-01-2017,15231.43807
1351,Jalaun,35,9,Uttar Pradesh,03-01-2017,15359.91284
1352,Jaunpur,64,9,Uttar Pradesh,03-01-2017,15208.8225
1353,Jhansi,36,9,Uttar Pradesh,03-01-2017,15439.83533
1354,Jyotiba Phule Nagar,6,9,Uttar Pradesh,03-01-2017,15027.16335
1355,Kannauj,30,9,Uttar Pradesh,03-01-2017,15194.56476
1356,Kanpur Nagar,34,9,Uttar Pradesh,03-01-2017,15212.41053
1357,Kaushambi,44,9,Uttar Pradesh,03-01-2017,15238.62581
1358,Kheri,23,9,Uttar Pradesh,03-01-2017,15126.70227
1359,Mirzapur,69,9,Uttar Pradesh,03-01-2017,15373.77817
1360,Moradabad,4,9,Uttar Pradesh,03-01-2017,15056.55424
1361,Muzaffarnagar,2,9,Uttar Pradesh,03-01-2017,15046.65832
1362,Rae Bareli,28,9,Uttar Pradesh,03-01-2017,15181.30154
1363,Kushinagar,59,9,Uttar Pradesh,03-01-2017,15066.35477
1364,Lucknow,27,9,Uttar Pradesh,03-01-2017,15179.96966
1365,Lalitpur,37,9,Uttar Pradesh,03-01-2017,15433.97956
1366,Mahrajganj,57,9,Uttar Pradesh,03-01-2017,15048.88554
1367,Mahoba,39,9,Uttar Pradesh,03-01-2017,15464.16067
1368,Mainpuri,18,9,Uttar Pradesh,03-01-2017,15168.87021
1369,Mathura,14,9,Uttar Pradesh,03-01-2017,15198.24727
1370,Mau,62,9,Uttar Pradesh,03-01-2017,15124.36218
1371,Meerut,7,9,Uttar Pradesh,03-01-2017,15054.01154
1372,Pilibhit,21,9,Uttar Pradesh,03-01-2017,15085.76963
1373,Pratapgarh,43,9,Uttar Pradesh,03-01-2017,15225.99853
1374,Rampur,5,9,Uttar Pradesh,03-01-2017,15009.71981
1375,Sant Ravidas Nagar Bhadohi,68,9,Uttar Pradesh,03-01-2017,15201.66206
1376,Sant Kabir Nagar,56,9,Uttar Pradesh,03-01-2017,15094.0063
1377,Shahjahanpur,22,9,Uttar Pradesh,03-01-2017,15112.52701
1378,Sheikhpura,26,10,Bihar,03-01-2017,15255.83382
1379,Sheohar,3,10,Bihar,03-01-2017,15027.4295
1380,Saharsa,12,10,Bihar,03-01-2017,14968.34898
1381,Sitamarhi,4,10,Bihar,03-01-2017,15011.94173
1382,Siwan,16,10,Bihar,03-01-2017,15101.43577
1383,Supaul,6,10,Bihar,03-01-2017,14990.04985
1384,Vaishali,18,10,Bihar,03-01-2017,15107.98276
1385,Kaimur (Bhabua),31,10,Bihar,03-01-2017,15339.38506
1386,Gaya,35,10,Bihar,03-01-2017,15348.1609
1387,Bhojpur,29,10,Bihar,03-01-2017,15200.32321
1388,Buxar,30,10,Bihar,03-01-2017,15178.38901
1389,Jehanabad,33,10,Bihar,03-01-2017,15272.48948
1390,Rohtas,32,10,Bihar,03-01-2017,15255.19116
1391,Araria,7,10,Bihar,03-01-2017,14941.44468
1392,Aurangabad,34,10,Bihar,03-01-2017,15355.66614
1393,Banka,23,10,Bihar,03-01-2017,15335.22148
1394,Bhagalpur,22,10,Bihar,03-01-2017,15128.35939
1395,Begusarai,20,10,Bihar,03-01-2017,15091.66601
1396,Saran,17,10,Bihar,03-01-2017,15115.47298
1397,Katihar,10,10,Bihar,03-01-2017,14970.88236
1398,Darbhanga,13,10,Bihar,03-01-2017,15024.68146
1399,Gopalganj,15,10,Bihar,03-01-2017,15062.4181
1400,Jamui,37,10,Bihar,03-01-2017,15356.01197
1401,Kishanganj,8,10,Bihar,03-01-2017,15038.25572
1402,Muzaffarpur,14,10,Bihar,03-01-2017,15054.61498
1403,Purnia,9,10,Bihar,03-01-2017,14937.58475
1404,Khagaria,21,10,Bihar,03-01-2017,15004.54068
1405,Madhubani,5,10,Bihar,03-01-2017,15026.34345
1406,Lakhisarai,25,10,Bihar,03-01-2017,15238.00358
1407,Madhepura,11,10,Bihar,03-01-2017,14957.9612
1408,Purba Champaran,2,10,Bihar,03-01-2017,15037.20186
1409,Munger,24,10,Bihar,03-01-2017,15205.3532
1410,Nalanda,27,10,Bihar,03-01-2017,15250.26568
1411,Nawada,36,10,Bihar,03-01-2017,15288.88547
1412,Pashchim Champaran,1,10,Bihar,03-01-2017,15086.34388
1413,Patna,28,10,Bihar,03-01-2017,15202.74838
1414,Samastipur,19,10,Bihar,03-01-2017,15038.5183
1415,South,3,11,Sikkim,03-01-2017,14566.49985
1416,West,2,11,Sikkim,03-01-2017,14362.28341
1417,East,4,11,Sikkim,03-01-2017,14396.62853
1418,North,1,11,Sikkim,03-01-2017,13933.91726
1419,Tawang,1,12,Arunanchal Pradesh,03-01-2017,13952.15046
1420,Tirap,13,12,Arunanchal Pradesh,03-01-2017,14692.94722
1421,West Kameng,2,12,Arunanchal Pradesh,03-01-2017,14384.6612
1422,West Siang,7,12,Arunanchal Pradesh,03-01-2017,14436.2039
1423,Upper Siang,9,12,Arunanchal Pradesh,03-01-2017,14269.34828
1424,Upper Subansiri,6,12,Arunanchal Pradesh,03-01-2017,14286.12005
1425,Changlang,12,12,Arunanchal Pradesh,03-01-2017,14623.63157
1426,Dibang Valley,10,12,Arunanchal Pradesh,03-01-2017,14140.88522
1427,East Kameng,3,12,Arunanchal Pradesh,03-01-2017,14453.98269
1428,East Siang,8,12,Arunanchal Pradesh,03-01-2017,14688.52534
1429,Lohit,11,12,Arunanchal Pradesh,03-01-2017,14298.74565
1430,Lower Subansiri,5,12,Arunanchal Pradesh,03-01-2017,14384.76243
1431,Papum Pare,4,12,Arunanchal Pradesh,03-01-2017,14592.35401
1432,Tuensang,2,13,Nagaland,03-01-2017,14701.80383
1433,Wokha,5,13,Nagaland,03-01-2017,14837.08838
1434,Zunheboto,4,13,Nagaland,03-01-2017,14724.82699
1435,Dimapur,6,13,Nagaland,03-01-2017,15000.99356
1436,Kohima,7,13,Nagaland,03-01-2017,14786.12754
1437,Mokokchung,3,13,Nagaland,03-01-2017,14802.43585
1438,Mon,1,13,Nagaland,03-01-2017,14809.13841
1439,Phek,8,13,Nagaland,03-01-2017,14690.48512
1440,Tamenglong,2,14,Manipur,03-01-2017,14737.01287
1441,Thoubal,5,14,Manipur,03-01-2017,15005.80026
1442,Ukhrul,8,14,Manipur,03-01-2017,14782.84247
1443,Bishnupur,4,14,Manipur,03-01-2017,14917.54723
1444,Chandel,9,14,Manipur,03-01-2017,14885.92917
1445,Churachandpur,3,14,Manipur,03-01-2017,14824.60441
1446,Imphal East,7,14,Manipur,03-01-2017,14985.67319
1447,Imphal West,6,14,Manipur,03-01-2017,14892.86424
1448,Senapati (Excl. 3 sub-divisions),1,14,Manipur,03-01-2017,14733.16577
1449,Aizawl,3,15,Mizoram,03-01-2017,14864.62798
1450,Champhai,4,15,Mizoram,03-01-2017,14833.48566
1451,Kolasib,2,15,Mizoram,03-01-2017,14905.4853
1452,Mamit,1,15,Mizoram,03-01-2017,14914.4292
1453,Lunglei,6,15,Mizoram,03-01-2017,14903.44064
1454,Lawngtlai,7,15,Mizoram,03-01-2017,14988.35356
1455,Saiha,8,15,Mizoram,03-01-2017,14895.62703
1456,Serchhip,5,15,Mizoram,03-01-2017,14850.04764
1457,South Tripura,2,16,Tripura,03-01-2017,15038.8334
1458,West Tripura,1,16,Tripura,03-01-2017,15039.1267
1459,Dhalai,3,16,Tripura,03-01-2017,14997.56748
1460,North Tripura,4,16,Tripura,03-01-2017,15010.732
1461,Ri Bhoi,5,17,Meghalaya,03-01-2017,14978.76781
1462,South Garo Hills,3,17,Meghalaya,03-01-2017,14942.51994
1463,West Garo Hills,1,17,Meghalaya,03-01-2017,15020.38986
1464,West Khasi Hills,4,17,Meghalaya,03-01-2017,14852.22711
1465,East Garo Hills,2,17,Meghalaya,03-01-2017,14993.72626
1466,East Khasi Hills,6,17,Meghalaya,03-01-2017,14806.15161
1467,Jaintia Hills,7,17,Meghalaya,03-01-2017,14840.02345
1468,Sonitpur,11,18,Assam,03-01-2017,15059.65452
1469,Sibsagar,16,18,Assam,03-01-2017,15002.88398
1470,Tinsukia,14,18,Assam,03-01-2017,14914.54961
1471,Barpeta,5,18,Assam,03-01-2017,15020.44459
1472,Bongaigaon,4,18,Assam,03-01-2017,15011.30431
1473,Cachar,21,18,Assam,03-01-2017,14968.91869
1474,Darrang,8,18,Assam,03-01-2017,15038.92008
1475,Dhemaji,13,18,Assam,03-01-2017,14936.89638
1476,Dhubri,2,18,Assam,03-01-2017,15021.84002
1477,Dibrugarh,15,18,Assam,03-01-2017,14953.22053
1478,Kamrup,6,18,Assam,03-01-2017,15051.04788
1479,Karbi Anglong,19,18,Assam,03-01-2017,14938.39012
1480,Goalpara,3,18,Assam,03-01-2017,15066.27665
1481,Golaghat,18,18,Assam,03-01-2017,15041.72019
1482,Hailakandi,23,18,Assam,03-01-2017,14997.54336
1483,Jorhat,17,18,Assam,03-01-2017,15001.75566
1484,Karimganj,22,18,Assam,03-01-2017,14995.21781
1485,Kokrajhar,1,18,Assam,03-01-2017,15036.71841
1486,Lakhimpur,12,18,Assam,03-01-2017,14983.89914
1487,Nagaon,10,18,Assam,03-01-2017,15066.89718
1488,Marigaon,9,18,Assam,03-01-2017,15041.74841
1489,Nalbari,7,18,Assam,03-01-2017,15045.27164
1490,North Cachar Hills,20,18,Assam,03-01-2017,14892.41323
1491,South  Twenty Four Parganas,18,19,West Bengal,03-01-2017,15140.85059
1492,Uttar Dinajpur,4,19,West Bengal,03-01-2017,14982.80793
1493,Barddhaman,9,19,West Bengal,03-01-2017,15235.35898
1494,Birbhum,8,19,West Bengal,03-01-2017,15255.95383
1495,Bankura,13,19,West Bengal,03-01-2017,15374.81385
1496,Dakshin Dinajpur,5,19,West Bengal,03-01-2017,15077.22935
1497,Darjiling,1,19,West Bengal,03-01-2017,14812.16953
1498,Haora,16,19,West Bengal,03-01-2017,15163.86882
1499,Hugli,12,19,West Bengal,03-01-2017,15261.60636
1500,Jalpaiguri,2,19,West Bengal,03-01-2017,15029.04923
1501,Koch Bihar,3,19,West Bengal,03-01-2017,14989.37101
1502,Murshidabad,7,19,West Bengal,03-01-2017,15180.12175
1503,Puruliya,14,19,West Bengal,03-01-2017,15478.23629
1504,Kolkata,17,19,West Bengal,03-01-2017,15331.64223
1505,Maldah,6,19,West Bengal,03-01-2017,15080.09845
1506,Nadia,10,19,West Bengal,03-01-2017,15232.49073
1507,North Twenty Four Parganas,11,19,West Bengal,03-01-2017,15122.207
1508,Medinipur,15,19,West Bengal,03-01-2017,15225.23057
1509,Ranchi,14,20,Jharkhand,03-01-2017,15459.09351
1510,Sahibganj,9,20,Jharkhand,03-01-2017,15243.77173
1511,Garhwa,1,20,Jharkhand,03-01-2017,15418.63656
1512,Palamu,2,20,Jharkhand,03-01-2017,15402.82359
1513,Chatra,3,20,Jharkhand,03-01-2017,15431.88152
1514,Hazaribagh,4,20,Jharkhand,03-01-2017,15423.35831
1515,Kodarma,5,20,Jharkhand,03-01-2017,15394.29252
1516,Bokaro,13,20,Jharkhand,03-01-2017,15488.86233
1517,Deoghar,7,20,Jharkhand,03-01-2017,15439.49273
1518,Dhanbad,12,20,Jharkhand,03-01-2017,15404.77855
1519,Dumka,11,20,Jharkhand,03-01-2017,15409.0873
1520,Giridih,6,20,Jharkhand,03-01-2017,15428.77655
1521,Godda,8,20,Jharkhand,03-01-2017,15317.01648
1522,Gumla,16,20,Jharkhand,03-01-2017,15490.84552
1523,Purbi Singhbhum,18,20,Jharkhand,03-01-2017,15438.18157
1524,Lohardaga,15,20,Jharkhand,03-01-2017,15386.97833
1525,Pakaur,10,20,Jharkhand,03-01-2017,15359.09647
1526,Pashchimi Singhbhum,17,20,Jharkhand,03-01-2017,15459.54629
1527,Rayagada,27,21,Orissa,03-01-2017,15435.02146
1528,Sundargarh,5,21,Orissa,03-01-2017,15502.65663
1529,Sonapur,23,21,Orissa,03-01-2017,15460.85931
1530,Anugul,15,21,Orissa,03-01-2017,15429.01798
1531,Bhadrak,9,21,Orissa,03-01-2017,15367.42974
1532,Baudh,22,21,Orissa,03-01-2017,15492.06555
1533,Balangir,24,21,Orissa,03-01-2017,15584.49591
1534,Baleshwar,8,21,Orissa,03-01-2017,15246.71953
1535,Bargarh,1,21,Orissa,03-01-2017,15469.14228
1536,Kendrapara,10,21,Orissa,03-01-2017,15286.41428
1537,Kendujhar,6,21,Orissa,03-01-2017,15422.00509
1538,Debagarh,4,21,Orissa,03-01-2017,15403.2461
1539,Cuttack,12,21,Orissa,03-01-2017,15365.06929
1540,Dhenkanal,14,21,Orissa,03-01-2017,15413.99931
1541,Kalahandi,26,21,Orissa,03-01-2017,15471.02939
1542,Ganjam,19,21,Orissa,03-01-2017,15414.99959
1543,Gajapati,20,21,Orissa,03-01-2017,15345.36585
1544,Jajapur,13,21,Orissa,03-01-2017,15383.99526
1545,Jagatsinghapur,11,21,Orissa,03-01-2017,15310.59742
1546,Jharsuguda,2,21,Orissa,03-01-2017,15458.30112
1547,Khordha,17,21,Orissa,03-01-2017,15369.81641
1548,Mayurbhanj,7,21,Orissa,03-01-2017,15372.98963
1549,Puri,18,21,Orissa,03-01-2017,15255.89721
1550,Koraput,29,21,Orissa,03-01-2017,15459.28821
1551,Malkangiri,30,21,Orissa,03-01-2017,15498.66496
1552,Nabarangapur,28,21,Orissa,03-01-2017,15573.01931
1553,Nayagarh,16,21,Orissa,03-01-2017,15365.28796
1554,Nuapada,25,21,Orissa,03-01-2017,15597.09611
1555,Kandhamal,21,21,Orissa,03-01-2017,15354.44767
1556,Sambalpur,3,21,Orissa,03-01-2017,15420.96635
1557,Surguja,2,22,Chhattisgarh,03-01-2017,15414.76704
1558,Bilaspur,7,22,Chhattisgarh,03-01-2017,15539.60098
1559,Janjgir - Champa,6,22,Chhattisgarh,03-01-2017,15630.00296
1560,Korba,5,22,Chhattisgarh,03-01-2017,15458.9611
1561,Kawardha,8,22,Chhattisgarh,03-01-2017,15600.71531
1562,Bastar,15,22,Chhattisgarh,03-01-2017,15456.80395
1563,Dantewada,16,22,Chhattisgarh,03-01-2017,15433.20269
1564,Dhamtari,13,22,Chhattisgarh,03-01-2017,15426.80216
1565,Durg,10,22,Chhattisgarh,03-01-2017,15541.23065
1566,Kanker,14,22,Chhattisgarh,03-01-2017,15462.74774
1567,Jashpur,3,22,Chhattisgarh,03-01-2017,15476.40932
1568,Koriya,1,22,Chhattisgarh,03-01-2017,15421.54671
1569,Mahasamund,12,22,Chhattisgarh,03-01-2017,15570.77175
1570,Raigarh,4,22,Chhattisgarh,03-01-2017,15516.694
1571,Raipur,11,22,Chhattisgarh,03-01-2017,15567.7834
1572,Rajnandgaon,9,22,Chhattisgarh,03-01-2017,15529.12156
1573,Shajapur,22,23,Madhya Pradesh,03-01-2017,15677.4158
1574,Shivpuri,6,23,Madhya Pradesh,03-01-2017,15527.35319
1575,Ratlam,20,23,Madhya Pradesh,03-01-2017,15670.0559
1576,Rewa,14,23,Madhya Pradesh,03-01-2017,15395.27089
1577,Sagar,11,23,Madhya Pradesh,03-01-2017,15608.92627
1578,Sidhi,17,23,Madhya Pradesh,03-01-2017,15419.23708
1579,Ujjain,21,23,Madhya Pradesh,03-01-2017,15578.48459
1580,Vidisha,31,23,Madhya Pradesh,03-01-2017,15554.38753
1581,West Nimar,27,23,Madhya Pradesh,03-01-2017,15759.875
1582,Morena,2,23,Madhya Pradesh,03-01-2017,15369.90999
1583,Sheopur,1,23,Madhya Pradesh,03-01-2017,15533.04538
1584,Dindori,41,23,Madhya Pradesh,03-01-2017,15541.11188
1585,Mandla,42,23,Madhya Pradesh,03-01-2017,15544.83823
1586,Shahdol,16,23,Madhya Pradesh,03-01-2017,15499.50314
1587,Umaria,15,23,Madhya Pradesh,03-01-2017,15446.5717
1588,Bhind,3,23,Madhya Pradesh,03-01-2017,15364.88472
1589,Bhopal,32,23,Madhya Pradesh,03-01-2017,15531.92477
1590,Barwani,28,23,Madhya Pradesh,03-01-2017,15795.66504
1591,Betul,35,23,Madhya Pradesh,03-01-2017,15661.10342
1592,Balaghat,45,23,Madhya Pradesh,03-01-2017,15444.06026
1593,Chhatarpur,9,23,Madhya Pradesh,03-01-2017,15479.14029
1594,Chhindwara,43,23,Madhya Pradesh,03-01-2017,15645.27058
1595,Dewas,23,23,Madhya Pradesh,03-01-2017,15674.95285
1596,Katni,38,23,Madhya Pradesh,03-01-2017,15452.8608
1597,Datia,5,23,Madhya Pradesh,03-01-2017,15290.01932
1598,Damoh,12,23,Madhya Pradesh,03-01-2017,15596.59138
1599,Dhar,25,23,Madhya Pradesh,03-01-2017,15702.57131
1600,East Nimar,29,23,Madhya Pradesh,03-01-2017,15715.00121
1601,Guna,7,23,Madhya Pradesh,03-01-2017,15574.93209
1602,Gwalior,4,23,Madhya Pradesh,03-01-2017,15394.91891
1603,Harda,36,23,Madhya Pradesh,03-01-2017,15559.98806
1604,Hoshangabad,37,23,Madhya Pradesh,03-01-2017,15413.12407
1605,Indore,26,23,Madhya Pradesh,03-01-2017,15597.97372
1606,Jabalpur,39,23,Madhya Pradesh,03-01-2017,15446.34681
1607,Jhabua,24,23,Madhya Pradesh,03-01-2017,15748.10733
1608,Mandsaur,19,23,Madhya Pradesh,03-01-2017,15620.97781
1609,Tikamgarh,8,23,Madhya Pradesh,03-01-2017,15457.23333
1610,Narsimhapur,40,23,Madhya Pradesh,03-01-2017,15538.11266
1611,Neemuch,18,23,Madhya Pradesh,03-01-2017,15628.4736
1612,Panna,10,23,Madhya Pradesh,03-01-2017,15549.1103
1613,Raisen,34,23,Madhya Pradesh,03-01-2017,15556.54152
1614,Rajgarh,30,23,Madhya Pradesh,03-01-2017,15707.7538
1615,Satna,13,23,Madhya Pradesh,03-01-2017,15405.3235
1616,Sehore,33,23,Madhya Pradesh,03-01-2017,15635.5033
1617,Seoni,44,23,Madhya Pradesh,03-01-2017,15588.3933
1618,Sabar Kantha,5,24,Gujarat,03-01-2017,15596.90126
1619,Surendranagar,8,24,Gujarat,03-01-2017,15730.13095
1620,The Dangs,23,24,Gujarat,03-01-2017,15699.35218
1621,Vadodara,19,24,Gujarat,03-01-2017,15583.31833
1622,Valsad,25,24,Gujarat,03-01-2017,15589.5347
1623,Bharuch,21,24,Gujarat,03-01-2017,15655.63621
1624,Surat,22,24,Gujarat,03-01-2017,15563.76996
1625,Anand,15,24,Gujarat,03-01-2017,15472.39139
1626,Ahmadabad,7,24,Gujarat,03-01-2017,15665.73768
1627,Amreli,13,24,Gujarat,03-01-2017,15842.28203
1628,Bhavnagar,14,24,Gujarat,03-01-2017,15808.01725
1629,Banas Kantha,2,24,Gujarat,03-01-2017,15592.60745
1630,Dohad,18,24,Gujarat,03-01-2017,15676.03813
1631,Junagadh,12,24,Gujarat,03-01-2017,15725.59809
1632,Kachchh,1,24,Gujarat,03-01-2017,15669.93689
1633,Gandhinagar,6,24,Gujarat,03-01-2017,15575.33087
1634,Jamnagar,10,24,Gujarat,03-01-2017,15708.1444
1635,Kheda,16,24,Gujarat,03-01-2017,15563.57573
1636,Mahesana,4,24,Gujarat,03-01-2017,15552.92965
1637,Narmada,20,24,Gujarat,03-01-2017,15685.29034
1638,Navsari,24,24,Gujarat,03-01-2017,15507.49402
1639,Panch Mahals,17,24,Gujarat,03-01-2017,15597.04201
1640,Patan,3,24,Gujarat,03-01-2017,15658.89076
1641,Porbandar,11,24,Gujarat,03-01-2017,15711.67989
1642,Rajkot,9,24,Gujarat,03-01-2017,15819.9824
1643,Daman,2,25,Daman & Diu,03-01-2017,15404.33835
1644,Diu,1,25,Daman & Diu,03-01-2017,15338.33839
1645,Ratnagiri,32,27,Maharashtra,03-01-2017,15562.98629
1646,Raigarh,24,27,Maharashtra,03-01-2017,15638.16938
1647,Thane,21,27,Maharashtra,03-01-2017,15699.57364
1648,Solapur,30,27,Maharashtra,03-01-2017,15827.14541
1649,Sindhudurg,33,27,Maharashtra,03-01-2017,15487.94868
1650,Wardha,8,27,Maharashtra,03-01-2017,15750.66931
1651,Washim,6,27,Maharashtra,03-01-2017,15828.35039
1652,Yavatmal,14,27,Maharashtra,03-01-2017,15743.22476
1653,Aurangabad,19,27,Maharashtra,03-01-2017,15748.13967
1654,Ahmadnagar,26,27,Maharashtra,03-01-2017,15749.1553
1655,Akola,5,27,Maharashtra,03-01-2017,15827.21071
1656,Amravati,7,27,Maharashtra,03-01-2017,15742.95969
1657,Bid,27,27,Maharashtra,03-01-2017,15765.82767
1658,Bhandara,10,27,Maharashtra,03-01-2017,15518.21679
1659,Buldana,4,27,Maharashtra,03-01-2017,15824.02712
1660,Chandrapur,13,27,Maharashtra,03-01-2017,15570.56652
1661,Dhule,2,27,Maharashtra,03-01-2017,15840.22151
1662,Gadchiroli,12,27,Maharashtra,03-01-2017,15445.33225
1663,Gondiya,11,27,Maharashtra,03-01-2017,15449.78325
1664,Hingoli,16,27,Maharashtra,03-01-2017,15785.75158
1665,Jalgaon,3,27,Maharashtra,03-01-2017,15702.90975
1666,Jalna,18,27,Maharashtra,03-01-2017,15754.64168
1667,Kolhapur,34,27,Maharashtra,03-01-2017,15598.21186
1668,Latur,28,27,Maharashtra,03-01-2017,15778.03985
1669,Pune,25,27,Maharashtra,03-01-2017,15683.67774
1670,Nagpur,9,27,Maharashtra,03-01-2017,15649.01278
1671,Mumbai,23,27,Maharashtra,03-01-2017,15367.00993
1672,Mumbai (Suburban),22,27,Maharashtra,03-01-2017,15432.04383
1673,Nanded,15,27,Maharashtra,03-01-2017,15737.54064
1674,Nandurbar,1,27,Maharashtra,03-01-2017,15762.43393
1675,Nashik,20,27,Maharashtra,03-01-2017,15721.93083
1676,Osmanabad,29,27,Maharashtra,03-01-2017,15807.40164
1677,Parbhani,17,27,Maharashtra,03-01-2017,15734.20396
1678,Sangli,35,27,Maharashtra,03-01-2017,15830.48147
1679,Satara,31,27,Maharashtra,03-01-2017,15738.85136
1680,Rangareddi,6,28,Andhra Pradesh,03-01-2017,15705.37848
1681,Srikakulam,11,28,Andhra Pradesh,03-01-2017,15431.56023
1682,West Godavari,15,28,Andhra Pradesh,03-01-2017,15248.48191
1683,Visakhapatnam,13,28,Andhra Pradesh,03-01-2017,15398.65959
1684,Vizianagaram,12,28,Andhra Pradesh,03-01-2017,15450.86028
1685,Warangal,9,28,Andhra Pradesh,03-01-2017,15505.53493
1686,Anantapur,22,28,Andhra Pradesh,03-01-2017,15864.30663
1687,Adilabad,1,28,Andhra Pradesh,03-01-2017,15606.17786
1688,Chittoor,23,28,Andhra Pradesh,03-01-2017,15543.54204
1689,Cuddapah,20,28,Andhra Pradesh,03-01-2017,15697.77421
1690,East Godavari,14,28,Andhra Pradesh,03-01-2017,15278.88227
1691,Karimnagar,3,28,Andhra Pradesh,03-01-2017,15430.88476
1692,Guntur,17,28,Andhra Pradesh,03-01-2017,15513.12918
1693,Hyderabad,5,28,Andhra Pradesh,03-01-2017,15526.0659
1694,Khammam,10,28,Andhra Pradesh,03-01-2017,15471.15379
1695,Medak,4,28,Andhra Pradesh,03-01-2017,15589.72231
1696,Krishna,16,28,Andhra Pradesh,03-01-2017,15406.16379
1697,Kurnool,21,28,Andhra Pradesh,03-01-2017,15786.36551
1698,Mahbubnagar,7,28,Andhra Pradesh,03-01-2017,15730.79289
1699,Nalgonda,8,28,Andhra Pradesh,03-01-2017,15552.97226
1700,Nellore,19,28,Andhra Pradesh,03-01-2017,15537.33946
1701,Nizamabad,2,28,Andhra Pradesh,03-01-2017,15482.98285
1702,Prakasam,18,28,Andhra Pradesh,03-01-2017,15648.94804
1703,Shimoga,15,29,Karnataka,03-01-2017,15462.34534
1704,Tumkur,18,29,Karnataka,03-01-2017,15713.24744
1705,Udupi,16,29,Karnataka,03-01-2017,15350.78775
1706,Uttara Kannada,10,29,Karnataka,03-01-2017,15343.95277
1707,Bagalkot,2,29,Karnataka,03-01-2017,15764.97049
1708,Bangalore,20,29,Karnataka,03-01-2017,15518.62889
1709,Bidar,5,29,Karnataka,03-01-2017,15794.59142
1710,Bijapur,3,29,Karnataka,03-01-2017,15902.80678
1711,Belgaum,1,29,Karnataka,03-01-2017,15730.57291
1712,Bellary,12,29,Karnataka,03-01-2017,15822.79968
1713,Bangalore Rural,21,29,Karnataka,03-01-2017,15588.67718
1714,Chamarajanagar,27,29,Karnataka,03-01-2017,15594.159
1715,Chikmagalur,17,29,Karnataka,03-01-2017,15441.17054
1716,Chitradurga,13,29,Karnataka,03-01-2017,15845.55291
1717,Dakshina Kannada,24,29,Karnataka,03-01-2017,15264.47262
1718,Davanagere,14,29,Karnataka,03-01-2017,15748.3334
1719,Dharwad,9,29,Karnataka,03-01-2017,15896.20687
1720,Gulbarga,4,29,Karnataka,03-01-2017,15817.60076
1721,Gadag,8,29,Karnataka,03-01-2017,15974.711
1722,Hassan,23,29,Karnataka,03-01-2017,15578.88927
1723,Haveri,11,29,Karnataka,03-01-2017,15838.44871
1724,Kodagu,25,29,Karnataka,03-01-2017,15191.34605
1725,Kolar,19,29,Karnataka,03-01-2017,15619.37727
1726,Mandya,22,29,Karnataka,03-01-2017,15634.22527
1727,Koppal,7,29,Karnataka,03-01-2017,15873.53933
1728,Mysore,26,29,Karnataka,03-01-2017,15670.13474
1729,Raichur,6,29,Karnataka,03-01-2017,15785.11661
1730,South Goa,2,30,Goa,03-01-2017,15339.76743
1731,North Goa,1,30,Goa,03-01-2017,15395.2105
1732,Thrissur,7,32,Kerala,03-01-2017,15299.63105
1733,Thiruvananthapuram,14,32,Kerala,03-01-2017,15246.26571
1734,Wayanad,3,32,Kerala,03-01-2017,15218.19264
1735,Alappuzha,11,32,Kerala,03-01-2017,15238.1446
1736,Kasaragod,1,32,Kerala,03-01-2017,15341.52311
1737,Kannur,2,32,Kerala,03-01-2017,15312.57321
1738,Ernakulam,8,32,Kerala,03-01-2017,15269.28976
1739,Idukki,9,32,Kerala,03-01-2017,15085.03963
1740,Kollam,13,32,Kerala,03-01-2017,15233.96114
1741,Kottayam,10,32,Kerala,03-01-2017,15250.19852
1742,Kozhikode,4,32,Kerala,03-01-2017,15236.72533
1743,Malappuram,5,32,Kerala,03-01-2017,15299.84176
1744,Palakkad,6,32,Kerala,03-01-2017,15334.72576
1745,Pathanamthitta,12,32,Kerala,03-01-2017,15148.15403
1746,Sivaganga,23,33,Tamil Nadu,03-01-2017,15615.07525
1747,Tiruchirappalli,15,33,Tamil Nadu,03-01-2017,15659.79366
1748,Tirunelveli,29,33,Tamil Nadu,03-01-2017,15539.62171
1749,Tiruvannamalai,6,33,Tamil Nadu,03-01-2017,15586.75394
1750,Thoothukkudi,28,33,Tamil Nadu,03-01-2017,15753.85559
1751,Theni,25,33,Tamil Nadu,03-01-2017,15419.93431
1752,Vellore,4,33,Tamil Nadu,03-01-2017,15531.52697
1753,Viluppuram,7,33,Tamil Nadu,03-01-2017,15635.75729
1754,Virudhunagar,26,33,Tamil Nadu,03-01-2017,15704.61779
1755,Chennai,2,33,Tamil Nadu,03-01-2017,15475.72468
1756,Kancheepuram,3,33,Tamil Nadu,03-01-2017,15493.91871
1757,Thiruvallur,1,33,Tamil Nadu,03-01-2017,15508.11337
1758,Thanjavur,21,33,Tamil Nadu,03-01-2017,15460.17206
1759,Thiruvarur,20,33,Tamil Nadu,03-01-2017,15460.89483
1760,Nagapattinam,19,33,Tamil Nadu,03-01-2017,15410.36914
1761,Ariyalur,17,33,Tamil Nadu,03-01-2017,15560.60723
1762,Coimbatore,12,33,Tamil Nadu,03-01-2017,15540.75028
1763,Cuddalore,18,33,Tamil Nadu,03-01-2017,15532.3874
1764,Dharmapuri,5,33,Tamil Nadu,03-01-2017,15588.37608
1765,Dindigul,13,33,Tamil Nadu,03-01-2017,15540.67563
1766,Erode,10,33,Tamil Nadu,03-01-2017,15628.99869
1767,Kanniyakumari,30,33,Tamil Nadu,03-01-2017,15281.01064
1768,Karur,14,33,Tamil Nadu,03-01-2017,15808.48994
1769,Madurai,24,33,Tamil Nadu,03-01-2017,15599.1676
1770,Namakkal,9,33,Tamil Nadu,03-01-2017,15719.07371
1771,The Nilgiris,11,33,Tamil Nadu,03-01-2017,15130.55826
1772,Perambalur,16,33,Tamil Nadu,03-01-2017,15687.32758
1773,Pudukkottai,22,33,Tamil Nadu,03-01-2017,15572.47407
1774,Ramanathapuram,27,33,Tamil Nadu,03-01-2017,15698.66994
1775,Salem,8,33,Tamil Nadu,03-01-2017,15654.77442
1776,Yanam,1,34,Puducherry,03-01-2017,15233.39087
1777,Karaikal,4,34,Puducherry,03-01-2017,15364.32661
1778,Mahe,3,34,Puducherry,03-01-2017,15308.44708
1779,Pondicherry,2,34,Puducherry,03-01-2017,15413.31108
1780,Nicobars,2,35,Andaman & Nicobar Island,03-01-2017,15011.01082
1781,Andamans,1,35,Andaman & Nicobar Island,03-01-2017,15115.83614
1782,Lakshadweep,1,31,Lakshadweep,04-01-2017,15105.33572
1783,Chandigarh,1,4,Chandigarh,04-01-2017,15460.36493
1784,Dadra & Nagar Haveli,1,26,Dadara & Nagar Havelli,04-01-2017,15828.72832
1785,Data Not Available,99,99,Jammu and Kashmir,04-01-2017,13932.89135
1786,Srinagar,3,1,Jammu and Kashmir,04-01-2017,14187.07923
1787,Udhampur,10,1,Jammu and Kashmir,04-01-2017,14989.33093
1788,Anantnag,6,1,Jammu and Kashmir,04-01-2017,14255.47103
1789,Badgam,4,1,Jammu and Kashmir,04-01-2017,14500.38355
1790,Baramula,2,1,Jammu and Kashmir,04-01-2017,14262.12469
1791,Doda,9,1,Jammu and Kashmir,04-01-2017,14168.71887
1792,Jammu,13,1,Jammu and Kashmir,04-01-2017,15381.84619
1793,Kargil,8,1,Jammu and Kashmir,04-01-2017,13802.08038
1794,Kathua,14,1,Jammu and Kashmir,04-01-2017,15224.95571
1795,Leh (Ladakh),7,1,Jammu and Kashmir,04-01-2017,14140.41247
1796,Kupwara,1,1,Jammu and Kashmir,04-01-2017,14388.99032
1797,Punch,11,1,Jammu and Kashmir,04-01-2017,14847.89045
1798,Pulwama,5,1,Jammu and Kashmir,04-01-2017,14728.01556
1799,Rajauri,12,1,Jammu and Kashmir,04-01-2017,15110.55775
1800,Shimla,11,2,Himachal Pradesh,04-01-2017,14859.92581
1801,Sirmaur,10,2,Himachal Pradesh,04-01-2017,15227.27725
1802,Solan,9,2,Himachal Pradesh,04-01-2017,15284.66833
1803,Una,7,2,Himachal Pradesh,04-01-2017,15428.13934
1804,Bilaspur,8,2,Himachal Pradesh,04-01-2017,15279.61794
1805,Chamba,1,2,Himachal Pradesh,04-01-2017,14455.89427
1806,Hamirpur,6,2,Himachal Pradesh,04-01-2017,15284.48819
1807,Kangra,2,2,Himachal Pradesh,04-01-2017,15006.76301
1808,Kinnaur,12,2,Himachal Pradesh,04-01-2017,14089.48927
1809,Lahul & Spiti,3,2,Himachal Pradesh,04-01-2017,13812.29657
1810,Kullu,4,2,Himachal Pradesh,04-01-2017,14351.16185
1811,Mandi,5,2,Himachal Pradesh,04-01-2017,15038.99305
1812,Rupnagar,7,3,Punjab,04-01-2017,15426.32554
1813,Amritsar,2,3,Punjab,04-01-2017,15397.23685
1814,Firozpur,11,3,Punjab,04-01-2017,15512.93604
1815,Bathinda,14,3,Punjab,04-01-2017,15552.47607
1816,Gurdaspur,1,3,Punjab,04-01-2017,15375.3647
1817,Faridkot,13,3,Punjab,04-01-2017,15564.47034
1818,Fatehgarh Sahib,8,3,Punjab,04-01-2017,15442.55657
1819,Hoshiarpur,5,3,Punjab,04-01-2017,15413.78067
1820,Jalandhar,4,3,Punjab,04-01-2017,15433.70692
1821,Kapurthala,3,3,Punjab,04-01-2017,15429.45715
1822,Ludhiana,9,3,Punjab,04-01-2017,15457.84226
1823,Mansa,15,3,Punjab,04-01-2017,15565.05493
1824,Moga,10,3,Punjab,04-01-2017,15545.35154
1825,Muktsar,12,3,Punjab,04-01-2017,15538.64149
1826,Nawanshahr,6,3,Punjab,04-01-2017,15393.24589
1827,Patiala,17,3,Punjab,04-01-2017,15481.58411
1828,Sangrur,16,3,Punjab,04-01-2017,15542.8809
1829,Rudraprayag,3,5,Uttarakhand,04-01-2017,14669.94186
1830,Tehri Garhwal,4,5,Uttarakhand,04-01-2017,14965.21264
1831,Udham Singh Nagar,12,5,Uttarakhand,04-01-2017,15356.06577
1832,Uttarkashi,1,5,Uttarakhand,04-01-2017,14387.824
1833,Bageshwar,8,5,Uttarakhand,04-01-2017,14846.06211
1834,Almora,9,5,Uttarakhand,04-01-2017,15229.74183
1835,Chamoli,2,5,Uttarakhand,04-01-2017,14342.03591
1836,Champawat,10,5,Uttarakhand,04-01-2017,15172.64458
1837,Dehradun,5,5,Uttarakhand,04-01-2017,15223.81066
1838,Garhwal,6,5,Uttarakhand,04-01-2017,15199.52628
1839,Hardwar,13,5,Uttarakhand,04-01-2017,15325.11267
1840,Nainital,11,5,Uttarakhand,04-01-2017,15267.46708
1841,Pithoragarh,7,5,Uttarakhand,04-01-2017,14434.21676
1842,Rohtak,14,6,Haryana,04-01-2017,15590.92787
1843,Sirsa,11,6,Haryana,04-01-2017,15656.17213
1844,Sonipat,8,6,Haryana,04-01-2017,15550.42145
1845,Yamunanagar,3,6,Haryana,04-01-2017,15333.88972
1846,Jhajjar,15,6,Haryana,04-01-2017,15707.17064
1847,Mahendragarh,16,6,Haryana,04-01-2017,15882.45848
1848,Rewari,17,6,Haryana,04-01-2017,15859.11271
1849,Bhiwani,13,6,Haryana,04-01-2017,15818.80425
1850,Ambala,2,6,Haryana,04-01-2017,15407.5684
1851,Gurgaon,18,6,Haryana,04-01-2017,15754.91317
1852,Faridabad,19,6,Haryana,04-01-2017,15639.84407
1853,Fatehabad,10,6,Haryana,04-01-2017,15562.21359
1854,Hisar,12,6,Haryana,04-01-2017,15666.17681
1855,Jind,9,6,Haryana,04-01-2017,15553.84544
1856,Kaithal,5,6,Haryana,04-01-2017,15522.06515
1857,Karnal,6,6,Haryana,04-01-2017,15486.28989
1858,Kurukshetra,4,6,Haryana,04-01-2017,15412.45045
1859,Panchkula,1,6,Haryana,04-01-2017,15425.78796
1860,Panipat,7,6,Haryana,04-01-2017,15514.4113
1861,Central,6,7,Delhi  & NCR,04-01-2017,15548.1234
1862,East,4,7,Delhi  & NCR,04-01-2017,15520.90374
1863,New Delhi,5,7,Delhi  & NCR,04-01-2017,15477.90461
1864,North,2,7,Delhi  & NCR,04-01-2017,15534.38338
1865,North East,3,7,Delhi  & NCR,04-01-2017,15558.8454
1866,North West,1,7,Delhi  & NCR,04-01-2017,15606.33544
1867,South,9,7,Delhi  & NCR,04-01-2017,15532.12789
1868,South West,8,7,Delhi  & NCR,04-01-2017,15614.74036
1869,West,7,7,Delhi  & NCR,04-01-2017,15585.26098
1870,Sirohi,19,8,Rajasthan,04-01-2017,15876.94913
1871,Tonk,22,8,Rajasthan,04-01-2017,15921.52169
1872,Sikar,13,8,Rajasthan,04-01-2017,15909.33766
1873,Alwar,6,8,Rajasthan,04-01-2017,15806.99308
1874,Udaipur,26,8,Rajasthan,04-01-2017,15874.256
1875,Ganganagar,1,8,Rajasthan,04-01-2017,15840.06585
1876,Hanumangarh,2,8,Rajasthan,04-01-2017,15858.47349
1877,Baran,31,8,Rajasthan,04-01-2017,15991.97454
1878,Ajmer,21,8,Rajasthan,04-01-2017,15925.52466
1879,Banswara,28,8,Rajasthan,04-01-2017,15891.34317
1880,Barmer,17,8,Rajasthan,04-01-2017,16031.56868
1881,Bhilwara,24,8,Rajasthan,04-01-2017,15921.79733
1882,Bikaner,3,8,Rajasthan,04-01-2017,16076.70576
1883,Bharatpur,7,8,Rajasthan,04-01-2017,15837.93038
1884,Bundi,23,8,Rajasthan,04-01-2017,15888.32405
1885,Chittaurgarh,29,8,Rajasthan,04-01-2017,15900.84461
1886,Churu,4,8,Rajasthan,04-01-2017,16020.69715
1887,Dausa,11,8,Rajasthan,04-01-2017,15876.05122
1888,Dhaulpur,8,8,Rajasthan,04-01-2017,15859.58878
1889,Dungarpur,27,8,Rajasthan,04-01-2017,15902.72221
1890,Karauli,9,8,Rajasthan,04-01-2017,15880.53366
1891,Jaipur,12,8,Rajasthan,04-01-2017,15873.66157
1892,Jaisalmer,16,8,Rajasthan,04-01-2017,16132.78301
1893,Jalor,18,8,Rajasthan,04-01-2017,15953.24994
1894,Jhalawar,32,8,Rajasthan,04-01-2017,16037.49052
1895,Jhunjhunun,5,8,Rajasthan,04-01-2017,15917.94465
1896,Jodhpur,15,8,Rajasthan,04-01-2017,16014.11613
1897,Kota,30,8,Rajasthan,04-01-2017,15940.23907
1898,Nagaur,14,8,Rajasthan,04-01-2017,15986.69826
1899,Pali,20,8,Rajasthan,04-01-2017,15934.99905
1900,Rajsamand,25,8,Rajasthan,04-01-2017,15846.70115
1901,Sawai Madhopur,10,8,Rajasthan,04-01-2017,15881.14113
1902,Shrawasti,51,9,Uttar Pradesh,04-01-2017,15463.54128
1903,Saharanpur,1,9,Uttar Pradesh,04-01-2017,15299.18075
1904,Sitapur,24,9,Uttar Pradesh,04-01-2017,15475.99407
1905,Sultanpur,49,9,Uttar Pradesh,04-01-2017,15574.72388
1906,Sonbhadra,70,9,Uttar Pradesh,04-01-2017,15768.3645
1907,Siddharthnagar,54,9,Uttar Pradesh,04-01-2017,15524.15002
1908,Unnao,26,9,Uttar Pradesh,04-01-2017,15619.49142
1909,Varanasi,67,9,Uttar Pradesh,04-01-2017,15581.43265
1910,Bulandshahr,11,9,Uttar Pradesh,04-01-2017,15496.06789
1911,Gautam Buddha Nagar,10,9,Uttar Pradesh,04-01-2017,15575.64747
1912,Ghaziabad,9,9,Uttar Pradesh,04-01-2017,15478.07005
1913,Auraiya,32,9,Uttar Pradesh,04-01-2017,15685.96278
1914,Azamgarh,61,9,Uttar Pradesh,04-01-2017,15533.55061
1915,Budaun,19,9,Uttar Pradesh,04-01-2017,15527.55904
1916,Agra,15,9,Uttar Pradesh,04-01-2017,15753.72535
1917,Aligarh,12,9,Uttar Pradesh,04-01-2017,15598.18747
1918,Allahabad,45,9,Uttar Pradesh,04-01-2017,15709.69437
1919,Ambedkar Nagar,48,9,Uttar Pradesh,04-01-2017,15476.00279
1920,Bareilly,20,9,Uttar Pradesh,04-01-2017,15446.69606
1921,Bijnor,3,9,Uttar Pradesh,04-01-2017,15431.29424
1922,Basti,55,9,Uttar Pradesh,04-01-2017,15479.25305
1923,Baghpat,8,9,Uttar Pradesh,04-01-2017,15423.88451
1924,Bahraich,50,9,Uttar Pradesh,04-01-2017,15432.01138
1925,Ballia,63,9,Uttar Pradesh,04-01-2017,15504.57099
1926,Balrampur,52,9,Uttar Pradesh,04-01-2017,15487.34039
1927,Banda,40,9,Uttar Pradesh,04-01-2017,15854.93135
1928,Barabanki,46,9,Uttar Pradesh,04-01-2017,15464.97093
1929,Chitrakoot,41,9,Uttar Pradesh,04-01-2017,15848.30773
1930,Chandauli,66,9,Uttar Pradesh,04-01-2017,15675.49042
1931,Deoria,60,9,Uttar Pradesh,04-01-2017,15511.05802
1932,Etah,17,9,Uttar Pradesh,04-01-2017,15571.7141
1933,Kanpur Dehat,33,9,Uttar Pradesh,04-01-2017,15705.74925
1934,Etawah,31,9,Uttar Pradesh,04-01-2017,15687.66824
1935,Faizabad,47,9,Uttar Pradesh,04-01-2017,15487.44887
1936,Ghazipur,65,9,Uttar Pradesh,04-01-2017,15567.30992
1937,Gonda,53,9,Uttar Pradesh,04-01-2017,15490.69354
1938,Gorakhpur,58,9,Uttar Pradesh,04-01-2017,15482.90642
1939,Farrukhabad,29,9,Uttar Pradesh,04-01-2017,15547.90808
1940,Fatehpur,42,9,Uttar Pradesh,04-01-2017,15700.19643
1941,Firozabad,16,9,Uttar Pradesh,04-01-2017,15676.39128
1942,Hamirpur,38,9,Uttar Pradesh,04-01-2017,15879.88911
1943,Hardoi,25,9,Uttar Pradesh,04-01-2017,15564.90259
1944,Hathras,13,9,Uttar Pradesh,04-01-2017,15643.73827
1945,Jalaun,35,9,Uttar Pradesh,04-01-2017,15819.00061
1946,Jaunpur,64,9,Uttar Pradesh,04-01-2017,15610.12738
1947,Jhansi,36,9,Uttar Pradesh,04-01-2017,15929.54419
1948,Jyotiba Phule Nagar,6,9,Uttar Pradesh,04-01-2017,15408.30578
1949,Kannauj,30,9,Uttar Pradesh,04-01-2017,15562.51244
1950,Kanpur Nagar,34,9,Uttar Pradesh,04-01-2017,15649.63835
1951,Kaushambi,44,9,Uttar Pradesh,04-01-2017,15677.60247
1952,Kheri,23,9,Uttar Pradesh,04-01-2017,15440.70216
1953,Mirzapur,69,9,Uttar Pradesh,04-01-2017,15752.12479
1954,Moradabad,4,9,Uttar Pradesh,04-01-2017,15437.19035
1955,Muzaffarnagar,2,9,Uttar Pradesh,04-01-2017,15369.42475
1956,Rae Bareli,28,9,Uttar Pradesh,04-01-2017,15621.64602
1957,Kushinagar,59,9,Uttar Pradesh,04-01-2017,15411.19462
1958,Lucknow,27,9,Uttar Pradesh,04-01-2017,15541.89284
1959,Lalitpur,37,9,Uttar Pradesh,04-01-2017,15938.47817
1960,Mahrajganj,57,9,Uttar Pradesh,04-01-2017,15453.53355
1961,Mahoba,39,9,Uttar Pradesh,04-01-2017,15925.24429
1962,Mainpuri,18,9,Uttar Pradesh,04-01-2017,15619.19612
1963,Mathura,14,9,Uttar Pradesh,04-01-2017,15706.2577
1964,Mau,62,9,Uttar Pradesh,04-01-2017,15517.75439
1965,Meerut,7,9,Uttar Pradesh,04-01-2017,15405.35788
1966,Pilibhit,21,9,Uttar Pradesh,04-01-2017,15409.92767
1967,Pratapgarh,43,9,Uttar Pradesh,04-01-2017,15641.51127
1968,Rampur,5,9,Uttar Pradesh,04-01-2017,15357.8131
1969,Sant Ravidas Nagar Bhadohi,68,9,Uttar Pradesh,04-01-2017,15633.57267
1970,Sant Kabir Nagar,56,9,Uttar Pradesh,04-01-2017,15479.52827
1971,Shahjahanpur,22,9,Uttar Pradesh,04-01-2017,15522.97582
1972,Sheikhpura,26,10,Bihar,04-01-2017,15587.38056
1973,Sheohar,3,10,Bihar,04-01-2017,15352.00791
1974,Saharsa,12,10,Bihar,04-01-2017,15234.39231
1975,Sitamarhi,4,10,Bihar,04-01-2017,15305.07546
1976,Siwan,16,10,Bihar,04-01-2017,15445.73475
1977,Supaul,6,10,Bihar,04-01-2017,15221.33979
1978,Vaishali,18,10,Bihar,04-01-2017,15386.42994
1979,Kaimur (Bhabua),31,10,Bihar,04-01-2017,15715.83644
1980,Gaya,35,10,Bihar,04-01-2017,15677.59141
1981,Bhojpur,29,10,Bihar,04-01-2017,15557.97017
1982,Buxar,30,10,Bihar,04-01-2017,15564.81636
1983,Jehanabad,33,10,Bihar,04-01-2017,15599.66358
1984,Rohtas,32,10,Bihar,04-01-2017,15654.12417
1985,Araria,7,10,Bihar,04-01-2017,15160.65345
1986,Aurangabad,34,10,Bihar,04-01-2017,15678.17191
1987,Banka,23,10,Bihar,04-01-2017,15606.93683
1988,Bhagalpur,22,10,Bihar,04-01-2017,15403.001
1989,Begusarai,20,10,Bihar,04-01-2017,15420.72907
1990,Saran,17,10,Bihar,04-01-2017,15430.6181
1991,Katihar,10,10,Bihar,04-01-2017,15198.19589
1992,Darbhanga,13,10,Bihar,04-01-2017,15318.21052
1993,Gopalganj,15,10,Bihar,04-01-2017,15441.67204
1994,Jamui,37,10,Bihar,04-01-2017,15629.24208
1995,Kishanganj,8,10,Bihar,04-01-2017,15279.4376
1996,Muzaffarpur,14,10,Bihar,04-01-2017,15360.51587
1997,Purnia,9,10,Bihar,04-01-2017,15147.62264
1998,Khagaria,21,10,Bihar,04-01-2017,15301.75292
1999,Madhubani,5,10,Bihar,04-01-2017,15272.15378
2000,Lakhisarai,25,10,Bihar,04-01-2017,15576.93482
2001,Madhepura,11,10,Bihar,04-01-2017,15216.32824
2002,Purba Champaran,2,10,Bihar,04-01-2017,15345.75823
2003,Munger,24,10,Bihar,04-01-2017,15520.04253
2004,Nalanda,27,10,Bihar,04-01-2017,15570.84287
2005,Nawada,36,10,Bihar,04-01-2017,15627.79511
2006,Pashchim Champaran,1,10,Bihar,04-01-2017,15361.37934
2007,Patna,28,10,Bihar,04-01-2017,15494.47456
2008,Samastipur,19,10,Bihar,04-01-2017,15329.13726
2009,South,3,11,Sikkim,04-01-2017,14736.64918
2010,West,2,11,Sikkim,04-01-2017,14529.26465
2011,East,4,11,Sikkim,04-01-2017,14617.54486
2012,North,1,11,Sikkim,04-01-2017,14101.53729
2013,Tawang,1,12,Arunanchal Pradesh,04-01-2017,14215.5669
2014,Tirap,13,12,Arunanchal Pradesh,04-01-2017,14875.76018
2015,West Kameng,2,12,Arunanchal Pradesh,04-01-2017,14631.03901
2016,West Siang,7,12,Arunanchal Pradesh,04-01-2017,14597.37706
2017,Upper Siang,9,12,Arunanchal Pradesh,04-01-2017,14437.34216
2018,Upper Subansiri,6,12,Arunanchal Pradesh,04-01-2017,14420.22334
2019,Changlang,12,12,Arunanchal Pradesh,04-01-2017,14781.59278
2020,Dibang Valley,10,12,Arunanchal Pradesh,04-01-2017,14301.1643
2021,East Kameng,3,12,Arunanchal Pradesh,04-01-2017,14641.7623
2022,East Siang,8,12,Arunanchal Pradesh,04-01-2017,14833.51163
2023,Lohit,11,12,Arunanchal Pradesh,04-01-2017,14424.88864
2024,Lower Subansiri,5,12,Arunanchal Pradesh,04-01-2017,14532.28421
2025,Papum Pare,4,12,Arunanchal Pradesh,04-01-2017,14769.92587
2026,Tuensang,2,13,Nagaland,04-01-2017,14859.75554
2027,Wokha,5,13,Nagaland,04-01-2017,15002.19086
2028,Zunheboto,4,13,Nagaland,04-01-2017,14872.87171
2029,Dimapur,6,13,Nagaland,04-01-2017,15089.08548
2030,Kohima,7,13,Nagaland,04-01-2017,14941.36097
2031,Mokokchung,3,13,Nagaland,04-01-2017,14974.69496
2032,Mon,1,13,Nagaland,04-01-2017,14968.13824
2033,Phek,8,13,Nagaland,04-01-2017,14858.23219
2034,Tamenglong,2,14,Manipur,04-01-2017,14915.48029
2035,Thoubal,5,14,Manipur,04-01-2017,15037.76039
2036,Ukhrul,8,14,Manipur,04-01-2017,14919.88482
2037,Bishnupur,4,14,Manipur,04-01-2017,14964.44803
2038,Chandel,9,14,Manipur,04-01-2017,15003.73016
2039,Churachandpur,3,14,Manipur,04-01-2017,14969.80986
2040,Imphal East,7,14,Manipur,04-01-2017,15024.95492
2041,Imphal West,6,14,Manipur,04-01-2017,14996.09701
2042,Senapati (Excl. 3 sub-divisions),1,14,Manipur,04-01-2017,14883.88764
2043,Aizawl,3,15,Mizoram,04-01-2017,15003.23454
2044,Champhai,4,15,Mizoram,04-01-2017,14973.49442
2045,Kolasib,2,15,Mizoram,04-01-2017,15040.02808
2046,Mamit,1,15,Mizoram,04-01-2017,15050.87368
2047,Lunglei,6,15,Mizoram,04-01-2017,15042.82158
2048,Lawngtlai,7,15,Mizoram,04-01-2017,15088.13014
2049,Saiha,8,15,Mizoram,04-01-2017,14992.93111
2050,Serchhip,5,15,Mizoram,04-01-2017,14983.55951
2051,South Tripura,2,16,Tripura,04-01-2017,15125.20355
2052,West Tripura,1,16,Tripura,04-01-2017,15115.16428
2053,Dhalai,3,16,Tripura,04-01-2017,15123.09747
2054,North Tripura,4,16,Tripura,04-01-2017,15122.10488
2055,Ri Bhoi,5,17,Meghalaya,04-01-2017,15090.34268
2056,South Garo Hills,3,17,Meghalaya,04-01-2017,15094.41827
2057,West Garo Hills,1,17,Meghalaya,04-01-2017,15131.8936
2058,West Khasi Hills,4,17,Meghalaya,04-01-2017,15000.44785
2059,East Garo Hills,2,17,Meghalaya,04-01-2017,15112.56096
2060,East Khasi Hills,6,17,Meghalaya,04-01-2017,14924.32219
2061,Jaintia Hills,7,17,Meghalaya,04-01-2017,14949.59005
2062,Sonitpur,11,18,Assam,04-01-2017,15094.21242
2063,Sibsagar,16,18,Assam,04-01-2017,15040.77252
2064,Tinsukia,14,18,Assam,04-01-2017,15002.76834
2065,Barpeta,5,18,Assam,04-01-2017,15051.36202
2066,Bongaigaon,4,18,Assam,04-01-2017,15050.83658
2067,Cachar,21,18,Assam,04-01-2017,15027.43596
2068,Darrang,8,18,Assam,04-01-2017,15071.86388
2069,Dhemaji,13,18,Assam,04-01-2017,15045.41299
2070,Dhubri,2,18,Assam,04-01-2017,15049.54041
2071,Dibrugarh,15,18,Assam,04-01-2017,14997.7163
2072,Kamrup,6,18,Assam,04-01-2017,15079.38148
2073,Karbi Anglong,19,18,Assam,04-01-2017,15051.94306
2074,Goalpara,3,18,Assam,04-01-2017,15080.01634
2075,Golaghat,18,18,Assam,04-01-2017,15077.30859
2076,Hailakandi,23,18,Assam,04-01-2017,15073.04055
2077,Jorhat,17,18,Assam,04-01-2017,15048.58396
2078,Karimganj,22,18,Assam,04-01-2017,15067.84099
2079,Kokrajhar,1,18,Assam,04-01-2017,15107.14851
2080,Lakhimpur,12,18,Assam,04-01-2017,15081.00419
2081,Nagaon,10,18,Assam,04-01-2017,15105.70551
2082,Marigaon,9,18,Assam,04-01-2017,15059.81313
2083,Nalbari,7,18,Assam,04-01-2017,15068.88617
2084,North Cachar Hills,20,18,Assam,04-01-2017,15009.28878
2085,South  Twenty Four Parganas,18,19,West Bengal,04-01-2017,15227.63543
2086,Uttar Dinajpur,4,19,West Bengal,04-01-2017,15198.91163
2087,Barddhaman,9,19,West Bengal,04-01-2017,15327.91399
2088,Birbhum,8,19,West Bengal,04-01-2017,15390.107
2089,Bankura,13,19,West Bengal,04-01-2017,15421.03658
2090,Dakshin Dinajpur,5,19,West Bengal,04-01-2017,15213.21322
2091,Darjiling,1,19,West Bengal,04-01-2017,14981.28556
2092,Haora,16,19,West Bengal,04-01-2017,15225.84868
2093,Hugli,12,19,West Bengal,04-01-2017,15299.48114
2094,Jalpaiguri,2,19,West Bengal,04-01-2017,15179.99614
2095,Koch Bihar,3,19,West Bengal,04-01-2017,15123.10572
2096,Murshidabad,7,19,West Bengal,04-01-2017,15306.2867
2097,Puruliya,14,19,West Bengal,04-01-2017,15559.21788
2098,Kolkata,17,19,West Bengal,04-01-2017,15388.53108
2099,Maldah,6,19,West Bengal,04-01-2017,15239.47738
2100,Nadia,10,19,West Bengal,04-01-2017,15288.7978
2101,North Twenty Four Parganas,11,19,West Bengal,04-01-2017,15203.7515
2102,Medinipur,15,19,West Bengal,04-01-2017,15314.0137
2103,Ranchi,14,20,Jharkhand,04-01-2017,15738.61163
2104,Sahibganj,9,20,Jharkhand,04-01-2017,15459.81409
2105,Garhwa,1,20,Jharkhand,04-01-2017,15816.10766
2106,Palamu,2,20,Jharkhand,04-01-2017,15767.90323
2107,Chatra,3,20,Jharkhand,04-01-2017,15765.84431
2108,Hazaribagh,4,20,Jharkhand,04-01-2017,15705.74549
2109,Kodarma,5,20,Jharkhand,04-01-2017,15661.9173
2110,Bokaro,13,20,Jharkhand,04-01-2017,15637.89607
2111,Deoghar,7,20,Jharkhand,04-01-2017,15619.24429
2112,Dhanbad,12,20,Jharkhand,04-01-2017,15533.37059
2113,Dumka,11,20,Jharkhand,04-01-2017,15582.9789
2114,Giridih,6,20,Jharkhand,04-01-2017,15629.10136
2115,Godda,8,20,Jharkhand,04-01-2017,15564.32077
2116,Gumla,16,20,Jharkhand,04-01-2017,15783.45577
2117,Purbi Singhbhum,18,20,Jharkhand,04-01-2017,15567.62668
2118,Lohardaga,15,20,Jharkhand,04-01-2017,15728.49582
2119,Pakaur,10,20,Jharkhand,04-01-2017,15588.78618
2120,Pashchimi Singhbhum,17,20,Jharkhand,04-01-2017,15683.88453
2121,Rayagada,27,21,Orissa,04-01-2017,15581.06004
2122,Sundargarh,5,21,Orissa,04-01-2017,15756.01031
2123,Sonapur,23,21,Orissa,04-01-2017,15659.78356
2124,Anugul,15,21,Orissa,04-01-2017,15599.55276
2125,Bhadrak,9,21,Orissa,04-01-2017,15456.46817
2126,Baudh,22,21,Orissa,04-01-2017,15716.79616
2127,Balangir,24,21,Orissa,04-01-2017,15832.77655
2128,Baleshwar,8,21,Orissa,04-01-2017,15331.05135
2129,Bargarh,1,21,Orissa,04-01-2017,15720.9617
2130,Kendrapara,10,21,Orissa,04-01-2017,15385.07293
2131,Kendujhar,6,21,Orissa,04-01-2017,15572.13968
2132,Debagarh,4,21,Orissa,04-01-2017,15608.20035
2133,Cuttack,12,21,Orissa,04-01-2017,15502.5961
2134,Dhenkanal,14,21,Orissa,04-01-2017,15546.06642
2135,Kalahandi,26,21,Orissa,04-01-2017,15678.41232
2136,Ganjam,19,21,Orissa,04-01-2017,15512.80984
2137,Gajapati,20,21,Orissa,04-01-2017,15433.4513
2138,Jajapur,13,21,Orissa,04-01-2017,15506.66818
2139,Jagatsinghapur,11,21,Orissa,04-01-2017,15419.10956
2140,Jharsuguda,2,21,Orissa,04-01-2017,15697.75474
2141,Khordha,17,21,Orissa,04-01-2017,15481.05277
2142,Mayurbhanj,7,21,Orissa,04-01-2017,15490.76692
2143,Puri,18,21,Orissa,04-01-2017,15337.73871
2144,Koraput,29,21,Orissa,04-01-2017,15584.0342
2145,Malkangiri,30,21,Orissa,04-01-2017,15639.39231
2146,Nabarangapur,28,21,Orissa,04-01-2017,15734.01781
2147,Nayagarh,16,21,Orissa,04-01-2017,15524.71913
2148,Nuapada,25,21,Orissa,04-01-2017,15830.30164
2149,Kandhamal,21,21,Orissa,04-01-2017,15557.18573
2150,Sambalpur,3,21,Orissa,04-01-2017,15650.99327
2151,Surguja,2,22,Chhattisgarh,04-01-2017,15798.53489
2152,Bilaspur,7,22,Chhattisgarh,04-01-2017,15894.81566
2153,Janjgir - Champa,6,22,Chhattisgarh,04-01-2017,15884.9628
2154,Korba,5,22,Chhattisgarh,04-01-2017,15818.04343
2155,Kawardha,8,22,Chhattisgarh,04-01-2017,15982.78221
2156,Bastar,15,22,Chhattisgarh,04-01-2017,15663.30478
2157,Dantewada,16,22,Chhattisgarh,04-01-2017,15643.55132
2158,Dhamtari,13,22,Chhattisgarh,04-01-2017,15680.93788
2159,Durg,10,22,Chhattisgarh,04-01-2017,15891.14812
2160,Kanker,14,22,Chhattisgarh,04-01-2017,15754.55148
2161,Jashpur,3,22,Chhattisgarh,04-01-2017,15786.01441
2162,Koriya,1,22,Chhattisgarh,04-01-2017,15799.64817
2163,Mahasamund,12,22,Chhattisgarh,04-01-2017,15815.32718
2164,Raigarh,4,22,Chhattisgarh,04-01-2017,15807.61652
2165,Raipur,11,22,Chhattisgarh,04-01-2017,15836.66167
2166,Rajnandgaon,9,22,Chhattisgarh,04-01-2017,15905.61858
2167,Shajapur,22,23,Madhya Pradesh,04-01-2017,16048.96506
2168,Shivpuri,6,23,Madhya Pradesh,04-01-2017,15964.09452
2169,Ratlam,20,23,Madhya Pradesh,04-01-2017,15977.17185
2170,Rewa,14,23,Madhya Pradesh,04-01-2017,15847.88536
2171,Sagar,11,23,Madhya Pradesh,04-01-2017,16063.67463
2172,Sidhi,17,23,Madhya Pradesh,04-01-2017,15839.30948
2173,Ujjain,21,23,Madhya Pradesh,04-01-2017,15944.82605
2174,Vidisha,31,23,Madhya Pradesh,04-01-2017,16029.77705
2175,West Nimar,27,23,Madhya Pradesh,04-01-2017,16082.50656
2176,Morena,2,23,Madhya Pradesh,04-01-2017,15817.47085
2177,Sheopur,1,23,Madhya Pradesh,04-01-2017,15934.79767
2178,Dindori,41,23,Madhya Pradesh,04-01-2017,15935.92863
2179,Mandla,42,23,Madhya Pradesh,04-01-2017,15936.93412
2180,Shahdol,16,23,Madhya Pradesh,04-01-2017,15890.82314
2181,Umaria,15,23,Madhya Pradesh,04-01-2017,15876.8474
2182,Bhind,3,23,Madhya Pradesh,04-01-2017,15831.97192
2183,Bhopal,32,23,Madhya Pradesh,04-01-2017,15965.17765
2184,Barwani,28,23,Madhya Pradesh,04-01-2017,16081.60455
2185,Betul,35,23,Madhya Pradesh,04-01-2017,16009.75464
2186,Balaghat,45,23,Madhya Pradesh,04-01-2017,15840.83406
2187,Chhatarpur,9,23,Madhya Pradesh,04-01-2017,15951.03175
2188,Chhindwara,43,23,Madhya Pradesh,04-01-2017,16018.52807
2189,Dewas,23,23,Madhya Pradesh,04-01-2017,16030.86545
2190,Katni,38,23,Madhya Pradesh,04-01-2017,15911.75804
2191,Datia,5,23,Madhya Pradesh,04-01-2017,15811.27074
2192,Damoh,12,23,Madhya Pradesh,04-01-2017,16042.55507
2193,Dhar,25,23,Madhya Pradesh,04-01-2017,16018.69612
2194,East Nimar,29,23,Madhya Pradesh,04-01-2017,16031.04281
2195,Guna,7,23,Madhya Pradesh,04-01-2017,16024.30665
2196,Gwalior,4,23,Madhya Pradesh,04-01-2017,15865.31442
2197,Harda,36,23,Madhya Pradesh,04-01-2017,15973.45076
2198,Hoshangabad,37,23,Madhya Pradesh,04-01-2017,15885.39949
2199,Indore,26,23,Madhya Pradesh,04-01-2017,15960.30933
2200,Jabalpur,39,23,Madhya Pradesh,04-01-2017,15886.9835
2201,Jhabua,24,23,Madhya Pradesh,04-01-2017,15988.91746
2202,Mandsaur,19,23,Madhya Pradesh,04-01-2017,15954.04619
2203,Tikamgarh,8,23,Madhya Pradesh,04-01-2017,15969.32294
2204,Narsimhapur,40,23,Madhya Pradesh,04-01-2017,15892.49387
2205,Neemuch,18,23,Madhya Pradesh,04-01-2017,15954.04526
2206,Panna,10,23,Madhya Pradesh,04-01-2017,15985.20205
2207,Raisen,34,23,Madhya Pradesh,04-01-2017,15995.85705
2208,Rajgarh,30,23,Madhya Pradesh,04-01-2017,16084.20089
2209,Satna,13,23,Madhya Pradesh,04-01-2017,15877.74688
2210,Sehore,33,23,Madhya Pradesh,04-01-2017,16039.88982
2211,Seoni,44,23,Madhya Pradesh,04-01-2017,16005.09023
2212,Sabar Kantha,5,24,Gujarat,04-01-2017,15838.55562
2213,Surendranagar,8,24,Gujarat,04-01-2017,15998.2729
2214,The Dangs,23,24,Gujarat,04-01-2017,15911.75233
2215,Vadodara,19,24,Gujarat,04-01-2017,15768.1295
2216,Valsad,25,24,Gujarat,04-01-2017,15739.46424
2217,Bharuch,21,24,Gujarat,04-01-2017,15804.59644
2218,Surat,22,24,Gujarat,04-01-2017,15696.23535
2219,Anand,15,24,Gujarat,04-01-2017,15704.67
2220,Ahmadabad,7,24,Gujarat,04-01-2017,15906.97562
2221,Amreli,13,24,Gujarat,04-01-2017,16023.29112
2222,Bhavnagar,14,24,Gujarat,04-01-2017,16017.98806
2223,Banas Kantha,2,24,Gujarat,04-01-2017,15776.27365
2224,Dohad,18,24,Gujarat,04-01-2017,15879.70474
2225,Junagadh,12,24,Gujarat,04-01-2017,15874.82128
2226,Kachchh,1,24,Gujarat,04-01-2017,15874.62904
2227,Gandhinagar,6,24,Gujarat,04-01-2017,15768.8065
2228,Jamnagar,10,24,Gujarat,04-01-2017,15912.88
2229,Kheda,16,24,Gujarat,04-01-2017,15748.86824
2230,Mahesana,4,24,Gujarat,04-01-2017,15812.55645
2231,Narmada,20,24,Gujarat,04-01-2017,15871.5031
2232,Navsari,24,24,Gujarat,04-01-2017,15632.05547
2233,Panch Mahals,17,24,Gujarat,04-01-2017,15775.02901
2234,Patan,3,24,Gujarat,04-01-2017,15924.43197
2235,Porbandar,11,24,Gujarat,04-01-2017,15860.08246
2236,Rajkot,9,24,Gujarat,04-01-2017,16031.66355
2237,Daman,2,25,Daman & Diu,04-01-2017,15532.87697
2238,Diu,1,25,Daman & Diu,04-01-2017,15431.74876
2239,Ratnagiri,32,27,Maharashtra,04-01-2017,15583.27177
2240,Raigarh,24,27,Maharashtra,04-01-2017,15728.97985
2241,Thane,21,27,Maharashtra,04-01-2017,15838.33417
2242,Solapur,30,27,Maharashtra,04-01-2017,16009.62218
2243,Sindhudurg,33,27,Maharashtra,04-01-2017,15473.86211
2244,Wardha,8,27,Maharashtra,04-01-2017,16108.68694
2245,Washim,6,27,Maharashtra,04-01-2017,16114.25745
2246,Yavatmal,14,27,Maharashtra,04-01-2017,16068.39923
2247,Aurangabad,19,27,Maharashtra,04-01-2017,16035.25644
2248,Ahmadnagar,26,27,Maharashtra,04-01-2017,15982.44026
2249,Akola,5,27,Maharashtra,04-01-2017,16132.30387
2250,Amravati,7,27,Maharashtra,04-01-2017,16059.27906
2251,Bid,27,27,Maharashtra,04-01-2017,16035.83796
2252,Bhandara,10,27,Maharashtra,04-01-2017,15869.86433
2253,Buldana,4,27,Maharashtra,04-01-2017,16107.13298
2254,Chandrapur,13,27,Maharashtra,04-01-2017,15931.55455
2255,Dhule,2,27,Maharashtra,04-01-2017,16095.03672
2256,Gadchiroli,12,27,Maharashtra,04-01-2017,15770.18091
2257,Gondiya,11,27,Maharashtra,04-01-2017,15802.42135
2258,Hingoli,16,27,Maharashtra,04-01-2017,16096.75881
2259,Jalgaon,3,27,Maharashtra,04-01-2017,16007.31937
2260,Jalna,18,27,Maharashtra,04-01-2017,16065.62417
2261,Kolhapur,34,27,Maharashtra,04-01-2017,15648.71304
2262,Latur,28,27,Maharashtra,04-01-2017,16048.62266
2263,Pune,25,27,Maharashtra,04-01-2017,15863.54296
2264,Nagpur,9,27,Maharashtra,04-01-2017,16031.75669
2265,Mumbai,23,27,Maharashtra,04-01-2017,15438.1063
2266,Mumbai (Suburban),22,27,Maharashtra,04-01-2017,15506.16976
2267,Nanded,15,27,Maharashtra,04-01-2017,16017.7395
2268,Nandurbar,1,27,Maharashtra,04-01-2017,15973.19111
2269,Nashik,20,27,Maharashtra,04-01-2017,15983.85195
2270,Osmanabad,29,27,Maharashtra,04-01-2017,16071.14818
2271,Parbhani,17,27,Maharashtra,04-01-2017,16067.48245
2272,Sangli,35,27,Maharashtra,04-01-2017,15950.3612
2273,Satara,31,27,Maharashtra,04-01-2017,15893.76077
2274,Rangareddi,6,28,Andhra Pradesh,04-01-2017,15872.84253
2275,Srikakulam,11,28,Andhra Pradesh,04-01-2017,15517.54892
2276,West Godavari,15,28,Andhra Pradesh,04-01-2017,15399.95945
2277,Visakhapatnam,13,28,Andhra Pradesh,04-01-2017,15472.82736
2278,Vizianagaram,12,28,Andhra Pradesh,04-01-2017,15557.11705
2279,Warangal,9,28,Andhra Pradesh,04-01-2017,15693.41004
2280,Anantapur,22,28,Andhra Pradesh,04-01-2017,15867.88654
2281,Adilabad,1,28,Andhra Pradesh,04-01-2017,15880.94282
2282,Chittoor,23,28,Andhra Pradesh,04-01-2017,15635.99061
2283,Cuddapah,20,28,Andhra Pradesh,04-01-2017,15756.45331
2284,East Godavari,14,28,Andhra Pradesh,04-01-2017,15380.8586
2285,Karimnagar,3,28,Andhra Pradesh,04-01-2017,15647.46832
2286,Guntur,17,28,Andhra Pradesh,04-01-2017,15652.71873
2287,Hyderabad,5,28,Andhra Pradesh,04-01-2017,15673.76861
2288,Khammam,10,28,Andhra Pradesh,04-01-2017,15653.109
2289,Medak,4,28,Andhra Pradesh,04-01-2017,15811.80035
2290,Krishna,16,28,Andhra Pradesh,04-01-2017,15533.27943
2291,Kurnool,21,28,Andhra Pradesh,04-01-2017,15883.96287
2292,Mahbubnagar,7,28,Andhra Pradesh,04-01-2017,15857.16822
2293,Nalgonda,8,28,Andhra Pradesh,04-01-2017,15727.38892
2294,Nellore,19,28,Andhra Pradesh,04-01-2017,15656.58933
2295,Nizamabad,2,28,Andhra Pradesh,04-01-2017,15720.43368
2296,Prakasam,18,28,Andhra Pradesh,04-01-2017,15726.31181
2297,Shimoga,15,29,Karnataka,04-01-2017,15404.2737
2298,Tumkur,18,29,Karnataka,04-01-2017,15683.83102
2299,Udupi,16,29,Karnataka,04-01-2017,15337.56301
2300,Uttara Kannada,10,29,Karnataka,04-01-2017,15298.6035
2301,Bagalkot,2,29,Karnataka,04-01-2017,15865.71181
2302,Bangalore,20,29,Karnataka,04-01-2017,15537.95396
2303,Bidar,5,29,Karnataka,04-01-2017,16030.07173
2304,Bijapur,3,29,Karnataka,04-01-2017,16046.80003
2305,Belgaum,1,29,Karnataka,04-01-2017,15796.47964
2306,Bellary,12,29,Karnataka,04-01-2017,15841.92755
2307,Bangalore Rural,21,29,Karnataka,04-01-2017,15571.64023
2308,Chamarajanagar,27,29,Karnataka,04-01-2017,15526.02195
2309,Chikmagalur,17,29,Karnataka,04-01-2017,15390.89231
2310,Chitradurga,13,29,Karnataka,04-01-2017,15819.73561
2311,Dakshina Kannada,24,29,Karnataka,04-01-2017,15263.27294
2312,Davanagere,14,29,Karnataka,04-01-2017,15715.90209
2313,Dharwad,9,29,Karnataka,04-01-2017,15844.6168
2314,Gulbarga,4,29,Karnataka,04-01-2017,16029.94215
2315,Gadag,8,29,Karnataka,04-01-2017,15956.2076
2316,Hassan,23,29,Karnataka,04-01-2017,15507.19319
2317,Haveri,11,29,Karnataka,04-01-2017,15777.63107
2318,Kodagu,25,29,Karnataka,04-01-2017,15129.15471
2319,Kolar,19,29,Karnataka,04-01-2017,15671.95918
2320,Mandya,22,29,Karnataka,04-01-2017,15553.76206
2321,Koppal,7,29,Karnataka,04-01-2017,15911.20929
2322,Mysore,26,29,Karnataka,04-01-2017,15521.04727
2323,Raichur,6,29,Karnataka,04-01-2017,15913.41553
2324,South Goa,2,30,Goa,04-01-2017,15314.00239
2325,North Goa,1,30,Goa,04-01-2017,15378.6906
2326,Thrissur,7,32,Kerala,04-01-2017,15273.63303
2327,Thiruvananthapuram,14,32,Kerala,04-01-2017,15189.12567
2328,Wayanad,3,32,Kerala,04-01-2017,15131.7689
2329,Alappuzha,11,32,Kerala,04-01-2017,15226.14224
2330,Kasaragod,1,32,Kerala,04-01-2017,15286.53747
2331,Kannur,2,32,Kerala,04-01-2017,15245.17244
2332,Ernakulam,8,32,Kerala,04-01-2017,15231.65797
2333,Idukki,9,32,Kerala,04-01-2017,15079.37445
2334,Kollam,13,32,Kerala,04-01-2017,15156.37607
2335,Kottayam,10,32,Kerala,04-01-2017,15211.21183
2336,Kozhikode,4,32,Kerala,04-01-2017,15222.21293
2337,Malappuram,5,32,Kerala,04-01-2017,15271.56411
2338,Palakkad,6,32,Kerala,04-01-2017,15296.25996
2339,Pathanamthitta,12,32,Kerala,04-01-2017,15121.95383
2340,Sivaganga,23,33,Tamil Nadu,04-01-2017,15773.56993
2341,Tiruchirappalli,15,33,Tamil Nadu,04-01-2017,15751.97334
2342,Tirunelveli,29,33,Tamil Nadu,04-01-2017,15716.46827
2343,Tiruvannamalai,6,33,Tamil Nadu,04-01-2017,15710.84006
2344,Thoothukkudi,28,33,Tamil Nadu,04-01-2017,15945.42009
2345,Theni,25,33,Tamil Nadu,04-01-2017,15511.23344
2346,Vellore,4,33,Tamil Nadu,04-01-2017,15624.10443
2347,Viluppuram,7,33,Tamil Nadu,04-01-2017,15726.24294
2348,Virudhunagar,26,33,Tamil Nadu,04-01-2017,15847.42363
2349,Chennai,2,33,Tamil Nadu,04-01-2017,15519.71433
2350,Kancheepuram,3,33,Tamil Nadu,04-01-2017,15611.41573
2351,Thiruvallur,1,33,Tamil Nadu,04-01-2017,15612.56519
2352,Thanjavur,21,33,Tamil Nadu,04-01-2017,15543.23764
2353,Thiruvarur,20,33,Tamil Nadu,04-01-2017,15540.27874
2354,Nagapattinam,19,33,Tamil Nadu,04-01-2017,15528.5496
2355,Ariyalur,17,33,Tamil Nadu,04-01-2017,15692.63778
2356,Coimbatore,12,33,Tamil Nadu,04-01-2017,15492.34704
2357,Cuddalore,18,33,Tamil Nadu,04-01-2017,15611.61838
2358,Dharmapuri,5,33,Tamil Nadu,04-01-2017,15603.32544
2359,Dindigul,13,33,Tamil Nadu,04-01-2017,15555.9279
2360,Erode,10,33,Tamil Nadu,04-01-2017,15572.78716
2361,Kanniyakumari,30,33,Tamil Nadu,04-01-2017,15281.62981
2362,Karur,14,33,Tamil Nadu,04-01-2017,15819.81256
2363,Madurai,24,33,Tamil Nadu,04-01-2017,15730.66872
2364,Namakkal,9,33,Tamil Nadu,04-01-2017,15643.26808
2365,The Nilgiris,11,33,Tamil Nadu,04-01-2017,15137.22946
2366,Perambalur,16,33,Tamil Nadu,04-01-2017,15815.22593
2367,Pudukkottai,22,33,Tamil Nadu,04-01-2017,15745.75431
2368,Ramanathapuram,27,33,Tamil Nadu,04-01-2017,15842.72035
2369,Salem,8,33,Tamil Nadu,04-01-2017,15615.06857
2370,Yanam,1,34,Puducherry,04-01-2017,15314.28958
2371,Karaikal,4,34,Puducherry,04-01-2017,15521.95764
2372,Mahe,3,34,Puducherry,04-01-2017,15240.88051
2373,Pondicherry,2,34,Puducherry,04-01-2017,15430.33478
2374,Nicobars,2,35,Andaman & Nicobar Island,04-01-2017,14969.69817
2375,Andamans,1,35,Andaman & Nicobar Island,04-01-2017,15081.65707
2376,Lakshadweep,1,31,Lakshadweep,05-01-2017,15069.88659
2377,Chandigarh,1,4,Chandigarh,05-01-2017,15633.02309
2378,Dadra & Nagar Haveli,1,26,Dadara & Nagar Havelli,05-01-2017,15825.89556
2379,Data Not Available,99,99,Jammu and Kashmir,05-01-2017,14312.17863
2380,Srinagar,3,1,Jammu and Kashmir,05-01-2017,14451.47813
2381,Udhampur,10,1,Jammu and Kashmir,05-01-2017,15123.52032
2382,Anantnag,6,1,Jammu and Kashmir,05-01-2017,14458.86218
2383,Badgam,4,1,Jammu and Kashmir,05-01-2017,14682.54393
2384,Baramula,2,1,Jammu and Kashmir,05-01-2017,14570.90209
2385,Doda,9,1,Jammu and Kashmir,05-01-2017,14374.95216
2386,Jammu,13,1,Jammu and Kashmir,05-01-2017,15655.39039
2387,Kargil,8,1,Jammu and Kashmir,05-01-2017,14228.96751
2388,Kathua,14,1,Jammu and Kashmir,05-01-2017,15367.99521
2389,Leh (Ladakh),7,1,Jammu and Kashmir,05-01-2017,14346.89069
2390,Kupwara,1,1,Jammu and Kashmir,05-01-2017,14725.31552
2391,Punch,11,1,Jammu and Kashmir,05-01-2017,14966.77709
2392,Pulwama,5,1,Jammu and Kashmir,05-01-2017,14819.14992
2393,Rajauri,12,1,Jammu and Kashmir,05-01-2017,15263.22947
2394,Shimla,11,2,Himachal Pradesh,05-01-2017,14845.58949
2395,Sirmaur,10,2,Himachal Pradesh,05-01-2017,15302.18609
2396,Solan,9,2,Himachal Pradesh,05-01-2017,15411.35769
2397,Una,7,2,Himachal Pradesh,05-01-2017,15625.89628
2398,Bilaspur,8,2,Himachal Pradesh,05-01-2017,15466.16028
2399,Chamba,1,2,Himachal Pradesh,05-01-2017,14545.39376
2400,Hamirpur,6,2,Himachal Pradesh,05-01-2017,15434.8783
2401,Kangra,2,2,Himachal Pradesh,05-01-2017,15161.36343
2402,Kinnaur,12,2,Himachal Pradesh,05-01-2017,14295.83416
2403,Lahul & Spiti,3,2,Himachal Pradesh,05-01-2017,14091.32004
2404,Kullu,4,2,Himachal Pradesh,05-01-2017,14393.61207
2405,Mandi,5,2,Himachal Pradesh,05-01-2017,15124.63808
2406,Rupnagar,7,3,Punjab,05-01-2017,15668.89615
2407,Amritsar,2,3,Punjab,05-01-2017,15671.20763
2408,Firozpur,11,3,Punjab,05-01-2017,15784.11914
2409,Bathinda,14,3,Punjab,05-01-2017,15824.34387
2410,Gurdaspur,1,3,Punjab,05-01-2017,15681.76904
2411,Faridkot,13,3,Punjab,05-01-2017,15753.39941
2412,Fatehgarh Sahib,8,3,Punjab,05-01-2017,15705.28274
2413,Hoshiarpur,5,3,Punjab,05-01-2017,15638.50042
2414,Jalandhar,4,3,Punjab,05-01-2017,15630.27745
2415,Kapurthala,3,3,Punjab,05-01-2017,15596.51015
2416,Ludhiana,9,3,Punjab,05-01-2017,15729.78477
2417,Mansa,15,3,Punjab,05-01-2017,15822.23062
2418,Moga,10,3,Punjab,05-01-2017,15749.30601
2419,Muktsar,12,3,Punjab,05-01-2017,15849.45014
2420,Nawanshahr,6,3,Punjab,05-01-2017,15690.82484
2421,Patiala,17,3,Punjab,05-01-2017,15721.25636
2422,Sangrur,16,3,Punjab,05-01-2017,15763.04827
2423,Rudraprayag,3,5,Uttarakhand,05-01-2017,14665.26221
2424,Tehri Garhwal,4,5,Uttarakhand,05-01-2017,15003.66188
2425,Udham Singh Nagar,12,5,Uttarakhand,05-01-2017,15463.86664
2426,Uttarkashi,1,5,Uttarakhand,05-01-2017,14468.96899
2427,Bageshwar,8,5,Uttarakhand,05-01-2017,14815.44955
2428,Almora,9,5,Uttarakhand,05-01-2017,15266.28119
2429,Chamoli,2,5,Uttarakhand,05-01-2017,14418.6758
2430,Champawat,10,5,Uttarakhand,05-01-2017,15204.41295
2431,Dehradun,5,5,Uttarakhand,05-01-2017,15322.52514
2432,Garhwal,6,5,Uttarakhand,05-01-2017,15284.34181
2433,Hardwar,13,5,Uttarakhand,05-01-2017,15463.04878
2434,Nainital,11,5,Uttarakhand,05-01-2017,15357.4127
2435,Pithoragarh,7,5,Uttarakhand,05-01-2017,14477.85602
2436,Rohtak,14,6,Haryana,05-01-2017,15799.03528
2437,Sirsa,11,6,Haryana,05-01-2017,15923.92477
2438,Sonipat,8,6,Haryana,05-01-2017,15695.0442
2439,Yamunanagar,3,6,Haryana,05-01-2017,15519.04229
2440,Jhajjar,15,6,Haryana,05-01-2017,15840.8943
2441,Mahendragarh,16,6,Haryana,05-01-2017,15897.43624
2442,Rewari,17,6,Haryana,05-01-2017,15886.20557
2443,Bhiwani,13,6,Haryana,05-01-2017,15900.92063
2444,Ambala,2,6,Haryana,05-01-2017,15617.13305
2445,Gurgaon,18,6,Haryana,05-01-2017,15835.87143
2446,Faridabad,19,6,Haryana,05-01-2017,15727.03494
2447,Fatehabad,10,6,Haryana,05-01-2017,15829.13071
2448,Hisar,12,6,Haryana,05-01-2017,15883.88337
2449,Jind,9,6,Haryana,05-01-2017,15800.99908
2450,Kaithal,5,6,Haryana,05-01-2017,15685.85125
2451,Karnal,6,6,Haryana,05-01-2017,15621.56194
2452,Kurukshetra,4,6,Haryana,05-01-2017,15574.15193
2453,Panchkula,1,6,Haryana,05-01-2017,15598.88915
2454,Panipat,7,6,Haryana,05-01-2017,15629.41319
2455,Central,6,7,Delhi  & NCR,05-01-2017,15528.87514
2456,East,4,7,Delhi  & NCR,05-01-2017,15515.92934
2457,New Delhi,5,7,Delhi  & NCR,05-01-2017,15474.30981
2458,North,2,7,Delhi  & NCR,05-01-2017,15527.2685
2459,North East,3,7,Delhi  & NCR,05-01-2017,15550.68926
2460,North West,1,7,Delhi  & NCR,05-01-2017,15629.91308
2461,South,9,7,Delhi  & NCR,05-01-2017,15588.81486
2462,South West,8,7,Delhi  & NCR,05-01-2017,15680.66868
2463,West,7,7,Delhi  & NCR,05-01-2017,15572.90746
2464,Sirohi,19,8,Rajasthan,05-01-2017,15891.77439
2465,Tonk,22,8,Rajasthan,05-01-2017,15927.90564
2466,Sikar,13,8,Rajasthan,05-01-2017,15912.42327
2467,Alwar,6,8,Rajasthan,05-01-2017,15831.79568
2468,Udaipur,26,8,Rajasthan,05-01-2017,15891.10476
2469,Ganganagar,1,8,Rajasthan,05-01-2017,15982.42409
2470,Hanumangarh,2,8,Rajasthan,05-01-2017,16028.41306
2471,Baran,31,8,Rajasthan,05-01-2017,16085.23347
2472,Ajmer,21,8,Rajasthan,05-01-2017,15926.66194
2473,Banswara,28,8,Rajasthan,05-01-2017,15960.15137
2474,Barmer,17,8,Rajasthan,05-01-2017,16063.53393
2475,Bhilwara,24,8,Rajasthan,05-01-2017,15949.998
2476,Bikaner,3,8,Rajasthan,05-01-2017,16129.88164
2477,Bharatpur,7,8,Rajasthan,05-01-2017,15904.69851
2478,Bundi,23,8,Rajasthan,05-01-2017,15973.17718
2479,Chittaurgarh,29,8,Rajasthan,05-01-2017,15955.26567
2480,Churu,4,8,Rajasthan,05-01-2017,16028.02979
2481,Dausa,11,8,Rajasthan,05-01-2017,15890.30145
2482,Dhaulpur,8,8,Rajasthan,05-01-2017,15922.27912
2483,Dungarpur,27,8,Rajasthan,05-01-2017,15956.642
2484,Karauli,9,8,Rajasthan,05-01-2017,15927.70991
2485,Jaipur,12,8,Rajasthan,05-01-2017,15885.5481
2486,Jaisalmer,16,8,Rajasthan,05-01-2017,16137.83391
2487,Jalor,18,8,Rajasthan,05-01-2017,15969.80209
2488,Jhalawar,32,8,Rajasthan,05-01-2017,16073.19424
2489,Jhunjhunun,5,8,Rajasthan,05-01-2017,15937.7057
2490,Jodhpur,15,8,Rajasthan,05-01-2017,16030.79476
2491,Kota,30,8,Rajasthan,05-01-2017,16050.4406
2492,Nagaur,14,8,Rajasthan,05-01-2017,15980.28148
2493,Pali,20,8,Rajasthan,05-01-2017,15938.19088
2494,Rajsamand,25,8,Rajasthan,05-01-2017,15840.21045
2495,Sawai Madhopur,10,8,Rajasthan,05-01-2017,15917.64244
2496,Shrawasti,51,9,Uttar Pradesh,05-01-2017,15514.68016
2497,Saharanpur,1,9,Uttar Pradesh,05-01-2017,15441.98894
2498,Sitapur,24,9,Uttar Pradesh,05-01-2017,15480.62777
2499,Sultanpur,49,9,Uttar Pradesh,05-01-2017,15675.23815
2500,Sonbhadra,70,9,Uttar Pradesh,05-01-2017,15755.74529
2501,Siddharthnagar,54,9,Uttar Pradesh,05-01-2017,15661.01056
2502,Unnao,26,9,Uttar Pradesh,05-01-2017,15739.89657
2503,Varanasi,67,9,Uttar Pradesh,05-01-2017,15624.32704
2504,Bulandshahr,11,9,Uttar Pradesh,05-01-2017,15540.88371
2505,Gautam Buddha Nagar,10,9,Uttar Pradesh,05-01-2017,15654.45603
2506,Ghaziabad,9,9,Uttar Pradesh,05-01-2017,15503.09837
2507,Auraiya,32,9,Uttar Pradesh,05-01-2017,15742.30064
2508,Azamgarh,61,9,Uttar Pradesh,05-01-2017,15682.28455
2509,Budaun,19,9,Uttar Pradesh,05-01-2017,15563.80021
2510,Agra,15,9,Uttar Pradesh,05-01-2017,15793.52634
2511,Aligarh,12,9,Uttar Pradesh,05-01-2017,15629.23338
2512,Allahabad,45,9,Uttar Pradesh,05-01-2017,15725.37708
2513,Ambedkar Nagar,48,9,Uttar Pradesh,05-01-2017,15627.33391
2514,Bareilly,20,9,Uttar Pradesh,05-01-2017,15495.44254
2515,Bijnor,3,9,Uttar Pradesh,05-01-2017,15497.18347
2516,Basti,55,9,Uttar Pradesh,05-01-2017,15573.6512
2517,Baghpat,8,9,Uttar Pradesh,05-01-2017,15503.07744
2518,Bahraich,50,9,Uttar Pradesh,05-01-2017,15447.56638
2519,Ballia,63,9,Uttar Pradesh,05-01-2017,15599.85745
2520,Balrampur,52,9,Uttar Pradesh,05-01-2017,15522.31717
2521,Banda,40,9,Uttar Pradesh,05-01-2017,15893.00097
2522,Barabanki,46,9,Uttar Pradesh,05-01-2017,15505.86993
2523,Chitrakoot,41,9,Uttar Pradesh,05-01-2017,15837.54452
2524,Chandauli,66,9,Uttar Pradesh,05-01-2017,15763.33845
2525,Deoria,60,9,Uttar Pradesh,05-01-2017,15643.7356
2526,Etah,17,9,Uttar Pradesh,05-01-2017,15624.5591
2527,Kanpur Dehat,33,9,Uttar Pradesh,05-01-2017,15743.31528
2528,Etawah,31,9,Uttar Pradesh,05-01-2017,15686.65051
2529,Faizabad,47,9,Uttar Pradesh,05-01-2017,15606.11308
2530,Ghazipur,65,9,Uttar Pradesh,05-01-2017,15657.54317
2531,Gonda,53,9,Uttar Pradesh,05-01-2017,15548.04112
2532,Gorakhpur,58,9,Uttar Pradesh,05-01-2017,15623.47715
2533,Farrukhabad,29,9,Uttar Pradesh,05-01-2017,15563.91243
2534,Fatehpur,42,9,Uttar Pradesh,05-01-2017,15713.94295
2535,Firozabad,16,9,Uttar Pradesh,05-01-2017,15695.68267
2536,Hamirpur,38,9,Uttar Pradesh,05-01-2017,15898.41918
2537,Hardoi,25,9,Uttar Pradesh,05-01-2017,15656.01164
2538,Hathras,13,9,Uttar Pradesh,05-01-2017,15642.27382
2539,Jalaun,35,9,Uttar Pradesh,05-01-2017,15819.36475
2540,Jaunpur,64,9,Uttar Pradesh,05-01-2017,15698.80584
2541,Jhansi,36,9,Uttar Pradesh,05-01-2017,15965.16007
2542,Jyotiba Phule Nagar,6,9,Uttar Pradesh,05-01-2017,15464.18874
2543,Kannauj,30,9,Uttar Pradesh,05-01-2017,15560.41157
2544,Kanpur Nagar,34,9,Uttar Pradesh,05-01-2017,15700.39581
2545,Kaushambi,44,9,Uttar Pradesh,05-01-2017,15708.24651
2546,Kheri,23,9,Uttar Pradesh,05-01-2017,15407.16329
2547,Mirzapur,69,9,Uttar Pradesh,05-01-2017,15783.28215
2548,Moradabad,4,9,Uttar Pradesh,05-01-2017,15476.46874
2549,Muzaffarnagar,2,9,Uttar Pradesh,05-01-2017,15426.59983
2550,Rae Bareli,28,9,Uttar Pradesh,05-01-2017,15708.1049
2551,Kushinagar,59,9,Uttar Pradesh,05-01-2017,15417.53075
2552,Lucknow,27,9,Uttar Pradesh,05-01-2017,15596.52073
2553,Lalitpur,37,9,Uttar Pradesh,05-01-2017,15960.45968
2554,Mahrajganj,57,9,Uttar Pradesh,05-01-2017,15487.04616
2555,Mahoba,39,9,Uttar Pradesh,05-01-2017,15956.8097
2556,Mainpuri,18,9,Uttar Pradesh,05-01-2017,15635.48467
2557,Mathura,14,9,Uttar Pradesh,05-01-2017,15778.32117
2558,Mau,62,9,Uttar Pradesh,05-01-2017,15658.48936
2559,Meerut,7,9,Uttar Pradesh,05-01-2017,15444.62988
2560,Pilibhit,21,9,Uttar Pradesh,05-01-2017,15452.9217
2561,Pratapgarh,43,9,Uttar Pradesh,05-01-2017,15676.03417
2562,Rampur,5,9,Uttar Pradesh,05-01-2017,15428.15429
2563,Sant Ravidas Nagar Bhadohi,68,9,Uttar Pradesh,05-01-2017,15705.57666
2564,Sant Kabir Nagar,56,9,Uttar Pradesh,05-01-2017,15611.35191
2565,Shahjahanpur,22,9,Uttar Pradesh,05-01-2017,15568.84032
2566,Sheikhpura,26,10,Bihar,05-01-2017,15638.36027
2567,Sheohar,3,10,Bihar,05-01-2017,15373.04132
2568,Saharsa,12,10,Bihar,05-01-2017,15243.25034
2569,Sitamarhi,4,10,Bihar,05-01-2017,15338.27482
2570,Siwan,16,10,Bihar,05-01-2017,15531.36297
2571,Supaul,6,10,Bihar,05-01-2017,15232.17403
2572,Vaishali,18,10,Bihar,05-01-2017,15420.77025
2573,Kaimur (Bhabua),31,10,Bihar,05-01-2017,15802.10167
2574,Gaya,35,10,Bihar,05-01-2017,15728.02268
2575,Bhojpur,29,10,Bihar,05-01-2017,15679.92345
2576,Buxar,30,10,Bihar,05-01-2017,15698.04106
2577,Jehanabad,33,10,Bihar,05-01-2017,15717.59586
2578,Rohtas,32,10,Bihar,05-01-2017,15766.87803
2579,Araria,7,10,Bihar,05-01-2017,15271.11085
2580,Aurangabad,34,10,Bihar,05-01-2017,15777.95683
2581,Banka,23,10,Bihar,05-01-2017,15521.78651
2582,Bhagalpur,22,10,Bihar,05-01-2017,15421.3121
2583,Begusarai,20,10,Bihar,05-01-2017,15473.45487
2584,Saran,17,10,Bihar,05-01-2017,15504.46055
2585,Katihar,10,10,Bihar,05-01-2017,15194.25042
2586,Darbhanga,13,10,Bihar,05-01-2017,15301.65142
2587,Gopalganj,15,10,Bihar,05-01-2017,15504.22511
2588,Jamui,37,10,Bihar,05-01-2017,15560.73945
2589,Kishanganj,8,10,Bihar,05-01-2017,15239.83311
2590,Muzaffarpur,14,10,Bihar,05-01-2017,15397.19504
2591,Purnia,9,10,Bihar,05-01-2017,15208.48048
2592,Khagaria,21,10,Bihar,05-01-2017,15350.84968
2593,Madhubani,5,10,Bihar,05-01-2017,15303.48913
2594,Lakhisarai,25,10,Bihar,05-01-2017,15581.13864
2595,Madhepura,11,10,Bihar,05-01-2017,15217.05327
2596,Purba Champaran,2,10,Bihar,05-01-2017,15378.86648
2597,Munger,24,10,Bihar,05-01-2017,15486.62243
2598,Nalanda,27,10,Bihar,05-01-2017,15633.87279
2599,Nawada,36,10,Bihar,05-01-2017,15643.47748
2600,Pashchim Champaran,1,10,Bihar,05-01-2017,15341.12117
2601,Patna,28,10,Bihar,05-01-2017,15552.82552
2602,Samastipur,19,10,Bihar,05-01-2017,15365.39266
2603,South,3,11,Sikkim,05-01-2017,14744.9818
2604,West,2,11,Sikkim,05-01-2017,14474.72758
2605,East,4,11,Sikkim,05-01-2017,14610.32872
2606,North,1,11,Sikkim,05-01-2017,14193.11598
2607,Tawang,1,12,Arunanchal Pradesh,05-01-2017,14275.77137
2608,Tirap,13,12,Arunanchal Pradesh,05-01-2017,14914.34705
2609,West Kameng,2,12,Arunanchal Pradesh,05-01-2017,14689.20453
2610,West Siang,7,12,Arunanchal Pradesh,05-01-2017,14737.31502
2611,Upper Siang,9,12,Arunanchal Pradesh,05-01-2017,14547.32181
2612,Upper Subansiri,6,12,Arunanchal Pradesh,05-01-2017,14563.44719
2613,Changlang,12,12,Arunanchal Pradesh,05-01-2017,14855.06797
2614,Dibang Valley,10,12,Arunanchal Pradesh,05-01-2017,14433.89829
2615,East Kameng,3,12,Arunanchal Pradesh,05-01-2017,14740.6999
2616,East Siang,8,12,Arunanchal Pradesh,05-01-2017,15007.45995
2617,Lohit,11,12,Arunanchal Pradesh,05-01-2017,14536.06341
2618,Lower Subansiri,5,12,Arunanchal Pradesh,05-01-2017,14658.46933
2619,Papum Pare,4,12,Arunanchal Pradesh,05-01-2017,14885.70005
2620,Tuensang,2,13,Nagaland,05-01-2017,14873.07122
2621,Wokha,5,13,Nagaland,05-01-2017,15011.38079
2622,Zunheboto,4,13,Nagaland,05-01-2017,14867.07493
2623,Dimapur,6,13,Nagaland,05-01-2017,15110.78052
2624,Kohima,7,13,Nagaland,05-01-2017,14925.98228
2625,Mokokchung,3,13,Nagaland,05-01-2017,15009.11932
2626,Mon,1,13,Nagaland,05-01-2017,15006.65279
2627,Phek,8,13,Nagaland,05-01-2017,14870.32395
2628,Tamenglong,2,14,Manipur,05-01-2017,14945.27729
2629,Thoubal,5,14,Manipur,05-01-2017,15096.49396
2630,Ukhrul,8,14,Manipur,05-01-2017,14929.44049
2631,Bishnupur,4,14,Manipur,05-01-2017,15019.8881
2632,Chandel,9,14,Manipur,05-01-2017,15013.49574
2633,Churachandpur,3,14,Manipur,05-01-2017,14967.15605
2634,Imphal East,7,14,Manipur,05-01-2017,15096.98137
2635,Imphal West,6,14,Manipur,05-01-2017,15076.13377
2636,Senapati (Excl. 3 sub-divisions),1,14,Manipur,05-01-2017,14866.97743
2637,Aizawl,3,15,Mizoram,05-01-2017,14996.81599
2638,Champhai,4,15,Mizoram,05-01-2017,14966.35014
2639,Kolasib,2,15,Mizoram,05-01-2017,15016.7865
2640,Mamit,1,15,Mizoram,05-01-2017,15043.30556
2641,Lunglei,6,15,Mizoram,05-01-2017,15053.19963
2642,Lawngtlai,7,15,Mizoram,05-01-2017,15112.47391
2643,Saiha,8,15,Mizoram,05-01-2017,14997.33949
2644,Serchhip,5,15,Mizoram,05-01-2017,14997.81935
2645,South Tripura,2,16,Tripura,05-01-2017,15112.1908
2646,West Tripura,1,16,Tripura,05-01-2017,15071.89561
2647,Dhalai,3,16,Tripura,05-01-2017,15080.89054
2648,North Tripura,4,16,Tripura,05-01-2017,15097.16728
2649,Ri Bhoi,5,17,Meghalaya,05-01-2017,15031.25524
2650,South Garo Hills,3,17,Meghalaya,05-01-2017,15035.40043
2651,West Garo Hills,1,17,Meghalaya,05-01-2017,15025.01276
2652,West Khasi Hills,4,17,Meghalaya,05-01-2017,14939.77234
2653,East Garo Hills,2,17,Meghalaya,05-01-2017,15035.29491
2654,East Khasi Hills,6,17,Meghalaya,05-01-2017,14884.55558
2655,Jaintia Hills,7,17,Meghalaya,05-01-2017,15013.96556
2656,Sonitpur,11,18,Assam,05-01-2017,15182.09517
2657,Sibsagar,16,18,Assam,05-01-2017,15160.51398
2658,Tinsukia,14,18,Assam,05-01-2017,15144.7887
2659,Barpeta,5,18,Assam,05-01-2017,15100.19884
2660,Bongaigaon,4,18,Assam,05-01-2017,15125.54326
2661,Cachar,21,18,Assam,05-01-2017,15116.44854
2662,Darrang,8,18,Assam,05-01-2017,15141.45213
2663,Dhemaji,13,18,Assam,05-01-2017,15201.07587
2664,Dhubri,2,18,Assam,05-01-2017,15087.00932
2665,Dibrugarh,15,18,Assam,05-01-2017,15122.17905
2666,Kamrup,6,18,Assam,05-01-2017,15110.65891
2667,Karbi Anglong,19,18,Assam,05-01-2017,15083.92365
2668,Goalpara,3,18,Assam,05-01-2017,15097.86513
2669,Golaghat,18,18,Assam,05-01-2017,15171.33099
2670,Hailakandi,23,18,Assam,05-01-2017,15104.57659
2671,Jorhat,17,18,Assam,05-01-2017,15165.87028
2672,Karimganj,22,18,Assam,05-01-2017,15099.03215
2673,Kokrajhar,1,18,Assam,05-01-2017,15135.52295
2674,Lakhimpur,12,18,Assam,05-01-2017,15209.40225
2675,Nagaon,10,18,Assam,05-01-2017,15216.50505
2676,Marigaon,9,18,Assam,05-01-2017,15129.858
2677,Nalbari,7,18,Assam,05-01-2017,15112.89901
2678,North Cachar Hills,20,18,Assam,05-01-2017,15023.34399
2679,South  Twenty Four Parganas,18,19,West Bengal,05-01-2017,15290.59213
2680,Uttar Dinajpur,4,19,West Bengal,05-01-2017,15178.46963
2681,Barddhaman,9,19,West Bengal,05-01-2017,15270.20999
2682,Birbhum,8,19,West Bengal,05-01-2017,15279.66685
2683,Bankura,13,19,West Bengal,05-01-2017,15344.75528
2684,Dakshin Dinajpur,5,19,West Bengal,05-01-2017,15134.77677
2685,Darjiling,1,19,West Bengal,05-01-2017,14982.66625
2686,Haora,16,19,West Bengal,05-01-2017,15276.39507
2687,Hugli,12,19,West Bengal,05-01-2017,15248.97946
2688,Jalpaiguri,2,19,West Bengal,05-01-2017,15142.22778
2689,Koch Bihar,3,19,West Bengal,05-01-2017,15129.32089
2690,Murshidabad,7,19,West Bengal,05-01-2017,15156.99297
2691,Puruliya,14,19,West Bengal,05-01-2017,15491.96288
2692,Kolkata,17,19,West Bengal,05-01-2017,15399.2556
2693,Maldah,6,19,West Bengal,05-01-2017,15167.79078
2694,Nadia,10,19,West Bengal,05-01-2017,15138.35344
2695,North Twenty Four Parganas,11,19,West Bengal,05-01-2017,15188.71563
2696,Medinipur,15,19,West Bengal,05-01-2017,15362.94414
2697,Ranchi,14,20,Jharkhand,05-01-2017,15727.66952
2698,Sahibganj,9,20,Jharkhand,05-01-2017,15300.09117
2699,Garhwa,1,20,Jharkhand,05-01-2017,15790.82144
2700,Palamu,2,20,Jharkhand,05-01-2017,15746.78136
2701,Chatra,3,20,Jharkhand,05-01-2017,15711.89174
2702,Hazaribagh,4,20,Jharkhand,05-01-2017,15668.31597
2703,Kodarma,5,20,Jharkhand,05-01-2017,15611.64385
2704,Bokaro,13,20,Jharkhand,05-01-2017,15619.17894
2705,Deoghar,7,20,Jharkhand,05-01-2017,15510.72503
2706,Dhanbad,12,20,Jharkhand,05-01-2017,15570.88387
2707,Dumka,11,20,Jharkhand,05-01-2017,15429.10926
2708,Giridih,6,20,Jharkhand,05-01-2017,15605.86538
2709,Godda,8,20,Jharkhand,05-01-2017,15480.70662
2710,Gumla,16,20,Jharkhand,05-01-2017,15744.54127
2711,Purbi Singhbhum,18,20,Jharkhand,05-01-2017,15450.17872
2712,Lohardaga,15,20,Jharkhand,05-01-2017,15692.64468
2713,Pakaur,10,20,Jharkhand,05-01-2017,15436.96131
2714,Pashchimi Singhbhum,17,20,Jharkhand,05-01-2017,15583.24476
2715,Rayagada,27,21,Orissa,05-01-2017,15557.43027
2716,Sundargarh,5,21,Orissa,05-01-2017,15680.3668
2717,Sonapur,23,21,Orissa,05-01-2017,15737.9048
2718,Anugul,15,21,Orissa,05-01-2017,15596.61795
2719,Bhadrak,9,21,Orissa,05-01-2017,15551.00473
2720,Baudh,22,21,Orissa,05-01-2017,15780.41187
2721,Balangir,24,21,Orissa,05-01-2017,15891.50979
2722,Baleshwar,8,21,Orissa,05-01-2017,15303.71232
2723,Bargarh,1,21,Orissa,05-01-2017,15737.78781
2724,Kendrapara,10,21,Orissa,05-01-2017,15500.47968
2725,Kendujhar,6,21,Orissa,05-01-2017,15442.39163
2726,Debagarh,4,21,Orissa,05-01-2017,15543.87573
2727,Cuttack,12,21,Orissa,05-01-2017,15573.08739
2728,Dhenkanal,14,21,Orissa,05-01-2017,15572.13394
2729,Kalahandi,26,21,Orissa,05-01-2017,15745.64634
2730,Ganjam,19,21,Orissa,05-01-2017,15528.6293
2731,Gajapati,20,21,Orissa,05-01-2017,15376.74429
2732,Jajapur,13,21,Orissa,05-01-2017,15533.39961
2733,Jagatsinghapur,11,21,Orissa,05-01-2017,15520.84432
2734,Jharsuguda,2,21,Orissa,05-01-2017,15712.39522
2735,Khordha,17,21,Orissa,05-01-2017,15564.49356
2736,Mayurbhanj,7,21,Orissa,05-01-2017,15369.55585
2737,Puri,18,21,Orissa,05-01-2017,15455.2439
2738,Koraput,29,21,Orissa,05-01-2017,15548.56312
2739,Malkangiri,30,21,Orissa,05-01-2017,15650.05051
2740,Nabarangapur,28,21,Orissa,05-01-2017,15716.76523
2741,Nayagarh,16,21,Orissa,05-01-2017,15550.35103
2742,Nuapada,25,21,Orissa,05-01-2017,15887.77369
2743,Kandhamal,21,21,Orissa,05-01-2017,15494.78611
2744,Sambalpur,3,21,Orissa,05-01-2017,15620.76234
2745,Surguja,2,22,Chhattisgarh,05-01-2017,15766.74961
2746,Bilaspur,7,22,Chhattisgarh,05-01-2017,15915.25967
2747,Janjgir - Champa,6,22,Chhattisgarh,05-01-2017,15964.9887
2748,Korba,5,22,Chhattisgarh,05-01-2017,15805.78599
2749,Kawardha,8,22,Chhattisgarh,05-01-2017,15954.18074
2750,Bastar,15,22,Chhattisgarh,05-01-2017,15642.86653
2751,Dantewada,16,22,Chhattisgarh,05-01-2017,15634.99433
2752,Dhamtari,13,22,Chhattisgarh,05-01-2017,15745.43215
2753,Durg,10,22,Chhattisgarh,05-01-2017,15942.43542
2754,Kanker,14,22,Chhattisgarh,05-01-2017,15744.2952
2755,Jashpur,3,22,Chhattisgarh,05-01-2017,15757.84919
2756,Koriya,1,22,Chhattisgarh,05-01-2017,15789.21966
2757,Mahasamund,12,22,Chhattisgarh,05-01-2017,15910.06065
2758,Raigarh,4,22,Chhattisgarh,05-01-2017,15815.68362
2759,Raipur,11,22,Chhattisgarh,05-01-2017,15896.45118
2760,Rajnandgaon,9,22,Chhattisgarh,05-01-2017,15916.52036
2761,Shajapur,22,23,Madhya Pradesh,05-01-2017,16085.8575
2762,Shivpuri,6,23,Madhya Pradesh,05-01-2017,15963.85853
2763,Ratlam,20,23,Madhya Pradesh,05-01-2017,16034.90917
2764,Rewa,14,23,Madhya Pradesh,05-01-2017,15865.33843
2765,Sagar,11,23,Madhya Pradesh,05-01-2017,16067.32331
2766,Sidhi,17,23,Madhya Pradesh,05-01-2017,15829.48987
2767,Ujjain,21,23,Madhya Pradesh,05-01-2017,16039.42447
2768,Vidisha,31,23,Madhya Pradesh,05-01-2017,16082.65436
2769,West Nimar,27,23,Madhya Pradesh,05-01-2017,16091.86899
2770,Morena,2,23,Madhya Pradesh,05-01-2017,15876.34663
2771,Sheopur,1,23,Madhya Pradesh,05-01-2017,15988.46558
2772,Dindori,41,23,Madhya Pradesh,05-01-2017,15934.16914
2773,Mandla,42,23,Madhya Pradesh,05-01-2017,15942.71555
2774,Shahdol,16,23,Madhya Pradesh,05-01-2017,15917.40381
2775,Umaria,15,23,Madhya Pradesh,05-01-2017,15883.19723
2776,Bhind,3,23,Madhya Pradesh,05-01-2017,15868.74723
2777,Bhopal,32,23,Madhya Pradesh,05-01-2017,16030.51267
2778,Barwani,28,23,Madhya Pradesh,05-01-2017,16082.75119
2779,Betul,35,23,Madhya Pradesh,05-01-2017,15993.97653
2780,Balaghat,45,23,Madhya Pradesh,05-01-2017,15795.85627
2781,Chhatarpur,9,23,Madhya Pradesh,05-01-2017,15961.98098
2782,Chhindwara,43,23,Madhya Pradesh,05-01-2017,16008.58012
2783,Dewas,23,23,Madhya Pradesh,05-01-2017,16052.12294
2784,Katni,38,23,Madhya Pradesh,05-01-2017,15919.9614
2785,Datia,5,23,Madhya Pradesh,05-01-2017,15936.2426
2786,Damoh,12,23,Madhya Pradesh,05-01-2017,15996.46023
2787,Dhar,25,23,Madhya Pradesh,05-01-2017,16034.73168
2788,East Nimar,29,23,Madhya Pradesh,05-01-2017,16055.64802
2789,Guna,7,23,Madhya Pradesh,05-01-2017,16076.58799
2790,Gwalior,4,23,Madhya Pradesh,05-01-2017,15889.44172
2791,Harda,36,23,Madhya Pradesh,05-01-2017,15960.8971
2792,Hoshangabad,37,23,Madhya Pradesh,05-01-2017,15848.26091
2793,Indore,26,23,Madhya Pradesh,05-01-2017,16022.66818
2794,Jabalpur,39,23,Madhya Pradesh,05-01-2017,15881.02754
2795,Jhabua,24,23,Madhya Pradesh,05-01-2017,16012.33001
2796,Mandsaur,19,23,Madhya Pradesh,05-01-2017,15980.89218
2797,Tikamgarh,8,23,Madhya Pradesh,05-01-2017,15961.32682
2798,Narsimhapur,40,23,Madhya Pradesh,05-01-2017,15836.3381
2799,Neemuch,18,23,Madhya Pradesh,05-01-2017,15992.51832
2800,Panna,10,23,Madhya Pradesh,05-01-2017,15974.87234
2801,Raisen,34,23,Madhya Pradesh,05-01-2017,16032.16487
2802,Rajgarh,30,23,Madhya Pradesh,05-01-2017,16099.17108
2803,Satna,13,23,Madhya Pradesh,05-01-2017,15902.893
2804,Sehore,33,23,Madhya Pradesh,05-01-2017,16050.75619
2805,Seoni,44,23,Madhya Pradesh,05-01-2017,16009.63051
2806,Sabar Kantha,5,24,Gujarat,05-01-2017,15883.44025
2807,Surendranagar,8,24,Gujarat,05-01-2017,16098.00757
2808,The Dangs,23,24,Gujarat,05-01-2017,15900.95215
2809,Vadodara,19,24,Gujarat,05-01-2017,15842.56762
2810,Valsad,25,24,Gujarat,05-01-2017,15712.68221
2811,Bharuch,21,24,Gujarat,05-01-2017,15857.92369
2812,Surat,22,24,Gujarat,05-01-2017,15689.23794
2813,Anand,15,24,Gujarat,05-01-2017,15754.34155
2814,Ahmadabad,7,24,Gujarat,05-01-2017,16049.67545
2815,Amreli,13,24,Gujarat,05-01-2017,16086.18942
2816,Bhavnagar,14,24,Gujarat,05-01-2017,16134.97503
2817,Banas Kantha,2,24,Gujarat,05-01-2017,15808.71812
2818,Dohad,18,24,Gujarat,05-01-2017,15936.90942
2819,Junagadh,12,24,Gujarat,05-01-2017,15882.94384
2820,Kachchh,1,24,Gujarat,05-01-2017,15926.25475
2821,Gandhinagar,6,24,Gujarat,05-01-2017,15816.67232
2822,Jamnagar,10,24,Gujarat,05-01-2017,15931.26394
2823,Kheda,16,24,Gujarat,05-01-2017,15780.0869
2824,Mahesana,4,24,Gujarat,05-01-2017,15907.48806
2825,Narmada,20,24,Gujarat,05-01-2017,15892.08949
2826,Navsari,24,24,Gujarat,05-01-2017,15607.4623
2827,Panch Mahals,17,24,Gujarat,05-01-2017,15839.28197
2828,Patan,3,24,Gujarat,05-01-2017,16012.60751
2829,Porbandar,11,24,Gujarat,05-01-2017,15841.60011
2830,Rajkot,9,24,Gujarat,05-01-2017,16078.642
2831,Daman,2,25,Daman & Diu,05-01-2017,15482.56365
2832,Diu,1,25,Daman & Diu,05-01-2017,15436.58354
2833,Ratnagiri,32,27,Maharashtra,05-01-2017,15558.75951
2834,Raigarh,24,27,Maharashtra,05-01-2017,15695.13674
2835,Thane,21,27,Maharashtra,05-01-2017,15805.96197
2836,Solapur,30,27,Maharashtra,05-01-2017,15989.69126
2837,Sindhudurg,33,27,Maharashtra,05-01-2017,15446.75087
2838,Wardha,8,27,Maharashtra,05-01-2017,16165.69978
2839,Washim,6,27,Maharashtra,05-01-2017,16133.87073
2840,Yavatmal,14,27,Maharashtra,05-01-2017,16126.39177
2841,Aurangabad,19,27,Maharashtra,05-01-2017,16051.616
2842,Ahmadnagar,26,27,Maharashtra,05-01-2017,15982.34628
2843,Akola,5,27,Maharashtra,05-01-2017,16118.36046
2844,Amravati,7,27,Maharashtra,05-01-2017,16084.9916
2845,Bid,27,27,Maharashtra,05-01-2017,16051.92089
2846,Bhandara,10,27,Maharashtra,05-01-2017,15859.24733
2847,Buldana,4,27,Maharashtra,05-01-2017,16095.89888
2848,Chandrapur,13,27,Maharashtra,05-01-2017,15944.53834
2849,Dhule,2,27,Maharashtra,05-01-2017,16094.74188
2850,Gadchiroli,12,27,Maharashtra,05-01-2017,15779.41475
2851,Gondiya,11,27,Maharashtra,05-01-2017,15764.83291
2852,Hingoli,16,27,Maharashtra,05-01-2017,16098.82802
2853,Jalgaon,3,27,Maharashtra,05-01-2017,16050.54345
2854,Jalna,18,27,Maharashtra,05-01-2017,16088.78302
2855,Kolhapur,34,27,Maharashtra,05-01-2017,15533.75348
2856,Latur,28,27,Maharashtra,05-01-2017,16046.86614
2857,Pune,25,27,Maharashtra,05-01-2017,15829.28545
2858,Nagpur,9,27,Maharashtra,05-01-2017,16057.54455
2859,Mumbai,23,27,Maharashtra,05-01-2017,15434.30332
2860,Mumbai (Suburban),22,27,Maharashtra,05-01-2017,15460.97945
2861,Nanded,15,27,Maharashtra,05-01-2017,16063.01091
2862,Nandurbar,1,27,Maharashtra,05-01-2017,15966.04603
2863,Nashik,20,27,Maharashtra,05-01-2017,15986.99853
2864,Osmanabad,29,27,Maharashtra,05-01-2017,16052.88953
2865,Parbhani,17,27,Maharashtra,05-01-2017,16085.04163
2866,Sangli,35,27,Maharashtra,05-01-2017,15870.45637
2867,Satara,31,27,Maharashtra,05-01-2017,15815.45561
2868,Rangareddi,6,28,Andhra Pradesh,05-01-2017,15891.0521
2869,Srikakulam,11,28,Andhra Pradesh,05-01-2017,15602.96695
2870,West Godavari,15,28,Andhra Pradesh,05-01-2017,15559.91499
2871,Visakhapatnam,13,28,Andhra Pradesh,05-01-2017,15428.92392
2872,Vizianagaram,12,28,Andhra Pradesh,05-01-2017,15618.16672
2873,Warangal,9,28,Andhra Pradesh,05-01-2017,15834.46327
2874,Anantapur,22,28,Andhra Pradesh,05-01-2017,15817.14579
2875,Adilabad,1,28,Andhra Pradesh,05-01-2017,15947.61134
2876,Chittoor,23,28,Andhra Pradesh,05-01-2017,15631.19165
2877,Cuddapah,20,28,Andhra Pradesh,05-01-2017,15755.1553
2878,East Godavari,14,28,Andhra Pradesh,05-01-2017,15481.93406
2879,Karimnagar,3,28,Andhra Pradesh,05-01-2017,15845.00569
2880,Guntur,17,28,Andhra Pradesh,05-01-2017,15826.17434
2881,Hyderabad,5,28,Andhra Pradesh,05-01-2017,15647.11207
2882,Khammam,10,28,Andhra Pradesh,05-01-2017,15710.21057
2883,Medak,4,28,Andhra Pradesh,05-01-2017,15888.91892
2884,Krishna,16,28,Andhra Pradesh,05-01-2017,15701.39762
2885,Kurnool,21,28,Andhra Pradesh,05-01-2017,15865.75029
2886,Mahbubnagar,7,28,Andhra Pradesh,05-01-2017,15917.2806
2887,Nalgonda,8,28,Andhra Pradesh,05-01-2017,15899.82426
2888,Nellore,19,28,Andhra Pradesh,05-01-2017,15782.80514
2889,Nizamabad,2,28,Andhra Pradesh,05-01-2017,15862.713
2890,Prakasam,18,28,Andhra Pradesh,05-01-2017,15836.06119
2891,Shimoga,15,29,Karnataka,05-01-2017,15351.02611
2892,Tumkur,18,29,Karnataka,05-01-2017,15527.73698
2893,Udupi,16,29,Karnataka,05-01-2017,15368.64874
2894,Uttara Kannada,10,29,Karnataka,05-01-2017,15272.24222
2895,Bagalkot,2,29,Karnataka,05-01-2017,15770.67581
2896,Bangalore,20,29,Karnataka,05-01-2017,15425.13787
2897,Bidar,5,29,Karnataka,05-01-2017,16019.70646
2898,Bijapur,3,29,Karnataka,05-01-2017,15974.6251
2899,Belgaum,1,29,Karnataka,05-01-2017,15686.49926
2900,Bellary,12,29,Karnataka,05-01-2017,15772.87397
2901,Bangalore Rural,21,29,Karnataka,05-01-2017,15418.07304
2902,Chamarajanagar,27,29,Karnataka,05-01-2017,15399.99628
2903,Chikmagalur,17,29,Karnataka,05-01-2017,15300.34259
2904,Chitradurga,13,29,Karnataka,05-01-2017,15698.40813
2905,Dakshina Kannada,24,29,Karnataka,05-01-2017,15257.69112
2906,Davanagere,14,29,Karnataka,05-01-2017,15641.54366
2907,Dharwad,9,29,Karnataka,05-01-2017,15713.81723
2908,Gulbarga,4,29,Karnataka,05-01-2017,16014.4471
2909,Gadag,8,29,Karnataka,05-01-2017,15833.97702
2910,Hassan,23,29,Karnataka,05-01-2017,15337.79217
2911,Haveri,11,29,Karnataka,05-01-2017,15664.01348
2912,Kodagu,25,29,Karnataka,05-01-2017,15075.6038
2913,Kolar,19,29,Karnataka,05-01-2017,15533.50285
2914,Mandya,22,29,Karnataka,05-01-2017,15473.18178
2915,Koppal,7,29,Karnataka,05-01-2017,15836.78258
2916,Mysore,26,29,Karnataka,05-01-2017,15431.4703
2917,Raichur,6,29,Karnataka,05-01-2017,15922.15858
2918,South Goa,2,30,Goa,05-01-2017,15321.75374
2919,North Goa,1,30,Goa,05-01-2017,15354.47723
2920,Thrissur,7,32,Kerala,05-01-2017,15286.30071
2921,Thiruvananthapuram,14,32,Kerala,05-01-2017,15211.42993
2922,Wayanad,3,32,Kerala,05-01-2017,15087.52079
2923,Alappuzha,11,32,Kerala,05-01-2017,15243.79167
2924,Kasaragod,1,32,Kerala,05-01-2017,15344.16301
2925,Kannur,2,32,Kerala,05-01-2017,15252.72184
2926,Ernakulam,8,32,Kerala,05-01-2017,15219.65219
2927,Idukki,9,32,Kerala,05-01-2017,15021.32907
2928,Kollam,13,32,Kerala,05-01-2017,15189.38926
2929,Kottayam,10,32,Kerala,05-01-2017,15224.30984
2930,Kozhikode,4,32,Kerala,05-01-2017,15191.97295
2931,Malappuram,5,32,Kerala,05-01-2017,15282.09727
2932,Palakkad,6,32,Kerala,05-01-2017,15294.96724
2933,Pathanamthitta,12,32,Kerala,05-01-2017,15119.42911
2934,Sivaganga,23,33,Tamil Nadu,05-01-2017,15727.37587
2935,Tiruchirappalli,15,33,Tamil Nadu,05-01-2017,15755.79435
2936,Tirunelveli,29,33,Tamil Nadu,05-01-2017,15587.15777
2937,Tiruvannamalai,6,33,Tamil Nadu,05-01-2017,15718.1475
2938,Thoothukkudi,28,33,Tamil Nadu,05-01-2017,15833.10748
2939,Theni,25,33,Tamil Nadu,05-01-2017,15376.12565
2940,Vellore,4,33,Tamil Nadu,05-01-2017,15611.85317
2941,Viluppuram,7,33,Tamil Nadu,05-01-2017,15708.84431
2942,Virudhunagar,26,33,Tamil Nadu,05-01-2017,15755.80909
2943,Chennai,2,33,Tamil Nadu,05-01-2017,15634.69002
2944,Kancheepuram,3,33,Tamil Nadu,05-01-2017,15732.35477
2945,Thiruvallur,1,33,Tamil Nadu,05-01-2017,15737.14745
2946,Thanjavur,21,33,Tamil Nadu,05-01-2017,15551.2425
2947,Thiruvarur,20,33,Tamil Nadu,05-01-2017,15541.40955
2948,Nagapattinam,19,33,Tamil Nadu,05-01-2017,15575.18024
2949,Ariyalur,17,33,Tamil Nadu,05-01-2017,15696.82357
2950,Coimbatore,12,33,Tamil Nadu,05-01-2017,15451.1093
2951,Cuddalore,18,33,Tamil Nadu,05-01-2017,15641.20721
2952,Dharmapuri,5,33,Tamil Nadu,05-01-2017,15446.6215
2953,Dindigul,13,33,Tamil Nadu,05-01-2017,15536.02002
2954,Erode,10,33,Tamil Nadu,05-01-2017,15525.24654
2955,Kanniyakumari,30,33,Tamil Nadu,05-01-2017,15253.41704
2956,Karur,14,33,Tamil Nadu,05-01-2017,15872.10117
2957,Madurai,24,33,Tamil Nadu,05-01-2017,15673.32188
2958,Namakkal,9,33,Tamil Nadu,05-01-2017,15604.8667
2959,The Nilgiris,11,33,Tamil Nadu,05-01-2017,15060.11725
2960,Perambalur,16,33,Tamil Nadu,05-01-2017,15804.1191
2961,Pudukkottai,22,33,Tamil Nadu,05-01-2017,15698.88478
2962,Ramanathapuram,27,33,Tamil Nadu,05-01-2017,15806.37387
2963,Salem,8,33,Tamil Nadu,05-01-2017,15544.31138
2964,Yanam,1,34,Puducherry,05-01-2017,15497.21024
2965,Karaikal,4,34,Puducherry,05-01-2017,15573.05624
2966,Mahe,3,34,Puducherry,05-01-2017,15268.39046
2967,Pondicherry,2,34,Puducherry,05-01-2017,15487.72208
2968,Nicobars,2,35,Andaman & Nicobar Island,05-01-2017,14960.05338
2969,Andamans,1,35,Andaman & Nicobar Island,05-01-2017,15073.37784
2970,Lakshadweep,1,31,Lakshadweep,06-01-2017,14919.1953
2971,Chandigarh,1,4,Chandigarh,06-01-2017,15660.77918
2972,Dadra & Nagar Haveli,1,26,Dadara & Nagar Havelli,06-01-2017,15465.57575
2973,North Goa,1,30,Goa,06-01-2017,15035.21517
2974,South Goa,2,30,Goa,06-01-2017,14982.93568
2975,Jorhat,17,18,Assam,06-01-2017,15152.41319
2976,Karimganj,22,18,Assam,06-01-2017,15185.47999
2977,Kokrajhar,1,18,Assam,06-01-2017,15239.72996
2978,Lakhimpur,12,18,Assam,06-01-2017,15184.58274
2979,Nagaon,10,18,Assam,06-01-2017,15194.76098
2980,Marigaon,9,18,Assam,06-01-2017,15140.74932
2981,Nalbari,7,18,Assam,06-01-2017,15161.23946
2982,North Cachar Hills,20,18,Assam,06-01-2017,15010.66518
2983,Sonitpur,11,18,Assam,06-01-2017,15159.41202
2984,Sibsagar,16,18,Assam,06-01-2017,15200.58248
2985,Tinsukia,14,18,Assam,06-01-2017,15191.04818
2986,Barpeta,5,18,Assam,06-01-2017,15140.37441
2987,Bongaigaon,4,18,Assam,06-01-2017,15239.29016
2988,Cachar,21,18,Assam,06-01-2017,15144.68149
2989,Darrang,8,18,Assam,06-01-2017,15142.08809
2990,Dhemaji,13,18,Assam,06-01-2017,15181.30379
2991,Dhubri,2,18,Assam,06-01-2017,15121.82112
2992,Dibrugarh,15,18,Assam,06-01-2017,15157.25054
2993,Kamrup,6,18,Assam,06-01-2017,15152.55572
2994,Karbi Anglong,19,18,Assam,06-01-2017,15064.56639
2995,Goalpara,3,18,Assam,06-01-2017,15161.09953
2996,Golaghat,18,18,Assam,06-01-2017,15166.26195
2997,Hailakandi,23,18,Assam,06-01-2017,15161.63597
2998,Jamui,37,10,Bihar,06-01-2017,15479.83763
2999,Kishanganj,8,10,Bihar,06-01-2017,15263.19553
3000,Muzaffarpur,14,10,Bihar,06-01-2017,15266.18233
3001,Purnia,9,10,Bihar,06-01-2017,15211.18344
3002,Khagaria,21,10,Bihar,06-01-2017,15251.64608
3003,Madhubani,5,10,Bihar,06-01-2017,15138.24013
3004,Lakhisarai,25,10,Bihar,06-01-2017,15526.31297
3005,Madhepura,11,10,Bihar,06-01-2017,15145.81852
3006,Purba Champaran,2,10,Bihar,06-01-2017,15271.96933
3007,Munger,24,10,Bihar,06-01-2017,15298.19011
3008,Nalanda,27,10,Bihar,06-01-2017,15581.50672
3009,Nawada,36,10,Bihar,06-01-2017,15648.499
3010,Pashchim Champaran,1,10,Bihar,06-01-2017,15304.17413
3011,Patna,28,10,Bihar,06-01-2017,15532.09997
3012,Samastipur,19,10,Bihar,06-01-2017,15309.31864
3013,Sheikhpura,26,10,Bihar,06-01-2017,15544.05741
3014,Sheohar,3,10,Bihar,06-01-2017,15203.30924
3015,Saharsa,12,10,Bihar,06-01-2017,15107.20641
3016,Sitamarhi,4,10,Bihar,06-01-2017,15222.35166
3017,Siwan,16,10,Bihar,06-01-2017,15458.16918
3018,Supaul,6,10,Bihar,06-01-2017,15113.67503
3019,Vaishali,18,10,Bihar,06-01-2017,15294.75525
3020,Kaimur (Bhabua),31,10,Bihar,06-01-2017,15750.82535
3021,Gaya,35,10,Bihar,06-01-2017,15714.8348
3022,Bhojpur,29,10,Bihar,06-01-2017,15717.30207
3023,Buxar,30,10,Bihar,06-01-2017,15787.41275
3024,Jehanabad,33,10,Bihar,06-01-2017,15726.72505
3025,Rohtas,32,10,Bihar,06-01-2017,15808.58926
3026,Araria,7,10,Bihar,06-01-2017,15241.04414
3027,Aurangabad,34,10,Bihar,06-01-2017,15808.80626
3028,Banka,23,10,Bihar,06-01-2017,15416.51137
3029,Bhagalpur,22,10,Bihar,06-01-2017,15308.3737
3030,Begusarai,20,10,Bihar,06-01-2017,15461.48118
3031,Saran,17,10,Bihar,06-01-2017,15428.63744
3032,Katihar,10,10,Bihar,06-01-2017,15164.66348
3033,Darbhanga,13,10,Bihar,06-01-2017,15147.31676
3034,Gopalganj,15,10,Bihar,06-01-2017,15402.64083
3035,Kollam,13,32,Kerala,06-01-2017,15006.25521
3036,Kottayam,10,32,Kerala,06-01-2017,15065.77578
3037,Kozhikode,4,32,Kerala,06-01-2017,14987.73112
3038,Malappuram,5,32,Kerala,06-01-2017,14968.44983
3039,Palakkad,6,32,Kerala,06-01-2017,14986.69846
3040,Pathanamthitta,12,32,Kerala,06-01-2017,14981.17349
3041,Idukki,9,32,Kerala,06-01-2017,14838.18243
3042,Thrissur,7,32,Kerala,06-01-2017,14853.31393
3043,Thiruvananthapuram,14,32,Kerala,06-01-2017,15027.88979
3044,Wayanad,3,32,Kerala,06-01-2017,14895.80558
3045,Alappuzha,11,32,Kerala,06-01-2017,15074.54054
3046,Kasaragod,1,32,Kerala,06-01-2017,14986.13474
3047,Kannur,2,32,Kerala,06-01-2017,14984.45693
3048,Ernakulam,8,32,Kerala,06-01-2017,14986.60393
3049,Jajapur,13,21,Orissa,06-01-2017,15465.42313
3050,Jagatsinghapur,11,21,Orissa,06-01-2017,15479.80584
3051,Jharsuguda,2,21,Orissa,06-01-2017,15502.42644
3052,Khordha,17,21,Orissa,06-01-2017,15419.03459
3053,Mayurbhanj,7,21,Orissa,06-01-2017,15269.23357
3054,Puri,18,21,Orissa,06-01-2017,15346.46268
3055,Koraput,29,21,Orissa,06-01-2017,15485.5337
3056,Malkangiri,30,21,Orissa,06-01-2017,15601.17989
3057,Nabarangapur,28,21,Orissa,06-01-2017,15604.15252
3058,Nayagarh,16,21,Orissa,06-01-2017,15324.90525
3059,Nuapada,25,21,Orissa,06-01-2017,15609.56564
3060,Kandhamal,21,21,Orissa,06-01-2017,15262.06743
3061,Sambalpur,3,21,Orissa,06-01-2017,15433.73314
3062,Rayagada,27,21,Orissa,06-01-2017,15375.53654
3063,Sundargarh,5,21,Orissa,06-01-2017,15483.95031
3064,Sonapur,23,21,Orissa,06-01-2017,15703.29944
3065,Anugul,15,21,Orissa,06-01-2017,15406.88622
3066,Bhadrak,9,21,Orissa,06-01-2017,15438.84612
3067,Baudh,22,21,Orissa,06-01-2017,15589.30127
3068,Balangir,24,21,Orissa,06-01-2017,15654.21595
3069,Baleshwar,8,21,Orissa,06-01-2017,15250.90106
3070,Bargarh,1,21,Orissa,06-01-2017,15601.44196
3071,Kendrapara,10,21,Orissa,06-01-2017,15431.54728
3072,Kendujhar,6,21,Orissa,06-01-2017,15370.84097
3073,Debagarh,4,21,Orissa,06-01-2017,15475.16102
3074,Cuttack,12,21,Orissa,06-01-2017,15491.91606
3075,Dhenkanal,14,21,Orissa,06-01-2017,15394.6988
3076,Kalahandi,26,21,Orissa,06-01-2017,15541.37392
3077,Ganjam,19,21,Orissa,06-01-2017,15276.69958
3078,Gajapati,20,21,Orissa,06-01-2017,15293.49014
3079,Jalandhar,4,3,Punjab,06-01-2017,15474.59847
3080,Kapurthala,3,3,Punjab,06-01-2017,15444.86162
3081,Ludhiana,9,3,Punjab,06-01-2017,15568.68567
3082,Mansa,15,3,Punjab,06-01-2017,15510.22847
3083,Moga,10,3,Punjab,06-01-2017,15504.56355
3084,Muktsar,12,3,Punjab,06-01-2017,15458.89183
3085,Nawanshahr,6,3,Punjab,06-01-2017,15510.46639
3086,Patiala,17,3,Punjab,06-01-2017,15623.91431
3087,Sangrur,16,3,Punjab,06-01-2017,15528.74767
3088,Hoshiarpur,5,3,Punjab,06-01-2017,15558.98561
3089,Rupnagar,7,3,Punjab,06-01-2017,15605.02724
3090,Amritsar,2,3,Punjab,06-01-2017,15502.5639
3091,Firozpur,11,3,Punjab,06-01-2017,15490.70788
3092,Bathinda,14,3,Punjab,06-01-2017,15492.8038
3093,Gurdaspur,1,3,Punjab,06-01-2017,15617.59505
3094,Faridkot,13,3,Punjab,06-01-2017,15495.93037
3095,Fatehgarh Sahib,8,3,Punjab,06-01-2017,15635.32848
3096,North,1,11,Sikkim,06-01-2017,14197.34493
3097,South,3,11,Sikkim,06-01-2017,14760.30259
3098,West,2,11,Sikkim,06-01-2017,14483.09766
3099,East,4,11,Sikkim,06-01-2017,14656.20643
3100,Jamnagar,10,24,Gujarat,06-01-2017,15580.94851
3101,Kheda,16,24,Gujarat,06-01-2017,15609.36168
3102,Mahesana,4,24,Gujarat,06-01-2017,15698.79784
3103,Narmada,20,24,Gujarat,06-01-2017,15547.28127
3104,Navsari,24,24,Gujarat,06-01-2017,15373.48592
3105,Panch Mahals,17,24,Gujarat,06-01-2017,15502.10098
3106,Patan,3,24,Gujarat,06-01-2017,15747.80889
3107,Porbandar,11,24,Gujarat,06-01-2017,15543.292
3108,Rajkot,9,24,Gujarat,06-01-2017,15602.64325
3109,Sabar Kantha,5,24,Gujarat,06-01-2017,15645.34467
3110,Surendranagar,8,24,Gujarat,06-01-2017,15612.88242
3111,The Dangs,23,24,Gujarat,06-01-2017,15457.78061
3112,Vadodara,19,24,Gujarat,06-01-2017,15521.19666
3113,Valsad,25,24,Gujarat,06-01-2017,15469.62078
3114,Bharuch,21,24,Gujarat,06-01-2017,15498.73812
3115,Surat,22,24,Gujarat,06-01-2017,15397.13285
3116,Anand,15,24,Gujarat,06-01-2017,15632.52893
3117,Ahmadabad,7,24,Gujarat,06-01-2017,15654.72825
3118,Amreli,13,24,Gujarat,06-01-2017,15600.79535
3119,Bhavnagar,14,24,Gujarat,06-01-2017,15630.24118
3120,Banas Kantha,2,24,Gujarat,06-01-2017,15684.84671
3121,Dohad,18,24,Gujarat,06-01-2017,15469.35213
3122,Junagadh,12,24,Gujarat,06-01-2017,15513.13526
3123,Kachchh,1,24,Gujarat,06-01-2017,15755.18165
3124,Gandhinagar,6,24,Gujarat,06-01-2017,15616.11617
3125,Jind,9,6,Haryana,06-01-2017,15635.02681
3126,Kaithal,5,6,Haryana,06-01-2017,15610.90395
3127,Karnal,6,6,Haryana,06-01-2017,15634.46456
3128,Kurukshetra,4,6,Haryana,06-01-2017,15594.48394
3129,Panchkula,1,6,Haryana,06-01-2017,15547.04164
3130,Panipat,7,6,Haryana,06-01-2017,15637.56353
3131,Hisar,12,6,Haryana,06-01-2017,15592.48207
3132,Rohtak,14,6,Haryana,06-01-2017,15620.10834
3133,Sirsa,11,6,Haryana,06-01-2017,15533.05562
3134,Sonipat,8,6,Haryana,06-01-2017,15588.1289
3135,Yamunanagar,3,6,Haryana,06-01-2017,15449.25291
3136,Jhajjar,15,6,Haryana,06-01-2017,15738.97248
3137,Mahendragarh,16,6,Haryana,06-01-2017,15694.33799
3138,Rewari,17,6,Haryana,06-01-2017,15714.57139
3139,Bhiwani,13,6,Haryana,06-01-2017,15678.32087
3140,Ambala,2,6,Haryana,06-01-2017,15590.39584
3141,Gurgaon,18,6,Haryana,06-01-2017,15718.32839
3142,Faridabad,19,6,Haryana,06-01-2017,15585.06929
3143,Fatehabad,10,6,Haryana,06-01-2017,15575.59907
3144,Imphal East,7,14,Manipur,06-01-2017,15177.90592
3145,Imphal West,6,14,Manipur,06-01-2017,15124.10357
3146,Senapati (Excl. 3 sub-divisions),1,14,Manipur,06-01-2017,14952.56864
3147,Tamenglong,2,14,Manipur,06-01-2017,15004.62857
3148,Thoubal,5,14,Manipur,06-01-2017,15135.72271
3149,Ukhrul,8,14,Manipur,06-01-2017,14995.85523
3150,Bishnupur,4,14,Manipur,06-01-2017,15089.08448
3151,Chandel,9,14,Manipur,06-01-2017,15021.41937
3152,Churachandpur,3,14,Manipur,06-01-2017,15041.03312
3153,Kolasib,2,15,Mizoram,06-01-2017,15025.39288
3154,Mamit,1,15,Mizoram,06-01-2017,15002.45365
3155,Lunglei,6,15,Mizoram,06-01-2017,15000.18338
3156,Lawngtlai,7,15,Mizoram,06-01-2017,15020.16487
3157,Saiha,8,15,Mizoram,06-01-2017,14965.72416
3158,Serchhip,5,15,Mizoram,06-01-2017,14983.50139
3159,Aizawl,3,15,Mizoram,06-01-2017,14997.60225
3160,Champhai,4,15,Mizoram,06-01-2017,14973.09296
3161,North Tripura,4,16,Tripura,06-01-2017,15108.33182
3162,South Tripura,2,16,Tripura,06-01-2017,15150.43281
3163,West Tripura,1,16,Tripura,06-01-2017,15130.13363
3164,Dhalai,3,16,Tripura,06-01-2017,15062.31209
3165,Mokokchung,3,13,Nagaland,06-01-2017,15097.24176
3166,Mon,1,13,Nagaland,06-01-2017,15097.02618
3167,Phek,8,13,Nagaland,06-01-2017,14951.4594
3168,Tuensang,2,13,Nagaland,06-01-2017,14965.64871
3169,Wokha,5,13,Nagaland,06-01-2017,15077.70372
3170,Zunheboto,4,13,Nagaland,06-01-2017,14963.25189
3171,Dimapur,6,13,Nagaland,06-01-2017,15128.69849
3172,Kohima,7,13,Nagaland,06-01-2017,14987.1132
3173,Purbi Singhbhum,18,20,Jharkhand,06-01-2017,15342.15053
3174,Lohardaga,15,20,Jharkhand,06-01-2017,15435.74296
3175,Pakaur,10,20,Jharkhand,06-01-2017,15331.53104
3176,Pashchimi Singhbhum,17,20,Jharkhand,06-01-2017,15440.20313
3177,Ranchi,14,20,Jharkhand,06-01-2017,15489.77221
3178,Sahibganj,9,20,Jharkhand,06-01-2017,15240.05587
3179,Garhwa,1,20,Jharkhand,06-01-2017,15687.95643
3180,Palamu,2,20,Jharkhand,06-01-2017,15636.45748
3181,Chatra,3,20,Jharkhand,06-01-2017,15631.90091
3182,Hazaribagh,4,20,Jharkhand,06-01-2017,15524.5999
3183,Kodarma,5,20,Jharkhand,06-01-2017,15587.92476
3184,Bokaro,13,20,Jharkhand,06-01-2017,15559.29198
3185,Deoghar,7,20,Jharkhand,06-01-2017,15492.86432
3186,Dhanbad,12,20,Jharkhand,06-01-2017,15498.63114
3187,Dumka,11,20,Jharkhand,06-01-2017,15398.31262
3188,Giridih,6,20,Jharkhand,06-01-2017,15624.64215
3189,Godda,8,20,Jharkhand,06-01-2017,15367.10523
3190,Gumla,16,20,Jharkhand,06-01-2017,15499.85734
3191,Kodagu,25,29,Karnataka,06-01-2017,14884.73788
3192,Kolar,19,29,Karnataka,06-01-2017,15433.86151
3193,Mandya,22,29,Karnataka,06-01-2017,15151.76977
3194,Koppal,7,29,Karnataka,06-01-2017,15522.5991
3195,Mysore,26,29,Karnataka,06-01-2017,15163.76125
3196,Raichur,6,29,Karnataka,06-01-2017,15772.14267
3197,Hassan,23,29,Karnataka,06-01-2017,15146.51619
3198,Haveri,11,29,Karnataka,06-01-2017,15447.86291
3199,Shimoga,15,29,Karnataka,06-01-2017,15123.1322
3200,Tumkur,18,29,Karnataka,06-01-2017,15384.75811
3201,Udupi,16,29,Karnataka,06-01-2017,14981.19251
3202,Uttara Kannada,10,29,Karnataka,06-01-2017,14922.5932
3203,Bagalkot,2,29,Karnataka,06-01-2017,15468.57149
3204,Bangalore,20,29,Karnataka,06-01-2017,15214.69339
3205,Bidar,5,29,Karnataka,06-01-2017,15877.53777
3206,Bijapur,3,29,Karnataka,06-01-2017,15634.60192
3207,Belgaum,1,29,Karnataka,06-01-2017,15357.86892
3208,Bellary,12,29,Karnataka,06-01-2017,15583.90464
3209,Bangalore Rural,21,29,Karnataka,06-01-2017,15233.17286
3210,Chamarajanagar,27,29,Karnataka,06-01-2017,15235.99023
3211,Chikmagalur,17,29,Karnataka,06-01-2017,15216.95253
3212,Chitradurga,13,29,Karnataka,06-01-2017,15563.51777
3213,Dakshina Kannada,24,29,Karnataka,06-01-2017,14989.42799
3214,Davanagere,14,29,Karnataka,06-01-2017,15511.4821
3215,Dharwad,9,29,Karnataka,06-01-2017,15423.38325
3216,Gulbarga,4,29,Karnataka,06-01-2017,15866.01799
3217,Gadag,8,29,Karnataka,06-01-2017,15466.23579
3218,Jaintia Hills,7,17,Meghalaya,06-01-2017,15004.20064
3219,Ri Bhoi,5,17,Meghalaya,06-01-2017,15063.77873
3220,South Garo Hills,3,17,Meghalaya,06-01-2017,15118.80009
3221,West Garo Hills,1,17,Meghalaya,06-01-2017,15132.74751
3222,West Khasi Hills,4,17,Meghalaya,06-01-2017,14994.1271
3223,East Garo Hills,2,17,Meghalaya,06-01-2017,15124.45595
3224,East Khasi Hills,6,17,Meghalaya,06-01-2017,14991.10857
3225,Jaipur,12,8,Rajasthan,06-01-2017,15701.9126
3226,Jaisalmer,16,8,Rajasthan,06-01-2017,15908.98038
3227,Jalor,18,8,Rajasthan,06-01-2017,15785.37217
3228,Jhalawar,32,8,Rajasthan,06-01-2017,15813.44257
3229,Jhunjhunun,5,8,Rajasthan,06-01-2017,15656.80952
3230,Jodhpur,15,8,Rajasthan,06-01-2017,15795.81275
3231,Kota,30,8,Rajasthan,06-01-2017,15851.83198
3232,Nagaur,14,8,Rajasthan,06-01-2017,15747.82587
3233,Pali,20,8,Rajasthan,06-01-2017,15671.61194
3234,Rajsamand,25,8,Rajasthan,06-01-2017,15573.76773
3235,Sawai Madhopur,10,8,Rajasthan,06-01-2017,15786.96941
3236,Sirohi,19,8,Rajasthan,06-01-2017,15673.55442
3237,Tonk,22,8,Rajasthan,06-01-2017,15782.34359
3238,Sikar,13,8,Rajasthan,06-01-2017,15685.42731
3239,Alwar,6,8,Rajasthan,06-01-2017,15712.78074
3240,Udaipur,26,8,Rajasthan,06-01-2017,15591.47269
3241,Ganganagar,1,8,Rajasthan,06-01-2017,15689.86561
3242,Hanumangarh,2,8,Rajasthan,06-01-2017,15599.72692
3243,Baran,31,8,Rajasthan,06-01-2017,15868.47036
3244,Ajmer,21,8,Rajasthan,06-01-2017,15690.38726
3245,Banswara,28,8,Rajasthan,06-01-2017,15614.85064
3246,Barmer,17,8,Rajasthan,06-01-2017,15877.3988
3247,Bhilwara,24,8,Rajasthan,06-01-2017,15690.13062
3248,Bikaner,3,8,Rajasthan,06-01-2017,15800.12292
3249,Bharatpur,7,8,Rajasthan,06-01-2017,15770.7533
3250,Bundi,23,8,Rajasthan,06-01-2017,15798.68277
3251,Chittaurgarh,29,8,Rajasthan,06-01-2017,15684.26534
3252,Churu,4,8,Rajasthan,06-01-2017,15743.39112
3253,Dausa,11,8,Rajasthan,06-01-2017,15742.64215
3254,Dhaulpur,8,8,Rajasthan,06-01-2017,15803.66725
3255,Dungarpur,27,8,Rajasthan,06-01-2017,15622.82052
3256,Karauli,9,8,Rajasthan,06-01-2017,15776.12444
3257,Pondicherry,2,34,Puducherry,06-01-2017,15585.25346
3258,Yanam,1,34,Puducherry,06-01-2017,15505.85795
3259,Karaikal,4,34,Puducherry,06-01-2017,15629.85438
3260,Mahe,3,34,Puducherry,06-01-2017,15066.20293
3261,Kanniyakumari,30,33,Tamil Nadu,06-01-2017,15066.58376
3262,Karur,14,33,Tamil Nadu,06-01-2017,15807.41374
3263,Madurai,24,33,Tamil Nadu,06-01-2017,15692.47424
3264,Namakkal,9,33,Tamil Nadu,06-01-2017,15649.0801
3265,The Nilgiris,11,33,Tamil Nadu,06-01-2017,14871.76054
3266,Perambalur,16,33,Tamil Nadu,06-01-2017,15788.62673
3267,Pudukkottai,22,33,Tamil Nadu,06-01-2017,15740.32462
3268,Ramanathapuram,27,33,Tamil Nadu,06-01-2017,15886.78592
3269,Salem,8,33,Tamil Nadu,06-01-2017,15538.66199
3270,Sivaganga,23,33,Tamil Nadu,06-01-2017,15730.52816
3271,Tiruchirappalli,15,33,Tamil Nadu,06-01-2017,15714.15377
3272,Tirunelveli,29,33,Tamil Nadu,06-01-2017,15653.50492
3273,Tiruvannamalai,6,33,Tamil Nadu,06-01-2017,15652.81174
3274,Thoothukkudi,28,33,Tamil Nadu,06-01-2017,15903.49047
3275,Theni,25,33,Tamil Nadu,06-01-2017,15440.82316
3276,Vellore,4,33,Tamil Nadu,06-01-2017,15529.72053
3277,Viluppuram,7,33,Tamil Nadu,06-01-2017,15688.61528
3278,Virudhunagar,26,33,Tamil Nadu,06-01-2017,15880.86717
3279,Chennai,2,33,Tamil Nadu,06-01-2017,15706.06574
3280,Kancheepuram,3,33,Tamil Nadu,06-01-2017,15714.90756
3281,Thiruvallur,1,33,Tamil Nadu,06-01-2017,15744.11654
3282,Thanjavur,21,33,Tamil Nadu,06-01-2017,15592.0748
3283,Thiruvarur,20,33,Tamil Nadu,06-01-2017,15635.77851
3284,Nagapattinam,19,33,Tamil Nadu,06-01-2017,15587.43754
3285,Ariyalur,17,33,Tamil Nadu,06-01-2017,15667.47875
3286,Coimbatore,12,33,Tamil Nadu,06-01-2017,15430.15378
3287,Cuddalore,18,33,Tamil Nadu,06-01-2017,15654.72862
3288,Dharmapuri,5,33,Tamil Nadu,06-01-2017,15393.78466
3289,Dindigul,13,33,Tamil Nadu,06-01-2017,15493.04969
3290,Erode,10,33,Tamil Nadu,06-01-2017,15525.65186
3291,Daman,2,25,Daman & Diu,06-01-2017,15396.01245
3292,Diu,1,25,Daman & Diu,06-01-2017,15341.82764
3293,Jalgaon,3,27,Maharashtra,06-01-2017,15703.13805
3294,Jalna,18,27,Maharashtra,06-01-2017,15648.76003
3295,Kolhapur,34,27,Maharashtra,06-01-2017,15154.22329
3296,Latur,28,27,Maharashtra,06-01-2017,15754.22739
3297,Pune,25,27,Maharashtra,06-01-2017,15439.98212
3298,Nagpur,9,27,Maharashtra,06-01-2017,15792.93477
3299,Mumbai,23,27,Maharashtra,06-01-2017,15162.92966
3300,Mumbai (Suburban),22,27,Maharashtra,06-01-2017,15239.83325
3301,Nanded,15,27,Maharashtra,06-01-2017,15787.83132
3302,Nandurbar,1,27,Maharashtra,06-01-2017,15579.80933
3303,Nashik,20,27,Maharashtra,06-01-2017,15513.29698
3304,Osmanabad,29,27,Maharashtra,06-01-2017,15667.31684
3305,Parbhani,17,27,Maharashtra,06-01-2017,15745.33903
3306,Sangli,35,27,Maharashtra,06-01-2017,15425.06046
3307,Satara,31,27,Maharashtra,06-01-2017,15360.11657
3308,Hingoli,16,27,Maharashtra,06-01-2017,15729.8527
3309,Ratnagiri,32,27,Maharashtra,06-01-2017,15087.80029
3310,Raigarh,24,27,Maharashtra,06-01-2017,15366.80487
3311,Thane,21,27,Maharashtra,06-01-2017,15478.04456
3312,Solapur,30,27,Maharashtra,06-01-2017,15567.48194
3313,Sindhudurg,33,27,Maharashtra,06-01-2017,15024.27589
3314,Wardha,8,27,Maharashtra,06-01-2017,15833.54291
3315,Washim,6,27,Maharashtra,06-01-2017,15682.33003
3316,Yavatmal,14,27,Maharashtra,06-01-2017,15713.06265
3317,Aurangabad,19,27,Maharashtra,06-01-2017,15595.17569
3318,Ahmadnagar,26,27,Maharashtra,06-01-2017,15529.54315
3319,Akola,5,27,Maharashtra,06-01-2017,15714.39765
3320,Amravati,7,27,Maharashtra,06-01-2017,15728.78552
3321,Bid,27,27,Maharashtra,06-01-2017,15594.69197
3322,Bhandara,10,27,Maharashtra,06-01-2017,15741.03108
3323,Buldana,4,27,Maharashtra,06-01-2017,15636.2209
3324,Chandrapur,13,27,Maharashtra,06-01-2017,15715.87551
3325,Dhule,2,27,Maharashtra,06-01-2017,15656.41396
3326,Gadchiroli,12,27,Maharashtra,06-01-2017,15689.38744
3327,Gondiya,11,27,Maharashtra,06-01-2017,15653.77107
3328,Nainital,11,5,Uttarakhand,06-01-2017,15290.62947
3329,Pithoragarh,7,5,Uttarakhand,06-01-2017,14596.70572
3330,Hardwar,13,5,Uttarakhand,06-01-2017,15455.80374
3331,Rudraprayag,3,5,Uttarakhand,06-01-2017,14702.3148
3332,Tehri Garhwal,4,5,Uttarakhand,06-01-2017,14989.73171
3333,Udham Singh Nagar,12,5,Uttarakhand,06-01-2017,15500.45544
3334,Uttarkashi,1,5,Uttarakhand,06-01-2017,14584.7351
3335,Bageshwar,8,5,Uttarakhand,06-01-2017,14828.31396
3336,Almora,9,5,Uttarakhand,06-01-2017,15184.35001
3337,Chamoli,2,5,Uttarakhand,06-01-2017,14518.10811
3338,Champawat,10,5,Uttarakhand,06-01-2017,15159.15648
3339,Dehradun,5,5,Uttarakhand,06-01-2017,15255.09778
3340,Garhwal,6,5,Uttarakhand,06-01-2017,15223.12529
3341,Jalpaiguri,2,19,West Bengal,06-01-2017,15186.40222
3342,Koch Bihar,3,19,West Bengal,06-01-2017,15231.66084
3343,Murshidabad,7,19,West Bengal,06-01-2017,15149.48213
3344,Puruliya,14,19,West Bengal,06-01-2017,15448.65306
3345,Kolkata,17,19,West Bengal,06-01-2017,15337.99549
3346,Maldah,6,19,West Bengal,06-01-2017,15170.11449
3347,Nadia,10,19,West Bengal,06-01-2017,15096.37453
3348,North Twenty Four Parganas,11,19,West Bengal,06-01-2017,15138.45448
3349,Medinipur,15,19,West Bengal,06-01-2017,15291.89711
3350,Hugli,12,19,West Bengal,06-01-2017,15259.53625
3351,South  Twenty Four Parganas,18,19,West Bengal,06-01-2017,15268.36675
3352,Uttar Dinajpur,4,19,West Bengal,06-01-2017,15194.24205
3353,Barddhaman,9,19,West Bengal,06-01-2017,15233.2907
3354,Birbhum,8,19,West Bengal,06-01-2017,15264.33793
3355,Bankura,13,19,West Bengal,06-01-2017,15337.71567
3356,Dakshin Dinajpur,5,19,West Bengal,06-01-2017,15275.81478
3357,Darjiling,1,19,West Bengal,06-01-2017,14998.90161
3358,Haora,16,19,West Bengal,06-01-2017,15288.4437
3359,Jashpur,3,22,Chhattisgarh,06-01-2017,15516.27369
3360,Koriya,1,22,Chhattisgarh,06-01-2017,15620.34391
3361,Mahasamund,12,22,Chhattisgarh,06-01-2017,15659.27097
3362,Raigarh,4,22,Chhattisgarh,06-01-2017,15585.90889
3363,Raipur,11,22,Chhattisgarh,06-01-2017,15704.66154
3364,Rajnandgaon,9,22,Chhattisgarh,06-01-2017,15667.72266
3365,Surguja,2,22,Chhattisgarh,06-01-2017,15602.60369
3366,Bilaspur,7,22,Chhattisgarh,06-01-2017,15725.17114
3367,Janjgir - Champa,6,22,Chhattisgarh,06-01-2017,15742.28176
3368,Korba,5,22,Chhattisgarh,06-01-2017,15550.55509
3369,Kawardha,8,22,Chhattisgarh,06-01-2017,15732.90043
3370,Bastar,15,22,Chhattisgarh,06-01-2017,15517.87525
3371,Dantewada,16,22,Chhattisgarh,06-01-2017,15541.24032
3372,Dhamtari,13,22,Chhattisgarh,06-01-2017,15583.20258
3373,Durg,10,22,Chhattisgarh,06-01-2017,15746.25831
3374,Kanker,14,22,Chhattisgarh,06-01-2017,15523.06153
3375,Central,6,7,Delhi  & NCR,06-01-2017,15498.92738
3376,East,4,7,Delhi  & NCR,06-01-2017,15484.81431
3377,New Delhi,5,7,Delhi  & NCR,06-01-2017,15448.02171
3378,North,2,7,Delhi  & NCR,06-01-2017,15523.67651
3379,North East,3,7,Delhi  & NCR,06-01-2017,15529.5571
3380,North West,1,7,Delhi  & NCR,06-01-2017,15635.45856
3381,South,9,7,Delhi  & NCR,06-01-2017,15485.39833
3382,South West,8,7,Delhi  & NCR,06-01-2017,15645.22396
3383,West,7,7,Delhi  & NCR,06-01-2017,15555.11866
3384,Jalaun,35,9,Uttar Pradesh,06-01-2017,15831.71483
3385,Jaunpur,64,9,Uttar Pradesh,06-01-2017,15766.01404
3386,Jhansi,36,9,Uttar Pradesh,06-01-2017,15810.76497
3387,Jyotiba Phule Nagar,6,9,Uttar Pradesh,06-01-2017,15405.11798
3388,Kannauj,30,9,Uttar Pradesh,06-01-2017,15547.62998
3389,Kanpur Nagar,34,9,Uttar Pradesh,06-01-2017,15713.10375
3390,Kaushambi,44,9,Uttar Pradesh,06-01-2017,15834.28235
3391,Kheri,23,9,Uttar Pradesh,06-01-2017,15350.03167
3392,Mirzapur,69,9,Uttar Pradesh,06-01-2017,15815.78286
3393,Moradabad,4,9,Uttar Pradesh,06-01-2017,15486.76927
3394,Muzaffarnagar,2,9,Uttar Pradesh,06-01-2017,15378.76871
3395,Rae Bareli,28,9,Uttar Pradesh,06-01-2017,15649.28029
3396,Kushinagar,59,9,Uttar Pradesh,06-01-2017,15372.35105
3397,Lucknow,27,9,Uttar Pradesh,06-01-2017,15562.87652
3398,Lalitpur,37,9,Uttar Pradesh,06-01-2017,15710.55365
3399,Mahrajganj,57,9,Uttar Pradesh,06-01-2017,15373.29259
3400,Mahoba,39,9,Uttar Pradesh,06-01-2017,15840.70965
3401,Mainpuri,18,9,Uttar Pradesh,06-01-2017,15620.73678
3402,Mathura,14,9,Uttar Pradesh,06-01-2017,15688.09938
3403,Mau,62,9,Uttar Pradesh,06-01-2017,15625.44438
3404,Meerut,7,9,Uttar Pradesh,06-01-2017,15387.60671
3405,Pilibhit,21,9,Uttar Pradesh,06-01-2017,15451.59934
3406,Pratapgarh,43,9,Uttar Pradesh,06-01-2017,15689.89159
3407,Rampur,5,9,Uttar Pradesh,06-01-2017,15515.92921
3408,Sant Ravidas Nagar Bhadohi,68,9,Uttar Pradesh,06-01-2017,15825.84974
3409,Sant Kabir Nagar,56,9,Uttar Pradesh,06-01-2017,15464.50908
3410,Shahjahanpur,22,9,Uttar Pradesh,06-01-2017,15555.65603
3411,Hathras,13,9,Uttar Pradesh,06-01-2017,15588.91183
3412,Shrawasti,51,9,Uttar Pradesh,06-01-2017,15473.46715
3413,Saharanpur,1,9,Uttar Pradesh,06-01-2017,15402.46946
3414,Sitapur,24,9,Uttar Pradesh,06-01-2017,15457.46956
3415,Sultanpur,49,9,Uttar Pradesh,06-01-2017,15587.04976
3416,Sonbhadra,70,9,Uttar Pradesh,06-01-2017,15689.78416
3417,Siddharthnagar,54,9,Uttar Pradesh,06-01-2017,15461.42239
3418,Unnao,26,9,Uttar Pradesh,06-01-2017,15776.28429
3419,Varanasi,67,9,Uttar Pradesh,06-01-2017,15749.36252
3420,Bulandshahr,11,9,Uttar Pradesh,06-01-2017,15438.55997
3421,Gautam Buddha Nagar,10,9,Uttar Pradesh,06-01-2017,15546.87918
3422,Ghaziabad,9,9,Uttar Pradesh,06-01-2017,15430.76866
3423,Auraiya,32,9,Uttar Pradesh,06-01-2017,15550.14518
3424,Azamgarh,61,9,Uttar Pradesh,06-01-2017,15622.70101
3425,Budaun,19,9,Uttar Pradesh,06-01-2017,15590.63924
3426,Agra,15,9,Uttar Pradesh,06-01-2017,15741.62943
3427,Aligarh,12,9,Uttar Pradesh,06-01-2017,15565.60307
3428,Allahabad,45,9,Uttar Pradesh,06-01-2017,15821.52383
3429,Ambedkar Nagar,48,9,Uttar Pradesh,06-01-2017,15489.49892
3430,Bareilly,20,9,Uttar Pradesh,06-01-2017,15535.09362
3431,Bijnor,3,9,Uttar Pradesh,06-01-2017,15413.08663
3432,Basti,55,9,Uttar Pradesh,06-01-2017,15492.77342
3433,Baghpat,8,9,Uttar Pradesh,06-01-2017,15431.99556
3434,Bahraich,50,9,Uttar Pradesh,06-01-2017,15402.14138
3435,Ballia,63,9,Uttar Pradesh,06-01-2017,15584.09387
3436,Balrampur,52,9,Uttar Pradesh,06-01-2017,15433.43139
3437,Banda,40,9,Uttar Pradesh,06-01-2017,15904.86351
3438,Barabanki,46,9,Uttar Pradesh,06-01-2017,15501.39048
3439,Chitrakoot,41,9,Uttar Pradesh,06-01-2017,15885.85168
3440,Chandauli,66,9,Uttar Pradesh,06-01-2017,15795.33375
3441,Deoria,60,9,Uttar Pradesh,06-01-2017,15486.68913
3442,Etah,17,9,Uttar Pradesh,06-01-2017,15590.11263
3443,Kanpur Dehat,33,9,Uttar Pradesh,06-01-2017,15669.82876
3444,Etawah,31,9,Uttar Pradesh,06-01-2017,15602.78905
3445,Faizabad,47,9,Uttar Pradesh,06-01-2017,15426.6152
3446,Ghazipur,65,9,Uttar Pradesh,06-01-2017,15661.63463
3447,Gonda,53,9,Uttar Pradesh,06-01-2017,15448.47897
3448,Gorakhpur,58,9,Uttar Pradesh,06-01-2017,15477.47929
3449,Farrukhabad,29,9,Uttar Pradesh,06-01-2017,15553.40283
3450,Fatehpur,42,9,Uttar Pradesh,06-01-2017,15692.99299
3451,Firozabad,16,9,Uttar Pradesh,06-01-2017,15757.45841
3452,Hamirpur,38,9,Uttar Pradesh,06-01-2017,15815.60192
3453,Hardoi,25,9,Uttar Pradesh,06-01-2017,15650.0718
3454,Khammam,10,28,Andhra Pradesh,06-01-2017,15694.4985
3455,Medak,4,28,Andhra Pradesh,06-01-2017,15788.39947
3456,Krishna,16,28,Andhra Pradesh,06-01-2017,15746.83521
3457,Kurnool,21,28,Andhra Pradesh,06-01-2017,15776.24973
3458,Mahbubnagar,7,28,Andhra Pradesh,06-01-2017,15800.62783
3459,Nalgonda,8,28,Andhra Pradesh,06-01-2017,15925.92798
3460,Nellore,19,28,Andhra Pradesh,06-01-2017,15785.57714
3461,Nizamabad,2,28,Andhra Pradesh,06-01-2017,15659.81502
3462,Prakasam,18,28,Andhra Pradesh,06-01-2017,15861.70199
3463,Hyderabad,5,28,Andhra Pradesh,06-01-2017,15643.49767
3464,Rangareddi,6,28,Andhra Pradesh,06-01-2017,15865.47849
3465,Srikakulam,11,28,Andhra Pradesh,06-01-2017,15598.52075
3466,West Godavari,15,28,Andhra Pradesh,06-01-2017,15616.89133
3467,Visakhapatnam,13,28,Andhra Pradesh,06-01-2017,15426.25032
3468,Vizianagaram,12,28,Andhra Pradesh,06-01-2017,15541.24942
3469,Warangal,9,28,Andhra Pradesh,06-01-2017,15897.76059
3470,Anantapur,22,28,Andhra Pradesh,06-01-2017,15631.93179
3471,Adilabad,1,28,Andhra Pradesh,06-01-2017,15808.6408
3472,Chittoor,23,28,Andhra Pradesh,06-01-2017,15549.15051
3473,Cuddapah,20,28,Andhra Pradesh,06-01-2017,15686.7809
3474,East Godavari,14,28,Andhra Pradesh,06-01-2017,15516.32538
3475,Karimnagar,3,28,Andhra Pradesh,06-01-2017,15853.27341
3476,Guntur,17,28,Andhra Pradesh,06-01-2017,15902.45181
3477,Jabalpur,39,23,Madhya Pradesh,06-01-2017,15795.65555
3478,Jhabua,24,23,Madhya Pradesh,06-01-2017,15560.83262
3479,Mandsaur,19,23,Madhya Pradesh,06-01-2017,15741.92105
3480,Tikamgarh,8,23,Madhya Pradesh,06-01-2017,15803.39062
3481,Narsimhapur,40,23,Madhya Pradesh,06-01-2017,15739.70951
3482,Neemuch,18,23,Madhya Pradesh,06-01-2017,15756.41044
3483,Panna,10,23,Madhya Pradesh,06-01-2017,15808.44924
3484,Raisen,34,23,Madhya Pradesh,06-01-2017,15779.60059
3485,Rajgarh,30,23,Madhya Pradesh,06-01-2017,15788.66789
3486,Satna,13,23,Madhya Pradesh,06-01-2017,15793.54829
3487,Sehore,33,23,Madhya Pradesh,06-01-2017,15807.19268
3488,Seoni,44,23,Madhya Pradesh,06-01-2017,15733.95196
3489,Hoshangabad,37,23,Madhya Pradesh,06-01-2017,15709.79895
3490,Indore,26,23,Madhya Pradesh,06-01-2017,15624.8899
3491,Shajapur,22,23,Madhya Pradesh,06-01-2017,15776.63973
3492,Shivpuri,6,23,Madhya Pradesh,06-01-2017,15756.80173
3493,Ratlam,20,23,Madhya Pradesh,06-01-2017,15660.53718
3494,Rewa,14,23,Madhya Pradesh,06-01-2017,15840.28612
3495,Sagar,11,23,Madhya Pradesh,06-01-2017,15809.03527
3496,Sidhi,17,23,Madhya Pradesh,06-01-2017,15730.65062
3497,Ujjain,21,23,Madhya Pradesh,06-01-2017,15668.42581
3498,Vidisha,31,23,Madhya Pradesh,06-01-2017,15746.87752
3499,West Nimar,27,23,Madhya Pradesh,06-01-2017,15640.74613
3500,Morena,2,23,Madhya Pradesh,06-01-2017,15816.50086
3501,Sheopur,1,23,Madhya Pradesh,06-01-2017,15793.97225
3502,Dindori,41,23,Madhya Pradesh,06-01-2017,15728.57518
3503,Mandla,42,23,Madhya Pradesh,06-01-2017,15725.33013
3504,Shahdol,16,23,Madhya Pradesh,06-01-2017,15711.67598
3505,Umaria,15,23,Madhya Pradesh,06-01-2017,15671.31856
3506,Bhind,3,23,Madhya Pradesh,06-01-2017,15852.71056
3507,Bhopal,32,23,Madhya Pradesh,06-01-2017,15759.26236
3508,Barwani,28,23,Madhya Pradesh,06-01-2017,15649.15479
3509,Betul,35,23,Madhya Pradesh,06-01-2017,15674.01189
3510,Balaghat,45,23,Madhya Pradesh,06-01-2017,15565.08575
3511,Chhatarpur,9,23,Madhya Pradesh,06-01-2017,15816.87448
3512,Chhindwara,43,23,Madhya Pradesh,06-01-2017,15759.11255
3513,Dewas,23,23,Madhya Pradesh,06-01-2017,15757.07084
3514,Katni,38,23,Madhya Pradesh,06-01-2017,15748.00163
3515,Datia,5,23,Madhya Pradesh,06-01-2017,15794.76021
3516,Damoh,12,23,Madhya Pradesh,06-01-2017,15846.64983
3517,Dhar,25,23,Madhya Pradesh,06-01-2017,15613.38302
3518,East Nimar,29,23,Madhya Pradesh,06-01-2017,15660.74418
3519,Guna,7,23,Madhya Pradesh,06-01-2017,15751.4578
3520,Gwalior,4,23,Madhya Pradesh,06-01-2017,15777.40169
3521,Harda,36,23,Madhya Pradesh,06-01-2017,15803.08068
3522,Kangra,2,2,Himachal Pradesh,06-01-2017,15191.09625
3523,Kinnaur,12,2,Himachal Pradesh,06-01-2017,14560.14316
3524,Lahul & Spiti,3,2,Himachal Pradesh,06-01-2017,14382.16304
3525,Kullu,4,2,Himachal Pradesh,06-01-2017,14489.87357
3526,Mandi,5,2,Himachal Pradesh,06-01-2017,15079.67009
3527,Shimla,11,2,Himachal Pradesh,06-01-2017,14840.57663
3528,Sirmaur,10,2,Himachal Pradesh,06-01-2017,15248.57524
3529,Solan,9,2,Himachal Pradesh,06-01-2017,15348.22843
3530,Una,7,2,Himachal Pradesh,06-01-2017,15553.20805
3531,Bilaspur,8,2,Himachal Pradesh,06-01-2017,15433.14761
3532,Chamba,1,2,Himachal Pradesh,06-01-2017,14652.09571
3533,Hamirpur,6,2,Himachal Pradesh,06-01-2017,15457.10919
3534,Jammu,13,1,Jammu and Kashmir,06-01-2017,15562.33753
3535,Kargil,8,1,Jammu and Kashmir,06-01-2017,14516.3442
3536,Kathua,14,1,Jammu and Kashmir,06-01-2017,15392.6971
3537,Leh (Ladakh),7,1,Jammu and Kashmir,06-01-2017,14516.67562
3538,Kupwara,1,1,Jammu and Kashmir,06-01-2017,14836.20731
3539,Punch,11,1,Jammu and Kashmir,06-01-2017,14951.42596
3540,Pulwama,5,1,Jammu and Kashmir,06-01-2017,14896.73522
3541,Rajauri,12,1,Jammu and Kashmir,06-01-2017,15206.33199
3542,Srinagar,3,1,Jammu and Kashmir,06-01-2017,14607.95431
3543,Udhampur,10,1,Jammu and Kashmir,06-01-2017,15130.12747
3544,Anantnag,6,1,Jammu and Kashmir,06-01-2017,14605.94132
3545,Badgam,4,1,Jammu and Kashmir,06-01-2017,14770.30037
3546,Baramula,2,1,Jammu and Kashmir,06-01-2017,14725.97111
3547,Data Not Available,99,99,Jammu and Kashmir,06-01-2017,14548.19303
3548,Doda,9,1,Jammu and Kashmir,06-01-2017,14478.82838
3549,Lohit,11,12,Arunanchal Pradesh,06-01-2017,14715.68082
3550,Lower Subansiri,5,12,Arunanchal Pradesh,06-01-2017,14701.65743
3551,Papum Pare,4,12,Arunanchal Pradesh,06-01-2017,14878.61528
3552,Tawang,1,12,Arunanchal Pradesh,06-01-2017,14470.36335
3553,Tirap,13,12,Arunanchal Pradesh,06-01-2017,15045.51398
3554,West Kameng,2,12,Arunanchal Pradesh,06-01-2017,14743.58889
3555,West Siang,7,12,Arunanchal Pradesh,06-01-2017,14856.34201
3556,Upper Siang,9,12,Arunanchal Pradesh,06-01-2017,14704.54616
3557,Upper Subansiri,6,12,Arunanchal Pradesh,06-01-2017,14661.54777
3558,Changlang,12,12,Arunanchal Pradesh,06-01-2017,14984.22372
3559,Dibang Valley,10,12,Arunanchal Pradesh,06-01-2017,14618.11974
3560,East Kameng,3,12,Arunanchal Pradesh,06-01-2017,14735.89904
3561,East Siang,8,12,Arunanchal Pradesh,06-01-2017,15053.22752
3562,Nicobars,2,35,Andaman & Nicobar Island,06-01-2017,14969.17652
3563,Andamans,1,35,Andaman & Nicobar Island,06-01-2017,15002.50905
3564,Lakshadweep,1,31,Lakshadweep,07-01-2017,14915.13923
3565,Chandigarh,1,4,Chandigarh,07-01-2017,15416.18349
3566,Dadra & Nagar Haveli,1,26,Dadara & Nagar Havelli,07-01-2017,14966.52391
3567,North Goa,1,30,Goa,07-01-2017,14889.16404
3568,South Goa,2,30,Goa,07-01-2017,14902.92176
3569,Jorhat,17,18,Assam,07-01-2017,15198.37067
3570,Karimganj,22,18,Assam,07-01-2017,15153.67266
3571,Kokrajhar,1,18,Assam,07-01-2017,15335.5613
3572,Lakhimpur,12,18,Assam,07-01-2017,15258.90891
3573,Nagaon,10,18,Assam,07-01-2017,15248.88129
3574,Marigaon,9,18,Assam,07-01-2017,15178.02969
3575,Nalbari,7,18,Assam,07-01-2017,15286.69866
3576,North Cachar Hills,20,18,Assam,07-01-2017,15071.4526
3577,Sonitpur,11,18,Assam,07-01-2017,15231.59523
3578,Sibsagar,16,18,Assam,07-01-2017,15216.7897
3579,Tinsukia,14,18,Assam,07-01-2017,15175.04936
3580,Barpeta,5,18,Assam,07-01-2017,15202.45984
3581,Bongaigaon,4,18,Assam,07-01-2017,15303.03884
3582,Cachar,21,18,Assam,07-01-2017,15158.87485
3583,Darrang,8,18,Assam,07-01-2017,15267.25866
3584,Dhemaji,13,18,Assam,07-01-2017,15162.68799
3585,Dhubri,2,18,Assam,07-01-2017,15131.19774
3586,Dibrugarh,15,18,Assam,07-01-2017,15133.74737
3587,Kamrup,6,18,Assam,07-01-2017,15162.1707
3588,Karbi Anglong,19,18,Assam,07-01-2017,15121.07594
3589,Goalpara,3,18,Assam,07-01-2017,15216.80237
3590,Golaghat,18,18,Assam,07-01-2017,15226.60315
3591,Hailakandi,23,18,Assam,07-01-2017,15165.69818
3592,Jamui,37,10,Bihar,07-01-2017,15355.38997
3593,Kishanganj,8,10,Bihar,07-01-2017,15407.02554
3594,Muzaffarpur,14,10,Bihar,07-01-2017,15325.41013
3595,Purnia,9,10,Bihar,07-01-2017,15398.84966
3596,Khagaria,21,10,Bihar,07-01-2017,15352.37064
3597,Madhubani,5,10,Bihar,07-01-2017,15378.18038
3598,Lakhisarai,25,10,Bihar,07-01-2017,15415.63298
3599,Madhepura,11,10,Bihar,07-01-2017,15400.28666
3600,Purba Champaran,2,10,Bihar,07-01-2017,15333.97881
3601,Munger,24,10,Bihar,07-01-2017,15347.44556
3602,Nalanda,27,10,Bihar,07-01-2017,15424.76798
3603,Nawada,36,10,Bihar,07-01-2017,15392.3388
3604,Pashchim Champaran,1,10,Bihar,07-01-2017,15303.02649
3605,Patna,28,10,Bihar,07-01-2017,15408.87191
3606,Samastipur,19,10,Bihar,07-01-2017,15340.73695
3607,Sheikhpura,26,10,Bihar,07-01-2017,15438.02844
3608,Sheohar,3,10,Bihar,07-01-2017,15304.35882
3609,Saharsa,12,10,Bihar,07-01-2017,15342.15175
3610,Sitamarhi,4,10,Bihar,07-01-2017,15374.99551
3611,Siwan,16,10,Bihar,07-01-2017,15311.13801
3612,Supaul,6,10,Bihar,07-01-2017,15333.69624
3613,Vaishali,18,10,Bihar,07-01-2017,15303.37262
3614,Kaimur (Bhabua),31,10,Bihar,07-01-2017,15377.7299
3615,Gaya,35,10,Bihar,07-01-2017,15386.09438
3616,Bhojpur,29,10,Bihar,07-01-2017,15397.56523
3617,Buxar,30,10,Bihar,07-01-2017,15366.54038
3618,Jehanabad,33,10,Bihar,07-01-2017,15425.50654
3619,Rohtas,32,10,Bihar,07-01-2017,15368.72586
3620,Araria,7,10,Bihar,07-01-2017,15408.78178
3621,Aurangabad,34,10,Bihar,07-01-2017,15403.50382
3622,Banka,23,10,Bihar,07-01-2017,15358.2363
3623,Bhagalpur,22,10,Bihar,07-01-2017,15310.26177
3624,Begusarai,20,10,Bihar,07-01-2017,15384.82592
3625,Saran,17,10,Bihar,07-01-2017,15309.05419
3626,Katihar,10,10,Bihar,07-01-2017,15341.07262
3627,Darbhanga,13,10,Bihar,07-01-2017,15346.24336
3628,Gopalganj,15,10,Bihar,07-01-2017,15316.40832
3629,Kollam,13,32,Kerala,07-01-2017,14971.00739
3630,Kottayam,10,32,Kerala,07-01-2017,15032.61522
3631,Kozhikode,4,32,Kerala,07-01-2017,14986.86554
3632,Malappuram,5,32,Kerala,07-01-2017,14984.88925
3633,Palakkad,6,32,Kerala,07-01-2017,14994.64875
3634,Pathanamthitta,12,32,Kerala,07-01-2017,14917.29917
3635,Idukki,9,32,Kerala,07-01-2017,14839.81846
3636,Thrissur,7,32,Kerala,07-01-2017,15004.27343
3637,Thiruvananthapuram,14,32,Kerala,07-01-2017,14989.11477
3638,Wayanad,3,32,Kerala,07-01-2017,14869.52062
3639,Alappuzha,11,32,Kerala,07-01-2017,15005.8819
3640,Kasaragod,1,32,Kerala,07-01-2017,14927.27087
3641,Kannur,2,32,Kerala,07-01-2017,14973.6312
3642,Ernakulam,8,32,Kerala,07-01-2017,15054.75473
3643,Jajapur,13,21,Orissa,07-01-2017,15092.39973
3644,Jagatsinghapur,11,21,Orissa,07-01-2017,14856.22055
3645,Jharsuguda,2,21,Orissa,07-01-2017,15068.46857
3646,Khordha,17,21,Orissa,07-01-2017,14932.38936
3647,Mayurbhanj,7,21,Orissa,07-01-2017,15084.93924
3648,Puri,18,21,Orissa,07-01-2017,15101.71821
3649,Koraput,29,21,Orissa,07-01-2017,14995.21708
3650,Malkangiri,30,21,Orissa,07-01-2017,14943.33441
3651,Nabarangapur,28,21,Orissa,07-01-2017,15173.56973
3652,Nayagarh,16,21,Orissa,07-01-2017,14848.84895
3653,Nuapada,25,21,Orissa,07-01-2017,15193.11355
3654,Kandhamal,21,21,Orissa,07-01-2017,14910.00613
3655,Sambalpur,3,21,Orissa,07-01-2017,15132.02432
3656,Rayagada,27,21,Orissa,07-01-2017,15132.35282
3657,Sundargarh,5,21,Orissa,07-01-2017,15135.30124
3658,Sonapur,23,21,Orissa,07-01-2017,14936.83807
3659,Anugul,15,21,Orissa,07-01-2017,14938.59264
3660,Bhadrak,9,21,Orissa,07-01-2017,15161.80612
3661,Baudh,22,21,Orissa,07-01-2017,14878.09477
3662,Balangir,24,21,Orissa,07-01-2017,14951.96876
3663,Baleshwar,8,21,Orissa,07-01-2017,15158.50553
3664,Bargarh,1,21,Orissa,07-01-2017,15018.27778
3665,Kendrapara,10,21,Orissa,07-01-2017,15010.58565
3666,Kendujhar,6,21,Orissa,07-01-2017,15016.81225
3667,Debagarh,4,21,Orissa,07-01-2017,15166.11087
3668,Cuttack,12,21,Orissa,07-01-2017,14908.73148
3669,Dhenkanal,14,21,Orissa,07-01-2017,15040.40366
3670,Kalahandi,26,21,Orissa,07-01-2017,14863.37458
3671,Ganjam,19,21,Orissa,07-01-2017,15101.57037
3672,Gajapati,20,21,Orissa,07-01-2017,15021.23377
3673,Jalandhar,4,3,Punjab,07-01-2017,15276.28854
3674,Kapurthala,3,3,Punjab,07-01-2017,15254.74233
3675,Ludhiana,9,3,Punjab,07-01-2017,15271.11143
3676,Mansa,15,3,Punjab,07-01-2017,15276.31777
3677,Moga,10,3,Punjab,07-01-2017,15215.11913
3678,Muktsar,12,3,Punjab,07-01-2017,15270.73081
3679,Nawanshahr,6,3,Punjab,07-01-2017,15289.52112
3680,Patiala,17,3,Punjab,07-01-2017,15278.16159
3681,Sangrur,16,3,Punjab,07-01-2017,15209.89402
3682,Hoshiarpur,5,3,Punjab,07-01-2017,15231.27775
3683,Rupnagar,7,3,Punjab,07-01-2017,15291.3543
3684,Amritsar,2,3,Punjab,07-01-2017,15248.89117
3685,Firozpur,11,3,Punjab,07-01-2017,15275.34576
3686,Bathinda,14,3,Punjab,07-01-2017,15265.29798
3687,Gurdaspur,1,3,Punjab,07-01-2017,15244.52093
3688,Faridkot,13,3,Punjab,07-01-2017,15232.85104
3689,Fatehgarh Sahib,8,3,Punjab,07-01-2017,15298.55132
3690,North,1,11,Sikkim,07-01-2017,14130.60055
3691,South,3,11,Sikkim,07-01-2017,14800.37854
3692,West,2,11,Sikkim,07-01-2017,14494.88262
3693,East,4,11,Sikkim,07-01-2017,14708.95854
3694,Jamnagar,10,24,Gujarat,07-01-2017,15312.92787
3695,Kheda,16,24,Gujarat,07-01-2017,15213.02059
3696,Mahesana,4,24,Gujarat,07-01-2017,15420.21837
3697,Narmada,20,24,Gujarat,07-01-2017,15114.41187
3698,Navsari,24,24,Gujarat,07-01-2017,15039.08817
3699,Panch Mahals,17,24,Gujarat,07-01-2017,15137.16147
3700,Patan,3,24,Gujarat,07-01-2017,15355.11085
3701,Porbandar,11,24,Gujarat,07-01-2017,15271.08909
3702,Rajkot,9,24,Gujarat,07-01-2017,15383.58144
3703,Sabar Kantha,5,24,Gujarat,07-01-2017,15403.92217
3704,Surendranagar,8,24,Gujarat,07-01-2017,15378.80871
3705,The Dangs,23,24,Gujarat,07-01-2017,14934.83232
3706,Vadodara,19,24,Gujarat,07-01-2017,15152.5987
3707,Valsad,25,24,Gujarat,07-01-2017,15001.35679
3708,Bharuch,21,24,Gujarat,07-01-2017,15302.05459
3709,Surat,22,24,Gujarat,07-01-2017,15067.2993
3710,Anand,15,24,Gujarat,07-01-2017,15275.13737
3711,Ahmadabad,7,24,Gujarat,07-01-2017,15355.9955
3712,Amreli,13,24,Gujarat,07-01-2017,15440.13304
3713,Bhavnagar,14,24,Gujarat,07-01-2017,15458.09838
3714,Banas Kantha,2,24,Gujarat,07-01-2017,15510.5874
3715,Dohad,18,24,Gujarat,07-01-2017,15110.8865
3716,Junagadh,12,24,Gujarat,07-01-2017,15268.24179
3717,Kachchh,1,24,Gujarat,07-01-2017,15248.56873
3718,Gandhinagar,6,24,Gujarat,07-01-2017,15226.57921
3719,Jind,9,6,Haryana,07-01-2017,15412.19032
3720,Kaithal,5,6,Haryana,07-01-2017,15320.77742
3721,Karnal,6,6,Haryana,07-01-2017,15338.90969
3722,Kurukshetra,4,6,Haryana,07-01-2017,15280.92601
3723,Panchkula,1,6,Haryana,07-01-2017,15209.5834
3724,Panipat,7,6,Haryana,07-01-2017,15462.59477
3725,Hisar,12,6,Haryana,07-01-2017,15455.83148
3726,Rohtak,14,6,Haryana,07-01-2017,15461.0634
3727,Sirsa,11,6,Haryana,07-01-2017,15451.50815
3728,Sonipat,8,6,Haryana,07-01-2017,15459.47014
3729,Yamunanagar,3,6,Haryana,07-01-2017,15259.47817
3730,Jhajjar,15,6,Haryana,07-01-2017,15502.7954
3731,Mahendragarh,16,6,Haryana,07-01-2017,15455.52946
3732,Rewari,17,6,Haryana,07-01-2017,15522.1436
3733,Bhiwani,13,6,Haryana,07-01-2017,15455.77175
3734,Ambala,2,6,Haryana,07-01-2017,15299.63719
3735,Gurgaon,18,6,Haryana,07-01-2017,15443.55312
3736,Faridabad,19,6,Haryana,07-01-2017,15417.12576
3737,Fatehabad,10,6,Haryana,07-01-2017,15341.53264
3738,Imphal East,7,14,Manipur,07-01-2017,15106.29917
3739,Imphal West,6,14,Manipur,07-01-2017,15164.58468
3740,Senapati (Excl. 3 sub-divisions),1,14,Manipur,07-01-2017,14875.76529
3741,Tamenglong,2,14,Manipur,07-01-2017,15044.61082
3742,Thoubal,5,14,Manipur,07-01-2017,15007.20791
3743,Ukhrul,8,14,Manipur,07-01-2017,14925.9774
3744,Bishnupur,4,14,Manipur,07-01-2017,14943.15219
3745,Chandel,9,14,Manipur,07-01-2017,14973.25201
3746,Churachandpur,3,14,Manipur,07-01-2017,15038.07426
3747,Kolasib,2,15,Mizoram,07-01-2017,15126.21209
3748,Mamit,1,15,Mizoram,07-01-2017,15050.82445
3749,Lunglei,6,15,Mizoram,07-01-2017,14971.63062
3750,Lawngtlai,7,15,Mizoram,07-01-2017,15069.26955
3751,Saiha,8,15,Mizoram,07-01-2017,15004.49534
3752,Serchhip,5,15,Mizoram,07-01-2017,15012.2511
3753,Aizawl,3,15,Mizoram,07-01-2017,15086.24993
3754,Champhai,4,15,Mizoram,07-01-2017,14959.88906
3755,North Tripura,4,16,Tripura,07-01-2017,15091.54343
3756,South Tripura,2,16,Tripura,07-01-2017,15040.5768
3757,West Tripura,1,16,Tripura,07-01-2017,15123.90512
3758,Dhalai,3,16,Tripura,07-01-2017,14998.44715
3759,Mokokchung,3,13,Nagaland,07-01-2017,15091.81538
3760,Mon,1,13,Nagaland,07-01-2017,15078.1365
3761,Phek,8,13,Nagaland,07-01-2017,14837.62197
3762,Tuensang,2,13,Nagaland,07-01-2017,14894.37693
3763,Wokha,5,13,Nagaland,07-01-2017,15086.57841
3764,Zunheboto,4,13,Nagaland,07-01-2017,14915.40432
3765,Dimapur,6,13,Nagaland,07-01-2017,15206.83331
3766,Kohima,7,13,Nagaland,07-01-2017,15040.36759
3767,Purbi Singhbhum,18,20,Jharkhand,07-01-2017,15065.55372
3768,Lohardaga,15,20,Jharkhand,07-01-2017,15100.533
3769,Pakaur,10,20,Jharkhand,07-01-2017,15351.44616
3770,Pashchimi Singhbhum,17,20,Jharkhand,07-01-2017,15053.07142
3771,Ranchi,14,20,Jharkhand,07-01-2017,15097.84135
3772,Sahibganj,9,20,Jharkhand,07-01-2017,15316.14978
3773,Garhwa,1,20,Jharkhand,07-01-2017,15383.92822
3774,Palamu,2,20,Jharkhand,07-01-2017,15336.80531
3775,Chatra,3,20,Jharkhand,07-01-2017,15288.72181
3776,Hazaribagh,4,20,Jharkhand,07-01-2017,15209.87059
3777,Kodarma,5,20,Jharkhand,07-01-2017,15269.93957
3778,Bokaro,13,20,Jharkhand,07-01-2017,15101.10498
3779,Deoghar,7,20,Jharkhand,07-01-2017,15295.98663
3780,Dhanbad,12,20,Jharkhand,07-01-2017,15138.29997
3781,Dumka,11,20,Jharkhand,07-01-2017,15275.22584
3782,Giridih,6,20,Jharkhand,07-01-2017,15324.02312
3783,Godda,8,20,Jharkhand,07-01-2017,15372.53158
3784,Gumla,16,20,Jharkhand,07-01-2017,15111.10075
3785,Kodagu,25,29,Karnataka,07-01-2017,14821.64641
3786,Kolar,19,29,Karnataka,07-01-2017,15357.70774
3787,Mandya,22,29,Karnataka,07-01-2017,15215.43524
3788,Koppal,7,29,Karnataka,07-01-2017,15295.56892
3789,Mysore,26,29,Karnataka,07-01-2017,15021.85097
3790,Raichur,6,29,Karnataka,07-01-2017,15441.57126
3791,Hassan,23,29,Karnataka,07-01-2017,15070.39241
3792,Haveri,11,29,Karnataka,07-01-2017,15081.49558
3793,Shimoga,15,29,Karnataka,07-01-2017,14902.17594
3794,Tumkur,18,29,Karnataka,07-01-2017,15310.98719
3795,Udupi,16,29,Karnataka,07-01-2017,14955.1832
3796,Uttara Kannada,10,29,Karnataka,07-01-2017,14856.07271
3797,Bagalkot,2,29,Karnataka,07-01-2017,15181.94858
3798,Bangalore,20,29,Karnataka,07-01-2017,15104.59999
3799,Bidar,5,29,Karnataka,07-01-2017,15334.16471
3800,Bijapur,3,29,Karnataka,07-01-2017,15402.531
3801,Belgaum,1,29,Karnataka,07-01-2017,15120.46014
3802,Bellary,12,29,Karnataka,07-01-2017,15379.07973
3803,Bangalore Rural,21,29,Karnataka,07-01-2017,15181.1962
3804,Chamarajanagar,27,29,Karnataka,07-01-2017,15182.62082
3805,Chikmagalur,17,29,Karnataka,07-01-2017,15046.16494
3806,Chitradurga,13,29,Karnataka,07-01-2017,15313.7653
3807,Dakshina Kannada,24,29,Karnataka,07-01-2017,14914.44551
3808,Davanagere,14,29,Karnataka,07-01-2017,15130.39533
3809,Dharwad,9,29,Karnataka,07-01-2017,15158.78249
3810,Gulbarga,4,29,Karnataka,07-01-2017,15442.5947
3811,Gadag,8,29,Karnataka,07-01-2017,15332.79938
3812,Jaintia Hills,7,17,Meghalaya,07-01-2017,15050.45496
3813,Ri Bhoi,5,17,Meghalaya,07-01-2017,15128.73837
3814,South Garo Hills,3,17,Meghalaya,07-01-2017,15034.75965
3815,West Garo Hills,1,17,Meghalaya,07-01-2017,15138.3359
3816,West Khasi Hills,4,17,Meghalaya,07-01-2017,15026.08244
3817,East Garo Hills,2,17,Meghalaya,07-01-2017,15093.71508
3818,East Khasi Hills,6,17,Meghalaya,07-01-2017,15030.75067
3819,Jaipur,12,8,Rajasthan,07-01-2017,15462.10798
3820,Jaisalmer,16,8,Rajasthan,07-01-2017,15813.03017
3821,Jalor,18,8,Rajasthan,07-01-2017,15570.82582
3822,Jhalawar,32,8,Rajasthan,07-01-2017,15589.52999
3823,Jhunjhunun,5,8,Rajasthan,07-01-2017,15523.76425
3824,Jodhpur,15,8,Rajasthan,07-01-2017,15615.58029
3825,Kota,30,8,Rajasthan,07-01-2017,15541.68148
3826,Nagaur,14,8,Rajasthan,07-01-2017,15469.91355
3827,Pali,20,8,Rajasthan,07-01-2017,15458.28751
3828,Rajsamand,25,8,Rajasthan,07-01-2017,15282.18302
3829,Sawai Madhopur,10,8,Rajasthan,07-01-2017,15506.32283
3830,Sirohi,19,8,Rajasthan,07-01-2017,15394.55268
3831,Tonk,22,8,Rajasthan,07-01-2017,15487.32579
3832,Sikar,13,8,Rajasthan,07-01-2017,15478.52388
3833,Alwar,6,8,Rajasthan,07-01-2017,15399.56061
3834,Udaipur,26,8,Rajasthan,07-01-2017,15371.95146
3835,Ganganagar,1,8,Rajasthan,07-01-2017,15671.2241
3836,Hanumangarh,2,8,Rajasthan,07-01-2017,15601.38647
3837,Baran,31,8,Rajasthan,07-01-2017,15536.28829
3838,Ajmer,21,8,Rajasthan,07-01-2017,15391.08276
3839,Banswara,28,8,Rajasthan,07-01-2017,15397.85519
3840,Barmer,17,8,Rajasthan,07-01-2017,15576.57161
3841,Bhilwara,24,8,Rajasthan,07-01-2017,15448.86033
3842,Bikaner,3,8,Rajasthan,07-01-2017,15824.38022
3843,Bharatpur,7,8,Rajasthan,07-01-2017,15561.3974
3844,Bundi,23,8,Rajasthan,07-01-2017,15456.85613
3845,Chittaurgarh,29,8,Rajasthan,07-01-2017,15451.84911
3846,Churu,4,8,Rajasthan,07-01-2017,15685.08038
3847,Dausa,11,8,Rajasthan,07-01-2017,15527.6671
3848,Dhaulpur,8,8,Rajasthan,07-01-2017,15729.64766
3849,Dungarpur,27,8,Rajasthan,07-01-2017,15444.41854
3850,Karauli,9,8,Rajasthan,07-01-2017,15489.95368
3851,Pondicherry,2,34,Puducherry,07-01-2017,15495.7966
3852,Yanam,1,34,Puducherry,07-01-2017,15161.25811
3853,Karaikal,4,34,Puducherry,07-01-2017,15556.0642
3854,Mahe,3,34,Puducherry,07-01-2017,14931.85629
3855,Kanniyakumari,30,33,Tamil Nadu,07-01-2017,15096.17108
3856,Karur,14,33,Tamil Nadu,07-01-2017,15689.00152
3857,Madurai,24,33,Tamil Nadu,07-01-2017,15805.97172
3858,Namakkal,9,33,Tamil Nadu,07-01-2017,15592.82856
3859,The Nilgiris,11,33,Tamil Nadu,07-01-2017,14849.47397
3860,Perambalur,16,33,Tamil Nadu,07-01-2017,15813.09212
3861,Pudukkottai,22,33,Tamil Nadu,07-01-2017,15712.48701
3862,Ramanathapuram,27,33,Tamil Nadu,07-01-2017,15897.39926
3863,Salem,8,33,Tamil Nadu,07-01-2017,15543.04941
3864,Sivaganga,23,33,Tamil Nadu,07-01-2017,15790.65415
3865,Tiruchirappalli,15,33,Tamil Nadu,07-01-2017,15748.49583
3866,Tirunelveli,29,33,Tamil Nadu,07-01-2017,15544.84848
3867,Tiruvannamalai,6,33,Tamil Nadu,07-01-2017,15598.82213
3868,Thoothukkudi,28,33,Tamil Nadu,07-01-2017,15952.89643
3869,Theni,25,33,Tamil Nadu,07-01-2017,15434.60908
3870,Vellore,4,33,Tamil Nadu,07-01-2017,15511.63588
3871,Viluppuram,7,33,Tamil Nadu,07-01-2017,15679.28211
3872,Virudhunagar,26,33,Tamil Nadu,07-01-2017,15926.94546
3873,Chennai,2,33,Tamil Nadu,07-01-2017,15528.2978
3874,Kancheepuram,3,33,Tamil Nadu,07-01-2017,15441.78119
3875,Thiruvallur,1,33,Tamil Nadu,07-01-2017,15474.58663
3876,Thanjavur,21,33,Tamil Nadu,07-01-2017,15585.70926
3877,Thiruvarur,20,33,Tamil Nadu,07-01-2017,15600.47976
3878,Nagapattinam,19,33,Tamil Nadu,07-01-2017,15533.98023
3879,Ariyalur,17,33,Tamil Nadu,07-01-2017,15649.39917
3880,Coimbatore,12,33,Tamil Nadu,07-01-2017,15377.67158
3881,Cuddalore,18,33,Tamil Nadu,07-01-2017,15592.42681
3882,Dharmapuri,5,33,Tamil Nadu,07-01-2017,15462.70227
3883,Dindigul,13,33,Tamil Nadu,07-01-2017,15515.28555
3884,Erode,10,33,Tamil Nadu,07-01-2017,15488.2075
3885,Daman,2,25,Daman & Diu,07-01-2017,15043.08039
3886,Diu,1,25,Daman & Diu,07-01-2017,15143.50097
3887,Jalgaon,3,27,Maharashtra,07-01-2017,15407.22061
3888,Jalna,18,27,Maharashtra,07-01-2017,15311.36159
3889,Kolhapur,34,27,Maharashtra,07-01-2017,14908.78482
3890,Latur,28,27,Maharashtra,07-01-2017,15197.76622
3891,Pune,25,27,Maharashtra,07-01-2017,15226.34459
3892,Nagpur,9,27,Maharashtra,07-01-2017,15414.95738
3893,Mumbai,23,27,Maharashtra,07-01-2017,15104.71641
3894,Mumbai (Suburban),22,27,Maharashtra,07-01-2017,15056.12453
3895,Nanded,15,27,Maharashtra,07-01-2017,15464.35184
3896,Nandurbar,1,27,Maharashtra,07-01-2017,15215.24986
3897,Nashik,20,27,Maharashtra,07-01-2017,15171.38472
3898,Osmanabad,29,27,Maharashtra,07-01-2017,15298.1651
3899,Parbhani,17,27,Maharashtra,07-01-2017,15451.5116
3900,Sangli,35,27,Maharashtra,07-01-2017,15257.4236
3901,Satara,31,27,Maharashtra,07-01-2017,15234.01876
3902,Hingoli,16,27,Maharashtra,07-01-2017,15350.30507
3903,Ratnagiri,32,27,Maharashtra,07-01-2017,14881.38933
3904,Raigarh,24,27,Maharashtra,07-01-2017,15026.39647
3905,Thane,21,27,Maharashtra,07-01-2017,14999.84375
3906,Solapur,30,27,Maharashtra,07-01-2017,15403.74813
3907,Sindhudurg,33,27,Maharashtra,07-01-2017,14929.72859
3908,Wardha,8,27,Maharashtra,07-01-2017,15478.94272
3909,Washim,6,27,Maharashtra,07-01-2017,15367.21726
3910,Yavatmal,14,27,Maharashtra,07-01-2017,15421.34348
3911,Aurangabad,19,27,Maharashtra,07-01-2017,15309.48385
3912,Ahmadnagar,26,27,Maharashtra,07-01-2017,15323.62458
3913,Akola,5,27,Maharashtra,07-01-2017,15418.70034
3914,Amravati,7,27,Maharashtra,07-01-2017,15480.19726
3915,Bid,27,27,Maharashtra,07-01-2017,15353.81257
3916,Bhandara,10,27,Maharashtra,07-01-2017,15376.09817
3917,Buldana,4,27,Maharashtra,07-01-2017,15298.60518
3918,Chandrapur,13,27,Maharashtra,07-01-2017,15375.97883
3919,Dhule,2,27,Maharashtra,07-01-2017,15180.16489
3920,Gadchiroli,12,27,Maharashtra,07-01-2017,15193.82457
3921,Gondiya,11,27,Maharashtra,07-01-2017,15282.22993
3922,Nainital,11,5,Uttarakhand,07-01-2017,15083.96459
3923,Pithoragarh,7,5,Uttarakhand,07-01-2017,14290.08254
3924,Hardwar,13,5,Uttarakhand,07-01-2017,15251.55869
3925,Rudraprayag,3,5,Uttarakhand,07-01-2017,14336.374
3926,Tehri Garhwal,4,5,Uttarakhand,07-01-2017,14659.22039
3927,Udham Singh Nagar,12,5,Uttarakhand,07-01-2017,15290.64702
3928,Uttarkashi,1,5,Uttarakhand,07-01-2017,14318.57751
3929,Bageshwar,8,5,Uttarakhand,07-01-2017,14560.23401
3930,Almora,9,5,Uttarakhand,07-01-2017,14981.78657
3931,Chamoli,2,5,Uttarakhand,07-01-2017,14156.35724
3932,Champawat,10,5,Uttarakhand,07-01-2017,15026.67788
3933,Dehradun,5,5,Uttarakhand,07-01-2017,14973.82596
3934,Garhwal,6,5,Uttarakhand,07-01-2017,14980.95065
3935,Jalpaiguri,2,19,West Bengal,07-01-2017,15377.28515
3936,Koch Bihar,3,19,West Bengal,07-01-2017,15359.66094
3937,Murshidabad,7,19,West Bengal,07-01-2017,15164.60128
3938,Puruliya,14,19,West Bengal,07-01-2017,15118.78009
3939,Maldah,6,19,West Bengal,07-01-2017,15335.27286
3940,Nadia,10,19,West Bengal,07-01-2017,15071.99344
3941,North Twenty Four Parganas,11,19,West Bengal,07-01-2017,15000.17094
3942,Medinipur,15,19,West Bengal,07-01-2017,15077.83784
3943,Hugli,12,19,West Bengal,07-01-2017,15008.50127
3944,South  Twenty Four Parganas,18,19,West Bengal,07-01-2017,14997.6792
3945,Uttar Dinajpur,4,19,West Bengal,07-01-2017,15347.17832
3946,Barddhaman,9,19,West Bengal,07-01-2017,15125.6896
3947,Birbhum,8,19,West Bengal,07-01-2017,15329.44213
3948,Bankura,13,19,West Bengal,07-01-2017,15143.10361
3949,Dakshin Dinajpur,5,19,West Bengal,07-01-2017,15384.30111
3950,Darjiling,1,19,West Bengal,07-01-2017,15161.46297
3951,Haora,16,19,West Bengal,07-01-2017,15005.26294
3952,Jashpur,3,22,Chhattisgarh,07-01-2017,15094.94124
3953,Koriya,1,22,Chhattisgarh,07-01-2017,15172.21346
3954,Mahasamund,12,22,Chhattisgarh,07-01-2017,15241.21518
3955,Raigarh,4,22,Chhattisgarh,07-01-2017,15109.65585
3956,Raipur,11,22,Chhattisgarh,07-01-2017,15403.10753
3957,Rajnandgaon,9,22,Chhattisgarh,07-01-2017,15354.21829
3958,Surguja,2,22,Chhattisgarh,07-01-2017,15197.36117
3959,Bilaspur,7,22,Chhattisgarh,07-01-2017,15305.42539
3960,Janjgir - Champa,6,22,Chhattisgarh,07-01-2017,15314.46717
3961,Korba,5,22,Chhattisgarh,07-01-2017,15090.53586
3962,Kawardha,8,22,Chhattisgarh,07-01-2017,15273.23086
3963,Bastar,15,22,Chhattisgarh,07-01-2017,15022.66546
3964,Dantewada,16,22,Chhattisgarh,07-01-2017,14979.21481
3965,Dhamtari,13,22,Chhattisgarh,07-01-2017,15100.49656
3966,Durg,10,22,Chhattisgarh,07-01-2017,15422.29732
3967,Kanker,14,22,Chhattisgarh,07-01-2017,15117.64488
3968,Central,6,7,Delhi  & NCR,07-01-2017,15388.27601
3969,East,4,7,Delhi  & NCR,07-01-2017,15406.53768
3970,New Delhi,5,7,Delhi  & NCR,07-01-2017,15424.37514
3971,North,2,7,Delhi  & NCR,07-01-2017,15386.89151
3972,North East,3,7,Delhi  & NCR,07-01-2017,15455.24818
3973,North West,1,7,Delhi  & NCR,07-01-2017,15533.19237
3974,South,9,7,Delhi  & NCR,07-01-2017,15310.19225
3975,South West,8,7,Delhi  & NCR,07-01-2017,15422.52022
3976,West,7,7,Delhi  & NCR,07-01-2017,15459.13165
3977,Jalaun,35,9,Uttar Pradesh,07-01-2017,15170.63064
3978,Jaunpur,64,9,Uttar Pradesh,07-01-2017,15357.65252
3979,Jhansi,36,9,Uttar Pradesh,07-01-2017,15201.48909
3980,Jyotiba Phule Nagar,6,9,Uttar Pradesh,07-01-2017,15332.12809
3981,Kannauj,30,9,Uttar Pradesh,07-01-2017,15456.48453
3982,Kaushambi,44,9,Uttar Pradesh,07-01-2017,15302.66313
3983,Kheri,23,9,Uttar Pradesh,07-01-2017,15326.95776
3984,Mirzapur,69,9,Uttar Pradesh,07-01-2017,15387.81349
3985,Moradabad,4,9,Uttar Pradesh,07-01-2017,15423.9262
3986,Muzaffarnagar,2,9,Uttar Pradesh,07-01-2017,15285.92517
3987,Rae Bareli,28,9,Uttar Pradesh,07-01-2017,15318.18131
3988,Kushinagar,59,9,Uttar Pradesh,07-01-2017,15313.63761
3989,Lucknow,27,9,Uttar Pradesh,07-01-2017,15432.45861
3990,Lalitpur,37,9,Uttar Pradesh,07-01-2017,15288.62433
3991,Mahrajganj,57,9,Uttar Pradesh,07-01-2017,15322.19609
3992,Mahoba,39,9,Uttar Pradesh,07-01-2017,15075.12235
3993,Mainpuri,18,9,Uttar Pradesh,07-01-2017,15408.18076
3994,Mathura,14,9,Uttar Pradesh,07-01-2017,15531.06359
3995,Mau,62,9,Uttar Pradesh,07-01-2017,15316.14794
3996,Meerut,7,9,Uttar Pradesh,07-01-2017,15322.54272
3997,Pilibhit,21,9,Uttar Pradesh,07-01-2017,15343.21613
3998,Pratapgarh,43,9,Uttar Pradesh,07-01-2017,15371.75467
3999,Rampur,5,9,Uttar Pradesh,07-01-2017,15434.33471
4000,Sant Ravidas Nagar Bhadohi,68,9,Uttar Pradesh,07-01-2017,14256.59602
4001,Sant Kabir Nagar,56,9,Uttar Pradesh,07-01-2017,15361.22793
4002,Shahjahanpur,22,9,Uttar Pradesh,07-01-2017,15450.04043
4003,Hathras,13,9,Uttar Pradesh,07-01-2017,15610.56218
4004,Shrawasti,51,9,Uttar Pradesh,07-01-2017,15289.87235
4005,Saharanpur,1,9,Uttar Pradesh,07-01-2017,15286.13391
4006,Sitapur,24,9,Uttar Pradesh,07-01-2017,15375.16287
4007,Sultanpur,49,9,Uttar Pradesh,07-01-2017,15355.98925
4008,Sonbhadra,70,9,Uttar Pradesh,07-01-2017,15294.64683
4009,Siddharthnagar,54,9,Uttar Pradesh,07-01-2017,15339.56446
4010,Unnao,26,9,Uttar Pradesh,07-01-2017,15293.75093
4011,Varanasi,67,9,Uttar Pradesh,07-01-2017,15393.75351
4012,Bulandshahr,11,9,Uttar Pradesh,07-01-2017,15343.27784
4013,Gautam Buddha Nagar,10,9,Uttar Pradesh,07-01-2017,15421.14425
4014,Ghaziabad,9,9,Uttar Pradesh,07-01-2017,15350.67439
4015,Auraiya,32,9,Uttar Pradesh,07-01-2017,15480.63054
4016,Azamgarh,61,9,Uttar Pradesh,07-01-2017,15313.15369
4017,Budaun,19,9,Uttar Pradesh,07-01-2017,15452.87486
4018,Agra,15,9,Uttar Pradesh,07-01-2017,15561.55721
4019,Aligarh,12,9,Uttar Pradesh,07-01-2017,15507.57874
4020,Allahabad,45,9,Uttar Pradesh,07-01-2017,15309.42701
4021,Ambedkar Nagar,48,9,Uttar Pradesh,07-01-2017,15268.9329
4022,Bareilly,20,9,Uttar Pradesh,07-01-2017,15424.26466
4023,Bijnor,3,9,Uttar Pradesh,07-01-2017,15253.35515
4024,Basti,55,9,Uttar Pradesh,07-01-2017,15330.48326
4025,Baghpat,8,9,Uttar Pradesh,07-01-2017,15358.8639
4026,Bahraich,50,9,Uttar Pradesh,07-01-2017,15305.00526
4027,Ballia,63,9,Uttar Pradesh,07-01-2017,15348.48002
4028,Balrampur,52,9,Uttar Pradesh,07-01-2017,15147.65398
4029,Banda,40,9,Uttar Pradesh,07-01-2017,15273.19383
4030,Barabanki,46,9,Uttar Pradesh,07-01-2017,15287.80508
4031,Chitrakoot,41,9,Uttar Pradesh,07-01-2017,15129.89918
4032,Chandauli,66,9,Uttar Pradesh,07-01-2017,15356.9442
4033,Deoria,60,9,Uttar Pradesh,07-01-2017,15341.5572
4034,Etah,17,9,Uttar Pradesh,07-01-2017,15504.05936
4035,Kanpur Dehat,33,9,Uttar Pradesh,07-01-2017,15359.25071
4036,Etawah,31,9,Uttar Pradesh,07-01-2017,15419.42856
4037,Faizabad,47,9,Uttar Pradesh,07-01-2017,15258.0236
4038,Ghazipur,65,9,Uttar Pradesh,07-01-2017,15358.38309
4039,Gonda,53,9,Uttar Pradesh,07-01-2017,15251.74621
4040,Gorakhpur,58,9,Uttar Pradesh,07-01-2017,15345.23445
4041,Farrukhabad,29,9,Uttar Pradesh,07-01-2017,15424.78328
4042,Fatehpur,42,9,Uttar Pradesh,07-01-2017,14988.22034
4043,Firozabad,16,9,Uttar Pradesh,07-01-2017,15509.58312
4044,Hamirpur,38,9,Uttar Pradesh,07-01-2017,14839.84552
4045,Hardoi,25,9,Uttar Pradesh,07-01-2017,15485.07487
4046,Khammam,10,28,Andhra Pradesh,07-01-2017,15214.38997
4047,Medak,4,28,Andhra Pradesh,07-01-2017,15194.08399
4048,Krishna,16,28,Andhra Pradesh,07-01-2017,15308.84995
4049,Kurnool,21,28,Andhra Pradesh,07-01-2017,15403.83249
4050,Mahbubnagar,7,28,Andhra Pradesh,07-01-2017,15256.28811
4051,Nalgonda,8,28,Andhra Pradesh,07-01-2017,15361.59619
4052,Nellore,19,28,Andhra Pradesh,07-01-2017,15566.87343
4053,Nizamabad,2,28,Andhra Pradesh,07-01-2017,15084.08159
4054,Prakasam,18,28,Andhra Pradesh,07-01-2017,15568.57522
4055,Hyderabad,5,28,Andhra Pradesh,07-01-2017,15240.64044
4056,Rangareddi,6,28,Andhra Pradesh,07-01-2017,15201.94236
4057,Srikakulam,11,28,Andhra Pradesh,07-01-2017,15132.66401
4058,West Godavari,15,28,Andhra Pradesh,07-01-2017,15125.3386
4059,Visakhapatnam,13,28,Andhra Pradesh,07-01-2017,15122.47379
4060,Vizianagaram,12,28,Andhra Pradesh,07-01-2017,15225.44893
4061,Warangal,9,28,Andhra Pradesh,07-01-2017,15229.60205
4062,Anantapur,22,28,Andhra Pradesh,07-01-2017,15442.6485
4063,Adilabad,1,28,Andhra Pradesh,07-01-2017,15310.68815
4064,Chittoor,23,28,Andhra Pradesh,07-01-2017,15456.74193
4065,Cuddapah,20,28,Andhra Pradesh,07-01-2017,15454.33511
4066,East Godavari,14,28,Andhra Pradesh,07-01-2017,15094.52343
4067,Karimnagar,3,28,Andhra Pradesh,07-01-2017,15215.22063
4068,Guntur,17,28,Andhra Pradesh,07-01-2017,15499.36262
4069,Jabalpur,39,23,Madhya Pradesh,07-01-2017,15317.67759
4070,Jhabua,24,23,Madhya Pradesh,07-01-2017,15207.64397
4071,Mandsaur,19,23,Madhya Pradesh,07-01-2017,15543.10381
4072,Tikamgarh,8,23,Madhya Pradesh,07-01-2017,15384.59019
4073,Narsimhapur,40,23,Madhya Pradesh,07-01-2017,15168.5758
4074,Neemuch,18,23,Madhya Pradesh,07-01-2017,15510.80285
4075,Panna,10,23,Madhya Pradesh,07-01-2017,15081.4816
4076,Raisen,34,23,Madhya Pradesh,07-01-2017,15328.06961
4077,Rajgarh,30,23,Madhya Pradesh,07-01-2017,15564.86519
4078,Satna,13,23,Madhya Pradesh,07-01-2017,15178.98348
4079,Sehore,33,23,Madhya Pradesh,07-01-2017,15429.88464
4080,Seoni,44,23,Madhya Pradesh,07-01-2017,15283.69869
4081,Hoshangabad,37,23,Madhya Pradesh,07-01-2017,15297.90178
4082,Indore,26,23,Madhya Pradesh,07-01-2017,15318.68987
4083,Shajapur,22,23,Madhya Pradesh,07-01-2017,15506.47364
4084,Shivpuri,6,23,Madhya Pradesh,07-01-2017,15538.64776
4085,Ratlam,20,23,Madhya Pradesh,07-01-2017,15451.37443
4086,Rewa,14,23,Madhya Pradesh,07-01-2017,15192.51367
4087,Sagar,11,23,Madhya Pradesh,07-01-2017,15354.80918
4088,Sidhi,17,23,Madhya Pradesh,07-01-2017,15259.367
4089,Ujjain,21,23,Madhya Pradesh,07-01-2017,15436.35341
4090,Vidisha,31,23,Madhya Pradesh,07-01-2017,15409.71147
4091,West Nimar,27,23,Madhya Pradesh,07-01-2017,15399.982
4092,Morena,2,23,Madhya Pradesh,07-01-2017,15587.58768
4093,Sheopur,1,23,Madhya Pradesh,07-01-2017,15503.62583
4094,Dindori,41,23,Madhya Pradesh,07-01-2017,15103.36013
4095,Mandla,42,23,Madhya Pradesh,07-01-2017,15123.8883
4096,Shahdol,16,23,Madhya Pradesh,07-01-2017,15171.75306
4097,Umaria,15,23,Madhya Pradesh,07-01-2017,15065.47332
4098,Bhind,3,23,Madhya Pradesh,07-01-2017,15477.70666
4099,Bhopal,32,23,Madhya Pradesh,07-01-2017,15350.32991
4100,Barwani,28,23,Madhya Pradesh,07-01-2017,15217.69629
4101,Betul,35,23,Madhya Pradesh,07-01-2017,15230.42108
4102,Balaghat,45,23,Madhya Pradesh,07-01-2017,15203.04374
4103,Chhatarpur,9,23,Madhya Pradesh,07-01-2017,15322.22968
4104,Chhindwara,43,23,Madhya Pradesh,07-01-2017,15309.3004
4105,Dewas,23,23,Madhya Pradesh,07-01-2017,15419.10299
4106,Katni,38,23,Madhya Pradesh,07-01-2017,15094.84267
4107,Datia,5,23,Madhya Pradesh,07-01-2017,15565.34043
4108,Damoh,12,23,Madhya Pradesh,07-01-2017,15453.90859
4109,Dhar,25,23,Madhya Pradesh,07-01-2017,15302.82823
4110,East Nimar,29,23,Madhya Pradesh,07-01-2017,15347.07806
4111,Guna,7,23,Madhya Pradesh,07-01-2017,15393.65432
4112,Gwalior,4,23,Madhya Pradesh,07-01-2017,15534.64201
4113,Harda,36,23,Madhya Pradesh,07-01-2017,15371.78743
4114,Kangra,2,2,Himachal Pradesh,07-01-2017,14895.66613
4115,Kinnaur,12,2,Himachal Pradesh,07-01-2017,14378.82026
4116,Lahul & Spiti,3,2,Himachal Pradesh,07-01-2017,14531.50711
4117,Kullu,4,2,Himachal Pradesh,07-01-2017,14310.29342
4118,Mandi,5,2,Himachal Pradesh,07-01-2017,14857.25615
4119,Shimla,11,2,Himachal Pradesh,07-01-2017,14598.65831
4120,Sirmaur,10,2,Himachal Pradesh,07-01-2017,15033.09701
4121,Solan,9,2,Himachal Pradesh,07-01-2017,15032.92911
4122,Una,7,2,Himachal Pradesh,07-01-2017,15199.02097
4123,Bilaspur,8,2,Himachal Pradesh,07-01-2017,15119.57231
4124,Chamba,1,2,Himachal Pradesh,07-01-2017,14484.06689
4125,Hamirpur,6,2,Himachal Pradesh,07-01-2017,15122.65833
4126,Jammu,13,1,Jammu and Kashmir,07-01-2017,15246.60651
4127,Kargil,8,1,Jammu and Kashmir,07-01-2017,14685.37905
4128,Kathua,14,1,Jammu and Kashmir,07-01-2017,15069.89296
4129,Leh (Ladakh),7,1,Jammu and Kashmir,07-01-2017,14707.28349
4130,Kupwara,1,1,Jammu and Kashmir,07-01-2017,14803.03354
4131,Punch,11,1,Jammu and Kashmir,07-01-2017,14904.46851
4132,Pulwama,5,1,Jammu and Kashmir,07-01-2017,14863.82271
4133,Rajauri,12,1,Jammu and Kashmir,07-01-2017,15066.72109
4134,Srinagar,3,1,Jammu and Kashmir,07-01-2017,14592.68421
4135,Udhampur,10,1,Jammu and Kashmir,07-01-2017,14896.54911
4136,Anantnag,6,1,Jammu and Kashmir,07-01-2017,14570.22399
4137,Badgam,4,1,Jammu and Kashmir,07-01-2017,14771.63414
4138,Baramula,2,1,Jammu and Kashmir,07-01-2017,14739.69678
4139,Data Not Available,99,99,Jammu and Kashmir,07-01-2017,14629.0828
4140,Doda,9,1,Jammu and Kashmir,07-01-2017,14417.97691
4141,Lohit,11,12,Arunanchal Pradesh,07-01-2017,14678.52758
4142,Lower Subansiri,5,12,Arunanchal Pradesh,07-01-2017,14766.68975
4143,Papum Pare,4,12,Arunanchal Pradesh,07-01-2017,14953.98398
4144,Tawang,1,12,Arunanchal Pradesh,07-01-2017,14274.64568
4145,Tirap,13,12,Arunanchal Pradesh,07-01-2017,14828.23021
4146,West Kameng,2,12,Arunanchal Pradesh,07-01-2017,14736.33825
4147,West Siang,7,12,Arunanchal Pradesh,07-01-2017,14837.19956
4148,Upper Siang,9,12,Arunanchal Pradesh,07-01-2017,14678.28902
4149,Upper Subansiri,6,12,Arunanchal Pradesh,07-01-2017,14716.37755
4150,Changlang,12,12,Arunanchal Pradesh,07-01-2017,14901.48521
4151,Dibang Valley,10,12,Arunanchal Pradesh,07-01-2017,14578.9797
4152,East Kameng,3,12,Arunanchal Pradesh,07-01-2017,14779.79756
4153,East Siang,8,12,Arunanchal Pradesh,07-01-2017,15075.25774
4154,Nicobars,2,35,Andaman & Nicobar Island,07-01-2017,14878.15106
4155,Andamans,1,35,Andaman & Nicobar Island,07-01-2017,15004.13299
4156,Lakshadweep,1,31,Lakshadweep,08-01-2017,14780.44521
4157,Chandigarh,1,4,Chandigarh,08-01-2017,15213.54117
4158,Dadra & Nagar Haveli,1,26,Dadara & Nagar Havelli,08-01-2017,15028.96405
4159,North Goa,1,30,Goa,08-01-2017,14944.40894
4160,South Goa,2,30,Goa,08-01-2017,14978.15587
4161,Jorhat,17,18,Assam,08-01-2017,15089.87229
4162,Karimganj,22,18,Assam,08-01-2017,15100.03936
4163,Kokrajhar,1,18,Assam,08-01-2017,15092.09319
4164,Lakhimpur,12,18,Assam,08-01-2017,15145.01397
4165,Nagaon,10,18,Assam,08-01-2017,14956.17569
4166,Marigaon,9,18,Assam,08-01-2017,15124.66094
4167,Nalbari,7,18,Assam,08-01-2017,15114.09087
4168,North Cachar Hills,20,18,Assam,08-01-2017,15045.11877
4169,Sonitpur,11,18,Assam,08-01-2017,15124.01001
4170,Sibsagar,16,18,Assam,08-01-2017,15212.37707
4171,Tinsukia,14,18,Assam,08-01-2017,15146.21911
4172,Barpeta,5,18,Assam,08-01-2017,15073.97523
4173,Bongaigaon,4,18,Assam,08-01-2017,15075.62108
4174,Cachar,21,18,Assam,08-01-2017,15053.28576
4175,Darrang,8,18,Assam,08-01-2017,15092.98448
4176,Dhemaji,13,18,Assam,08-01-2017,15150.81976
4177,Dhubri,2,18,Assam,08-01-2017,15024.92478
4178,Dibrugarh,15,18,Assam,08-01-2017,15129.06217
4179,Kamrup,6,18,Assam,08-01-2017,15099.2781
4180,Karbi Anglong,19,18,Assam,08-01-2017,15035.3426
4181,Goalpara,3,18,Assam,08-01-2017,15090.24926
4182,Golaghat,18,18,Assam,08-01-2017,15089.30406
4183,Hailakandi,23,18,Assam,08-01-2017,15003.14958
4184,Jamui,37,10,Bihar,08-01-2017,15141.28509
4185,Kishanganj,8,10,Bihar,08-01-2017,15154.86968
4186,Muzaffarpur,14,10,Bihar,08-01-2017,15138.42439
4187,Purnia,9,10,Bihar,08-01-2017,15144.54556
4188,Khagaria,21,10,Bihar,08-01-2017,15075.15728
4189,Madhubani,5,10,Bihar,08-01-2017,15169.12256
4190,Lakhisarai,25,10,Bihar,08-01-2017,15126.95972
4191,Madhepura,11,10,Bihar,08-01-2017,15075.09545
4192,Purba Champaran,2,10,Bihar,08-01-2017,15199.59155
4193,Munger,24,10,Bihar,08-01-2017,15094.10305
4194,Nalanda,27,10,Bihar,08-01-2017,15267.73841
4195,Nawada,36,10,Bihar,08-01-2017,15222.39207
4196,Pashchim Champaran,1,10,Bihar,08-01-2017,15136.69964
4197,Patna,28,10,Bihar,08-01-2017,15210.00858
4198,Samastipur,19,10,Bihar,08-01-2017,15109.27364
4199,Sheohar,3,10,Bihar,08-01-2017,15225.93788
4200,Saharsa,12,10,Bihar,08-01-2017,15061.86308
4201,Sitamarhi,4,10,Bihar,08-01-2017,15215.92068
4202,Siwan,16,10,Bihar,08-01-2017,15146.72237
4203,Supaul,6,10,Bihar,08-01-2017,15117.25238
4204,Vaishali,18,10,Bihar,08-01-2017,15136.81432
4205,Kaimur (Bhabua),31,10,Bihar,08-01-2017,15138.59251
4206,Gaya,35,10,Bihar,08-01-2017,15247.07553
4207,Bhojpur,29,10,Bihar,08-01-2017,15156.04405
4208,Buxar,30,10,Bihar,08-01-2017,15100.74357
4209,Jehanabad,33,10,Bihar,08-01-2017,15250.0935
4210,Rohtas,32,10,Bihar,08-01-2017,15115.11034
4211,Araria,7,10,Bihar,08-01-2017,15145.02926
4212,Aurangabad,34,10,Bihar,08-01-2017,15165.1231
4213,Banka,23,10,Bihar,08-01-2017,15039.61355
4214,Bhagalpur,22,10,Bihar,08-01-2017,15049.81188
4215,Begusarai,20,10,Bihar,08-01-2017,15028.9818
4216,Saran,17,10,Bihar,08-01-2017,15130.80375
4217,Katihar,10,10,Bihar,08-01-2017,15054.08175
4218,Darbhanga,13,10,Bihar,08-01-2017,15100.24892
4219,Gopalganj,15,10,Bihar,08-01-2017,15103.41439
4220,Kollam,13,32,Kerala,08-01-2017,15036.63283
4221,Kottayam,10,32,Kerala,08-01-2017,15057.60172
4222,Kozhikode,4,32,Kerala,08-01-2017,14931.54614
4223,Malappuram,5,32,Kerala,08-01-2017,15062.54212
4224,Palakkad,6,32,Kerala,08-01-2017,15017.97998
4225,Pathanamthitta,12,32,Kerala,08-01-2017,14917.0938
4226,Idukki,9,32,Kerala,08-01-2017,14856.3722
4227,Thrissur,7,32,Kerala,08-01-2017,14945.44925
4228,Thiruvananthapuram,14,32,Kerala,08-01-2017,15050.74465
4229,Wayanad,3,32,Kerala,08-01-2017,14922.37753
4230,Alappuzha,11,32,Kerala,08-01-2017,15013.82577
4231,Kasaragod,1,32,Kerala,08-01-2017,15035.50333
4232,Kannur,2,32,Kerala,08-01-2017,14983.46838
4233,Ernakulam,8,32,Kerala,08-01-2017,15021.71684
4234,Jajapur,13,21,Orissa,08-01-2017,15138.89731
4235,Jagatsinghapur,11,21,Orissa,08-01-2017,15112.85709
4236,Jharsuguda,2,21,Orissa,08-01-2017,15109.64809
4237,Khordha,17,21,Orissa,08-01-2017,15139.09622
4238,Mayurbhanj,7,21,Orissa,08-01-2017,15090.55942
4239,Puri,18,21,Orissa,08-01-2017,15113.24655
4240,Koraput,29,21,Orissa,08-01-2017,15086.5587
4241,Malkangiri,30,21,Orissa,08-01-2017,15060.30906
4242,Nabarangapur,28,21,Orissa,08-01-2017,15044.22321
4243,Nayagarh,16,21,Orissa,08-01-2017,15066.49855
4244,Nuapada,25,21,Orissa,08-01-2017,15119.09943
4245,Kandhamal,21,21,Orissa,08-01-2017,15010.13083
4246,Sambalpur,3,21,Orissa,08-01-2017,15100.96211
4247,Rayagada,27,21,Orissa,08-01-2017,15083.78042
4248,Sundargarh,5,21,Orissa,08-01-2017,15090.95606
4249,Sonapur,23,21,Orissa,08-01-2017,15149.93119
4250,Anugul,15,21,Orissa,08-01-2017,15054.30061
4251,Bhadrak,9,21,Orissa,08-01-2017,15129.3122
4252,Baudh,22,21,Orissa,08-01-2017,15127.96817
4253,Balangir,24,21,Orissa,08-01-2017,15182.04356
4254,Baleshwar,8,21,Orissa,08-01-2017,15087.7543
4255,Bargarh,1,21,Orissa,08-01-2017,15130.70171
4256,Kendrapara,10,21,Orissa,08-01-2017,15104.35874
4257,Kendujhar,6,21,Orissa,08-01-2017,15087.46183
4258,Debagarh,4,21,Orissa,08-01-2017,15033.32763
4259,Cuttack,12,21,Orissa,08-01-2017,15108.57965
4260,Dhenkanal,14,21,Orissa,08-01-2017,15126.2889
4261,Kalahandi,26,21,Orissa,08-01-2017,15119.31784
4262,Ganjam,19,21,Orissa,08-01-2017,15124.45739
4263,Gajapati,20,21,Orissa,08-01-2017,15038.46365
4264,Jalandhar,4,3,Punjab,08-01-2017,15103.55827
4265,Kapurthala,3,3,Punjab,08-01-2017,15072.3593
4266,Ludhiana,9,3,Punjab,08-01-2017,15107.83962
4267,Mansa,15,3,Punjab,08-01-2017,15134.28672
4268,Moga,10,3,Punjab,08-01-2017,15072.92949
4269,Muktsar,12,3,Punjab,08-01-2017,15093.96732
4270,Nawanshahr,6,3,Punjab,08-01-2017,15085.17405
4271,Patiala,17,3,Punjab,08-01-2017,15087.903
4272,Sangrur,16,3,Punjab,08-01-2017,15076.85642
4273,Hoshiarpur,5,3,Punjab,08-01-2017,15087.80381
4274,Rupnagar,7,3,Punjab,08-01-2017,15097.12638
4275,Amritsar,2,3,Punjab,08-01-2017,15104.86701
4276,Firozpur,11,3,Punjab,08-01-2017,15134.31121
4277,Bathinda,14,3,Punjab,08-01-2017,15102.01363
4278,Gurdaspur,1,3,Punjab,08-01-2017,15075.56532
4279,Faridkot,13,3,Punjab,08-01-2017,15088.29175
4280,Fatehgarh Sahib,8,3,Punjab,08-01-2017,15102.923
4281,North,1,11,Sikkim,08-01-2017,13999.59455
4282,South,3,11,Sikkim,08-01-2017,14730.09812
4283,West,2,11,Sikkim,08-01-2017,14451.2328
4284,East,4,11,Sikkim,08-01-2017,14564.48318
4285,Jamnagar,10,24,Gujarat,08-01-2017,15211.70272
4286,Kheda,16,24,Gujarat,08-01-2017,15228.25126
4287,Mahesana,4,24,Gujarat,08-01-2017,15325.27105
4288,Narmada,20,24,Gujarat,08-01-2017,15018.38125
4289,Navsari,24,24,Gujarat,08-01-2017,15054.43599
4290,Panch Mahals,17,24,Gujarat,08-01-2017,15071.39337
4291,Patan,3,24,Gujarat,08-01-2017,15298.26512
4292,Porbandar,11,24,Gujarat,08-01-2017,15170.07143
4293,Rajkot,9,24,Gujarat,08-01-2017,15267.50613
4294,Sabar Kantha,5,24,Gujarat,08-01-2017,15133.57493
4295,Surendranagar,8,24,Gujarat,08-01-2017,15287.629
4296,The Dangs,23,24,Gujarat,08-01-2017,14912.20879
4297,Vadodara,19,24,Gujarat,08-01-2017,15088.49035
4298,Valsad,25,24,Gujarat,08-01-2017,14990.73181
4299,Bharuch,21,24,Gujarat,08-01-2017,15186.95388
4300,Surat,22,24,Gujarat,08-01-2017,15064.51468
4301,Anand,15,24,Gujarat,08-01-2017,15163.14341
4302,Ahmadabad,7,24,Gujarat,08-01-2017,15235.65975
4303,Amreli,13,24,Gujarat,08-01-2017,15308.97296
4304,Bhavnagar,14,24,Gujarat,08-01-2017,15346.91738
4305,Banas Kantha,2,24,Gujarat,08-01-2017,15290.43066
4306,Dohad,18,24,Gujarat,08-01-2017,15019.92472
4307,Junagadh,12,24,Gujarat,08-01-2017,15122.18013
4308,Kachchh,1,24,Gujarat,08-01-2017,15258.63024
4309,Gandhinagar,6,24,Gujarat,08-01-2017,15250.42805
4310,Jind,9,6,Haryana,08-01-2017,15112.22172
4311,Kaithal,5,6,Haryana,08-01-2017,15049.24236
4312,Karnal,6,6,Haryana,08-01-2017,15052.53595
4313,Kurukshetra,4,6,Haryana,08-01-2017,15037.85466
4314,Panchkula,1,6,Haryana,08-01-2017,15065.41954
4315,Panipat,7,6,Haryana,08-01-2017,15144.58308
4316,Hisar,12,6,Haryana,08-01-2017,15208.89319
4317,Rohtak,14,6,Haryana,08-01-2017,15198.77951
4318,Sirsa,11,6,Haryana,08-01-2017,15262.8689
4319,Sonipat,8,6,Haryana,08-01-2017,15180.63594
4320,Yamunanagar,3,6,Haryana,08-01-2017,15091.34637
4321,Jhajjar,15,6,Haryana,08-01-2017,15325.77587
4322,Mahendragarh,16,6,Haryana,08-01-2017,15400.99947
4323,Rewari,17,6,Haryana,08-01-2017,15375.13396
4324,Bhiwani,13,6,Haryana,08-01-2017,15349.61745
4325,Ambala,2,6,Haryana,08-01-2017,15090.5925
4326,Gurgaon,18,6,Haryana,08-01-2017,15399.58171
4327,Faridabad,19,6,Haryana,08-01-2017,15287.68885
4328,Fatehabad,10,6,Haryana,08-01-2017,15115.67085
4329,Imphal East,7,14,Manipur,08-01-2017,15085.63032
4330,Imphal West,6,14,Manipur,08-01-2017,14936.58854
4331,Senapati (Excl. 3 sub-divisions),1,14,Manipur,08-01-2017,14893.92343
4332,Tamenglong,2,14,Manipur,08-01-2017,14957.41695
4333,Thoubal,5,14,Manipur,08-01-2017,15032.61959
4334,Ukhrul,8,14,Manipur,08-01-2017,14927.70733
4335,Bishnupur,4,14,Manipur,08-01-2017,14984.71078
4336,Chandel,9,14,Manipur,08-01-2017,14933.48683
4337,Churachandpur,3,14,Manipur,08-01-2017,14887.39027
4338,Kolasib,2,15,Mizoram,08-01-2017,14925.83752
4339,Mamit,1,15,Mizoram,08-01-2017,14941.47606
4340,Lunglei,6,15,Mizoram,08-01-2017,14962.76629
4341,Lawngtlai,7,15,Mizoram,08-01-2017,14986.8435
4342,Saiha,8,15,Mizoram,08-01-2017,14908.61675
4343,Serchhip,5,15,Mizoram,08-01-2017,14920.99917
4344,Aizawl,3,15,Mizoram,08-01-2017,14899.49807
4345,Champhai,4,15,Mizoram,08-01-2017,14919.05295
4346,North Tripura,4,16,Tripura,08-01-2017,15031.10346
4347,South Tripura,2,16,Tripura,08-01-2017,15119.70373
4348,West Tripura,1,16,Tripura,08-01-2017,15119.00253
4349,Dhalai,3,16,Tripura,08-01-2017,15045.92677
4350,Mokokchung,3,13,Nagaland,08-01-2017,15064.24535
4351,Mon,1,13,Nagaland,08-01-2017,15065.81686
4352,Phek,8,13,Nagaland,08-01-2017,14907.17524
4353,Tuensang,2,13,Nagaland,08-01-2017,14884.23934
4354,Wokha,5,13,Nagaland,08-01-2017,15075.24662
4355,Zunheboto,4,13,Nagaland,08-01-2017,14890.45258
4356,Dimapur,6,13,Nagaland,08-01-2017,15124.13078
4357,Kohima,7,13,Nagaland,08-01-2017,14992.72501
4358,Purbi Singhbhum,18,20,Jharkhand,08-01-2017,15174.44435
4359,Lohardaga,15,20,Jharkhand,08-01-2017,15091.68456
4360,Pakaur,10,20,Jharkhand,08-01-2017,15063.13582
4361,Pashchimi Singhbhum,17,20,Jharkhand,08-01-2017,15079.38129
4362,Ranchi,14,20,Jharkhand,08-01-2017,15086.69606
4363,Sahibganj,9,20,Jharkhand,08-01-2017,15006.2607
4364,Garhwa,1,20,Jharkhand,08-01-2017,15081.13262
4365,Palamu,2,20,Jharkhand,08-01-2017,15105.65237
4366,Chatra,3,20,Jharkhand,08-01-2017,15086.05812
4367,Hazaribagh,4,20,Jharkhand,08-01-2017,15114.67652
4368,Kodarma,5,20,Jharkhand,08-01-2017,15157.35703
4369,Bokaro,13,20,Jharkhand,08-01-2017,15124.1898
4370,Deoghar,7,20,Jharkhand,08-01-2017,15222.74723
4371,Dhanbad,12,20,Jharkhand,08-01-2017,15114.23032
4372,Dumka,11,20,Jharkhand,08-01-2017,15125.58269
4373,Giridih,6,20,Jharkhand,08-01-2017,15142.94974
4374,Godda,8,20,Jharkhand,08-01-2017,15062.3952
4375,Gumla,16,20,Jharkhand,08-01-2017,15103.40276
4376,Kodagu,25,29,Karnataka,08-01-2017,14895.77166
4377,Kolar,19,29,Karnataka,08-01-2017,15336.999
4378,Mandya,22,29,Karnataka,08-01-2017,15288.62571
4379,Koppal,7,29,Karnataka,08-01-2017,15278.05964
4380,Mysore,26,29,Karnataka,08-01-2017,15144.88201
4381,Raichur,6,29,Karnataka,08-01-2017,15422.86703
4382,Hassan,23,29,Karnataka,08-01-2017,15024.91626
4383,Haveri,11,29,Karnataka,08-01-2017,15073.65092
4384,Shimoga,15,29,Karnataka,08-01-2017,14901.37314
4385,Tumkur,18,29,Karnataka,08-01-2017,15384.90262
4386,Udupi,16,29,Karnataka,08-01-2017,14930.35331
4387,Uttara Kannada,10,29,Karnataka,08-01-2017,14862.60319
4388,Bagalkot,2,29,Karnataka,08-01-2017,15322.67309
4389,Bangalore,20,29,Karnataka,08-01-2017,15146.57411
4390,Bidar,5,29,Karnataka,08-01-2017,15179.05871
4391,Bijapur,3,29,Karnataka,08-01-2017,15351.70722
4392,Belgaum,1,29,Karnataka,08-01-2017,15203.60406
4393,Bellary,12,29,Karnataka,08-01-2017,15290.96613
4394,Bangalore Rural,21,29,Karnataka,08-01-2017,15208.76193
4395,Chamarajanagar,27,29,Karnataka,08-01-2017,15126.44764
4396,Chikmagalur,17,29,Karnataka,08-01-2017,15028.6756
4397,Chitradurga,13,29,Karnataka,08-01-2017,15399.77331
4398,Dakshina Kannada,24,29,Karnataka,08-01-2017,15042.9422
4399,Davanagere,14,29,Karnataka,08-01-2017,15115.53107
4400,Dharwad,9,29,Karnataka,08-01-2017,15251.36588
4401,Gulbarga,4,29,Karnataka,08-01-2017,15313.21139
4402,Gadag,8,29,Karnataka,08-01-2017,15345.73402
4403,Jaintia Hills,7,17,Meghalaya,08-01-2017,14995.96614
4404,Ri Bhoi,5,17,Meghalaya,08-01-2017,15085.93374
4405,South Garo Hills,3,17,Meghalaya,08-01-2017,14009.28783
4406,West Garo Hills,1,17,Meghalaya,08-01-2017,14978.13578
4407,West Khasi Hills,4,17,Meghalaya,08-01-2017,14893.18546
4408,East Garo Hills,2,17,Meghalaya,08-01-2017,14921.42608
4409,East Khasi Hills,6,17,Meghalaya,08-01-2017,14909.26433
4410,Jaipur,12,8,Rajasthan,08-01-2017,15311.21265
4411,Jaisalmer,16,8,Rajasthan,08-01-2017,15765.30473
4412,Jalor,18,8,Rajasthan,08-01-2017,15334.18009
4413,Jhalawar,32,8,Rajasthan,08-01-2017,15118.10667
4414,Jhunjhunun,5,8,Rajasthan,08-01-2017,15405.4088
4415,Jodhpur,15,8,Rajasthan,08-01-2017,15546.11143
4416,Kota,30,8,Rajasthan,08-01-2017,15079.51386
4417,Nagaur,14,8,Rajasthan,08-01-2017,15367.92977
4418,Pali,20,8,Rajasthan,08-01-2017,15199.64082
4419,Rajsamand,25,8,Rajasthan,08-01-2017,15035.49592
4420,Sawai Madhopur,10,8,Rajasthan,08-01-2017,15329.33789
4421,Sirohi,19,8,Rajasthan,08-01-2017,15207.01848
4422,Tonk,22,8,Rajasthan,08-01-2017,15213.92086
4423,Sikar,13,8,Rajasthan,08-01-2017,15356.3654
4424,Alwar,6,8,Rajasthan,08-01-2017,15279.33782
4425,Udaipur,26,8,Rajasthan,08-01-2017,15052.6488
4426,Ganganagar,1,8,Rajasthan,08-01-2017,15622.05715
4427,Hanumangarh,2,8,Rajasthan,08-01-2017,15488.74675
4428,Baran,31,8,Rajasthan,08-01-2017,15117.12612
4429,Ajmer,21,8,Rajasthan,08-01-2017,15143.02873
4430,Banswara,28,8,Rajasthan,08-01-2017,15021.12536
4431,Barmer,17,8,Rajasthan,08-01-2017,15534.00289
4432,Bhilwara,24,8,Rajasthan,08-01-2017,15132.78479
4433,Bikaner,3,8,Rajasthan,08-01-2017,15765.44465
4434,Bharatpur,7,8,Rajasthan,08-01-2017,15404.29632
4435,Bundi,23,8,Rajasthan,08-01-2017,15039.21906
4436,Chittaurgarh,29,8,Rajasthan,08-01-2017,15074.39851
4437,Churu,4,8,Rajasthan,08-01-2017,15563.32294
4438,Dausa,11,8,Rajasthan,08-01-2017,15276.89703
4439,Dhaulpur,8,8,Rajasthan,08-01-2017,15357.02493
4440,Dungarpur,27,8,Rajasthan,08-01-2017,15078.22637
4441,Karauli,9,8,Rajasthan,08-01-2017,15338.11073
4442,Pondicherry,2,34,Puducherry,08-01-2017,15293.56145
4443,Yanam,1,34,Puducherry,08-01-2017,15100.28228
4444,Karaikal,4,34,Puducherry,08-01-2017,15516.16437
4445,Mahe,3,34,Puducherry,08-01-2017,14939.76022
4446,Kanniyakumari,30,33,Tamil Nadu,08-01-2017,15167.78105
4447,Karur,14,33,Tamil Nadu,08-01-2017,15530.45466
4448,Madurai,24,33,Tamil Nadu,08-01-2017,15532.27939
4449,Namakkal,9,33,Tamil Nadu,08-01-2017,15429.79916
4450,The Nilgiris,11,33,Tamil Nadu,08-01-2017,14938.72371
4451,Perambalur,16,33,Tamil Nadu,08-01-2017,15685.35516
4452,Pudukkottai,22,33,Tamil Nadu,08-01-2017,15451.23458
4453,Ramanathapuram,27,33,Tamil Nadu,08-01-2017,15724.4813
4454,Salem,8,33,Tamil Nadu,08-01-2017,15346.5633
4455,Sivaganga,23,33,Tamil Nadu,08-01-2017,15567.42069
4456,Tiruchirappalli,15,33,Tamil Nadu,08-01-2017,15553.96804
4457,Tirunelveli,29,33,Tamil Nadu,08-01-2017,15595.88328
4458,Tiruvannamalai,6,33,Tamil Nadu,08-01-2017,15292.18758
4459,Thoothukkudi,28,33,Tamil Nadu,08-01-2017,15801.85861
4460,Theni,25,33,Tamil Nadu,08-01-2017,15394.29977
4461,Vellore,4,33,Tamil Nadu,08-01-2017,15276.54593
4462,Viluppuram,7,33,Tamil Nadu,08-01-2017,15391.6497
4463,Virudhunagar,26,33,Tamil Nadu,08-01-2017,15691.67212
4464,Chennai,2,33,Tamil Nadu,08-01-2017,15578.01922
4465,Kancheepuram,3,33,Tamil Nadu,08-01-2017,15341.10959
4466,Thiruvallur,1,33,Tamil Nadu,08-01-2017,15417.47172
4467,Thanjavur,21,33,Tamil Nadu,08-01-2017,15445.39423
4468,Thiruvarur,20,33,Tamil Nadu,08-01-2017,15448.77353
4469,Nagapattinam,19,33,Tamil Nadu,08-01-2017,15460.67736
4470,Ariyalur,17,33,Tamil Nadu,08-01-2017,15539.60405
4471,Coimbatore,12,33,Tamil Nadu,08-01-2017,15361.48657
4472,Cuddalore,18,33,Tamil Nadu,08-01-2017,15500.68752
4473,Dharmapuri,5,33,Tamil Nadu,08-01-2017,15234.97497
4474,Dindigul,13,33,Tamil Nadu,08-01-2017,15323.45816
4475,Erode,10,33,Tamil Nadu,08-01-2017,15430.74162
4476,Daman,2,25,Daman & Diu,08-01-2017,15001.91058
4477,Diu,1,25,Daman & Diu,08-01-2017,14969.50094
4478,Jalgaon,3,27,Maharashtra,08-01-2017,15145.11179
4479,Jalna,18,27,Maharashtra,08-01-2017,15234.3613
4480,Kolhapur,34,27,Maharashtra,08-01-2017,14997.53181
4481,Latur,28,27,Maharashtra,08-01-2017,15067.27221
4482,Pune,25,27,Maharashtra,08-01-2017,15121.88833
4483,Nagpur,9,27,Maharashtra,08-01-2017,15173.97006
4484,Mumbai,23,27,Maharashtra,08-01-2017,15031.70747
4485,Mumbai (Suburban),22,27,Maharashtra,08-01-2017,15042.23544
4486,Nanded,15,27,Maharashtra,08-01-2017,15183.10476
4487,Nandurbar,1,27,Maharashtra,08-01-2017,15093.55583
4488,Nashik,20,27,Maharashtra,08-01-2017,15055.75825
4489,Osmanabad,29,27,Maharashtra,08-01-2017,15070.1964
4490,Parbhani,17,27,Maharashtra,08-01-2017,15250.80877
4491,Sangli,35,27,Maharashtra,08-01-2017,15157.74696
4492,Satara,31,27,Maharashtra,08-01-2017,15145.52052
4493,Hingoli,16,27,Maharashtra,08-01-2017,15124.77839
4494,Ratnagiri,32,27,Maharashtra,08-01-2017,14978.33053
4495,Raigarh,24,27,Maharashtra,08-01-2017,14936.88033
4496,Thane,21,27,Maharashtra,08-01-2017,14985.9659
4497,Solapur,30,27,Maharashtra,08-01-2017,15223.37649
4498,Sindhudurg,33,27,Maharashtra,08-01-2017,14949.10412
4499,Wardha,8,27,Maharashtra,08-01-2017,15219.72527
4500,Washim,6,27,Maharashtra,08-01-2017,15127.08965
4501,Yavatmal,14,27,Maharashtra,08-01-2017,15222.24592
4502,Aurangabad,19,27,Maharashtra,08-01-2017,15148.43052
4503,Ahmadnagar,26,27,Maharashtra,08-01-2017,15175.45388
4504,Akola,5,27,Maharashtra,08-01-2017,15191.24718
4505,Amravati,7,27,Maharashtra,08-01-2017,15170.00115
4506,Bid,27,27,Maharashtra,08-01-2017,15230.17875
4507,Bhandara,10,27,Maharashtra,08-01-2017,15139.19257
4508,Buldana,4,27,Maharashtra,08-01-2017,15113.68182
4509,Chandrapur,13,27,Maharashtra,08-01-2017,15152.49087
4510,Dhule,2,27,Maharashtra,08-01-2017,15150.86714
4511,Gadchiroli,12,27,Maharashtra,08-01-2017,15089.72025
4512,Gondiya,11,27,Maharashtra,08-01-2017,15116.6228
4513,Nainital,11,5,Uttarakhand,08-01-2017,14981.1367
4514,Pithoragarh,7,5,Uttarakhand,08-01-2017,14253.36898
4515,Hardwar,13,5,Uttarakhand,08-01-2017,15134.06331
4516,Rudraprayag,3,5,Uttarakhand,08-01-2017,14463.53397
4517,Tehri Garhwal,4,5,Uttarakhand,08-01-2017,14730.843
4518,Udham Singh Nagar,12,5,Uttarakhand,08-01-2017,15116.67491
4519,Uttarkashi,1,5,Uttarakhand,08-01-2017,14531.26082
4520,Bageshwar,8,5,Uttarakhand,08-01-2017,14537.44009
4521,Almora,9,5,Uttarakhand,08-01-2017,14906.52264
4522,Chamoli,2,5,Uttarakhand,08-01-2017,14312.77509
4523,Champawat,10,5,Uttarakhand,08-01-2017,14900.60049
4524,Dehradun,5,5,Uttarakhand,08-01-2017,14946.64498
4525,Garhwal,6,5,Uttarakhand,08-01-2017,14917.17974
4526,Jalpaiguri,2,19,West Bengal,08-01-2017,15003.97491
4527,Koch Bihar,3,19,West Bengal,08-01-2017,14956.70895
4528,Murshidabad,7,19,West Bengal,08-01-2017,15072.20686
4529,Puruliya,14,19,West Bengal,08-01-2017,15163.87893
4530,Kolkata,17,19,West Bengal,08-01-2017,15463.23422
4531,Maldah,6,19,West Bengal,08-01-2017,15021.6608
4532,Nadia,10,19,West Bengal,08-01-2017,15156.26132
4533,North Twenty Four Parganas,11,19,West Bengal,08-01-2017,15116.9984
4534,Medinipur,15,19,West Bengal,08-01-2017,15158.34404
4535,Hugli,12,19,West Bengal,08-01-2017,15203.94424
4536,South  Twenty Four Parganas,18,19,West Bengal,08-01-2017,15131.97874
4537,Uttar Dinajpur,4,19,West Bengal,08-01-2017,15111.8353
4538,Barddhaman,9,19,West Bengal,08-01-2017,15160.54859
4539,Birbhum,8,19,West Bengal,08-01-2017,15131.32868
4540,Bankura,13,19,West Bengal,08-01-2017,15186.20747
4541,Dakshin Dinajpur,5,19,West Bengal,08-01-2017,15180.89607
4542,Darjiling,1,19,West Bengal,08-01-2017,14867.08753
4543,Haora,16,19,West Bengal,08-01-2017,15168.23341
4544,Jashpur,3,22,Chhattisgarh,08-01-2017,15059.85286
4545,Koriya,1,22,Chhattisgarh,08-01-2017,15064.64495
4546,Mahasamund,12,22,Chhattisgarh,08-01-2017,15036.82057
4547,Raigarh,4,22,Chhattisgarh,08-01-2017,15090.15882
4548,Raipur,11,22,Chhattisgarh,08-01-2017,15054.70308
4549,Rajnandgaon,9,22,Chhattisgarh,08-01-2017,15104.97101
4550,Surguja,2,22,Chhattisgarh,08-01-2017,15049.11588
4551,Bilaspur,7,22,Chhattisgarh,08-01-2017,15118.38708
4552,Janjgir - Champa,6,22,Chhattisgarh,08-01-2017,15046.14195
4553,Korba,5,22,Chhattisgarh,08-01-2017,15105.05557
4554,Kawardha,8,22,Chhattisgarh,08-01-2017,15003.00283
4555,Bastar,15,22,Chhattisgarh,08-01-2017,15092.51516
4556,Dantewada,16,22,Chhattisgarh,08-01-2017,15102.7919
4557,Dhamtari,13,22,Chhattisgarh,08-01-2017,15085.70307
4558,Durg,10,22,Chhattisgarh,08-01-2017,15063.13041
4559,Kanker,14,22,Chhattisgarh,08-01-2017,15043.52822
4560,Central,6,7,Delhi  & NCR,08-01-2017,15313.99868
4561,East,4,7,Delhi  & NCR,08-01-2017,15381.75184
4562,New Delhi,5,7,Delhi  & NCR,08-01-2017,15281.86862
4563,North,2,7,Delhi  & NCR,08-01-2017,15356.3737
4564,North East,3,7,Delhi  & NCR,08-01-2017,15386.8173
4565,North West,1,7,Delhi  & NCR,08-01-2017,15428.85872
4566,South,9,7,Delhi  & NCR,08-01-2017,15313.25157
4567,South West,8,7,Delhi  & NCR,08-01-2017,15362.31091
4568,West,7,7,Delhi  & NCR,08-01-2017,15425.17601
4569,Jalaun,35,9,Uttar Pradesh,08-01-2017,15429.89616
4570,Jaunpur,64,9,Uttar Pradesh,08-01-2017,15212.11246
4571,Jhansi,36,9,Uttar Pradesh,08-01-2017,15297.71876
4572,Jyotiba Phule Nagar,6,9,Uttar Pradesh,08-01-2017,15185.72257
4573,Kannauj,30,9,Uttar Pradesh,08-01-2017,15374.36441
4574,Kanpur Nagar,34,9,Uttar Pradesh,08-01-2017,15281.69535
4575,Kaushambi,44,9,Uttar Pradesh,08-01-2017,15192.75635
4576,Kheri,23,9,Uttar Pradesh,08-01-2017,15122.08024
4577,Mirzapur,69,9,Uttar Pradesh,08-01-2017,15223.25008
4578,Moradabad,4,9,Uttar Pradesh,08-01-2017,15193.89568
4579,Muzaffarnagar,2,9,Uttar Pradesh,08-01-2017,15164.44047
4580,Rae Bareli,28,9,Uttar Pradesh,08-01-2017,15030.12925
4581,Kushinagar,59,9,Uttar Pradesh,08-01-2017,15110.44424
4582,Lucknow,27,9,Uttar Pradesh,08-01-2017,15075.25531
4583,Lalitpur,37,9,Uttar Pradesh,08-01-2017,15155.1025
4584,Mahrajganj,57,9,Uttar Pradesh,08-01-2017,15120.40272
4585,Mahoba,39,9,Uttar Pradesh,08-01-2017,15167.17939
4586,Mainpuri,18,9,Uttar Pradesh,08-01-2017,15166.38091
4587,Mathura,14,9,Uttar Pradesh,08-01-2017,15318.46331
4588,Mau,62,9,Uttar Pradesh,08-01-2017,15162.78872
4589,Meerut,7,9,Uttar Pradesh,08-01-2017,15195.67246
4590,Pilibhit,21,9,Uttar Pradesh,08-01-2017,15063.27065
4591,Pratapgarh,43,9,Uttar Pradesh,08-01-2017,15204.25167
4592,Rampur,5,9,Uttar Pradesh,08-01-2017,15133.38031
4593,Sant Ravidas Nagar Bhadohi,68,9,Uttar Pradesh,08-01-2017,15184.87071
4594,Sant Kabir Nagar,56,9,Uttar Pradesh,08-01-2017,15224.57741
4595,Shahjahanpur,22,9,Uttar Pradesh,08-01-2017,15126.58926
4596,Hathras,13,9,Uttar Pradesh,08-01-2017,15334.18836
4597,Shrawasti,51,9,Uttar Pradesh,08-01-2017,15162.31399
4598,Saharanpur,1,9,Uttar Pradesh,08-01-2017,15126.07099
4599,Sitapur,24,9,Uttar Pradesh,08-01-2017,15124.56973
4600,Sultanpur,49,9,Uttar Pradesh,08-01-2017,15223.34926
4601,Sonbhadra,70,9,Uttar Pradesh,08-01-2017,15121.70644
4602,Siddharthnagar,54,9,Uttar Pradesh,08-01-2017,15150.80535
4603,Unnao,26,9,Uttar Pradesh,08-01-2017,15120.4653
4604,Varanasi,67,9,Uttar Pradesh,08-01-2017,15191.077
4605,Bulandshahr,11,9,Uttar Pradesh,08-01-2017,15177.83948
4606,Gautam Buddha Nagar,10,9,Uttar Pradesh,08-01-2017,15280.73357
4607,Ghaziabad,9,9,Uttar Pradesh,08-01-2017,15218.24207
4608,Auraiya,32,9,Uttar Pradesh,08-01-2017,15222.04535
4609,Azamgarh,61,9,Uttar Pradesh,08-01-2017,15204.82153
4610,Budaun,19,9,Uttar Pradesh,08-01-2017,15218.83468
4611,Agra,15,9,Uttar Pradesh,08-01-2017,15273.12161
4612,Aligarh,12,9,Uttar Pradesh,08-01-2017,15233.16883
4613,Allahabad,45,9,Uttar Pradesh,08-01-2017,15233.61901
4614,Ambedkar Nagar,48,9,Uttar Pradesh,08-01-2017,15203.16644
4615,Bareilly,20,9,Uttar Pradesh,08-01-2017,15163.6645
4616,Bijnor,3,9,Uttar Pradesh,08-01-2017,15169.9602
4617,Basti,55,9,Uttar Pradesh,08-01-2017,15207.76942
4618,Baghpat,8,9,Uttar Pradesh,08-01-2017,15206.2877
4619,Bahraich,50,9,Uttar Pradesh,08-01-2017,15161.80681
4620,Ballia,63,9,Uttar Pradesh,08-01-2017,15102.7034
4621,Balrampur,52,9,Uttar Pradesh,08-01-2017,15174.35797
4622,Banda,40,9,Uttar Pradesh,08-01-2017,15238.24356
4623,Barabanki,46,9,Uttar Pradesh,08-01-2017,15100.67204
4624,Chitrakoot,41,9,Uttar Pradesh,08-01-2017,15193.92297
4625,Chandauli,66,9,Uttar Pradesh,08-01-2017,15148.91995
4626,Deoria,60,9,Uttar Pradesh,08-01-2017,15114.36765
4627,Etah,17,9,Uttar Pradesh,08-01-2017,15170.95898
4628,Kanpur Dehat,33,9,Uttar Pradesh,08-01-2017,15332.88565
4629,Etawah,31,9,Uttar Pradesh,08-01-2017,15171.16881
4630,Faizabad,47,9,Uttar Pradesh,08-01-2017,15210.49927
4631,Ghazipur,65,9,Uttar Pradesh,08-01-2017,15153.49319
4632,Gonda,53,9,Uttar Pradesh,08-01-2017,15152.71021
4633,Gorakhpur,58,9,Uttar Pradesh,08-01-2017,15180.52842
4634,Farrukhabad,29,9,Uttar Pradesh,08-01-2017,15084.74596
4635,Fatehpur,42,9,Uttar Pradesh,08-01-2017,15011.2824
4636,Firozabad,16,9,Uttar Pradesh,08-01-2017,15188.90741
4637,Hamirpur,38,9,Uttar Pradesh,08-01-2017,15287.80996
4638,Hardoi,25,9,Uttar Pradesh,08-01-2017,15147.30558
4639,Khammam,10,28,Andhra Pradesh,08-01-2017,15148.81974
4640,Medak,4,28,Andhra Pradesh,08-01-2017,15116.38627
4641,Krishna,16,28,Andhra Pradesh,08-01-2017,15217.83621
4642,Kurnool,21,28,Andhra Pradesh,08-01-2017,15322.13802
4643,Mahbubnagar,7,28,Andhra Pradesh,08-01-2017,15297.64382
4644,Nalgonda,8,28,Andhra Pradesh,08-01-2017,15315.03578
4645,Nellore,19,28,Andhra Pradesh,08-01-2017,15369.4713
4646,Nizamabad,2,28,Andhra Pradesh,08-01-2017,15100.60278
4647,Prakasam,18,28,Andhra Pradesh,08-01-2017,15377.71813
4648,Hyderabad,5,28,Andhra Pradesh,08-01-2017,15315.33995
4649,Rangareddi,6,28,Andhra Pradesh,08-01-2017,15204.75562
4650,Srikakulam,11,28,Andhra Pradesh,08-01-2017,15182.07564
4651,West Godavari,15,28,Andhra Pradesh,08-01-2017,15117.90484
4652,Visakhapatnam,13,28,Andhra Pradesh,08-01-2017,15147.61754
4653,Vizianagaram,12,28,Andhra Pradesh,08-01-2017,15228.32575
4654,Warangal,9,28,Andhra Pradesh,08-01-2017,15173.24079
4655,Anantapur,22,28,Andhra Pradesh,08-01-2017,15475.13884
4656,Adilabad,1,28,Andhra Pradesh,08-01-2017,15155.45382
4657,Chittoor,23,28,Andhra Pradesh,08-01-2017,15279.95971
4658,Cuddapah,20,28,Andhra Pradesh,08-01-2017,15312.26437
4659,East Godavari,14,28,Andhra Pradesh,08-01-2017,15121.38655
4660,Karimnagar,3,28,Andhra Pradesh,08-01-2017,15167.60885
4661,Guntur,17,28,Andhra Pradesh,08-01-2017,15345.21201
4662,Jabalpur,39,23,Madhya Pradesh,08-01-2017,15147.09085
4663,Jhabua,24,23,Madhya Pradesh,08-01-2017,14999.96265
4664,Mandsaur,19,23,Madhya Pradesh,08-01-2017,15045.37505
4665,Tikamgarh,8,23,Madhya Pradesh,08-01-2017,15237.22879
4666,Narsimhapur,40,23,Madhya Pradesh,08-01-2017,15136.60922
4667,Neemuch,18,23,Madhya Pradesh,08-01-2017,15096.23507
4668,Panna,10,23,Madhya Pradesh,08-01-2017,15182.1346
4669,Raisen,34,23,Madhya Pradesh,08-01-2017,15126.65863
4670,Rajgarh,30,23,Madhya Pradesh,08-01-2017,15106.31548
4671,Satna,13,23,Madhya Pradesh,08-01-2017,15251.95375
4672,Sehore,33,23,Madhya Pradesh,08-01-2017,15097.63939
4673,Seoni,44,23,Madhya Pradesh,08-01-2017,15079.98349
4674,Hoshangabad,37,23,Madhya Pradesh,08-01-2017,15146.6473
4675,Indore,26,23,Madhya Pradesh,08-01-2017,14955.94378
4676,Shajapur,22,23,Madhya Pradesh,08-01-2017,15065.95074
4677,Shivpuri,6,23,Madhya Pradesh,08-01-2017,15314.32704
4678,Ratlam,20,23,Madhya Pradesh,08-01-2017,15000.81587
4679,Rewa,14,23,Madhya Pradesh,08-01-2017,15199.07484
4680,Sagar,11,23,Madhya Pradesh,08-01-2017,15147.72396
4681,Sidhi,17,23,Madhya Pradesh,08-01-2017,15186.95354
4682,Ujjain,21,23,Madhya Pradesh,08-01-2017,14998.69105
4683,Vidisha,31,23,Madhya Pradesh,08-01-2017,15112.92404
4684,West Nimar,27,23,Madhya Pradesh,08-01-2017,15074.8262
4685,Morena,2,23,Madhya Pradesh,08-01-2017,15334.27275
4686,Sheopur,1,23,Madhya Pradesh,08-01-2017,15172.95071
4687,Dindori,41,23,Madhya Pradesh,08-01-2017,15070.25531
4688,Mandla,42,23,Madhya Pradesh,08-01-2017,15038.32487
4689,Shahdol,16,23,Madhya Pradesh,08-01-2017,15166.21084
4690,Umaria,15,23,Madhya Pradesh,08-01-2017,15137.34912
4691,Bhind,3,23,Madhya Pradesh,08-01-2017,15435.69511
4692,Bhopal,32,23,Madhya Pradesh,08-01-2017,15087.97678
4693,Barwani,28,23,Madhya Pradesh,08-01-2017,15066.86779
4694,Betul,35,23,Madhya Pradesh,08-01-2017,15118.73172
4695,Balaghat,45,23,Madhya Pradesh,08-01-2017,15042.79148
4696,Chhatarpur,9,23,Madhya Pradesh,08-01-2017,15185.95207
4697,Chhindwara,43,23,Madhya Pradesh,08-01-2017,15096.58228
4698,Dewas,23,23,Madhya Pradesh,08-01-2017,15056.68662
4699,Katni,38,23,Madhya Pradesh,08-01-2017,15170.25789
4700,Datia,5,23,Madhya Pradesh,08-01-2017,15343.39738
4701,Damoh,12,23,Madhya Pradesh,08-01-2017,15168.72733
4702,Dhar,25,23,Madhya Pradesh,08-01-2017,15021.71889
4703,East Nimar,29,23,Madhya Pradesh,08-01-2017,15122.85722
4704,Guna,7,23,Madhya Pradesh,08-01-2017,15124.90639
4705,Gwalior,4,23,Madhya Pradesh,08-01-2017,15416.03471
4706,Harda,36,23,Madhya Pradesh,08-01-2017,15149.43221
4707,Kangra,2,2,Himachal Pradesh,08-01-2017,14839.19585
4708,Kinnaur,12,2,Himachal Pradesh,08-01-2017,14636.91919
4709,Lahul & Spiti,3,2,Himachal Pradesh,08-01-2017,14630.15162
4710,Kullu,4,2,Himachal Pradesh,08-01-2017,14444.30256
4711,Mandi,5,2,Himachal Pradesh,08-01-2017,14847.17026
4712,Shimla,11,2,Himachal Pradesh,08-01-2017,14697.10127
4713,Sirmaur,10,2,Himachal Pradesh,08-01-2017,14934.35148
4714,Solan,9,2,Himachal Pradesh,08-01-2017,14991.43367
4715,Una,7,2,Himachal Pradesh,08-01-2017,15046.98827
4716,Bilaspur,8,2,Himachal Pradesh,08-01-2017,14995.70324
4717,Chamba,1,2,Himachal Pradesh,08-01-2017,14583.46463
4718,Hamirpur,6,2,Himachal Pradesh,08-01-2017,15003.01556
4719,Jammu,13,1,Jammu and Kashmir,08-01-2017,15105.87517
4720,Kargil,8,1,Jammu and Kashmir,08-01-2017,14886.95051
4721,Kathua,14,1,Jammu and Kashmir,08-01-2017,14951.48869
4722,Leh (Ladakh),7,1,Jammu and Kashmir,08-01-2017,14900.36113
4723,Kupwara,1,1,Jammu and Kashmir,08-01-2017,14769.17039
4724,Punch,11,1,Jammu and Kashmir,08-01-2017,14831.97084
4725,Pulwama,5,1,Jammu and Kashmir,08-01-2017,14885.05416
4726,Rajauri,12,1,Jammu and Kashmir,08-01-2017,14924.40335
4727,Srinagar,3,1,Jammu and Kashmir,08-01-2017,14661.02412
4728,Udhampur,10,1,Jammu and Kashmir,08-01-2017,14815.9095
4729,Anantnag,6,1,Jammu and Kashmir,08-01-2017,14640.79716
4730,Badgam,4,1,Jammu and Kashmir,08-01-2017,14795.00855
4731,Baramula,2,1,Jammu and Kashmir,08-01-2017,14766.98212
4732,Data Not Available,99,99,Jammu and Kashmir,08-01-2017,14607.28
4733,Doda,9,1,Jammu and Kashmir,08-01-2017,14540.40945
4734,Lohit,11,12,Arunanchal Pradesh,08-01-2017,14582.69463
4735,Lower Subansiri,5,12,Arunanchal Pradesh,08-01-2017,14610.0123
4736,Papum Pare,4,12,Arunanchal Pradesh,08-01-2017,14872.30863
4737,Tawang,1,12,Arunanchal Pradesh,08-01-2017,14148.4113
4738,Tirap,13,12,Arunanchal Pradesh,08-01-2017,15044.48112
4739,West Kameng,2,12,Arunanchal Pradesh,08-01-2017,14537.53001
4740,West Siang,7,12,Arunanchal Pradesh,08-01-2017,14685.38965
4741,Upper Siang,9,12,Arunanchal Pradesh,08-01-2017,14531.60815
4742,Upper Subansiri,6,12,Arunanchal Pradesh,08-01-2017,14507.03331
4743,Changlang,12,12,Arunanchal Pradesh,08-01-2017,14881.63928
4744,Dibang Valley,10,12,Arunanchal Pradesh,08-01-2017,14542.18813
4745,East Kameng,3,12,Arunanchal Pradesh,08-01-2017,14601.97938
4746,East Siang,8,12,Arunanchal Pradesh,08-01-2017,15034.48707
4747,Nicobars,2,35,Andaman & Nicobar Island,08-01-2017,14977.96079
4748,Andamans,1,35,Andaman & Nicobar Island,08-01-2017,14926.70982
4749,Chandigarh,1,4,Chandigarh,09-01-2017,15275.87192
4750,Dadra & Nagar Haveli,1,26,Dadara & Nagar Havelli,09-01-2017,15119.84478
4751,Lakshadweep,1,31,Lakshadweep,09-01-2017,14963.45203
4752,Data Not Available,99,99,Jammu and Kashmir,09-01-2017,14422.53932
4753,Anantnag,6,1,Jammu and Kashmir,09-01-2017,14637.02412
4754,Badgam,4,1,Jammu and Kashmir,09-01-2017,14802.23922
4755,Baramula,2,1,Jammu and Kashmir,09-01-2017,14731.48838
4756,Doda,9,1,Jammu and Kashmir,09-01-2017,14484.3576
4757,Srinagar,3,1,Jammu and Kashmir,09-01-2017,14634.2397
4758,Udhampur,10,1,Jammu and Kashmir,09-01-2017,14882.48475
4759,Jammu,13,1,Jammu and Kashmir,09-01-2017,15161.08053
4760,Kargil,8,1,Jammu and Kashmir,09-01-2017,14647.88241
4761,Kathua,14,1,Jammu and Kashmir,09-01-2017,15025.74045
4762,Leh (Ladakh),7,1,Jammu and Kashmir,09-01-2017,14629.85346
4763,Kupwara,1,1,Jammu and Kashmir,09-01-2017,14782.63536
4764,Punch,11,1,Jammu and Kashmir,09-01-2017,14856.25231
4765,Pulwama,5,1,Jammu and Kashmir,09-01-2017,14899.90909
4766,Rajauri,12,1,Jammu and Kashmir,09-01-2017,14979.47128
4767,Bilaspur,8,2,Himachal Pradesh,09-01-2017,15016.22547
4768,Chamba,1,2,Himachal Pradesh,09-01-2017,14591.58494
4769,Hamirpur,6,2,Himachal Pradesh,09-01-2017,15033.80482
4770,Shimla,11,2,Himachal Pradesh,09-01-2017,14688.49292
4771,Sirmaur,10,2,Himachal Pradesh,09-01-2017,14931.19213
4772,Solan,9,2,Himachal Pradesh,09-01-2017,15006.10007
4773,Una,7,2,Himachal Pradesh,09-01-2017,15103.5801
4774,Kangra,2,2,Himachal Pradesh,09-01-2017,14870.91574
4775,Kinnaur,12,2,Himachal Pradesh,09-01-2017,14512.08655
4776,Lahul & Spiti,3,2,Himachal Pradesh,09-01-2017,14511.69238
4777,Kullu,4,2,Himachal Pradesh,09-01-2017,14465.27632
4778,Mandi,5,2,Himachal Pradesh,09-01-2017,14858.24806
4779,Hoshiarpur,5,3,Punjab,09-01-2017,15194.42453
4780,Amritsar,2,3,Punjab,09-01-2017,15132.72978
4781,Firozpur,11,3,Punjab,09-01-2017,15147.43255
4782,Bathinda,14,3,Punjab,09-01-2017,15149.46017
4783,Gurdaspur,1,3,Punjab,09-01-2017,15122.57619
4784,Faridkot,13,3,Punjab,09-01-2017,15113.28749
4785,Fatehgarh Sahib,8,3,Punjab,09-01-2017,15102.60804
4786,Rupnagar,7,3,Punjab,09-01-2017,15137.5608
4787,Jalandhar,4,3,Punjab,09-01-2017,15167.51619
4788,Kapurthala,3,3,Punjab,09-01-2017,15135.47173
4789,Ludhiana,9,3,Punjab,09-01-2017,15142.33833
4790,Mansa,15,3,Punjab,09-01-2017,15147.74951
4791,Moga,10,3,Punjab,09-01-2017,15098.50787
4792,Muktsar,12,3,Punjab,09-01-2017,15125.90692
4793,Nawanshahr,6,3,Punjab,09-01-2017,15140.29071
4794,Patiala,17,3,Punjab,09-01-2017,15112.22779
4795,Sangrur,16,3,Punjab,09-01-2017,15099.09305
4796,Hardwar,13,5,Uttarakhand,09-01-2017,15112.83849
4797,Bageshwar,8,5,Uttarakhand,09-01-2017,14666.38105
4798,Almora,9,5,Uttarakhand,09-01-2017,14928.28993
4799,Chamoli,2,5,Uttarakhand,09-01-2017,14431.1026
4800,Champawat,10,5,Uttarakhand,09-01-2017,14917.91135
4801,Dehradun,5,5,Uttarakhand,09-01-2017,14957.77189
4802,Garhwal,6,5,Uttarakhand,09-01-2017,14926.65182
4803,Rudraprayag,3,5,Uttarakhand,09-01-2017,14601.4104
4804,Tehri Garhwal,4,5,Uttarakhand,09-01-2017,14758.71564
4805,Udham Singh Nagar,12,5,Uttarakhand,09-01-2017,15105.21724
4806,Uttarkashi,1,5,Uttarakhand,09-01-2017,14491.15955
4807,Nainital,11,5,Uttarakhand,09-01-2017,14978.44392
4808,Pithoragarh,7,5,Uttarakhand,09-01-2017,14514.85354
4809,Hisar,12,6,Haryana,09-01-2017,15321.54634
4810,Ambala,2,6,Haryana,09-01-2017,15122.61136
4811,Gurgaon,18,6,Haryana,09-01-2017,15314.58034
4812,Faridabad,19,6,Haryana,09-01-2017,15214.59187
4813,Fatehabad,10,6,Haryana,09-01-2017,15170.4245
4814,Rohtak,14,6,Haryana,09-01-2017,15214.58894
4815,Sirsa,11,6,Haryana,09-01-2017,15258.64273
4816,Sonipat,8,6,Haryana,09-01-2017,15169.08999
4817,Yamunanagar,3,6,Haryana,09-01-2017,15093.35415
4818,Jhajjar,15,6,Haryana,09-01-2017,15354.58077
4819,Mahendragarh,16,6,Haryana,09-01-2017,15613.82299
4820,Rewari,17,6,Haryana,09-01-2017,15546.89434
4821,Bhiwani,13,6,Haryana,09-01-2017,15474.18399
4822,Jind,9,6,Haryana,09-01-2017,15146.90254
4823,Kaithal,5,6,Haryana,09-01-2017,15085.90288
4824,Karnal,6,6,Haryana,09-01-2017,15113.39798
4825,Kurukshetra,4,6,Haryana,09-01-2017,15106.69992
4826,Panchkula,1,6,Haryana,09-01-2017,15102.84138
4827,Panipat,7,6,Haryana,09-01-2017,15139.21823
4828,Central,6,7,Delhi  & NCR,09-01-2017,15305.43626
4829,East,4,7,Delhi  & NCR,09-01-2017,15330.07082
4830,New Delhi,5,7,Delhi  & NCR,09-01-2017,15250.28095
4831,North,2,7,Delhi  & NCR,09-01-2017,15300.96183
4832,North East,3,7,Delhi  & NCR,09-01-2017,15330.78939
4833,North West,1,7,Delhi  & NCR,09-01-2017,15313.88296
4834,South,9,7,Delhi  & NCR,09-01-2017,15249.46538
4835,South West,8,7,Delhi  & NCR,09-01-2017,15312.67283
4836,West,7,7,Delhi  & NCR,09-01-2017,15352.39408
4837,Ajmer,21,8,Rajasthan,09-01-2017,15499.99079
4838,Banswara,28,8,Rajasthan,09-01-2017,15197.57083
4839,Barmer,17,8,Rajasthan,09-01-2017,15673.70022
4840,Bhilwara,24,8,Rajasthan,09-01-2017,15380.96574
4841,Bikaner,3,8,Rajasthan,09-01-2017,15868.9959
4842,Bharatpur,7,8,Rajasthan,09-01-2017,15556.58813
4843,Bundi,23,8,Rajasthan,09-01-2017,15411.97119
4844,Chittaurgarh,29,8,Rajasthan,09-01-2017,15244.69473
4845,Churu,4,8,Rajasthan,09-01-2017,15683.79926
4846,Dausa,11,8,Rajasthan,09-01-2017,15566.33131
4847,Dhaulpur,8,8,Rajasthan,09-01-2017,15456.03563
4848,Dungarpur,27,8,Rajasthan,09-01-2017,15212.71576
4849,Karauli,9,8,Rajasthan,09-01-2017,15557.02203
4850,Sirohi,19,8,Rajasthan,09-01-2017,15344.62775
4851,Tonk,22,8,Rajasthan,09-01-2017,15572.41825
4852,Sikar,13,8,Rajasthan,09-01-2017,15576.79582
4853,Alwar,6,8,Rajasthan,09-01-2017,15477.47518
4854,Udaipur,26,8,Rajasthan,09-01-2017,15183.44685
4855,Ganganagar,1,8,Rajasthan,09-01-2017,15564.84749
4856,Hanumangarh,2,8,Rajasthan,09-01-2017,15476.02487
4857,Baran,31,8,Rajasthan,09-01-2017,15381.17691
4858,Jaipur,12,8,Rajasthan,09-01-2017,15569.74754
4859,Jaisalmer,16,8,Rajasthan,09-01-2017,15999.69293
4860,Jalor,18,8,Rajasthan,09-01-2017,15509.07589
4861,Jhalawar,32,8,Rajasthan,09-01-2017,15335.47717
4862,Jhunjhunun,5,8,Rajasthan,09-01-2017,15612.70264
4863,Jodhpur,15,8,Rajasthan,09-01-2017,15724.28113
4864,Kota,30,8,Rajasthan,09-01-2017,15422.07684
4865,Nagaur,14,8,Rajasthan,09-01-2017,15594.55056
4866,Pali,20,8,Rajasthan,09-01-2017,15458.14453
4867,Rajsamand,25,8,Rajasthan,09-01-2017,15228.60472
4868,Sawai Madhopur,10,8,Rajasthan,09-01-2017,15555.3668
4869,Hathras,13,9,Uttar Pradesh,09-01-2017,15325.98142
4870,Auraiya,32,9,Uttar Pradesh,09-01-2017,15209.90589
4871,Azamgarh,61,9,Uttar Pradesh,09-01-2017,15138.12658
4872,Budaun,19,9,Uttar Pradesh,09-01-2017,15186.81171
4873,Agra,15,9,Uttar Pradesh,09-01-2017,15338.80259
4874,Aligarh,12,9,Uttar Pradesh,09-01-2017,15208.47308
4875,Allahabad,45,9,Uttar Pradesh,09-01-2017,15213.72907
4876,Ambedkar Nagar,48,9,Uttar Pradesh,09-01-2017,15119.08647
4877,Bareilly,20,9,Uttar Pradesh,09-01-2017,15145.75973
4878,Bijnor,3,9,Uttar Pradesh,09-01-2017,15137.13081
4879,Basti,55,9,Uttar Pradesh,09-01-2017,15109.32802
4880,Baghpat,8,9,Uttar Pradesh,09-01-2017,15182.87268
4881,Bahraich,50,9,Uttar Pradesh,09-01-2017,15105.50515
4882,Ballia,63,9,Uttar Pradesh,09-01-2017,15154.33
4883,Balrampur,52,9,Uttar Pradesh,09-01-2017,15126.07572
4884,Banda,40,9,Uttar Pradesh,09-01-2017,15298.59889
4885,Barabanki,46,9,Uttar Pradesh,09-01-2017,15100.18171
4886,Chitrakoot,41,9,Uttar Pradesh,09-01-2017,15235.45487
4887,Chandauli,66,9,Uttar Pradesh,09-01-2017,15142.95043
4888,Deoria,60,9,Uttar Pradesh,09-01-2017,15130.10367
4889,Etah,17,9,Uttar Pradesh,09-01-2017,15229.93215
4890,Kanpur Dehat,33,9,Uttar Pradesh,09-01-2017,15274.30502
4891,Etawah,31,9,Uttar Pradesh,09-01-2017,15207.30757
4892,Faizabad,47,9,Uttar Pradesh,09-01-2017,15126.41895
4893,Ghazipur,65,9,Uttar Pradesh,09-01-2017,15149.61316
4894,Gonda,53,9,Uttar Pradesh,09-01-2017,15113.5132
4895,Gorakhpur,58,9,Uttar Pradesh,09-01-2017,15150.91448
4896,Farrukhabad,29,9,Uttar Pradesh,09-01-2017,15232.30179
4897,Fatehpur,42,9,Uttar Pradesh,09-01-2017,15230.72197
4898,Firozabad,16,9,Uttar Pradesh,09-01-2017,15256.64074
4899,Hamirpur,38,9,Uttar Pradesh,09-01-2017,15459.30655
4900,Hardoi,25,9,Uttar Pradesh,09-01-2017,15172.15111
4901,Shrawasti,51,9,Uttar Pradesh,09-01-2017,15095.25307
4902,Saharanpur,1,9,Uttar Pradesh,09-01-2017,15115.54821
4903,Sitapur,24,9,Uttar Pradesh,09-01-2017,15128.49272
4904,Sultanpur,49,9,Uttar Pradesh,09-01-2017,15140.42557
4905,Sonbhadra,70,9,Uttar Pradesh,09-01-2017,15177.76098
4906,Siddharthnagar,54,9,Uttar Pradesh,09-01-2017,15123.97972
4907,Unnao,26,9,Uttar Pradesh,09-01-2017,15198.65583
4908,Varanasi,67,9,Uttar Pradesh,09-01-2017,15189.1202
4909,Bulandshahr,11,9,Uttar Pradesh,09-01-2017,15164.76561
4910,Gautam Buddha Nagar,10,9,Uttar Pradesh,09-01-2017,15222.95974
4911,Ghaziabad,9,9,Uttar Pradesh,09-01-2017,15221.122
4912,Jalaun,35,9,Uttar Pradesh,09-01-2017,15411.85436
4913,Jaunpur,64,9,Uttar Pradesh,09-01-2017,15167.82993
4914,Jhansi,36,9,Uttar Pradesh,09-01-2017,15372.19958
4915,Jyotiba Phule Nagar,6,9,Uttar Pradesh,09-01-2017,15160.92038
4916,Kannauj,30,9,Uttar Pradesh,09-01-2017,15259.87808
4917,Kanpur Nagar,34,9,Uttar Pradesh,09-01-2017,15280.49419
4918,Kaushambi,44,9,Uttar Pradesh,09-01-2017,15174.77799
4919,Kheri,23,9,Uttar Pradesh,09-01-2017,15122.46517
4920,Mirzapur,69,9,Uttar Pradesh,09-01-2017,15270.18479
4921,Moradabad,4,9,Uttar Pradesh,09-01-2017,15150.843
4922,Muzaffarnagar,2,9,Uttar Pradesh,09-01-2017,15144.80447
4923,Rae Bareli,28,9,Uttar Pradesh,09-01-2017,15158.72924
4924,Kushinagar,59,9,Uttar Pradesh,09-01-2017,15119.93941
4925,Lucknow,27,9,Uttar Pradesh,09-01-2017,15181.67419
4926,Lalitpur,37,9,Uttar Pradesh,09-01-2017,15302.63462
4927,Mahrajganj,57,9,Uttar Pradesh,09-01-2017,15102.06943
4928,Mahoba,39,9,Uttar Pradesh,09-01-2017,15341.59783
4929,Mainpuri,18,9,Uttar Pradesh,09-01-2017,15209.88203
4930,Mathura,14,9,Uttar Pradesh,09-01-2017,15303.10136
4931,Mau,62,9,Uttar Pradesh,09-01-2017,15135.99013
4932,Meerut,7,9,Uttar Pradesh,09-01-2017,15178.53381
4933,Pilibhit,21,9,Uttar Pradesh,09-01-2017,15113.6361
4934,Pratapgarh,43,9,Uttar Pradesh,09-01-2017,15155.24505
4935,Rampur,5,9,Uttar Pradesh,09-01-2017,15131.79356
4936,Sant Ravidas Nagar Bhadohi,68,9,Uttar Pradesh,09-01-2017,15190.08278
4937,Sant Kabir Nagar,56,9,Uttar Pradesh,09-01-2017,15110.52378
4938,Shahjahanpur,22,9,Uttar Pradesh,09-01-2017,15145.78809
4939,Araria,7,10,Bihar,09-01-2017,15152.43372
4940,Aurangabad,34,10,Bihar,09-01-2017,15160.16557
4941,Banka,23,10,Bihar,09-01-2017,15165.48969
4942,Bhagalpur,22,10,Bihar,09-01-2017,15129.48386
4943,Begusarai,20,10,Bihar,09-01-2017,15201.38156
4944,Saran,17,10,Bihar,09-01-2017,15161.49103
4945,Katihar,10,10,Bihar,09-01-2017,15160.33452
4946,Darbhanga,13,10,Bihar,09-01-2017,15173.14382
4947,Gopalganj,15,10,Bihar,09-01-2017,15119.16774
4948,Sheikhpura,26,10,Bihar,09-01-2017,15188.10821
4949,Sheohar,3,10,Bihar,09-01-2017,15169.36513
4950,Saharsa,12,10,Bihar,09-01-2017,15134.73462
4951,Sitamarhi,4,10,Bihar,09-01-2017,15190.10102
4952,Siwan,16,10,Bihar,09-01-2017,15140.62217
4953,Supaul,6,10,Bihar,09-01-2017,15143.77804
4954,Vaishali,18,10,Bihar,09-01-2017,15174.70646
4955,Kaimur (Bhabua),31,10,Bihar,09-01-2017,15140.78167
4956,Gaya,35,10,Bihar,09-01-2017,15183.04198
4957,Bhojpur,29,10,Bihar,09-01-2017,15177.8597
4958,Buxar,30,10,Bihar,09-01-2017,15125.61981
4959,Jehanabad,33,10,Bihar,09-01-2017,15160.66926
4960,Rohtas,32,10,Bihar,09-01-2017,15121.6558
4961,Jamui,37,10,Bihar,09-01-2017,15196.75113
4962,Kishanganj,8,10,Bihar,09-01-2017,15166.51935
4963,Muzaffarpur,14,10,Bihar,09-01-2017,15176.66253
4964,Purnia,9,10,Bihar,09-01-2017,15166.07505
4965,Khagaria,21,10,Bihar,09-01-2017,15157.05884
4966,Madhubani,5,10,Bihar,09-01-2017,15157.19766
4967,Lakhisarai,25,10,Bihar,09-01-2017,15200.85894
4968,Madhepura,11,10,Bihar,09-01-2017,15109.77395
4969,Purba Champaran,2,10,Bihar,09-01-2017,15154.68788
4970,Munger,24,10,Bihar,09-01-2017,15143.58414
4971,Nalanda,27,10,Bihar,09-01-2017,15183.69466
4972,Nawada,36,10,Bihar,09-01-2017,15172.60892
4973,Pashchim Champaran,1,10,Bihar,09-01-2017,15119.98714
4974,Patna,28,10,Bihar,09-01-2017,15197.90744
4975,Samastipur,19,10,Bihar,09-01-2017,15199.74894
4976,East,4,11,Sikkim,09-01-2017,14592.86664
4977,South,3,11,Sikkim,09-01-2017,14682.26794
4978,West,2,11,Sikkim,09-01-2017,14358.67823
4979,North,1,11,Sikkim,09-01-2017,14084.82815
4980,Changlang,12,12,Arunanchal Pradesh,09-01-2017,14857.47394
4981,Dibang Valley,10,12,Arunanchal Pradesh,09-01-2017,14510.8788
4982,East Kameng,3,12,Arunanchal Pradesh,09-01-2017,14586.40467
4983,East Siang,8,12,Arunanchal Pradesh,09-01-2017,14951.0658
4984,Tawang,1,12,Arunanchal Pradesh,09-01-2017,14214.16367
4985,Tirap,13,12,Arunanchal Pradesh,09-01-2017,14972.48094
4986,West Kameng,2,12,Arunanchal Pradesh,09-01-2017,14474.05271
4987,West Siang,7,12,Arunanchal Pradesh,09-01-2017,14675.01219
4988,Upper Siang,9,12,Arunanchal Pradesh,09-01-2017,14477.2253
4989,Upper Subansiri,6,12,Arunanchal Pradesh,09-01-2017,14480.75635
4990,Lohit,11,12,Arunanchal Pradesh,09-01-2017,14613.67615
4991,Lower Subansiri,5,12,Arunanchal Pradesh,09-01-2017,14530.67018
4992,Papum Pare,4,12,Arunanchal Pradesh,09-01-2017,14697.6385
4993,Tuensang,2,13,Nagaland,09-01-2017,14859.22699
4994,Wokha,5,13,Nagaland,09-01-2017,14995.61491
4995,Zunheboto,4,13,Nagaland,09-01-2017,14895.29085
4996,Dimapur,6,13,Nagaland,09-01-2017,15084.05187
4997,Kohima,7,13,Nagaland,09-01-2017,14904.07765
4998,Mokokchung,3,13,Nagaland,09-01-2017,15036.74335
4999,Mon,1,13,Nagaland,09-01-2017,15000.4111
5000,Phek,8,13,Nagaland,09-01-2017,14837.3802
5001,Bishnupur,4,14,Manipur,09-01-2017,14912.3757
5002,Chandel,9,14,Manipur,09-01-2017,14928.48047
5003,Churachandpur,3,14,Manipur,09-01-2017,14929.60259
5004,Tamenglong,2,14,Manipur,09-01-2017,14937.60838
5005,Thoubal,5,14,Manipur,09-01-2017,14985.90356
5006,Ukhrul,8,14,Manipur,09-01-2017,14884.64163
5007,Imphal East,7,14,Manipur,09-01-2017,15008.57243
5008,Imphal West,6,14,Manipur,09-01-2017,15042.02239
5009,Senapati (Excl. 3 sub-divisions),1,14,Manipur,09-01-2017,14823.19513
5010,Aizawl,3,15,Mizoram,09-01-2017,14969.57534
5011,Champhai,4,15,Mizoram,09-01-2017,14901.32471
5012,Kolasib,2,15,Mizoram,09-01-2017,15031.81832
5013,Mamit,1,15,Mizoram,09-01-2017,14986.54862
5014,Lunglei,6,15,Mizoram,09-01-2017,14948.55944
5015,Lawngtlai,7,15,Mizoram,09-01-2017,15001.5349
5016,Saiha,8,15,Mizoram,09-01-2017,14900.57994
5017,Serchhip,5,15,Mizoram,09-01-2017,14923.62524
5018,Dhalai,3,16,Tripura,09-01-2017,15031.7835
5019,South Tripura,2,16,Tripura,09-01-2017,15083.9143
5020,West Tripura,1,16,Tripura,09-01-2017,15102.46718
5021,North Tripura,4,16,Tripura,09-01-2017,15064.7432
5022,East Garo Hills,2,17,Meghalaya,09-01-2017,15032.84229
5023,East Khasi Hills,6,17,Meghalaya,09-01-2017,14939.17041
5024,Ri Bhoi,5,17,Meghalaya,09-01-2017,14996.41421
5025,South Garo Hills,3,17,Meghalaya,09-01-2017,15046.81966
5026,West Garo Hills,1,17,Meghalaya,09-01-2017,15041.26263
5027,West Khasi Hills,4,17,Meghalaya,09-01-2017,14940.50517
5028,Jaintia Hills,7,17,Meghalaya,09-01-2017,14985.35865
5029,Barpeta,5,18,Assam,09-01-2017,15090.34621
5030,Bongaigaon,4,18,Assam,09-01-2017,15116.72636
5031,Cachar,21,18,Assam,09-01-2017,15094.44642
5032,Darrang,8,18,Assam,09-01-2017,15079.4735
5033,Dhemaji,13,18,Assam,09-01-2017,15112.1235
5034,Dhubri,2,18,Assam,09-01-2017,15089.6761
5035,Dibrugarh,15,18,Assam,09-01-2017,15099.73251
5036,Kamrup,6,18,Assam,09-01-2017,15095.21323
5037,Karbi Anglong,19,18,Assam,09-01-2017,15003.23676
5038,Goalpara,3,18,Assam,09-01-2017,15074.20451
5039,Golaghat,18,18,Assam,09-01-2017,15062.50957
5040,Hailakandi,23,18,Assam,09-01-2017,15111.35185
5041,Sonitpur,11,18,Assam,09-01-2017,15095.28383
5042,Sibsagar,16,18,Assam,09-01-2017,15114.9033
5043,Tinsukia,14,18,Assam,09-01-2017,15178.4877
5044,Jorhat,17,18,Assam,09-01-2017,15063.7306
5045,Karimganj,22,18,Assam,09-01-2017,15109.57757
5046,Kokrajhar,1,18,Assam,09-01-2017,15124.06608
5047,Lakhimpur,12,18,Assam,09-01-2017,15102.05691
5048,Nagaon,10,18,Assam,09-01-2017,15106.45489
5049,Marigaon,9,18,Assam,09-01-2017,15090.69066
5050,Nalbari,7,18,Assam,09-01-2017,15096.30952
5051,North Cachar Hills,20,18,Assam,09-01-2017,14988.74289
5052,Hugli,12,19,West Bengal,09-01-2017,15159.92107
5053,Barddhaman,9,19,West Bengal,09-01-2017,15153.76792
5054,Birbhum,8,19,West Bengal,09-01-2017,15148.15554
5055,Bankura,13,19,West Bengal,09-01-2017,15182.20364
5056,Dakshin Dinajpur,5,19,West Bengal,09-01-2017,15118.58752
5057,Darjiling,1,19,West Bengal,09-01-2017,14966.8348
5058,Haora,16,19,West Bengal,09-01-2017,15203.62214
5059,South  Twenty Four Parganas,18,19,West Bengal,09-01-2017,15133.0165
5060,Uttar Dinajpur,4,19,West Bengal,09-01-2017,15153.14468
5061,Jalpaiguri,2,19,West Bengal,09-01-2017,15116.75245
5062,Koch Bihar,3,19,West Bengal,09-01-2017,15118.92568
5063,Murshidabad,7,19,West Bengal,09-01-2017,15188.88951
5064,Puruliya,14,19,West Bengal,09-01-2017,15185.26444
5065,Kolkata,17,19,West Bengal,09-01-2017,15421.80667
5066,Maldah,6,19,West Bengal,09-01-2017,15146.13046
5067,Nadia,10,19,West Bengal,09-01-2017,15201.49975
5068,North Twenty Four Parganas,11,19,West Bengal,09-01-2017,15138.26037
5069,Medinipur,15,19,West Bengal,09-01-2017,15170.69083
5070,Bokaro,13,20,Jharkhand,09-01-2017,15207.72411
5071,Deoghar,7,20,Jharkhand,09-01-2017,15255.80389
5072,Dhanbad,12,20,Jharkhand,09-01-2017,15232.61628
5073,Dumka,11,20,Jharkhand,09-01-2017,15217.16644
5074,Giridih,6,20,Jharkhand,09-01-2017,15252.49435
5075,Godda,8,20,Jharkhand,09-01-2017,15159.57104
5076,Gumla,16,20,Jharkhand,09-01-2017,15124.706
5077,Ranchi,14,20,Jharkhand,09-01-2017,15131.68194
5078,Sahibganj,9,20,Jharkhand,09-01-2017,15125.17321
5079,Garhwa,1,20,Jharkhand,09-01-2017,15143.48172
5080,Palamu,2,20,Jharkhand,09-01-2017,15144.35248
5081,Chatra,3,20,Jharkhand,09-01-2017,15145.39315
5082,Hazaribagh,4,20,Jharkhand,09-01-2017,15157.04323
5083,Kodarma,5,20,Jharkhand,09-01-2017,15169.53475
5084,Purbi Singhbhum,18,20,Jharkhand,09-01-2017,15186.88886
5085,Lohardaga,15,20,Jharkhand,09-01-2017,15081.2823
5086,Pakaur,10,20,Jharkhand,09-01-2017,15182.91837
5087,Pashchimi Singhbhum,17,20,Jharkhand,09-01-2017,15150.71061
5088,Anugul,15,21,Orissa,09-01-2017,15150.10311
5089,Bhadrak,9,21,Orissa,09-01-2017,15158.83363
5090,Baudh,22,21,Orissa,09-01-2017,15132.1849
5091,Balangir,24,21,Orissa,09-01-2017,15168.98844
5092,Baleshwar,8,21,Orissa,09-01-2017,15149.48007
5093,Bargarh,1,21,Orissa,09-01-2017,15143.74716
5094,Kendrapara,10,21,Orissa,09-01-2017,15146.16989
5095,Kendujhar,6,21,Orissa,09-01-2017,15132.33248
5096,Debagarh,4,21,Orissa,09-01-2017,15126.63471
5097,Cuttack,12,21,Orissa,09-01-2017,15161.82796
5098,Dhenkanal,14,21,Orissa,09-01-2017,15193.27478
5099,Kalahandi,26,21,Orissa,09-01-2017,15116.04979
5100,Ganjam,19,21,Orissa,09-01-2017,15129.77644
5101,Gajapati,20,21,Orissa,09-01-2017,15077.337
5102,Rayagada,27,21,Orissa,09-01-2017,15089.09082
5103,Sundargarh,5,21,Orissa,09-01-2017,15140.01428
5104,Sonapur,23,21,Orissa,09-01-2017,15153.02575
5105,Jajapur,13,21,Orissa,09-01-2017,15187.1058
5106,Jagatsinghapur,11,21,Orissa,09-01-2017,15115.33589
5107,Jharsuguda,2,21,Orissa,09-01-2017,15147.82095
5108,Khordha,17,21,Orissa,09-01-2017,15137.05619
5109,Mayurbhanj,7,21,Orissa,09-01-2017,15131.98
5110,Puri,18,21,Orissa,09-01-2017,15111.5163
5111,Koraput,29,21,Orissa,09-01-2017,15057.29366
5112,Malkangiri,30,21,Orissa,09-01-2017,15107.47163
5113,Nabarangapur,28,21,Orissa,09-01-2017,15072.94198
5114,Nayagarh,16,21,Orissa,09-01-2017,15110.79617
5115,Nuapada,25,21,Orissa,09-01-2017,15127.37748
5116,Kandhamal,21,21,Orissa,09-01-2017,15040.16032
5117,Sambalpur,3,21,Orissa,09-01-2017,15126.53138
5118,Bastar,15,22,Chhattisgarh,09-01-2017,15059.39357
5119,Dantewada,16,22,Chhattisgarh,09-01-2017,15092.72004
5120,Dhamtari,13,22,Chhattisgarh,09-01-2017,15071.71659
5121,Durg,10,22,Chhattisgarh,09-01-2017,15136.28375
5122,Kanker,14,22,Chhattisgarh,09-01-2017,15081.6956
5123,Surguja,2,22,Chhattisgarh,09-01-2017,15098.65828
5124,Bilaspur,7,22,Chhattisgarh,09-01-2017,15113.68768
5125,Janjgir - Champa,6,22,Chhattisgarh,09-01-2017,15088.30021
5126,Korba,5,22,Chhattisgarh,09-01-2017,15114.08077
5127,Kawardha,8,22,Chhattisgarh,09-01-2017,15098.91014
5128,Jashpur,3,22,Chhattisgarh,09-01-2017,15094.2625
5129,Koriya,1,22,Chhattisgarh,09-01-2017,15112.79716
5130,Mahasamund,12,22,Chhattisgarh,09-01-2017,15110.60033
5131,Raigarh,4,22,Chhattisgarh,09-01-2017,15123.28576
5132,Raipur,11,22,Chhattisgarh,09-01-2017,15127.33523
5133,Rajnandgaon,9,22,Chhattisgarh,09-01-2017,15116.34355
5134,Hoshangabad,37,23,Madhya Pradesh,09-01-2017,15149.29459
5135,Indore,26,23,Madhya Pradesh,09-01-2017,15319.86618
5136,Bhind,3,23,Madhya Pradesh,09-01-2017,15386.36736
5137,Bhopal,32,23,Madhya Pradesh,09-01-2017,15287.78008
5138,Barwani,28,23,Madhya Pradesh,09-01-2017,15246.12849
5139,Betul,35,23,Madhya Pradesh,09-01-2017,15112.35431
5140,Balaghat,45,23,Madhya Pradesh,09-01-2017,15064.37195
5141,Chhatarpur,9,23,Madhya Pradesh,09-01-2017,15276.58001
5142,Chhindwara,43,23,Madhya Pradesh,09-01-2017,15107.09639
5143,Dewas,23,23,Madhya Pradesh,09-01-2017,15282.97611
5144,Katni,38,23,Madhya Pradesh,09-01-2017,15170.46729
5145,Datia,5,23,Madhya Pradesh,09-01-2017,15315.46659
5146,Damoh,12,23,Madhya Pradesh,09-01-2017,15254.18537
5147,Dhar,25,23,Madhya Pradesh,09-01-2017,15271.37512
5148,East Nimar,29,23,Madhya Pradesh,09-01-2017,15185.58341
5149,Guna,7,23,Madhya Pradesh,09-01-2017,15298.86248
5150,Gwalior,4,23,Madhya Pradesh,09-01-2017,15352.70818
5151,Harda,36,23,Madhya Pradesh,09-01-2017,15211.59165
5152,Shajapur,22,23,Madhya Pradesh,09-01-2017,15337.84863
5153,Shivpuri,6,23,Madhya Pradesh,09-01-2017,15308.50484
5154,Ratlam,20,23,Madhya Pradesh,09-01-2017,15329.25779
5155,Rewa,14,23,Madhya Pradesh,09-01-2017,15250.76204
5156,Sagar,11,23,Madhya Pradesh,09-01-2017,15257.5764
5157,Sidhi,17,23,Madhya Pradesh,09-01-2017,15191.90967
5158,Ujjain,21,23,Madhya Pradesh,09-01-2017,15355.94603
5159,Vidisha,31,23,Madhya Pradesh,09-01-2017,15312.7342
5160,West Nimar,27,23,Madhya Pradesh,09-01-2017,15222.91559
5161,Morena,2,23,Madhya Pradesh,09-01-2017,15351.61408
5162,Sheopur,1,23,Madhya Pradesh,09-01-2017,15365.56299
5163,Dindori,41,23,Madhya Pradesh,09-01-2017,15104.8189
5164,Mandla,42,23,Madhya Pradesh,09-01-2017,15102.56549
5165,Shahdol,16,23,Madhya Pradesh,09-01-2017,15177.92536
5166,Umaria,15,23,Madhya Pradesh,09-01-2017,15181.29559
5167,Jabalpur,39,23,Madhya Pradesh,09-01-2017,15170.11357
5168,Jhabua,24,23,Madhya Pradesh,09-01-2017,15203.49294
5169,Mandsaur,19,23,Madhya Pradesh,09-01-2017,15375.29474
5170,Tikamgarh,8,23,Madhya Pradesh,09-01-2017,15305.51628
5171,Narsimhapur,40,23,Madhya Pradesh,09-01-2017,15178.62395
5172,Neemuch,18,23,Madhya Pradesh,09-01-2017,15335.82796
5173,Panna,10,23,Madhya Pradesh,09-01-2017,15209.40296
5174,Raisen,34,23,Madhya Pradesh,09-01-2017,15187.28055
5175,Rajgarh,30,23,Madhya Pradesh,09-01-2017,15334.66303
5176,Satna,13,23,Madhya Pradesh,09-01-2017,15225.48313
5177,Sehore,33,23,Madhya Pradesh,09-01-2017,15273.58377
5178,Seoni,44,23,Madhya Pradesh,09-01-2017,15101.28325
5179,Anand,15,24,Gujarat,09-01-2017,15218.06345
5180,Ahmadabad,7,24,Gujarat,09-01-2017,15301.86891
5181,Amreli,13,24,Gujarat,09-01-2017,15240.38269
5182,Bhavnagar,14,24,Gujarat,09-01-2017,15280.14348
5183,Banas Kantha,2,24,Gujarat,09-01-2017,15415.01978
5184,Dohad,18,24,Gujarat,09-01-2017,15199.86586
5185,Junagadh,12,24,Gujarat,09-01-2017,15182.41086
5186,Kachchh,1,24,Gujarat,09-01-2017,15415.12219
5187,Gandhinagar,6,24,Gujarat,09-01-2017,15291.96741
5188,Sabar Kantha,5,24,Gujarat,09-01-2017,15285.22487
5189,Surendranagar,8,24,Gujarat,09-01-2017,15360.17768
5190,The Dangs,23,24,Gujarat,09-01-2017,15056.06965
5191,Vadodara,19,24,Gujarat,09-01-2017,15265.33611
5192,Valsad,25,24,Gujarat,09-01-2017,15104.31931
5193,Bharuch,21,24,Gujarat,09-01-2017,15304.33057
5194,Surat,22,24,Gujarat,09-01-2017,15175.01698
5195,Jamnagar,10,24,Gujarat,09-01-2017,15244.6883
5196,Kheda,16,24,Gujarat,09-01-2017,15276.40437
5197,Mahesana,4,24,Gujarat,09-01-2017,15367.58303
5198,Narmada,20,24,Gujarat,09-01-2017,15191.66783
5199,Navsari,24,24,Gujarat,09-01-2017,15141.87058
5200,Panch Mahals,17,24,Gujarat,09-01-2017,15235.41193
5201,Patan,3,24,Gujarat,09-01-2017,15454.02384
5202,Porbandar,11,24,Gujarat,09-01-2017,15188.24163
5203,Rajkot,9,24,Gujarat,09-01-2017,15272.05938
5204,Daman,2,25,Daman & Diu,09-01-2017,15127.72928
5205,Diu,1,25,Daman & Diu,09-01-2017,15119.16809
5206,Hingoli,16,27,Maharashtra,09-01-2017,15244.98193
5207,Aurangabad,19,27,Maharashtra,09-01-2017,15180.18153
5208,Ahmadnagar,26,27,Maharashtra,09-01-2017,15262.54548
5209,Akola,5,27,Maharashtra,09-01-2017,15257.08321
5210,Amravati,7,27,Maharashtra,09-01-2017,15187.73895
5211,Bid,27,27,Maharashtra,09-01-2017,15224.23586
5212,Bhandara,10,27,Maharashtra,09-01-2017,15114.30014
5213,Buldana,4,27,Maharashtra,09-01-2017,15215.20096
5214,Chandrapur,13,27,Maharashtra,09-01-2017,15160.09826
5215,Dhule,2,27,Maharashtra,09-01-2017,15307.08974
5216,Gadchiroli,12,27,Maharashtra,09-01-2017,15121.86984
5217,Gondiya,11,27,Maharashtra,09-01-2017,15107.71673
5218,Ratnagiri,32,27,Maharashtra,09-01-2017,15045.36235
5219,Raigarh,24,27,Maharashtra,09-01-2017,15092.61797
5220,Thane,21,27,Maharashtra,09-01-2017,15096.95334
5221,Solapur,30,27,Maharashtra,09-01-2017,15301.82397
5222,Sindhudurg,33,27,Maharashtra,09-01-2017,15094.19868
5223,Wardha,8,27,Maharashtra,09-01-2017,15177.24381
5224,Washim,6,27,Maharashtra,09-01-2017,15271.19805
5225,Yavatmal,14,27,Maharashtra,09-01-2017,15206.71997
5226,Jalgaon,3,27,Maharashtra,09-01-2017,15235.00181
5227,Jalna,18,27,Maharashtra,09-01-2017,15218.06546
5228,Kolhapur,34,27,Maharashtra,09-01-2017,15048.55444
5229,Latur,28,27,Maharashtra,09-01-2017,15178.13122
5230,Pune,25,27,Maharashtra,09-01-2017,15157.70298
5231,Nagpur,9,27,Maharashtra,09-01-2017,15155.23328
5232,Mumbai,23,27,Maharashtra,09-01-2017,15261.14744
5233,Mumbai (Suburban),22,27,Maharashtra,09-01-2017,15215.87656
5234,Nanded,15,27,Maharashtra,09-01-2017,15233.34686
5235,Nandurbar,1,27,Maharashtra,09-01-2017,15207.45869
5236,Nashik,20,27,Maharashtra,09-01-2017,15217.56787
5237,Osmanabad,29,27,Maharashtra,09-01-2017,15207.86605
5238,Parbhani,17,27,Maharashtra,09-01-2017,15262.56227
5239,Sangli,35,27,Maharashtra,09-01-2017,15284.0882
5240,Satara,31,27,Maharashtra,09-01-2017,15141.10461
5241,Hyderabad,5,28,Andhra Pradesh,09-01-2017,15316.64439
5242,Anantapur,22,28,Andhra Pradesh,09-01-2017,15392.0192
5243,Adilabad,1,28,Andhra Pradesh,09-01-2017,15158.43682
5244,Chittoor,23,28,Andhra Pradesh,09-01-2017,15195.3371
5245,Cuddapah,20,28,Andhra Pradesh,09-01-2017,15316.73729
5246,East Godavari,14,28,Andhra Pradesh,09-01-2017,15124.80422
5247,Karimnagar,3,28,Andhra Pradesh,09-01-2017,15174.71559
5248,Guntur,17,28,Andhra Pradesh,09-01-2017,15295.9667
5249,Rangareddi,6,28,Andhra Pradesh,09-01-2017,15183.48571
5250,Srikakulam,11,28,Andhra Pradesh,09-01-2017,15169.73552
5251,West Godavari,15,28,Andhra Pradesh,09-01-2017,15165.22015
5252,Visakhapatnam,13,28,Andhra Pradesh,09-01-2017,15117.91009
5253,Vizianagaram,12,28,Andhra Pradesh,09-01-2017,15189.95187
5254,Warangal,9,28,Andhra Pradesh,09-01-2017,15174.75756
5255,Khammam,10,28,Andhra Pradesh,09-01-2017,15168.12594
5256,Medak,4,28,Andhra Pradesh,09-01-2017,15138.25265
5257,Krishna,16,28,Andhra Pradesh,09-01-2017,15165.09543
5258,Kurnool,21,28,Andhra Pradesh,09-01-2017,15381.82177
5259,Mahbubnagar,7,28,Andhra Pradesh,09-01-2017,15250.99551
5260,Nalgonda,8,28,Andhra Pradesh,09-01-2017,15233.45367
5261,Nellore,19,28,Andhra Pradesh,09-01-2017,15392.09523
5262,Nizamabad,2,28,Andhra Pradesh,09-01-2017,15117.37048
5263,Prakasam,18,28,Andhra Pradesh,09-01-2017,15383.02972
5264,Hassan,23,29,Karnataka,09-01-2017,15081.90038
5265,Haveri,11,29,Karnataka,09-01-2017,15144.66229
5266,Bagalkot,2,29,Karnataka,09-01-2017,15373.93425
5267,Bangalore,20,29,Karnataka,09-01-2017,15134.06162
5268,Bidar,5,29,Karnataka,09-01-2017,15221.3466
5269,Bijapur,3,29,Karnataka,09-01-2017,15358.80625
5270,Belgaum,1,29,Karnataka,09-01-2017,15244.44141
5271,Bellary,12,29,Karnataka,09-01-2017,15364.62302
5272,Bangalore Rural,21,29,Karnataka,09-01-2017,15099.84956
5273,Chamarajanagar,27,29,Karnataka,09-01-2017,15104.03481
5274,Chikmagalur,17,29,Karnataka,09-01-2017,15053.17845
5275,Chitradurga,13,29,Karnataka,09-01-2017,15369.25166
5276,Dakshina Kannada,24,29,Karnataka,09-01-2017,15095.124
5277,Davanagere,14,29,Karnataka,09-01-2017,15181.81744
5278,Dharwad,9,29,Karnataka,09-01-2017,15412.23791
5279,Gulbarga,4,29,Karnataka,09-01-2017,15313.09054
5280,Gadag,8,29,Karnataka,09-01-2017,15592.65964
5281,Shimoga,15,29,Karnataka,09-01-2017,14991.79471
5282,Tumkur,18,29,Karnataka,09-01-2017,15206.34246
5283,Udupi,16,29,Karnataka,09-01-2017,15134.88089
5284,Uttara Kannada,10,29,Karnataka,09-01-2017,15006.88729
5285,Kodagu,25,29,Karnataka,09-01-2017,14974.2513
5286,Kolar,19,29,Karnataka,09-01-2017,15166.97093
5287,Mandya,22,29,Karnataka,09-01-2017,15164.77427
5288,Koppal,7,29,Karnataka,09-01-2017,15359.58844
5289,Mysore,26,29,Karnataka,09-01-2017,15160.92224
5290,Raichur,6,29,Karnataka,09-01-2017,15343.46591
5291,South Goa,2,30,Goa,09-01-2017,15109.67651
5292,North Goa,1,30,Goa,09-01-2017,15148.93849
5293,Idukki,9,32,Kerala,09-01-2017,14898.49307
5294,Alappuzha,11,32,Kerala,09-01-2017,15077.3219
5295,Kasaragod,1,32,Kerala,09-01-2017,15104.00794
5296,Kannur,2,32,Kerala,09-01-2017,15097.11486
5297,Ernakulam,8,32,Kerala,09-01-2017,15135.10383
5298,Thrissur,7,32,Kerala,09-01-2017,15082.29535
5299,Thiruvananthapuram,14,32,Kerala,09-01-2017,15123.96159
5300,Wayanad,3,32,Kerala,09-01-2017,14986.31942
5301,Kollam,13,32,Kerala,09-01-2017,15105.23237
5302,Kottayam,10,32,Kerala,09-01-2017,15130.35114
5303,Kozhikode,4,32,Kerala,09-01-2017,15064.19403
5304,Malappuram,5,32,Kerala,09-01-2017,15084.03315
5305,Palakkad,6,32,Kerala,09-01-2017,15049.33571
5306,Pathanamthitta,12,32,Kerala,09-01-2017,15059.01994
5307,Ariyalur,17,33,Tamil Nadu,09-01-2017,15454.48289
5308,Coimbatore,12,33,Tamil Nadu,09-01-2017,15248.32242
5309,Cuddalore,18,33,Tamil Nadu,09-01-2017,15414.47303
5310,Dharmapuri,5,33,Tamil Nadu,09-01-2017,15166.09748
5311,Dindigul,13,33,Tamil Nadu,09-01-2017,15303.82933
5312,Erode,10,33,Tamil Nadu,09-01-2017,15335.60462
5313,Sivaganga,23,33,Tamil Nadu,09-01-2017,15564.88224
5314,Tiruchirappalli,15,33,Tamil Nadu,09-01-2017,15351.83619
5315,Tirunelveli,29,33,Tamil Nadu,09-01-2017,15562.90296
5316,Tiruvannamalai,6,33,Tamil Nadu,09-01-2017,15254.37096
5317,Thoothukkudi,28,33,Tamil Nadu,09-01-2017,15809.44181
5318,Theni,25,33,Tamil Nadu,09-01-2017,15255.11102
5319,Vellore,4,33,Tamil Nadu,09-01-2017,15167.97949
5320,Viluppuram,7,33,Tamil Nadu,09-01-2017,15397.2178
5321,Virudhunagar,26,33,Tamil Nadu,09-01-2017,15634.51588
5322,Chennai,2,33,Tamil Nadu,09-01-2017,15406.39948
5323,Kancheepuram,3,33,Tamil Nadu,09-01-2017,15281.20398
5324,Thiruvallur,1,33,Tamil Nadu,09-01-2017,15270.01762
5325,Thanjavur,21,33,Tamil Nadu,09-01-2017,15354.11332
5326,Thiruvarur,20,33,Tamil Nadu,09-01-2017,15442.99701
5327,Nagapattinam,19,33,Tamil Nadu,09-01-2017,15416.69308
5328,Kanniyakumari,30,33,Tamil Nadu,09-01-2017,15097.43778
5329,Karur,14,33,Tamil Nadu,09-01-2017,15457.46243
5330,Madurai,24,33,Tamil Nadu,09-01-2017,15460.11206
5331,Namakkal,9,33,Tamil Nadu,09-01-2017,15345.87596
5332,The Nilgiris,11,33,Tamil Nadu,09-01-2017,14861.22848
5333,Perambalur,16,33,Tamil Nadu,09-01-2017,15494.23922
5334,Pudukkottai,22,33,Tamil Nadu,09-01-2017,15472.21662
5335,Ramanathapuram,27,33,Tamil Nadu,09-01-2017,15742.5104
5336,Salem,8,33,Tamil Nadu,09-01-2017,15264.15048
5337,Yanam,1,34,Puducherry,09-01-2017,15085.10124
5338,Karaikal,4,34,Puducherry,09-01-2017,15400.14109
5339,Mahe,3,34,Puducherry,09-01-2017,14994.97632
5340,Pondicherry,2,34,Puducherry,09-01-2017,15301.23454
5341,Nicobars,2,35,Andaman & Nicobar Island,09-01-2017,14934.51147
5342,Andamans,1,35,Andaman & Nicobar Island,09-01-2017,14904.92267
5343,Chandigarh,1,4,Chandigarh,10-01-2017,15225.3883
5344,Dadra & Nagar Haveli,1,26,Dadara & Nagar Havelli,10-01-2017,15188.25169
5345,Lakshadweep,1,31,Lakshadweep,10-01-2017,15020.3681
5346,Data Not Available,99,99,Jammu and Kashmir,10-01-2017,14171.21517
5347,Anantnag,6,1,Jammu and Kashmir,10-01-2017,14567.75618
5348,Badgam,4,1,Jammu and Kashmir,10-01-2017,14674.11535
5349,Baramula,2,1,Jammu and Kashmir,10-01-2017,14607.35455
5350,Doda,9,1,Jammu and Kashmir,10-01-2017,14430.60075
5351,Srinagar,3,1,Jammu and Kashmir,10-01-2017,14540.86208
5352,Udhampur,10,1,Jammu and Kashmir,10-01-2017,14879.70421
5353,Jammu,13,1,Jammu and Kashmir,10-01-2017,15130.35941
5354,Kargil,8,1,Jammu and Kashmir,10-01-2017,14392.057
5355,Kathua,14,1,Jammu and Kashmir,10-01-2017,15015.71322
5356,Leh (Ladakh),7,1,Jammu and Kashmir,10-01-2017,14343.97423
5357,Kupwara,1,1,Jammu and Kashmir,10-01-2017,14671.62968
5358,Punch,11,1,Jammu and Kashmir,10-01-2017,14853.77023
5359,Pulwama,5,1,Jammu and Kashmir,10-01-2017,14768.24799
5360,Rajauri,12,1,Jammu and Kashmir,10-01-2017,14999.97073
5361,Bilaspur,8,2,Himachal Pradesh,10-01-2017,14963.7288
5362,Chamba,1,2,Himachal Pradesh,10-01-2017,14567.49237
5363,Hamirpur,6,2,Himachal Pradesh,10-01-2017,15007.0192
5364,Shimla,11,2,Himachal Pradesh,10-01-2017,14667.78383
5365,Sirmaur,10,2,Himachal Pradesh,10-01-2017,14928.22481
5366,Solan,9,2,Himachal Pradesh,10-01-2017,14971.2994
5367,Una,7,2,Himachal Pradesh,10-01-2017,15081.99981
5368,Kangra,2,2,Himachal Pradesh,10-01-2017,14856.22392
5369,Kinnaur,12,2,Himachal Pradesh,10-01-2017,14403.16697
5370,Lahul & Spiti,3,2,Himachal Pradesh,10-01-2017,14308.44754
5371,Kullu,4,2,Himachal Pradesh,10-01-2017,14397.41581
5372,Mandi,5,2,Himachal Pradesh,10-01-2017,14828.91112
5373,Hoshiarpur,5,3,Punjab,10-01-2017,15154.45816
5374,Amritsar,2,3,Punjab,10-01-2017,15132.67996
5375,Firozpur,11,3,Punjab,10-01-2017,15169.34169
5376,Bathinda,14,3,Punjab,10-01-2017,15183.18386
5377,Gurdaspur,1,3,Punjab,10-01-2017,15100.0417
5378,Faridkot,13,3,Punjab,10-01-2017,15176.92791
5379,Fatehgarh Sahib,8,3,Punjab,10-01-2017,15162.68227
5380,Rupnagar,7,3,Punjab,10-01-2017,15158.45358
5381,Jalandhar,4,3,Punjab,10-01-2017,15171.26438
5382,Kapurthala,3,3,Punjab,10-01-2017,15151.28527
5383,Ludhiana,9,3,Punjab,10-01-2017,15139.47666
5384,Mansa,15,3,Punjab,10-01-2017,15187.18984
5385,Moga,10,3,Punjab,10-01-2017,15114.40937
5386,Muktsar,12,3,Punjab,10-01-2017,15161.79842
5387,Nawanshahr,6,3,Punjab,10-01-2017,15156.02078
5388,Patiala,17,3,Punjab,10-01-2017,15174.90228
5389,Sangrur,16,3,Punjab,10-01-2017,15127.38487
5390,Hardwar,13,5,Uttarakhand,10-01-2017,15112.43496
5391,Bageshwar,8,5,Uttarakhand,10-01-2017,14664.96826
5392,Almora,9,5,Uttarakhand,10-01-2017,14906.9747
5393,Chamoli,2,5,Uttarakhand,10-01-2017,14376.48752
5394,Champawat,10,5,Uttarakhand,10-01-2017,14886.33769
5395,Dehradun,5,5,Uttarakhand,10-01-2017,14938.55699
5396,Garhwal,6,5,Uttarakhand,10-01-2017,14890.63654
5397,Rudraprayag,3,5,Uttarakhand,10-01-2017,14554.7424
5398,Tehri Garhwal,4,5,Uttarakhand,10-01-2017,14724.47672
5399,Udham Singh Nagar,12,5,Uttarakhand,10-01-2017,15144.38552
5400,Uttarkashi,1,5,Uttarakhand,10-01-2017,14410.90552
5401,Nainital,11,5,Uttarakhand,10-01-2017,14962.04641
5402,Pithoragarh,7,5,Uttarakhand,10-01-2017,14506.0425
5403,Hisar,12,6,Haryana,10-01-2017,15374.98007
5404,Ambala,2,6,Haryana,10-01-2017,15176.98932
5405,Gurgaon,18,6,Haryana,10-01-2017,15460.33083
5406,Faridabad,19,6,Haryana,10-01-2017,15318.72639
5407,Fatehabad,10,6,Haryana,10-01-2017,15234.23223
5408,Rohtak,14,6,Haryana,10-01-2017,15254.74595
5409,Sirsa,11,6,Haryana,10-01-2017,15316.91795
5410,Sonipat,8,6,Haryana,10-01-2017,15210.0897
5411,Yamunanagar,3,6,Haryana,10-01-2017,15132.70173
5412,Jhajjar,15,6,Haryana,10-01-2017,15420.90188
5413,Mahendragarh,16,6,Haryana,10-01-2017,15635.13018
5414,Rewari,17,6,Haryana,10-01-2017,15595.5027
5415,Bhiwani,13,6,Haryana,10-01-2017,15528.88868
5416,Jind,9,6,Haryana,10-01-2017,15198.22084
5417,Kaithal,5,6,Haryana,10-01-2017,15180.69271
5418,Karnal,6,6,Haryana,10-01-2017,15182.24364
5419,Kurukshetra,4,6,Haryana,10-01-2017,15189.79211
5420,Panchkula,1,6,Haryana,10-01-2017,15115.21932
5421,Panipat,7,6,Haryana,10-01-2017,15162.03814
5422,Central,6,7,Delhi  & NCR,10-01-2017,15293.70548
5423,East,4,7,Delhi  & NCR,10-01-2017,15302.19359
5424,New Delhi,5,7,Delhi  & NCR,10-01-2017,15241.64516
5425,North,2,7,Delhi  & NCR,10-01-2017,15295.51092
5426,North East,3,7,Delhi  & NCR,10-01-2017,15323.00791
5427,North West,1,7,Delhi  & NCR,10-01-2017,15341.52511
5428,South,9,7,Delhi  & NCR,10-01-2017,15270.48228
5429,South West,8,7,Delhi  & NCR,10-01-2017,15371.05703
5430,West,7,7,Delhi  & NCR,10-01-2017,15333.4527
5431,Ajmer,21,8,Rajasthan,10-01-2017,15666.57645
5432,Banswara,28,8,Rajasthan,10-01-2017,15430.37069
5433,Barmer,17,8,Rajasthan,10-01-2017,15842.84358
5434,Bhilwara,24,8,Rajasthan,10-01-2017,15556.6291
5435,Bikaner,3,8,Rajasthan,10-01-2017,15912.84434
5436,Bharatpur,7,8,Rajasthan,10-01-2017,15664.88144
5437,Bundi,23,8,Rajasthan,10-01-2017,15607.11329
5438,Chittaurgarh,29,8,Rajasthan,10-01-2017,15475.64723
5439,Churu,4,8,Rajasthan,10-01-2017,15792.18247
5440,Dausa,11,8,Rajasthan,10-01-2017,15669.81914
5441,Dhaulpur,8,8,Rajasthan,10-01-2017,15617.61414
5442,Dungarpur,27,8,Rajasthan,10-01-2017,15389.55651
5443,Karauli,9,8,Rajasthan,10-01-2017,15651.20144
5444,Sirohi,19,8,Rajasthan,10-01-2017,15503.42433
5445,Tonk,22,8,Rajasthan,10-01-2017,15737.51103
5446,Sikar,13,8,Rajasthan,10-01-2017,15697.58767
5447,Alwar,6,8,Rajasthan,10-01-2017,15581.0518
5448,Udaipur,26,8,Rajasthan,10-01-2017,15360.52778
5449,Ganganagar,1,8,Rajasthan,10-01-2017,15607.99316
5450,Hanumangarh,2,8,Rajasthan,10-01-2017,15582.13326
5451,Baran,31,8,Rajasthan,10-01-2017,15613.63597
5452,Jaipur,12,8,Rajasthan,10-01-2017,15686.4562
5453,Jaisalmer,16,8,Rajasthan,10-01-2017,16053.46161
5454,Jalor,18,8,Rajasthan,10-01-2017,15676.84207
5455,Jhalawar,32,8,Rajasthan,10-01-2017,15556.73478
5456,Jhunjhunun,5,8,Rajasthan,10-01-2017,15681.98433
5457,Jodhpur,15,8,Rajasthan,10-01-2017,15870.28374
5458,Kota,30,8,Rajasthan,10-01-2017,15632.04877
5459,Nagaur,14,8,Rajasthan,10-01-2017,15773.95104
5460,Pali,20,8,Rajasthan,10-01-2017,15650.85
5461,Rajsamand,25,8,Rajasthan,10-01-2017,15400.3904
5462,Sawai Madhopur,10,8,Rajasthan,10-01-2017,15683.17377
5463,Hathras,13,9,Uttar Pradesh,10-01-2017,15452.6357
5464,Auraiya,32,9,Uttar Pradesh,10-01-2017,15306.12006
5465,Azamgarh,61,9,Uttar Pradesh,10-01-2017,15181.11319
5466,Budaun,19,9,Uttar Pradesh,10-01-2017,15276.8316
5467,Agra,15,9,Uttar Pradesh,10-01-2017,15489.85618
5468,Aligarh,12,9,Uttar Pradesh,10-01-2017,15359.17815
5469,Allahabad,45,9,Uttar Pradesh,10-01-2017,15236.45226
5470,Ambedkar Nagar,48,9,Uttar Pradesh,10-01-2017,15178.80938
5471,Bareilly,20,9,Uttar Pradesh,10-01-2017,15189.7954
5472,Bijnor,3,9,Uttar Pradesh,10-01-2017,15132.69924
5473,Basti,55,9,Uttar Pradesh,10-01-2017,15178.92991
5474,Baghpat,8,9,Uttar Pradesh,10-01-2017,15195.26937
5475,Bahraich,50,9,Uttar Pradesh,10-01-2017,15171.79266
5476,Ballia,63,9,Uttar Pradesh,10-01-2017,15207.28462
5477,Balrampur,52,9,Uttar Pradesh,10-01-2017,15176.17008
5478,Banda,40,9,Uttar Pradesh,10-01-2017,15399.49118
5479,Barabanki,46,9,Uttar Pradesh,10-01-2017,15196.15427
5480,Chitrakoot,41,9,Uttar Pradesh,10-01-2017,15324.0397
5481,Chandauli,66,9,Uttar Pradesh,10-01-2017,15161.90449
5482,Deoria,60,9,Uttar Pradesh,10-01-2017,15184.83783
5483,Etah,17,9,Uttar Pradesh,10-01-2017,15355.4095
5484,Kanpur Dehat,33,9,Uttar Pradesh,10-01-2017,15352.32292
5485,Etawah,31,9,Uttar Pradesh,10-01-2017,15317.23853
5486,Faizabad,47,9,Uttar Pradesh,10-01-2017,15194.74132
5487,Ghazipur,65,9,Uttar Pradesh,10-01-2017,15177.19099
5488,Gonda,53,9,Uttar Pradesh,10-01-2017,15177.14652
5489,Gorakhpur,58,9,Uttar Pradesh,10-01-2017,15205.4732
5490,Farrukhabad,29,9,Uttar Pradesh,10-01-2017,15354.73756
5491,Fatehpur,42,9,Uttar Pradesh,10-01-2017,15311.29691
5492,Firozabad,16,9,Uttar Pradesh,10-01-2017,15400.40184
5493,Hamirpur,38,9,Uttar Pradesh,10-01-2017,15554.74263
5494,Hardoi,25,9,Uttar Pradesh,10-01-2017,15272.16045
5495,Shrawasti,51,9,Uttar Pradesh,10-01-2017,15175.7983
5496,Saharanpur,1,9,Uttar Pradesh,10-01-2017,15116.12321
5497,Sitapur,24,9,Uttar Pradesh,10-01-2017,15190.66698
5498,Sultanpur,49,9,Uttar Pradesh,10-01-2017,15208.47488
5499,Sonbhadra,70,9,Uttar Pradesh,10-01-2017,15199.90308
5500,Siddharthnagar,54,9,Uttar Pradesh,10-01-2017,15169.64857
5501,Unnao,26,9,Uttar Pradesh,10-01-2017,15299.2089
5502,Varanasi,67,9,Uttar Pradesh,10-01-2017,15235.02988
5503,Bulandshahr,11,9,Uttar Pradesh,10-01-2017,15263.18428
5504,Gautam Buddha Nagar,10,9,Uttar Pradesh,10-01-2017,15283.25651
5505,Ghaziabad,9,9,Uttar Pradesh,10-01-2017,15241.56095
5506,Jalaun,35,9,Uttar Pradesh,10-01-2017,15520.67885
5507,Jaunpur,64,9,Uttar Pradesh,10-01-2017,15236.7491
5508,Jhansi,36,9,Uttar Pradesh,10-01-2017,15559.56858
5509,Jyotiba Phule Nagar,6,9,Uttar Pradesh,10-01-2017,15160.64619
5510,Kannauj,30,9,Uttar Pradesh,10-01-2017,15380.8419
5511,Kanpur Nagar,34,9,Uttar Pradesh,10-01-2017,15307.10676
5512,Kaushambi,44,9,Uttar Pradesh,10-01-2017,15249.9428
5513,Kheri,23,9,Uttar Pradesh,10-01-2017,15152.62624
5514,Mirzapur,69,9,Uttar Pradesh,10-01-2017,15287.80445
5515,Moradabad,4,9,Uttar Pradesh,10-01-2017,15188.96028
5516,Muzaffarnagar,2,9,Uttar Pradesh,10-01-2017,15136.14661
5517,Rae Bareli,28,9,Uttar Pradesh,10-01-2017,15212.59209
5518,Kushinagar,59,9,Uttar Pradesh,10-01-2017,15135.08606
5519,Lucknow,27,9,Uttar Pradesh,10-01-2017,15235.91928
5520,Lalitpur,37,9,Uttar Pradesh,10-01-2017,15500.5952
5521,Mahrajganj,57,9,Uttar Pradesh,10-01-2017,15148.45058
5522,Mahoba,39,9,Uttar Pradesh,10-01-2017,15562.06996
5523,Mainpuri,18,9,Uttar Pradesh,10-01-2017,15308.54711
5524,Mathura,14,9,Uttar Pradesh,10-01-2017,15441.58136
5525,Mau,62,9,Uttar Pradesh,10-01-2017,15172.53187
5526,Meerut,7,9,Uttar Pradesh,10-01-2017,15173.69845
5527,Pilibhit,21,9,Uttar Pradesh,10-01-2017,15152.63833
5528,Pratapgarh,43,9,Uttar Pradesh,10-01-2017,15225.99927
5529,Rampur,5,9,Uttar Pradesh,10-01-2017,15176.2473
5530,Sant Ravidas Nagar Bhadohi,68,9,Uttar Pradesh,10-01-2017,15223.47398
5531,Sant Kabir Nagar,56,9,Uttar Pradesh,10-01-2017,15185.99088
5532,Shahjahanpur,22,9,Uttar Pradesh,10-01-2017,15226.8148
5533,Araria,7,10,Bihar,10-01-2017,15126.10356
5534,Aurangabad,34,10,Bihar,10-01-2017,15123.20248
5535,Banka,23,10,Bihar,10-01-2017,15101.82831
5536,Bhagalpur,22,10,Bihar,10-01-2017,15119.58832
5537,Begusarai,20,10,Bihar,10-01-2017,15199.95734
5538,Saran,17,10,Bihar,10-01-2017,15198.04028
5539,Katihar,10,10,Bihar,10-01-2017,15140.18594
5540,Darbhanga,13,10,Bihar,10-01-2017,15164.69696
5541,Gopalganj,15,10,Bihar,10-01-2017,15153.93131
5542,Sheikhpura,26,10,Bihar,10-01-2017,15149.69714
5543,Sheohar,3,10,Bihar,10-01-2017,15112.20216
5544,Saharsa,12,10,Bihar,10-01-2017,15126.32713
5545,Sitamarhi,4,10,Bihar,10-01-2017,15123.61114
5546,Siwan,16,10,Bihar,10-01-2017,15180.709
5547,Supaul,6,10,Bihar,10-01-2017,15113.56006
5548,Vaishali,18,10,Bihar,10-01-2017,15214.93227
5549,Kaimur (Bhabua),31,10,Bihar,10-01-2017,15161.83198
5550,Gaya,35,10,Bihar,10-01-2017,15177.20868
5551,Bhojpur,29,10,Bihar,10-01-2017,15179.58032
5552,Buxar,30,10,Bihar,10-01-2017,15146.11411
5553,Jehanabad,33,10,Bihar,10-01-2017,15134.81478
5554,Rohtas,32,10,Bihar,10-01-2017,15114.83511
5555,Jamui,37,10,Bihar,10-01-2017,15128.27418
5556,Kishanganj,8,10,Bihar,10-01-2017,15128.6942
5557,Muzaffarpur,14,10,Bihar,10-01-2017,15166.76546
5558,Purnia,9,10,Bihar,10-01-2017,15146.91855
5559,Khagaria,21,10,Bihar,10-01-2017,15148.86765
5560,Madhubani,5,10,Bihar,10-01-2017,15115.27509
5561,Lakhisarai,25,10,Bihar,10-01-2017,15133.79256
5562,Madhepura,11,10,Bihar,10-01-2017,15135.20116
5563,Purba Champaran,2,10,Bihar,10-01-2017,15156.11948
5564,Munger,24,10,Bihar,10-01-2017,15101.96034
5565,Nalanda,27,10,Bihar,10-01-2017,15150.48401
5566,Nawada,36,10,Bihar,10-01-2017,15135.81162
5567,Pashchim Champaran,1,10,Bihar,10-01-2017,15129.66967
5568,Patna,28,10,Bihar,10-01-2017,15198.83022
5569,Samastipur,19,10,Bihar,10-01-2017,15200.24389
5570,East,4,11,Sikkim,10-01-2017,14611.52663
5571,South,3,11,Sikkim,10-01-2017,14700.15663
5572,West,2,11,Sikkim,10-01-2017,14476.65148
5573,North,1,11,Sikkim,10-01-2017,14197.73296
5574,Changlang,12,12,Arunanchal Pradesh,10-01-2017,14806.35643
5575,Dibang Valley,10,12,Arunanchal Pradesh,10-01-2017,14442.20001
5576,East Kameng,3,12,Arunanchal Pradesh,10-01-2017,14600.65677
5577,East Siang,8,12,Arunanchal Pradesh,10-01-2017,14880.5273
5578,Tawang,1,12,Arunanchal Pradesh,10-01-2017,14288.51816
5579,Tirap,13,12,Arunanchal Pradesh,10-01-2017,14851.85158
5580,West Kameng,2,12,Arunanchal Pradesh,10-01-2017,14557.86368
5581,West Siang,7,12,Arunanchal Pradesh,10-01-2017,14614.5698
5582,Upper Siang,9,12,Arunanchal Pradesh,10-01-2017,14449.58075
5583,Upper Subansiri,6,12,Arunanchal Pradesh,10-01-2017,14422.98437
5584,Lohit,11,12,Arunanchal Pradesh,10-01-2017,14582.15596
5585,Lower Subansiri,5,12,Arunanchal Pradesh,10-01-2017,14500.31331
5586,Papum Pare,4,12,Arunanchal Pradesh,10-01-2017,14764.94802
5587,Tuensang,2,13,Nagaland,10-01-2017,14737.91966
5588,Wokha,5,13,Nagaland,10-01-2017,14943.22727
5589,Zunheboto,4,13,Nagaland,10-01-2017,14770.75089
5590,Dimapur,6,13,Nagaland,10-01-2017,14996.753
5591,Kohima,7,13,Nagaland,10-01-2017,14848.94265
5592,Mokokchung,3,13,Nagaland,10-01-2017,14933.26841
5593,Mon,1,13,Nagaland,10-01-2017,14929.6015
5594,Phek,8,13,Nagaland,10-01-2017,14743.93318
5595,Bishnupur,4,14,Manipur,10-01-2017,14904.13755
5596,Chandel,9,14,Manipur,10-01-2017,14845.85847
5597,Churachandpur,3,14,Manipur,10-01-2017,14882.52964
5598,Tamenglong,2,14,Manipur,10-01-2017,14876.45802
5599,Thoubal,5,14,Manipur,10-01-2017,14934.10124
5600,Ukhrul,8,14,Manipur,10-01-2017,14797.71325
5601,Imphal East,7,14,Manipur,10-01-2017,14956.27207
5602,Imphal West,6,14,Manipur,10-01-2017,15023.62503
5603,Senapati (Excl. 3 sub-divisions),1,14,Manipur,10-01-2017,14789.61685
5604,Aizawl,3,15,Mizoram,10-01-2017,14924.66364
5605,Champhai,4,15,Mizoram,10-01-2017,14839.5639
5606,Kolasib,2,15,Mizoram,10-01-2017,15007.04962
5607,Mamit,1,15,Mizoram,10-01-2017,14968.56474
5608,Lunglei,6,15,Mizoram,10-01-2017,14930.20433
5609,Lawngtlai,7,15,Mizoram,10-01-2017,14978.45796
5610,Saiha,8,15,Mizoram,10-01-2017,14885.04345
5611,Serchhip,5,15,Mizoram,10-01-2017,14878.4113
5612,Dhalai,3,16,Tripura,10-01-2017,15025.58127
5613,South Tripura,2,16,Tripura,10-01-2017,15041.91597
5614,West Tripura,1,16,Tripura,10-01-2017,15068.19687
5615,North Tripura,4,16,Tripura,10-01-2017,15033.18963
5616,East Garo Hills,2,17,Meghalaya,10-01-2017,15001.25342
5617,East Khasi Hills,6,17,Meghalaya,10-01-2017,14889.23002
5618,Ri Bhoi,5,17,Meghalaya,10-01-2017,14955.65628
5619,South Garo Hills,3,17,Meghalaya,10-01-2017,15031.92157
5620,West Garo Hills,1,17,Meghalaya,10-01-2017,15036.12726
5621,West Khasi Hills,4,17,Meghalaya,10-01-2017,14905.21179
5622,Jaintia Hills,7,17,Meghalaya,10-01-2017,14927.3377
5623,Barpeta,5,18,Assam,10-01-2017,15068.57578
5624,Bongaigaon,4,18,Assam,10-01-2017,15083.99244
5625,Cachar,21,18,Assam,10-01-2017,15067.48174
5626,Darrang,8,18,Assam,10-01-2017,15079.22285
5627,Dhemaji,13,18,Assam,10-01-2017,15072.2002
5628,Dhubri,2,18,Assam,10-01-2017,15063.12261
5629,Dibrugarh,15,18,Assam,10-01-2017,15047.7468
5630,Kamrup,6,18,Assam,10-01-2017,15065.37931
5631,Karbi Anglong,19,18,Assam,10-01-2017,14968.50212
5632,Goalpara,3,18,Assam,10-01-2017,15057.40328
5633,Golaghat,18,18,Assam,10-01-2017,15052.41477
5634,Hailakandi,23,18,Assam,10-01-2017,15066.92033
5635,Sonitpur,11,18,Assam,10-01-2017,15079.03725
5636,Sibsagar,16,18,Assam,10-01-2017,15076.46816
5637,Tinsukia,14,18,Assam,10-01-2017,15056.17838
5638,Jorhat,17,18,Assam,10-01-2017,15054.47083
5639,Karimganj,22,18,Assam,10-01-2017,15079.86944
5640,Kokrajhar,1,18,Assam,10-01-2017,15086.26677
5641,Lakhimpur,12,18,Assam,10-01-2017,15073.52397
5642,Nagaon,10,18,Assam,10-01-2017,15065.52387
5643,Marigaon,9,18,Assam,10-01-2017,15065.26405
5644,Nalbari,7,18,Assam,10-01-2017,15086.84383
5645,North Cachar Hills,20,18,Assam,10-01-2017,14933.96097
5646,Hugli,12,19,West Bengal,10-01-2017,15099.64361
5647,Barddhaman,9,19,West Bengal,10-01-2017,15099.63377
5648,Birbhum,8,19,West Bengal,10-01-2017,15104.74758
5649,Bankura,13,19,West Bengal,10-01-2017,15114.93361
5650,Dakshin Dinajpur,5,19,West Bengal,10-01-2017,15107.43086
5651,Darjiling,1,19,West Bengal,10-01-2017,14924.1696
5652,Haora,16,19,West Bengal,10-01-2017,15121.52967
5653,South  Twenty Four Parganas,18,19,West Bengal,10-01-2017,15072.07475
5654,Uttar Dinajpur,4,19,West Bengal,10-01-2017,15110.1787
5655,Jalpaiguri,2,19,West Bengal,10-01-2017,15107.53049
5656,Koch Bihar,3,19,West Bengal,10-01-2017,15070.64579
5657,Murshidabad,7,19,West Bengal,10-01-2017,15111.4537
5658,Puruliya,14,19,West Bengal,10-01-2017,15109.59387
5659,Kolkata,17,19,West Bengal,10-01-2017,15289.42622
5660,Maldah,6,19,West Bengal,10-01-2017,15113.81372
5661,Nadia,10,19,West Bengal,10-01-2017,15136.50719
5662,North Twenty Four Parganas,11,19,West Bengal,10-01-2017,15084.25883
5663,Medinipur,15,19,West Bengal,10-01-2017,15100.65318
5664,Bokaro,13,20,Jharkhand,10-01-2017,15113.93547
5665,Deoghar,7,20,Jharkhand,10-01-2017,15145.54789
5666,Dhanbad,12,20,Jharkhand,10-01-2017,15130.25082
5667,Dumka,11,20,Jharkhand,10-01-2017,15121.41937
5668,Giridih,6,20,Jharkhand,10-01-2017,15124.36519
5669,Godda,8,20,Jharkhand,10-01-2017,15096.24859
5670,Gumla,16,20,Jharkhand,10-01-2017,15101.06779
5671,Ranchi,14,20,Jharkhand,10-01-2017,15080.51523
5672,Sahibganj,9,20,Jharkhand,10-01-2017,15074.23919
5673,Garhwa,1,20,Jharkhand,10-01-2017,15166.16433
5674,Palamu,2,20,Jharkhand,10-01-2017,15124.62234
5675,Chatra,3,20,Jharkhand,10-01-2017,15125.16469
5676,Hazaribagh,4,20,Jharkhand,10-01-2017,15091.3734
5677,Kodarma,5,20,Jharkhand,10-01-2017,15100.18727
5678,Purbi Singhbhum,18,20,Jharkhand,10-01-2017,15126.05251
5679,Lohardaga,15,20,Jharkhand,10-01-2017,15057.47052
5680,Pakaur,10,20,Jharkhand,10-01-2017,15114.87286
5681,Pashchimi Singhbhum,17,20,Jharkhand,10-01-2017,15081.6685
5682,Anugul,15,21,Orissa,10-01-2017,15092.00692
5683,Bhadrak,9,21,Orissa,10-01-2017,15081.80952
5684,Baudh,22,21,Orissa,10-01-2017,15078.35099
5685,Balangir,24,21,Orissa,10-01-2017,15112.11427
5686,Baleshwar,8,21,Orissa,10-01-2017,15086.19902
5687,Bargarh,1,21,Orissa,10-01-2017,15096.35406
5688,Kendrapara,10,21,Orissa,10-01-2017,15043.64441
5689,Kendujhar,6,21,Orissa,10-01-2017,15079.1942
5690,Debagarh,4,21,Orissa,10-01-2017,15078.70206
5691,Cuttack,12,21,Orissa,10-01-2017,15108.12087
5692,Dhenkanal,14,21,Orissa,10-01-2017,15112.70167
5693,Kalahandi,26,21,Orissa,10-01-2017,15058.00192
5694,Ganjam,19,21,Orissa,10-01-2017,15054.04913
5695,Gajapati,20,21,Orissa,10-01-2017,15008.33047
5696,Rayagada,27,21,Orissa,10-01-2017,15036.32013
5697,Sundargarh,5,21,Orissa,10-01-2017,15091.48817
5698,Sonapur,23,21,Orissa,10-01-2017,15088.81806
5699,Jajapur,13,21,Orissa,10-01-2017,15119.92862
5700,Jagatsinghapur,11,21,Orissa,10-01-2017,15071.02881
5701,Jharsuguda,2,21,Orissa,10-01-2017,15096.19373
5702,Khordha,17,21,Orissa,10-01-2017,15102.73734
5703,Mayurbhanj,7,21,Orissa,10-01-2017,15073.15245
5704,Puri,18,21,Orissa,10-01-2017,15084.17184
5705,Koraput,29,21,Orissa,10-01-2017,15010.11692
5706,Malkangiri,30,21,Orissa,10-01-2017,15018.49005
5707,Nabarangapur,28,21,Orissa,10-01-2017,15054.32217
5708,Nayagarh,16,21,Orissa,10-01-2017,15062.93441
5709,Nuapada,25,21,Orissa,10-01-2017,15086.59307
5710,Kandhamal,21,21,Orissa,10-01-2017,14998.09538
5711,Sambalpur,3,21,Orissa,10-01-2017,15067.93047
5712,Bastar,15,22,Chhattisgarh,10-01-2017,15032.76641
5713,Dantewada,16,22,Chhattisgarh,10-01-2017,15043.18145
5714,Dhamtari,13,22,Chhattisgarh,10-01-2017,15086.12065
5715,Durg,10,22,Chhattisgarh,10-01-2017,15169.33906
5716,Kanker,14,22,Chhattisgarh,10-01-2017,15082.36705
5717,Surguja,2,22,Chhattisgarh,10-01-2017,15095.29417
5718,Bilaspur,7,22,Chhattisgarh,10-01-2017,15114.36832
5719,Janjgir - Champa,6,22,Chhattisgarh,10-01-2017,15111.25513
5720,Korba,5,22,Chhattisgarh,10-01-2017,15089.73834
5721,Kawardha,8,22,Chhattisgarh,10-01-2017,15139.9483
5722,Jashpur,3,22,Chhattisgarh,10-01-2017,15076.73301
5723,Koriya,1,22,Chhattisgarh,10-01-2017,15114.9151
5724,Mahasamund,12,22,Chhattisgarh,10-01-2017,15124.80434
5725,Raigarh,4,22,Chhattisgarh,10-01-2017,15107.63455
5726,Raipur,11,22,Chhattisgarh,10-01-2017,15118.98242
5727,Rajnandgaon,9,22,Chhattisgarh,10-01-2017,15141.20873
5728,Hoshangabad,37,23,Madhya Pradesh,10-01-2017,15267.40659
5729,Indore,26,23,Madhya Pradesh,10-01-2017,15510.92382
5730,Bhind,3,23,Madhya Pradesh,10-01-2017,15562.6709
5731,Bhopal,32,23,Madhya Pradesh,10-01-2017,15447.6027
5732,Barwani,28,23,Madhya Pradesh,10-01-2017,15394.00738
5733,Betul,35,23,Madhya Pradesh,10-01-2017,15186.01404
5734,Balaghat,45,23,Madhya Pradesh,10-01-2017,15085.79424
5735,Chhatarpur,9,23,Madhya Pradesh,10-01-2017,15462.9064
5736,Chhindwara,43,23,Madhya Pradesh,10-01-2017,15207.70125
5737,Dewas,23,23,Madhya Pradesh,10-01-2017,15475.82388
5738,Katni,38,23,Madhya Pradesh,10-01-2017,15270.08236
5739,Datia,5,23,Madhya Pradesh,10-01-2017,15521.73343
5740,Damoh,12,23,Madhya Pradesh,10-01-2017,15431.81627
5741,Dhar,25,23,Madhya Pradesh,10-01-2017,15496.08139
5742,East Nimar,29,23,Madhya Pradesh,10-01-2017,15321.21993
5743,Guna,7,23,Madhya Pradesh,10-01-2017,15551.62723
5744,Gwalior,4,23,Madhya Pradesh,10-01-2017,15533.29446
5745,Harda,36,23,Madhya Pradesh,10-01-2017,15426.54917
5746,Shajapur,22,23,Madhya Pradesh,10-01-2017,15591.14553
5747,Shivpuri,6,23,Madhya Pradesh,10-01-2017,15505.95794
5748,Ratlam,20,23,Madhya Pradesh,10-01-2017,15582.22877
5749,Rewa,14,23,Madhya Pradesh,10-01-2017,15322.20001
5750,Sagar,11,23,Madhya Pradesh,10-01-2017,15438.12876
5751,Sidhi,17,23,Madhya Pradesh,10-01-2017,15218.57813
5752,Ujjain,21,23,Madhya Pradesh,10-01-2017,15604.79275
5753,Vidisha,31,23,Madhya Pradesh,10-01-2017,15546.98119
5754,West Nimar,27,23,Madhya Pradesh,10-01-2017,15356.84821
5755,Morena,2,23,Madhya Pradesh,10-01-2017,15554.89863
5756,Sheopur,1,23,Madhya Pradesh,10-01-2017,15561.28934
5757,Dindori,41,23,Madhya Pradesh,10-01-2017,15167.22417
5758,Mandla,42,23,Madhya Pradesh,10-01-2017,15168.78672
5759,Shahdol,16,23,Madhya Pradesh,10-01-2017,15200.49258
5760,Umaria,15,23,Madhya Pradesh,10-01-2017,15222.39516
5761,Jabalpur,39,23,Madhya Pradesh,10-01-2017,15291.15992
5762,Jhabua,24,23,Madhya Pradesh,10-01-2017,15446.05014
5763,Mandsaur,19,23,Madhya Pradesh,10-01-2017,15582.63712
5764,Tikamgarh,8,23,Madhya Pradesh,10-01-2017,15506.66863
5765,Narsimhapur,40,23,Madhya Pradesh,10-01-2017,15315.05378
5766,Neemuch,18,23,Madhya Pradesh,10-01-2017,15547.80642
5767,Panna,10,23,Madhya Pradesh,10-01-2017,15374.32321
5768,Raisen,34,23,Madhya Pradesh,10-01-2017,15305.6692
5769,Rajgarh,30,23,Madhya Pradesh,10-01-2017,15566.70016
5770,Satna,13,23,Madhya Pradesh,10-01-2017,15329.93542
5771,Sehore,33,23,Madhya Pradesh,10-01-2017,15460.58779
5772,Seoni,44,23,Madhya Pradesh,10-01-2017,15247.0763
5773,Anand,15,24,Gujarat,10-01-2017,15340.2447
5774,Ahmadabad,7,24,Gujarat,10-01-2017,15479.10272
5775,Amreli,13,24,Gujarat,10-01-2017,15437.68879
5776,Bhavnagar,14,24,Gujarat,10-01-2017,15438.51843
5777,Banas Kantha,2,24,Gujarat,10-01-2017,15535.90848
5778,Dohad,18,24,Gujarat,10-01-2017,15371.51743
5779,Junagadh,12,24,Gujarat,10-01-2017,15435.89826
5780,Kachchh,1,24,Gujarat,10-01-2017,15602.79225
5781,Gandhinagar,6,24,Gujarat,10-01-2017,15419.23093
5782,Sabar Kantha,5,24,Gujarat,10-01-2017,15403.75408
5783,Surendranagar,8,24,Gujarat,10-01-2017,15521.15862
5784,The Dangs,23,24,Gujarat,10-01-2017,15101.89164
5785,Vadodara,19,24,Gujarat,10-01-2017,15336.09377
5786,Valsad,25,24,Gujarat,10-01-2017,15188.11787
5787,Bharuch,21,24,Gujarat,10-01-2017,15421.53052
5788,Surat,22,24,Gujarat,10-01-2017,15258.71429
5789,Jamnagar,10,24,Gujarat,10-01-2017,15444.46724
5790,Kheda,16,24,Gujarat,10-01-2017,15378.75369
5791,Mahesana,4,24,Gujarat,10-01-2017,15480.61231
5792,Narmada,20,24,Gujarat,10-01-2017,15249.34044
5793,Navsari,24,24,Gujarat,10-01-2017,15228.40231
5794,Panch Mahals,17,24,Gujarat,10-01-2017,15328.6795
5795,Patan,3,24,Gujarat,10-01-2017,15612.91646
5796,Porbandar,11,24,Gujarat,10-01-2017,15432.82402
5797,Rajkot,9,24,Gujarat,10-01-2017,15450.07423
5798,Daman,2,25,Daman & Diu,10-01-2017,15244.30552
5799,Diu,1,25,Daman & Diu,10-01-2017,15293.3365
5800,Hingoli,16,27,Maharashtra,10-01-2017,15360.15622
5801,Aurangabad,19,27,Maharashtra,10-01-2017,15302.13464
5802,Ahmadnagar,26,27,Maharashtra,10-01-2017,15316.30874
5803,Akola,5,27,Maharashtra,10-01-2017,15347.08071
5804,Amravati,7,27,Maharashtra,10-01-2017,15226.18818
5805,Bid,27,27,Maharashtra,10-01-2017,15304.87147
5806,Bhandara,10,27,Maharashtra,10-01-2017,15138.75034
5807,Buldana,4,27,Maharashtra,10-01-2017,15359.65009
5808,Chandrapur,13,27,Maharashtra,10-01-2017,15153.62559
5809,Dhule,2,27,Maharashtra,10-01-2017,15376.77149
5810,Gadchiroli,12,27,Maharashtra,10-01-2017,15094.96063
5811,Gondiya,11,27,Maharashtra,10-01-2017,15116.228
5812,Ratnagiri,32,27,Maharashtra,10-01-2017,15131.41363
5813,Raigarh,24,27,Maharashtra,10-01-2017,15155.30292
5814,Thane,21,27,Maharashtra,10-01-2017,15179.37474
5815,Solapur,30,27,Maharashtra,10-01-2017,15298.05716
5816,Sindhudurg,33,27,Maharashtra,10-01-2017,15143.6318
5817,Wardha,8,27,Maharashtra,10-01-2017,15226.08826
5818,Washim,6,27,Maharashtra,10-01-2017,15372.93866
5819,Yavatmal,14,27,Maharashtra,10-01-2017,15276.57936
5820,Jalgaon,3,27,Maharashtra,10-01-2017,15346.82109
5821,Jalna,18,27,Maharashtra,10-01-2017,15329.78413
5822,Kolhapur,34,27,Maharashtra,10-01-2017,15078.98536
5823,Latur,28,27,Maharashtra,10-01-2017,15298.73919
5824,Pune,25,27,Maharashtra,10-01-2017,15194.65294
5825,Nagpur,9,27,Maharashtra,10-01-2017,15190.59257
5826,Mumbai,23,27,Maharashtra,10-01-2017,15288.77312
5827,Mumbai (Suburban),22,27,Maharashtra,10-01-2017,15296.26046
5828,Nanded,15,27,Maharashtra,10-01-2017,15308.87568
5829,Nandurbar,1,27,Maharashtra,10-01-2017,15316.49122
5830,Nashik,20,27,Maharashtra,10-01-2017,15301.78773
5831,Osmanabad,29,27,Maharashtra,10-01-2017,15310.30107
5832,Parbhani,17,27,Maharashtra,10-01-2017,15347.70942
5833,Sangli,35,27,Maharashtra,10-01-2017,15248.708
5834,Satara,31,27,Maharashtra,10-01-2017,15176.33026
5835,Hyderabad,5,28,Andhra Pradesh,10-01-2017,15284.33315
5836,Anantapur,22,28,Andhra Pradesh,10-01-2017,15259.76238
5837,Adilabad,1,28,Andhra Pradesh,10-01-2017,15162.44637
5838,Chittoor,23,28,Andhra Pradesh,10-01-2017,15177.63339
5839,Cuddapah,20,28,Andhra Pradesh,10-01-2017,15232.51516
5840,East Godavari,14,28,Andhra Pradesh,10-01-2017,15070.06785
5841,Karimnagar,3,28,Andhra Pradesh,10-01-2017,15170.41198
5842,Guntur,17,28,Andhra Pradesh,10-01-2017,15232.3128
5843,Rangareddi,6,28,Andhra Pradesh,10-01-2017,15134.18268
5844,Srikakulam,11,28,Andhra Pradesh,10-01-2017,15099.76203
5845,West Godavari,15,28,Andhra Pradesh,10-01-2017,15136.46686
5846,Visakhapatnam,13,28,Andhra Pradesh,10-01-2017,15047.44138
5847,Vizianagaram,12,28,Andhra Pradesh,10-01-2017,15106.58142
5848,Warangal,9,28,Andhra Pradesh,10-01-2017,15145.02471
5849,Khammam,10,28,Andhra Pradesh,10-01-2017,15112.09026
5850,Medak,4,28,Andhra Pradesh,10-01-2017,15146.80206
5851,Krishna,16,28,Andhra Pradesh,10-01-2017,15120.60986
5852,Kurnool,21,28,Andhra Pradesh,10-01-2017,15239.72162
5853,Mahbubnagar,7,28,Andhra Pradesh,10-01-2017,15160.95611
5854,Nalgonda,8,28,Andhra Pradesh,10-01-2017,15177.41774
5855,Nellore,19,28,Andhra Pradesh,10-01-2017,15299.39949
5856,Nizamabad,2,28,Andhra Pradesh,10-01-2017,15229.59988
5857,Prakasam,18,28,Andhra Pradesh,10-01-2017,15291.03311
5858,Hassan,23,29,Karnataka,10-01-2017,14989.54666
5859,Haveri,11,29,Karnataka,10-01-2017,15165.23966
5860,Bagalkot,2,29,Karnataka,10-01-2017,15264.37049
5861,Bangalore,20,29,Karnataka,10-01-2017,15083.74045
5862,Bidar,5,29,Karnataka,10-01-2017,15216.72346
5863,Bijapur,3,29,Karnataka,10-01-2017,15235.85004
5864,Belgaum,1,29,Karnataka,10-01-2017,15191.25367
5865,Bellary,12,29,Karnataka,10-01-2017,15182.60208
5866,Bangalore Rural,21,29,Karnataka,10-01-2017,15027.53309
5867,Chamarajanagar,27,29,Karnataka,10-01-2017,15038.69612
5868,Chikmagalur,17,29,Karnataka,10-01-2017,14987.49541
5869,Chitradurga,13,29,Karnataka,10-01-2017,15230.45944
5870,Dakshina Kannada,24,29,Karnataka,10-01-2017,15093.63198
5871,Davanagere,14,29,Karnataka,10-01-2017,15136.14762
5872,Dharwad,9,29,Karnataka,10-01-2017,15322.505
5873,Gulbarga,4,29,Karnataka,10-01-2017,15197.50292
5874,Gadag,8,29,Karnataka,10-01-2017,15353.10781
5875,Shimoga,15,29,Karnataka,10-01-2017,15029.397
5876,Tumkur,18,29,Karnataka,10-01-2017,15098.6529
5877,Udupi,16,29,Karnataka,10-01-2017,15118.71497
5878,Uttara Kannada,10,29,Karnataka,10-01-2017,15021.40143
5879,Kodagu,25,29,Karnataka,10-01-2017,14932.72761
5880,Kolar,19,29,Karnataka,10-01-2017,15102.1728
5881,Mandya,22,29,Karnataka,10-01-2017,15053.58559
5882,Koppal,7,29,Karnataka,10-01-2017,15203.18935
5883,Mysore,26,29,Karnataka,10-01-2017,15078.17373
5884,Raichur,6,29,Karnataka,10-01-2017,15178.95038
5885,South Goa,2,30,Goa,10-01-2017,15101.30584
5886,North Goa,1,30,Goa,10-01-2017,15133.51215
5887,Idukki,9,32,Kerala,10-01-2017,14915.76795
5888,Alappuzha,11,32,Kerala,10-01-2017,15110.46677
5889,Kasaragod,1,32,Kerala,10-01-2017,15157.17937
5890,Kannur,2,32,Kerala,10-01-2017,15133.33238
5891,Ernakulam,8,32,Kerala,10-01-2017,15140.97881
5892,Thrissur,7,32,Kerala,10-01-2017,15096.20812
5893,Thiruvananthapuram,14,32,Kerala,10-01-2017,15096.25796
5894,Wayanad,3,32,Kerala,10-01-2017,14970.42541
5895,Kollam,13,32,Kerala,10-01-2017,15087.63699
5896,Kottayam,10,32,Kerala,10-01-2017,15129.48316
5897,Kozhikode,4,32,Kerala,10-01-2017,15119.28697
5898,Malappuram,5,32,Kerala,10-01-2017,15110.15176
5899,Palakkad,6,32,Kerala,10-01-2017,15076.68427
5900,Pathanamthitta,12,32,Kerala,10-01-2017,15037.77525
5901,Ariyalur,17,33,Tamil Nadu,10-01-2017,15391.59651
5902,Coimbatore,12,33,Tamil Nadu,10-01-2017,15237.68668
5903,Cuddalore,18,33,Tamil Nadu,10-01-2017,15397.21374
5904,Dharmapuri,5,33,Tamil Nadu,10-01-2017,15114.10295
5905,Dindigul,13,33,Tamil Nadu,10-01-2017,15123.3336
5906,Erode,10,33,Tamil Nadu,10-01-2017,15213.25275
5907,Sivaganga,23,33,Tamil Nadu,10-01-2017,15418.56298
5908,Tiruchirappalli,15,33,Tamil Nadu,10-01-2017,15328.62221
5909,Tirunelveli,29,33,Tamil Nadu,10-01-2017,15577.03934
5910,Tiruvannamalai,6,33,Tamil Nadu,10-01-2017,15213.92739
5911,Thoothukkudi,28,33,Tamil Nadu,10-01-2017,15764.45606
5912,Theni,25,33,Tamil Nadu,10-01-2017,15214.29832
5913,Vellore,4,33,Tamil Nadu,10-01-2017,15162.6802
5914,Viluppuram,7,33,Tamil Nadu,10-01-2017,15301.55744
5915,Virudhunagar,26,33,Tamil Nadu,10-01-2017,15512.69822
5916,Chennai,2,33,Tamil Nadu,10-01-2017,15385.08528
5917,Kancheepuram,3,33,Tamil Nadu,10-01-2017,15244.0093
5918,Thiruvallur,1,33,Tamil Nadu,10-01-2017,15251.78966
5919,Thanjavur,21,33,Tamil Nadu,10-01-2017,15328.39059
5920,Thiruvarur,20,33,Tamil Nadu,10-01-2017,15373.10009
5921,Nagapattinam,19,33,Tamil Nadu,10-01-2017,15411.85716
5922,Kanniyakumari,30,33,Tamil Nadu,10-01-2017,15086.03318
5923,Karur,14,33,Tamil Nadu,10-01-2017,15363.09624
5924,Madurai,24,33,Tamil Nadu,10-01-2017,15281.90377
5925,Namakkal,9,33,Tamil Nadu,10-01-2017,15228.14268
5926,The Nilgiris,11,33,Tamil Nadu,10-01-2017,14857.17278
5927,Perambalur,16,33,Tamil Nadu,10-01-2017,15350.14388
5928,Pudukkottai,22,33,Tamil Nadu,10-01-2017,15327.50629
5929,Ramanathapuram,27,33,Tamil Nadu,10-01-2017,15664.04601
5930,Salem,8,33,Tamil Nadu,10-01-2017,15172.30573
5931,Yanam,1,34,Puducherry,10-01-2017,15156.71769
5932,Karaikal,4,34,Puducherry,10-01-2017,15564.19565
5933,Mahe,3,34,Puducherry,10-01-2017,15185.93246
5934,Pondicherry,2,34,Puducherry,10-01-2017,15294.79497
5935,Nicobars,2,35,Andaman & Nicobar Island,10-01-2017,14951.76361
5936,Andamans,1,35,Andaman & Nicobar Island,10-01-2017,14966.00912
5937,Chandigarh,1,4,Chandigarh,11-01-2017,14861.33372
5938,Dadra & Nagar Haveli,1,26,Dadara & Nagar Havelli,11-01-2017,15220.74035
5939,Lakshadweep,1,31,Lakshadweep,11-01-2017,15004.34559
5940,Data Not Available,99,99,Jammu and Kashmir,11-01-2017,13836.91487
5941,Anantnag,6,1,Jammu and Kashmir,11-01-2017,14196.97478
5942,Badgam,4,1,Jammu and Kashmir,11-01-2017,14326.6296
5943,Baramula,2,1,Jammu and Kashmir,11-01-2017,14204.68869
5944,Doda,9,1,Jammu and Kashmir,11-01-2017,14059.16279
5945,Srinagar,3,1,Jammu and Kashmir,11-01-2017,14164.41698
5946,Udhampur,10,1,Jammu and Kashmir,11-01-2017,14607.27289
5947,Jammu,13,1,Jammu and Kashmir,11-01-2017,14824.43259
5948,Kargil,8,1,Jammu and Kashmir,11-01-2017,13866.63333
5949,Kathua,14,1,Jammu and Kashmir,11-01-2017,14757.37432
5950,Leh (Ladakh),7,1,Jammu and Kashmir,11-01-2017,13846.02486
5951,Kupwara,1,1,Jammu and Kashmir,11-01-2017,14279.04447
5952,Punch,11,1,Jammu and Kashmir,11-01-2017,14579.68601
5953,Pulwama,5,1,Jammu and Kashmir,11-01-2017,14431.16079
5954,Rajauri,12,1,Jammu and Kashmir,11-01-2017,14707.81711
5955,Bilaspur,8,2,Himachal Pradesh,11-01-2017,14688.85475
5956,Chamba,1,2,Himachal Pradesh,11-01-2017,14253.00663
5957,Hamirpur,6,2,Himachal Pradesh,11-01-2017,14728.81423
5958,Shimla,11,2,Himachal Pradesh,11-01-2017,14449.44478
5959,Sirmaur,10,2,Himachal Pradesh,11-01-2017,14686.63646
5960,Solan,9,2,Himachal Pradesh,11-01-2017,14732.25827
5961,Una,7,2,Himachal Pradesh,11-01-2017,14804.92465
5962,Kangra,2,2,Himachal Pradesh,11-01-2017,14567.93428
5963,Kinnaur,12,2,Himachal Pradesh,11-01-2017,14008.34183
5964,Lahul & Spiti,3,2,Himachal Pradesh,11-01-2017,13799.81767
5965,Kullu,4,2,Himachal Pradesh,11-01-2017,14102.30642
5966,Mandi,5,2,Himachal Pradesh,11-01-2017,14599.25964
5967,Hoshiarpur,5,3,Punjab,11-01-2017,14829.13652
5968,Amritsar,2,3,Punjab,11-01-2017,14817.39313
5969,Firozpur,11,3,Punjab,11-01-2017,14950.69502
5970,Bathinda,14,3,Punjab,11-01-2017,14959.34849
5971,Gurdaspur,1,3,Punjab,11-01-2017,14833.30778
5972,Faridkot,13,3,Punjab,11-01-2017,14982.9741
5973,Fatehgarh Sahib,8,3,Punjab,11-01-2017,14964.7264
5974,Rupnagar,7,3,Punjab,11-01-2017,14893.2641
5975,Jalandhar,4,3,Punjab,11-01-2017,14825.09846
5976,Kapurthala,3,3,Punjab,11-01-2017,14810.01999
5977,Ludhiana,9,3,Punjab,11-01-2017,14897.13897
5978,Mansa,15,3,Punjab,11-01-2017,15001.26582
5979,Moga,10,3,Punjab,11-01-2017,14853.43705
5980,Muktsar,12,3,Punjab,11-01-2017,14995.07829
5981,Nawanshahr,6,3,Punjab,11-01-2017,14856.04499
5982,Patiala,17,3,Punjab,11-01-2017,14978.69185
5983,Sangrur,16,3,Punjab,11-01-2017,14985.97947
5984,Hardwar,13,5,Uttarakhand,11-01-2017,14844.47825
5985,Bageshwar,8,5,Uttarakhand,11-01-2017,14459.84175
5986,Almora,9,5,Uttarakhand,11-01-2017,14693.94775
5987,Chamoli,2,5,Uttarakhand,11-01-2017,14089.33346
5988,Champawat,10,5,Uttarakhand,11-01-2017,14678.13758
5989,Dehradun,5,5,Uttarakhand,11-01-2017,14708.26875
5990,Garhwal,6,5,Uttarakhand,11-01-2017,14667.74973
5991,Rudraprayag,3,5,Uttarakhand,11-01-2017,14347.61146
5992,Tehri Garhwal,4,5,Uttarakhand,11-01-2017,14506.15975
5993,Udham Singh Nagar,12,5,Uttarakhand,11-01-2017,14969.42311
5994,Uttarkashi,1,5,Uttarakhand,11-01-2017,14117.91445
5995,Nainital,11,5,Uttarakhand,11-01-2017,14747.59177
5996,Pithoragarh,7,5,Uttarakhand,11-01-2017,14230.33457
5997,Hisar,12,6,Haryana,11-01-2017,15025.96654
5998,Ambala,2,6,Haryana,11-01-2017,14892.68877
5999,Gurgaon,18,6,Haryana,11-01-2017,15083.33293
6000,Faridabad,19,6,Haryana,11-01-2017,15036.98759
6001,Fatehabad,10,6,Haryana,11-01-2017,15028.17598
6002,Rohtak,14,6,Haryana,11-01-2017,14984.92063
6003,Sirsa,11,6,Haryana,11-01-2017,15047.28618
6004,Sonipat,8,6,Haryana,11-01-2017,14990.90376
6005,Yamunanagar,3,6,Haryana,11-01-2017,14880.80978
6006,Jhajjar,15,6,Haryana,11-01-2017,15095.24101
6007,Mahendragarh,16,6,Haryana,11-01-2017,15248.61312
6008,Rewari,17,6,Haryana,11-01-2017,15182.43959
6009,Bhiwani,13,6,Haryana,11-01-2017,15153.4484
6010,Jind,9,6,Haryana,11-01-2017,14961.18377
6011,Kaithal,5,6,Haryana,11-01-2017,14971.01629
6012,Karnal,6,6,Haryana,11-01-2017,14962.57055
6013,Kurukshetra,4,6,Haryana,11-01-2017,14888.85057
6014,Panchkula,1,6,Haryana,11-01-2017,14848.50942
6015,Panipat,7,6,Haryana,11-01-2017,14988.80022
6016,Central,6,7,Delhi  & NCR,11-01-2017,14937.67895
6017,East,4,7,Delhi  & NCR,11-01-2017,14936.41798
6018,New Delhi,5,7,Delhi  & NCR,11-01-2017,14913.63573
6019,North,2,7,Delhi  & NCR,11-01-2017,14919.98204
6020,North East,3,7,Delhi  & NCR,11-01-2017,14949.97846
6021,North West,1,7,Delhi  & NCR,11-01-2017,14992.38129
6022,South,9,7,Delhi  & NCR,11-01-2017,14950.44834
6023,South West,8,7,Delhi  & NCR,11-01-2017,15001.65459
6024,West,7,7,Delhi  & NCR,11-01-2017,15006.2078
6025,Ajmer,21,8,Rajasthan,11-01-2017,15311.58659
6026,Banswara,28,8,Rajasthan,11-01-2017,15306.44504
6027,Barmer,17,8,Rajasthan,11-01-2017,15440.64916
6028,Bhilwara,24,8,Rajasthan,11-01-2017,15249.32733
6029,Bikaner,3,8,Rajasthan,11-01-2017,15453.06583
6030,Bharatpur,7,8,Rajasthan,11-01-2017,15194.03027
6031,Bundi,23,8,Rajasthan,11-01-2017,15240.42662
6032,Chittaurgarh,29,8,Rajasthan,11-01-2017,15195.39948
6033,Churu,4,8,Rajasthan,11-01-2017,15368.22759
6034,Dausa,11,8,Rajasthan,11-01-2017,15256.80828
6035,Dhaulpur,8,8,Rajasthan,11-01-2017,15217.97197
6036,Dungarpur,27,8,Rajasthan,11-01-2017,15245.78062
6037,Karauli,9,8,Rajasthan,11-01-2017,15240.80006
6038,Sirohi,19,8,Rajasthan,11-01-2017,15211.81769
6039,Tonk,22,8,Rajasthan,11-01-2017,15294.08882
6040,Sikar,13,8,Rajasthan,11-01-2017,15283.19703
6041,Alwar,6,8,Rajasthan,11-01-2017,15190.75399
6042,Udaipur,26,8,Rajasthan,11-01-2017,15174.9509
6043,Ganganagar,1,8,Rajasthan,11-01-2017,15171.71992
6044,Hanumangarh,2,8,Rajasthan,11-01-2017,15189.09862
6045,Baran,31,8,Rajasthan,11-01-2017,15262.19787
6046,Jaipur,12,8,Rajasthan,11-01-2017,15283.6021
6047,Jaisalmer,16,8,Rajasthan,11-01-2017,15529.91679
6048,Jalor,18,8,Rajasthan,11-01-2017,15331.1932
6049,Jhalawar,32,8,Rajasthan,11-01-2017,15246.18994
6050,Jhunjhunun,5,8,Rajasthan,11-01-2017,15273.7016
6051,Jodhpur,15,8,Rajasthan,11-01-2017,15433.94434
6052,Kota,30,8,Rajasthan,11-01-2017,15243.15663
6053,Nagaur,14,8,Rajasthan,11-01-2017,15379.29487
6054,Pali,20,8,Rajasthan,11-01-2017,15320.39787
6055,Rajsamand,25,8,Rajasthan,11-01-2017,15157.78039
6056,Sawai Madhopur,10,8,Rajasthan,11-01-2017,15260.80102
6057,Hathras,13,9,Uttar Pradesh,11-01-2017,15063.58905
6058,Auraiya,32,9,Uttar Pradesh,11-01-2017,15079.99506
6059,Azamgarh,61,9,Uttar Pradesh,11-01-2017,15105.91686
6060,Budaun,19,9,Uttar Pradesh,11-01-2017,15009.38072
6061,Agra,15,9,Uttar Pradesh,11-01-2017,15120.4554
6062,Aligarh,12,9,Uttar Pradesh,11-01-2017,15026.01243
6063,Allahabad,45,9,Uttar Pradesh,11-01-2017,15124.83476
6064,Ambedkar Nagar,48,9,Uttar Pradesh,11-01-2017,15080.78095
6065,Bareilly,20,9,Uttar Pradesh,11-01-2017,14962.45957
6066,Bijnor,3,9,Uttar Pradesh,11-01-2017,14878.46853
6067,Basti,55,9,Uttar Pradesh,11-01-2017,15078.47914
6068,Baghpat,8,9,Uttar Pradesh,11-01-2017,14891.23006
6069,Bahraich,50,9,Uttar Pradesh,11-01-2017,15018.9307
6070,Ballia,63,9,Uttar Pradesh,11-01-2017,15117.1639
6071,Balrampur,52,9,Uttar Pradesh,11-01-2017,15060.36322
6072,Banda,40,9,Uttar Pradesh,11-01-2017,15160.55273
6073,Barabanki,46,9,Uttar Pradesh,11-01-2017,15057.89421
6074,Chitrakoot,41,9,Uttar Pradesh,11-01-2017,15147.52067
6075,Chandauli,66,9,Uttar Pradesh,11-01-2017,15082.35125
6076,Deoria,60,9,Uttar Pradesh,11-01-2017,15107.07525
6077,Etah,17,9,Uttar Pradesh,11-01-2017,15051.34865
6078,Kanpur Dehat,33,9,Uttar Pradesh,11-01-2017,15099.66967
6079,Etawah,31,9,Uttar Pradesh,11-01-2017,15075.34854
6080,Faizabad,47,9,Uttar Pradesh,11-01-2017,15074.46942
6081,Ghazipur,65,9,Uttar Pradesh,11-01-2017,15119.69211
6082,Gonda,53,9,Uttar Pradesh,11-01-2017,15054.80887
6083,Gorakhpur,58,9,Uttar Pradesh,11-01-2017,15095.41505
6084,Farrukhabad,29,9,Uttar Pradesh,11-01-2017,15023.34386
6085,Fatehpur,42,9,Uttar Pradesh,11-01-2017,15105.24067
6086,Firozabad,16,9,Uttar Pradesh,11-01-2017,15081.26231
6087,Hamirpur,38,9,Uttar Pradesh,11-01-2017,15204.42351
6088,Hardoi,25,9,Uttar Pradesh,11-01-2017,15061.25721
6089,Shrawasti,51,9,Uttar Pradesh,11-01-2017,15058.25474
6090,Saharanpur,1,9,Uttar Pradesh,11-01-2017,14848.338
6091,Sitapur,24,9,Uttar Pradesh,11-01-2017,15010.19004
6092,Sultanpur,49,9,Uttar Pradesh,11-01-2017,15106.0354
6093,Sonbhadra,70,9,Uttar Pradesh,11-01-2017,15083.18783
6094,Siddharthnagar,54,9,Uttar Pradesh,11-01-2017,15132.73417
6095,Unnao,26,9,Uttar Pradesh,11-01-2017,15081.55559
6096,Varanasi,67,9,Uttar Pradesh,11-01-2017,15139.31255
6097,Bulandshahr,11,9,Uttar Pradesh,11-01-2017,14948.96019
6098,Gautam Buddha Nagar,10,9,Uttar Pradesh,11-01-2017,15004.46047
6099,Ghaziabad,9,9,Uttar Pradesh,11-01-2017,14934.49209
6100,Jalaun,35,9,Uttar Pradesh,11-01-2017,15179.99564
6101,Jaunpur,64,9,Uttar Pradesh,11-01-2017,15131.05966
6102,Jhansi,36,9,Uttar Pradesh,11-01-2017,15269.63293
6103,Jyotiba Phule Nagar,6,9,Uttar Pradesh,11-01-2017,14876.12554
6104,Kannauj,30,9,Uttar Pradesh,11-01-2017,15048.45858
6105,Kanpur Nagar,34,9,Uttar Pradesh,11-01-2017,15087.80779
6106,Kaushambi,44,9,Uttar Pradesh,11-01-2017,15111.89261
6107,Kheri,23,9,Uttar Pradesh,11-01-2017,14956.56273
6108,Mirzapur,69,9,Uttar Pradesh,11-01-2017,15163.31842
6109,Moradabad,4,9,Uttar Pradesh,11-01-2017,14938.3434
6110,Muzaffarnagar,2,9,Uttar Pradesh,11-01-2017,14848.15875
6111,Rae Bareli,28,9,Uttar Pradesh,11-01-2017,15081.63104
6112,Kushinagar,59,9,Uttar Pradesh,11-01-2017,15051.91292
6113,Lucknow,27,9,Uttar Pradesh,11-01-2017,15061.5004
6114,Lalitpur,37,9,Uttar Pradesh,11-01-2017,15205.01217
6115,Mahrajganj,57,9,Uttar Pradesh,11-01-2017,15097.80926
6116,Mahoba,39,9,Uttar Pradesh,11-01-2017,15290.60251
6117,Mainpuri,18,9,Uttar Pradesh,11-01-2017,15069.17207
6118,Mathura,14,9,Uttar Pradesh,11-01-2017,15079.60723
6119,Mau,62,9,Uttar Pradesh,11-01-2017,15103.41405
6120,Meerut,7,9,Uttar Pradesh,11-01-2017,14878.00811
6121,Pilibhit,21,9,Uttar Pradesh,11-01-2017,14971.90755
6122,Pratapgarh,43,9,Uttar Pradesh,11-01-2017,15108.57433
6123,Rampur,5,9,Uttar Pradesh,11-01-2017,14942.43992
6124,Sant Ravidas Nagar Bhadohi,68,9,Uttar Pradesh,11-01-2017,15127.79756
6125,Sant Kabir Nagar,56,9,Uttar Pradesh,11-01-2017,15094.8848
6126,Shahjahanpur,22,9,Uttar Pradesh,11-01-2017,15021.79892
6127,Araria,7,10,Bihar,11-01-2017,15096.41007
6128,Aurangabad,34,10,Bihar,11-01-2017,15044.24779
6129,Banka,23,10,Bihar,11-01-2017,15079.08831
6130,Bhagalpur,22,10,Bihar,11-01-2017,15107.40028
6131,Begusarai,20,10,Bihar,11-01-2017,15155.12369
6132,Saran,17,10,Bihar,11-01-2017,15101.60528
6133,Katihar,10,10,Bihar,11-01-2017,15123.39032
6134,Darbhanga,13,10,Bihar,11-01-2017,15119.23654
6135,Gopalganj,15,10,Bihar,11-01-2017,15081.67148
6136,Sheikhpura,26,10,Bihar,11-01-2017,15116.28269
6137,Sheohar,3,10,Bihar,11-01-2017,15064.79227
6138,Saharsa,12,10,Bihar,11-01-2017,15073.42071
6139,Sitamarhi,4,10,Bihar,11-01-2017,15072.55265
6140,Siwan,16,10,Bihar,11-01-2017,15102.19611
6141,Supaul,6,10,Bihar,11-01-2017,15064.17915
6142,Vaishali,18,10,Bihar,11-01-2017,15088.59936
6143,Kaimur (Bhabua),31,10,Bihar,11-01-2017,15061.07929
6144,Gaya,35,10,Bihar,11-01-2017,15107.19819
6145,Bhojpur,29,10,Bihar,11-01-2017,15081.16873
6146,Buxar,30,10,Bihar,11-01-2017,15075.47672
6147,Jehanabad,33,10,Bihar,11-01-2017,15069.08033
6148,Rohtas,32,10,Bihar,11-01-2017,15015.77219
6149,Jamui,37,10,Bihar,11-01-2017,15052.65546
6150,Kishanganj,8,10,Bihar,11-01-2017,15106.16282
6151,Muzaffarpur,14,10,Bihar,11-01-2017,15090.69356
6152,Purnia,9,10,Bihar,11-01-2017,15128.02449
6153,Khagaria,21,10,Bihar,11-01-2017,15128.94385
6154,Madhubani,5,10,Bihar,11-01-2017,15083.47278
6155,Lakhisarai,25,10,Bihar,11-01-2017,15080.37277
6156,Madhepura,11,10,Bihar,11-01-2017,15107.70691
6157,Purba Champaran,2,10,Bihar,11-01-2017,15091.63815
6158,Munger,24,10,Bihar,11-01-2017,15057.43357
6159,Nalanda,27,10,Bihar,11-01-2017,15127.09561
6160,Nawada,36,10,Bihar,11-01-2017,15066.56003
6161,Pashchim Champaran,1,10,Bihar,11-01-2017,15033.24088
6162,Patna,28,10,Bihar,11-01-2017,15112.92912
6163,Samastipur,19,10,Bihar,11-01-2017,15131.87142
6164,East,4,11,Sikkim,11-01-2017,14457.94482
6165,South,3,11,Sikkim,11-01-2017,14546.85764
6166,West,2,11,Sikkim,11-01-2017,14368.8143
6167,North,1,11,Sikkim,11-01-2017,14076.28742
6168,Changlang,12,12,Arunanchal Pradesh,11-01-2017,14674.43537
6169,Dibang Valley,10,12,Arunanchal Pradesh,11-01-2017,14265.92479
6170,East Kameng,3,12,Arunanchal Pradesh,11-01-2017,14490.06687
6171,East Siang,8,12,Arunanchal Pradesh,11-01-2017,14733.94664
6172,Tawang,1,12,Arunanchal Pradesh,11-01-2017,14186.4587
6173,Tirap,13,12,Arunanchal Pradesh,11-01-2017,14733.55735
6174,West Kameng,2,12,Arunanchal Pradesh,11-01-2017,14432.15143
6175,West Siang,7,12,Arunanchal Pradesh,11-01-2017,14460.35012
6176,Upper Siang,9,12,Arunanchal Pradesh,11-01-2017,14312.11779
6177,Upper Subansiri,6,12,Arunanchal Pradesh,11-01-2017,14316.5609
6178,Lohit,11,12,Arunanchal Pradesh,11-01-2017,14395.57699
6179,Lower Subansiri,5,12,Arunanchal Pradesh,11-01-2017,14388.81774
6180,Papum Pare,4,12,Arunanchal Pradesh,11-01-2017,14631.6173
6181,Tuensang,2,13,Nagaland,11-01-2017,14598.72348
6182,Wokha,5,13,Nagaland,11-01-2017,14783.09711
6183,Zunheboto,4,13,Nagaland,11-01-2017,14631.03672
6184,Dimapur,6,13,Nagaland,11-01-2017,14860.62702
6185,Kohima,7,13,Nagaland,11-01-2017,14710.96014
6186,Mokokchung,3,13,Nagaland,11-01-2017,14774.13038
6187,Mon,1,13,Nagaland,11-01-2017,14784.72003
6188,Phek,8,13,Nagaland,11-01-2017,14575.92739
6189,Bishnupur,4,14,Manipur,11-01-2017,14789.96113
6190,Chandel,9,14,Manipur,11-01-2017,14753.67132
6191,Churachandpur,3,14,Manipur,11-01-2017,14755.48932
6192,Tamenglong,2,14,Manipur,11-01-2017,14739.59886
6193,Thoubal,5,14,Manipur,11-01-2017,14807.15143
6194,Ukhrul,8,14,Manipur,11-01-2017,14675.89571
6195,Imphal East,7,14,Manipur,11-01-2017,14854.87591
6196,Imphal West,6,14,Manipur,11-01-2017,14900.24184
6197,Senapati (Excl. 3 sub-divisions),1,14,Manipur,11-01-2017,14662.11829
6198,Aizawl,3,15,Mizoram,11-01-2017,14825.41172
6199,Champhai,4,15,Mizoram,11-01-2017,14745.75687
6200,Kolasib,2,15,Mizoram,11-01-2017,14894.52228
6201,Mamit,1,15,Mizoram,11-01-2017,14896.26288
6202,Lunglei,6,15,Mizoram,11-01-2017,14866.64861
6203,Lawngtlai,7,15,Mizoram,11-01-2017,14908.31379
6204,Saiha,8,15,Mizoram,11-01-2017,14803.13199
6205,Serchhip,5,15,Mizoram,11-01-2017,14792.10428
6206,Dhalai,3,16,Tripura,11-01-2017,14974.52349
6207,South Tripura,2,16,Tripura,11-01-2017,15018.13099
6208,West Tripura,1,16,Tripura,11-01-2017,15025.28876
6209,North Tripura,4,16,Tripura,11-01-2017,14968.78282
6210,East Garo Hills,2,17,Meghalaya,11-01-2017,14877.02788
6211,East Khasi Hills,6,17,Meghalaya,11-01-2017,14790.93531
6212,Ri Bhoi,5,17,Meghalaya,11-01-2017,14835.72325
6213,South Garo Hills,3,17,Meghalaya,11-01-2017,14947.80786
6214,West Garo Hills,1,17,Meghalaya,11-01-2017,14941.61465
6215,West Khasi Hills,4,17,Meghalaya,11-01-2017,14799.72348
6216,Jaintia Hills,7,17,Meghalaya,11-01-2017,14818.93731
6217,Barpeta,5,18,Assam,11-01-2017,15011.44338
6218,Bongaigaon,4,18,Assam,11-01-2017,15014.02133
6219,Cachar,21,18,Assam,11-01-2017,14951.01092
6220,Darrang,8,18,Assam,11-01-2017,15011.83987
6221,Dhemaji,13,18,Assam,11-01-2017,15004.83074
6222,Dhubri,2,18,Assam,11-01-2017,14971.35484
6223,Dibrugarh,15,18,Assam,11-01-2017,14966.52297
6224,Kamrup,6,18,Assam,11-01-2017,14968.99895
6225,Karbi Anglong,19,18,Assam,11-01-2017,14837.25964
6226,Goalpara,3,18,Assam,11-01-2017,14941.5095
6227,Golaghat,18,18,Assam,11-01-2017,14946.32638
6228,Hailakandi,23,18,Assam,11-01-2017,14954.92579
6229,Sonitpur,11,18,Assam,11-01-2017,14981.95458
6230,Sibsagar,16,18,Assam,11-01-2017,14948.10993
6231,Tinsukia,14,18,Assam,11-01-2017,14930.13358
6232,Jorhat,17,18,Assam,11-01-2017,14958.87129
6233,Karimganj,22,18,Assam,11-01-2017,14976.31208
6234,Kokrajhar,1,18,Assam,11-01-2017,15007.35557
6235,Lakhimpur,12,18,Assam,11-01-2017,14995.7502
6236,Nagaon,10,18,Assam,11-01-2017,14948.81862
6237,Marigaon,9,18,Assam,11-01-2017,15010.69479
6238,Nalbari,7,18,Assam,11-01-2017,15021.9867
6239,North Cachar Hills,20,18,Assam,11-01-2017,14798.01311
6240,Hugli,12,19,West Bengal,11-01-2017,15040.9111
6241,Barddhaman,9,19,West Bengal,11-01-2017,15044.11713
6242,Birbhum,8,19,West Bengal,11-01-2017,15058.21795
6243,Bankura,13,19,West Bengal,11-01-2017,15016.71758
6244,Dakshin Dinajpur,5,19,West Bengal,11-01-2017,15042.34261
6245,Darjiling,1,19,West Bengal,11-01-2017,14790.06942
6246,Haora,16,19,West Bengal,11-01-2017,15017.94964
6247,South  Twenty Four Parganas,18,19,West Bengal,11-01-2017,15004.73787
6248,Uttar Dinajpur,4,19,West Bengal,11-01-2017,15064.99072
6249,Jalpaiguri,2,19,West Bengal,11-01-2017,15024.27928
6250,Koch Bihar,3,19,West Bengal,11-01-2017,15025.8988
6251,Murshidabad,7,19,West Bengal,11-01-2017,15064.45361
6252,Puruliya,14,19,West Bengal,11-01-2017,14997.82164
6253,Kolkata,17,19,West Bengal,11-01-2017,15206.39727
6254,Maldah,6,19,West Bengal,11-01-2017,15037.49386
6255,Nadia,10,19,West Bengal,11-01-2017,15058.19857
6256,North Twenty Four Parganas,11,19,West Bengal,11-01-2017,15001.65978
6257,Medinipur,15,19,West Bengal,11-01-2017,15011.31634
6258,Bokaro,13,20,Jharkhand,11-01-2017,15012.23928
6259,Deoghar,7,20,Jharkhand,11-01-2017,15079.91292
6260,Dhanbad,12,20,Jharkhand,11-01-2017,15017.20369
6261,Dumka,11,20,Jharkhand,11-01-2017,15052.55587
6262,Giridih,6,20,Jharkhand,11-01-2017,15040.42644
6263,Godda,8,20,Jharkhand,11-01-2017,15042.93912
6264,Gumla,16,20,Jharkhand,11-01-2017,14997.59957
6265,Ranchi,14,20,Jharkhand,11-01-2017,14967.52551
6266,Sahibganj,9,20,Jharkhand,11-01-2017,15025.48948
6267,Garhwa,1,20,Jharkhand,11-01-2017,15041.43918
6268,Palamu,2,20,Jharkhand,11-01-2017,14997.72125
6269,Chatra,3,20,Jharkhand,11-01-2017,15000.05333
6270,Hazaribagh,4,20,Jharkhand,11-01-2017,14974.37636
6271,Kodarma,5,20,Jharkhand,11-01-2017,14986.00376
6272,Purbi Singhbhum,18,20,Jharkhand,11-01-2017,14987.06239
6273,Lohardaga,15,20,Jharkhand,11-01-2017,14929.62851
6274,Pakaur,10,20,Jharkhand,11-01-2017,15077.77708
6275,Pashchimi Singhbhum,17,20,Jharkhand,11-01-2017,14955.99427
6276,Anugul,15,21,Orissa,11-01-2017,15016.77541
6277,Bhadrak,9,21,Orissa,11-01-2017,14998.3981
6278,Baudh,22,21,Orissa,11-01-2017,15017.33056
6279,Balangir,24,21,Orissa,11-01-2017,15086.80427
6280,Baleshwar,8,21,Orissa,11-01-2017,15000.11555
6281,Bargarh,1,21,Orissa,11-01-2017,15079.32601
6282,Kendrapara,10,21,Orissa,11-01-2017,14998.95937
6283,Kendujhar,6,21,Orissa,11-01-2017,14973.77289
6284,Debagarh,4,21,Orissa,11-01-2017,15000.13201
6285,Cuttack,12,21,Orissa,11-01-2017,15052.85627
6286,Dhenkanal,14,21,Orissa,11-01-2017,15043.83658
6287,Kalahandi,26,21,Orissa,11-01-2017,15018.56996
6288,Ganjam,19,21,Orissa,11-01-2017,15024.74901
6289,Gajapati,20,21,Orissa,11-01-2017,14949.38202
6290,Rayagada,27,21,Orissa,11-01-2017,14980.50144
6291,Sundargarh,5,21,Orissa,11-01-2017,14995.61874
6292,Sonapur,23,21,Orissa,11-01-2017,15057.0511
6293,Jajapur,13,21,Orissa,11-01-2017,15064.08584
6294,Jagatsinghapur,11,21,Orissa,11-01-2017,15010.51455
6295,Jharsuguda,2,21,Orissa,11-01-2017,15043.80331
6296,Khordha,17,21,Orissa,11-01-2017,15053.84655
6297,Mayurbhanj,7,21,Orissa,11-01-2017,14948.8095
6298,Puri,18,21,Orissa,11-01-2017,15017.0041
6299,Koraput,29,21,Orissa,11-01-2017,15011.31399
6300,Malkangiri,30,21,Orissa,11-01-2017,15056.54391
6301,Nabarangapur,28,21,Orissa,11-01-2017,15056.83541
6302,Nayagarh,16,21,Orissa,11-01-2017,15000.50512
6303,Nuapada,25,21,Orissa,11-01-2017,15052.22359
6304,Kandhamal,21,21,Orissa,11-01-2017,14913.10442
6305,Sambalpur,3,21,Orissa,11-01-2017,15006.7916
6306,Bastar,15,22,Chhattisgarh,11-01-2017,14997.30403
6307,Dantewada,16,22,Chhattisgarh,11-01-2017,15007.85672
6308,Dhamtari,13,22,Chhattisgarh,11-01-2017,15042.31214
6309,Durg,10,22,Chhattisgarh,11-01-2017,15142.80878
6310,Kanker,14,22,Chhattisgarh,11-01-2017,15031.4179
6311,Surguja,2,22,Chhattisgarh,11-01-2017,14979.61363
6312,Bilaspur,7,22,Chhattisgarh,11-01-2017,15062.56749
6313,Janjgir - Champa,6,22,Chhattisgarh,11-01-2017,15106.72023
6314,Korba,5,22,Chhattisgarh,11-01-2017,14992.53287
6315,Kawardha,8,22,Chhattisgarh,11-01-2017,15097.04665
6316,Jashpur,3,22,Chhattisgarh,11-01-2017,14998.70688
6317,Koriya,1,22,Chhattisgarh,11-01-2017,14986.10999
6318,Mahasamund,12,22,Chhattisgarh,11-01-2017,15103.89886
6319,Raigarh,4,22,Chhattisgarh,11-01-2017,15043.45115
6320,Raipur,11,22,Chhattisgarh,11-01-2017,15089.77639
6321,Rajnandgaon,9,22,Chhattisgarh,11-01-2017,15092.65147
6322,Hoshangabad,37,23,Madhya Pradesh,11-01-2017,15177.16811
6323,Indore,26,23,Madhya Pradesh,11-01-2017,15249.37899
6324,Bhind,3,23,Madhya Pradesh,11-01-2017,15168.85742
6325,Bhopal,32,23,Madhya Pradesh,11-01-2017,15238.34692
6326,Barwani,28,23,Madhya Pradesh,11-01-2017,15377.38602
6327,Betul,35,23,Madhya Pradesh,11-01-2017,15183.90899
6328,Balaghat,45,23,Madhya Pradesh,11-01-2017,15028.92306
6329,Chhatarpur,9,23,Madhya Pradesh,11-01-2017,15239.22076
6330,Chhindwara,43,23,Madhya Pradesh,11-01-2017,15155.35617
6331,Dewas,23,23,Madhya Pradesh,11-01-2017,15260.51074
6332,Katni,38,23,Madhya Pradesh,11-01-2017,15145.34618
6333,Datia,5,23,Madhya Pradesh,11-01-2017,15190.39461
6334,Damoh,12,23,Madhya Pradesh,11-01-2017,15228.69533
6335,Dhar,25,23,Madhya Pradesh,11-01-2017,15326.94805
6336,East Nimar,29,23,Madhya Pradesh,11-01-2017,15266.693
6337,Guna,7,23,Madhya Pradesh,11-01-2017,15281.78705
6338,Gwalior,4,23,Madhya Pradesh,11-01-2017,15206.20136
6339,Harda,36,23,Madhya Pradesh,11-01-2017,15279.97914
6340,Shajapur,22,23,Madhya Pradesh,11-01-2017,15287.66819
6341,Shivpuri,6,23,Madhya Pradesh,11-01-2017,15244.31957
6342,Ratlam,20,23,Madhya Pradesh,11-01-2017,15275.13969
6343,Rewa,14,23,Madhya Pradesh,11-01-2017,15165.25519
6344,Sagar,11,23,Madhya Pradesh,11-01-2017,15252.62452
6345,Sidhi,17,23,Madhya Pradesh,11-01-2017,15083.67413
6346,Ujjain,21,23,Madhya Pradesh,11-01-2017,15251.57726
6347,Vidisha,31,23,Madhya Pradesh,11-01-2017,15303.17405
6348,West Nimar,27,23,Madhya Pradesh,11-01-2017,15319.35006
6349,Morena,2,23,Madhya Pradesh,11-01-2017,15193.74635
6350,Sheopur,1,23,Madhya Pradesh,11-01-2017,15243.54808
6351,Dindori,41,23,Madhya Pradesh,11-01-2017,15095.0308
6352,Mandla,42,23,Madhya Pradesh,11-01-2017,15091.65714
6353,Shahdol,16,23,Madhya Pradesh,11-01-2017,15100.43247
6354,Umaria,15,23,Madhya Pradesh,11-01-2017,15082.2637
6355,Jabalpur,39,23,Madhya Pradesh,11-01-2017,15171.6675
6356,Jhabua,24,23,Madhya Pradesh,11-01-2017,15338.51433
6357,Mandsaur,19,23,Madhya Pradesh,11-01-2017,15226.45068
6358,Tikamgarh,8,23,Madhya Pradesh,11-01-2017,15271.60231
6359,Narsimhapur,40,23,Madhya Pradesh,11-01-2017,15189.17954
6360,Neemuch,18,23,Madhya Pradesh,11-01-2017,15211.993
6361,Panna,10,23,Madhya Pradesh,11-01-2017,15184.02445
6362,Raisen,34,23,Madhya Pradesh,11-01-2017,15217.32195
6363,Rajgarh,30,23,Madhya Pradesh,11-01-2017,15284.32528
6364,Satna,13,23,Madhya Pradesh,11-01-2017,15164.44742
6365,Sehore,33,23,Madhya Pradesh,11-01-2017,15262.69803
6366,Seoni,44,23,Madhya Pradesh,11-01-2017,15179.51532
6367,Anand,15,24,Gujarat,11-01-2017,15250.46961
6368,Ahmadabad,7,24,Gujarat,11-01-2017,15350.28017
6369,Amreli,13,24,Gujarat,11-01-2017,15371.44205
6370,Bhavnagar,14,24,Gujarat,11-01-2017,15344.99155
6371,Banas Kantha,2,24,Gujarat,11-01-2017,15263.72633
6372,Dohad,18,24,Gujarat,11-01-2017,15253.67738
6373,Junagadh,12,24,Gujarat,11-01-2017,15345.78575
6374,Kachchh,1,24,Gujarat,11-01-2017,15374.54154
6375,Gandhinagar,6,24,Gujarat,11-01-2017,15253.44324
6376,Sabar Kantha,5,24,Gujarat,11-01-2017,15225.89397
6377,Surendranagar,8,24,Gujarat,11-01-2017,15340.32874
6378,The Dangs,23,24,Gujarat,11-01-2017,15127.57714
6379,Vadodara,19,24,Gujarat,11-01-2017,15241.33599
6380,Valsad,25,24,Gujarat,11-01-2017,15207.40023
6381,Bharuch,21,24,Gujarat,11-01-2017,15305.42271
6382,Surat,22,24,Gujarat,11-01-2017,15235.77321
6383,Jamnagar,10,24,Gujarat,11-01-2017,15364.72091
6384,Kheda,16,24,Gujarat,11-01-2017,15240.28936
6385,Mahesana,4,24,Gujarat,11-01-2017,15242.12226
6386,Narmada,20,24,Gujarat,11-01-2017,15235.67438
6387,Navsari,24,24,Gujarat,11-01-2017,15221.98137
6388,Panch Mahals,17,24,Gujarat,11-01-2017,15226.55241
6389,Patan,3,24,Gujarat,11-01-2017,15336.3041
6390,Porbandar,11,24,Gujarat,11-01-2017,15406.5883
6391,Rajkot,9,24,Gujarat,11-01-2017,15315.82601
6392,Daman,2,25,Daman & Diu,11-01-2017,15201.73266
6393,Diu,1,25,Daman & Diu,11-01-2017,15194.63784
6394,Hingoli,16,27,Maharashtra,11-01-2017,15318.40366
6395,Aurangabad,19,27,Maharashtra,11-01-2017,15270.83427
6396,Ahmadnagar,26,27,Maharashtra,11-01-2017,15290.81198
6397,Akola,5,27,Maharashtra,11-01-2017,15331.15273
6398,Amravati,7,27,Maharashtra,11-01-2017,15213.82647
6399,Bid,27,27,Maharashtra,11-01-2017,15297.68942
6400,Bhandara,10,27,Maharashtra,11-01-2017,15120.27848
6401,Buldana,4,27,Maharashtra,11-01-2017,15301.43891
6402,Chandrapur,13,27,Maharashtra,11-01-2017,15149.48795
6403,Dhule,2,27,Maharashtra,11-01-2017,15362.01714
6404,Gadchiroli,12,27,Maharashtra,11-01-2017,15052.95782
6405,Gondiya,11,27,Maharashtra,11-01-2017,15088.88165
6406,Ratnagiri,32,27,Maharashtra,11-01-2017,15169.82483
6407,Raigarh,24,27,Maharashtra,11-01-2017,15197.41464
6408,Thane,21,27,Maharashtra,11-01-2017,15222.84908
6409,Solapur,30,27,Maharashtra,11-01-2017,15360.75752
6410,Sindhudurg,33,27,Maharashtra,11-01-2017,15182.09862
6411,Wardha,8,27,Maharashtra,11-01-2017,15215.06116
6412,Washim,6,27,Maharashtra,11-01-2017,15331.16823
6413,Yavatmal,14,27,Maharashtra,11-01-2017,15275.01236
6414,Jalgaon,3,27,Maharashtra,11-01-2017,15303.95554
6415,Jalna,18,27,Maharashtra,11-01-2017,15279.76068
6416,Kolhapur,34,27,Maharashtra,11-01-2017,15122.16781
6417,Latur,28,27,Maharashtra,11-01-2017,15335.77919
6418,Pune,25,27,Maharashtra,11-01-2017,15205.17907
6419,Nagpur,9,27,Maharashtra,11-01-2017,15152.68688
6420,Mumbai,23,27,Maharashtra,11-01-2017,15291.13736
6421,Mumbai (Suburban),22,27,Maharashtra,11-01-2017,15282.79024
6422,Nanded,15,27,Maharashtra,11-01-2017,15311.68175
6423,Nandurbar,1,27,Maharashtra,11-01-2017,15316.62602
6424,Nashik,20,27,Maharashtra,11-01-2017,15281.24752
6425,Osmanabad,29,27,Maharashtra,11-01-2017,15371.62856
6426,Parbhani,17,27,Maharashtra,11-01-2017,15329.14301
6427,Sangli,35,27,Maharashtra,11-01-2017,15323.02213
6428,Satara,31,27,Maharashtra,11-01-2017,15226.3932
6429,Hyderabad,5,28,Andhra Pradesh,11-01-2017,15237.14997
6430,Anantapur,22,28,Andhra Pradesh,11-01-2017,15287.7558
6431,Adilabad,1,28,Andhra Pradesh,11-01-2017,15182.04061
6432,Chittoor,23,28,Andhra Pradesh,11-01-2017,15058.19894
6433,Cuddapah,20,28,Andhra Pradesh,11-01-2017,15152.73209
6434,East Godavari,14,28,Andhra Pradesh,11-01-2017,15061.07907
6435,Karimnagar,3,28,Andhra Pradesh,11-01-2017,15233.47163
6436,Guntur,17,28,Andhra Pradesh,11-01-2017,15171.53574
6437,Rangareddi,6,28,Andhra Pradesh,11-01-2017,15199.38751
6438,Srikakulam,11,28,Andhra Pradesh,11-01-2017,15104.15259
6439,West Godavari,15,28,Andhra Pradesh,11-01-2017,15135.11582
6440,Visakhapatnam,13,28,Andhra Pradesh,11-01-2017,15013.5904
6441,Vizianagaram,12,28,Andhra Pradesh,11-01-2017,15087.04063
6442,Warangal,9,28,Andhra Pradesh,11-01-2017,15165.24032
6443,Khammam,10,28,Andhra Pradesh,11-01-2017,15127.42497
6444,Medak,4,28,Andhra Pradesh,11-01-2017,15220.79451
6445,Krishna,16,28,Andhra Pradesh,11-01-2017,15132.76596
6446,Kurnool,21,28,Andhra Pradesh,11-01-2017,15264.13991
6447,Mahbubnagar,7,28,Andhra Pradesh,11-01-2017,15221.89997
6448,Nalgonda,8,28,Andhra Pradesh,11-01-2017,15227.62828
6449,Nellore,19,28,Andhra Pradesh,11-01-2017,15123.73164
6450,Nizamabad,2,28,Andhra Pradesh,11-01-2017,15273.87622
6451,Prakasam,18,28,Andhra Pradesh,11-01-2017,15223.03526
6452,Hassan,23,29,Karnataka,11-01-2017,15054.47661
6453,Haveri,11,29,Karnataka,11-01-2017,15253.49849
6454,Bagalkot,2,29,Karnataka,11-01-2017,15299.55227
6455,Bangalore,20,29,Karnataka,11-01-2017,15060.92574
6456,Bidar,5,29,Karnataka,11-01-2017,15264.80641
6457,Bijapur,3,29,Karnataka,11-01-2017,15307.93281
6458,Belgaum,1,29,Karnataka,11-01-2017,15258.20974
6459,Bellary,12,29,Karnataka,11-01-2017,15263.03698
6460,Bangalore Rural,21,29,Karnataka,11-01-2017,15026.77001
6461,Chamarajanagar,27,29,Karnataka,11-01-2017,15028.06046
6462,Chikmagalur,17,29,Karnataka,11-01-2017,15023.52995
6463,Chitradurga,13,29,Karnataka,11-01-2017,15311.65689
6464,Dakshina Kannada,24,29,Karnataka,11-01-2017,15105.22266
6465,Davanagere,14,29,Karnataka,11-01-2017,15280.58739
6466,Dharwad,9,29,Karnataka,11-01-2017,15339.99688
6467,Gulbarga,4,29,Karnataka,11-01-2017,15276.70945
6468,Gadag,8,29,Karnataka,11-01-2017,15404.31816
6469,Shimoga,15,29,Karnataka,11-01-2017,15039.197
6470,Tumkur,18,29,Karnataka,11-01-2017,15149.32124
6471,Udupi,16,29,Karnataka,11-01-2017,15134.69676
6472,Uttara Kannada,10,29,Karnataka,11-01-2017,15011.71734
6473,Kodagu,25,29,Karnataka,11-01-2017,14905.15032
6474,Kolar,19,29,Karnataka,11-01-2017,15053.24036
6475,Mandya,22,29,Karnataka,11-01-2017,15042.11903
6476,Koppal,7,29,Karnataka,11-01-2017,15280.00265
6477,Mysore,26,29,Karnataka,11-01-2017,15093.44916
6478,Raichur,6,29,Karnataka,11-01-2017,15241.44724
6479,South Goa,2,30,Goa,11-01-2017,15118.02128
6480,North Goa,1,30,Goa,11-01-2017,15173.91951
6481,Idukki,9,32,Kerala,11-01-2017,14876.27557
6482,Alappuzha,11,32,Kerala,11-01-2017,15097.12084
6483,Kasaragod,1,32,Kerala,11-01-2017,15098.21655
6484,Kannur,2,32,Kerala,11-01-2017,15093.71905
6485,Ernakulam,8,32,Kerala,11-01-2017,15105.53177
6486,Thrissur,7,32,Kerala,11-01-2017,15047.59711
6487,Thiruvananthapuram,14,32,Kerala,11-01-2017,15077.79141
6488,Wayanad,3,32,Kerala,11-01-2017,14876.54816
6489,Kollam,13,32,Kerala,11-01-2017,15047.68043
6490,Kottayam,10,32,Kerala,11-01-2017,15092.02984
6491,Kozhikode,4,32,Kerala,11-01-2017,15068.54226
6492,Malappuram,5,32,Kerala,11-01-2017,15051.69339
6493,Palakkad,6,32,Kerala,11-01-2017,15029.28552
6494,Pathanamthitta,12,32,Kerala,11-01-2017,14999.64148
6495,Ariyalur,17,33,Tamil Nadu,11-01-2017,15111.48355
6496,Coimbatore,12,33,Tamil Nadu,11-01-2017,15137.74922
6497,Cuddalore,18,33,Tamil Nadu,11-01-2017,15130.86466
6498,Dharmapuri,5,33,Tamil Nadu,11-01-2017,15032.65451
6499,Dindigul,13,33,Tamil Nadu,11-01-2017,15088.59621
6500,Erode,10,33,Tamil Nadu,11-01-2017,15157.6075
6501,Sivaganga,23,33,Tamil Nadu,11-01-2017,15324.42211
6502,Tiruchirappalli,15,33,Tamil Nadu,11-01-2017,15144.31949
6503,Tirunelveli,29,33,Tamil Nadu,11-01-2017,15297.18179
6504,Tiruvannamalai,6,33,Tamil Nadu,11-01-2017,15050.77302
6505,Thoothukkudi,28,33,Tamil Nadu,11-01-2017,15518.89144
6506,Theni,25,33,Tamil Nadu,11-01-2017,15119.6886
6507,Vellore,4,33,Tamil Nadu,11-01-2017,15032.49535
6508,Viluppuram,7,33,Tamil Nadu,11-01-2017,15115.93821
6509,Virudhunagar,26,33,Tamil Nadu,11-01-2017,15357.49765
6510,Chennai,2,33,Tamil Nadu,11-01-2017,15219.08685
6511,Kancheepuram,3,33,Tamil Nadu,11-01-2017,15063.87669
6512,Thiruvallur,1,33,Tamil Nadu,11-01-2017,15069.55835
6513,Thanjavur,21,33,Tamil Nadu,11-01-2017,15154.50109
6514,Thiruvarur,20,33,Tamil Nadu,11-01-2017,15175.67337
6515,Nagapattinam,19,33,Tamil Nadu,11-01-2017,15143.42719
6516,Kanniyakumari,30,33,Tamil Nadu,11-01-2017,15093.20436
6517,Karur,14,33,Tamil Nadu,11-01-2017,15293.33539
6518,Madurai,24,33,Tamil Nadu,11-01-2017,15203.59329
6519,Namakkal,9,33,Tamil Nadu,11-01-2017,15170.03861
6520,The Nilgiris,11,33,Tamil Nadu,11-01-2017,14776.11612
6521,Perambalur,16,33,Tamil Nadu,11-01-2017,15070.10555
6522,Pudukkottai,22,33,Tamil Nadu,11-01-2017,15163.10804
6523,Ramanathapuram,27,33,Tamil Nadu,11-01-2017,15443.52134
6524,Salem,8,33,Tamil Nadu,11-01-2017,15070.83207
6525,Yanam,1,34,Puducherry,11-01-2017,15088.2936
6526,Karaikal,4,34,Puducherry,11-01-2017,15123.55537
6527,Mahe,3,34,Puducherry,11-01-2017,15132.24723
6528,Pondicherry,2,34,Puducherry,11-01-2017,15083.49544
6529,Nicobars,2,35,Andaman & Nicobar Island,11-01-2017,14912.57024
6530,Andamans,1,35,Andaman & Nicobar Island,11-01-2017,14908.8275
6531,Chandigarh,1,4,Chandigarh,12-01-2017,14699.74423
6532,Dadra & Nagar Haveli,1,26,Dadara & Nagar Havelli,12-01-2017,15064.2141
6533,Lakshadweep,1,31,Lakshadweep,12-01-2017,15040.08376
6534,Data Not Available,99,99,Jammu and Kashmir,12-01-2017,13304.08869
6535,Jammu,13,1,Jammu and Kashmir,12-01-2017,14624.93567
6536,Kargil,8,1,Jammu and Kashmir,12-01-2017,13150.27157
6537,Kathua,14,1,Jammu and Kashmir,12-01-2017,14539.58291
6538,Leh (Ladakh),7,1,Jammu and Kashmir,12-01-2017,13361.26456
6539,Kupwara,1,1,Jammu and Kashmir,12-01-2017,13908.12729
6540,Punch,11,1,Jammu and Kashmir,12-01-2017,14315.79443
6541,Pulwama,5,1,Jammu and Kashmir,12-01-2017,14022.85028
6542,Rajauri,12,1,Jammu and Kashmir,12-01-2017,14493.09927
6543,Anantnag,6,1,Jammu and Kashmir,12-01-2017,13692.12099
6544,Badgam,4,1,Jammu and Kashmir,12-01-2017,13858.20519
6545,Baramula,2,1,Jammu and Kashmir,12-01-2017,13732.0247
6546,Doda,9,1,Jammu and Kashmir,12-01-2017,13576.57652
6547,Srinagar,3,1,Jammu and Kashmir,12-01-2017,13661.90304
6548,Udhampur,10,1,Jammu and Kashmir,12-01-2017,14360.42032
6549,Kangra,2,2,Himachal Pradesh,12-01-2017,14346.60186
6550,Kinnaur,12,2,Himachal Pradesh,12-01-2017,13496.913
6551,Lahul & Spiti,3,2,Himachal Pradesh,12-01-2017,13159.58433
6552,Kullu,4,2,Himachal Pradesh,12-01-2017,13816.85168
6553,Mandi,5,2,Himachal Pradesh,12-01-2017,14430.61724
6554,Bilaspur,8,2,Himachal Pradesh,12-01-2017,14521.01538
6555,Chamba,1,2,Himachal Pradesh,12-01-2017,13891.11342
6556,Hamirpur,6,2,Himachal Pradesh,12-01-2017,14543.53152
6557,Shimla,11,2,Himachal Pradesh,12-01-2017,14274.5113
6558,Sirmaur,10,2,Himachal Pradesh,12-01-2017,14532.1731
6559,Solan,9,2,Himachal Pradesh,12-01-2017,14580.24488
6560,Una,7,2,Himachal Pradesh,12-01-2017,14638.03741
6561,Hoshiarpur,5,3,Punjab,12-01-2017,14632.58387
6562,Jalandhar,4,3,Punjab,12-01-2017,14656.79926
6563,Kapurthala,3,3,Punjab,12-01-2017,14613.09272
6564,Ludhiana,9,3,Punjab,12-01-2017,14718.88404
6565,Mansa,15,3,Punjab,12-01-2017,14756.22437
6566,Moga,10,3,Punjab,12-01-2017,14770.76543
6567,Muktsar,12,3,Punjab,12-01-2017,14792.53829
6568,Nawanshahr,6,3,Punjab,12-01-2017,14661.19522
6569,Patiala,17,3,Punjab,12-01-2017,14667.24579
6570,Sangrur,16,3,Punjab,12-01-2017,14732.10357
6571,Amritsar,2,3,Punjab,12-01-2017,14679.72831
6572,Firozpur,11,3,Punjab,12-01-2017,14791.58048
6573,Bathinda,14,3,Punjab,12-01-2017,14784.70377
6574,Gurdaspur,1,3,Punjab,12-01-2017,14615.93406
6575,Faridkot,13,3,Punjab,12-01-2017,14801.28503
6576,Fatehgarh Sahib,8,3,Punjab,12-01-2017,14675.89309
6577,Rupnagar,7,3,Punjab,12-01-2017,14668.14972
6578,Hardwar,13,5,Uttarakhand,12-01-2017,14639.02615
6579,Nainital,11,5,Uttarakhand,12-01-2017,14593.66029
6580,Pithoragarh,7,5,Uttarakhand,12-01-2017,13964.16137
6581,Bageshwar,8,5,Uttarakhand,12-01-2017,14288.86861
6582,Almora,9,5,Uttarakhand,12-01-2017,14512.89251
6583,Chamoli,2,5,Uttarakhand,12-01-2017,13826.29222
6584,Champawat,10,5,Uttarakhand,12-01-2017,14537.04596
6585,Dehradun,5,5,Uttarakhand,12-01-2017,14528.9662
6586,Garhwal,6,5,Uttarakhand,12-01-2017,14488.96152
6587,Rudraprayag,3,5,Uttarakhand,12-01-2017,14151.66327
6588,Tehri Garhwal,4,5,Uttarakhand,12-01-2017,14320.33072
6589,Udham Singh Nagar,12,5,Uttarakhand,12-01-2017,14682.74766
6590,Uttarkashi,1,5,Uttarakhand,12-01-2017,13836.77244
6591,Hisar,12,6,Haryana,12-01-2017,14766.58615
6592,Jind,9,6,Haryana,12-01-2017,14747.85318
6593,Kaithal,5,6,Haryana,12-01-2017,14696.94021
6594,Karnal,6,6,Haryana,12-01-2017,14702.20259
6595,Kurukshetra,4,6,Haryana,12-01-2017,14662.68657
6596,Panchkula,1,6,Haryana,12-01-2017,14675.24136
6597,Panipat,7,6,Haryana,12-01-2017,14698.01566
6598,Ambala,2,6,Haryana,12-01-2017,14641.94761
6599,Gurgaon,18,6,Haryana,12-01-2017,14720.44681
6600,Faridabad,19,6,Haryana,12-01-2017,14728.95782
6601,Fatehabad,10,6,Haryana,12-01-2017,14805.19342
6602,Rohtak,14,6,Haryana,12-01-2017,14732.79027
6603,Sirsa,11,6,Haryana,12-01-2017,14819.11723
6604,Sonipat,8,6,Haryana,12-01-2017,14745.76998
6605,Yamunanagar,3,6,Haryana,12-01-2017,14625.03635
6606,Jhajjar,15,6,Haryana,12-01-2017,14759.43379
6607,Mahendragarh,16,6,Haryana,12-01-2017,14832.29277
6608,Rewari,17,6,Haryana,12-01-2017,14713.47059
6609,Bhiwani,13,6,Haryana,12-01-2017,14802.37788
6610,Central,6,7,Delhi  & NCR,12-01-2017,14714.63683
6611,East,4,7,Delhi  & NCR,12-01-2017,14714.48568
6612,New Delhi,5,7,Delhi  & NCR,12-01-2017,14693.0944
6613,North,2,7,Delhi  & NCR,12-01-2017,14709.96272
6614,North East,3,7,Delhi  & NCR,12-01-2017,14734.38482
6615,North West,1,7,Delhi  & NCR,12-01-2017,14746.77826
6616,South,9,7,Delhi  & NCR,12-01-2017,14719.08177
6617,South West,8,7,Delhi  & NCR,12-01-2017,14708.21095
6618,West,7,7,Delhi  & NCR,12-01-2017,14724.01708
6619,Jaipur,12,8,Rajasthan,12-01-2017,14982.8109
6620,Jaisalmer,16,8,Rajasthan,12-01-2017,15208.19971
6621,Jalor,18,8,Rajasthan,12-01-2017,15067.28689
6622,Jhalawar,32,8,Rajasthan,12-01-2017,14965.03902
6623,Jhunjhunun,5,8,Rajasthan,12-01-2017,14973.14948
6624,Jodhpur,15,8,Rajasthan,12-01-2017,15139.54684
6625,Kota,30,8,Rajasthan,12-01-2017,14946.11089
6626,Nagaur,14,8,Rajasthan,12-01-2017,15085.69093
6627,Pali,20,8,Rajasthan,12-01-2017,15070.50555
6628,Rajsamand,25,8,Rajasthan,12-01-2017,14925.04764
6629,Sawai Madhopur,10,8,Rajasthan,12-01-2017,14932.73659
6630,Ajmer,21,8,Rajasthan,12-01-2017,15022.90415
6631,Banswara,28,8,Rajasthan,12-01-2017,15051.69159
6632,Barmer,17,8,Rajasthan,12-01-2017,15185.59991
6633,Bhilwara,24,8,Rajasthan,12-01-2017,14998.80994
6634,Bikaner,3,8,Rajasthan,12-01-2017,15139.74608
6635,Bharatpur,7,8,Rajasthan,12-01-2017,14796.4158
6636,Bundi,23,8,Rajasthan,12-01-2017,14932.73755
6637,Chittaurgarh,29,8,Rajasthan,12-01-2017,14917.24927
6638,Churu,4,8,Rajasthan,12-01-2017,15079.82526
6639,Dausa,11,8,Rajasthan,12-01-2017,14914.43457
6640,Dhaulpur,8,8,Rajasthan,12-01-2017,14898.53373
6641,Dungarpur,27,8,Rajasthan,12-01-2017,15009.09753
6642,Karauli,9,8,Rajasthan,12-01-2017,14931.14091
6643,Sirohi,19,8,Rajasthan,12-01-2017,14994.1173
6644,Tonk,22,8,Rajasthan,12-01-2017,14938.64014
6645,Sikar,13,8,Rajasthan,12-01-2017,14985.99207
6646,Alwar,6,8,Rajasthan,12-01-2017,14814.2345
6647,Udaipur,26,8,Rajasthan,12-01-2017,14964.01425
6648,Ganganagar,1,8,Rajasthan,12-01-2017,14904.70764
6649,Hanumangarh,2,8,Rajasthan,12-01-2017,14935.30993
6650,Baran,31,8,Rajasthan,12-01-2017,14970.94855
6651,Hathras,13,9,Uttar Pradesh,12-01-2017,14744.57919
6652,Jalaun,35,9,Uttar Pradesh,12-01-2017,14881.87485
6653,Jaunpur,64,9,Uttar Pradesh,12-01-2017,14925.08037
6654,Jhansi,36,9,Uttar Pradesh,12-01-2017,14994.49915
6655,Jyotiba Phule Nagar,6,9,Uttar Pradesh,12-01-2017,14693.18071
6656,Kannauj,30,9,Uttar Pradesh,12-01-2017,14778.33804
6657,Kanpur Nagar,34,9,Uttar Pradesh,12-01-2017,14884.09188
6658,Kaushambi,44,9,Uttar Pradesh,12-01-2017,14880.1083
6659,Kheri,23,9,Uttar Pradesh,12-01-2017,14724.28505
6660,Mirzapur,69,9,Uttar Pradesh,12-01-2017,14966.52652
6661,Moradabad,4,9,Uttar Pradesh,12-01-2017,14716.26875
6662,Muzaffarnagar,2,9,Uttar Pradesh,12-01-2017,14645.73017
6663,Rae Bareli,28,9,Uttar Pradesh,12-01-2017,14855.34694
6664,Kushinagar,59,9,Uttar Pradesh,12-01-2017,14877.81417
6665,Lucknow,27,9,Uttar Pradesh,12-01-2017,14827.45063
6666,Lalitpur,37,9,Uttar Pradesh,12-01-2017,14846.46001
6667,Mahrajganj,57,9,Uttar Pradesh,12-01-2017,14923.70345
6668,Mahoba,39,9,Uttar Pradesh,12-01-2017,15039.67746
6669,Mainpuri,18,9,Uttar Pradesh,12-01-2017,14811.92917
6670,Mathura,14,9,Uttar Pradesh,12-01-2017,14714.10869
6671,Mau,62,9,Uttar Pradesh,12-01-2017,14945.64348
6672,Meerut,7,9,Uttar Pradesh,12-01-2017,14679.80409
6673,Pilibhit,21,9,Uttar Pradesh,12-01-2017,14684.01846
6674,Pratapgarh,43,9,Uttar Pradesh,12-01-2017,14896.23608
6675,Rampur,5,9,Uttar Pradesh,12-01-2017,14684.46255
6676,Sant Ravidas Nagar Bhadohi,68,9,Uttar Pradesh,12-01-2017,14898.13453
6677,Sant Kabir Nagar,56,9,Uttar Pradesh,12-01-2017,14923.94979
6678,Shahjahanpur,22,9,Uttar Pradesh,12-01-2017,14733.95907
6679,Auraiya,32,9,Uttar Pradesh,12-01-2017,14861.24147
6680,Azamgarh,61,9,Uttar Pradesh,12-01-2017,14945.66765
6681,Budaun,19,9,Uttar Pradesh,12-01-2017,14766.89415
6682,Agra,15,9,Uttar Pradesh,12-01-2017,14761.59823
6683,Aligarh,12,9,Uttar Pradesh,12-01-2017,14760.54718
6684,Allahabad,45,9,Uttar Pradesh,12-01-2017,14934.2201
6685,Ambedkar Nagar,48,9,Uttar Pradesh,12-01-2017,14947.9004
6686,Bareilly,20,9,Uttar Pradesh,12-01-2017,14700.03315
6687,Bijnor,3,9,Uttar Pradesh,12-01-2017,14682.94612
6688,Basti,55,9,Uttar Pradesh,12-01-2017,14925.40487
6689,Baghpat,8,9,Uttar Pradesh,12-01-2017,14690.77005
6690,Bahraich,50,9,Uttar Pradesh,12-01-2017,14818.66271
6691,Ballia,63,9,Uttar Pradesh,12-01-2017,14940.21532
6692,Balrampur,52,9,Uttar Pradesh,12-01-2017,14867.95545
6693,Banda,40,9,Uttar Pradesh,12-01-2017,14912.26002
6694,Barabanki,46,9,Uttar Pradesh,12-01-2017,14823.39375
6695,Chitrakoot,41,9,Uttar Pradesh,12-01-2017,14933.20956
6696,Chandauli,66,9,Uttar Pradesh,12-01-2017,14946.49025
6697,Deoria,60,9,Uttar Pradesh,12-01-2017,14946.51084
6698,Etah,17,9,Uttar Pradesh,12-01-2017,14784.9046
6699,Kanpur Dehat,33,9,Uttar Pradesh,12-01-2017,14857.52496
6700,Etawah,31,9,Uttar Pradesh,12-01-2017,14794.64495
6701,Faizabad,47,9,Uttar Pradesh,12-01-2017,14887.0396
6702,Ghazipur,65,9,Uttar Pradesh,12-01-2017,14937.60647
6703,Gonda,53,9,Uttar Pradesh,12-01-2017,14871.09719
6704,Gorakhpur,58,9,Uttar Pradesh,12-01-2017,14890.24438
6705,Farrukhabad,29,9,Uttar Pradesh,12-01-2017,14727.23432
6706,Fatehpur,42,9,Uttar Pradesh,12-01-2017,14850.8445
6707,Firozabad,16,9,Uttar Pradesh,12-01-2017,14766.95975
6708,Hamirpur,38,9,Uttar Pradesh,12-01-2017,14902.73459
6709,Hardoi,25,9,Uttar Pradesh,12-01-2017,14807.43068
6710,Shrawasti,51,9,Uttar Pradesh,12-01-2017,14895.48583
6711,Saharanpur,1,9,Uttar Pradesh,12-01-2017,14625.39268
6712,Sitapur,24,9,Uttar Pradesh,12-01-2017,14784.51021
6713,Sultanpur,49,9,Uttar Pradesh,12-01-2017,14933.38656
6714,Sonbhadra,70,9,Uttar Pradesh,12-01-2017,14919.21431
6715,Siddharthnagar,54,9,Uttar Pradesh,12-01-2017,14923.42902
6716,Unnao,26,9,Uttar Pradesh,12-01-2017,14835.86588
6717,Varanasi,67,9,Uttar Pradesh,12-01-2017,14900.5715
6718,Bulandshahr,11,9,Uttar Pradesh,12-01-2017,14753.0785
6719,Gautam Buddha Nagar,10,9,Uttar Pradesh,12-01-2017,14758.4177
6720,Ghaziabad,9,9,Uttar Pradesh,12-01-2017,14731.51136
6721,Jamui,37,10,Bihar,12-01-2017,14888.64172
6722,Kishanganj,8,10,Bihar,12-01-2017,14979.37246
6723,Muzaffarpur,14,10,Bihar,12-01-2017,14886.48385
6724,Purnia,9,10,Bihar,12-01-2017,14912.64579
6725,Khagaria,21,10,Bihar,12-01-2017,14852.78627
6726,Madhubani,5,10,Bihar,12-01-2017,14928.89549
6727,Lakhisarai,25,10,Bihar,12-01-2017,14884.51831
6728,Madhepura,11,10,Bihar,12-01-2017,14903.8829
6729,Purba Champaran,2,10,Bihar,12-01-2017,14903.85789
6730,Munger,24,10,Bihar,12-01-2017,14856.51079
6731,Nalanda,27,10,Bihar,12-01-2017,14934.55548
6732,Nawada,36,10,Bihar,12-01-2017,14900.4963
6733,Pashchim Champaran,1,10,Bihar,12-01-2017,14866.09324
6734,Patna,28,10,Bihar,12-01-2017,14897.93446
6735,Samastipur,19,10,Bihar,12-01-2017,14862.60399
6736,Araria,7,10,Bihar,12-01-2017,14967.35639
6737,Aurangabad,34,10,Bihar,12-01-2017,14936.38052
6738,Banka,23,10,Bihar,12-01-2017,14914.70057
6739,Bhagalpur,22,10,Bihar,12-01-2017,14865.70318
6740,Begusarai,20,10,Bihar,12-01-2017,14840.2584
6741,Saran,17,10,Bihar,12-01-2017,14930.85196
6742,Katihar,10,10,Bihar,12-01-2017,14859.63995
6743,Darbhanga,13,10,Bihar,12-01-2017,14897.43139
6744,Gopalganj,15,10,Bihar,12-01-2017,14893.94682
6745,Sheikhpura,26,10,Bihar,12-01-2017,14935.05133
6746,Sheohar,3,10,Bihar,12-01-2017,14876.5555
6747,Saharsa,12,10,Bihar,12-01-2017,14885.58091
6748,Sitamarhi,4,10,Bihar,12-01-2017,14908.09402
6749,Siwan,16,10,Bihar,12-01-2017,14918.01157
6750,Supaul,6,10,Bihar,12-01-2017,14909.40319
6751,Vaishali,18,10,Bihar,12-01-2017,14845.9658
6752,Kaimur (Bhabua),31,10,Bihar,12-01-2017,14929.3598
6753,Gaya,35,10,Bihar,12-01-2017,14939.57462
6754,Bhojpur,29,10,Bihar,12-01-2017,14923.90966
6755,Buxar,30,10,Bihar,12-01-2017,14922.00992
6756,Jehanabad,33,10,Bihar,12-01-2017,14881.72515
6757,Rohtas,32,10,Bihar,12-01-2017,14902.1918
6758,North,1,11,Sikkim,12-01-2017,14043.73818
6759,East,4,11,Sikkim,12-01-2017,14378.14989
6760,South,3,11,Sikkim,12-01-2017,14444.80896
6761,West,2,11,Sikkim,12-01-2017,14296.94746
6762,Lohit,11,12,Arunanchal Pradesh,12-01-2017,14305.53095
6763,Lower Subansiri,5,12,Arunanchal Pradesh,12-01-2017,14245.9061
6764,Papum Pare,4,12,Arunanchal Pradesh,12-01-2017,14476.43885
6765,Changlang,12,12,Arunanchal Pradesh,12-01-2017,14529.7135
6766,Dibang Valley,10,12,Arunanchal Pradesh,12-01-2017,14164.08649
6767,East Kameng,3,12,Arunanchal Pradesh,12-01-2017,14342.625
6768,East Siang,8,12,Arunanchal Pradesh,12-01-2017,14590.34477
6769,Tawang,1,12,Arunanchal Pradesh,12-01-2017,14158.89304
6770,Tirap,13,12,Arunanchal Pradesh,12-01-2017,14590.42847
6771,West Kameng,2,12,Arunanchal Pradesh,12-01-2017,14316.71978
6772,West Siang,7,12,Arunanchal Pradesh,12-01-2017,14306.78784
6773,Upper Siang,9,12,Arunanchal Pradesh,12-01-2017,14188.49489
6774,Upper Subansiri,6,12,Arunanchal Pradesh,12-01-2017,14172.81941
6775,Mokokchung,3,13,Nagaland,12-01-2017,14607.60739
6776,Mon,1,13,Nagaland,12-01-2017,14633.80224
6777,Phek,8,13,Nagaland,12-01-2017,14410.32825
6778,Tuensang,2,13,Nagaland,12-01-2017,14447.00025
6779,Wokha,5,13,Nagaland,12-01-2017,14627.74442
6780,Zunheboto,4,13,Nagaland,12-01-2017,14477.47915
6781,Dimapur,6,13,Nagaland,12-01-2017,14708.25453
6782,Kohima,7,13,Nagaland,12-01-2017,14562.99502
6783,Imphal East,7,14,Manipur,12-01-2017,14667.62707
6784,Imphal West,6,14,Manipur,12-01-2017,14733.25213
6785,Senapati (Excl. 3 sub-divisions),1,14,Manipur,12-01-2017,14512.75364
6786,Bishnupur,4,14,Manipur,12-01-2017,14634.81568
6787,Chandel,9,14,Manipur,12-01-2017,14588.98961
6788,Churachandpur,3,14,Manipur,12-01-2017,14586.13446
6789,Tamenglong,2,14,Manipur,12-01-2017,14576.78784
6790,Thoubal,5,14,Manipur,12-01-2017,14645.61581
6791,Ukhrul,8,14,Manipur,12-01-2017,14518.2438
6792,Kolasib,2,15,Mizoram,12-01-2017,14719.16974
6793,Mamit,1,15,Mizoram,12-01-2017,14717.82624
6794,Lunglei,6,15,Mizoram,12-01-2017,14663.91232
6795,Lawngtlai,7,15,Mizoram,12-01-2017,14723.91298
6796,Saiha,8,15,Mizoram,12-01-2017,14631.95726
6797,Serchhip,5,15,Mizoram,12-01-2017,14580.81795
6798,Aizawl,3,15,Mizoram,12-01-2017,14638.17356
6799,Champhai,4,15,Mizoram,12-01-2017,14561.49411
6800,North Tripura,4,16,Tripura,12-01-2017,14802.69209
6801,Dhalai,3,16,Tripura,12-01-2017,14821.0318
6802,South Tripura,2,16,Tripura,12-01-2017,14852.77717
6803,West Tripura,1,16,Tripura,12-01-2017,14854.15453
6804,Jaintia Hills,7,17,Meghalaya,12-01-2017,14662.39598
6805,East Garo Hills,2,17,Meghalaya,12-01-2017,14736.02968
6806,East Khasi Hills,6,17,Meghalaya,12-01-2017,14645.05053
6807,Ri Bhoi,5,17,Meghalaya,12-01-2017,14697.21245
6808,South Garo Hills,3,17,Meghalaya,12-01-2017,14784.45906
6809,West Garo Hills,1,17,Meghalaya,12-01-2017,14805.16447
6810,West Khasi Hills,4,17,Meghalaya,12-01-2017,14657.06236
6811,Jorhat,17,18,Assam,12-01-2017,14806.13235
6812,Karimganj,22,18,Assam,12-01-2017,14815.50433
6813,Kokrajhar,1,18,Assam,12-01-2017,14896.03161
6814,Lakhimpur,12,18,Assam,12-01-2017,14831.07119
6815,Nagaon,10,18,Assam,12-01-2017,14824.81115
6816,Marigaon,9,18,Assam,12-01-2017,14866.02905
6817,Nalbari,7,18,Assam,12-01-2017,14893.13117
6818,North Cachar Hills,20,18,Assam,12-01-2017,14645.79532
6819,Barpeta,5,18,Assam,12-01-2017,14877.96995
6820,Bongaigaon,4,18,Assam,12-01-2017,14882.45236
6821,Cachar,21,18,Assam,12-01-2017,14795.67004
6822,Darrang,8,18,Assam,12-01-2017,14885.0104
6823,Dhemaji,13,18,Assam,12-01-2017,14862.39995
6824,Dhubri,2,18,Assam,12-01-2017,14865.62075
6825,Dibrugarh,15,18,Assam,12-01-2017,14818.48235
6826,Kamrup,6,18,Assam,12-01-2017,14828.97884
6827,Karbi Anglong,19,18,Assam,12-01-2017,14697.06428
6828,Goalpara,3,18,Assam,12-01-2017,14822.75533
6829,Golaghat,18,18,Assam,12-01-2017,14808.75247
6830,Hailakandi,23,18,Assam,12-01-2017,14800.91784
6831,Sonitpur,11,18,Assam,12-01-2017,14854.27939
6832,Sibsagar,16,18,Assam,12-01-2017,14806.27203
6833,Tinsukia,14,18,Assam,12-01-2017,14786.90352
6834,Hugli,12,19,West Bengal,12-01-2017,14902.94473
6835,Jalpaiguri,2,19,West Bengal,12-01-2017,14901.51139
6836,Koch Bihar,3,19,West Bengal,12-01-2017,14915.0426
6837,Murshidabad,7,19,West Bengal,12-01-2017,14873.76099
6838,Puruliya,14,19,West Bengal,12-01-2017,14923.43259
6839,Kolkata,17,19,West Bengal,12-01-2017,14994.52814
6840,Maldah,6,19,West Bengal,12-01-2017,14866.29806
6841,Nadia,10,19,West Bengal,12-01-2017,14850.53241
6842,North Twenty Four Parganas,11,19,West Bengal,12-01-2017,14850.06059
6843,Medinipur,15,19,West Bengal,12-01-2017,14896.67837
6844,Barddhaman,9,19,West Bengal,12-01-2017,14921.75094
6845,Birbhum,8,19,West Bengal,12-01-2017,14956.20212
6846,Bankura,13,19,West Bengal,12-01-2017,14917.20147
6847,Dakshin Dinajpur,5,19,West Bengal,12-01-2017,14929.74228
6848,Darjiling,1,19,West Bengal,12-01-2017,14656.59641
6849,Haora,16,19,West Bengal,12-01-2017,14864.14696
6850,South  Twenty Four Parganas,18,19,West Bengal,12-01-2017,14861.94269
6851,Uttar Dinajpur,4,19,West Bengal,12-01-2017,14954.12662
6852,Purbi Singhbhum,18,20,Jharkhand,12-01-2017,14897.81154
6853,Lohardaga,15,20,Jharkhand,12-01-2017,14843.05887
6854,Pakaur,10,20,Jharkhand,12-01-2017,14932.50072
6855,Pashchimi Singhbhum,17,20,Jharkhand,12-01-2017,14860.20874
6856,Bokaro,13,20,Jharkhand,12-01-2017,14915.13785
6857,Deoghar,7,20,Jharkhand,12-01-2017,14925.54714
6858,Dhanbad,12,20,Jharkhand,12-01-2017,14920.21671
6859,Dumka,11,20,Jharkhand,12-01-2017,14907.7807
6860,Giridih,6,20,Jharkhand,12-01-2017,14913.40369
6861,Godda,8,20,Jharkhand,12-01-2017,14870.69714
6862,Gumla,16,20,Jharkhand,12-01-2017,14905.84135
6863,Ranchi,14,20,Jharkhand,12-01-2017,14889.3051
6864,Sahibganj,9,20,Jharkhand,12-01-2017,14856.69968
6865,Garhwa,1,20,Jharkhand,12-01-2017,14887.77981
6866,Palamu,2,20,Jharkhand,12-01-2017,14855.62003
6867,Chatra,3,20,Jharkhand,12-01-2017,14856.35294
6868,Hazaribagh,4,20,Jharkhand,12-01-2017,14856.48746
6869,Kodarma,5,20,Jharkhand,12-01-2017,14843.77927
6870,Jajapur,13,21,Orissa,12-01-2017,14974.37911
6871,Jagatsinghapur,11,21,Orissa,12-01-2017,14933.54843
6872,Jharsuguda,2,21,Orissa,12-01-2017,14933.34934
6873,Khordha,17,21,Orissa,12-01-2017,14946.01094
6874,Mayurbhanj,7,21,Orissa,12-01-2017,14861.15411
6875,Puri,18,21,Orissa,12-01-2017,14927.68295
6876,Koraput,29,21,Orissa,12-01-2017,14981.04022
6877,Malkangiri,30,21,Orissa,12-01-2017,14996.95689
6878,Nabarangapur,28,21,Orissa,12-01-2017,15034.27219
6879,Nayagarh,16,21,Orissa,12-01-2017,14899.73227
6880,Nuapada,25,21,Orissa,12-01-2017,14973.84513
6881,Kandhamal,21,21,Orissa,12-01-2017,14836.17545
6882,Sambalpur,3,21,Orissa,12-01-2017,14901.86333
6883,Anugul,15,21,Orissa,12-01-2017,14914.44641
6884,Bhadrak,9,21,Orissa,12-01-2017,14934.44498
6885,Baudh,22,21,Orissa,12-01-2017,14911.69184
6886,Balangir,24,21,Orissa,12-01-2017,14992.23229
6887,Baleshwar,8,21,Orissa,12-01-2017,14916.31646
6888,Bargarh,1,21,Orissa,12-01-2017,15001.73608
6889,Kendrapara,10,21,Orissa,12-01-2017,14922.20106
6890,Kendujhar,6,21,Orissa,12-01-2017,14895.40523
6891,Debagarh,4,21,Orissa,12-01-2017,14898.88628
6892,Cuttack,12,21,Orissa,12-01-2017,14954.216
6893,Dhenkanal,14,21,Orissa,12-01-2017,14921.6541
6894,Kalahandi,26,21,Orissa,12-01-2017,14941.9465
6895,Ganjam,19,21,Orissa,12-01-2017,14951.16736
6896,Gajapati,20,21,Orissa,12-01-2017,14878.60861
6897,Rayagada,27,21,Orissa,12-01-2017,14917.41256
6898,Sundargarh,5,21,Orissa,12-01-2017,14881.10255
6899,Sonapur,23,21,Orissa,12-01-2017,14976.00734
6900,Jashpur,3,22,Chhattisgarh,12-01-2017,14914.01425
6901,Koriya,1,22,Chhattisgarh,12-01-2017,14864.13592
6902,Mahasamund,12,22,Chhattisgarh,12-01-2017,15051.5409
6903,Raigarh,4,22,Chhattisgarh,12-01-2017,14955.2228
6904,Raipur,11,22,Chhattisgarh,12-01-2017,15026.43553
6905,Rajnandgaon,9,22,Chhattisgarh,12-01-2017,15011.33543
6906,Bastar,15,22,Chhattisgarh,12-01-2017,14944.46282
6907,Dantewada,16,22,Chhattisgarh,12-01-2017,14939.83943
6908,Dhamtari,13,22,Chhattisgarh,12-01-2017,14974.77035
6909,Durg,10,22,Chhattisgarh,12-01-2017,15063.90805
6910,Kanker,14,22,Chhattisgarh,12-01-2017,14956.25608
6911,Surguja,2,22,Chhattisgarh,12-01-2017,14873.74145
6912,Bilaspur,7,22,Chhattisgarh,12-01-2017,14983.74695
6913,Janjgir - Champa,6,22,Chhattisgarh,12-01-2017,15059.31537
6914,Korba,5,22,Chhattisgarh,12-01-2017,14891.53482
6915,Kawardha,8,22,Chhattisgarh,12-01-2017,14999.95468
6916,Hoshangabad,37,23,Madhya Pradesh,12-01-2017,14897.78178
6917,Indore,26,23,Madhya Pradesh,12-01-2017,14945.37808
6918,Jabalpur,39,23,Madhya Pradesh,12-01-2017,14996.36382
6919,Jhabua,24,23,Madhya Pradesh,12-01-2017,15109.70605
6920,Mandsaur,19,23,Madhya Pradesh,12-01-2017,14919.8031
6921,Tikamgarh,8,23,Madhya Pradesh,12-01-2017,15006.19915
6922,Narsimhapur,40,23,Madhya Pradesh,12-01-2017,14956.39363
6923,Neemuch,18,23,Madhya Pradesh,12-01-2017,14930.84897
6924,Panna,10,23,Madhya Pradesh,12-01-2017,14971.87745
6925,Raisen,34,23,Madhya Pradesh,12-01-2017,14979.38144
6926,Rajgarh,30,23,Madhya Pradesh,12-01-2017,14969.16698
6927,Satna,13,23,Madhya Pradesh,12-01-2017,14966.00986
6928,Sehore,33,23,Madhya Pradesh,12-01-2017,14946.27413
6929,Seoni,44,23,Madhya Pradesh,12-01-2017,15036.93225
6930,Bhind,3,23,Madhya Pradesh,12-01-2017,14800.5109
6931,Bhopal,32,23,Madhya Pradesh,12-01-2017,14891.93501
6932,Barwani,28,23,Madhya Pradesh,12-01-2017,15186.18866
6933,Betul,35,23,Madhya Pradesh,12-01-2017,15056.82922
6934,Balaghat,45,23,Madhya Pradesh,12-01-2017,14934.08536
6935,Chhatarpur,9,23,Madhya Pradesh,12-01-2017,15003.29106
6936,Chhindwara,43,23,Madhya Pradesh,12-01-2017,15042.93993
6937,Dewas,23,23,Madhya Pradesh,12-01-2017,14980.32458
6938,Katni,38,23,Madhya Pradesh,12-01-2017,14973.8856
6939,Datia,5,23,Madhya Pradesh,12-01-2017,14935.45991
6940,Damoh,12,23,Madhya Pradesh,12-01-2017,14964.88274
6941,Dhar,25,23,Madhya Pradesh,12-01-2017,15052.13288
6942,East Nimar,29,23,Madhya Pradesh,12-01-2017,15076.11298
6943,Guna,7,23,Madhya Pradesh,12-01-2017,14957.27117
6944,Gwalior,4,23,Madhya Pradesh,12-01-2017,14932.33281
6945,Harda,36,23,Madhya Pradesh,12-01-2017,14919.68816
6946,Shajapur,22,23,Madhya Pradesh,12-01-2017,14951.87291
6947,Shivpuri,6,23,Madhya Pradesh,12-01-2017,14975.81595
6948,Ratlam,20,23,Madhya Pradesh,12-01-2017,14965.92649
6949,Rewa,14,23,Madhya Pradesh,12-01-2017,14969.02073
6950,Sagar,11,23,Madhya Pradesh,12-01-2017,14942.18477
6951,Sidhi,17,23,Madhya Pradesh,12-01-2017,14905.05695
6952,Ujjain,21,23,Madhya Pradesh,12-01-2017,14889.59482
6953,Vidisha,31,23,Madhya Pradesh,12-01-2017,14898.88686
6954,West Nimar,27,23,Madhya Pradesh,12-01-2017,15119.93062
6955,Morena,2,23,Madhya Pradesh,12-01-2017,14853.45702
6956,Sheopur,1,23,Madhya Pradesh,12-01-2017,14986.35267
6957,Dindori,41,23,Madhya Pradesh,12-01-2017,15001.52929
6958,Mandla,42,23,Madhya Pradesh,12-01-2017,14989.21209
6959,Shahdol,16,23,Madhya Pradesh,12-01-2017,14974.59474
6960,Umaria,15,23,Madhya Pradesh,12-01-2017,14941.27388
6961,Jamnagar,10,24,Gujarat,12-01-2017,15177.73751
6962,Kheda,16,24,Gujarat,12-01-2017,15056.1662
6963,Mahesana,4,24,Gujarat,12-01-2017,15005.87943
6964,Narmada,20,24,Gujarat,12-01-2017,15100.63676
6965,Navsari,24,24,Gujarat,12-01-2017,15063.41021
6966,Panch Mahals,17,24,Gujarat,12-01-2017,15055.85833
6967,Patan,3,24,Gujarat,12-01-2017,15083.35245
6968,Porbandar,11,24,Gujarat,12-01-2017,15191.31855
6969,Rajkot,9,24,Gujarat,12-01-2017,15154.27838
6970,Anand,15,24,Gujarat,12-01-2017,15061.56769
6971,Ahmadabad,7,24,Gujarat,12-01-2017,15108.37863
6972,Amreli,13,24,Gujarat,12-01-2017,15221.53387
6973,Bhavnagar,14,24,Gujarat,12-01-2017,15182.53032
6974,Banas Kantha,2,24,Gujarat,12-01-2017,14987.11362
6975,Dohad,18,24,Gujarat,12-01-2017,15032.40607
6976,Junagadh,12,24,Gujarat,12-01-2017,15139.06272
6977,Kachchh,1,24,Gujarat,12-01-2017,15140.27835
6978,Gandhinagar,6,24,Gujarat,12-01-2017,15017.29723
6979,Sabar Kantha,5,24,Gujarat,12-01-2017,14989.92761
6980,Surendranagar,8,24,Gujarat,12-01-2017,15114.28451
6981,The Dangs,23,24,Gujarat,12-01-2017,15015.15054
6982,Vadodara,19,24,Gujarat,12-01-2017,15082.20479
6983,Valsad,25,24,Gujarat,12-01-2017,15054.1701
6984,Bharuch,21,24,Gujarat,12-01-2017,15120.41155
6985,Surat,22,24,Gujarat,12-01-2017,15085.40002
6986,Daman,2,25,Daman & Diu,12-01-2017,15038.96921
6987,Diu,1,25,Daman & Diu,12-01-2017,15040.74775
6988,Hingoli,16,27,Maharashtra,12-01-2017,15195.11515
6989,Jalgaon,3,27,Maharashtra,12-01-2017,15190.83279
6990,Jalna,18,27,Maharashtra,12-01-2017,15162.58346
6991,Kolhapur,34,27,Maharashtra,12-01-2017,15100.3502
6992,Latur,28,27,Maharashtra,12-01-2017,15230.39822
6993,Pune,25,27,Maharashtra,12-01-2017,15128.71366
6994,Nagpur,9,27,Maharashtra,12-01-2017,15056.26495
6995,Mumbai,23,27,Maharashtra,12-01-2017,15108.45823
6996,Mumbai (Suburban),22,27,Maharashtra,12-01-2017,15108.46776
6997,Nanded,15,27,Maharashtra,12-01-2017,15208.78636
6998,Nandurbar,1,27,Maharashtra,12-01-2017,15157.35932
6999,Nashik,20,27,Maharashtra,12-01-2017,15145.1079
7000,Osmanabad,29,27,Maharashtra,12-01-2017,15255.79846
7001,Parbhani,17,27,Maharashtra,12-01-2017,15214.85053
7002,Sangli,35,27,Maharashtra,12-01-2017,15259.79714
7003,Satara,31,27,Maharashtra,12-01-2017,15164.88877
7004,Aurangabad,19,27,Maharashtra,12-01-2017,15158.34352
7005,Ahmadnagar,26,27,Maharashtra,12-01-2017,15184.34465
7006,Akola,5,27,Maharashtra,12-01-2017,15201.51786
7007,Amravati,7,27,Maharashtra,12-01-2017,15105.67832
7008,Bid,27,27,Maharashtra,12-01-2017,15198.24958
7009,Bhandara,10,27,Maharashtra,12-01-2017,15028.26322
7010,Buldana,4,27,Maharashtra,12-01-2017,15189.75114
7011,Chandrapur,13,27,Maharashtra,12-01-2017,15073.63065
7012,Dhule,2,27,Maharashtra,12-01-2017,15211.15004
7013,Gadchiroli,12,27,Maharashtra,12-01-2017,14965.48204
7014,Gondiya,11,27,Maharashtra,12-01-2017,15002.72766
7015,Ratnagiri,32,27,Maharashtra,12-01-2017,15126.88952
7016,Raigarh,24,27,Maharashtra,12-01-2017,15118.93154
7017,Thane,21,27,Maharashtra,12-01-2017,15112.94575
7018,Solapur,30,27,Maharashtra,12-01-2017,15262.66599
7019,Sindhudurg,33,27,Maharashtra,12-01-2017,15152.69307
7020,Wardha,8,27,Maharashtra,12-01-2017,15127.8538
7021,Washim,6,27,Maharashtra,12-01-2017,15232.80748
7022,Yavatmal,14,27,Maharashtra,12-01-2017,15201.96092
7023,Hyderabad,5,28,Andhra Pradesh,12-01-2017,15142.07757
7024,Khammam,10,28,Andhra Pradesh,12-01-2017,15081.36385
7025,Medak,4,28,Andhra Pradesh,12-01-2017,15201.53605
7026,Krishna,16,28,Andhra Pradesh,12-01-2017,15135.2405
7027,Kurnool,21,28,Andhra Pradesh,12-01-2017,15218.64257
7028,Mahbubnagar,7,28,Andhra Pradesh,12-01-2017,15238.32313
7029,Nalgonda,8,28,Andhra Pradesh,12-01-2017,15224.86562
7030,Nellore,19,28,Andhra Pradesh,12-01-2017,15125.93533
7031,Nizamabad,2,28,Andhra Pradesh,12-01-2017,15174.66948
7032,Prakasam,18,28,Andhra Pradesh,12-01-2017,15216.83421
7033,Anantapur,22,28,Andhra Pradesh,12-01-2017,15289.18766
7034,Adilabad,1,28,Andhra Pradesh,12-01-2017,15136.8408
7035,Chittoor,23,28,Andhra Pradesh,12-01-2017,15088.0266
7036,Cuddapah,20,28,Andhra Pradesh,12-01-2017,15166.04263
7037,East Godavari,14,28,Andhra Pradesh,12-01-2017,15010.50609
7038,Karimnagar,3,28,Andhra Pradesh,12-01-2017,15179.7189
7039,Guntur,17,28,Andhra Pradesh,12-01-2017,15178.68192
7040,Rangareddi,6,28,Andhra Pradesh,12-01-2017,15215.04456
7041,Srikakulam,11,28,Andhra Pradesh,12-01-2017,15055.01999
7042,West Godavari,15,28,Andhra Pradesh,12-01-2017,15076.17668
7043,Visakhapatnam,13,28,Andhra Pradesh,12-01-2017,14979.95896
7044,Vizianagaram,12,28,Andhra Pradesh,12-01-2017,15041.40819
7045,Warangal,9,28,Andhra Pradesh,12-01-2017,15121.93693
7046,Hassan,23,29,Karnataka,12-01-2017,15119.94491
7047,Haveri,11,29,Karnataka,12-01-2017,15286.22132
7048,Kodagu,25,29,Karnataka,12-01-2017,14910.44425
7049,Kolar,19,29,Karnataka,12-01-2017,15146.8581
7050,Mandya,22,29,Karnataka,12-01-2017,15111.04642
7051,Koppal,7,29,Karnataka,12-01-2017,15264.30337
7052,Mysore,26,29,Karnataka,12-01-2017,15131.92867
7053,Raichur,6,29,Karnataka,12-01-2017,15215.75122
7054,Bagalkot,2,29,Karnataka,12-01-2017,15244.00575
7055,Bangalore,20,29,Karnataka,12-01-2017,15070.75576
7056,Bidar,5,29,Karnataka,12-01-2017,15228.73909
7057,Bijapur,3,29,Karnataka,12-01-2017,15304.97843
7058,Belgaum,1,29,Karnataka,12-01-2017,15211.39504
7059,Bellary,12,29,Karnataka,12-01-2017,15249.25668
7060,Bangalore Rural,21,29,Karnataka,12-01-2017,15096.49026
7061,Chamarajanagar,27,29,Karnataka,12-01-2017,15082.51182
7062,Chikmagalur,17,29,Karnataka,12-01-2017,15038.99724
7063,Chitradurga,13,29,Karnataka,12-01-2017,15298.64761
7064,Dakshina Kannada,24,29,Karnataka,12-01-2017,15112.0685
7065,Davanagere,14,29,Karnataka,12-01-2017,15284.76032
7066,Dharwad,9,29,Karnataka,12-01-2017,15259.30705
7067,Gulbarga,4,29,Karnataka,12-01-2017,15261.20928
7068,Gadag,8,29,Karnataka,12-01-2017,15332.89208
7069,Shimoga,15,29,Karnataka,12-01-2017,15071.23499
7070,Tumkur,18,29,Karnataka,12-01-2017,15202.20038
7071,Udupi,16,29,Karnataka,12-01-2017,15149.72578
7072,Uttara Kannada,10,29,Karnataka,12-01-2017,15009.58346
7073,North Goa,1,30,Goa,12-01-2017,15162.0416
7074,South Goa,2,30,Goa,12-01-2017,15111.8767
7075,Idukki,9,32,Kerala,12-01-2017,14913.87496
7076,Kollam,13,32,Kerala,12-01-2017,15061.90549
7077,Kottayam,10,32,Kerala,12-01-2017,15144.62669
7078,Kozhikode,4,32,Kerala,12-01-2017,15104.70663
7079,Malappuram,5,32,Kerala,12-01-2017,15075.76184
7080,Palakkad,6,32,Kerala,12-01-2017,15029.30664
7081,Pathanamthitta,12,32,Kerala,12-01-2017,15028.73111
7082,Alappuzha,11,32,Kerala,12-01-2017,15139.29263
7083,Kasaragod,1,32,Kerala,12-01-2017,15161.14652
7084,Kannur,2,32,Kerala,12-01-2017,15141.84369
7085,Ernakulam,8,32,Kerala,12-01-2017,15158.3484
7086,Thrissur,7,32,Kerala,12-01-2017,15094.64432
7087,Thiruvananthapuram,14,32,Kerala,12-01-2017,15104.62506
7088,Wayanad,3,32,Kerala,12-01-2017,14924.88067
7089,Kanniyakumari,30,33,Tamil Nadu,12-01-2017,15088.44871
7090,Karur,14,33,Tamil Nadu,12-01-2017,15225.1342
7091,Madurai,24,33,Tamil Nadu,12-01-2017,15198.18312
7092,Namakkal,9,33,Tamil Nadu,12-01-2017,15215.05351
7093,The Nilgiris,11,33,Tamil Nadu,12-01-2017,14822.39806
7094,Perambalur,16,33,Tamil Nadu,12-01-2017,15109.6791
7095,Pudukkottai,22,33,Tamil Nadu,12-01-2017,15152.40048
7096,Ramanathapuram,27,33,Tamil Nadu,12-01-2017,15279.55642
7097,Salem,8,33,Tamil Nadu,12-01-2017,15115.62514
7098,Ariyalur,17,33,Tamil Nadu,12-01-2017,15057.4726
7099,Coimbatore,12,33,Tamil Nadu,12-01-2017,15135.54854
7100,Cuddalore,18,33,Tamil Nadu,12-01-2017,15053.2906
7101,Dharmapuri,5,33,Tamil Nadu,12-01-2017,15072.96825
7102,Dindigul,13,33,Tamil Nadu,12-01-2017,15057.9029
7103,Erode,10,33,Tamil Nadu,12-01-2017,15149.51367
7104,Sivaganga,23,33,Tamil Nadu,12-01-2017,15241.51209
7105,Tiruchirappalli,15,33,Tamil Nadu,12-01-2017,15150.62049
7106,Tirunelveli,29,33,Tamil Nadu,12-01-2017,15080.55408
7107,Tiruvannamalai,6,33,Tamil Nadu,12-01-2017,15058.18803
7108,Thoothukkudi,28,33,Tamil Nadu,12-01-2017,15223.25867
7109,Theni,25,33,Tamil Nadu,12-01-2017,15059.19681
7110,Vellore,4,33,Tamil Nadu,12-01-2017,15060.98674
7111,Viluppuram,7,33,Tamil Nadu,12-01-2017,15074.06072
7112,Virudhunagar,26,33,Tamil Nadu,12-01-2017,15236.89374
7113,Chennai,2,33,Tamil Nadu,12-01-2017,15163.50501
7114,Kancheepuram,3,33,Tamil Nadu,12-01-2017,15055.68763
7115,Thiruvallur,1,33,Tamil Nadu,12-01-2017,15083.78345
7116,Thanjavur,21,33,Tamil Nadu,12-01-2017,15035.87902
7117,Thiruvarur,20,33,Tamil Nadu,12-01-2017,14998.31731
7118,Nagapattinam,19,33,Tamil Nadu,12-01-2017,14997.77426
7119,Pondicherry,2,34,Puducherry,12-01-2017,15053.37575
7120,Yanam,1,34,Puducherry,12-01-2017,15052.86728
7121,Karaikal,4,34,Puducherry,12-01-2017,15026.88963
7122,Mahe,3,34,Puducherry,12-01-2017,15149.67364
7123,Nicobars,2,35,Andaman & Nicobar Island,12-01-2017,14939.82282
7124,Andamans,1,35,Andaman & Nicobar Island,12-01-2017,14934.54509
0,Lakshadweep,1,31,Lakshadweep,01-01-2018 00:00,15034.06947
1,Chandigarh,1,4,Chandigarh,01-01-2018 00:00,14616.65262
2,Dadra & Nagar Haveli,1,26,Dadara & Nagar Havelli,01-01-2018 00:00,15176.90727
3,Data Not Available,99,99,Jammu and Kashmir,01-01-2018 00:00,13195.8327
4,Srinagar,3,1,Jammu and Kashmir,01-01-2018 00:00,13628.78106
5,Udhampur,10,1,Jammu and Kashmir,01-01-2018 00:00,14314.34425
6,Jammu,13,1,Jammu and Kashmir,01-01-2018 00:00,14535.88119
7,Kargil,8,1,Jammu and Kashmir,01-01-2018 00:00,13091.77868
8,Kathua,14,1,Jammu and Kashmir,01-01-2018 00:00,14474.11937
9,Leh (Ladakh),7,1,Jammu and Kashmir,01-01-2018 00:00,13339.68664
10,Kupwara,1,1,Jammu and Kashmir,01-01-2018 00:00,13806.86822
11,Punch,11,1,Jammu and Kashmir,01-01-2018 00:00,14284.99599
12,Pulwama,5,1,Jammu and Kashmir,01-01-2018 00:00,14056.18176
13,Rajauri,12,1,Jammu and Kashmir,01-01-2018 00:00,14449.45668
14,Anantnag,6,1,Jammu and Kashmir,01-01-2018 00:00,13665.53393
15,Badgam,4,1,Jammu and Kashmir,01-01-2018 00:00,13854.17221
16,Baramula,2,1,Jammu and Kashmir,01-01-2018 00:00,13664.5255
17,Doda,9,1,Jammu and Kashmir,01-01-2018 00:00,13572.14061
18,Shimla,11,2,Himachal Pradesh,01-01-2018 00:00,14227.58649
19,Sirmaur,10,2,Himachal Pradesh,01-01-2018 00:00,14478.56361
20,Solan,9,2,Himachal Pradesh,01-01-2018 00:00,14497.29081
21,Una,7,2,Himachal Pradesh,01-01-2018 00:00,14543.79
22,Kangra,2,2,Himachal Pradesh,01-01-2018 00:00,14273.94314
23,Kinnaur,12,2,Himachal Pradesh,01-01-2018 00:00,13495.21956
24,Lahul & Spiti,3,2,Himachal Pradesh,01-01-2018 00:00,13203.57593
25,Kullu,4,2,Himachal Pradesh,01-01-2018 00:00,13766.51349
26,Mandi,5,2,Himachal Pradesh,01-01-2018 00:00,14361.73057
27,Bilaspur,8,2,Himachal Pradesh,01-01-2018 00:00,14421.97142
28,Chamba,1,2,Himachal Pradesh,01-01-2018 00:00,13847.75643
29,Hamirpur,6,2,Himachal Pradesh,01-01-2018 00:00,14449.64953
30,Hoshiarpur,5,3,Punjab,01-01-2018 00:00,14541.48206
31,Rupnagar,7,3,Punjab,01-01-2018 00:00,14551.63703
32,Jalandhar,4,3,Punjab,01-01-2018 00:00,14545.97498
33,Kapurthala,3,3,Punjab,01-01-2018 00:00,14518.72601
34,Ludhiana,9,3,Punjab,01-01-2018 00:00,14560.83178
35,Mansa,15,3,Punjab,01-01-2018 00:00,14560.86042
36,Moga,10,3,Punjab,01-01-2018 00:00,14558.98152
37,Muktsar,12,3,Punjab,01-01-2018 00:00,14557.84449
38,Nawanshahr,6,3,Punjab,01-01-2018 00:00,14566.58421
39,Patiala,17,3,Punjab,01-01-2018 00:00,14547.04892
40,Sangrur,16,3,Punjab,01-01-2018 00:00,14550.09117
41,Amritsar,2,3,Punjab,01-01-2018 00:00,14543.33828
42,Firozpur,11,3,Punjab,01-01-2018 00:00,14562.97136
43,Bathinda,14,3,Punjab,01-01-2018 00:00,14576.6338
44,Gurdaspur,1,3,Punjab,01-01-2018 00:00,14493.10891
45,Faridkot,13,3,Punjab,01-01-2018 00:00,14551.99842
46,Fatehgarh Sahib,8,3,Punjab,01-01-2018 00:00,14539.2797
47,Hardwar,13,5,Uttarakhand,01-01-2018 00:00,14597.51091
48,Rudraprayag,3,5,Uttarakhand,01-01-2018 00:00,14125.15104
49,Tehri Garhwal,4,5,Uttarakhand,01-01-2018 00:00,14284.34077
50,Udham Singh Nagar,12,5,Uttarakhand,01-01-2018 00:00,14560.2539
51,Uttarkashi,1,5,Uttarakhand,01-01-2018 00:00,13812.48372
52,Nainital,11,5,Uttarakhand,01-01-2018 00:00,14509.01258
53,Pithoragarh,7,5,Uttarakhand,01-01-2018 00:00,13954.71625
54,Bageshwar,8,5,Uttarakhand,01-01-2018 00:00,14245.46478
55,Almora,9,5,Uttarakhand,01-01-2018 00:00,14455.07074
56,Chamoli,2,5,Uttarakhand,01-01-2018 00:00,13808.17779
57,Champawat,10,5,Uttarakhand,01-01-2018 00:00,14453.58658
58,Dehradun,5,5,Uttarakhand,01-01-2018 00:00,14466.9887
59,Garhwal,6,5,Uttarakhand,01-01-2018 00:00,14440.36346
60,Hisar,12,6,Haryana,01-01-2018 00:00,14613.21556
61,Rohtak,14,6,Haryana,01-01-2018 00:00,14609.60542
62,Sirsa,11,6,Haryana,01-01-2018 00:00,14582.56379
63,Sonipat,8,6,Haryana,01-01-2018 00:00,14587.25173
64,Yamunanagar,3,6,Haryana,01-01-2018 00:00,14529.33887
65,Jhajjar,15,6,Haryana,01-01-2018 00:00,14611.88664
66,Mahendragarh,16,6,Haryana,01-01-2018 00:00,14721.39495
67,Rewari,17,6,Haryana,01-01-2018 00:00,14631.08646
68,Bhiwani,13,6,Haryana,01-01-2018 00:00,14644.40588
69,Jind,9,6,Haryana,01-01-2018 00:00,14562.85571
70,Kaithal,5,6,Haryana,01-01-2018 00:00,14540.14944
71,Karnal,6,6,Haryana,01-01-2018 00:00,14543.13377
72,Kurukshetra,4,6,Haryana,01-01-2018 00:00,14545.2527
73,Panchkula,1,6,Haryana,01-01-2018 00:00,14575.31334
74,Panipat,7,6,Haryana,01-01-2018 00:00,14582.68748
75,Ambala,2,6,Haryana,01-01-2018 00:00,14537.09227
76,Gurgaon,18,6,Haryana,01-01-2018 00:00,14668.12443
77,Faridabad,19,6,Haryana,01-01-2018 00:00,14640.09068
78,Fatehabad,10,6,Haryana,01-01-2018 00:00,14564.01584
79,Central,6,7,Delhi  & NCR,01-01-2018 00:00,14668.10837
80,East,4,7,Delhi  & NCR,01-01-2018 00:00,14666.83009
81,New Delhi,5,7,Delhi  & NCR,01-01-2018 00:00,14650.45968
82,North,2,7,Delhi  & NCR,01-01-2018 00:00,14657.17191
83,North East,3,7,Delhi  & NCR,01-01-2018 00:00,14678.36024
84,North West,1,7,Delhi  & NCR,01-01-2018 00:00,14640.21385
85,South,9,7,Delhi  & NCR,01-01-2018 00:00,14689.13674
86,South West,8,7,Delhi  & NCR,01-01-2018 00:00,14657.41843
87,West,7,7,Delhi  & NCR,01-01-2018 00:00,14666.9699
88,Sirohi,19,8,Rajasthan,01-01-2018 00:00,15018.33314
89,Tonk,22,8,Rajasthan,01-01-2018 00:00,14940.12523
90,Sikar,13,8,Rajasthan,01-01-2018 00:00,14975.12285
91,Alwar,6,8,Rajasthan,01-01-2018 00:00,14755.83873
92,Udaipur,26,8,Rajasthan,01-01-2018 00:00,15009.49226
93,Ganganagar,1,8,Rajasthan,01-01-2018 00:00,14757.57502
94,Hanumangarh,2,8,Rajasthan,01-01-2018 00:00,14807.08154
95,Baran,31,8,Rajasthan,01-01-2018 00:00,14949.44626
96,Jaipur,12,8,Rajasthan,01-01-2018 00:00,14967.76159
97,Jaisalmer,16,8,Rajasthan,01-01-2018 00:00,15219.72175
98,Jalor,18,8,Rajasthan,01-01-2018 00:00,15083.19524
99,Jhalawar,32,8,Rajasthan,01-01-2018 00:00,14993.51934
100,Jhunjhunun,5,8,Rajasthan,01-01-2018 00:00,14911.59843
101,Jodhpur,15,8,Rajasthan,01-01-2018 00:00,15147.70995
102,Kota,30,8,Rajasthan,01-01-2018 00:00,14904.60327
103,Nagaur,14,8,Rajasthan,01-01-2018 00:00,15117.23598
104,Pali,20,8,Rajasthan,01-01-2018 00:00,15089.79507
105,Rajsamand,25,8,Rajasthan,01-01-2018 00:00,14981.46612
106,Sawai Madhopur,10,8,Rajasthan,01-01-2018 00:00,14902.50604
107,Ajmer,21,8,Rajasthan,01-01-2018 00:00,15069.6852
108,Banswara,28,8,Rajasthan,01-01-2018 00:00,15064.10247
109,Barmer,17,8,Rajasthan,01-01-2018 00:00,15207.61364
110,Bhilwara,24,8,Rajasthan,01-01-2018 00:00,15038.33083
111,Bikaner,3,8,Rajasthan,01-01-2018 00:00,15113.15331
112,Bharatpur,7,8,Rajasthan,01-01-2018 00:00,14738.90548
113,Bundi,23,8,Rajasthan,01-01-2018 00:00,14898.05856
114,Chittaurgarh,29,8,Rajasthan,01-01-2018 00:00,14961.34768
115,Churu,4,8,Rajasthan,01-01-2018 00:00,15045.80161
116,Dausa,11,8,Rajasthan,01-01-2018 00:00,14883.94025
117,Dhaulpur,8,8,Rajasthan,01-01-2018 00:00,14841.68936
118,Dungarpur,27,8,Rajasthan,01-01-2018 00:00,15041.1424
119,Karauli,9,8,Rajasthan,01-01-2018 00:00,14913.97044
120,Hathras,13,9,Uttar Pradesh,01-01-2018 00:00,14628.32001
121,Shrawasti,51,9,Uttar Pradesh,01-01-2018 00:00,14596.01448
122,Saharanpur,1,9,Uttar Pradesh,01-01-2018 00:00,14551.16628
123,Sitapur,24,9,Uttar Pradesh,01-01-2018 00:00,14652.18163
124,Sultanpur,49,9,Uttar Pradesh,01-01-2018 00:00,14692.91417
125,Sonbhadra,70,9,Uttar Pradesh,01-01-2018 00:00,14885.61229
126,Siddharthnagar,54,9,Uttar Pradesh,01-01-2018 00:00,14644.02343
127,Unnao,26,9,Uttar Pradesh,01-01-2018 00:00,14650.62835
128,Varanasi,67,9,Uttar Pradesh,01-01-2018 00:00,14720.37525
129,Bulandshahr,11,9,Uttar Pradesh,01-01-2018 00:00,14584.88011
130,Gautam Buddha Nagar,10,9,Uttar Pradesh,01-01-2018 00:00,14639.03445
131,Ghaziabad,9,9,Uttar Pradesh,01-01-2018 00:00,14618.37122
132,Jalaun,35,9,Uttar Pradesh,01-01-2018 00:00,14760.00612
133,Jaunpur,64,9,Uttar Pradesh,01-01-2018 00:00,14714.8237
134,Jhansi,36,9,Uttar Pradesh,01-01-2018 00:00,14886.1625
135,Jyotiba Phule Nagar,6,9,Uttar Pradesh,01-01-2018 00:00,14574.37217
136,Kannauj,30,9,Uttar Pradesh,01-01-2018 00:00,14657.24818
137,Kanpur Nagar,34,9,Uttar Pradesh,01-01-2018 00:00,14707.39501
138,Kaushambi,44,9,Uttar Pradesh,01-01-2018 00:00,14716.49445
139,Kheri,23,9,Uttar Pradesh,01-01-2018 00:00,14613.4838
140,Mirzapur,69,9,Uttar Pradesh,01-01-2018 00:00,14865.67909
141,Moradabad,4,9,Uttar Pradesh,01-01-2018 00:00,14591.5194
142,Muzaffarnagar,2,9,Uttar Pradesh,01-01-2018 00:00,14597.00707
143,Rae Bareli,28,9,Uttar Pradesh,01-01-2018 00:00,14681.17742
144,Kushinagar,59,9,Uttar Pradesh,01-01-2018 00:00,14643.15642
145,Lucknow,27,9,Uttar Pradesh,01-01-2018 00:00,14676.39396
146,Lalitpur,37,9,Uttar Pradesh,01-01-2018 00:00,14824.60701
147,Mahrajganj,57,9,Uttar Pradesh,01-01-2018 00:00,14625.42791
148,Mahoba,39,9,Uttar Pradesh,01-01-2018 00:00,14982.84824
149,Mainpuri,18,9,Uttar Pradesh,01-01-2018 00:00,14641.23507
150,Mathura,14,9,Uttar Pradesh,01-01-2018 00:00,14625.26048
151,Mau,62,9,Uttar Pradesh,01-01-2018 00:00,14632.02586
152,Meerut,7,9,Uttar Pradesh,01-01-2018 00:00,14607.18134
153,Pilibhit,21,9,Uttar Pradesh,01-01-2018 00:00,14577.56261
154,Pratapgarh,43,9,Uttar Pradesh,01-01-2018 00:00,14708.56279
155,Rampur,5,9,Uttar Pradesh,01-01-2018 00:00,14557.54562
156,Sant Ravidas Nagar Bhadohi,68,9,Uttar Pradesh,01-01-2018 00:00,14720.09834
157,Sant Kabir Nagar,56,9,Uttar Pradesh,01-01-2018 00:00,14654.87209
158,Shahjahanpur,22,9,Uttar Pradesh,01-01-2018 00:00,14609.09616
159,Auraiya,32,9,Uttar Pradesh,01-01-2018 00:00,14662.42033
160,Azamgarh,61,9,Uttar Pradesh,01-01-2018 00:00,14684.31742
161,Budaun,19,9,Uttar Pradesh,01-01-2018 00:00,14581.04444
162,Agra,15,9,Uttar Pradesh,01-01-2018 00:00,14682.06969
163,Aligarh,12,9,Uttar Pradesh,01-01-2018 00:00,14596.8113
164,Allahabad,45,9,Uttar Pradesh,01-01-2018 00:00,14773.78523
165,Ambedkar Nagar,48,9,Uttar Pradesh,01-01-2018 00:00,14682.22874
166,Bareilly,20,9,Uttar Pradesh,01-01-2018 00:00,14575.49891
167,Bijnor,3,9,Uttar Pradesh,01-01-2018 00:00,14617.86767
168,Basti,55,9,Uttar Pradesh,01-01-2018 00:00,14652.08952
169,Baghpat,8,9,Uttar Pradesh,01-01-2018 00:00,14629.21843
170,Bahraich,50,9,Uttar Pradesh,01-01-2018 00:00,14609.88264
171,Ballia,63,9,Uttar Pradesh,01-01-2018 00:00,14643.8637
172,Balrampur,52,9,Uttar Pradesh,01-01-2018 00:00,14650.17657
173,Banda,40,9,Uttar Pradesh,01-01-2018 00:00,14810.06146
174,Barabanki,46,9,Uttar Pradesh,01-01-2018 00:00,14664.61227
175,Chitrakoot,41,9,Uttar Pradesh,01-01-2018 00:00,14854.38571
176,Chandauli,66,9,Uttar Pradesh,01-01-2018 00:00,14801.04174
177,Deoria,60,9,Uttar Pradesh,01-01-2018 00:00,14659.36941
178,Etah,17,9,Uttar Pradesh,01-01-2018 00:00,14604.91728
179,Kanpur Dehat,33,9,Uttar Pradesh,01-01-2018 00:00,14676.83815
180,Etawah,31,9,Uttar Pradesh,01-01-2018 00:00,14670.16881
181,Faizabad,47,9,Uttar Pradesh,01-01-2018 00:00,14690.80703
182,Ghazipur,65,9,Uttar Pradesh,01-01-2018 00:00,14702.86426
183,Gonda,53,9,Uttar Pradesh,01-01-2018 00:00,14646.73089
184,Gorakhpur,58,9,Uttar Pradesh,01-01-2018 00:00,14641.76151
185,Farrukhabad,29,9,Uttar Pradesh,01-01-2018 00:00,14641.46156
186,Fatehpur,42,9,Uttar Pradesh,01-01-2018 00:00,14713.41256
187,Firozabad,16,9,Uttar Pradesh,01-01-2018 00:00,14646.83542
188,Hamirpur,38,9,Uttar Pradesh,01-01-2018 00:00,14811.79985
189,Hardoi,25,9,Uttar Pradesh,01-01-2018 00:00,14625.5851
190,Sheikhpura,26,10,Bihar,01-01-2018 00:00,14777.80566
191,Sheohar,3,10,Bihar,01-01-2018 00:00,14630.84066
192,Saharsa,12,10,Bihar,01-01-2018 00:00,14484.23036
193,Sitamarhi,4,10,Bihar,01-01-2018 00:00,14656.1673
194,Siwan,16,10,Bihar,01-01-2018 00:00,14659.66342
195,Supaul,6,10,Bihar,01-01-2018 00:00,14571.26631
196,Vaishali,18,10,Bihar,01-01-2018 00:00,14637.52667
197,Kaimur (Bhabua),31,10,Bihar,01-01-2018 00:00,14820.16796
198,Gaya,35,10,Bihar,01-01-2018 00:00,14830.14126
199,Bhojpur,29,10,Bihar,01-01-2018 00:00,14747.17885
200,Buxar,30,10,Bihar,01-01-2018 00:00,14740.45577
201,Jehanabad,33,10,Bihar,01-01-2018 00:00,14790.13819
202,Rohtas,32,10,Bihar,01-01-2018 00:00,14796.7815
203,Jamui,37,10,Bihar,01-01-2018 00:00,14789.83783
204,Kishanganj,8,10,Bihar,01-01-2018 00:00,14683.74947
205,Muzaffarpur,14,10,Bihar,01-01-2018 00:00,14659.87455
206,Purnia,9,10,Bihar,01-01-2018 00:00,14587.65771
207,Khagaria,21,10,Bihar,01-01-2018 00:00,14611.15274
208,Madhubani,5,10,Bihar,01-01-2018 00:00,14652.17735
209,Lakhisarai,25,10,Bihar,01-01-2018 00:00,14717.82896
210,Madhepura,11,10,Bihar,01-01-2018 00:00,14518.73079
211,Purba Champaran,2,10,Bihar,01-01-2018 00:00,14644.90953
212,Munger,24,10,Bihar,01-01-2018 00:00,14694.44119
213,Nalanda,27,10,Bihar,01-01-2018 00:00,14751.64565
214,Nawada,36,10,Bihar,01-01-2018 00:00,14747.03376
215,Pashchim Champaran,1,10,Bihar,01-01-2018 00:00,14641.10794
216,Patna,28,10,Bihar,01-01-2018 00:00,14726.37688
217,Samastipur,19,10,Bihar,01-01-2018 00:00,14652.38003
218,Araria,7,10,Bihar,01-01-2018 00:00,14560.70444
219,Aurangabad,34,10,Bihar,01-01-2018 00:00,14858.7904
220,Banka,23,10,Bihar,01-01-2018 00:00,14801.7291
221,Bhagalpur,22,10,Bihar,01-01-2018 00:00,14676.42966
222,Begusarai,20,10,Bihar,01-01-2018 00:00,14626.79165
223,Saran,17,10,Bihar,01-01-2018 00:00,14650.37879
224,Katihar,10,10,Bihar,01-01-2018 00:00,14656.20283
225,Darbhanga,13,10,Bihar,01-01-2018 00:00,14662.28793
226,Gopalganj,15,10,Bihar,01-01-2018 00:00,14661.83932
227,South,3,11,Sikkim,01-01-2018 00:00,14340.46292
228,West,2,11,Sikkim,01-01-2018 00:00,14219.81859
229,North,1,11,Sikkim,01-01-2018 00:00,13987.64052
230,East,4,11,Sikkim,01-01-2018 00:00,14269.05905
231,Tawang,1,12,Arunanchal Pradesh,01-01-2018 00:00,14092.46066
232,Tirap,13,12,Arunanchal Pradesh,01-01-2018 00:00,14483.0105
233,West Kameng,2,12,Arunanchal Pradesh,01-01-2018 00:00,14214.57946
234,West Siang,7,12,Arunanchal Pradesh,01-01-2018 00:00,14194.98016
235,Upper Siang,9,12,Arunanchal Pradesh,01-01-2018 00:00,14025.85192
236,Upper Subansiri,6,12,Arunanchal Pradesh,01-01-2018 00:00,14060.37895
237,Lohit,11,12,Arunanchal Pradesh,01-01-2018 00:00,14170.4097
238,Lower Subansiri,5,12,Arunanchal Pradesh,01-01-2018 00:00,14144.9274
239,Papum Pare,4,12,Arunanchal Pradesh,01-01-2018 00:00,14377.48856
240,Changlang,12,12,Arunanchal Pradesh,01-01-2018 00:00,14424.60655
241,Dibang Valley,10,12,Arunanchal Pradesh,01-01-2018 00:00,13999.38159
242,East Kameng,3,12,Arunanchal Pradesh,01-01-2018 00:00,14250.46146
243,East Siang,8,12,Arunanchal Pradesh,01-01-2018 00:00,14500.66007
244,Tuensang,2,13,Nagaland,01-01-2018 00:00,14385.04607
245,Wokha,5,13,Nagaland,01-01-2018 00:00,14536.20979
246,Zunheboto,4,13,Nagaland,01-01-2018 00:00,14397.60107
247,Dimapur,6,13,Nagaland,01-01-2018 00:00,14640.36758
248,Kohima,7,13,Nagaland,01-01-2018 00:00,14480.11857
249,Mokokchung,3,13,Nagaland,01-01-2018 00:00,14528.36661
250,Mon,1,13,Nagaland,01-01-2018 00:00,14553.16917
251,Phek,8,13,Nagaland,01-01-2018 00:00,14368.32792
252,Tamenglong,2,14,Manipur,01-01-2018 00:00,14482.7549
253,Thoubal,5,14,Manipur,01-01-2018 00:00,14612.09822
254,Ukhrul,8,14,Manipur,01-01-2018 00:00,14468.16984
255,Imphal East,7,14,Manipur,01-01-2018 00:00,14654.65512
256,Imphal West,6,14,Manipur,01-01-2018 00:00,14623.49393
257,Senapati (Excl. 3 sub-divisions),1,14,Manipur,01-01-2018 00:00,14449.75226
258,Bishnupur,4,14,Manipur,01-01-2018 00:00,14588.35117
259,Chandel,9,14,Manipur,01-01-2018 00:00,14537.12787
260,Churachandpur,3,14,Manipur,01-01-2018 00:00,14502.61136
261,Kolasib,2,15,Mizoram,01-01-2018 00:00,14622.525
262,Mamit,1,15,Mizoram,01-01-2018 00:00,14607.55847
263,Lunglei,6,15,Mizoram,01-01-2018 00:00,14557.22791
264,Lawngtlai,7,15,Mizoram,01-01-2018 00:00,14626.10224
265,Saiha,8,15,Mizoram,01-01-2018 00:00,14541.36517
266,Serchhip,5,15,Mizoram,01-01-2018 00:00,14492.10101
267,Aizawl,3,15,Mizoram,01-01-2018 00:00,14544.96211
268,Champhai,4,15,Mizoram,01-01-2018 00:00,14481.35842
269,South Tripura,2,16,Tripura,01-01-2018 00:00,14753.14332
270,West Tripura,1,16,Tripura,01-01-2018 00:00,14755.80491
271,North Tripura,4,16,Tripura,01-01-2018 00:00,14714.71413
272,Dhalai,3,16,Tripura,01-01-2018 00:00,14708.49364
273,Ri Bhoi,5,17,Meghalaya,01-01-2018 00:00,14613.85151
274,South Garo Hills,3,17,Meghalaya,01-01-2018 00:00,14663.41776
275,West Garo Hills,1,17,Meghalaya,01-01-2018 00:00,14699.56224
276,West Khasi Hills,4,17,Meghalaya,01-01-2018 00:00,14575.49454
277,Jaintia Hills,7,17,Meghalaya,01-01-2018 00:00,14581.50455
278,East Garo Hills,2,17,Meghalaya,01-01-2018 00:00,14668.89765
279,East Khasi Hills,6,17,Meghalaya,01-01-2018 00:00,14557.27271
280,Sonitpur,11,18,Assam,01-01-2018 00:00,14791.43484
281,Sibsagar,16,18,Assam,01-01-2018 00:00,14734.087
282,Tinsukia,14,18,Assam,01-01-2018 00:00,14711.91343
283,Jorhat,17,18,Assam,01-01-2018 00:00,14751.05161
284,Karimganj,22,18,Assam,01-01-2018 00:00,14739.36399
285,Kokrajhar,1,18,Assam,01-01-2018 00:00,14771.18049
286,Lakhimpur,12,18,Assam,01-01-2018 00:00,14779.57017
287,Nagaon,10,18,Assam,01-01-2018 00:00,14720.47123
288,Marigaon,9,18,Assam,01-01-2018 00:00,14769.4278
289,Nalbari,7,18,Assam,01-01-2018 00:00,14793.50201
290,North Cachar Hills,20,18,Assam,01-01-2018 00:00,14566.99523
291,Barpeta,5,18,Assam,01-01-2018 00:00,14782.45251
292,Bongaigaon,4,18,Assam,01-01-2018 00:00,14756.5828
293,Cachar,21,18,Assam,01-01-2018 00:00,14701.61876
294,Darrang,8,18,Assam,01-01-2018 00:00,14807.05304
295,Dhemaji,13,18,Assam,01-01-2018 00:00,14795.00614
296,Dhubri,2,18,Assam,01-01-2018 00:00,14741.90671
297,Dibrugarh,15,18,Assam,01-01-2018 00:00,14746.71435
298,Kamrup,6,18,Assam,01-01-2018 00:00,14740.10148
299,Karbi Anglong,19,18,Assam,01-01-2018 00:00,14610.70565
300,Goalpara,3,18,Assam,01-01-2018 00:00,14741.83465
301,Golaghat,18,18,Assam,01-01-2018 00:00,14746.21279
302,Hailakandi,23,18,Assam,01-01-2018 00:00,14730.66178
303,Hugli,12,19,West Bengal,01-01-2018 00:00,14811.08888
304,South  Twenty Four Parganas,18,19,West Bengal,01-01-2018 00:00,14793.40793
305,Uttar Dinajpur,4,19,West Bengal,01-01-2018 00:00,14690.93931
306,Jalpaiguri,2,19,West Bengal,01-01-2018 00:00,14761.37673
307,Koch Bihar,3,19,West Bengal,01-01-2018 00:00,14757.41659
308,Murshidabad,7,19,West Bengal,01-01-2018 00:00,14757.69433
309,Puruliya,14,19,West Bengal,01-01-2018 00:00,14916.13956
310,Kolkata,17,19,West Bengal,01-01-2018 00:00,14912.68424
311,Maldah,6,19,West Bengal,01-01-2018 00:00,14650.27891
312,Nadia,10,19,West Bengal,01-01-2018 00:00,14764.02363
313,North Twenty Four Parganas,11,19,West Bengal,01-01-2018 00:00,14760.76356
314,Medinipur,15,19,West Bengal,01-01-2018 00:00,14848.36913
315,Barddhaman,9,19,West Bengal,01-01-2018 00:00,14851.07943
316,Birbhum,8,19,West Bengal,01-01-2018 00:00,14859.75344
317,Bankura,13,19,West Bengal,01-01-2018 00:00,14865.461
318,Dakshin Dinajpur,5,19,West Bengal,01-01-2018 00:00,14663.83198
319,Darjiling,1,19,West Bengal,01-01-2018 00:00,14540.38587
320,Haora,16,19,West Bengal,01-01-2018 00:00,14802.20604
321,Ranchi,14,20,Jharkhand,01-01-2018 00:00,14892.05725
322,Sahibganj,9,20,Jharkhand,01-01-2018 00:00,14708.61399
323,Garhwa,1,20,Jharkhand,01-01-2018 00:00,14874.73567
324,Palamu,2,20,Jharkhand,01-01-2018 00:00,14842.19995
325,Chatra,3,20,Jharkhand,01-01-2018 00:00,14834.71547
326,Hazaribagh,4,20,Jharkhand,01-01-2018 00:00,14841.29474
327,Kodarma,5,20,Jharkhand,01-01-2018 00:00,14803.70683
328,Purbi Singhbhum,18,20,Jharkhand,01-01-2018 00:00,14905.36508
329,Lohardaga,15,20,Jharkhand,01-01-2018 00:00,14834.12455
330,Pakaur,10,20,Jharkhand,01-01-2018 00:00,14834.88629
331,Pashchimi Singhbhum,17,20,Jharkhand,01-01-2018 00:00,14879.29958
332,Bokaro,13,20,Jharkhand,01-01-2018 00:00,14902.21494
333,Deoghar,7,20,Jharkhand,01-01-2018 00:00,14872.25024
334,Dhanbad,12,20,Jharkhand,01-01-2018 00:00,14892.38385
335,Dumka,11,20,Jharkhand,01-01-2018 00:00,14851.07533
336,Giridih,6,20,Jharkhand,01-01-2018 00:00,14873.10016
337,Godda,8,20,Jharkhand,01-01-2018 00:00,14788.12561
338,Gumla,16,20,Jharkhand,01-01-2018 00:00,14915.77182
339,Rayagada,27,21,Orissa,01-01-2018 00:00,14960.86537
340,Sundargarh,5,21,Orissa,01-01-2018 00:00,14914.27326
341,Sonapur,23,21,Orissa,01-01-2018 00:00,14985.58084
342,Jajapur,13,21,Orissa,01-01-2018 00:00,14997.71711
343,Jagatsinghapur,11,21,Orissa,01-01-2018 00:00,14972.5603
344,Jharsuguda,2,21,Orissa,01-01-2018 00:00,14959.78567
345,Khordha,17,21,Orissa,01-01-2018 00:00,15004.76337
346,Mayurbhanj,7,21,Orissa,01-01-2018 00:00,14875.90291
347,Puri,18,21,Orissa,01-01-2018 00:00,14969.39342
348,Koraput,29,21,Orissa,01-01-2018 00:00,15040.00834
349,Malkangiri,30,21,Orissa,01-01-2018 00:00,15045.64573
350,Nabarangapur,28,21,Orissa,01-01-2018 00:00,15111.51506
351,Nayagarh,16,21,Orissa,01-01-2018 00:00,14944.59516
352,Nuapada,25,21,Orissa,01-01-2018 00:00,15048.80667
353,Kandhamal,21,21,Orissa,01-01-2018 00:00,14871.7636
354,Sambalpur,3,21,Orissa,01-01-2018 00:00,14918.26887
355,Anugul,15,21,Orissa,01-01-2018 00:00,14930.81892
356,Bhadrak,9,21,Orissa,01-01-2018 00:00,14970.91636
357,Baudh,22,21,Orissa,01-01-2018 00:00,14946.55022
358,Balangir,24,21,Orissa,01-01-2018 00:00,15043.41219
359,Baleshwar,8,21,Orissa,01-01-2018 00:00,14922.74903
360,Bargarh,1,21,Orissa,01-01-2018 00:00,15011.65365
361,Kendrapara,10,21,Orissa,01-01-2018 00:00,14950.49023
362,Kendujhar,6,21,Orissa,01-01-2018 00:00,14930.39327
363,Debagarh,4,21,Orissa,01-01-2018 00:00,14911.41081
364,Cuttack,12,21,Orissa,01-01-2018 00:00,14986.36092
365,Dhenkanal,14,21,Orissa,01-01-2018 00:00,14955.54696
366,Kalahandi,26,21,Orissa,01-01-2018 00:00,14995.73988
367,Ganjam,19,21,Orissa,01-01-2018 00:00,15024.00552
368,Gajapati,20,21,Orissa,01-01-2018 00:00,14934.54174
369,Surguja,2,22,Chhattisgarh,01-01-2018 00:00,14872.65626
370,Bilaspur,7,22,Chhattisgarh,01-01-2018 00:00,15010.94473
371,Janjgir - Champa,6,22,Chhattisgarh,01-01-2018 00:00,15117.59753
372,Korba,5,22,Chhattisgarh,01-01-2018 00:00,14916.54189
373,Kawardha,8,22,Chhattisgarh,01-01-2018 00:00,15014.80469
374,Jashpur,3,22,Chhattisgarh,01-01-2018 00:00,14925.14281
375,Koriya,1,22,Chhattisgarh,01-01-2018 00:00,14872.01787
376,Mahasamund,12,22,Chhattisgarh,01-01-2018 00:00,15090.62649
377,Raigarh,4,22,Chhattisgarh,01-01-2018 00:00,14986.99884
378,Raipur,11,22,Chhattisgarh,01-01-2018 00:00,15071.1515
379,Rajnandgaon,9,22,Chhattisgarh,01-01-2018 00:00,15037.41674
380,Bastar,15,22,Chhattisgarh,01-01-2018 00:00,15008.75378
381,Dantewada,16,22,Chhattisgarh,01-01-2018 00:00,14993.28063
382,Dhamtari,13,22,Chhattisgarh,01-01-2018 00:00,15010.46736
383,Durg,10,22,Chhattisgarh,01-01-2018 00:00,15062.1543
384,Kanker,14,22,Chhattisgarh,01-01-2018 00:00,15004.95545
385,Hoshangabad,37,23,Madhya Pradesh,01-01-2018 00:00,14862.31645
386,Indore,26,23,Madhya Pradesh,01-01-2018 00:00,15005.85125
387,Shajapur,22,23,Madhya Pradesh,01-01-2018 00:00,15009.51064
388,Shivpuri,6,23,Madhya Pradesh,01-01-2018 00:00,14979.1215
389,Ratlam,20,23,Madhya Pradesh,01-01-2018 00:00,15027.56204
390,Rewa,14,23,Madhya Pradesh,01-01-2018 00:00,14896.01971
391,Sagar,11,23,Madhya Pradesh,01-01-2018 00:00,14947.93344
392,Sidhi,17,23,Madhya Pradesh,01-01-2018 00:00,14885.01343
393,Ujjain,21,23,Madhya Pradesh,01-01-2018 00:00,14943.28414
394,Vidisha,31,23,Madhya Pradesh,01-01-2018 00:00,14879.48862
395,West Nimar,27,23,Madhya Pradesh,01-01-2018 00:00,15136.59819
396,Morena,2,23,Madhya Pradesh,01-01-2018 00:00,14795.41082
397,Sheopur,1,23,Madhya Pradesh,01-01-2018 00:00,14985.31673
398,Dindori,41,23,Madhya Pradesh,01-01-2018 00:00,15003.09988
399,Mandla,42,23,Madhya Pradesh,01-01-2018 00:00,14991.61166
400,Shahdol,16,23,Madhya Pradesh,01-01-2018 00:00,14975.73033
401,Umaria,15,23,Madhya Pradesh,01-01-2018 00:00,14953.44984
402,Jabalpur,39,23,Madhya Pradesh,01-01-2018 00:00,14934.86187
403,Jhabua,24,23,Madhya Pradesh,01-01-2018 00:00,15192.53812
404,Mandsaur,19,23,Madhya Pradesh,01-01-2018 00:00,14978.54554
405,Tikamgarh,8,23,Madhya Pradesh,01-01-2018 00:00,14988.29418
406,Narsimhapur,40,23,Madhya Pradesh,01-01-2018 00:00,14962.57738
407,Neemuch,18,23,Madhya Pradesh,01-01-2018 00:00,14998.65583
408,Panna,10,23,Madhya Pradesh,01-01-2018 00:00,14962.23971
409,Raisen,34,23,Madhya Pradesh,01-01-2018 00:00,14957.19892
410,Rajgarh,30,23,Madhya Pradesh,01-01-2018 00:00,15017.5653
411,Satna,13,23,Madhya Pradesh,01-01-2018 00:00,14920.72842
412,Sehore,33,23,Madhya Pradesh,01-01-2018 00:00,14989.30529
413,Seoni,44,23,Madhya Pradesh,01-01-2018 00:00,15024.3277
414,Bhind,3,23,Madhya Pradesh,01-01-2018 00:00,14730.13905
415,Bhopal,32,23,Madhya Pradesh,01-01-2018 00:00,14922.93826
416,Barwani,28,23,Madhya Pradesh,01-01-2018 00:00,15246.87382
417,Betul,35,23,Madhya Pradesh,01-01-2018 00:00,15101.14578
418,Balaghat,45,23,Madhya Pradesh,01-01-2018 00:00,14953.34992
419,Chhatarpur,9,23,Madhya Pradesh,01-01-2018 00:00,14987.50994
420,Chhindwara,43,23,Madhya Pradesh,01-01-2018 00:00,15064.12827
421,Dewas,23,23,Madhya Pradesh,01-01-2018 00:00,15039.64765
422,Katni,38,23,Madhya Pradesh,01-01-2018 00:00,14946.52761
423,Datia,5,23,Madhya Pradesh,01-01-2018 00:00,14771.47909
424,Damoh,12,23,Madhya Pradesh,01-01-2018 00:00,14964.75394
425,Dhar,25,23,Madhya Pradesh,01-01-2018 00:00,15108.87197
426,East Nimar,29,23,Madhya Pradesh,01-01-2018 00:00,15134.0883
427,Guna,7,23,Madhya Pradesh,01-01-2018 00:00,14956.16886
428,Gwalior,4,23,Madhya Pradesh,01-01-2018 00:00,14870.1717
429,Harda,36,23,Madhya Pradesh,01-01-2018 00:00,14921.13513
430,Sabar Kantha,5,24,Gujarat,01-01-2018 00:00,14996.36907
431,Surendranagar,8,24,Gujarat,01-01-2018 00:00,15162.15376
432,The Dangs,23,24,Gujarat,01-01-2018 00:00,15128.14685
433,Vadodara,19,24,Gujarat,01-01-2018 00:00,15145.49648
434,Valsad,25,24,Gujarat,01-01-2018 00:00,15152.11857
435,Bharuch,21,24,Gujarat,01-01-2018 00:00,15195.57414
436,Surat,22,24,Gujarat,01-01-2018 00:00,15168.59193
437,Jamnagar,10,24,Gujarat,01-01-2018 00:00,15217.32237
438,Kheda,16,24,Gujarat,01-01-2018 00:00,15055.42398
439,Mahesana,4,24,Gujarat,01-01-2018 00:00,15019.85614
440,Narmada,20,24,Gujarat,01-01-2018 00:00,15196.73693
441,Navsari,24,24,Gujarat,01-01-2018 00:00,15141.22729
442,Panch Mahals,17,24,Gujarat,01-01-2018 00:00,15107.12976
443,Patan,3,24,Gujarat,01-01-2018 00:00,15107.6296
444,Porbandar,11,24,Gujarat,01-01-2018 00:00,15214.43143
445,Rajkot,9,24,Gujarat,01-01-2018 00:00,15206.13344
446,Anand,15,24,Gujarat,01-01-2018 00:00,15015.56058
447,Ahmadabad,7,24,Gujarat,01-01-2018 00:00,15120.62563
448,Amreli,13,24,Gujarat,01-01-2018 00:00,15326.58754
449,Bhavnagar,14,24,Gujarat,01-01-2018 00:00,15286.86126
450,Banas Kantha,2,24,Gujarat,01-01-2018 00:00,14999.50295
451,Dohad,18,24,Gujarat,01-01-2018 00:00,15098.62055
452,Junagadh,12,24,Gujarat,01-01-2018 00:00,15177.76801
453,Kachchh,1,24,Gujarat,01-01-2018 00:00,15193.76093
454,Gandhinagar,6,24,Gujarat,01-01-2018 00:00,15041.6888
455,Daman,2,25,Daman & Diu,01-01-2018 00:00,15106.87264
456,Diu,1,25,Daman & Diu,01-01-2018 00:00,15049.44669
457,Hingoli,16,27,Maharashtra,01-01-2018 00:00,15262.62634
458,Ratnagiri,32,27,Maharashtra,01-01-2018 00:00,15187.85038
459,Raigarh,24,27,Maharashtra,01-01-2018 00:00,15202.47951
460,Thane,21,27,Maharashtra,01-01-2018 00:00,15218.90263
461,Solapur,30,27,Maharashtra,01-01-2018 00:00,15296.06545
462,Sindhudurg,33,27,Maharashtra,01-01-2018 00:00,15203.84516
463,Wardha,8,27,Maharashtra,01-01-2018 00:00,15189.92655
464,Washim,6,27,Maharashtra,01-01-2018 00:00,15341.51542
465,Yavatmal,14,27,Maharashtra,01-01-2018 00:00,15273.31631
466,Jalgaon,3,27,Maharashtra,01-01-2018 00:00,15267.9599
467,Jalna,18,27,Maharashtra,01-01-2018 00:00,15240.25303
468,Kolhapur,34,27,Maharashtra,01-01-2018 00:00,15174.25535
469,Latur,28,27,Maharashtra,01-01-2018 00:00,15272.09048
470,Pune,25,27,Maharashtra,01-01-2018 00:00,15184.43783
471,Nagpur,9,27,Maharashtra,01-01-2018 00:00,15090.42584
472,Mumbai,23,27,Maharashtra,01-01-2018 00:00,15154.32798
473,Mumbai (Suburban),22,27,Maharashtra,01-01-2018 00:00,15166.5754
474,Nanded,15,27,Maharashtra,01-01-2018 00:00,15281.23812
475,Nandurbar,1,27,Maharashtra,01-01-2018 00:00,15257.88455
476,Nashik,20,27,Maharashtra,01-01-2018 00:00,15226.22641
477,Osmanabad,29,27,Maharashtra,01-01-2018 00:00,15280.89218
478,Parbhani,17,27,Maharashtra,01-01-2018 00:00,15261.39739
479,Sangli,35,27,Maharashtra,01-01-2018 00:00,15316.81371
480,Satara,31,27,Maharashtra,01-01-2018 00:00,15213.57403
481,Aurangabad,19,27,Maharashtra,01-01-2018 00:00,15260.8321
482,Ahmadnagar,26,27,Maharashtra,01-01-2018 00:00,15230.9026
483,Akola,5,27,Maharashtra,01-01-2018 00:00,15288.9155
484,Amravati,7,27,Maharashtra,01-01-2018 00:00,15181.74851
485,Bid,27,27,Maharashtra,01-01-2018 00:00,15261.33122
486,Bhandara,10,27,Maharashtra,01-01-2018 00:00,15045.89118
487,Buldana,4,27,Maharashtra,01-01-2018 00:00,15283.14671
488,Chandrapur,13,27,Maharashtra,01-01-2018 00:00,15126.8976
489,Dhule,2,27,Maharashtra,01-01-2018 00:00,15310.23383
490,Gadchiroli,12,27,Maharashtra,01-01-2018 00:00,15007.36713
491,Gondiya,11,27,Maharashtra,01-01-2018 00:00,15035.08739
492,Hyderabad,5,28,Andhra Pradesh,01-01-2018 00:00,15162.9685
493,Rangareddi,6,28,Andhra Pradesh,01-01-2018 00:00,15263.49618
494,Srikakulam,11,28,Andhra Pradesh,01-01-2018 00:00,15095.17134
495,West Godavari,15,28,Andhra Pradesh,01-01-2018 00:00,15047.36416
496,Visakhapatnam,13,28,Andhra Pradesh,01-01-2018 00:00,15031.57882
497,Vizianagaram,12,28,Andhra Pradesh,01-01-2018 00:00,15089.2082
498,Warangal,9,28,Andhra Pradesh,01-01-2018 00:00,15154.42724
499,Khammam,10,28,Andhra Pradesh,01-01-2018 00:00,15110.48251
500,Medak,4,28,Andhra Pradesh,01-01-2018 00:00,15232.47292
501,Krishna,16,28,Andhra Pradesh,01-01-2018 00:00,15140.31075
502,Kurnool,21,28,Andhra Pradesh,01-01-2018 00:00,15285.81752
503,Mahbubnagar,7,28,Andhra Pradesh,01-01-2018 00:00,15277.1332
504,Nalgonda,8,28,Andhra Pradesh,01-01-2018 00:00,15230.00848
505,Nellore,19,28,Andhra Pradesh,01-01-2018 00:00,15178.33843
506,Nizamabad,2,28,Andhra Pradesh,01-01-2018 00:00,15171.87667
507,Prakasam,18,28,Andhra Pradesh,01-01-2018 00:00,15283.46616
508,Anantapur,22,28,Andhra Pradesh,01-01-2018 00:00,15343.83577
509,Adilabad,1,28,Andhra Pradesh,01-01-2018 00:00,15197.20556
510,Chittoor,23,28,Andhra Pradesh,01-01-2018 00:00,15155.18951
511,Cuddapah,20,28,Andhra Pradesh,01-01-2018 00:00,15238.41411
512,East Godavari,14,28,Andhra Pradesh,01-01-2018 00:00,15016.24691
513,Karimnagar,3,28,Andhra Pradesh,01-01-2018 00:00,15173.43856
514,Guntur,17,28,Andhra Pradesh,01-01-2018 00:00,15231.04659
515,Hassan,23,29,Karnataka,01-01-2018 00:00,15178.18351
516,Haveri,11,29,Karnataka,01-01-2018 00:00,15362.07596
517,Shimoga,15,29,Karnataka,01-01-2018 00:00,15114.33214
518,Tumkur,18,29,Karnataka,01-01-2018 00:00,15254.81149
519,Udupi,16,29,Karnataka,01-01-2018 00:00,15161.71801
520,Uttara Kannada,10,29,Karnataka,01-01-2018 00:00,15060.9078
521,Kodagu,25,29,Karnataka,01-01-2018 00:00,14956.94069
522,Kolar,19,29,Karnataka,01-01-2018 00:00,15187.37077
523,Mandya,22,29,Karnataka,01-01-2018 00:00,15174.81823
524,Koppal,7,29,Karnataka,01-01-2018 00:00,15342.81288
525,Mysore,26,29,Karnataka,01-01-2018 00:00,15238.50348
526,Raichur,6,29,Karnataka,01-01-2018 00:00,15271.86114
527,Bagalkot,2,29,Karnataka,01-01-2018 00:00,15307.53909
528,Bangalore,20,29,Karnataka,01-01-2018 00:00,15115.47626
529,Bidar,5,29,Karnataka,01-01-2018 00:00,15318.34907
530,Bijapur,3,29,Karnataka,01-01-2018 00:00,15393.83117
531,Belgaum,1,29,Karnataka,01-01-2018 00:00,15274.49315
532,Bellary,12,29,Karnataka,01-01-2018 00:00,15310.22782
533,Bangalore Rural,21,29,Karnataka,01-01-2018 00:00,15147.25603
534,Chamarajanagar,27,29,Karnataka,01-01-2018 00:00,15145.91396
535,Chikmagalur,17,29,Karnataka,01-01-2018 00:00,15077.70573
536,Chitradurga,13,29,Karnataka,01-01-2018 00:00,15354.7836
537,Dakshina Kannada,24,29,Karnataka,01-01-2018 00:00,15126.7503
538,Davanagere,14,29,Karnataka,01-01-2018 00:00,15328.82019
539,Dharwad,9,29,Karnataka,01-01-2018 00:00,15378.38402
540,Gulbarga,4,29,Karnataka,01-01-2018 00:00,15330.94396
541,Gadag,8,29,Karnataka,01-01-2018 00:00,15441.72242
542,South Goa,2,30,Goa,01-01-2018 00:00,15141.17851
543,North Goa,1,30,Goa,01-01-2018 00:00,15184.59037
544,Idukki,9,32,Kerala,01-01-2018 00:00,14908.35638
545,Thrissur,7,32,Kerala,01-01-2018 00:00,15097.13799
546,Thiruvananthapuram,14,32,Kerala,01-01-2018 00:00,15110.94247
547,Wayanad,3,32,Kerala,01-01-2018 00:00,14962.01041
548,Kollam,13,32,Kerala,01-01-2018 00:00,15080.05761
549,Kottayam,10,32,Kerala,01-01-2018 00:00,15125.97087
550,Kozhikode,4,32,Kerala,01-01-2018 00:00,15116.43013
551,Malappuram,5,32,Kerala,01-01-2018 00:00,15111.24237
552,Palakkad,6,32,Kerala,01-01-2018 00:00,15046.55372
553,Pathanamthitta,12,32,Kerala,01-01-2018 00:00,15018.54142
554,Alappuzha,11,32,Kerala,01-01-2018 00:00,15088.29714
555,Kasaragod,1,32,Kerala,01-01-2018 00:00,15193.58472
556,Kannur,2,32,Kerala,01-01-2018 00:00,15168.95736
557,Ernakulam,8,32,Kerala,01-01-2018 00:00,15155.84432
558,Sivaganga,23,33,Tamil Nadu,01-01-2018 00:00,15345.68154
559,Tiruchirappalli,15,33,Tamil Nadu,01-01-2018 00:00,15257.26396
560,Tirunelveli,29,33,Tamil Nadu,01-01-2018 00:00,15169.23652
561,Tiruvannamalai,6,33,Tamil Nadu,01-01-2018 00:00,15130.5303
562,Thoothukkudi,28,33,Tamil Nadu,01-01-2018 00:00,15320.8696
563,Theni,25,33,Tamil Nadu,01-01-2018 00:00,15100.79626
564,Vellore,4,33,Tamil Nadu,01-01-2018 00:00,15102.41094
565,Viluppuram,7,33,Tamil Nadu,01-01-2018 00:00,15176.52978
566,Virudhunagar,26,33,Tamil Nadu,01-01-2018 00:00,15326.67118
567,Chennai,2,33,Tamil Nadu,01-01-2018 00:00,15247.1648
568,Kancheepuram,3,33,Tamil Nadu,01-01-2018 00:00,15165.71077
569,Thiruvallur,1,33,Tamil Nadu,01-01-2018 00:00,15202.71815
570,Thanjavur,21,33,Tamil Nadu,01-01-2018 00:00,15095.20682
571,Thiruvarur,20,33,Tamil Nadu,01-01-2018 00:00,15043.06239
572,Nagapattinam,19,33,Tamil Nadu,01-01-2018 00:00,15052.59464
573,Kanniyakumari,30,33,Tamil Nadu,01-01-2018 00:00,15100.60873
574,Karur,14,33,Tamil Nadu,01-01-2018 00:00,15341.5054
575,Madurai,24,33,Tamil Nadu,01-01-2018 00:00,15287.4237
576,Namakkal,9,33,Tamil Nadu,01-01-2018 00:00,15293.60945
577,The Nilgiris,11,33,Tamil Nadu,01-01-2018 00:00,14858.53059
578,Perambalur,16,33,Tamil Nadu,01-01-2018 00:00,15198.89841
579,Pudukkottai,22,33,Tamil Nadu,01-01-2018 00:00,15263.93171
580,Ramanathapuram,27,33,Tamil Nadu,01-01-2018 00:00,15376.38258
581,Salem,8,33,Tamil Nadu,01-01-2018 00:00,15184.65085
582,Ariyalur,17,33,Tamil Nadu,01-01-2018 00:00,15133.28378
583,Coimbatore,12,33,Tamil Nadu,01-01-2018 00:00,15219.34011
584,Cuddalore,18,33,Tamil Nadu,01-01-2018 00:00,15150.5321
585,Dharmapuri,5,33,Tamil Nadu,01-01-2018 00:00,15130.7751
586,Dindigul,13,33,Tamil Nadu,01-01-2018 00:00,15136.18019
587,Erode,10,33,Tamil Nadu,01-01-2018 00:00,15225.06368
588,Yanam,1,34,Puducherry,01-01-2018 00:00,15040.50397
589,Karaikal,4,34,Puducherry,01-01-2018 00:00,15065.72714
590,Mahe,3,34,Puducherry,01-01-2018 00:00,15159.09303
591,Pondicherry,2,34,Puducherry,01-01-2018 00:00,15144.9668
592,Nicobars,2,35,Andaman & Nicobar Island,01-01-2018 00:00,14931.59878
593,Andamans,1,35,Andaman & Nicobar Island,01-01-2018 00:00,14893.10472
594,Lakshadweep,1,31,Lakshadweep,02-01-2018 00:00,15070.27682
595,Chandigarh,1,4,Chandigarh,02-01-2018 00:00,14753.32476
596,Dadra & Nagar Haveli,1,26,Dadara & Nagar Havelli,02-01-2018 00:00,15367.30126
597,Data Not Available,99,99,Jammu and Kashmir,02-01-2018 00:00,13331.58923
598,Srinagar,3,1,Jammu and Kashmir,02-01-2018 00:00,13658.74425
599,Udhampur,10,1,Jammu and Kashmir,02-01-2018 00:00,14339.54924
600,Jammu,13,1,Jammu and Kashmir,02-01-2018 00:00,14641.46392
601,Kargil,8,1,Jammu and Kashmir,02-01-2018 00:00,13252.08995
602,Kathua,14,1,Jammu and Kashmir,02-01-2018 00:00,14547.51447
603,Leh (Ladakh),7,1,Jammu and Kashmir,02-01-2018 00:00,13539.67723
604,Kupwara,1,1,Jammu and Kashmir,02-01-2018 00:00,13854.71468
605,Punch,11,1,Jammu and Kashmir,02-01-2018 00:00,14274.35756
606,Pulwama,5,1,Jammu and Kashmir,02-01-2018 00:00,14191.1501
607,Rajauri,12,1,Jammu and Kashmir,02-01-2018 00:00,14486.16064
608,Anantnag,6,1,Jammu and Kashmir,02-01-2018 00:00,13712.1464
609,Badgam,4,1,Jammu and Kashmir,02-01-2018 00:00,13983.62829
610,Baramula,2,1,Jammu and Kashmir,02-01-2018 00:00,13749.21219
611,Doda,9,1,Jammu and Kashmir,02-01-2018 00:00,13601.88123
612,Shimla,11,2,Himachal Pradesh,02-01-2018 00:00,14316.62881
613,Sirmaur,10,2,Himachal Pradesh,02-01-2018 00:00,14588.34635
614,Solan,9,2,Himachal Pradesh,02-01-2018 00:00,14652.69871
615,Una,7,2,Himachal Pradesh,02-01-2018 00:00,14699.64676
616,Kangra,2,2,Himachal Pradesh,02-01-2018 00:00,14396.17421
617,Kinnaur,12,2,Himachal Pradesh,02-01-2018 00:00,13562.69683
618,Lahul & Spiti,3,2,Himachal Pradesh,02-01-2018 00:00,13316.46456
619,Kullu,4,2,Himachal Pradesh,02-01-2018 00:00,13849.87121
620,Mandi,5,2,Himachal Pradesh,02-01-2018 00:00,14513.51185
621,Bilaspur,8,2,Himachal Pradesh,02-01-2018 00:00,14601.26087
622,Chamba,1,2,Himachal Pradesh,02-01-2018 00:00,13896.77825
623,Hamirpur,6,2,Himachal Pradesh,02-01-2018 00:00,14624.69286
624,Hoshiarpur,5,3,Punjab,02-01-2018 00:00,14659.20378
625,Rupnagar,7,3,Punjab,02-01-2018 00:00,14662.19324
626,Jalandhar,4,3,Punjab,02-01-2018 00:00,14631.95435
627,Kapurthala,3,3,Punjab,02-01-2018 00:00,14602.84052
628,Ludhiana,9,3,Punjab,02-01-2018 00:00,14631.0817
629,Mansa,15,3,Punjab,02-01-2018 00:00,14612.15289
630,Moga,10,3,Punjab,02-01-2018 00:00,14585.50259
631,Muktsar,12,3,Punjab,02-01-2018 00:00,14597.60359
632,Nawanshahr,6,3,Punjab,02-01-2018 00:00,14642.59916
633,Patiala,17,3,Punjab,02-01-2018 00:00,14630.05908
634,Sangrur,16,3,Punjab,02-01-2018 00:00,14603.22387
635,Amritsar,2,3,Punjab,02-01-2018 00:00,14564.70804
636,Firozpur,11,3,Punjab,02-01-2018 00:00,14606.08006
637,Bathinda,14,3,Punjab,02-01-2018 00:00,14611.73261
638,Gurdaspur,1,3,Punjab,02-01-2018 00:00,14581.78037
639,Faridkot,13,3,Punjab,02-01-2018 00:00,14595.2925
640,Fatehgarh Sahib,8,3,Punjab,02-01-2018 00:00,14618.29234
641,Hardwar,13,5,Uttarakhand,02-01-2018 00:00,14752.68686
642,Rudraprayag,3,5,Uttarakhand,02-01-2018 00:00,14211.70417
643,Tehri Garhwal,4,5,Uttarakhand,02-01-2018 00:00,14410.17731
644,Udham Singh Nagar,12,5,Uttarakhand,02-01-2018 00:00,14745.04196
645,Uttarkashi,1,5,Uttarakhand,02-01-2018 00:00,13849.6789
646,Nainital,11,5,Uttarakhand,02-01-2018 00:00,14709.71913
647,Pithoragarh,7,5,Uttarakhand,02-01-2018 00:00,13967.62866
648,Bageshwar,8,5,Uttarakhand,02-01-2018 00:00,14348.44705
649,Almora,9,5,Uttarakhand,02-01-2018 00:00,14617.07192
650,Chamoli,2,5,Uttarakhand,02-01-2018 00:00,13865.39512
651,Champawat,10,5,Uttarakhand,02-01-2018 00:00,14636.04688
652,Dehradun,5,5,Uttarakhand,02-01-2018 00:00,14625.06674
653,Garhwal,6,5,Uttarakhand,02-01-2018 00:00,14611.69096
654,Hisar,12,6,Haryana,02-01-2018 00:00,14706.55064
655,Rohtak,14,6,Haryana,02-01-2018 00:00,14705.17855
656,Sirsa,11,6,Haryana,02-01-2018 00:00,14659.50427
657,Sonipat,8,6,Haryana,02-01-2018 00:00,14701.63548
658,Yamunanagar,3,6,Haryana,02-01-2018 00:00,14671.27197
659,Jhajjar,15,6,Haryana,02-01-2018 00:00,14711.66284
660,Mahendragarh,16,6,Haryana,02-01-2018 00:00,14868.43426
661,Rewari,17,6,Haryana,02-01-2018 00:00,14744.07854
662,Bhiwani,13,6,Haryana,02-01-2018 00:00,14762.82231
663,Jind,9,6,Haryana,02-01-2018 00:00,14637.7022
664,Kaithal,5,6,Haryana,02-01-2018 00:00,14616.96216
665,Karnal,6,6,Haryana,02-01-2018 00:00,14642.758
666,Kurukshetra,4,6,Haryana,02-01-2018 00:00,14632.2084
667,Panchkula,1,6,Haryana,02-01-2018 00:00,14737.98027
668,Panipat,7,6,Haryana,02-01-2018 00:00,14689.64278
669,Ambala,2,6,Haryana,02-01-2018 00:00,14682.50243
670,Gurgaon,18,6,Haryana,02-01-2018 00:00,14818.68729
671,Faridabad,19,6,Haryana,02-01-2018 00:00,14766.3777
672,Fatehabad,10,6,Haryana,02-01-2018 00:00,14651.19686
673,Central,6,7,Delhi  & NCR,02-01-2018 00:00,14863.48528
674,East,4,7,Delhi  & NCR,02-01-2018 00:00,14867.08068
675,New Delhi,5,7,Delhi  & NCR,02-01-2018 00:00,14824.1236
676,North,2,7,Delhi  & NCR,02-01-2018 00:00,14841.20094
677,North East,3,7,Delhi  & NCR,02-01-2018 00:00,14857.89077
678,North West,1,7,Delhi  & NCR,02-01-2018 00:00,14816.65616
679,South,9,7,Delhi  & NCR,02-01-2018 00:00,14892.89786
680,South West,8,7,Delhi  & NCR,02-01-2018 00:00,14830.07233
681,West,7,7,Delhi  & NCR,02-01-2018 00:00,14847.28459
682,Sirohi,19,8,Rajasthan,02-01-2018 00:00,15231.88438
683,Tonk,22,8,Rajasthan,02-01-2018 00:00,15190.61016
684,Sikar,13,8,Rajasthan,02-01-2018 00:00,15183.67658
685,Alwar,6,8,Rajasthan,02-01-2018 00:00,14900.01466
686,Udaipur,26,8,Rajasthan,02-01-2018 00:00,15222.08094
687,Ganganagar,1,8,Rajasthan,02-01-2018 00:00,14891.7789
688,Hanumangarh,2,8,Rajasthan,02-01-2018 00:00,14948.51266
689,Baran,31,8,Rajasthan,02-01-2018 00:00,15188.74694
690,Jaipur,12,8,Rajasthan,02-01-2018 00:00,15188.20806
691,Jaisalmer,16,8,Rajasthan,02-01-2018 00:00,15456.87871
692,Jalor,18,8,Rajasthan,02-01-2018 00:00,15296.01703
693,Jhalawar,32,8,Rajasthan,02-01-2018 00:00,15227.7237
694,Jhunjhunun,5,8,Rajasthan,02-01-2018 00:00,15102.93799
695,Jodhpur,15,8,Rajasthan,02-01-2018 00:00,15345.80657
696,Kota,30,8,Rajasthan,02-01-2018 00:00,15076.53882
697,Nagaur,14,8,Rajasthan,02-01-2018 00:00,15307.66485
698,Pali,20,8,Rajasthan,02-01-2018 00:00,15281.10922
699,Rajsamand,25,8,Rajasthan,02-01-2018 00:00,15181.4739
700,Sawai Madhopur,10,8,Rajasthan,02-01-2018 00:00,15127.03894
701,Ajmer,21,8,Rajasthan,02-01-2018 00:00,15287.3595
702,Banswara,28,8,Rajasthan,02-01-2018 00:00,15273.75311
703,Barmer,17,8,Rajasthan,02-01-2018 00:00,15436.15563
704,Bhilwara,24,8,Rajasthan,02-01-2018 00:00,15253.01394
705,Bikaner,3,8,Rajasthan,02-01-2018 00:00,15334.4252
706,Bharatpur,7,8,Rajasthan,02-01-2018 00:00,14910.04963
707,Bundi,23,8,Rajasthan,02-01-2018 00:00,15078.85267
708,Chittaurgarh,29,8,Rajasthan,02-01-2018 00:00,15189.42584
709,Churu,4,8,Rajasthan,02-01-2018 00:00,15261.16447
710,Dausa,11,8,Rajasthan,02-01-2018 00:00,15067.96344
711,Dhaulpur,8,8,Rajasthan,02-01-2018 00:00,15057.45279
712,Dungarpur,27,8,Rajasthan,02-01-2018 00:00,15266.71919
713,Karauli,9,8,Rajasthan,02-01-2018 00:00,15118.88896
714,Hathras,13,9,Uttar Pradesh,02-01-2018 00:00,14821.85479
715,Shrawasti,51,9,Uttar Pradesh,02-01-2018 00:00,14799.47716
716,Saharanpur,1,9,Uttar Pradesh,02-01-2018 00:00,14691.45998
717,Sitapur,24,9,Uttar Pradesh,02-01-2018 00:00,14831.96524
718,Sultanpur,49,9,Uttar Pradesh,02-01-2018 00:00,14885.25604
719,Sonbhadra,70,9,Uttar Pradesh,02-01-2018 00:00,15106.77419
720,Siddharthnagar,54,9,Uttar Pradesh,02-01-2018 00:00,14792.91982
721,Unnao,26,9,Uttar Pradesh,02-01-2018 00:00,14864.47736
722,Varanasi,67,9,Uttar Pradesh,02-01-2018 00:00,14908.80543
723,Bulandshahr,11,9,Uttar Pradesh,02-01-2018 00:00,14733.99386
724,Gautam Buddha Nagar,10,9,Uttar Pradesh,02-01-2018 00:00,14774.45093
725,Ghaziabad,9,9,Uttar Pradesh,02-01-2018 00:00,14769.68848
726,Jalaun,35,9,Uttar Pradesh,02-01-2018 00:00,14992.29203
727,Jaunpur,64,9,Uttar Pradesh,02-01-2018 00:00,14869.48858
728,Jhansi,36,9,Uttar Pradesh,02-01-2018 00:00,15094.86263
729,Jyotiba Phule Nagar,6,9,Uttar Pradesh,02-01-2018 00:00,14773.81513
730,Kannauj,30,9,Uttar Pradesh,02-01-2018 00:00,14863.0553
731,Kanpur Nagar,34,9,Uttar Pradesh,02-01-2018 00:00,14932.46356
732,Kaushambi,44,9,Uttar Pradesh,02-01-2018 00:00,14887.86537
733,Kheri,23,9,Uttar Pradesh,02-01-2018 00:00,14838.76014
734,Mirzapur,69,9,Uttar Pradesh,02-01-2018 00:00,15078.51406
735,Moradabad,4,9,Uttar Pradesh,02-01-2018 00:00,14762.7112
736,Muzaffarnagar,2,9,Uttar Pradesh,02-01-2018 00:00,14729.33369
737,Rae Bareli,28,9,Uttar Pradesh,02-01-2018 00:00,14862.83039
738,Kushinagar,59,9,Uttar Pradesh,02-01-2018 00:00,14850.8133
739,Lucknow,27,9,Uttar Pradesh,02-01-2018 00:00,14889.66777
740,Lalitpur,37,9,Uttar Pradesh,02-01-2018 00:00,15047.95158
741,Mahrajganj,57,9,Uttar Pradesh,02-01-2018 00:00,14781.67613
742,Mahoba,39,9,Uttar Pradesh,02-01-2018 00:00,15187.72994
743,Mainpuri,18,9,Uttar Pradesh,02-01-2018 00:00,14796.74688
744,Mathura,14,9,Uttar Pradesh,02-01-2018 00:00,14764.6024
745,Mau,62,9,Uttar Pradesh,02-01-2018 00:00,14843.5694
746,Meerut,7,9,Uttar Pradesh,02-01-2018 00:00,14753.87365
747,Pilibhit,21,9,Uttar Pradesh,02-01-2018 00:00,14749.67853
748,Pratapgarh,43,9,Uttar Pradesh,02-01-2018 00:00,14888.98203
749,Rampur,5,9,Uttar Pradesh,02-01-2018 00:00,14747.93117
750,Sant Ravidas Nagar Bhadohi,68,9,Uttar Pradesh,02-01-2018 00:00,14868.40815
751,Sant Kabir Nagar,56,9,Uttar Pradesh,02-01-2018 00:00,14800.67671
752,Shahjahanpur,22,9,Uttar Pradesh,02-01-2018 00:00,14760.08992
753,Auraiya,32,9,Uttar Pradesh,02-01-2018 00:00,14852.82436
754,Azamgarh,61,9,Uttar Pradesh,02-01-2018 00:00,14853.20012
755,Budaun,19,9,Uttar Pradesh,02-01-2018 00:00,14752.46977
756,Agra,15,9,Uttar Pradesh,02-01-2018 00:00,14885.95731
757,Aligarh,12,9,Uttar Pradesh,02-01-2018 00:00,14753.74815
758,Allahabad,45,9,Uttar Pradesh,02-01-2018 00:00,14951.9332
759,Ambedkar Nagar,48,9,Uttar Pradesh,02-01-2018 00:00,14852.76337
760,Bareilly,20,9,Uttar Pradesh,02-01-2018 00:00,14766.77688
761,Bijnor,3,9,Uttar Pradesh,02-01-2018 00:00,14775.54775
762,Basti,55,9,Uttar Pradesh,02-01-2018 00:00,14848.00735
763,Baghpat,8,9,Uttar Pradesh,02-01-2018 00:00,14767.38084
764,Bahraich,50,9,Uttar Pradesh,02-01-2018 00:00,14824.0699
765,Ballia,63,9,Uttar Pradesh,02-01-2018 00:00,14867.48493
766,Balrampur,52,9,Uttar Pradesh,02-01-2018 00:00,14880.8785
767,Banda,40,9,Uttar Pradesh,02-01-2018 00:00,14988.20859
768,Barabanki,46,9,Uttar Pradesh,02-01-2018 00:00,14849.34984
769,Chitrakoot,41,9,Uttar Pradesh,02-01-2018 00:00,15062.55895
770,Chandauli,66,9,Uttar Pradesh,02-01-2018 00:00,14991.4395
771,Deoria,60,9,Uttar Pradesh,02-01-2018 00:00,14812.36532
772,Etah,17,9,Uttar Pradesh,02-01-2018 00:00,14773.0362
773,Kanpur Dehat,33,9,Uttar Pradesh,02-01-2018 00:00,14905.99078
774,Etawah,31,9,Uttar Pradesh,02-01-2018 00:00,14862.17166
775,Faizabad,47,9,Uttar Pradesh,02-01-2018 00:00,14888.76674
776,Ghazipur,65,9,Uttar Pradesh,02-01-2018 00:00,14883.40345
777,Gonda,53,9,Uttar Pradesh,02-01-2018 00:00,14873.91465
778,Gorakhpur,58,9,Uttar Pradesh,02-01-2018 00:00,14801.14286
779,Farrukhabad,29,9,Uttar Pradesh,02-01-2018 00:00,14806.49086
780,Fatehpur,42,9,Uttar Pradesh,02-01-2018 00:00,14910.6138
781,Firozabad,16,9,Uttar Pradesh,02-01-2018 00:00,14829.2958
782,Hamirpur,38,9,Uttar Pradesh,02-01-2018 00:00,15047.81503
783,Hardoi,25,9,Uttar Pradesh,02-01-2018 00:00,14795.29834
784,Sheikhpura,26,10,Bihar,02-01-2018 00:00,14958.30713
785,Sheohar,3,10,Bihar,02-01-2018 00:00,14787.19687
786,Saharsa,12,10,Bihar,02-01-2018 00:00,14837.65806
787,Sitamarhi,4,10,Bihar,02-01-2018 00:00,14796.9925
788,Siwan,16,10,Bihar,02-01-2018 00:00,14856.02777
789,Supaul,6,10,Bihar,02-01-2018 00:00,14826.49938
790,Vaishali,18,10,Bihar,02-01-2018 00:00,14867.36883
791,Kaimur (Bhabua),31,10,Bihar,02-01-2018 00:00,15033.58407
792,Gaya,35,10,Bihar,02-01-2018 00:00,15059.66319
793,Bhojpur,29,10,Bihar,02-01-2018 00:00,14945.4281
794,Buxar,30,10,Bihar,02-01-2018 00:00,14914.29552
795,Jehanabad,33,10,Bihar,02-01-2018 00:00,14975.16877
796,Rohtas,32,10,Bihar,02-01-2018 00:00,14973.71454
797,Jamui,37,10,Bihar,02-01-2018 00:00,15080.01042
798,Kishanganj,8,10,Bihar,02-01-2018 00:00,14901.32012
799,Muzaffarpur,14,10,Bihar,02-01-2018 00:00,14818.6797
800,Purnia,9,10,Bihar,02-01-2018 00:00,14850.75405
801,Khagaria,21,10,Bihar,02-01-2018 00:00,14823.47144
802,Madhubani,5,10,Bihar,02-01-2018 00:00,14848.20962
803,Lakhisarai,25,10,Bihar,02-01-2018 00:00,14912.62623
804,Madhepura,11,10,Bihar,02-01-2018 00:00,14828.69291
805,Purba Champaran,2,10,Bihar,02-01-2018 00:00,14814.29398
806,Munger,24,10,Bihar,02-01-2018 00:00,14915.11571
807,Nalanda,27,10,Bihar,02-01-2018 00:00,14932.62344
808,Nawada,36,10,Bihar,02-01-2018 00:00,14991.39081
809,Pashchim Champaran,1,10,Bihar,02-01-2018 00:00,14888.69698
810,Patna,28,10,Bihar,02-01-2018 00:00,14960.35073
811,Samastipur,19,10,Bihar,02-01-2018 00:00,14862.48633
812,Araria,7,10,Bihar,02-01-2018 00:00,14833.19717
813,Aurangabad,34,10,Bihar,02-01-2018 00:00,15067.31539
814,Banka,23,10,Bihar,02-01-2018 00:00,15067.3971
815,Bhagalpur,22,10,Bihar,02-01-2018 00:00,14881.68411
816,Begusarai,20,10,Bihar,02-01-2018 00:00,14841.5349
817,Saran,17,10,Bihar,02-01-2018 00:00,14867.98519
818,Katihar,10,10,Bihar,02-01-2018 00:00,14838.34269
819,Darbhanga,13,10,Bihar,02-01-2018 00:00,14829.61591
820,Gopalganj,15,10,Bihar,02-01-2018 00:00,14842.09882
821,South,3,11,Sikkim,02-01-2018 00:00,14431.48349
822,West,2,11,Sikkim,02-01-2018 00:00,14283.3015
823,North,1,11,Sikkim,02-01-2018 00:00,13904.78167
824,East,4,11,Sikkim,02-01-2018 00:00,14340.08317
825,Tawang,1,12,Arunanchal Pradesh,02-01-2018 00:00,14091.30315
826,Tirap,13,12,Arunanchal Pradesh,02-01-2018 00:00,14626.4039
827,West Kameng,2,12,Arunanchal Pradesh,02-01-2018 00:00,14328.89416
828,West Siang,7,12,Arunanchal Pradesh,02-01-2018 00:00,14269.64635
829,Upper Siang,9,12,Arunanchal Pradesh,02-01-2018 00:00,14068.02907
830,Upper Subansiri,6,12,Arunanchal Pradesh,02-01-2018 00:00,14110.25116
831,Lohit,11,12,Arunanchal Pradesh,02-01-2018 00:00,14207.94482
832,Lower Subansiri,5,12,Arunanchal Pradesh,02-01-2018 00:00,14221.65166
833,Papum Pare,4,12,Arunanchal Pradesh,02-01-2018 00:00,14504.82364
834,Changlang,12,12,Arunanchal Pradesh,02-01-2018 00:00,14537.50452
835,Dibang Valley,10,12,Arunanchal Pradesh,02-01-2018 00:00,13988.27698
836,East Kameng,3,12,Arunanchal Pradesh,02-01-2018 00:00,14351.52911
837,East Siang,8,12,Arunanchal Pradesh,02-01-2018 00:00,14607.83752
838,Tuensang,2,13,Nagaland,02-01-2018 00:00,14556.6159
839,Wokha,5,13,Nagaland,02-01-2018 00:00,14699.84487
840,Zunheboto,4,13,Nagaland,02-01-2018 00:00,14585.26058
841,Dimapur,6,13,Nagaland,02-01-2018 00:00,14807.49863
842,Kohima,7,13,Nagaland,02-01-2018 00:00,14645.89872
843,Mokokchung,3,13,Nagaland,02-01-2018 00:00,14703.09261
844,Mon,1,13,Nagaland,02-01-2018 00:00,14718.2122
845,Phek,8,13,Nagaland,02-01-2018 00:00,14553.05921
846,Tamenglong,2,14,Manipur,02-01-2018 00:00,14640.7925
847,Thoubal,5,14,Manipur,02-01-2018 00:00,14817.25592
848,Ukhrul,8,14,Manipur,02-01-2018 00:00,14655.39366
849,Imphal East,7,14,Manipur,02-01-2018 00:00,14851.23915
850,Imphal West,6,14,Manipur,02-01-2018 00:00,14771.0319
851,Senapati (Excl. 3 sub-divisions),1,14,Manipur,02-01-2018 00:00,14641.37061
852,Bishnupur,4,14,Manipur,02-01-2018 00:00,14762.23277
853,Chandel,9,14,Manipur,02-01-2018 00:00,14706.77478
854,Churachandpur,3,14,Manipur,02-01-2018 00:00,14668.68382
855,Kolasib,2,15,Mizoram,02-01-2018 00:00,14768.0154
856,Mamit,1,15,Mizoram,02-01-2018 00:00,14771.28583
857,Lunglei,6,15,Mizoram,02-01-2018 00:00,14740.74484
858,Lawngtlai,7,15,Mizoram,02-01-2018 00:00,14819.83009
859,Saiha,8,15,Mizoram,02-01-2018 00:00,14722.33514
860,Serchhip,5,15,Mizoram,02-01-2018 00:00,14692.7792
861,Aizawl,3,15,Mizoram,02-01-2018 00:00,14713.56735
862,Champhai,4,15,Mizoram,02-01-2018 00:00,14679.16291
863,South Tripura,2,16,Tripura,02-01-2018 00:00,14970.4339
864,West Tripura,1,16,Tripura,02-01-2018 00:00,14969.52414
865,North Tripura,4,16,Tripura,02-01-2018 00:00,14890.6679
866,Dhalai,3,16,Tripura,02-01-2018 00:00,14891.72848
867,Ri Bhoi,5,17,Meghalaya,02-01-2018 00:00,14778.32479
868,South Garo Hills,3,17,Meghalaya,02-01-2018 00:00,14829.27742
869,West Garo Hills,1,17,Meghalaya,02-01-2018 00:00,14878.37416
870,West Khasi Hills,4,17,Meghalaya,02-01-2018 00:00,14751.422
871,Jaintia Hills,7,17,Meghalaya,02-01-2018 00:00,14766.86158
872,East Garo Hills,2,17,Meghalaya,02-01-2018 00:00,14830.30393
873,East Khasi Hills,6,17,Meghalaya,02-01-2018 00:00,14749.99201
874,Sonitpur,11,18,Assam,02-01-2018 00:00,14926.04024
875,Sibsagar,16,18,Assam,02-01-2018 00:00,14896.33342
876,Tinsukia,14,18,Assam,02-01-2018 00:00,14869.58191
877,Jorhat,17,18,Assam,02-01-2018 00:00,14892.79124
878,Karimganj,22,18,Assam,02-01-2018 00:00,14902.03017
879,Kokrajhar,1,18,Assam,02-01-2018 00:00,14894.3891
880,Lakhimpur,12,18,Assam,02-01-2018 00:00,14920.71629
881,Nagaon,10,18,Assam,02-01-2018 00:00,14900.80724
882,Marigaon,9,18,Assam,02-01-2018 00:00,14891.96857
883,Nalbari,7,18,Assam,02-01-2018 00:00,14916.96622
884,North Cachar Hills,20,18,Assam,02-01-2018 00:00,14727.09807
885,Barpeta,5,18,Assam,02-01-2018 00:00,14900.68845
886,Bongaigaon,4,18,Assam,02-01-2018 00:00,14898.18783
887,Cachar,21,18,Assam,02-01-2018 00:00,14863.73276
888,Darrang,8,18,Assam,02-01-2018 00:00,14920.3527
889,Dhemaji,13,18,Assam,02-01-2018 00:00,14932.14255
890,Dhubri,2,18,Assam,02-01-2018 00:00,14899.78407
891,Dibrugarh,15,18,Assam,02-01-2018 00:00,14891.88506
892,Kamrup,6,18,Assam,02-01-2018 00:00,14877.90088
893,Karbi Anglong,19,18,Assam,02-01-2018 00:00,14777.98391
894,Goalpara,3,18,Assam,02-01-2018 00:00,14911.63132
895,Golaghat,18,18,Assam,02-01-2018 00:00,14893.42596
896,Hailakandi,23,18,Assam,02-01-2018 00:00,14874.85888
897,Hugli,12,19,West Bengal,02-01-2018 00:00,14993.39735
898,South  Twenty Four Parganas,18,19,West Bengal,02-01-2018 00:00,14998.31002
899,Uttar Dinajpur,4,19,West Bengal,02-01-2018 00:00,14881.92177
900,Jalpaiguri,2,19,West Bengal,02-01-2018 00:00,14912.1957
901,Koch Bihar,3,19,West Bengal,02-01-2018 00:00,14848.39535
902,Murshidabad,7,19,West Bengal,02-01-2018 00:00,14964.14042
903,Puruliya,14,19,West Bengal,02-01-2018 00:00,15180.58636
904,Kolkata,17,19,West Bengal,02-01-2018 00:00,15152.61572
905,Maldah,6,19,West Bengal,02-01-2018 00:00,14886.2471
906,Nadia,10,19,West Bengal,02-01-2018 00:00,14983.69499
907,North Twenty Four Parganas,11,19,West Bengal,02-01-2018 00:00,14961.4411
908,Medinipur,15,19,West Bengal,02-01-2018 00:00,15068.20492
909,Barddhaman,9,19,West Bengal,02-01-2018 00:00,15039.84675
910,Birbhum,8,19,West Bengal,02-01-2018 00:00,15061.71124
911,Bankura,13,19,West Bengal,02-01-2018 00:00,15115.29419
912,Dakshin Dinajpur,5,19,West Bengal,02-01-2018 00:00,14873.04762
913,Darjiling,1,19,West Bengal,02-01-2018 00:00,14674.60674
914,Haora,16,19,West Bengal,02-01-2018 00:00,15016.39559
915,Ranchi,14,20,Jharkhand,02-01-2018 00:00,15125.79292
916,Sahibganj,9,20,Jharkhand,02-01-2018 00:00,14983.12715
917,Garhwa,1,20,Jharkhand,02-01-2018 00:00,15104.66573
918,Palamu,2,20,Jharkhand,02-01-2018 00:00,15104.62994
919,Chatra,3,20,Jharkhand,02-01-2018 00:00,15120.62873
920,Hazaribagh,4,20,Jharkhand,02-01-2018 00:00,15111.40112
921,Kodarma,5,20,Jharkhand,02-01-2018 00:00,15112.67697
922,Purbi Singhbhum,18,20,Jharkhand,02-01-2018 00:00,15170.06238
923,Lohardaga,15,20,Jharkhand,02-01-2018 00:00,15067.22899
924,Pakaur,10,20,Jharkhand,02-01-2018 00:00,15117.9105
925,Pashchimi Singhbhum,17,20,Jharkhand,02-01-2018 00:00,15131.88465
926,Bokaro,13,20,Jharkhand,02-01-2018 00:00,15156.39299
927,Deoghar,7,20,Jharkhand,02-01-2018 00:00,15186.16526
928,Dhanbad,12,20,Jharkhand,02-01-2018 00:00,15159.65094
929,Dumka,11,20,Jharkhand,02-01-2018 00:00,15153.73757
930,Giridih,6,20,Jharkhand,02-01-2018 00:00,15186.52736
931,Godda,8,20,Jharkhand,02-01-2018 00:00,15031.13089
932,Gumla,16,20,Jharkhand,02-01-2018 00:00,15140.31503
933,Rayagada,27,21,Orissa,02-01-2018 00:00,15194.40689
934,Sundargarh,5,21,Orissa,02-01-2018 00:00,15169.2157
935,Sonapur,23,21,Orissa,02-01-2018 00:00,15201.1949
936,Jajapur,13,21,Orissa,02-01-2018 00:00,15277.52577
937,Jagatsinghapur,11,21,Orissa,02-01-2018 00:00,15254.98342
938,Jharsuguda,2,21,Orissa,02-01-2018 00:00,15194.39344
939,Khordha,17,21,Orissa,02-01-2018 00:00,15272.33845
940,Mayurbhanj,7,21,Orissa,02-01-2018 00:00,15136.20319
941,Puri,18,21,Orissa,02-01-2018 00:00,15196.87587
942,Koraput,29,21,Orissa,02-01-2018 00:00,15268.98287
943,Malkangiri,30,21,Orissa,02-01-2018 00:00,15267.72868
944,Nabarangapur,28,21,Orissa,02-01-2018 00:00,15354.89247
945,Nayagarh,16,21,Orissa,02-01-2018 00:00,15205.82409
946,Nuapada,25,21,Orissa,02-01-2018 00:00,15304.40444
947,Kandhamal,21,21,Orissa,02-01-2018 00:00,15122.10784
948,Sambalpur,3,21,Orissa,02-01-2018 00:00,15165.20213
949,Anugul,15,21,Orissa,02-01-2018 00:00,15176.64838
950,Bhadrak,9,21,Orissa,02-01-2018 00:00,15250.24629
951,Baudh,22,21,Orissa,02-01-2018 00:00,15204.81644
952,Balangir,24,21,Orissa,02-01-2018 00:00,15314.54496
953,Baleshwar,8,21,Orissa,02-01-2018 00:00,15170.31464
954,Bargarh,1,21,Orissa,02-01-2018 00:00,15218.99597
955,Kendrapara,10,21,Orissa,02-01-2018 00:00,15218.63929
956,Kendujhar,6,21,Orissa,02-01-2018 00:00,15189.99411
957,Debagarh,4,21,Orissa,02-01-2018 00:00,15155.08754
958,Cuttack,12,21,Orissa,02-01-2018 00:00,15261.34055
959,Dhenkanal,14,21,Orissa,02-01-2018 00:00,15220.92073
960,Kalahandi,26,21,Orissa,02-01-2018 00:00,15247.60194
961,Ganjam,19,21,Orissa,02-01-2018 00:00,15268.63082
962,Gajapati,20,21,Orissa,02-01-2018 00:00,15185.55726
963,Surguja,2,22,Chhattisgarh,02-01-2018 00:00,15082.0792
964,Bilaspur,7,22,Chhattisgarh,02-01-2018 00:00,15192.38458
965,Janjgir - Champa,6,22,Chhattisgarh,02-01-2018 00:00,15296.1922
966,Korba,5,22,Chhattisgarh,02-01-2018 00:00,15094.5135
967,Kawardha,8,22,Chhattisgarh,02-01-2018 00:00,15208.91352
968,Jashpur,3,22,Chhattisgarh,02-01-2018 00:00,15107.23003
969,Koriya,1,22,Chhattisgarh,02-01-2018 00:00,15086.55145
970,Mahasamund,12,22,Chhattisgarh,02-01-2018 00:00,15278.9004
971,Raigarh,4,22,Chhattisgarh,02-01-2018 00:00,15166.07635
972,Raipur,11,22,Chhattisgarh,02-01-2018 00:00,15271.45538
973,Rajnandgaon,9,22,Chhattisgarh,02-01-2018 00:00,15237.15209
974,Bastar,15,22,Chhattisgarh,02-01-2018 00:00,15246.6864
975,Dantewada,16,22,Chhattisgarh,02-01-2018 00:00,15216.63537
976,Dhamtari,13,22,Chhattisgarh,02-01-2018 00:00,15216.27255
977,Durg,10,22,Chhattisgarh,02-01-2018 00:00,15249.19409
978,Kanker,14,22,Chhattisgarh,02-01-2018 00:00,15212.65822
979,Hoshangabad,37,23,Madhya Pradesh,02-01-2018 00:00,15055.68845
980,Indore,26,23,Madhya Pradesh,02-01-2018 00:00,15297.62796
981,Shajapur,22,23,Madhya Pradesh,02-01-2018 00:00,15321.44654
982,Shivpuri,6,23,Madhya Pradesh,02-01-2018 00:00,15251.92383
983,Ratlam,20,23,Madhya Pradesh,02-01-2018 00:00,15290.66899
984,Rewa,14,23,Madhya Pradesh,02-01-2018 00:00,15083.37907
985,Sagar,11,23,Madhya Pradesh,02-01-2018 00:00,15179.51607
986,Sidhi,17,23,Madhya Pradesh,02-01-2018 00:00,15085.05201
987,Ujjain,21,23,Madhya Pradesh,02-01-2018 00:00,15229.42767
988,Vidisha,31,23,Madhya Pradesh,02-01-2018 00:00,15129.99658
989,West Nimar,27,23,Madhya Pradesh,02-01-2018 00:00,15370.12252
990,Morena,2,23,Madhya Pradesh,02-01-2018 00:00,14988.8337
991,Sheopur,1,23,Madhya Pradesh,02-01-2018 00:00,15217.57113
992,Dindori,41,23,Madhya Pradesh,02-01-2018 00:00,15197.83283
993,Mandla,42,23,Madhya Pradesh,02-01-2018 00:00,15180.44559
994,Shahdol,16,23,Madhya Pradesh,02-01-2018 00:00,15173.15813
995,Umaria,15,23,Madhya Pradesh,02-01-2018 00:00,15154.89291
996,Jabalpur,39,23,Madhya Pradesh,02-01-2018 00:00,15094.16528
997,Jhabua,24,23,Madhya Pradesh,02-01-2018 00:00,15424.34036
998,Mandsaur,19,23,Madhya Pradesh,02-01-2018 00:00,15241.91916
999,Tikamgarh,8,23,Madhya Pradesh,02-01-2018 00:00,15200.89724
1000,Narsimhapur,40,23,Madhya Pradesh,02-01-2018 00:00,15174.81496
1001,Neemuch,18,23,Madhya Pradesh,02-01-2018 00:00,15235.33111
1002,Panna,10,23,Madhya Pradesh,02-01-2018 00:00,15179.9105
1003,Raisen,34,23,Madhya Pradesh,02-01-2018 00:00,15172.76681
1004,Rajgarh,30,23,Madhya Pradesh,02-01-2018 00:00,15322.58263
1005,Satna,13,23,Madhya Pradesh,02-01-2018 00:00,15100.91333
1006,Sehore,33,23,Madhya Pradesh,02-01-2018 00:00,15281.36863
1007,Seoni,44,23,Madhya Pradesh,02-01-2018 00:00,15202.91848
1008,Bhind,3,23,Madhya Pradesh,02-01-2018 00:00,14949.65758
1009,Bhopal,32,23,Madhya Pradesh,02-01-2018 00:00,15160.17595
1010,Barwani,28,23,Madhya Pradesh,02-01-2018 00:00,15457.64499
1011,Betul,35,23,Madhya Pradesh,02-01-2018 00:00,15296.84364
1012,Balaghat,45,23,Madhya Pradesh,02-01-2018 00:00,15133.20642
1013,Chhatarpur,9,23,Madhya Pradesh,02-01-2018 00:00,15192.8155
1014,Chhindwara,43,23,Madhya Pradesh,02-01-2018 00:00,15247.45296
1015,Dewas,23,23,Madhya Pradesh,02-01-2018 00:00,15369.88348
1016,Katni,38,23,Madhya Pradesh,02-01-2018 00:00,15097.2483
1017,Datia,5,23,Madhya Pradesh,02-01-2018 00:00,14959.20507
1018,Damoh,12,23,Madhya Pradesh,02-01-2018 00:00,15192.12873
1019,Dhar,25,23,Madhya Pradesh,02-01-2018 00:00,15372.32258
1020,East Nimar,29,23,Madhya Pradesh,02-01-2018 00:00,15385.73322
1021,Guna,7,23,Madhya Pradesh,02-01-2018 00:00,15211.31913
1022,Gwalior,4,23,Madhya Pradesh,02-01-2018 00:00,15105.93959
1023,Harda,36,23,Madhya Pradesh,02-01-2018 00:00,15188.07917
1024,Sabar Kantha,5,24,Gujarat,02-01-2018 00:00,15191.05293
1025,Surendranagar,8,24,Gujarat,02-01-2018 00:00,15385.88789
1026,The Dangs,23,24,Gujarat,02-01-2018 00:00,15358.49201
1027,Vadodara,19,24,Gujarat,02-01-2018 00:00,15336.01177
1028,Valsad,25,24,Gujarat,02-01-2018 00:00,15329.97375
1029,Bharuch,21,24,Gujarat,02-01-2018 00:00,15391.54413
1030,Surat,22,24,Gujarat,02-01-2018 00:00,15351.19939
1031,Jamnagar,10,24,Gujarat,02-01-2018 00:00,15408.17804
1032,Kheda,16,24,Gujarat,02-01-2018 00:00,15228.29554
1033,Mahesana,4,24,Gujarat,02-01-2018 00:00,15212.59586
1034,Narmada,20,24,Gujarat,02-01-2018 00:00,15425.74995
1035,Navsari,24,24,Gujarat,02-01-2018 00:00,15295.94591
1036,Panch Mahals,17,24,Gujarat,02-01-2018 00:00,15302.09912
1037,Patan,3,24,Gujarat,02-01-2018 00:00,15317.6744
1038,Porbandar,11,24,Gujarat,02-01-2018 00:00,15404.34333
1039,Rajkot,9,24,Gujarat,02-01-2018 00:00,15439.19939
1040,Anand,15,24,Gujarat,02-01-2018 00:00,15158.42132
1041,Ahmadabad,7,24,Gujarat,02-01-2018 00:00,15334.62573
1042,Amreli,13,24,Gujarat,02-01-2018 00:00,15556.66729
1043,Bhavnagar,14,24,Gujarat,02-01-2018 00:00,15518.75495
1044,Banas Kantha,2,24,Gujarat,02-01-2018 00:00,15226.43565
1045,Dohad,18,24,Gujarat,02-01-2018 00:00,15343.0328
1046,Junagadh,12,24,Gujarat,02-01-2018 00:00,15414.62116
1047,Kachchh,1,24,Gujarat,02-01-2018 00:00,15386.95447
1048,Gandhinagar,6,24,Gujarat,02-01-2018 00:00,15235.69659
1049,Daman,2,25,Daman & Diu,02-01-2018 00:00,15224.65287
1050,Diu,1,25,Daman & Diu,02-01-2018 00:00,15180.30709
1051,Hingoli,16,27,Maharashtra,02-01-2018 00:00,15510.82405
1052,Ratnagiri,32,27,Maharashtra,02-01-2018 00:00,15386.275
1053,Raigarh,24,27,Maharashtra,02-01-2018 00:00,15399.61134
1054,Thane,21,27,Maharashtra,02-01-2018 00:00,15414.72227
1055,Solapur,30,27,Maharashtra,02-01-2018 00:00,15540.38632
1056,Sindhudurg,33,27,Maharashtra,02-01-2018 00:00,15366.5631
1057,Wardha,8,27,Maharashtra,02-01-2018 00:00,15413.18786
1058,Washim,6,27,Maharashtra,02-01-2018 00:00,15567.4809
1059,Yavatmal,14,27,Maharashtra,02-01-2018 00:00,15496.61375
1060,Jalgaon,3,27,Maharashtra,02-01-2018 00:00,15472.79161
1061,Jalna,18,27,Maharashtra,02-01-2018 00:00,15485.29007
1062,Kolhapur,34,27,Maharashtra,02-01-2018 00:00,15365.80108
1063,Latur,28,27,Maharashtra,02-01-2018 00:00,15510.65568
1064,Pune,25,27,Maharashtra,02-01-2018 00:00,15393.64111
1065,Nagpur,9,27,Maharashtra,02-01-2018 00:00,15299.82438
1066,Mumbai,23,27,Maharashtra,02-01-2018 00:00,15234.68064
1067,Mumbai (Suburban),22,27,Maharashtra,02-01-2018 00:00,15277.18057
1068,Nanded,15,27,Maharashtra,02-01-2018 00:00,15516.66826
1069,Nandurbar,1,27,Maharashtra,02-01-2018 00:00,15463.93589
1070,Nashik,20,27,Maharashtra,02-01-2018 00:00,15420.66838
1071,Osmanabad,29,27,Maharashtra,02-01-2018 00:00,15505.98664
1072,Parbhani,17,27,Maharashtra,02-01-2018 00:00,15478.48047
1073,Sangli,35,27,Maharashtra,02-01-2018 00:00,15560.90334
1074,Satara,31,27,Maharashtra,02-01-2018 00:00,15438.14712
1075,Aurangabad,19,27,Maharashtra,02-01-2018 00:00,15489.53087
1076,Ahmadnagar,26,27,Maharashtra,02-01-2018 00:00,15447.75085
1077,Akola,5,27,Maharashtra,02-01-2018 00:00,15561.84671
1078,Amravati,7,27,Maharashtra,02-01-2018 00:00,15417.36366
1079,Bid,27,27,Maharashtra,02-01-2018 00:00,15500.66743
1080,Bhandara,10,27,Maharashtra,02-01-2018 00:00,15231.70914
1081,Buldana,4,27,Maharashtra,02-01-2018 00:00,15545.98503
1082,Chandrapur,13,27,Maharashtra,02-01-2018 00:00,15333.19059
1083,Dhule,2,27,Maharashtra,02-01-2018 00:00,15512.9727
1084,Gadchiroli,12,27,Maharashtra,02-01-2018 00:00,15215.46041
1085,Gondiya,11,27,Maharashtra,02-01-2018 00:00,15227.29283
1086,Hyderabad,5,28,Andhra Pradesh,02-01-2018 00:00,15336.3853
1087,Rangareddi,6,28,Andhra Pradesh,02-01-2018 00:00,15484.67252
1088,Srikakulam,11,28,Andhra Pradesh,02-01-2018 00:00,15336.59517
1089,West Godavari,15,28,Andhra Pradesh,02-01-2018 00:00,15146.63672
1090,Visakhapatnam,13,28,Andhra Pradesh,02-01-2018 00:00,15268.36238
1091,Vizianagaram,12,28,Andhra Pradesh,02-01-2018 00:00,15333.65164
1092,Warangal,9,28,Andhra Pradesh,02-01-2018 00:00,15344.88312
1093,Khammam,10,28,Andhra Pradesh,02-01-2018 00:00,15305.06314
1094,Medak,4,28,Andhra Pradesh,02-01-2018 00:00,15441.14941
1095,Krishna,16,28,Andhra Pradesh,02-01-2018 00:00,15296.47874
1096,Kurnool,21,28,Andhra Pradesh,02-01-2018 00:00,15521.37321
1097,Mahbubnagar,7,28,Andhra Pradesh,02-01-2018 00:00,15497.33305
1098,Nalgonda,8,28,Andhra Pradesh,02-01-2018 00:00,15381.18829
1099,Nellore,19,28,Andhra Pradesh,02-01-2018 00:00,15359.42728
1100,Nizamabad,2,28,Andhra Pradesh,02-01-2018 00:00,15346.02526
1101,Prakasam,18,28,Andhra Pradesh,02-01-2018 00:00,15521.42581
1102,Anantapur,22,28,Andhra Pradesh,02-01-2018 00:00,15575.05746
1103,Adilabad,1,28,Andhra Pradesh,02-01-2018 00:00,15394.13788
1104,Chittoor,23,28,Andhra Pradesh,02-01-2018 00:00,15366.43922
1105,Cuddapah,20,28,Andhra Pradesh,02-01-2018 00:00,15472.08909
1106,East Godavari,14,28,Andhra Pradesh,02-01-2018 00:00,15167.80539
1107,Karimnagar,3,28,Andhra Pradesh,02-01-2018 00:00,15348.23151
1108,Guntur,17,28,Andhra Pradesh,02-01-2018 00:00,15391.29852
1109,Hassan,23,29,Karnataka,02-01-2018 00:00,15409.28591
1110,Haveri,11,29,Karnataka,02-01-2018 00:00,15588.015
1111,Shimoga,15,29,Karnataka,02-01-2018 00:00,15294.97288
1112,Tumkur,18,29,Karnataka,02-01-2018 00:00,15487.67545
1113,Udupi,16,29,Karnataka,02-01-2018 00:00,15299.34839
1114,Uttara Kannada,10,29,Karnataka,02-01-2018 00:00,15217.07494
1115,Kodagu,25,29,Karnataka,02-01-2018 00:00,15094.25491
1116,Kolar,19,29,Karnataka,02-01-2018 00:00,15435.23651
1117,Mandya,22,29,Karnataka,02-01-2018 00:00,15377.4386
1118,Koppal,7,29,Karnataka,02-01-2018 00:00,15539.87087
1119,Mysore,26,29,Karnataka,02-01-2018 00:00,15458.57752
1120,Raichur,6,29,Karnataka,02-01-2018 00:00,15472.80181
1121,Bagalkot,2,29,Karnataka,02-01-2018 00:00,15533.10433
1122,Bangalore,20,29,Karnataka,02-01-2018 00:00,15327.07087
1123,Bidar,5,29,Karnataka,02-01-2018 00:00,15574.93131
1124,Bijapur,3,29,Karnataka,02-01-2018 00:00,15640.41188
1125,Belgaum,1,29,Karnataka,02-01-2018 00:00,15500.43508
1126,Bellary,12,29,Karnataka,02-01-2018 00:00,15508.59732
1127,Bangalore Rural,21,29,Karnataka,02-01-2018 00:00,15385.57657
1128,Chamarajanagar,27,29,Karnataka,02-01-2018 00:00,15394.60489
1129,Chikmagalur,17,29,Karnataka,02-01-2018 00:00,15279.74072
1130,Chitradurga,13,29,Karnataka,02-01-2018 00:00,15573.88079
1131,Dakshina Kannada,24,29,Karnataka,02-01-2018 00:00,15269.5234
1132,Davanagere,14,29,Karnataka,02-01-2018 00:00,15503.7621
1133,Dharwad,9,29,Karnataka,02-01-2018 00:00,15664.86691
1134,Gulbarga,4,29,Karnataka,02-01-2018 00:00,15568.75428
1135,Gadag,8,29,Karnataka,02-01-2018 00:00,15703.60103
1136,South Goa,2,30,Goa,02-01-2018 00:00,15281.59705
1137,North Goa,1,30,Goa,02-01-2018 00:00,15327.55208
1138,Idukki,9,32,Kerala,02-01-2018 00:00,15038.80786
1139,Thrissur,7,32,Kerala,02-01-2018 00:00,15260.23996
1140,Thiruvananthapuram,14,32,Kerala,02-01-2018 00:00,15242.95739
1141,Wayanad,3,32,Kerala,02-01-2018 00:00,15107.16934
1142,Kollam,13,32,Kerala,02-01-2018 00:00,15202.34564
1143,Kottayam,10,32,Kerala,02-01-2018 00:00,15248.42912
1144,Kozhikode,4,32,Kerala,02-01-2018 00:00,15212.83083
1145,Malappuram,5,32,Kerala,02-01-2018 00:00,15209.85568
1146,Palakkad,6,32,Kerala,02-01-2018 00:00,15199.94746
1147,Pathanamthitta,12,32,Kerala,02-01-2018 00:00,15133.87738
1148,Alappuzha,11,32,Kerala,02-01-2018 00:00,15207.48283
1149,Kasaragod,1,32,Kerala,02-01-2018 00:00,15317.80297
1150,Kannur,2,32,Kerala,02-01-2018 00:00,15283.31871
1151,Ernakulam,8,32,Kerala,02-01-2018 00:00,15273.86602
1152,Sivaganga,23,33,Tamil Nadu,02-01-2018 00:00,15526.21875
1153,Tiruchirappalli,15,33,Tamil Nadu,02-01-2018 00:00,15454.24231
1154,Tirunelveli,29,33,Tamil Nadu,02-01-2018 00:00,15308.72433
1155,Tiruvannamalai,6,33,Tamil Nadu,02-01-2018 00:00,15288.21233
1156,Thoothukkudi,28,33,Tamil Nadu,02-01-2018 00:00,15477.45294
1157,Theni,25,33,Tamil Nadu,02-01-2018 00:00,15280.8408
1158,Vellore,4,33,Tamil Nadu,02-01-2018 00:00,15326.537
1159,Viluppuram,7,33,Tamil Nadu,02-01-2018 00:00,15346.48639
1160,Virudhunagar,26,33,Tamil Nadu,02-01-2018 00:00,15506.60281
1161,Chennai,2,33,Tamil Nadu,02-01-2018 00:00,15373.26044
1162,Kancheepuram,3,33,Tamil Nadu,02-01-2018 00:00,15305.8238
1163,Thiruvallur,1,33,Tamil Nadu,02-01-2018 00:00,15370.17634
1164,Thanjavur,21,33,Tamil Nadu,02-01-2018 00:00,15235.4016
1165,Thiruvarur,20,33,Tamil Nadu,02-01-2018 00:00,15195.10201
1166,Nagapattinam,19,33,Tamil Nadu,02-01-2018 00:00,15203.85019
1167,Kanniyakumari,30,33,Tamil Nadu,02-01-2018 00:00,15244.11401
1168,Karur,14,33,Tamil Nadu,02-01-2018 00:00,15547.17158
1169,Madurai,24,33,Tamil Nadu,02-01-2018 00:00,15489.52485
1170,Namakkal,9,33,Tamil Nadu,02-01-2018 00:00,15453.1419
1171,The Nilgiris,11,33,Tamil Nadu,02-01-2018 00:00,15036.56998
1172,Perambalur,16,33,Tamil Nadu,02-01-2018 00:00,15393.10473
1173,Pudukkottai,22,33,Tamil Nadu,02-01-2018 00:00,15469.6142
1174,Ramanathapuram,27,33,Tamil Nadu,02-01-2018 00:00,15524.1722
1175,Salem,8,33,Tamil Nadu,02-01-2018 00:00,15395.09925
1176,Ariyalur,17,33,Tamil Nadu,02-01-2018 00:00,15268.85972
1177,Coimbatore,12,33,Tamil Nadu,02-01-2018 00:00,15417.1627
1178,Cuddalore,18,33,Tamil Nadu,02-01-2018 00:00,15310.38169
1179,Dharmapuri,5,33,Tamil Nadu,02-01-2018 00:00,15385.95408
1180,Dindigul,13,33,Tamil Nadu,02-01-2018 00:00,15342.8869
1181,Erode,10,33,Tamil Nadu,02-01-2018 00:00,15417.54271
1182,Yanam,1,34,Puducherry,02-01-2018 00:00,15182.65417
1183,Karaikal,4,34,Puducherry,02-01-2018 00:00,15197.82719
1184,Mahe,3,34,Puducherry,02-01-2018 00:00,15247.30109
1185,Pondicherry,2,34,Puducherry,02-01-2018 00:00,15311.13209
1186,Nicobars,2,35,Andaman & Nicobar Island,02-01-2018 00:00,15011.46258
1187,Andamans,1,35,Andaman & Nicobar Island,02-01-2018 00:00,15017.30326
1188,Lakshadweep,1,31,Lakshadweep,03-01-2018 00:00,15089.49149
1189,Chandigarh,1,4,Chandigarh,03-01-2018 00:00,15224.32794
1190,Dadra & Nagar Haveli,1,26,Dadara & Nagar Havelli,03-01-2018 00:00,15572.00778
1191,Data Not Available,99,99,Jammu and Kashmir,03-01-2018 00:00,13739.60185
1192,Srinagar,3,1,Jammu and Kashmir,03-01-2018 00:00,14046.08775
1193,Udhampur,10,1,Jammu and Kashmir,03-01-2018 00:00,14691.72954
1194,Jammu,13,1,Jammu and Kashmir,03-01-2018 00:00,15028.45707
1195,Kargil,8,1,Jammu and Kashmir,03-01-2018 00:00,13687.43112
1196,Kathua,14,1,Jammu and Kashmir,03-01-2018 00:00,14910.38787
1197,Leh (Ladakh),7,1,Jammu and Kashmir,03-01-2018 00:00,13969.39723
1198,Kupwara,1,1,Jammu and Kashmir,03-01-2018 00:00,14269.50188
1199,Punch,11,1,Jammu and Kashmir,03-01-2018 00:00,14647.78144
1200,Pulwama,5,1,Jammu and Kashmir,03-01-2018 00:00,14600.49722
1201,Rajauri,12,1,Jammu and Kashmir,03-01-2018 00:00,14850.52994
1202,Anantnag,6,1,Jammu and Kashmir,03-01-2018 00:00,14083.49604
1203,Badgam,4,1,Jammu and Kashmir,03-01-2018 00:00,14380.41712
1204,Baramula,2,1,Jammu and Kashmir,03-01-2018 00:00,14181.77622
1205,Doda,9,1,Jammu and Kashmir,03-01-2018 00:00,13941.83829
1206,Shimla,11,2,Himachal Pradesh,03-01-2018 00:00,14591.70121
1207,Sirmaur,10,2,Himachal Pradesh,03-01-2018 00:00,14997.75971
1208,Solan,9,2,Himachal Pradesh,03-01-2018 00:00,15044.03328
1209,Una,7,2,Himachal Pradesh,03-01-2018 00:00,15101.25446
1210,Kangra,2,2,Himachal Pradesh,03-01-2018 00:00,14725.49893
1211,Kinnaur,12,2,Himachal Pradesh,03-01-2018 00:00,13715.01266
1212,Lahul & Spiti,3,2,Himachal Pradesh,03-01-2018 00:00,13514.75448
1213,Kullu,4,2,Himachal Pradesh,03-01-2018 00:00,14073.98865
1214,Mandi,5,2,Himachal Pradesh,03-01-2018 00:00,14835.12127
1215,Bilaspur,8,2,Himachal Pradesh,03-01-2018 00:00,15006.58487
1216,Chamba,1,2,Himachal Pradesh,03-01-2018 00:00,14190.0952
1217,Hamirpur,6,2,Himachal Pradesh,03-01-2018 00:00,15028.86629
1218,Hoshiarpur,5,3,Punjab,03-01-2018 00:00,15044.92514
1219,Rupnagar,7,3,Punjab,03-01-2018 00:00,15058.39313
1220,Jalandhar,4,3,Punjab,03-01-2018 00:00,15030.91078
1221,Kapurthala,3,3,Punjab,03-01-2018 00:00,14988.43948
1222,Ludhiana,9,3,Punjab,03-01-2018 00:00,15000.40388
1223,Mansa,15,3,Punjab,03-01-2018 00:00,14971.20097
1224,Moga,10,3,Punjab,03-01-2018 00:00,14953.72496
1225,Muktsar,12,3,Punjab,03-01-2018 00:00,14966.57051
1226,Nawanshahr,6,3,Punjab,03-01-2018 00:00,15003.11051
1227,Patiala,17,3,Punjab,03-01-2018 00:00,15010.00974
1228,Sangrur,16,3,Punjab,03-01-2018 00:00,14957.41095
1229,Amritsar,2,3,Punjab,03-01-2018 00:00,14919.24454
1230,Firozpur,11,3,Punjab,03-01-2018 00:00,14979.0047
1231,Bathinda,14,3,Punjab,03-01-2018 00:00,14980.50942
1232,Gurdaspur,1,3,Punjab,03-01-2018 00:00,14936.35513
1233,Faridkot,13,3,Punjab,03-01-2018 00:00,14956.61119
1234,Fatehgarh Sahib,8,3,Punjab,03-01-2018 00:00,14972.88805
1235,Hardwar,13,5,Uttarakhand,03-01-2018 00:00,15145.05662
1236,Rudraprayag,3,5,Uttarakhand,03-01-2018 00:00,14459.84847
1237,Tehri Garhwal,4,5,Uttarakhand,03-01-2018 00:00,14726.97003
1238,Udham Singh Nagar,12,5,Uttarakhand,03-01-2018 00:00,15089.28696
1239,Uttarkashi,1,5,Uttarakhand,03-01-2018 00:00,14037.16575
1240,Nainital,11,5,Uttarakhand,03-01-2018 00:00,15037.94795
1241,Pithoragarh,7,5,Uttarakhand,03-01-2018 00:00,14155.87625
1242,Bageshwar,8,5,Uttarakhand,03-01-2018 00:00,14594.1775
1243,Almora,9,5,Uttarakhand,03-01-2018 00:00,14959.22917
1244,Chamoli,2,5,Uttarakhand,03-01-2018 00:00,14038.15554
1245,Champawat,10,5,Uttarakhand,03-01-2018 00:00,14948.85141
1246,Dehradun,5,5,Uttarakhand,03-01-2018 00:00,14996.81693
1247,Garhwal,6,5,Uttarakhand,03-01-2018 00:00,14977.4317
1248,Hisar,12,6,Haryana,03-01-2018 00:00,15147.99069
1249,Rohtak,14,6,Haryana,03-01-2018 00:00,15118.14378
1250,Sirsa,11,6,Haryana,03-01-2018 00:00,15053.89779
1251,Sonipat,8,6,Haryana,03-01-2018 00:00,15083.71202
1252,Yamunanagar,3,6,Haryana,03-01-2018 00:00,15038.72004
1253,Jhajjar,15,6,Haryana,03-01-2018 00:00,15213.19332
1254,Mahendragarh,16,6,Haryana,03-01-2018 00:00,15422.68896
1255,Rewari,17,6,Haryana,03-01-2018 00:00,15361.62444
1256,Bhiwani,13,6,Haryana,03-01-2018 00:00,15266.02636
1257,Jind,9,6,Haryana,03-01-2018 00:00,14987.52734
1258,Kaithal,5,6,Haryana,03-01-2018 00:00,14984.20195
1259,Karnal,6,6,Haryana,03-01-2018 00:00,14993.60681
1260,Kurukshetra,4,6,Haryana,03-01-2018 00:00,14998.2198
1261,Panchkula,1,6,Haryana,03-01-2018 00:00,15175.4993
1262,Panipat,7,6,Haryana,03-01-2018 00:00,15057.41004
1263,Ambala,2,6,Haryana,03-01-2018 00:00,15050.90617
1264,Gurgaon,18,6,Haryana,03-01-2018 00:00,15342.05933
1265,Faridabad,19,6,Haryana,03-01-2018 00:00,15202.5438
1266,Fatehabad,10,6,Haryana,03-01-2018 00:00,15013.9383
1267,Central,6,7,Delhi  & NCR,03-01-2018 00:00,15309.59745
1268,East,4,7,Delhi  & NCR,03-01-2018 00:00,15301.45197
1269,New Delhi,5,7,Delhi  & NCR,03-01-2018 00:00,15255.22906
1270,North,2,7,Delhi  & NCR,03-01-2018 00:00,15291.20935
1271,North East,3,7,Delhi  & NCR,03-01-2018 00:00,15312.74418
1272,North West,1,7,Delhi  & NCR,03-01-2018 00:00,15257.88636
1273,South,9,7,Delhi  & NCR,03-01-2018 00:00,15330.46247
1274,South West,8,7,Delhi  & NCR,03-01-2018 00:00,15326.10839
1275,West,7,7,Delhi  & NCR,03-01-2018 00:00,15308.88777
1276,Sirohi,19,8,Rajasthan,03-01-2018 00:00,15612.13327
1277,Tonk,22,8,Rajasthan,03-01-2018 00:00,15690.16037
1278,Sikar,13,8,Rajasthan,03-01-2018 00:00,15605.12718
1279,Alwar,6,8,Rajasthan,03-01-2018 00:00,15430.68481
1280,Udaipur,26,8,Rajasthan,03-01-2018 00:00,15615.18673
1281,Ganganagar,1,8,Rajasthan,03-01-2018 00:00,15397.19724
1282,Hanumangarh,2,8,Rajasthan,03-01-2018 00:00,15431.55961
1283,Baran,31,8,Rajasthan,03-01-2018 00:00,15668.69845
1284,Jaipur,12,8,Rajasthan,03-01-2018 00:00,15609.40981
1285,Jaisalmer,16,8,Rajasthan,03-01-2018 00:00,15937.22817
1286,Jalor,18,8,Rajasthan,03-01-2018 00:00,15731.06841
1287,Jhalawar,32,8,Rajasthan,03-01-2018 00:00,15702.49951
1288,Jhunjhunun,5,8,Rajasthan,03-01-2018 00:00,15574.98503
1289,Jodhpur,15,8,Rajasthan,03-01-2018 00:00,15825.65091
1290,Kota,30,8,Rajasthan,03-01-2018 00:00,15574.91625
1291,Nagaur,14,8,Rajasthan,03-01-2018 00:00,15763.66506
1292,Pali,20,8,Rajasthan,03-01-2018 00:00,15716.73733
1293,Rajsamand,25,8,Rajasthan,03-01-2018 00:00,15558.08907
1294,Sawai Madhopur,10,8,Rajasthan,03-01-2018 00:00,15640.68804
1295,Ajmer,21,8,Rajasthan,03-01-2018 00:00,15710.38862
1296,Banswara,28,8,Rajasthan,03-01-2018 00:00,15650.62078
1297,Barmer,17,8,Rajasthan,03-01-2018 00:00,15870.653
1298,Bhilwara,24,8,Rajasthan,03-01-2018 00:00,15681.82822
1299,Bikaner,3,8,Rajasthan,03-01-2018 00:00,15824.46231
1300,Bharatpur,7,8,Rajasthan,03-01-2018 00:00,15469.32324
1301,Bundi,23,8,Rajasthan,03-01-2018 00:00,15547.35332
1302,Chittaurgarh,29,8,Rajasthan,03-01-2018 00:00,15619.67526
1303,Churu,4,8,Rajasthan,03-01-2018 00:00,15752.8665
1304,Dausa,11,8,Rajasthan,03-01-2018 00:00,15567.11651
1305,Dhaulpur,8,8,Rajasthan,03-01-2018 00:00,15561.79172
1306,Dungarpur,27,8,Rajasthan,03-01-2018 00:00,15675.66974
1307,Karauli,9,8,Rajasthan,03-01-2018 00:00,15609.862
1308,Hathras,13,9,Uttar Pradesh,03-01-2018 00:00,15253.86714
1309,Shrawasti,51,9,Uttar Pradesh,03-01-2018 00:00,15178.04101
1310,Saharanpur,1,9,Uttar Pradesh,03-01-2018 00:00,15073.04207
1311,Sitapur,24,9,Uttar Pradesh,03-01-2018 00:00,15247.30426
1312,Sultanpur,49,9,Uttar Pradesh,03-01-2018 00:00,15304.07031
1313,Sonbhadra,70,9,Uttar Pradesh,03-01-2018 00:00,15523.25615
1314,Siddharthnagar,54,9,Uttar Pradesh,03-01-2018 00:00,15166.47399
1315,Unnao,26,9,Uttar Pradesh,03-01-2018 00:00,15254.30959
1316,Varanasi,67,9,Uttar Pradesh,03-01-2018 00:00,15289.38677
1317,Bulandshahr,11,9,Uttar Pradesh,03-01-2018 00:00,15123.33002
1318,Gautam Buddha Nagar,10,9,Uttar Pradesh,03-01-2018 00:00,15187.70519
1319,Ghaziabad,9,9,Uttar Pradesh,03-01-2018 00:00,15175.29123
1320,Jalaun,35,9,Uttar Pradesh,03-01-2018 00:00,15467.30149
1321,Jaunpur,64,9,Uttar Pradesh,03-01-2018 00:00,15305.50911
1322,Jhansi,36,9,Uttar Pradesh,03-01-2018 00:00,15608.74487
1323,Jyotiba Phule Nagar,6,9,Uttar Pradesh,03-01-2018 00:00,15125.9692
1324,Kannauj,30,9,Uttar Pradesh,03-01-2018 00:00,15276.47462
1325,Kanpur Nagar,34,9,Uttar Pradesh,03-01-2018 00:00,15289.66439
1326,Kaushambi,44,9,Uttar Pradesh,03-01-2018 00:00,15305.72926
1327,Kheri,23,9,Uttar Pradesh,03-01-2018 00:00,15240.36202
1328,Mirzapur,69,9,Uttar Pradesh,03-01-2018 00:00,15501.41574
1329,Moradabad,4,9,Uttar Pradesh,03-01-2018 00:00,15125.55649
1330,Muzaffarnagar,2,9,Uttar Pradesh,03-01-2018 00:00,15116.50202
1331,Rae Bareli,28,9,Uttar Pradesh,03-01-2018 00:00,15264.67451
1332,Kushinagar,59,9,Uttar Pradesh,03-01-2018 00:00,15214.74075
1333,Lucknow,27,9,Uttar Pradesh,03-01-2018 00:00,15275.55302
1334,Lalitpur,37,9,Uttar Pradesh,03-01-2018 00:00,15593.41717
1335,Mahrajganj,57,9,Uttar Pradesh,03-01-2018 00:00,15155.34164
1336,Mahoba,39,9,Uttar Pradesh,03-01-2018 00:00,15694.34373
1337,Mainpuri,18,9,Uttar Pradesh,03-01-2018 00:00,15206.33306
1338,Mathura,14,9,Uttar Pradesh,03-01-2018 00:00,15252.84387
1339,Mau,62,9,Uttar Pradesh,03-01-2018 00:00,15236.09895
1340,Meerut,7,9,Uttar Pradesh,03-01-2018 00:00,15154.67493
1341,Pilibhit,21,9,Uttar Pradesh,03-01-2018 00:00,15146.71806
1342,Pratapgarh,43,9,Uttar Pradesh,03-01-2018 00:00,15318.4906
1343,Rampur,5,9,Uttar Pradesh,03-01-2018 00:00,15065.61219
1344,Sant Ravidas Nagar Bhadohi,68,9,Uttar Pradesh,03-01-2018 00:00,15299.2919
1345,Sant Kabir Nagar,56,9,Uttar Pradesh,03-01-2018 00:00,15170.83008
1346,Shahjahanpur,22,9,Uttar Pradesh,03-01-2018 00:00,15172.17269
1347,Auraiya,32,9,Uttar Pradesh,03-01-2018 00:00,15261.18718
1348,Azamgarh,61,9,Uttar Pradesh,03-01-2018 00:00,15264.86695
1349,Budaun,19,9,Uttar Pradesh,03-01-2018 00:00,15138.00246
1350,Agra,15,9,Uttar Pradesh,03-01-2018 00:00,15383.89154
1351,Aligarh,12,9,Uttar Pradesh,03-01-2018 00:00,15166.38095
1352,Allahabad,45,9,Uttar Pradesh,03-01-2018 00:00,15375.7691
1353,Ambedkar Nagar,48,9,Uttar Pradesh,03-01-2018 00:00,15238.36431
1354,Bareilly,20,9,Uttar Pradesh,03-01-2018 00:00,15138.6763
1355,Bijnor,3,9,Uttar Pradesh,03-01-2018 00:00,15161.17902
1356,Basti,55,9,Uttar Pradesh,03-01-2018 00:00,15218.49805
1357,Baghpat,8,9,Uttar Pradesh,03-01-2018 00:00,15149.91449
1358,Bahraich,50,9,Uttar Pradesh,03-01-2018 00:00,15201.17654
1359,Ballia,63,9,Uttar Pradesh,03-01-2018 00:00,15242.19557
1360,Balrampur,52,9,Uttar Pradesh,03-01-2018 00:00,15247.46695
1361,Banda,40,9,Uttar Pradesh,03-01-2018 00:00,15493.1148
1362,Barabanki,46,9,Uttar Pradesh,03-01-2018 00:00,15220.69169
1363,Chitrakoot,41,9,Uttar Pradesh,03-01-2018 00:00,15528.27597
1364,Chandauli,66,9,Uttar Pradesh,03-01-2018 00:00,15389.6184
1365,Deoria,60,9,Uttar Pradesh,03-01-2018 00:00,15206.06785
1366,Etah,17,9,Uttar Pradesh,03-01-2018 00:00,15174.62415
1367,Kanpur Dehat,33,9,Uttar Pradesh,03-01-2018 00:00,15301.86353
1368,Etawah,31,9,Uttar Pradesh,03-01-2018 00:00,15306.90687
1369,Faizabad,47,9,Uttar Pradesh,03-01-2018 00:00,15260.62689
1370,Ghazipur,65,9,Uttar Pradesh,03-01-2018 00:00,15273.07921
1371,Gonda,53,9,Uttar Pradesh,03-01-2018 00:00,15249.6556
1372,Gorakhpur,58,9,Uttar Pradesh,03-01-2018 00:00,15178.82245
1373,Farrukhabad,29,9,Uttar Pradesh,03-01-2018 00:00,15236.8702
1374,Fatehpur,42,9,Uttar Pradesh,03-01-2018 00:00,15326.48383
1375,Firozabad,16,9,Uttar Pradesh,03-01-2018 00:00,15271.9993
1376,Hamirpur,38,9,Uttar Pradesh,03-01-2018 00:00,15561.74244
1377,Hardoi,25,9,Uttar Pradesh,03-01-2018 00:00,15207.37143
1378,Sheikhpura,26,10,Bihar,03-01-2018 00:00,15356.79109
1379,Sheohar,3,10,Bihar,03-01-2018 00:00,15130.34083
1380,Saharsa,12,10,Bihar,03-01-2018 00:00,15111.29552
1381,Sitamarhi,4,10,Bihar,03-01-2018 00:00,15164.10267
1382,Siwan,16,10,Bihar,03-01-2018 00:00,15253.80906
1383,Supaul,6,10,Bihar,03-01-2018 00:00,15114.67151
1384,Vaishali,18,10,Bihar,03-01-2018 00:00,15267.77331
1385,Kaimur (Bhabua),31,10,Bihar,03-01-2018 00:00,15432.47973
1386,Gaya,35,10,Bihar,03-01-2018 00:00,15448.43963
1387,Bhojpur,29,10,Bihar,03-01-2018 00:00,15296.35213
1388,Buxar,30,10,Bihar,03-01-2018 00:00,15263.7281
1389,Jehanabad,33,10,Bihar,03-01-2018 00:00,15349.59294
1390,Rohtas,32,10,Bihar,03-01-2018 00:00,15331.8236
1391,Jamui,37,10,Bihar,03-01-2018 00:00,15467.38981
1392,Kishanganj,8,10,Bihar,03-01-2018 00:00,15130.21661
1393,Muzaffarpur,14,10,Bihar,03-01-2018 00:00,15193.53471
1394,Purnia,9,10,Bihar,03-01-2018 00:00,15049.57766
1395,Khagaria,21,10,Bihar,03-01-2018 00:00,15108.11385
1396,Madhubani,5,10,Bihar,03-01-2018 00:00,15198.84106
1397,Lakhisarai,25,10,Bihar,03-01-2018 00:00,15335.00011
1398,Madhepura,11,10,Bihar,03-01-2018 00:00,15081.88652
1399,Purba Champaran,2,10,Bihar,03-01-2018 00:00,15195.74362
1400,Munger,24,10,Bihar,03-01-2018 00:00,15321.39279
1401,Nalanda,27,10,Bihar,03-01-2018 00:00,15343.84488
1402,Nawada,36,10,Bihar,03-01-2018 00:00,15407.09661
1403,Pashchim Champaran,1,10,Bihar,03-01-2018 00:00,15232.23281
1404,Patna,28,10,Bihar,03-01-2018 00:00,15325.48296
1405,Samastipur,19,10,Bihar,03-01-2018 00:00,15198.19127
1406,Araria,7,10,Bihar,03-01-2018 00:00,15058.71456
1407,Aurangabad,34,10,Bihar,03-01-2018 00:00,15430.84604
1408,Banka,23,10,Bihar,03-01-2018 00:00,15454.22765
1409,Bhagalpur,22,10,Bihar,03-01-2018 00:00,15224.59208
1410,Begusarai,20,10,Bihar,03-01-2018 00:00,15211.88507
1411,Saran,17,10,Bihar,03-01-2018 00:00,15251.24293
1412,Katihar,10,10,Bihar,03-01-2018 00:00,15082.16698
1413,Darbhanga,13,10,Bihar,03-01-2018 00:00,15198.7814
1414,Gopalganj,15,10,Bihar,03-01-2018 00:00,15223.83144
1415,South,3,11,Sikkim,03-01-2018 00:00,14613.65458
1416,West,2,11,Sikkim,03-01-2018 00:00,14369.06755
1417,North,1,11,Sikkim,03-01-2018 00:00,14004.668
1418,East,4,11,Sikkim,03-01-2018 00:00,14452.76111
1419,Tawang,1,12,Arunanchal Pradesh,03-01-2018 00:00,14038.23435
1420,Tirap,13,12,Arunanchal Pradesh,03-01-2018 00:00,14784.63309
1421,West Kameng,2,12,Arunanchal Pradesh,03-01-2018 00:00,14472.51683
1422,West Siang,7,12,Arunanchal Pradesh,03-01-2018 00:00,14492.83324
1423,Upper Siang,9,12,Arunanchal Pradesh,03-01-2018 00:00,14301.1473
1424,Upper Subansiri,6,12,Arunanchal Pradesh,03-01-2018 00:00,14336.89153
1425,Lohit,11,12,Arunanchal Pradesh,03-01-2018 00:00,14349.33132
1426,Lower Subansiri,5,12,Arunanchal Pradesh,03-01-2018 00:00,14422.62067
1427,Papum Pare,4,12,Arunanchal Pradesh,03-01-2018 00:00,14660.22102
1428,Changlang,12,12,Arunanchal Pradesh,03-01-2018 00:00,14682.98355
1429,Dibang Valley,10,12,Arunanchal Pradesh,03-01-2018 00:00,14180.34442
1430,East Kameng,3,12,Arunanchal Pradesh,03-01-2018 00:00,14518.83138
1431,East Siang,8,12,Arunanchal Pradesh,03-01-2018 00:00,14778.69007
1432,Tuensang,2,13,Nagaland,03-01-2018 00:00,14766.00171
1433,Wokha,5,13,Nagaland,03-01-2018 00:00,14894.01011
1434,Zunheboto,4,13,Nagaland,03-01-2018 00:00,14810.36496
1435,Dimapur,6,13,Nagaland,03-01-2018 00:00,14985.89783
1436,Kohima,7,13,Nagaland,03-01-2018 00:00,14869.3355
1437,Mokokchung,3,13,Nagaland,03-01-2018 00:00,14872.80926
1438,Mon,1,13,Nagaland,03-01-2018 00:00,14878.91153
1439,Phek,8,13,Nagaland,03-01-2018 00:00,14785.80472
1440,Tamenglong,2,14,Manipur,03-01-2018 00:00,14818.45485
1441,Thoubal,5,14,Manipur,03-01-2018 00:00,15035.3876
1442,Ukhrul,8,14,Manipur,03-01-2018 00:00,14876.23875
1443,Imphal East,7,14,Manipur,03-01-2018 00:00,15047.60528
1444,Imphal West,6,14,Manipur,03-01-2018 00:00,14945.06528
1445,Senapati (Excl. 3 sub-divisions),1,14,Manipur,03-01-2018 00:00,14849.51463
1446,Bishnupur,4,14,Manipur,03-01-2018 00:00,14962.90452
1447,Chandel,9,14,Manipur,03-01-2018 00:00,14944.77512
1448,Churachandpur,3,14,Manipur,03-01-2018 00:00,14907.7307
1449,Kolasib,2,15,Mizoram,03-01-2018 00:00,14972.4936
1450,Mamit,1,15,Mizoram,03-01-2018 00:00,14991.88521
1451,Lunglei,6,15,Mizoram,03-01-2018 00:00,14982.72467
1452,Lawngtlai,7,15,Mizoram,03-01-2018 00:00,15087.72635
1453,Saiha,8,15,Mizoram,03-01-2018 00:00,14984.16526
1454,Serchhip,5,15,Mizoram,03-01-2018 00:00,14940.03709
1455,Aizawl,3,15,Mizoram,03-01-2018 00:00,14949.00136
1456,Champhai,4,15,Mizoram,03-01-2018 00:00,14933.34404
1457,South Tripura,2,16,Tripura,03-01-2018 00:00,15149.94391
1458,West Tripura,1,16,Tripura,03-01-2018 00:00,15159.04379
1459,North Tripura,4,16,Tripura,03-01-2018 00:00,15104.25598
1460,Dhalai,3,16,Tripura,03-01-2018 00:00,15107.25197
1461,Ri Bhoi,5,17,Meghalaya,03-01-2018 00:00,15017.18642
1462,South Garo Hills,3,17,Meghalaya,03-01-2018 00:00,15057.69522
1463,West Garo Hills,1,17,Meghalaya,03-01-2018 00:00,15098.55728
1464,West Khasi Hills,4,17,Meghalaya,03-01-2018 00:00,14985.4861
1465,Jaintia Hills,7,17,Meghalaya,03-01-2018 00:00,14950.82175
1466,East Garo Hills,2,17,Meghalaya,03-01-2018 00:00,15076.03007
1467,East Khasi Hills,6,17,Meghalaya,03-01-2018 00:00,14929.96394
1468,Sonitpur,11,18,Assam,03-01-2018 00:00,15024.63943
1469,Sibsagar,16,18,Assam,03-01-2018 00:00,15000.68064
1470,Tinsukia,14,18,Assam,03-01-2018 00:00,14965.44899
1471,Jorhat,17,18,Assam,03-01-2018 00:00,15004.09044
1472,Karimganj,22,18,Assam,03-01-2018 00:00,15076.1912
1473,Kokrajhar,1,18,Assam,03-01-2018 00:00,15047.32291
1474,Lakhimpur,12,18,Assam,03-01-2018 00:00,15002.05206
1475,Nagaon,10,18,Assam,03-01-2018 00:00,15069.05805
1476,Marigaon,9,18,Assam,03-01-2018 00:00,15008.8292
1477,Nalbari,7,18,Assam,03-01-2018 00:00,15040.77006
1478,North Cachar Hills,20,18,Assam,03-01-2018 00:00,14943.12244
1479,Barpeta,5,18,Assam,03-01-2018 00:00,15040.92866
1480,Bongaigaon,4,18,Assam,03-01-2018 00:00,15014.62126
1481,Cachar,21,18,Assam,03-01-2018 00:00,15017.96579
1482,Darrang,8,18,Assam,03-01-2018 00:00,15018.72005
1483,Dhemaji,13,18,Assam,03-01-2018 00:00,14998.46758
1484,Dhubri,2,18,Assam,03-01-2018 00:00,15058.72406
1485,Dibrugarh,15,18,Assam,03-01-2018 00:00,14967.37868
1486,Kamrup,6,18,Assam,03-01-2018 00:00,15046.28792
1487,Karbi Anglong,19,18,Assam,03-01-2018 00:00,14969.27509
1488,Goalpara,3,18,Assam,03-01-2018 00:00,15087.39182
1489,Golaghat,18,18,Assam,03-01-2018 00:00,15034.74227
1490,Hailakandi,23,18,Assam,03-01-2018 00:00,15059.25671
1491,Hugli,12,19,West Bengal,03-01-2018 00:00,15265.85006
1492,South  Twenty Four Parganas,18,19,West Bengal,03-01-2018 00:00,15211.24493
1493,Uttar Dinajpur,4,19,West Bengal,03-01-2018 00:00,15100.25557
1494,Jalpaiguri,2,19,West Bengal,03-01-2018 00:00,15067.7851
1495,Koch Bihar,3,19,West Bengal,03-01-2018 00:00,15041.98451
1496,Murshidabad,7,19,West Bengal,03-01-2018 00:00,15271.31893
1497,Puruliya,14,19,West Bengal,03-01-2018 00:00,15512.78799
1498,Kolkata,17,19,West Bengal,03-01-2018 00:00,15405.22436
1499,Maldah,6,19,West Bengal,03-01-2018 00:00,15175.28277
1500,Nadia,10,19,West Bengal,03-01-2018 00:00,15274.6988
1501,North Twenty Four Parganas,11,19,West Bengal,03-01-2018 00:00,15168.58065
1502,Medinipur,15,19,West Bengal,03-01-2018 00:00,15272.69384
1503,Barddhaman,9,19,West Bengal,03-01-2018 00:00,15288.81416
1504,Birbhum,8,19,West Bengal,03-01-2018 00:00,15314.88116
1505,Bankura,13,19,West Bengal,03-01-2018 00:00,15395.95443
1506,Dakshin Dinajpur,5,19,West Bengal,03-01-2018 00:00,15163.93498
1507,Darjiling,1,19,West Bengal,03-01-2018 00:00,14870.94663
1508,Haora,16,19,West Bengal,03-01-2018 00:00,15230.97786
1509,Ranchi,14,20,Jharkhand,03-01-2018 00:00,15487.83669
1510,Sahibganj,9,20,Jharkhand,03-01-2018 00:00,15361.92858
1511,Garhwa,1,20,Jharkhand,03-01-2018 00:00,15538.97432
1512,Palamu,2,20,Jharkhand,03-01-2018 00:00,15496.4684
1513,Chatra,3,20,Jharkhand,03-01-2018 00:00,15511.34574
1514,Hazaribagh,4,20,Jharkhand,03-01-2018 00:00,15495.69151
1515,Kodarma,5,20,Jharkhand,03-01-2018 00:00,15515.54194
1516,Purbi Singhbhum,18,20,Jharkhand,03-01-2018 00:00,15493.76573
1517,Lohardaga,15,20,Jharkhand,03-01-2018 00:00,15435.48068
1518,Pakaur,10,20,Jharkhand,03-01-2018 00:00,15478.07445
1519,Pashchimi Singhbhum,17,20,Jharkhand,03-01-2018 00:00,15472.26373
1520,Bokaro,13,20,Jharkhand,03-01-2018 00:00,15534.98827
1521,Deoghar,7,20,Jharkhand,03-01-2018 00:00,15531.38975
1522,Dhanbad,12,20,Jharkhand,03-01-2018 00:00,15504.17576
1523,Dumka,11,20,Jharkhand,03-01-2018 00:00,15504.17927
1524,Giridih,6,20,Jharkhand,03-01-2018 00:00,15553.90981
1525,Godda,8,20,Jharkhand,03-01-2018 00:00,15418.3437
1526,Gumla,16,20,Jharkhand,03-01-2018 00:00,15513.40662
1527,Rayagada,27,21,Orissa,03-01-2018 00:00,15408.47415
1528,Sundargarh,5,21,Orissa,03-01-2018 00:00,15507.33787
1529,Sonapur,23,21,Orissa,03-01-2018 00:00,15392.27112
1530,Jajapur,13,21,Orissa,03-01-2018 00:00,15464.20423
1531,Jagatsinghapur,11,21,Orissa,03-01-2018 00:00,15362.11636
1532,Jharsuguda,2,21,Orissa,03-01-2018 00:00,15469.85664
1533,Khordha,17,21,Orissa,03-01-2018 00:00,15400.70599
1534,Mayurbhanj,7,21,Orissa,03-01-2018 00:00,15430.11262
1535,Puri,18,21,Orissa,03-01-2018 00:00,15291.54054
1536,Koraput,29,21,Orissa,03-01-2018 00:00,15442.40743
1537,Malkangiri,30,21,Orissa,03-01-2018 00:00,15469.99129
1538,Nabarangapur,28,21,Orissa,03-01-2018 00:00,15523.72323
1539,Nayagarh,16,21,Orissa,03-01-2018 00:00,15384.49965
1540,Nuapada,25,21,Orissa,03-01-2018 00:00,15540.12194
1541,Kandhamal,21,21,Orissa,03-01-2018 00:00,15370.81397
1542,Sambalpur,3,21,Orissa,03-01-2018 00:00,15440.47275
1543,Anugul,15,21,Orissa,03-01-2018 00:00,15436.75149
1544,Bhadrak,9,21,Orissa,03-01-2018 00:00,15432.70717
1545,Baudh,22,21,Orissa,03-01-2018 00:00,15458.84728
1546,Balangir,24,21,Orissa,03-01-2018 00:00,15545.13013
1547,Baleshwar,8,21,Orissa,03-01-2018 00:00,15371.4838
1548,Bargarh,1,21,Orissa,03-01-2018 00:00,15455.35262
1549,Kendrapara,10,21,Orissa,03-01-2018 00:00,15354.22754
1550,Kendujhar,6,21,Orissa,03-01-2018 00:00,15482.17306
1551,Debagarh,4,21,Orissa,03-01-2018 00:00,15442.26673
1552,Cuttack,12,21,Orissa,03-01-2018 00:00,15417.12376
1553,Dhenkanal,14,21,Orissa,03-01-2018 00:00,15439.35251
1554,Kalahandi,26,21,Orissa,03-01-2018 00:00,15449.88568
1555,Ganjam,19,21,Orissa,03-01-2018 00:00,15418.78049
1556,Gajapati,20,21,Orissa,03-01-2018 00:00,15348.76405
1557,Surguja,2,22,Chhattisgarh,03-01-2018 00:00,15487.15959
1558,Bilaspur,7,22,Chhattisgarh,03-01-2018 00:00,15552.94492
1559,Janjgir - Champa,6,22,Chhattisgarh,03-01-2018 00:00,15617.31642
1560,Korba,5,22,Chhattisgarh,03-01-2018 00:00,15485.10953
1561,Kawardha,8,22,Chhattisgarh,03-01-2018 00:00,15597.93919
1562,Jashpur,3,22,Chhattisgarh,03-01-2018 00:00,15493.97881
1563,Koriya,1,22,Chhattisgarh,03-01-2018 00:00,15514.65501
1564,Mahasamund,12,22,Chhattisgarh,03-01-2018 00:00,15541.75989
1565,Raigarh,4,22,Chhattisgarh,03-01-2018 00:00,15528.67774
1566,Raipur,11,22,Chhattisgarh,03-01-2018 00:00,15551.88318
1567,Rajnandgaon,9,22,Chhattisgarh,03-01-2018 00:00,15564.45664
1568,Bastar,15,22,Chhattisgarh,03-01-2018 00:00,15443.34775
1569,Dantewada,16,22,Chhattisgarh,03-01-2018 00:00,15458.95678
1570,Dhamtari,13,22,Chhattisgarh,03-01-2018 00:00,15479.22637
1571,Durg,10,22,Chhattisgarh,03-01-2018 00:00,15578.66257
1572,Kanker,14,22,Chhattisgarh,03-01-2018 00:00,15482.3523
1573,Hoshangabad,37,23,Madhya Pradesh,03-01-2018 00:00,15474.29543
1574,Indore,26,23,Madhya Pradesh,03-01-2018 00:00,15676.15868
1575,Shajapur,22,23,Madhya Pradesh,03-01-2018 00:00,15752.22135
1576,Shivpuri,6,23,Madhya Pradesh,03-01-2018 00:00,15679.97555
1577,Ratlam,20,23,Madhya Pradesh,03-01-2018 00:00,15710.14748
1578,Rewa,14,23,Madhya Pradesh,03-01-2018 00:00,15505.60954
1579,Sagar,11,23,Madhya Pradesh,03-01-2018 00:00,15699.05567
1580,Sidhi,17,23,Madhya Pradesh,03-01-2018 00:00,15513.94706
1581,Ujjain,21,23,Madhya Pradesh,03-01-2018 00:00,15662.73445
1582,Vidisha,31,23,Madhya Pradesh,03-01-2018 00:00,15669.73822
1583,West Nimar,27,23,Madhya Pradesh,03-01-2018 00:00,15776.03274
1584,Morena,2,23,Madhya Pradesh,03-01-2018 00:00,15469.335
1585,Sheopur,1,23,Madhya Pradesh,03-01-2018 00:00,15656.50361
1586,Dindori,41,23,Madhya Pradesh,03-01-2018 00:00,15617.26144
1587,Mandla,42,23,Madhya Pradesh,03-01-2018 00:00,15586.47802
1588,Shahdol,16,23,Madhya Pradesh,03-01-2018 00:00,15591.83847
1589,Umaria,15,23,Madhya Pradesh,03-01-2018 00:00,15566.81132
1590,Jabalpur,39,23,Madhya Pradesh,03-01-2018 00:00,15513.12846
1591,Jhabua,24,23,Madhya Pradesh,03-01-2018 00:00,15752.72858
1592,Mandsaur,19,23,Madhya Pradesh,03-01-2018 00:00,15720.03681
1593,Tikamgarh,8,23,Madhya Pradesh,03-01-2018 00:00,15711.62308
1594,Narsimhapur,40,23,Madhya Pradesh,03-01-2018 00:00,15562.66478
1595,Neemuch,18,23,Madhya Pradesh,03-01-2018 00:00,15702.62158
1596,Panna,10,23,Madhya Pradesh,03-01-2018 00:00,15656.36141
1597,Raisen,34,23,Madhya Pradesh,03-01-2018 00:00,15621.9101
1598,Rajgarh,30,23,Madhya Pradesh,03-01-2018 00:00,15779.76843
1599,Satna,13,23,Madhya Pradesh,03-01-2018 00:00,15531.13716
1600,Sehore,33,23,Madhya Pradesh,03-01-2018 00:00,15718.78009
1601,Seoni,44,23,Madhya Pradesh,03-01-2018 00:00,15586.35744
1602,Bhind,3,23,Madhya Pradesh,03-01-2018 00:00,15481.82075
1603,Bhopal,32,23,Madhya Pradesh,03-01-2018 00:00,15608.37919
1604,Barwani,28,23,Madhya Pradesh,03-01-2018 00:00,15774.17018
1605,Betul,35,23,Madhya Pradesh,03-01-2018 00:00,15684.5091
1606,Balaghat,45,23,Madhya Pradesh,03-01-2018 00:00,15467.82664
1607,Chhatarpur,9,23,Madhya Pradesh,03-01-2018 00:00,15679.6603
1608,Chhindwara,43,23,Madhya Pradesh,03-01-2018 00:00,15622.7277
1609,Dewas,23,23,Madhya Pradesh,03-01-2018 00:00,15762.90568
1610,Katni,38,23,Madhya Pradesh,03-01-2018 00:00,15522.68582
1611,Datia,5,23,Madhya Pradesh,03-01-2018 00:00,15395.00089
1612,Damoh,12,23,Madhya Pradesh,03-01-2018 00:00,15700.80683
1613,Dhar,25,23,Madhya Pradesh,03-01-2018 00:00,15758.37761
1614,East Nimar,29,23,Madhya Pradesh,03-01-2018 00:00,15732.3953
1615,Guna,7,23,Madhya Pradesh,03-01-2018 00:00,15708.46292
1616,Gwalior,4,23,Madhya Pradesh,03-01-2018 00:00,15558.92497
1617,Harda,36,23,Madhya Pradesh,03-01-2018 00:00,15654.91849
1618,Sabar Kantha,5,24,Gujarat,03-01-2018 00:00,15578.63108
1619,Surendranagar,8,24,Gujarat,03-01-2018 00:00,15729.25126
1620,The Dangs,23,24,Gujarat,03-01-2018 00:00,15631.5904
1621,Vadodara,19,24,Gujarat,03-01-2018 00:00,15548.19978
1622,Valsad,25,24,Gujarat,03-01-2018 00:00,15517.063
1623,Bharuch,21,24,Gujarat,03-01-2018 00:00,15588.97475
1624,Surat,22,24,Gujarat,03-01-2018 00:00,15538.29519
1625,Jamnagar,10,24,Gujarat,03-01-2018 00:00,15806.71122
1626,Kheda,16,24,Gujarat,03-01-2018 00:00,15529.79887
1627,Mahesana,4,24,Gujarat,03-01-2018 00:00,15560.32591
1628,Narmada,20,24,Gujarat,03-01-2018 00:00,15652.28314
1629,Navsari,24,24,Gujarat,03-01-2018 00:00,15453.92097
1630,Panch Mahals,17,24,Gujarat,03-01-2018 00:00,15576.27716
1631,Patan,3,24,Gujarat,03-01-2018 00:00,15694.13188
1632,Porbandar,11,24,Gujarat,03-01-2018 00:00,15767.77957
1633,Rajkot,9,24,Gujarat,03-01-2018 00:00,15840.70067
1634,Anand,15,24,Gujarat,03-01-2018 00:00,15459.85645
1635,Ahmadabad,7,24,Gujarat,03-01-2018 00:00,15653.43537
1636,Amreli,13,24,Gujarat,03-01-2018 00:00,15891.82239
1637,Bhavnagar,14,24,Gujarat,03-01-2018 00:00,15821.74281
1638,Banas Kantha,2,24,Gujarat,03-01-2018 00:00,15616.23611
1639,Dohad,18,24,Gujarat,03-01-2018 00:00,15673.42795
1640,Junagadh,12,24,Gujarat,03-01-2018 00:00,15790.20482
1641,Kachchh,1,24,Gujarat,03-01-2018 00:00,15736.05159
1642,Gandhinagar,6,24,Gujarat,03-01-2018 00:00,15527.53518
1643,Daman,2,25,Daman & Diu,03-01-2018 00:00,15364.20355
1644,Diu,1,25,Daman & Diu,03-01-2018 00:00,15367.11891
1645,Hingoli,16,27,Maharashtra,03-01-2018 00:00,15822.96336
1646,Ratnagiri,32,27,Maharashtra,03-01-2018 00:00,15491.72265
1647,Raigarh,24,27,Maharashtra,03-01-2018 00:00,15550.79481
1648,Thane,21,27,Maharashtra,03-01-2018 00:00,15604.83375
1649,Solapur,30,27,Maharashtra,03-01-2018 00:00,15765.78383
1650,Sindhudurg,33,27,Maharashtra,03-01-2018 00:00,15436.05976
1651,Wardha,8,27,Maharashtra,03-01-2018 00:00,15771.88863
1652,Washim,6,27,Maharashtra,03-01-2018 00:00,15903.8132
1653,Yavatmal,14,27,Maharashtra,03-01-2018 00:00,15829.24167
1654,Jalgaon,3,27,Maharashtra,03-01-2018 00:00,15766.73823
1655,Jalna,18,27,Maharashtra,03-01-2018 00:00,15777.58119
1656,Kolhapur,34,27,Maharashtra,03-01-2018 00:00,15546.72151
1657,Latur,28,27,Maharashtra,03-01-2018 00:00,15818.59845
1658,Pune,25,27,Maharashtra,03-01-2018 00:00,15597.87241
1659,Nagpur,9,27,Maharashtra,03-01-2018 00:00,15628.17291
1660,Mumbai,23,27,Maharashtra,03-01-2018 00:00,15354.83465
1661,Mumbai (Suburban),22,27,Maharashtra,03-01-2018 00:00,15388.96155
1662,Nanded,15,27,Maharashtra,03-01-2018 00:00,15828.96991
1663,Nandurbar,1,27,Maharashtra,03-01-2018 00:00,15724.63712
1664,Nashik,20,27,Maharashtra,03-01-2018 00:00,15658.83407
1665,Osmanabad,29,27,Maharashtra,03-01-2018 00:00,15793.2278
1666,Parbhani,17,27,Maharashtra,03-01-2018 00:00,15795.60458
1667,Sangli,35,27,Maharashtra,03-01-2018 00:00,15753.57366
1668,Satara,31,27,Maharashtra,03-01-2018 00:00,15655.35105
1669,Aurangabad,19,27,Maharashtra,03-01-2018 00:00,15743.89333
1670,Ahmadnagar,26,27,Maharashtra,03-01-2018 00:00,15668.47345
1671,Akola,5,27,Maharashtra,03-01-2018 00:00,15912.4827
1672,Amravati,7,27,Maharashtra,03-01-2018 00:00,15770.47928
1673,Bid,27,27,Maharashtra,03-01-2018 00:00,15763.90106
1674,Bhandara,10,27,Maharashtra,03-01-2018 00:00,15521.98829
1675,Buldana,4,27,Maharashtra,03-01-2018 00:00,15851.74064
1676,Chandrapur,13,27,Maharashtra,03-01-2018 00:00,15628.61045
1677,Dhule,2,27,Maharashtra,03-01-2018 00:00,15781.63477
1678,Gadchiroli,12,27,Maharashtra,03-01-2018 00:00,15484.4223
1679,Gondiya,11,27,Maharashtra,03-01-2018 00:00,15523.25475
1680,Hyderabad,5,28,Andhra Pradesh,03-01-2018 00:00,15551.44634
1681,Rangareddi,6,28,Andhra Pradesh,03-01-2018 00:00,15694.26524
1682,Srikakulam,11,28,Andhra Pradesh,03-01-2018 00:00,15428.93128
1683,West Godavari,15,28,Andhra Pradesh,03-01-2018 00:00,15230.9193
1684,Visakhapatnam,13,28,Andhra Pradesh,03-01-2018 00:00,15402.30496
1685,Vizianagaram,12,28,Andhra Pradesh,03-01-2018 00:00,15434.00858
1686,Warangal,9,28,Andhra Pradesh,03-01-2018 00:00,15525.55781
1687,Khammam,10,28,Andhra Pradesh,03-01-2018 00:00,15463.62825
1688,Medak,4,28,Andhra Pradesh,03-01-2018 00:00,15660.61582
1689,Krishna,16,28,Andhra Pradesh,03-01-2018 00:00,15401.8196
1690,Kurnool,21,28,Andhra Pradesh,03-01-2018 00:00,15705.69056
1691,Mahbubnagar,7,28,Andhra Pradesh,03-01-2018 00:00,15663.4265
1692,Nalgonda,8,28,Andhra Pradesh,03-01-2018 00:00,15515.98688
1693,Nellore,19,28,Andhra Pradesh,03-01-2018 00:00,15473.12816
1694,Nizamabad,2,28,Andhra Pradesh,03-01-2018 00:00,15550.61629
1695,Prakasam,18,28,Andhra Pradesh,03-01-2018 00:00,15644.02199
1696,Anantapur,22,28,Andhra Pradesh,03-01-2018 00:00,15721.56657
1697,Adilabad,1,28,Andhra Pradesh,03-01-2018 00:00,15647.85313
1698,Chittoor,23,28,Andhra Pradesh,03-01-2018 00:00,15484.37503
1699,Cuddapah,20,28,Andhra Pradesh,03-01-2018 00:00,15601.56906
1700,East Godavari,14,28,Andhra Pradesh,03-01-2018 00:00,15266.87891
1701,Karimnagar,3,28,Andhra Pradesh,03-01-2018 00:00,15517.27438
1702,Guntur,17,28,Andhra Pradesh,03-01-2018 00:00,15520.88353
1703,Hassan,23,29,Karnataka,03-01-2018 00:00,15487.96531
1704,Haveri,11,29,Karnataka,03-01-2018 00:00,15688.48783
1705,Shimoga,15,29,Karnataka,03-01-2018 00:00,15363.09515
1706,Tumkur,18,29,Karnataka,03-01-2018 00:00,15590.01647
1707,Udupi,16,29,Karnataka,03-01-2018 00:00,15309.50113
1708,Uttara Kannada,10,29,Karnataka,03-01-2018 00:00,15307.11359
1709,Kodagu,25,29,Karnataka,03-01-2018 00:00,15177.97602
1710,Kolar,19,29,Karnataka,03-01-2018 00:00,15520.34037
1711,Mandya,22,29,Karnataka,03-01-2018 00:00,15469.3187
1712,Koppal,7,29,Karnataka,03-01-2018 00:00,15724.09753
1713,Mysore,26,29,Karnataka,03-01-2018 00:00,15565.52506
1714,Raichur,6,29,Karnataka,03-01-2018 00:00,15668.65733
1715,Bagalkot,2,29,Karnataka,03-01-2018 00:00,15718.75426
1716,Bangalore,20,29,Karnataka,03-01-2018 00:00,15425.78
1717,Bidar,5,29,Karnataka,03-01-2018 00:00,15845.01683
1718,Bijapur,3,29,Karnataka,03-01-2018 00:00,15870.44562
1719,Belgaum,1,29,Karnataka,03-01-2018 00:00,15675.70551
1720,Bellary,12,29,Karnataka,03-01-2018 00:00,15641.8107
1721,Bangalore Rural,21,29,Karnataka,03-01-2018 00:00,15479.72469
1722,Chamarajanagar,27,29,Karnataka,03-01-2018 00:00,15512.43534
1723,Chikmagalur,17,29,Karnataka,03-01-2018 00:00,15369.16049
1724,Chitradurga,13,29,Karnataka,03-01-2018 00:00,15673.5392
1725,Dakshina Kannada,24,29,Karnataka,03-01-2018 00:00,15282.91283
1726,Davanagere,14,29,Karnataka,03-01-2018 00:00,15569.86672
1727,Dharwad,9,29,Karnataka,03-01-2018 00:00,15789.40517
1728,Gulbarga,4,29,Karnataka,03-01-2018 00:00,15816.32388
1729,Gadag,8,29,Karnataka,03-01-2018 00:00,15845.88916
1730,South Goa,2,30,Goa,03-01-2018 00:00,15330.96348
1731,North Goa,1,30,Goa,03-01-2018 00:00,15373.06789
1732,Idukki,9,32,Kerala,03-01-2018 00:00,15102.87389
1733,Thrissur,7,32,Kerala,03-01-2018 00:00,15328.66642
1734,Thiruvananthapuram,14,32,Kerala,03-01-2018 00:00,15249.01663
1735,Wayanad,3,32,Kerala,03-01-2018 00:00,15190.36552
1736,Kollam,13,32,Kerala,03-01-2018 00:00,15239.53368
1737,Kottayam,10,32,Kerala,03-01-2018 00:00,15286.38719
1738,Kozhikode,4,32,Kerala,03-01-2018 00:00,15239.54533
1739,Malappuram,5,32,Kerala,03-01-2018 00:00,15289.15005
1740,Palakkad,6,32,Kerala,03-01-2018 00:00,15314.23387
1741,Pathanamthitta,12,32,Kerala,03-01-2018 00:00,15178.69326
1742,Alappuzha,11,32,Kerala,03-01-2018 00:00,15266.71254
1743,Kasaragod,1,32,Kerala,03-01-2018 00:00,15319.47698
1744,Kannur,2,32,Kerala,03-01-2018 00:00,15300.91169
1745,Ernakulam,8,32,Kerala,03-01-2018 00:00,15294.97863
1746,Sivaganga,23,33,Tamil Nadu,03-01-2018 00:00,15714.64175
1747,Tiruchirappalli,15,33,Tamil Nadu,03-01-2018 00:00,15615.73676
1748,Tirunelveli,29,33,Tamil Nadu,03-01-2018 00:00,15443.29425
1749,Tiruvannamalai,6,33,Tamil Nadu,03-01-2018 00:00,15402.69883
1750,Thoothukkudi,28,33,Tamil Nadu,03-01-2018 00:00,15647.8354
1751,Theni,25,33,Tamil Nadu,03-01-2018 00:00,15428.99174
1752,Vellore,4,33,Tamil Nadu,03-01-2018 00:00,15428.85447
1753,Viluppuram,7,33,Tamil Nadu,03-01-2018 00:00,15492.95151
1754,Virudhunagar,26,33,Tamil Nadu,03-01-2018 00:00,15700.69842
1755,Chennai,2,33,Tamil Nadu,03-01-2018 00:00,15485.27279
1756,Kancheepuram,3,33,Tamil Nadu,03-01-2018 00:00,15452.38105
1757,Thiruvallur,1,33,Tamil Nadu,03-01-2018 00:00,15452.85793
1758,Thanjavur,21,33,Tamil Nadu,03-01-2018 00:00,15495.20745
1759,Thiruvarur,20,33,Tamil Nadu,03-01-2018 00:00,15482.16085
1760,Nagapattinam,19,33,Tamil Nadu,03-01-2018 00:00,15437.35442
1761,Kanniyakumari,30,33,Tamil Nadu,03-01-2018 00:00,15258.10352
1762,Karur,14,33,Tamil Nadu,03-01-2018 00:00,15661.33065
1763,Madurai,24,33,Tamil Nadu,03-01-2018 00:00,15658.27853
1764,Namakkal,9,33,Tamil Nadu,03-01-2018 00:00,15580.65106
1765,The Nilgiris,11,33,Tamil Nadu,03-01-2018 00:00,15131.05553
1766,Perambalur,16,33,Tamil Nadu,03-01-2018 00:00,15606.42189
1767,Pudukkottai,22,33,Tamil Nadu,03-01-2018 00:00,15671.06249
1768,Ramanathapuram,27,33,Tamil Nadu,03-01-2018 00:00,15745.62936
1769,Salem,8,33,Tamil Nadu,03-01-2018 00:00,15510.14263
1770,Ariyalur,17,33,Tamil Nadu,03-01-2018 00:00,15538.96983
1771,Coimbatore,12,33,Tamil Nadu,03-01-2018 00:00,15535.01121
1772,Cuddalore,18,33,Tamil Nadu,03-01-2018 00:00,15484.99271
1773,Dharmapuri,5,33,Tamil Nadu,03-01-2018 00:00,15512.96855
1774,Dindigul,13,33,Tamil Nadu,03-01-2018 00:00,15498.41754
1775,Erode,10,33,Tamil Nadu,03-01-2018 00:00,15556.34871
1776,Yanam,1,34,Puducherry,03-01-2018 00:00,15245.97751
1777,Karaikal,4,34,Puducherry,03-01-2018 00:00,15427.30945
1778,Mahe,3,34,Puducherry,03-01-2018 00:00,15292.28698
1779,Pondicherry,2,34,Puducherry,03-01-2018 00:00,15385.56771
1780,Nicobars,2,35,Andaman & Nicobar Island,03-01-2018 00:00,15015.21294
1781,Andamans,1,35,Andaman & Nicobar Island,03-01-2018 00:00,15121.02425
1782,Lakshadweep,1,31,Lakshadweep,04-01-2018 00:00,15124.18411
1783,Chandigarh,1,4,Chandigarh,04-01-2018 00:00,15437.82333
1784,Dadra & Nagar Haveli,1,26,Dadara & Nagar Havelli,04-01-2018 00:00,15787.74382
1785,Data Not Available,99,99,Jammu and Kashmir,04-01-2018 00:00,14098.13028
1786,Srinagar,3,1,Jammu and Kashmir,04-01-2018 00:00,14309.87633
1787,Udhampur,10,1,Jammu and Kashmir,04-01-2018 00:00,14917.7978
1788,Jammu,13,1,Jammu and Kashmir,04-01-2018 00:00,15333.93785
1789,Kargil,8,1,Jammu and Kashmir,04-01-2018 00:00,14109.62081
1790,Kathua,14,1,Jammu and Kashmir,04-01-2018 00:00,15164.87136
1791,Leh (Ladakh),7,1,Jammu and Kashmir,04-01-2018 00:00,14389.47801
1792,Kupwara,1,1,Jammu and Kashmir,04-01-2018 00:00,14568.9512
1793,Punch,11,1,Jammu and Kashmir,04-01-2018 00:00,14862.93198
1794,Pulwama,5,1,Jammu and Kashmir,04-01-2018 00:00,14755.46408
1795,Rajauri,12,1,Jammu and Kashmir,04-01-2018 00:00,15071.0323
1796,Anantnag,6,1,Jammu and Kashmir,04-01-2018 00:00,14334.63532
1797,Badgam,4,1,Jammu and Kashmir,04-01-2018 00:00,14595.56818
1798,Baramula,2,1,Jammu and Kashmir,04-01-2018 00:00,14398.84236
1799,Doda,9,1,Jammu and Kashmir,04-01-2018 00:00,14209.62844
1800,Shimla,11,2,Himachal Pradesh,04-01-2018 00:00,14757.81801
1801,Sirmaur,10,2,Himachal Pradesh,04-01-2018 00:00,15149.84416
1802,Solan,9,2,Himachal Pradesh,04-01-2018 00:00,15246.97942
1803,Una,7,2,Himachal Pradesh,04-01-2018 00:00,15325.73729
1804,Kangra,2,2,Himachal Pradesh,04-01-2018 00:00,14959.15374
1805,Kinnaur,12,2,Himachal Pradesh,04-01-2018 00:00,14113.66137
1806,Lahul & Spiti,3,2,Himachal Pradesh,04-01-2018 00:00,13927.87532
1807,Kullu,4,2,Himachal Pradesh,04-01-2018 00:00,14299.16102
1808,Mandi,5,2,Himachal Pradesh,04-01-2018 00:00,14989.39229
1809,Bilaspur,8,2,Himachal Pradesh,04-01-2018 00:00,15239.45469
1810,Chamba,1,2,Himachal Pradesh,04-01-2018 00:00,14446.267
1811,Hamirpur,6,2,Himachal Pradesh,04-01-2018 00:00,15206.11949
1812,Hoshiarpur,5,3,Punjab,04-01-2018 00:00,15357.26229
1813,Rupnagar,7,3,Punjab,04-01-2018 00:00,15412.47929
1814,Jalandhar,4,3,Punjab,04-01-2018 00:00,15369.82777
1815,Kapurthala,3,3,Punjab,04-01-2018 00:00,15364.34216
1816,Ludhiana,9,3,Punjab,04-01-2018 00:00,15418.05828
1817,Mansa,15,3,Punjab,04-01-2018 00:00,15515.20058
1818,Moga,10,3,Punjab,04-01-2018 00:00,15451.38711
1819,Muktsar,12,3,Punjab,04-01-2018 00:00,15462.25205
1820,Nawanshahr,6,3,Punjab,04-01-2018 00:00,15399.61396
1821,Patiala,17,3,Punjab,04-01-2018 00:00,15456.20258
1822,Sangrur,16,3,Punjab,04-01-2018 00:00,15488.42318
1823,Amritsar,2,3,Punjab,04-01-2018 00:00,15319.39244
1824,Firozpur,11,3,Punjab,04-01-2018 00:00,15443.61792
1825,Bathinda,14,3,Punjab,04-01-2018 00:00,15467.73636
1826,Gurdaspur,1,3,Punjab,04-01-2018 00:00,15349.58863
1827,Faridkot,13,3,Punjab,04-01-2018 00:00,15487.17433
1828,Fatehgarh Sahib,8,3,Punjab,04-01-2018 00:00,15422.37272
1829,Hardwar,13,5,Uttarakhand,04-01-2018 00:00,15323.38289
1830,Rudraprayag,3,5,Uttarakhand,04-01-2018 00:00,14631.50256
1831,Tehri Garhwal,4,5,Uttarakhand,04-01-2018 00:00,14899.84045
1832,Udham Singh Nagar,12,5,Uttarakhand,04-01-2018 00:00,15299.20415
1833,Uttarkashi,1,5,Uttarakhand,04-01-2018 00:00,14314.67767
1834,Nainital,11,5,Uttarakhand,04-01-2018 00:00,15174.45161
1835,Pithoragarh,7,5,Uttarakhand,04-01-2018 00:00,14407.54132
1836,Bageshwar,8,5,Uttarakhand,04-01-2018 00:00,14754.181
1837,Almora,9,5,Uttarakhand,04-01-2018 00:00,15099.81846
1838,Chamoli,2,5,Uttarakhand,04-01-2018 00:00,14273.21692
1839,Champawat,10,5,Uttarakhand,04-01-2018 00:00,15055.71744
1840,Dehradun,5,5,Uttarakhand,04-01-2018 00:00,15152.38973
1841,Garhwal,6,5,Uttarakhand,04-01-2018 00:00,15141.00903
1842,Hisar,12,6,Haryana,04-01-2018 00:00,15588.23992
1843,Rohtak,14,6,Haryana,04-01-2018 00:00,15527.18231
1844,Sirsa,11,6,Haryana,04-01-2018 00:00,15570.28723
1845,Sonipat,8,6,Haryana,04-01-2018 00:00,15488.06605
1846,Yamunanagar,3,6,Haryana,04-01-2018 00:00,15367.69149
1847,Jhajjar,15,6,Haryana,04-01-2018 00:00,15610.23702
1848,Mahendragarh,16,6,Haryana,04-01-2018 00:00,15730.96749
1849,Rewari,17,6,Haryana,04-01-2018 00:00,15690.63214
1850,Bhiwani,13,6,Haryana,04-01-2018 00:00,15698.38416
1851,Jind,9,6,Haryana,04-01-2018 00:00,15475.95007
1852,Kaithal,5,6,Haryana,04-01-2018 00:00,15442.30054
1853,Karnal,6,6,Haryana,04-01-2018 00:00,15398.90628
1854,Kurukshetra,4,6,Haryana,04-01-2018 00:00,15368.6129
1855,Panchkula,1,6,Haryana,04-01-2018 00:00,15408.68945
1856,Panipat,7,6,Haryana,04-01-2018 00:00,15458.9333
1857,Ambala,2,6,Haryana,04-01-2018 00:00,15429.05863
1858,Gurgaon,18,6,Haryana,04-01-2018 00:00,15606.14529
1859,Faridabad,19,6,Haryana,04-01-2018 00:00,15538.69992
1860,Fatehabad,10,6,Haryana,04-01-2018 00:00,15557.16485
1861,Central,6,7,Delhi  & NCR,04-01-2018 00:00,15451.78039
1862,East,4,7,Delhi  & NCR,04-01-2018 00:00,15438.51242
1863,New Delhi,5,7,Delhi  & NCR,04-01-2018 00:00,15396.25045
1864,North,2,7,Delhi  & NCR,04-01-2018 00:00,15453.0672
1865,North East,3,7,Delhi  & NCR,04-01-2018 00:00,15484.6092
1866,North West,1,7,Delhi  & NCR,04-01-2018 00:00,15522.22761
1867,South,9,7,Delhi  & NCR,04-01-2018 00:00,15454.17945
1868,South West,8,7,Delhi  & NCR,04-01-2018 00:00,15548.44043
1869,West,7,7,Delhi  & NCR,04-01-2018 00:00,15477.5776
1870,Sirohi,19,8,Rajasthan,04-01-2018 00:00,15835.88182
1871,Tonk,22,8,Rajasthan,04-01-2018 00:00,15944.45756
1872,Sikar,13,8,Rajasthan,04-01-2018 00:00,15827.89368
1873,Alwar,6,8,Rajasthan,04-01-2018 00:00,15683.21019
1874,Udaipur,26,8,Rajasthan,04-01-2018 00:00,15851.85849
1875,Ganganagar,1,8,Rajasthan,04-01-2018 00:00,15743.54679
1876,Hanumangarh,2,8,Rajasthan,04-01-2018 00:00,15794.72142
1877,Baran,31,8,Rajasthan,04-01-2018 00:00,15968.91437
1878,Jaipur,12,8,Rajasthan,04-01-2018 00:00,15840.81474
1879,Jaisalmer,16,8,Rajasthan,04-01-2018 00:00,16111.96665
1880,Jalor,18,8,Rajasthan,04-01-2018 00:00,15925.251
1881,Jhalawar,32,8,Rajasthan,04-01-2018 00:00,15999.40276
1882,Jhunjhunun,5,8,Rajasthan,04-01-2018 00:00,15826.99923
1883,Jodhpur,15,8,Rajasthan,04-01-2018 00:00,16047.89697
1884,Kota,30,8,Rajasthan,04-01-2018 00:00,15914.53191
1885,Nagaur,14,8,Rajasthan,04-01-2018 00:00,15951.62442
1886,Pali,20,8,Rajasthan,04-01-2018 00:00,15931.99904
1887,Rajsamand,25,8,Rajasthan,04-01-2018 00:00,15795.9043
1888,Sawai Madhopur,10,8,Rajasthan,04-01-2018 00:00,15887.99587
1889,Ajmer,21,8,Rajasthan,04-01-2018 00:00,15895.10484
1890,Banswara,28,8,Rajasthan,04-01-2018 00:00,15940.1993
1891,Barmer,17,8,Rajasthan,04-01-2018 00:00,16042.02115
1892,Bhilwara,24,8,Rajasthan,04-01-2018 00:00,15915.00258
1893,Bikaner,3,8,Rajasthan,04-01-2018 00:00,16030.29559
1894,Bharatpur,7,8,Rajasthan,04-01-2018 00:00,15682.00035
1895,Bundi,23,8,Rajasthan,04-01-2018 00:00,15887.45288
1896,Chittaurgarh,29,8,Rajasthan,04-01-2018 00:00,15910.67292
1897,Churu,4,8,Rajasthan,04-01-2018 00:00,15957.99529
1898,Dausa,11,8,Rajasthan,04-01-2018 00:00,15838.36661
1899,Dhaulpur,8,8,Rajasthan,04-01-2018 00:00,15786.04086
1900,Dungarpur,27,8,Rajasthan,04-01-2018 00:00,15925.61846
1901,Karauli,9,8,Rajasthan,04-01-2018 00:00,15826.0557
1902,Hathras,13,9,Uttar Pradesh,04-01-2018 00:00,15529.4684
1903,Shrawasti,51,9,Uttar Pradesh,04-01-2018 00:00,15357.46456
1904,Saharanpur,1,9,Uttar Pradesh,04-01-2018 00:00,15289.12772
1905,Sitapur,24,9,Uttar Pradesh,04-01-2018 00:00,15404.15398
1906,Sultanpur,49,9,Uttar Pradesh,04-01-2018 00:00,15548.77019
1907,Sonbhadra,70,9,Uttar Pradesh,04-01-2018 00:00,15727.76582
1908,Siddharthnagar,54,9,Uttar Pradesh,04-01-2018 00:00,15497.96699
1909,Unnao,26,9,Uttar Pradesh,04-01-2018 00:00,15514.32378
1910,Varanasi,67,9,Uttar Pradesh,04-01-2018 00:00,15539.64464
1911,Bulandshahr,11,9,Uttar Pradesh,04-01-2018 00:00,15441.57304
1912,Gautam Buddha Nagar,10,9,Uttar Pradesh,04-01-2018 00:00,15509.93021
1913,Ghaziabad,9,9,Uttar Pradesh,04-01-2018 00:00,15411.74665
1914,Jalaun,35,9,Uttar Pradesh,04-01-2018 00:00,15661.87573
1915,Jaunpur,64,9,Uttar Pradesh,04-01-2018 00:00,15565.39646
1916,Jhansi,36,9,Uttar Pradesh,04-01-2018 00:00,15767.86133
1917,Jyotiba Phule Nagar,6,9,Uttar Pradesh,04-01-2018 00:00,15358.26535
1918,Kannauj,30,9,Uttar Pradesh,04-01-2018 00:00,15486.55059
1919,Kanpur Nagar,34,9,Uttar Pradesh,04-01-2018 00:00,15543.9186
1920,Kaushambi,44,9,Uttar Pradesh,04-01-2018 00:00,15579.26435
1921,Kheri,23,9,Uttar Pradesh,04-01-2018 00:00,15404.61827
1922,Mirzapur,69,9,Uttar Pradesh,04-01-2018 00:00,15682.23112
1923,Moradabad,4,9,Uttar Pradesh,04-01-2018 00:00,15373.26445
1924,Muzaffarnagar,2,9,Uttar Pradesh,04-01-2018 00:00,15313.8219
1925,Rae Bareli,28,9,Uttar Pradesh,04-01-2018 00:00,15545.49525
1926,Kushinagar,59,9,Uttar Pradesh,04-01-2018 00:00,15395.6184
1927,Lucknow,27,9,Uttar Pradesh,04-01-2018 00:00,15458.11693
1928,Lalitpur,37,9,Uttar Pradesh,04-01-2018 00:00,15821.31766
1929,Mahrajganj,57,9,Uttar Pradesh,04-01-2018 00:00,15455.84334
1930,Mahoba,39,9,Uttar Pradesh,04-01-2018 00:00,15762.80975
1931,Mainpuri,18,9,Uttar Pradesh,04-01-2018 00:00,15541.26628
1932,Mathura,14,9,Uttar Pradesh,04-01-2018 00:00,15544.97492
1933,Mau,62,9,Uttar Pradesh,04-01-2018 00:00,15513.73656
1934,Meerut,7,9,Uttar Pradesh,04-01-2018 00:00,15357.3356
1935,Pilibhit,21,9,Uttar Pradesh,04-01-2018 00:00,15381.00836
1936,Pratapgarh,43,9,Uttar Pradesh,04-01-2018 00:00,15544.08547
1937,Rampur,5,9,Uttar Pradesh,04-01-2018 00:00,15311.95886
1938,Sant Ravidas Nagar Bhadohi,68,9,Uttar Pradesh,04-01-2018 00:00,15563.06544
1939,Sant Kabir Nagar,56,9,Uttar Pradesh,04-01-2018 00:00,15480.94717
1940,Shahjahanpur,22,9,Uttar Pradesh,04-01-2018 00:00,15481.081
1941,Auraiya,32,9,Uttar Pradesh,04-01-2018 00:00,15525.31023
1942,Azamgarh,61,9,Uttar Pradesh,04-01-2018 00:00,15517.15847
1943,Budaun,19,9,Uttar Pradesh,04-01-2018 00:00,15485.61755
1944,Agra,15,9,Uttar Pradesh,04-01-2018 00:00,15578.45515
1945,Aligarh,12,9,Uttar Pradesh,04-01-2018 00:00,15502.90519
1946,Allahabad,45,9,Uttar Pradesh,04-01-2018 00:00,15613.15375
1947,Ambedkar Nagar,48,9,Uttar Pradesh,04-01-2018 00:00,15480.96294
1948,Bareilly,20,9,Uttar Pradesh,04-01-2018 00:00,15406.24661
1949,Bijnor,3,9,Uttar Pradesh,04-01-2018 00:00,15345.73067
1950,Basti,55,9,Uttar Pradesh,04-01-2018 00:00,15486.16269
1951,Baghpat,8,9,Uttar Pradesh,04-01-2018 00:00,15381.27662
1952,Bahraich,50,9,Uttar Pradesh,04-01-2018 00:00,15374.06678
1953,Ballia,63,9,Uttar Pradesh,04-01-2018 00:00,15544.90306
1954,Balrampur,52,9,Uttar Pradesh,04-01-2018 00:00,15417.98703
1955,Banda,40,9,Uttar Pradesh,04-01-2018 00:00,15735.03821
1956,Barabanki,46,9,Uttar Pradesh,04-01-2018 00:00,15398.82685
1957,Chitrakoot,41,9,Uttar Pradesh,04-01-2018 00:00,15716.42149
1958,Chandauli,66,9,Uttar Pradesh,04-01-2018 00:00,15619.5298
1959,Deoria,60,9,Uttar Pradesh,04-01-2018 00:00,15520.8769
1960,Etah,17,9,Uttar Pradesh,04-01-2018 00:00,15513.02462
1961,Kanpur Dehat,33,9,Uttar Pradesh,04-01-2018 00:00,15570.19358
1962,Etawah,31,9,Uttar Pradesh,04-01-2018 00:00,15547.2694
1963,Faizabad,47,9,Uttar Pradesh,04-01-2018 00:00,15500.69098
1964,Ghazipur,65,9,Uttar Pradesh,04-01-2018 00:00,15536.76806
1965,Gonda,53,9,Uttar Pradesh,04-01-2018 00:00,15467.69409
1966,Gorakhpur,58,9,Uttar Pradesh,04-01-2018 00:00,15490.76522
1967,Farrukhabad,29,9,Uttar Pradesh,04-01-2018 00:00,15499.15066
1968,Fatehpur,42,9,Uttar Pradesh,04-01-2018 00:00,15615.98853
1969,Firozabad,16,9,Uttar Pradesh,04-01-2018 00:00,15543.92359
1970,Hamirpur,38,9,Uttar Pradesh,04-01-2018 00:00,15738.82099
1971,Hardoi,25,9,Uttar Pradesh,04-01-2018 00:00,15509.8704
1972,Sheikhpura,26,10,Bihar,04-01-2018 00:00,15575.51539
1973,Sheohar,3,10,Bihar,04-01-2018 00:00,15373.65015
1974,Saharsa,12,10,Bihar,04-01-2018 00:00,15275.38956
1975,Sitamarhi,4,10,Bihar,04-01-2018 00:00,15358.92167
1976,Siwan,16,10,Bihar,04-01-2018 00:00,15505.60873
1977,Supaul,6,10,Bihar,04-01-2018 00:00,15263.2814
1978,Vaishali,18,10,Bihar,04-01-2018 00:00,15442.18742
1979,Kaimur (Bhabua),31,10,Bihar,04-01-2018 00:00,15647.00141
1980,Gaya,35,10,Bihar,04-01-2018 00:00,15670.81
1981,Bhojpur,29,10,Bihar,04-01-2018 00:00,15582.95397
1982,Buxar,30,10,Bihar,04-01-2018 00:00,15570.28374
1983,Jehanabad,33,10,Bihar,04-01-2018 00:00,15599.00074
1984,Rohtas,32,10,Bihar,04-01-2018 00:00,15614.71791
1985,Jamui,37,10,Bihar,04-01-2018 00:00,15505.69608
1986,Kishanganj,8,10,Bihar,04-01-2018 00:00,15088.02321
1987,Muzaffarpur,14,10,Bihar,04-01-2018 00:00,15366.34814
1988,Purnia,9,10,Bihar,04-01-2018 00:00,15114.13072
1989,Khagaria,21,10,Bihar,04-01-2018 00:00,15223.49495
1990,Madhubani,5,10,Bihar,04-01-2018 00:00,15383.25445
1991,Lakhisarai,25,10,Bihar,04-01-2018 00:00,15494.36771
1992,Madhepura,11,10,Bihar,04-01-2018 00:00,15232.28422
1993,Purba Champaran,2,10,Bihar,04-01-2018 00:00,15365.67117
1994,Munger,24,10,Bihar,04-01-2018 00:00,15413.52137
1995,Nalanda,27,10,Bihar,04-01-2018 00:00,15551.84837
1996,Nawada,36,10,Bihar,04-01-2018 00:00,15604.37406
1997,Pashchim Champaran,1,10,Bihar,04-01-2018 00:00,15346.977
1998,Patna,28,10,Bihar,04-01-2018 00:00,15516.57799
1999,Samastipur,19,10,Bihar,04-01-2018 00:00,15323.9265
2000,Araria,7,10,Bihar,04-01-2018 00:00,15107.45907
2001,Aurangabad,34,10,Bihar,04-01-2018 00:00,15660.16822
2002,Banka,23,10,Bihar,04-01-2018 00:00,15523.72684
2003,Bhagalpur,22,10,Bihar,04-01-2018 00:00,15334.95723
2004,Begusarai,20,10,Bihar,04-01-2018 00:00,15358.83589
2005,Saran,17,10,Bihar,04-01-2018 00:00,15514.21629
2006,Katihar,10,10,Bihar,04-01-2018 00:00,15174.11135
2007,Darbhanga,13,10,Bihar,04-01-2018 00:00,15405.5138
2008,Gopalganj,15,10,Bihar,04-01-2018 00:00,15390.0116
2009,South,3,11,Sikkim,04-01-2018 00:00,14690.87497
2010,West,2,11,Sikkim,04-01-2018 00:00,14417.56847
2011,North,1,11,Sikkim,04-01-2018 00:00,14050.24848
2012,East,4,11,Sikkim,04-01-2018 00:00,14537.52364
2013,Tawang,1,12,Arunanchal Pradesh,04-01-2018 00:00,14168.32471
2014,Tirap,13,12,Arunanchal Pradesh,04-01-2018 00:00,14885.29746
2015,West Kameng,2,12,Arunanchal Pradesh,04-01-2018 00:00,14579.26825
2016,West Siang,7,12,Arunanchal Pradesh,04-01-2018 00:00,14617.48117
2017,Upper Siang,9,12,Arunanchal Pradesh,04-01-2018 00:00,14446.18652
2018,Upper Subansiri,6,12,Arunanchal Pradesh,04-01-2018 00:00,14446.06851
2019,Lohit,11,12,Arunanchal Pradesh,04-01-2018 00:00,14471.01056
2020,Lower Subansiri,5,12,Arunanchal Pradesh,04-01-2018 00:00,14545.82409
2021,Papum Pare,4,12,Arunanchal Pradesh,04-01-2018 00:00,14773.33186
2022,Changlang,12,12,Arunanchal Pradesh,04-01-2018 00:00,14804.64618
2023,Dibang Valley,10,12,Arunanchal Pradesh,04-01-2018 00:00,14326.34298
2024,East Kameng,3,12,Arunanchal Pradesh,04-01-2018 00:00,14600.94309
2025,East Siang,8,12,Arunanchal Pradesh,04-01-2018 00:00,14890.27708
2026,Tuensang,2,13,Nagaland,04-01-2018 00:00,14829.19191
2027,Wokha,5,13,Nagaland,04-01-2018 00:00,14988.80088
2028,Zunheboto,4,13,Nagaland,04-01-2018 00:00,14832.08624
2029,Dimapur,6,13,Nagaland,04-01-2018 00:00,15155.50801
2030,Kohima,7,13,Nagaland,04-01-2018 00:00,14957.12156
2031,Mokokchung,3,13,Nagaland,04-01-2018 00:00,14965.96552
2032,Mon,1,13,Nagaland,04-01-2018 00:00,14987.06088
2033,Phek,8,13,Nagaland,04-01-2018 00:00,14868.41235
2034,Tamenglong,2,14,Manipur,04-01-2018 00:00,14870.49522
2035,Thoubal,5,14,Manipur,04-01-2018 00:00,15147.07282
2036,Ukhrul,8,14,Manipur,04-01-2018 00:00,14963.31797
2037,Imphal East,7,14,Manipur,04-01-2018 00:00,15147.04862
2038,Imphal West,6,14,Manipur,04-01-2018 00:00,15003.38814
2039,Senapati (Excl. 3 sub-divisions),1,14,Manipur,04-01-2018 00:00,14899.51772
2040,Bishnupur,4,14,Manipur,04-01-2018 00:00,15016.04941
2041,Chandel,9,14,Manipur,04-01-2018 00:00,15016.04343
2042,Churachandpur,3,14,Manipur,04-01-2018 00:00,14930.36126
2043,Kolasib,2,15,Mizoram,04-01-2018 00:00,14990.24323
2044,Mamit,1,15,Mizoram,04-01-2018 00:00,14976.15633
2045,Lunglei,6,15,Mizoram,04-01-2018 00:00,15022.53831
2046,Lawngtlai,7,15,Mizoram,04-01-2018 00:00,15117.36463
2047,Saiha,8,15,Mizoram,04-01-2018 00:00,15037.79295
2048,Serchhip,5,15,Mizoram,04-01-2018 00:00,14962.69087
2049,Aizawl,3,15,Mizoram,04-01-2018 00:00,14951.04192
2050,Champhai,4,15,Mizoram,04-01-2018 00:00,14948.01923
2051,South Tripura,2,16,Tripura,04-01-2018 00:00,15104.52995
2052,West Tripura,1,16,Tripura,04-01-2018 00:00,15089.45658
2053,North Tripura,4,16,Tripura,04-01-2018 00:00,15082.68342
2054,Dhalai,3,16,Tripura,04-01-2018 00:00,15059.50257
2055,Ri Bhoi,5,17,Meghalaya,04-01-2018 00:00,15061.42285
2056,South Garo Hills,3,17,Meghalaya,04-01-2018 00:00,15020.43216
2057,West Garo Hills,1,17,Meghalaya,04-01-2018 00:00,15060.7232
2058,West Khasi Hills,4,17,Meghalaya,04-01-2018 00:00,14954.74943
2059,Jaintia Hills,7,17,Meghalaya,04-01-2018 00:00,14960.21221
2060,East Garo Hills,2,17,Meghalaya,04-01-2018 00:00,15068.10754
2061,East Khasi Hills,6,17,Meghalaya,04-01-2018 00:00,14893.66215
2062,Sonitpur,11,18,Assam,04-01-2018 00:00,15163.68949
2063,Sibsagar,16,18,Assam,04-01-2018 00:00,15095.48679
2064,Tinsukia,14,18,Assam,04-01-2018 00:00,15110.43623
2065,Jorhat,17,18,Assam,04-01-2018 00:00,15144.33057
2066,Karimganj,22,18,Assam,04-01-2018 00:00,15081.60441
2067,Kokrajhar,1,18,Assam,04-01-2018 00:00,15095.59344
2068,Lakhimpur,12,18,Assam,04-01-2018 00:00,15153.71844
2069,Nagaon,10,18,Assam,04-01-2018 00:00,15185.63763
2070,Marigaon,9,18,Assam,04-01-2018 00:00,15085.02521
2071,Nalbari,7,18,Assam,04-01-2018 00:00,15112.99989
2072,North Cachar Hills,20,18,Assam,04-01-2018 00:00,15038.28308
2073,Barpeta,5,18,Assam,04-01-2018 00:00,15068.66604
2074,Bongaigaon,4,18,Assam,04-01-2018 00:00,15056.99868
2075,Cachar,21,18,Assam,04-01-2018 00:00,15059.02927
2076,Darrang,8,18,Assam,04-01-2018 00:00,15134.03398
2077,Dhemaji,13,18,Assam,04-01-2018 00:00,15173.65521
2078,Dhubri,2,18,Assam,04-01-2018 00:00,15076.23769
2079,Dibrugarh,15,18,Assam,04-01-2018 00:00,15117.8559
2080,Kamrup,6,18,Assam,04-01-2018 00:00,15103.84623
2081,Karbi Anglong,19,18,Assam,04-01-2018 00:00,15082.90675
2082,Goalpara,3,18,Assam,04-01-2018 00:00,15118.56718
2083,Golaghat,18,18,Assam,04-01-2018 00:00,15189.00778
2084,Hailakandi,23,18,Assam,04-01-2018 00:00,15079.81031
2085,Hugli,12,19,West Bengal,04-01-2018 00:00,15171.0073
2086,South  Twenty Four Parganas,18,19,West Bengal,04-01-2018 00:00,15206.11985
2087,Uttar Dinajpur,4,19,West Bengal,04-01-2018 00:00,15115.28906
2088,Jalpaiguri,2,19,West Bengal,04-01-2018 00:00,15102.39572
2089,Koch Bihar,3,19,West Bengal,04-01-2018 00:00,15040.86616
2090,Murshidabad,7,19,West Bengal,04-01-2018 00:00,15183.34836
2091,Puruliya,14,19,West Bengal,04-01-2018 00:00,15433.86221
2092,Kolkata,17,19,West Bengal,04-01-2018 00:00,15398.46016
2093,Maldah,6,19,West Bengal,04-01-2018 00:00,15175.60003
2094,Nadia,10,19,West Bengal,04-01-2018 00:00,15197.49738
2095,North Twenty Four Parganas,11,19,West Bengal,04-01-2018 00:00,15158.635
2096,Medinipur,15,19,West Bengal,04-01-2018 00:00,15216.17059
2097,Barddhaman,9,19,West Bengal,04-01-2018 00:00,15212.23878
2098,Birbhum,8,19,West Bengal,04-01-2018 00:00,15253.01711
2099,Bankura,13,19,West Bengal,04-01-2018 00:00,15267.89995
2100,Dakshin Dinajpur,5,19,West Bengal,04-01-2018 00:00,15263.07519
2101,Darjiling,1,19,West Bengal,04-01-2018 00:00,14906.31728
2102,Haora,16,19,West Bengal,04-01-2018 00:00,15206.88174
2103,Ranchi,14,20,Jharkhand,04-01-2018 00:00,15489.77492
2104,Sahibganj,9,20,Jharkhand,04-01-2018 00:00,15341.23462
2105,Garhwa,1,20,Jharkhand,04-01-2018 00:00,15732.86422
2106,Palamu,2,20,Jharkhand,04-01-2018 00:00,15638.08214
2107,Chatra,3,20,Jharkhand,04-01-2018 00:00,15616.10661
2108,Hazaribagh,4,20,Jharkhand,04-01-2018 00:00,15525.2967
2109,Kodarma,5,20,Jharkhand,04-01-2018 00:00,15577.82676
2110,Purbi Singhbhum,18,20,Jharkhand,04-01-2018 00:00,15337.16811
2111,Lohardaga,15,20,Jharkhand,04-01-2018 00:00,15460.14407
2112,Pakaur,10,20,Jharkhand,04-01-2018 00:00,15453.43476
2113,Pashchimi Singhbhum,17,20,Jharkhand,04-01-2018 00:00,15372.91948
2114,Bokaro,13,20,Jharkhand,04-01-2018 00:00,15499.8933
2115,Deoghar,7,20,Jharkhand,04-01-2018 00:00,15463.55939
2116,Dhanbad,12,20,Jharkhand,04-01-2018 00:00,15449.24343
2117,Dumka,11,20,Jharkhand,04-01-2018 00:00,15412.35976
2118,Giridih,6,20,Jharkhand,04-01-2018 00:00,15554.02158
2119,Godda,8,20,Jharkhand,04-01-2018 00:00,15459.33775
2120,Gumla,16,20,Jharkhand,04-01-2018 00:00,15514.75251
2121,Rayagada,27,21,Orissa,04-01-2018 00:00,15358.29863
2122,Sundargarh,5,21,Orissa,04-01-2018 00:00,15523.99858
2123,Sonapur,23,21,Orissa,04-01-2018 00:00,15529.91241
2124,Jajapur,13,21,Orissa,04-01-2018 00:00,15350.98289
2125,Jagatsinghapur,11,21,Orissa,04-01-2018 00:00,15377.5148
2126,Jharsuguda,2,21,Orissa,04-01-2018 00:00,15537.32987
2127,Khordha,17,21,Orissa,04-01-2018 00:00,15398.17384
2128,Mayurbhanj,7,21,Orissa,04-01-2018 00:00,15249.45345
2129,Puri,18,21,Orissa,04-01-2018 00:00,15313.72361
2130,Koraput,29,21,Orissa,04-01-2018 00:00,15340.91096
2131,Malkangiri,30,21,Orissa,04-01-2018 00:00,15481.47451
2132,Nabarangapur,28,21,Orissa,04-01-2018 00:00,15473.84254
2133,Nayagarh,16,21,Orissa,04-01-2018 00:00,15389.27474
2134,Nuapada,25,21,Orissa,04-01-2018 00:00,15653.09678
2135,Kandhamal,21,21,Orissa,04-01-2018 00:00,15383.68438
2136,Sambalpur,3,21,Orissa,04-01-2018 00:00,15493.49536
2137,Anugul,15,21,Orissa,04-01-2018 00:00,15443.02371
2138,Bhadrak,9,21,Orissa,04-01-2018 00:00,15350.46572
2139,Baudh,22,21,Orissa,04-01-2018 00:00,15596.13169
2140,Balangir,24,21,Orissa,04-01-2018 00:00,15696.19749
2141,Baleshwar,8,21,Orissa,04-01-2018 00:00,15201.49464
2142,Bargarh,1,21,Orissa,04-01-2018 00:00,15566.11381
2143,Kendrapara,10,21,Orissa,04-01-2018 00:00,15411.05785
2144,Kendujhar,6,21,Orissa,04-01-2018 00:00,15339.78052
2145,Debagarh,4,21,Orissa,04-01-2018 00:00,15424.87733
2146,Cuttack,12,21,Orissa,04-01-2018 00:00,15389.44235
2147,Dhenkanal,14,21,Orissa,04-01-2018 00:00,15398.63932
2148,Kalahandi,26,21,Orissa,04-01-2018 00:00,15570.50897
2149,Ganjam,19,21,Orissa,04-01-2018 00:00,15404.28361
2150,Gajapati,20,21,Orissa,04-01-2018 00:00,15293.56437
2151,Surguja,2,22,Chhattisgarh,04-01-2018 00:00,15596.77094
2152,Bilaspur,7,22,Chhattisgarh,04-01-2018 00:00,15697.12803
2153,Janjgir - Champa,6,22,Chhattisgarh,04-01-2018 00:00,15748.0386
2154,Korba,5,22,Chhattisgarh,04-01-2018 00:00,15620.2864
2155,Kawardha,8,22,Chhattisgarh,04-01-2018 00:00,15741.41915
2156,Jashpur,3,22,Chhattisgarh,04-01-2018 00:00,15563.88087
2157,Koriya,1,22,Chhattisgarh,04-01-2018 00:00,15671.77501
2158,Mahasamund,12,22,Chhattisgarh,04-01-2018 00:00,15687.96681
2159,Raigarh,4,22,Chhattisgarh,04-01-2018 00:00,15660.23665
2160,Raipur,11,22,Chhattisgarh,04-01-2018 00:00,15709.93451
2161,Rajnandgaon,9,22,Chhattisgarh,04-01-2018 00:00,15779.9546
2162,Bastar,15,22,Chhattisgarh,04-01-2018 00:00,15432.34913
2163,Dantewada,16,22,Chhattisgarh,04-01-2018 00:00,15462.10124
2164,Dhamtari,13,22,Chhattisgarh,04-01-2018 00:00,15621.13708
2165,Durg,10,22,Chhattisgarh,04-01-2018 00:00,15768.30971
2166,Kanker,14,22,Chhattisgarh,04-01-2018 00:00,15635.35465
2167,Hoshangabad,37,23,Madhya Pradesh,04-01-2018 00:00,15852.22158
2168,Indore,26,23,Madhya Pradesh,04-01-2018 00:00,15998.23068
2169,Shajapur,22,23,Madhya Pradesh,04-01-2018 00:00,16049.47613
2170,Shivpuri,6,23,Madhya Pradesh,04-01-2018 00:00,15871.60766
2171,Ratlam,20,23,Madhya Pradesh,04-01-2018 00:00,16037.31687
2172,Rewa,14,23,Madhya Pradesh,04-01-2018 00:00,15726.76838
2173,Sagar,11,23,Madhya Pradesh,04-01-2018 00:00,15925.60719
2174,Sidhi,17,23,Madhya Pradesh,04-01-2018 00:00,15738.75286
2175,Ujjain,21,23,Madhya Pradesh,04-01-2018 00:00,16010.32918
2176,Vidisha,31,23,Madhya Pradesh,04-01-2018 00:00,15949.30139
2177,West Nimar,27,23,Madhya Pradesh,04-01-2018 00:00,16096.65373
2178,Morena,2,23,Madhya Pradesh,04-01-2018 00:00,15708.52468
2179,Sheopur,1,23,Madhya Pradesh,04-01-2018 00:00,15895.97657
2180,Dindori,41,23,Madhya Pradesh,04-01-2018 00:00,15784.96545
2181,Mandla,42,23,Madhya Pradesh,04-01-2018 00:00,15791.4667
2182,Shahdol,16,23,Madhya Pradesh,04-01-2018 00:00,15778.55539
2183,Umaria,15,23,Madhya Pradesh,04-01-2018 00:00,15771.78956
2184,Jabalpur,39,23,Madhya Pradesh,04-01-2018 00:00,15794.65122
2185,Jhabua,24,23,Madhya Pradesh,04-01-2018 00:00,16010.94753
2186,Mandsaur,19,23,Madhya Pradesh,04-01-2018 00:00,16006.49213
2187,Tikamgarh,8,23,Madhya Pradesh,04-01-2018 00:00,15846.519
2188,Narsimhapur,40,23,Madhya Pradesh,04-01-2018 00:00,15799.94582
2189,Neemuch,18,23,Madhya Pradesh,04-01-2018 00:00,15959.5952
2190,Panna,10,23,Madhya Pradesh,04-01-2018 00:00,15816.85106
2191,Raisen,34,23,Madhya Pradesh,04-01-2018 00:00,15921.87317
2192,Rajgarh,30,23,Madhya Pradesh,04-01-2018 00:00,16049.62229
2193,Satna,13,23,Madhya Pradesh,04-01-2018 00:00,15753.70394
2194,Sehore,33,23,Madhya Pradesh,04-01-2018 00:00,16021.80463
2195,Seoni,44,23,Madhya Pradesh,04-01-2018 00:00,15814.53258
2196,Bhind,3,23,Madhya Pradesh,04-01-2018 00:00,15706.24507
2197,Bhopal,32,23,Madhya Pradesh,04-01-2018 00:00,15916.45155
2198,Barwani,28,23,Madhya Pradesh,04-01-2018 00:00,16057.61125
2199,Betul,35,23,Madhya Pradesh,04-01-2018 00:00,15932.20602
2200,Balaghat,45,23,Madhya Pradesh,04-01-2018 00:00,15664.28297
2201,Chhatarpur,9,23,Madhya Pradesh,04-01-2018 00:00,15796.78809
2202,Chhindwara,43,23,Madhya Pradesh,04-01-2018 00:00,15886.29469
2203,Dewas,23,23,Madhya Pradesh,04-01-2018 00:00,16045.86769
2204,Katni,38,23,Madhya Pradesh,04-01-2018 00:00,15765.74732
2205,Datia,5,23,Madhya Pradesh,04-01-2018 00:00,15706.24542
2206,Damoh,12,23,Madhya Pradesh,04-01-2018 00:00,15883.60109
2207,Dhar,25,23,Madhya Pradesh,04-01-2018 00:00,16069.00004
2208,East Nimar,29,23,Madhya Pradesh,04-01-2018 00:00,16006.84395
2209,Guna,7,23,Madhya Pradesh,04-01-2018 00:00,15948.9019
2210,Gwalior,4,23,Madhya Pradesh,04-01-2018 00:00,15783.15262
2211,Harda,36,23,Madhya Pradesh,04-01-2018 00:00,15954.70111
2212,Sabar Kantha,5,24,Gujarat,04-01-2018 00:00,15813.0651
2213,Surendranagar,8,24,Gujarat,04-01-2018 00:00,16017.00734
2214,The Dangs,23,24,Gujarat,04-01-2018 00:00,15873.61808
2215,Vadodara,19,24,Gujarat,04-01-2018 00:00,15776.87641
2216,Valsad,25,24,Gujarat,04-01-2018 00:00,15686.50293
2217,Bharuch,21,24,Gujarat,04-01-2018 00:00,15823.16906
2218,Surat,22,24,Gujarat,04-01-2018 00:00,15705.49278
2219,Jamnagar,10,24,Gujarat,04-01-2018 00:00,16001.62487
2220,Kheda,16,24,Gujarat,04-01-2018 00:00,15746.39063
2221,Mahesana,4,24,Gujarat,04-01-2018 00:00,15795.68289
2222,Narmada,20,24,Gujarat,04-01-2018 00:00,15873.18021
2223,Navsari,24,24,Gujarat,04-01-2018 00:00,15599.49791
2224,Panch Mahals,17,24,Gujarat,04-01-2018 00:00,15797.67781
2225,Patan,3,24,Gujarat,04-01-2018 00:00,15921.68216
2226,Porbandar,11,24,Gujarat,04-01-2018 00:00,15943.40446
2227,Rajkot,9,24,Gujarat,04-01-2018 00:00,16082.43556
2228,Anand,15,24,Gujarat,04-01-2018 00:00,15697.59395
2229,Ahmadabad,7,24,Gujarat,04-01-2018 00:00,15930.88957
2230,Amreli,13,24,Gujarat,04-01-2018 00:00,16112.34205
2231,Bhavnagar,14,24,Gujarat,04-01-2018 00:00,16076.3664
2232,Banas Kantha,2,24,Gujarat,04-01-2018 00:00,15746.37294
2233,Dohad,18,24,Gujarat,04-01-2018 00:00,15918.17696
2234,Junagadh,12,24,Gujarat,04-01-2018 00:00,15956.21799
2235,Kachchh,1,24,Gujarat,04-01-2018 00:00,15893.83217
2236,Gandhinagar,6,24,Gujarat,04-01-2018 00:00,15736.38564
2237,Daman,2,25,Daman & Diu,04-01-2018 00:00,15470.0401
2238,Diu,1,25,Daman & Diu,04-01-2018 00:00,15453.27436
2239,Hingoli,16,27,Maharashtra,04-01-2018 00:00,16072.44321
2240,Ratnagiri,32,27,Maharashtra,04-01-2018 00:00,15589.87134
2241,Raigarh,24,27,Maharashtra,04-01-2018 00:00,15712.26095
2242,Thane,21,27,Maharashtra,04-01-2018 00:00,15802.29876
2243,Solapur,30,27,Maharashtra,04-01-2018 00:00,15887.55261
2244,Sindhudurg,33,27,Maharashtra,04-01-2018 00:00,15493.91843
2245,Wardha,8,27,Maharashtra,04-01-2018 00:00,16028.84263
2246,Washim,6,27,Maharashtra,04-01-2018 00:00,16129.51499
2247,Yavatmal,14,27,Maharashtra,04-01-2018 00:00,16056.36252
2248,Jalgaon,3,27,Maharashtra,04-01-2018 00:00,16033.65935
2249,Jalna,18,27,Maharashtra,04-01-2018 00:00,16062.94415
2250,Kolhapur,34,27,Maharashtra,04-01-2018 00:00,15610.85969
2251,Latur,28,27,Maharashtra,04-01-2018 00:00,15964.68194
2252,Pune,25,27,Maharashtra,04-01-2018 00:00,15811.25226
2253,Nagpur,9,27,Maharashtra,04-01-2018 00:00,15877.93577
2254,Mumbai,23,27,Maharashtra,04-01-2018 00:00,15427.47295
2255,Mumbai (Suburban),22,27,Maharashtra,04-01-2018 00:00,15468.04537
2256,Nanded,15,27,Maharashtra,04-01-2018 00:00,16015.12634
2257,Nandurbar,1,27,Maharashtra,04-01-2018 00:00,15957.42779
2258,Nashik,20,27,Maharashtra,04-01-2018 00:00,15975.93527
2259,Osmanabad,29,27,Maharashtra,04-01-2018 00:00,15960.94332
2260,Parbhani,17,27,Maharashtra,04-01-2018 00:00,16045.80257
2261,Sangli,35,27,Maharashtra,04-01-2018 00:00,15853.13292
2262,Satara,31,27,Maharashtra,04-01-2018 00:00,15819.45446
2263,Aurangabad,19,27,Maharashtra,04-01-2018 00:00,16043.27399
2264,Ahmadnagar,26,27,Maharashtra,04-01-2018 00:00,15931.30969
2265,Akola,5,27,Maharashtra,04-01-2018 00:00,16153.01595
2266,Amravati,7,27,Maharashtra,04-01-2018 00:00,16017.13877
2267,Bid,27,27,Maharashtra,04-01-2018 00:00,15989.53768
2268,Bhandara,10,27,Maharashtra,04-01-2018 00:00,15704.80193
2269,Buldana,4,27,Maharashtra,04-01-2018 00:00,16105.29442
2270,Chandrapur,13,27,Maharashtra,04-01-2018 00:00,15821.12606
2271,Dhule,2,27,Maharashtra,04-01-2018 00:00,16069.10343
2272,Gadchiroli,12,27,Maharashtra,04-01-2018 00:00,15626.32829
2273,Gondiya,11,27,Maharashtra,04-01-2018 00:00,15703.34466
2274,Hyderabad,5,28,Andhra Pradesh,04-01-2018 00:00,15568.95569
2275,Rangareddi,6,28,Andhra Pradesh,04-01-2018 00:00,15718.73012
2276,Srikakulam,11,28,Andhra Pradesh,04-01-2018 00:00,15436.86208
2277,West Godavari,15,28,Andhra Pradesh,04-01-2018 00:00,15338.64661
2278,Visakhapatnam,13,28,Andhra Pradesh,04-01-2018 00:00,15336.81447
2279,Vizianagaram,12,28,Andhra Pradesh,04-01-2018 00:00,15431.76914
2280,Warangal,9,28,Andhra Pradesh,04-01-2018 00:00,15598.08737
2281,Khammam,10,28,Andhra Pradesh,04-01-2018 00:00,15538.89771
2282,Medak,4,28,Andhra Pradesh,04-01-2018 00:00,15730.2325
2283,Krishna,16,28,Andhra Pradesh,04-01-2018 00:00,15523.73547
2284,Kurnool,21,28,Andhra Pradesh,04-01-2018 00:00,15811.83159
2285,Mahbubnagar,7,28,Andhra Pradesh,04-01-2018 00:00,15745.26645
2286,Nalgonda,8,28,Andhra Pradesh,04-01-2018 00:00,15634.5306
2287,Nellore,19,28,Andhra Pradesh,04-01-2018 00:00,15601.3419
2288,Nizamabad,2,28,Andhra Pradesh,04-01-2018 00:00,15750.84495
2289,Prakasam,18,28,Andhra Pradesh,04-01-2018 00:00,15709.02796
2290,Anantapur,22,28,Andhra Pradesh,04-01-2018 00:00,15797.17148
2291,Adilabad,1,28,Andhra Pradesh,04-01-2018 00:00,15807.92621
2292,Chittoor,23,28,Andhra Pradesh,04-01-2018 00:00,15522.97402
2293,Cuddapah,20,28,Andhra Pradesh,04-01-2018 00:00,15668.50003
2294,East Godavari,14,28,Andhra Pradesh,04-01-2018 00:00,15312.02988
2295,Karimnagar,3,28,Andhra Pradesh,04-01-2018 00:00,15653.33409
2296,Guntur,17,28,Andhra Pradesh,04-01-2018 00:00,15646.80438
2297,Hassan,23,29,Karnataka,04-01-2018 00:00,15380.32622
2298,Haveri,11,29,Karnataka,04-01-2018 00:00,15737.13186
2299,Shimoga,15,29,Karnataka,04-01-2018 00:00,15360.45575
2300,Tumkur,18,29,Karnataka,04-01-2018 00:00,15593.94328
2301,Udupi,16,29,Karnataka,04-01-2018 00:00,15302.02016
2302,Uttara Kannada,10,29,Karnataka,04-01-2018 00:00,15304.14726
2303,Kodagu,25,29,Karnataka,04-01-2018 00:00,15082.92753
2304,Kolar,19,29,Karnataka,04-01-2018 00:00,15531.10169
2305,Mandya,22,29,Karnataka,04-01-2018 00:00,15414.34234
2306,Koppal,7,29,Karnataka,04-01-2018 00:00,15834.35558
2307,Mysore,26,29,Karnataka,04-01-2018 00:00,15410.92606
2308,Raichur,6,29,Karnataka,04-01-2018 00:00,15833.59538
2309,Bagalkot,2,29,Karnataka,04-01-2018 00:00,15771.88194
2310,Bangalore,20,29,Karnataka,04-01-2018 00:00,15404.31785
2311,Bidar,5,29,Karnataka,04-01-2018 00:00,15962.1182
2312,Bijapur,3,29,Karnataka,04-01-2018 00:00,15933.20041
2313,Belgaum,1,29,Karnataka,04-01-2018 00:00,15703.13394
2314,Bellary,12,29,Karnataka,04-01-2018 00:00,15727.56526
2315,Bangalore Rural,21,29,Karnataka,04-01-2018 00:00,15438.18286
2316,Chamarajanagar,27,29,Karnataka,04-01-2018 00:00,15401.16493
2317,Chikmagalur,17,29,Karnataka,04-01-2018 00:00,15328.01026
2318,Chitradurga,13,29,Karnataka,04-01-2018 00:00,15728.13013
2319,Dakshina Kannada,24,29,Karnataka,04-01-2018 00:00,15217.29649
2320,Davanagere,14,29,Karnataka,04-01-2018 00:00,15586.11442
2321,Dharwad,9,29,Karnataka,04-01-2018 00:00,15801.30787
2322,Gulbarga,4,29,Karnataka,04-01-2018 00:00,15895.74801
2323,Gadag,8,29,Karnataka,04-01-2018 00:00,15929.95302
2324,South Goa,2,30,Goa,04-01-2018 00:00,15330.08071
2325,North Goa,1,30,Goa,04-01-2018 00:00,15388.94644
2326,Idukki,9,32,Kerala,04-01-2018 00:00,15060.10297
2327,Thrissur,7,32,Kerala,04-01-2018 00:00,15220.29684
2328,Thiruvananthapuram,14,32,Kerala,04-01-2018 00:00,15221.44287
2329,Wayanad,3,32,Kerala,04-01-2018 00:00,15082.03853
2330,Kollam,13,32,Kerala,04-01-2018 00:00,15201.76388
2331,Kottayam,10,32,Kerala,04-01-2018 00:00,15206.45653
2332,Kozhikode,4,32,Kerala,04-01-2018 00:00,15188.02063
2333,Malappuram,5,32,Kerala,04-01-2018 00:00,15202.01617
2334,Palakkad,6,32,Kerala,04-01-2018 00:00,15219.57334
2335,Pathanamthitta,12,32,Kerala,04-01-2018 00:00,15132.98021
2336,Alappuzha,11,32,Kerala,04-01-2018 00:00,15218.68712
2337,Kasaragod,1,32,Kerala,04-01-2018 00:00,15260.26733
2338,Kannur,2,32,Kerala,04-01-2018 00:00,15235.98521
2339,Ernakulam,8,32,Kerala,04-01-2018 00:00,15199.39766
2340,Sivaganga,23,33,Tamil Nadu,04-01-2018 00:00,15723.02017
2341,Tiruchirappalli,15,33,Tamil Nadu,04-01-2018 00:00,15671.80142
2342,Tirunelveli,29,33,Tamil Nadu,04-01-2018 00:00,15438.06257
2343,Tiruvannamalai,6,33,Tamil Nadu,04-01-2018 00:00,15454.72309
2344,Thoothukkudi,28,33,Tamil Nadu,04-01-2018 00:00,15681.59234
2345,Theni,25,33,Tamil Nadu,04-01-2018 00:00,15423.99897
2346,Vellore,4,33,Tamil Nadu,04-01-2018 00:00,15465.36076
2347,Viluppuram,7,33,Tamil Nadu,04-01-2018 00:00,15503.43566
2348,Virudhunagar,26,33,Tamil Nadu,04-01-2018 00:00,15690.84024
2349,Chennai,2,33,Tamil Nadu,04-01-2018 00:00,15497.94428
2350,Kancheepuram,3,33,Tamil Nadu,04-01-2018 00:00,15501.58717
2351,Thiruvallur,1,33,Tamil Nadu,04-01-2018 00:00,15509.13467
2352,Thanjavur,21,33,Tamil Nadu,04-01-2018 00:00,15476.20051
2353,Thiruvarur,20,33,Tamil Nadu,04-01-2018 00:00,15506.16788
2354,Nagapattinam,19,33,Tamil Nadu,04-01-2018 00:00,15503.02709
2355,Kanniyakumari,30,33,Tamil Nadu,04-01-2018 00:00,15251.91812
2356,Karur,14,33,Tamil Nadu,04-01-2018 00:00,15728.9915
2357,Madurai,24,33,Tamil Nadu,04-01-2018 00:00,15692.71885
2358,Namakkal,9,33,Tamil Nadu,04-01-2018 00:00,15586.79985
2359,The Nilgiris,11,33,Tamil Nadu,04-01-2018 00:00,15059.51436
2360,Perambalur,16,33,Tamil Nadu,04-01-2018 00:00,15690.87268
2361,Pudukkottai,22,33,Tamil Nadu,04-01-2018 00:00,15696.82797
2362,Ramanathapuram,27,33,Tamil Nadu,04-01-2018 00:00,15738.09631
2363,Salem,8,33,Tamil Nadu,04-01-2018 00:00,15510.13396
2364,Ariyalur,17,33,Tamil Nadu,04-01-2018 00:00,15581.61588
2365,Coimbatore,12,33,Tamil Nadu,04-01-2018 00:00,15490.49718
2366,Cuddalore,18,33,Tamil Nadu,04-01-2018 00:00,15491.15583
2367,Dharmapuri,5,33,Tamil Nadu,04-01-2018 00:00,15495.63786
2368,Dindigul,13,33,Tamil Nadu,04-01-2018 00:00,15515.31163
2369,Erode,10,33,Tamil Nadu,04-01-2018 00:00,15555.15147
2370,Yanam,1,34,Puducherry,04-01-2018 00:00,15304.16537
2371,Karaikal,4,34,Puducherry,04-01-2018 00:00,15488.26564
2372,Mahe,3,34,Puducherry,04-01-2018 00:00,15243.21841
2373,Pondicherry,2,34,Puducherry,04-01-2018 00:00,15321.84116
2374,Nicobars,2,35,Andaman & Nicobar Island,04-01-2018 00:00,14997.44541
2375,Andamans,1,35,Andaman & Nicobar Island,04-01-2018 00:00,15101.47966
2376,Lakshadweep,1,31,Lakshadweep,05-01-2018 00:00,15016.39419
2377,Chandigarh,1,4,Chandigarh,05-01-2018 00:00,15618.32462
2378,Dadra & Nagar Haveli,1,26,Dadara & Nagar Havelli,05-01-2018 00:00,15791.45354
2379,Data Not Available,99,99,Jammu and Kashmir,05-01-2018 00:00,14294.88206
2380,Srinagar,3,1,Jammu and Kashmir,05-01-2018 00:00,14499.60616
2381,Udhampur,10,1,Jammu and Kashmir,05-01-2018 00:00,15168.18208
2382,Jammu,13,1,Jammu and Kashmir,05-01-2018 00:00,15719.67946
2383,Kargil,8,1,Jammu and Kashmir,05-01-2018 00:00,14406.54962
2384,Kathua,14,1,Jammu and Kashmir,05-01-2018 00:00,15431.45881
2385,Leh (Ladakh),7,1,Jammu and Kashmir,05-01-2018 00:00,14600.9597
2386,Kupwara,1,1,Jammu and Kashmir,05-01-2018 00:00,14728.77267
2387,Punch,11,1,Jammu and Kashmir,05-01-2018 00:00,15066.35699
2388,Pulwama,5,1,Jammu and Kashmir,05-01-2018 00:00,14839.20132
2389,Rajauri,12,1,Jammu and Kashmir,05-01-2018 00:00,15361.67774
2390,Anantnag,6,1,Jammu and Kashmir,05-01-2018 00:00,14502.83944
2391,Badgam,4,1,Jammu and Kashmir,05-01-2018 00:00,14752.95514
2392,Baramula,2,1,Jammu and Kashmir,05-01-2018 00:00,14598.40686
2393,Doda,9,1,Jammu and Kashmir,05-01-2018 00:00,14391.64766
2394,Shimla,11,2,Himachal Pradesh,05-01-2018 00:00,14954.15823
2395,Sirmaur,10,2,Himachal Pradesh,05-01-2018 00:00,15324.37787
2396,Solan,9,2,Himachal Pradesh,05-01-2018 00:00,15463.43477
2397,Una,7,2,Himachal Pradesh,05-01-2018 00:00,15595.28066
2398,Kangra,2,2,Himachal Pradesh,05-01-2018 00:00,15182.41615
2399,Kinnaur,12,2,Himachal Pradesh,05-01-2018 00:00,14395.31959
2400,Lahul & Spiti,3,2,Himachal Pradesh,05-01-2018 00:00,14178.7307
2401,Kullu,4,2,Himachal Pradesh,05-01-2018 00:00,14501.93801
2402,Mandi,5,2,Himachal Pradesh,05-01-2018 00:00,15207.26192
2403,Bilaspur,8,2,Himachal Pradesh,05-01-2018 00:00,15482.15644
2404,Chamba,1,2,Himachal Pradesh,05-01-2018 00:00,14640.43364
2405,Hamirpur,6,2,Himachal Pradesh,05-01-2018 00:00,15410.82988
2406,Hoshiarpur,5,3,Punjab,05-01-2018 00:00,15657.18673
2407,Rupnagar,7,3,Punjab,05-01-2018 00:00,15667.04116
2408,Jalandhar,4,3,Punjab,05-01-2018 00:00,15637.28443
2409,Kapurthala,3,3,Punjab,05-01-2018 00:00,15640.85959
2410,Ludhiana,9,3,Punjab,05-01-2018 00:00,15688.8054
2411,Mansa,15,3,Punjab,05-01-2018 00:00,15702.76112
2412,Moga,10,3,Punjab,05-01-2018 00:00,15765.9385
2413,Muktsar,12,3,Punjab,05-01-2018 00:00,15752.04943
2414,Nawanshahr,6,3,Punjab,05-01-2018 00:00,15664.51321
2415,Patiala,17,3,Punjab,05-01-2018 00:00,15695.19504
2416,Sangrur,16,3,Punjab,05-01-2018 00:00,15703.19925
2417,Amritsar,2,3,Punjab,05-01-2018 00:00,15714.80493
2418,Firozpur,11,3,Punjab,05-01-2018 00:00,15763.93888
2419,Bathinda,14,3,Punjab,05-01-2018 00:00,15711.06076
2420,Gurdaspur,1,3,Punjab,05-01-2018 00:00,15751.90149
2421,Faridkot,13,3,Punjab,05-01-2018 00:00,15778.9417
2422,Fatehgarh Sahib,8,3,Punjab,05-01-2018 00:00,15690.85617
2423,Hardwar,13,5,Uttarakhand,05-01-2018 00:00,15407.50311
2424,Rudraprayag,3,5,Uttarakhand,05-01-2018 00:00,14736.38935
2425,Tehri Garhwal,4,5,Uttarakhand,05-01-2018 00:00,15049.03827
2426,Udham Singh Nagar,12,5,Uttarakhand,05-01-2018 00:00,15395.20161
2427,Uttarkashi,1,5,Uttarakhand,05-01-2018 00:00,14537.24833
2428,Nainital,11,5,Uttarakhand,05-01-2018 00:00,15274.156
2429,Pithoragarh,7,5,Uttarakhand,05-01-2018 00:00,14534.25296
2430,Bageshwar,8,5,Uttarakhand,05-01-2018 00:00,14844.68507
2431,Almora,9,5,Uttarakhand,05-01-2018 00:00,15221.65331
2432,Chamoli,2,5,Uttarakhand,05-01-2018 00:00,14452.12135
2433,Champawat,10,5,Uttarakhand,05-01-2018 00:00,15136.86736
2434,Dehradun,5,5,Uttarakhand,05-01-2018 00:00,15302.53085
2435,Garhwal,6,5,Uttarakhand,05-01-2018 00:00,15302.79894
2436,Hisar,12,6,Haryana,05-01-2018 00:00,15735.92352
2437,Rohtak,14,6,Haryana,05-01-2018 00:00,15659.62651
2438,Sirsa,11,6,Haryana,05-01-2018 00:00,15763.81943
2439,Sonipat,8,6,Haryana,05-01-2018 00:00,15642.66535
2440,Yamunanagar,3,6,Haryana,05-01-2018 00:00,15523.70765
2441,Jhajjar,15,6,Haryana,05-01-2018 00:00,15724.90402
2442,Mahendragarh,16,6,Haryana,05-01-2018 00:00,15817.49791
2443,Rewari,17,6,Haryana,05-01-2018 00:00,15784.78048
2444,Bhiwani,13,6,Haryana,05-01-2018 00:00,15769.04002
2445,Jind,9,6,Haryana,05-01-2018 00:00,15713.48261
2446,Kaithal,5,6,Haryana,05-01-2018 00:00,15653.23458
2447,Karnal,6,6,Haryana,05-01-2018 00:00,15587.25405
2448,Kurukshetra,4,6,Haryana,05-01-2018 00:00,15543.88297
2449,Panchkula,1,6,Haryana,05-01-2018 00:00,15629.38418
2450,Panipat,7,6,Haryana,05-01-2018 00:00,15596.41199
2451,Ambala,2,6,Haryana,05-01-2018 00:00,15623.3929
2452,Gurgaon,18,6,Haryana,05-01-2018 00:00,15668.98994
2453,Faridabad,19,6,Haryana,05-01-2018 00:00,15574.73391
2454,Fatehabad,10,6,Haryana,05-01-2018 00:00,15704.26971
2455,Central,6,7,Delhi  & NCR,05-01-2018 00:00,15451.60318
2456,East,4,7,Delhi  & NCR,05-01-2018 00:00,15433.93877
2457,New Delhi,5,7,Delhi  & NCR,05-01-2018 00:00,15395.98096
2458,North,2,7,Delhi  & NCR,05-01-2018 00:00,15454.7101
2459,North East,3,7,Delhi  & NCR,05-01-2018 00:00,15486.9146
2460,North West,1,7,Delhi  & NCR,05-01-2018 00:00,15556.50944
2461,South,9,7,Delhi  & NCR,05-01-2018 00:00,15503.58928
2462,South West,8,7,Delhi  & NCR,05-01-2018 00:00,15638.227
2463,West,7,7,Delhi  & NCR,05-01-2018 00:00,15518.56488
2464,Sirohi,19,8,Rajasthan,05-01-2018 00:00,15903.14939
2465,Tonk,22,8,Rajasthan,05-01-2018 00:00,15975.23767
2466,Sikar,13,8,Rajasthan,05-01-2018 00:00,15879.3089
2467,Alwar,6,8,Rajasthan,05-01-2018 00:00,15756.77177
2468,Udaipur,26,8,Rajasthan,05-01-2018 00:00,15927.78702
2469,Ganganagar,1,8,Rajasthan,05-01-2018 00:00,15885.98252
2470,Hanumangarh,2,8,Rajasthan,05-01-2018 00:00,15876.1802
2471,Baran,31,8,Rajasthan,05-01-2018 00:00,15967.04369
2472,Jaipur,12,8,Rajasthan,05-01-2018 00:00,15880.21725
2473,Jaisalmer,16,8,Rajasthan,05-01-2018 00:00,16126.42185
2474,Jalor,18,8,Rajasthan,05-01-2018 00:00,15982.78219
2475,Jhalawar,32,8,Rajasthan,05-01-2018 00:00,16016.15268
2476,Jhunjhunun,5,8,Rajasthan,05-01-2018 00:00,15870.7816
2477,Jodhpur,15,8,Rajasthan,05-01-2018 00:00,16072.82842
2478,Kota,30,8,Rajasthan,05-01-2018 00:00,15934.15279
2479,Nagaur,14,8,Rajasthan,05-01-2018 00:00,15975.08843
2480,Pali,20,8,Rajasthan,05-01-2018 00:00,15978.34773
2481,Rajsamand,25,8,Rajasthan,05-01-2018 00:00,15893.19784
2482,Sawai Madhopur,10,8,Rajasthan,05-01-2018 00:00,15899.92561
2483,Ajmer,21,8,Rajasthan,05-01-2018 00:00,15964.13859
2484,Banswara,28,8,Rajasthan,05-01-2018 00:00,15980.71084
2485,Barmer,17,8,Rajasthan,05-01-2018 00:00,16047.78642
2486,Bhilwara,24,8,Rajasthan,05-01-2018 00:00,15982.20704
2487,Bikaner,3,8,Rajasthan,05-01-2018 00:00,16067.74523
2488,Bharatpur,7,8,Rajasthan,05-01-2018 00:00,15743.71396
2489,Bundi,23,8,Rajasthan,05-01-2018 00:00,15915.93677
2490,Chittaurgarh,29,8,Rajasthan,05-01-2018 00:00,15946.00298
2491,Churu,4,8,Rajasthan,05-01-2018 00:00,15951.62629
2492,Dausa,11,8,Rajasthan,05-01-2018 00:00,15888.22175
2493,Dhaulpur,8,8,Rajasthan,05-01-2018 00:00,15845.63753
2494,Dungarpur,27,8,Rajasthan,05-01-2018 00:00,15992.76217
2495,Karauli,9,8,Rajasthan,05-01-2018 00:00,15868.70248
2496,Hathras,13,9,Uttar Pradesh,05-01-2018 00:00,15516.64545
2497,Shrawasti,51,9,Uttar Pradesh,05-01-2018 00:00,15406.9509
2498,Saharanpur,1,9,Uttar Pradesh,05-01-2018 00:00,15401.13498
2499,Sitapur,24,9,Uttar Pradesh,05-01-2018 00:00,15428.7069
2500,Sultanpur,49,9,Uttar Pradesh,05-01-2018 00:00,15529.94971
2501,Sonbhadra,70,9,Uttar Pradesh,05-01-2018 00:00,15657.46639
2502,Siddharthnagar,54,9,Uttar Pradesh,05-01-2018 00:00,15442.97615
2503,Unnao,26,9,Uttar Pradesh,05-01-2018 00:00,15602.28393
2504,Varanasi,67,9,Uttar Pradesh,05-01-2018 00:00,15503.68853
2505,Bulandshahr,11,9,Uttar Pradesh,05-01-2018 00:00,15431.07856
2506,Gautam Buddha Nagar,10,9,Uttar Pradesh,05-01-2018 00:00,15562.12812
2507,Ghaziabad,9,9,Uttar Pradesh,05-01-2018 00:00,15417.38481
2508,Jalaun,35,9,Uttar Pradesh,05-01-2018 00:00,15670.02647
2509,Jaunpur,64,9,Uttar Pradesh,05-01-2018 00:00,15558.93205
2510,Jhansi,36,9,Uttar Pradesh,05-01-2018 00:00,15852.0405
2511,Jyotiba Phule Nagar,6,9,Uttar Pradesh,05-01-2018 00:00,15376.44081
2512,Kannauj,30,9,Uttar Pradesh,05-01-2018 00:00,15481.09383
2513,Kanpur Nagar,34,9,Uttar Pradesh,05-01-2018 00:00,15575.86275
2514,Kaushambi,44,9,Uttar Pradesh,05-01-2018 00:00,15532.71168
2515,Kheri,23,9,Uttar Pradesh,05-01-2018 00:00,15386.23151
2516,Mirzapur,69,9,Uttar Pradesh,05-01-2018 00:00,15632.24955
2517,Moradabad,4,9,Uttar Pradesh,05-01-2018 00:00,15395.33037
2518,Muzaffarnagar,2,9,Uttar Pradesh,05-01-2018 00:00,15361.5377
2519,Rae Bareli,28,9,Uttar Pradesh,05-01-2018 00:00,15550.87082
2520,Kushinagar,59,9,Uttar Pradesh,05-01-2018 00:00,15316.02291
2521,Lucknow,27,9,Uttar Pradesh,05-01-2018 00:00,15495.34254
2522,Lalitpur,37,9,Uttar Pradesh,05-01-2018 00:00,15913.39857
2523,Mahrajganj,57,9,Uttar Pradesh,05-01-2018 00:00,15343.45296
2524,Mahoba,39,9,Uttar Pradesh,05-01-2018 00:00,15793.52515
2525,Mainpuri,18,9,Uttar Pradesh,05-01-2018 00:00,15564.85098
2526,Mathura,14,9,Uttar Pradesh,05-01-2018 00:00,15613.44266
2527,Mau,62,9,Uttar Pradesh,05-01-2018 00:00,15488.6287
2528,Meerut,7,9,Uttar Pradesh,05-01-2018 00:00,15375.91097
2529,Pilibhit,21,9,Uttar Pradesh,05-01-2018 00:00,15408.59629
2530,Pratapgarh,43,9,Uttar Pradesh,05-01-2018 00:00,15503.828
2531,Rampur,5,9,Uttar Pradesh,05-01-2018 00:00,15399.0644
2532,Sant Ravidas Nagar Bhadohi,68,9,Uttar Pradesh,05-01-2018 00:00,15588.82379
2533,Sant Kabir Nagar,56,9,Uttar Pradesh,05-01-2018 00:00,15522.5398
2534,Shahjahanpur,22,9,Uttar Pradesh,05-01-2018 00:00,15503.80593
2535,Auraiya,32,9,Uttar Pradesh,05-01-2018 00:00,15545.39779
2536,Azamgarh,61,9,Uttar Pradesh,05-01-2018 00:00,15494.74932
2537,Budaun,19,9,Uttar Pradesh,05-01-2018 00:00,15481.06661
2538,Agra,15,9,Uttar Pradesh,05-01-2018 00:00,15623.74925
2539,Aligarh,12,9,Uttar Pradesh,05-01-2018 00:00,15519.70255
2540,Allahabad,45,9,Uttar Pradesh,05-01-2018 00:00,15583.82887
2541,Ambedkar Nagar,48,9,Uttar Pradesh,05-01-2018 00:00,15484.71616
2542,Bareilly,20,9,Uttar Pradesh,05-01-2018 00:00,15445.42396
2543,Bijnor,3,9,Uttar Pradesh,05-01-2018 00:00,15393.87211
2544,Basti,55,9,Uttar Pradesh,05-01-2018 00:00,15503.66452
2545,Baghpat,8,9,Uttar Pradesh,05-01-2018 00:00,15436.96237
2546,Bahraich,50,9,Uttar Pradesh,05-01-2018 00:00,15421.38063
2547,Ballia,63,9,Uttar Pradesh,05-01-2018 00:00,15471.42071
2548,Balrampur,52,9,Uttar Pradesh,05-01-2018 00:00,15398.24768
2549,Banda,40,9,Uttar Pradesh,05-01-2018 00:00,15708.61098
2550,Barabanki,46,9,Uttar Pradesh,05-01-2018 00:00,15390.55695
2551,Chitrakoot,41,9,Uttar Pradesh,05-01-2018 00:00,15697.04115
2552,Chandauli,66,9,Uttar Pradesh,05-01-2018 00:00,15627.71704
2553,Deoria,60,9,Uttar Pradesh,05-01-2018 00:00,15488.50058
2554,Etah,17,9,Uttar Pradesh,05-01-2018 00:00,15547.09795
2555,Kanpur Dehat,33,9,Uttar Pradesh,05-01-2018 00:00,15582.66273
2556,Etawah,31,9,Uttar Pradesh,05-01-2018 00:00,15550.33467
2557,Faizabad,47,9,Uttar Pradesh,05-01-2018 00:00,15504.08127
2558,Ghazipur,65,9,Uttar Pradesh,05-01-2018 00:00,15500.8905
2559,Gonda,53,9,Uttar Pradesh,05-01-2018 00:00,15472.1823
2560,Gorakhpur,58,9,Uttar Pradesh,05-01-2018 00:00,15510.90763
2561,Farrukhabad,29,9,Uttar Pradesh,05-01-2018 00:00,15497.17295
2562,Fatehpur,42,9,Uttar Pradesh,05-01-2018 00:00,15585.85636
2563,Firozabad,16,9,Uttar Pradesh,05-01-2018 00:00,15543.53553
2564,Hamirpur,38,9,Uttar Pradesh,05-01-2018 00:00,15713.02091
2565,Hardoi,25,9,Uttar Pradesh,05-01-2018 00:00,15570.45754
2566,Sheikhpura,26,10,Bihar,05-01-2018 00:00,15529.56827
2567,Sheohar,3,10,Bihar,05-01-2018 00:00,15322.62507
2568,Saharsa,12,10,Bihar,05-01-2018 00:00,15244.815
2569,Sitamarhi,4,10,Bihar,05-01-2018 00:00,15282.8448
2570,Siwan,16,10,Bihar,05-01-2018 00:00,15400.13748
2571,Supaul,6,10,Bihar,05-01-2018 00:00,15142.15488
2572,Vaishali,18,10,Bihar,05-01-2018 00:00,15337.63696
2573,Kaimur (Bhabua),31,10,Bihar,05-01-2018 00:00,15689.05437
2574,Gaya,35,10,Bihar,05-01-2018 00:00,15633.25416
2575,Bhojpur,29,10,Bihar,05-01-2018 00:00,15598.56365
2576,Buxar,30,10,Bihar,05-01-2018 00:00,15592.22143
2577,Jehanabad,33,10,Bihar,05-01-2018 00:00,15619.25098
2578,Rohtas,32,10,Bihar,05-01-2018 00:00,15690.11335
2579,Jamui,37,10,Bihar,05-01-2018 00:00,15473.75947
2580,Kishanganj,8,10,Bihar,05-01-2018 00:00,15114.42525
2581,Muzaffarpur,14,10,Bihar,05-01-2018 00:00,15281.03146
2582,Purnia,9,10,Bihar,05-01-2018 00:00,15249.6377
2583,Khagaria,21,10,Bihar,05-01-2018 00:00,15321.1542
2584,Madhubani,5,10,Bihar,05-01-2018 00:00,15278.41902
2585,Lakhisarai,25,10,Bihar,05-01-2018 00:00,15460.6533
2586,Madhepura,11,10,Bihar,05-01-2018 00:00,15221.16038
2587,Purba Champaran,2,10,Bihar,05-01-2018 00:00,15293.10742
2588,Munger,24,10,Bihar,05-01-2018 00:00,15362.7009
2589,Nalanda,27,10,Bihar,05-01-2018 00:00,15527.09607
2590,Nawada,36,10,Bihar,05-01-2018 00:00,15553.73237
2591,Pashchim Champaran,1,10,Bihar,05-01-2018 00:00,15239.91935
2592,Patna,28,10,Bihar,05-01-2018 00:00,15494.05005
2593,Samastipur,19,10,Bihar,05-01-2018 00:00,15294.63882
2594,Araria,7,10,Bihar,05-01-2018 00:00,15141.3672
2595,Aurangabad,34,10,Bihar,05-01-2018 00:00,15679.41559
2596,Banka,23,10,Bihar,05-01-2018 00:00,15461.19099
2597,Bhagalpur,22,10,Bihar,05-01-2018 00:00,15369.06493
2598,Begusarai,20,10,Bihar,05-01-2018 00:00,15328.72643
2599,Saran,17,10,Bihar,05-01-2018 00:00,15372.41902
2600,Katihar,10,10,Bihar,05-01-2018 00:00,15228.42873
2601,Darbhanga,13,10,Bihar,05-01-2018 00:00,15330.60758
2602,Gopalganj,15,10,Bihar,05-01-2018 00:00,15330.62535
2603,South,3,11,Sikkim,05-01-2018 00:00,14736.91178
2604,West,2,11,Sikkim,05-01-2018 00:00,14462.71068
2605,North,1,11,Sikkim,05-01-2018 00:00,14170.27543
2606,East,4,11,Sikkim,05-01-2018 00:00,14594.66837
2607,Tawang,1,12,Arunanchal Pradesh,05-01-2018 00:00,14182.78001
2608,Tirap,13,12,Arunanchal Pradesh,05-01-2018 00:00,14784.89683
2609,West Kameng,2,12,Arunanchal Pradesh,05-01-2018 00:00,14556.82025
2610,West Siang,7,12,Arunanchal Pradesh,05-01-2018 00:00,14435.27034
2611,Upper Siang,9,12,Arunanchal Pradesh,05-01-2018 00:00,14279.51214
2612,Upper Subansiri,6,12,Arunanchal Pradesh,05-01-2018 00:00,14372.33936
2613,Lohit,11,12,Arunanchal Pradesh,05-01-2018 00:00,14553.43654
2614,Lower Subansiri,5,12,Arunanchal Pradesh,05-01-2018 00:00,14513.58252
2615,Papum Pare,4,12,Arunanchal Pradesh,05-01-2018 00:00,14731.05102
2616,Changlang,12,12,Arunanchal Pradesh,05-01-2018 00:00,14813.96531
2617,Dibang Valley,10,12,Arunanchal Pradesh,05-01-2018 00:00,14379.07595
2618,East Kameng,3,12,Arunanchal Pradesh,05-01-2018 00:00,14584.11782
2619,East Siang,8,12,Arunanchal Pradesh,05-01-2018 00:00,14923.28048
2620,Tuensang,2,13,Nagaland,05-01-2018 00:00,14803.85299
2621,Wokha,5,13,Nagaland,05-01-2018 00:00,14961.75163
2622,Zunheboto,4,13,Nagaland,05-01-2018 00:00,14802.60142
2623,Dimapur,6,13,Nagaland,05-01-2018 00:00,15094.71615
2624,Kohima,7,13,Nagaland,05-01-2018 00:00,14875.04326
2625,Mokokchung,3,13,Nagaland,05-01-2018 00:00,14944.09216
2626,Mon,1,13,Nagaland,05-01-2018 00:00,14912.40461
2627,Phek,8,13,Nagaland,05-01-2018 00:00,14804.54725
2628,Tamenglong,2,14,Manipur,05-01-2018 00:00,14866.17375
2629,Thoubal,5,14,Manipur,05-01-2018 00:00,15082.63569
2630,Ukhrul,8,14,Manipur,05-01-2018 00:00,14837.16699
2631,Imphal East,7,14,Manipur,05-01-2018 00:00,15091.56303
2632,Imphal West,6,14,Manipur,05-01-2018 00:00,15058.59012
2633,Senapati (Excl. 3 sub-divisions),1,14,Manipur,05-01-2018 00:00,14812.17385
2634,Bishnupur,4,14,Manipur,05-01-2018 00:00,14976.96859
2635,Chandel,9,14,Manipur,05-01-2018 00:00,14948.09404
2636,Churachandpur,3,14,Manipur,05-01-2018 00:00,14907.8143
2637,Kolasib,2,15,Mizoram,05-01-2018 00:00,14998.92743
2638,Mamit,1,15,Mizoram,05-01-2018 00:00,14996.66681
2639,Lunglei,6,15,Mizoram,05-01-2018 00:00,14962.4758
2640,Lawngtlai,7,15,Mizoram,05-01-2018 00:00,15010.17456
2641,Saiha,8,15,Mizoram,05-01-2018 00:00,14935.64804
2642,Serchhip,5,15,Mizoram,05-01-2018 00:00,14911.77521
2643,Aizawl,3,15,Mizoram,05-01-2018 00:00,14955.57713
2644,Champhai,4,15,Mizoram,05-01-2018 00:00,14893.54839
2645,South Tripura,2,16,Tripura,05-01-2018 00:00,15044.10208
2646,West Tripura,1,16,Tripura,05-01-2018 00:00,15056.95749
2647,North Tripura,4,16,Tripura,05-01-2018 00:00,15034.73739
2648,Dhalai,3,16,Tripura,05-01-2018 00:00,15065.85233
2649,Ri Bhoi,5,17,Meghalaya,05-01-2018 00:00,14958.56908
2650,South Garo Hills,3,17,Meghalaya,05-01-2018 00:00,15055.99571
2651,West Garo Hills,1,17,Meghalaya,05-01-2018 00:00,15068.84442
2652,West Khasi Hills,4,17,Meghalaya,05-01-2018 00:00,14913.90647
2653,Jaintia Hills,7,17,Meghalaya,05-01-2018 00:00,14893.91411
2654,East Garo Hills,2,17,Meghalaya,05-01-2018 00:00,15069.06508
2655,East Khasi Hills,6,17,Meghalaya,05-01-2018 00:00,14892.90783
2656,Sonitpur,11,18,Assam,05-01-2018 00:00,15105.17112
2657,Sibsagar,16,18,Assam,05-01-2018 00:00,15148.08687
2658,Tinsukia,14,18,Assam,05-01-2018 00:00,15077.99419
2659,Jorhat,17,18,Assam,05-01-2018 00:00,15179.29627
2660,Karimganj,22,18,Assam,05-01-2018 00:00,15033.93187
2661,Kokrajhar,1,18,Assam,05-01-2018 00:00,15088.06098
2662,Lakhimpur,12,18,Assam,05-01-2018 00:00,15153.1828
2663,Nagaon,10,18,Assam,05-01-2018 00:00,15149.96698
2664,Marigaon,9,18,Assam,05-01-2018 00:00,15040.62946
2665,Nalbari,7,18,Assam,05-01-2018 00:00,15128.95382
2666,North Cachar Hills,20,18,Assam,05-01-2018 00:00,14961.60389
2667,Barpeta,5,18,Assam,05-01-2018 00:00,15105.73766
2668,Bongaigaon,4,18,Assam,05-01-2018 00:00,15109.2126
2669,Cachar,21,18,Assam,05-01-2018 00:00,15059.89418
2670,Darrang,8,18,Assam,05-01-2018 00:00,15040.45346
2671,Dhemaji,13,18,Assam,05-01-2018 00:00,15187.01315
2672,Dhubri,2,18,Assam,05-01-2018 00:00,15085.00191
2673,Dibrugarh,15,18,Assam,05-01-2018 00:00,15127.68369
2674,Kamrup,6,18,Assam,05-01-2018 00:00,15076.10644
2675,Karbi Anglong,19,18,Assam,05-01-2018 00:00,15032.83934
2676,Goalpara,3,18,Assam,05-01-2018 00:00,15134.23634
2677,Golaghat,18,18,Assam,05-01-2018 00:00,15184.81698
2678,Hailakandi,23,18,Assam,05-01-2018 00:00,15062.11819
2679,Hugli,12,19,West Bengal,05-01-2018 00:00,15148.20983
2680,South  Twenty Four Parganas,18,19,West Bengal,05-01-2018 00:00,15169.1859
2681,Uttar Dinajpur,4,19,West Bengal,05-01-2018 00:00,15106.3187
2682,Jalpaiguri,2,19,West Bengal,05-01-2018 00:00,15107.77788
2683,Koch Bihar,3,19,West Bengal,05-01-2018 00:00,15083.05682
2684,Murshidabad,7,19,West Bengal,05-01-2018 00:00,15088.93927
2685,Puruliya,14,19,West Bengal,05-01-2018 00:00,15331.07233
2686,Kolkata,17,19,West Bengal,05-01-2018 00:00,15316.41876
2687,Maldah,6,19,West Bengal,05-01-2018 00:00,15096.82946
2688,Nadia,10,19,West Bengal,05-01-2018 00:00,15082.03738
2689,North Twenty Four Parganas,11,19,West Bengal,05-01-2018 00:00,15093.30415
2690,Medinipur,15,19,West Bengal,05-01-2018 00:00,15174.71569
2691,Barddhaman,9,19,West Bengal,05-01-2018 00:00,15236.92199
2692,Birbhum,8,19,West Bengal,05-01-2018 00:00,15189.85831
2693,Bankura,13,19,West Bengal,05-01-2018 00:00,15198.18602
2694,Dakshin Dinajpur,5,19,West Bengal,05-01-2018 00:00,15055.10288
2695,Darjiling,1,19,West Bengal,05-01-2018 00:00,14965.7191
2696,Haora,16,19,West Bengal,05-01-2018 00:00,15157.36236
2697,Ranchi,14,20,Jharkhand,05-01-2018 00:00,15437.49521
2698,Sahibganj,9,20,Jharkhand,05-01-2018 00:00,15201.96324
2699,Garhwa,1,20,Jharkhand,05-01-2018 00:00,15690.20028
2700,Palamu,2,20,Jharkhand,05-01-2018 00:00,15627.1493
2701,Chatra,3,20,Jharkhand,05-01-2018 00:00,15624.03409
2702,Hazaribagh,4,20,Jharkhand,05-01-2018 00:00,15469.10951
2703,Kodarma,5,20,Jharkhand,05-01-2018 00:00,15516.18645
2704,Purbi Singhbhum,18,20,Jharkhand,05-01-2018 00:00,15243.42297
2705,Lohardaga,15,20,Jharkhand,05-01-2018 00:00,15463.85961
2706,Pakaur,10,20,Jharkhand,05-01-2018 00:00,15225.68038
2707,Pashchimi Singhbhum,17,20,Jharkhand,05-01-2018 00:00,15308.77525
2708,Bokaro,13,20,Jharkhand,05-01-2018 00:00,15458.69151
2709,Deoghar,7,20,Jharkhand,05-01-2018 00:00,15426.74596
2710,Dhanbad,12,20,Jharkhand,05-01-2018 00:00,15392.93404
2711,Dumka,11,20,Jharkhand,05-01-2018 00:00,15347.59728
2712,Giridih,6,20,Jharkhand,05-01-2018 00:00,15506.85459
2713,Godda,8,20,Jharkhand,05-01-2018 00:00,15325.08892
2714,Gumla,16,20,Jharkhand,05-01-2018 00:00,15461.57206
2715,Rayagada,27,21,Orissa,05-01-2018 00:00,15313.03672
2716,Sundargarh,5,21,Orissa,05-01-2018 00:00,15416.34487
2717,Sonapur,23,21,Orissa,05-01-2018 00:00,15500.44138
2718,Jajapur,13,21,Orissa,05-01-2018 00:00,15263.90485
2719,Jagatsinghapur,11,21,Orissa,05-01-2018 00:00,15254.8896
2720,Jharsuguda,2,21,Orissa,05-01-2018 00:00,15444.59973
2721,Khordha,17,21,Orissa,05-01-2018 00:00,15255.56057
2722,Mayurbhanj,7,21,Orissa,05-01-2018 00:00,15144.54965
2723,Puri,18,21,Orissa,05-01-2018 00:00,15163.66303
2724,Koraput,29,21,Orissa,05-01-2018 00:00,15297.61444
2725,Malkangiri,30,21,Orissa,05-01-2018 00:00,15439.113
2726,Nabarangapur,28,21,Orissa,05-01-2018 00:00,15375.25381
2727,Nayagarh,16,21,Orissa,05-01-2018 00:00,15250.92951
2728,Nuapada,25,21,Orissa,05-01-2018 00:00,15501.24834
2729,Kandhamal,21,21,Orissa,05-01-2018 00:00,15330.37667
2730,Sambalpur,3,21,Orissa,05-01-2018 00:00,15375.41465
2731,Anugul,15,21,Orissa,05-01-2018 00:00,15301.45349
2732,Bhadrak,9,21,Orissa,05-01-2018 00:00,15230.44147
2733,Baudh,22,21,Orissa,05-01-2018 00:00,15484.54914
2734,Balangir,24,21,Orissa,05-01-2018 00:00,15633.97317
2735,Baleshwar,8,21,Orissa,05-01-2018 00:00,15134.0369
2736,Bargarh,1,21,Orissa,05-01-2018 00:00,15523.59344
2737,Kendrapara,10,21,Orissa,05-01-2018 00:00,15278.02836
2738,Kendujhar,6,21,Orissa,05-01-2018 00:00,15257.84096
2739,Debagarh,4,21,Orissa,05-01-2018 00:00,15336.76818
2740,Cuttack,12,21,Orissa,05-01-2018 00:00,15296.67056
2741,Dhenkanal,14,21,Orissa,05-01-2018 00:00,15312.3677
2742,Kalahandi,26,21,Orissa,05-01-2018 00:00,15531.55802
2743,Ganjam,19,21,Orissa,05-01-2018 00:00,15313.08654
2744,Gajapati,20,21,Orissa,05-01-2018 00:00,15186.17105
2745,Surguja,2,22,Chhattisgarh,05-01-2018 00:00,15543.87523
2746,Bilaspur,7,22,Chhattisgarh,05-01-2018 00:00,15666.48466
2747,Janjgir - Champa,6,22,Chhattisgarh,05-01-2018 00:00,15678.11829
2748,Korba,5,22,Chhattisgarh,05-01-2018 00:00,15565.42653
2749,Kawardha,8,22,Chhattisgarh,05-01-2018 00:00,15731.35781
2750,Jashpur,3,22,Chhattisgarh,05-01-2018 00:00,15524.50643
2751,Koriya,1,22,Chhattisgarh,05-01-2018 00:00,15625.35374
2752,Mahasamund,12,22,Chhattisgarh,05-01-2018 00:00,15617.26693
2753,Raigarh,4,22,Chhattisgarh,05-01-2018 00:00,15544.46248
2754,Raipur,11,22,Chhattisgarh,05-01-2018 00:00,15619.61168
2755,Rajnandgaon,9,22,Chhattisgarh,05-01-2018 00:00,15727.67026
2756,Bastar,15,22,Chhattisgarh,05-01-2018 00:00,15321.45011
2757,Dantewada,16,22,Chhattisgarh,05-01-2018 00:00,15400.94929
2758,Dhamtari,13,22,Chhattisgarh,05-01-2018 00:00,15526.92636
2759,Durg,10,22,Chhattisgarh,05-01-2018 00:00,15731.35665
2760,Kanker,14,22,Chhattisgarh,05-01-2018 00:00,15483.95255
2761,Hoshangabad,37,23,Madhya Pradesh,05-01-2018 00:00,15833.62805
2762,Indore,26,23,Madhya Pradesh,05-01-2018 00:00,16009.12711
2763,Shajapur,22,23,Madhya Pradesh,05-01-2018 00:00,16070.26397
2764,Shivpuri,6,23,Madhya Pradesh,05-01-2018 00:00,15906.12894
2765,Ratlam,20,23,Madhya Pradesh,05-01-2018 00:00,16032.30221
2766,Rewa,14,23,Madhya Pradesh,05-01-2018 00:00,15694.86941
2767,Sagar,11,23,Madhya Pradesh,05-01-2018 00:00,16018.16343
2768,Sidhi,17,23,Madhya Pradesh,05-01-2018 00:00,15675.80435
2769,Ujjain,21,23,Madhya Pradesh,05-01-2018 00:00,16028.24304
2770,Vidisha,31,23,Madhya Pradesh,05-01-2018 00:00,16035.06324
2771,West Nimar,27,23,Madhya Pradesh,05-01-2018 00:00,16063.51668
2772,Morena,2,23,Madhya Pradesh,05-01-2018 00:00,15790.56932
2773,Sheopur,1,23,Madhya Pradesh,05-01-2018 00:00,15934.80177
2774,Dindori,41,23,Madhya Pradesh,05-01-2018 00:00,15814.83983
2775,Mandla,42,23,Madhya Pradesh,05-01-2018 00:00,15830.26304
2776,Shahdol,16,23,Madhya Pradesh,05-01-2018 00:00,15774.78116
2777,Umaria,15,23,Madhya Pradesh,05-01-2018 00:00,15810.76885
2778,Jabalpur,39,23,Madhya Pradesh,05-01-2018 00:00,15871.36688
2779,Jhabua,24,23,Madhya Pradesh,05-01-2018 00:00,16009.62795
2780,Mandsaur,19,23,Madhya Pradesh,05-01-2018 00:00,16022.34067
2781,Tikamgarh,8,23,Madhya Pradesh,05-01-2018 00:00,15917.75445
2782,Narsimhapur,40,23,Madhya Pradesh,05-01-2018 00:00,15818.43298
2783,Neemuch,18,23,Madhya Pradesh,05-01-2018 00:00,15971.63586
2784,Panna,10,23,Madhya Pradesh,05-01-2018 00:00,15875.32905
2785,Raisen,34,23,Madhya Pradesh,05-01-2018 00:00,15999.00955
2786,Rajgarh,30,23,Madhya Pradesh,05-01-2018 00:00,16062.37023
2787,Satna,13,23,Madhya Pradesh,05-01-2018 00:00,15751.2157
2788,Sehore,33,23,Madhya Pradesh,05-01-2018 00:00,16020.74595
2789,Seoni,44,23,Madhya Pradesh,05-01-2018 00:00,15920.37823
2790,Bhind,3,23,Madhya Pradesh,05-01-2018 00:00,15729.69739
2791,Bhopal,32,23,Madhya Pradesh,05-01-2018 00:00,15991.16758
2792,Barwani,28,23,Madhya Pradesh,05-01-2018 00:00,16075.25435
2793,Betul,35,23,Madhya Pradesh,05-01-2018 00:00,15965.85267
2794,Balaghat,45,23,Madhya Pradesh,05-01-2018 00:00,15668.5909
2795,Chhatarpur,9,23,Madhya Pradesh,05-01-2018 00:00,15862.93636
2796,Chhindwara,43,23,Madhya Pradesh,05-01-2018 00:00,15964.59847
2797,Dewas,23,23,Madhya Pradesh,05-01-2018 00:00,16042.33068
2798,Katni,38,23,Madhya Pradesh,05-01-2018 00:00,15843.11386
2799,Datia,5,23,Madhya Pradesh,05-01-2018 00:00,15805.47112
2800,Damoh,12,23,Madhya Pradesh,05-01-2018 00:00,15960.31308
2801,Dhar,25,23,Madhya Pradesh,05-01-2018 00:00,16056.25282
2802,East Nimar,29,23,Madhya Pradesh,05-01-2018 00:00,16027.24747
2803,Guna,7,23,Madhya Pradesh,05-01-2018 00:00,15977.59312
2804,Gwalior,4,23,Madhya Pradesh,05-01-2018 00:00,15820.33561
2805,Harda,36,23,Madhya Pradesh,05-01-2018 00:00,15965.04561
2806,Sabar Kantha,5,24,Gujarat,05-01-2018 00:00,15898.26156
2807,Surendranagar,8,24,Gujarat,05-01-2018 00:00,15996.68929
2808,The Dangs,23,24,Gujarat,05-01-2018 00:00,15864.25123
2809,Vadodara,19,24,Gujarat,05-01-2018 00:00,15888.7264
2810,Valsad,25,24,Gujarat,05-01-2018 00:00,15688.16124
2811,Bharuch,21,24,Gujarat,05-01-2018 00:00,15872.43213
2812,Surat,22,24,Gujarat,05-01-2018 00:00,15691.3551
2813,Jamnagar,10,24,Gujarat,05-01-2018 00:00,15931.9273
2814,Kheda,16,24,Gujarat,05-01-2018 00:00,15856.92237
2815,Mahesana,4,24,Gujarat,05-01-2018 00:00,15895.10586
2816,Narmada,20,24,Gujarat,05-01-2018 00:00,15888.08438
2817,Navsari,24,24,Gujarat,05-01-2018 00:00,15588.79512
2818,Panch Mahals,17,24,Gujarat,05-01-2018 00:00,15879.42974
2819,Patan,3,24,Gujarat,05-01-2018 00:00,15940.44174
2820,Porbandar,11,24,Gujarat,05-01-2018 00:00,15856.26155
2821,Rajkot,9,24,Gujarat,05-01-2018 00:00,16040.67351
2822,Anand,15,24,Gujarat,05-01-2018 00:00,15828.31005
2823,Ahmadabad,7,24,Gujarat,05-01-2018 00:00,16031.85507
2824,Amreli,13,24,Gujarat,05-01-2018 00:00,16059.20182
2825,Bhavnagar,14,24,Gujarat,05-01-2018 00:00,16106.9434
2826,Banas Kantha,2,24,Gujarat,05-01-2018 00:00,15797.3256
2827,Dohad,18,24,Gujarat,05-01-2018 00:00,15964.16586
2828,Junagadh,12,24,Gujarat,05-01-2018 00:00,15898.22842
2829,Kachchh,1,24,Gujarat,05-01-2018 00:00,15860.27161
2830,Gandhinagar,6,24,Gujarat,05-01-2018 00:00,15829.90815
2831,Daman,2,25,Daman & Diu,05-01-2018 00:00,15474.54121
2832,Diu,1,25,Daman & Diu,05-01-2018 00:00,15400.73578
2833,Hingoli,16,27,Maharashtra,05-01-2018 00:00,16086.19043
2834,Ratnagiri,32,27,Maharashtra,05-01-2018 00:00,15508.02097
2835,Raigarh,24,27,Maharashtra,05-01-2018 00:00,15615.76168
2836,Thane,21,27,Maharashtra,05-01-2018 00:00,15736.64398
2837,Solapur,30,27,Maharashtra,05-01-2018 00:00,15840.10054
2838,Sindhudurg,33,27,Maharashtra,05-01-2018 00:00,15498.81935
2839,Wardha,8,27,Maharashtra,05-01-2018 00:00,16077.61747
2840,Washim,6,27,Maharashtra,05-01-2018 00:00,16141.28163
2841,Yavatmal,14,27,Maharashtra,05-01-2018 00:00,16087.0409
2842,Jalgaon,3,27,Maharashtra,05-01-2018 00:00,16014.78334
2843,Jalna,18,27,Maharashtra,05-01-2018 00:00,16053.34776
2844,Kolhapur,34,27,Maharashtra,05-01-2018 00:00,15457.56899
2845,Latur,28,27,Maharashtra,05-01-2018 00:00,15921.55803
2846,Pune,25,27,Maharashtra,05-01-2018 00:00,15736.77513
2847,Nagpur,9,27,Maharashtra,05-01-2018 00:00,15943.23221
2848,Mumbai,23,27,Maharashtra,05-01-2018 00:00,15375.16789
2849,Mumbai (Suburban),22,27,Maharashtra,05-01-2018 00:00,15389.61205
2850,Nanded,15,27,Maharashtra,05-01-2018 00:00,15984.16708
2851,Nandurbar,1,27,Maharashtra,05-01-2018 00:00,15930.0432
2852,Nashik,20,27,Maharashtra,05-01-2018 00:00,15940.25731
2853,Osmanabad,29,27,Maharashtra,05-01-2018 00:00,15930.75555
2854,Parbhani,17,27,Maharashtra,05-01-2018 00:00,16023.19518
2855,Sangli,35,27,Maharashtra,05-01-2018 00:00,15754.33925
2856,Satara,31,27,Maharashtra,05-01-2018 00:00,15761.3604
2857,Aurangabad,19,27,Maharashtra,05-01-2018 00:00,15989.33816
2858,Ahmadnagar,26,27,Maharashtra,05-01-2018 00:00,15887.07961
2859,Akola,5,27,Maharashtra,05-01-2018 00:00,16139.65595
2860,Amravati,7,27,Maharashtra,05-01-2018 00:00,16066.6269
2861,Bid,27,27,Maharashtra,05-01-2018 00:00,15964.61297
2862,Bhandara,10,27,Maharashtra,05-01-2018 00:00,15749.27509
2863,Buldana,4,27,Maharashtra,05-01-2018 00:00,16063.30142
2864,Chandrapur,13,27,Maharashtra,05-01-2018 00:00,15794.68589
2865,Dhule,2,27,Maharashtra,05-01-2018 00:00,16044.13581
2866,Gadchiroli,12,27,Maharashtra,05-01-2018 00:00,15524.27103
2867,Gondiya,11,27,Maharashtra,05-01-2018 00:00,15714.53769
2868,Hyderabad,5,28,Andhra Pradesh,05-01-2018 00:00,15520.05714
2869,Rangareddi,6,28,Andhra Pradesh,05-01-2018 00:00,15728.35856
2870,Srikakulam,11,28,Andhra Pradesh,05-01-2018 00:00,15315.93349
2871,West Godavari,15,28,Andhra Pradesh,05-01-2018 00:00,15436.3124
2872,Visakhapatnam,13,28,Andhra Pradesh,05-01-2018 00:00,15222.93872
2873,Vizianagaram,12,28,Andhra Pradesh,05-01-2018 00:00,15336.00332
2874,Warangal,9,28,Andhra Pradesh,05-01-2018 00:00,15575.80318
2875,Khammam,10,28,Andhra Pradesh,05-01-2018 00:00,15534.5577
2876,Medak,4,28,Andhra Pradesh,05-01-2018 00:00,15764.84399
2877,Krishna,16,28,Andhra Pradesh,05-01-2018 00:00,15538.12661
2878,Kurnool,21,28,Andhra Pradesh,05-01-2018 00:00,15745.56658
2879,Mahbubnagar,7,28,Andhra Pradesh,05-01-2018 00:00,15720.24989
2880,Nalgonda,8,28,Andhra Pradesh,05-01-2018 00:00,15643.92859
2881,Nellore,19,28,Andhra Pradesh,05-01-2018 00:00,15655.01746
2882,Nizamabad,2,28,Andhra Pradesh,05-01-2018 00:00,15802.90247
2883,Prakasam,18,28,Andhra Pradesh,05-01-2018 00:00,15623.1112
2884,Anantapur,22,28,Andhra Pradesh,05-01-2018 00:00,15643.84182
2885,Adilabad,1,28,Andhra Pradesh,05-01-2018 00:00,15771.67323
2886,Chittoor,23,28,Andhra Pradesh,05-01-2018 00:00,15472.86136
2887,Cuddapah,20,28,Andhra Pradesh,05-01-2018 00:00,15600.52115
2888,East Godavari,14,28,Andhra Pradesh,05-01-2018 00:00,15316.06945
2889,Karimnagar,3,28,Andhra Pradesh,05-01-2018 00:00,15671.56906
2890,Guntur,17,28,Andhra Pradesh,05-01-2018 00:00,15665.7845
2891,Hassan,23,29,Karnataka,05-01-2018 00:00,15213.42651
2892,Haveri,11,29,Karnataka,05-01-2018 00:00,15452.49939
2893,Shimoga,15,29,Karnataka,05-01-2018 00:00,15192.62006
2894,Tumkur,18,29,Karnataka,05-01-2018 00:00,15373.21286
2895,Udupi,16,29,Karnataka,05-01-2018 00:00,15221.89157
2896,Uttara Kannada,10,29,Karnataka,05-01-2018 00:00,15161.56801
2897,Kodagu,25,29,Karnataka,05-01-2018 00:00,15015.0175
2898,Kolar,19,29,Karnataka,05-01-2018 00:00,15374.59443
2899,Mandya,22,29,Karnataka,05-01-2018 00:00,15191.37088
2900,Koppal,7,29,Karnataka,05-01-2018 00:00,15697.41418
2901,Mysore,26,29,Karnataka,05-01-2018 00:00,15253.40616
2902,Raichur,6,29,Karnataka,05-01-2018 00:00,15837.45735
2903,Bagalkot,2,29,Karnataka,05-01-2018 00:00,15639.29809
2904,Bangalore,20,29,Karnataka,05-01-2018 00:00,15229.82149
2905,Bidar,5,29,Karnataka,05-01-2018 00:00,15897.05114
2906,Bijapur,3,29,Karnataka,05-01-2018 00:00,15822.14086
2907,Belgaum,1,29,Karnataka,05-01-2018 00:00,15546.49433
2908,Bellary,12,29,Karnataka,05-01-2018 00:00,15584.84397
2909,Bangalore Rural,21,29,Karnataka,05-01-2018 00:00,15215.41215
2910,Chamarajanagar,27,29,Karnataka,05-01-2018 00:00,15190.32201
2911,Chikmagalur,17,29,Karnataka,05-01-2018 00:00,15150.8279
2912,Chitradurga,13,29,Karnataka,05-01-2018 00:00,15487.96823
2913,Dakshina Kannada,24,29,Karnataka,05-01-2018 00:00,15130.7294
2914,Davanagere,14,29,Karnataka,05-01-2018 00:00,15389.13554
2915,Dharwad,9,29,Karnataka,05-01-2018 00:00,15550.3093
2916,Gulbarga,4,29,Karnataka,05-01-2018 00:00,15898.565
2917,Gadag,8,29,Karnataka,05-01-2018 00:00,15649.53907
2918,South Goa,2,30,Goa,05-01-2018 00:00,15251.86012
2919,North Goa,1,30,Goa,05-01-2018 00:00,15344.91071
2920,Idukki,9,32,Kerala,05-01-2018 00:00,14939.91559
2921,Thrissur,7,32,Kerala,05-01-2018 00:00,15178.75504
2922,Thiruvananthapuram,14,32,Kerala,05-01-2018 00:00,15076.34114
2923,Wayanad,3,32,Kerala,05-01-2018 00:00,15011.02739
2924,Kollam,13,32,Kerala,05-01-2018 00:00,15153.35501
2925,Kottayam,10,32,Kerala,05-01-2018 00:00,15095.45688
2926,Kozhikode,4,32,Kerala,05-01-2018 00:00,15138.71289
2927,Malappuram,5,32,Kerala,05-01-2018 00:00,15155.24686
2928,Palakkad,6,32,Kerala,05-01-2018 00:00,15134.1282
2929,Pathanamthitta,12,32,Kerala,05-01-2018 00:00,15044.91899
2930,Alappuzha,11,32,Kerala,05-01-2018 00:00,15145.41611
2931,Kasaragod,1,32,Kerala,05-01-2018 00:00,15200.5314
2932,Kannur,2,32,Kerala,05-01-2018 00:00,15187.33571
2933,Ernakulam,8,32,Kerala,05-01-2018 00:00,15140.25059
2934,Sivaganga,23,33,Tamil Nadu,05-01-2018 00:00,15584.02705
2935,Tiruchirappalli,15,33,Tamil Nadu,05-01-2018 00:00,15551.36343
2936,Tirunelveli,29,33,Tamil Nadu,05-01-2018 00:00,15443.73845
2937,Tiruvannamalai,6,33,Tamil Nadu,05-01-2018 00:00,15551.65412
2938,Thoothukkudi,28,33,Tamil Nadu,05-01-2018 00:00,15604.48112
2939,Theni,25,33,Tamil Nadu,05-01-2018 00:00,15255.53067
2940,Vellore,4,33,Tamil Nadu,05-01-2018 00:00,15467.79291
2941,Viluppuram,7,33,Tamil Nadu,05-01-2018 00:00,15626.83523
2942,Virudhunagar,26,33,Tamil Nadu,05-01-2018 00:00,15533.13452
2943,Chennai,2,33,Tamil Nadu,05-01-2018 00:00,15594.26479
2944,Kancheepuram,3,33,Tamil Nadu,05-01-2018 00:00,15589.27302
2945,Thiruvallur,1,33,Tamil Nadu,05-01-2018 00:00,15612.60121
2946,Thanjavur,21,33,Tamil Nadu,05-01-2018 00:00,15477.62687
2947,Thiruvarur,20,33,Tamil Nadu,05-01-2018 00:00,15497.2351
2948,Nagapattinam,19,33,Tamil Nadu,05-01-2018 00:00,15539.34857
2949,Kanniyakumari,30,33,Tamil Nadu,05-01-2018 00:00,15062.66883
2950,Karur,14,33,Tamil Nadu,05-01-2018 00:00,15616.74144
2951,Madurai,24,33,Tamil Nadu,05-01-2018 00:00,15496.41821
2952,Namakkal,9,33,Tamil Nadu,05-01-2018 00:00,15465.31935
2953,The Nilgiris,11,33,Tamil Nadu,05-01-2018 00:00,14940.90638
2954,Perambalur,16,33,Tamil Nadu,05-01-2018 00:00,15701.10598
2955,Pudukkottai,22,33,Tamil Nadu,05-01-2018 00:00,15578.76118
2956,Ramanathapuram,27,33,Tamil Nadu,05-01-2018 00:00,15614.38862
2957,Salem,8,33,Tamil Nadu,05-01-2018 00:00,15392.87691
2958,Ariyalur,17,33,Tamil Nadu,05-01-2018 00:00,15691.22674
2959,Coimbatore,12,33,Tamil Nadu,05-01-2018 00:00,15272.37785
2960,Cuddalore,18,33,Tamil Nadu,05-01-2018 00:00,15656.34299
2961,Dharmapuri,5,33,Tamil Nadu,05-01-2018 00:00,15327.82637
2962,Dindigul,13,33,Tamil Nadu,05-01-2018 00:00,15361.68503
2963,Erode,10,33,Tamil Nadu,05-01-2018 00:00,15331.21694
2964,Yanam,1,34,Puducherry,05-01-2018 00:00,15380.26338
2965,Karaikal,4,34,Puducherry,05-01-2018 00:00,15509.72584
2966,Mahe,3,34,Puducherry,05-01-2018 00:00,15219.64797
2967,Pondicherry,2,34,Puducherry,05-01-2018 00:00,15448.4862
2968,Nicobars,2,35,Andaman & Nicobar Island,05-01-2018 00:00,14963.81329
2969,Andamans,1,35,Andaman & Nicobar Island,05-01-2018 00:00,14972.26191
2970,Lakshadweep,1,31,Lakshadweep,06-01-2018 00:00,14916.28367
2971,Chandigarh,1,4,Chandigarh,06-01-2018 00:00,15529.95708
2972,Dadra & Nagar Haveli,1,26,Dadara & Nagar Havelli,06-01-2018 00:00,15405.12934
2973,Data Not Available,99,99,Jammu and Kashmir,06-01-2018 00:00,14592.7059
2974,Srinagar,3,1,Jammu and Kashmir,06-01-2018 00:00,14733.15361
2975,Udhampur,10,1,Jammu and Kashmir,06-01-2018 00:00,15214.94648
2976,Jammu,13,1,Jammu and Kashmir,06-01-2018 00:00,15706.44335
2977,Kargil,8,1,Jammu and Kashmir,06-01-2018 00:00,14780.64766
2978,Kathua,14,1,Jammu and Kashmir,06-01-2018 00:00,15401.0724
2979,Leh (Ladakh),7,1,Jammu and Kashmir,06-01-2018 00:00,14866.79376
2980,Kupwara,1,1,Jammu and Kashmir,06-01-2018 00:00,14945.71177
2981,Punch,11,1,Jammu and Kashmir,06-01-2018 00:00,15128.44611
2982,Pulwama,5,1,Jammu and Kashmir,06-01-2018 00:00,15050.63479
2983,Rajauri,12,1,Jammu and Kashmir,06-01-2018 00:00,15418.86029
2984,Anantnag,6,1,Jammu and Kashmir,06-01-2018 00:00,14758.532
2985,Badgam,4,1,Jammu and Kashmir,06-01-2018 00:00,14956.9569
2986,Baramula,2,1,Jammu and Kashmir,06-01-2018 00:00,14849.58387
2987,Doda,9,1,Jammu and Kashmir,06-01-2018 00:00,14621.04545
2988,Shimla,11,2,Himachal Pradesh,06-01-2018 00:00,14931.18745
2989,Sirmaur,10,2,Himachal Pradesh,06-01-2018 00:00,15226.95392
2990,Solan,9,2,Himachal Pradesh,06-01-2018 00:00,15353.11386
2991,Una,7,2,Himachal Pradesh,06-01-2018 00:00,15563.90423
2992,Kangra,2,2,Himachal Pradesh,06-01-2018 00:00,15151.03514
2993,Kinnaur,12,2,Himachal Pradesh,06-01-2018 00:00,14713.913
2994,Lahul & Spiti,3,2,Himachal Pradesh,06-01-2018 00:00,14586.15745
2995,Kullu,4,2,Himachal Pradesh,06-01-2018 00:00,14574.56065
2996,Mandi,5,2,Himachal Pradesh,06-01-2018 00:00,15095.76832
2997,Bilaspur,8,2,Himachal Pradesh,06-01-2018 00:00,15415.39905
2998,Chamba,1,2,Himachal Pradesh,06-01-2018 00:00,14760.97071
2999,Hamirpur,6,2,Himachal Pradesh,06-01-2018 00:00,15373.42909
3000,Hoshiarpur,5,3,Punjab,06-01-2018 00:00,15530.48276
3001,Rupnagar,7,3,Punjab,06-01-2018 00:00,15503.35682
3002,Jalandhar,4,3,Punjab,06-01-2018 00:00,15526.73511
3003,Kapurthala,3,3,Punjab,06-01-2018 00:00,15525.28992
3004,Ludhiana,9,3,Punjab,06-01-2018 00:00,15516.59293
3005,Mansa,15,3,Punjab,06-01-2018 00:00,15439.47922
3006,Moga,10,3,Punjab,06-01-2018 00:00,15493.21556
3007,Muktsar,12,3,Punjab,06-01-2018 00:00,15513.51414
3008,Nawanshahr,6,3,Punjab,06-01-2018 00:00,15491.95915
3009,Patiala,17,3,Punjab,06-01-2018 00:00,15463.55787
3010,Sangrur,16,3,Punjab,06-01-2018 00:00,15446.44418
3011,Amritsar,2,3,Punjab,06-01-2018 00:00,15526.01465
3012,Firozpur,11,3,Punjab,06-01-2018 00:00,15522.55195
3013,Bathinda,14,3,Punjab,06-01-2018 00:00,15492.23703
3014,Gurdaspur,1,3,Punjab,06-01-2018 00:00,15584.56665
3015,Faridkot,13,3,Punjab,06-01-2018 00:00,15515.71464
3016,Fatehgarh Sahib,8,3,Punjab,06-01-2018 00:00,15442.11658
3017,Hardwar,13,5,Uttarakhand,06-01-2018 00:00,15350.80998
3018,Rudraprayag,3,5,Uttarakhand,06-01-2018 00:00,14674.29975
3019,Tehri Garhwal,4,5,Uttarakhand,06-01-2018 00:00,14994.79435
3020,Udham Singh Nagar,12,5,Uttarakhand,06-01-2018 00:00,15353.1564
3021,Uttarkashi,1,5,Uttarakhand,06-01-2018 00:00,14663.0646
3022,Nainital,11,5,Uttarakhand,06-01-2018 00:00,15244.91816
3023,Pithoragarh,7,5,Uttarakhand,06-01-2018 00:00,14577.54981
3024,Bageshwar,8,5,Uttarakhand,06-01-2018 00:00,14782.17755
3025,Almora,9,5,Uttarakhand,06-01-2018 00:00,15212.62193
3026,Chamoli,2,5,Uttarakhand,06-01-2018 00:00,14542.99672
3027,Champawat,10,5,Uttarakhand,06-01-2018 00:00,15139.85451
3028,Dehradun,5,5,Uttarakhand,06-01-2018 00:00,15223.15101
3029,Garhwal,6,5,Uttarakhand,06-01-2018 00:00,15222.83404
3030,Hisar,12,6,Haryana,06-01-2018 00:00,15559.88227
3031,Rohtak,14,6,Haryana,06-01-2018 00:00,15546.69312
3032,Sirsa,11,6,Haryana,06-01-2018 00:00,15541.04171
3033,Sonipat,8,6,Haryana,06-01-2018 00:00,15653.54046
3034,Yamunanagar,3,6,Haryana,06-01-2018 00:00,15452.98579
3035,Jhajjar,15,6,Haryana,06-01-2018 00:00,15709.56149
3036,Mahendragarh,16,6,Haryana,06-01-2018 00:00,15783.38154
3037,Rewari,17,6,Haryana,06-01-2018 00:00,15884.37652
3038,Bhiwani,13,6,Haryana,06-01-2018 00:00,15691.20795
3039,Jind,9,6,Haryana,06-01-2018 00:00,15481.37871
3040,Kaithal,5,6,Haryana,06-01-2018 00:00,15425.28997
3041,Karnal,6,6,Haryana,06-01-2018 00:00,15373.94388
3042,Kurukshetra,4,6,Haryana,06-01-2018 00:00,15412.23963
3043,Panchkula,1,6,Haryana,06-01-2018 00:00,15524.41607
3044,Panipat,7,6,Haryana,06-01-2018 00:00,15635.48888
3045,Ambala,2,6,Haryana,06-01-2018 00:00,15529.29555
3046,Gurgaon,18,6,Haryana,06-01-2018 00:00,15657.74438
3047,Faridabad,19,6,Haryana,06-01-2018 00:00,15546.13511
3048,Fatehabad,10,6,Haryana,06-01-2018 00:00,15476.48107
3049,Central,6,7,Delhi  & NCR,06-01-2018 00:00,15324.5519
3050,East,4,7,Delhi  & NCR,06-01-2018 00:00,15327.09556
3051,New Delhi,5,7,Delhi  & NCR,06-01-2018 00:00,15290.65719
3052,North,2,7,Delhi  & NCR,06-01-2018 00:00,15344.88285
3053,North East,3,7,Delhi  & NCR,06-01-2018 00:00,15384.56554
3054,North West,1,7,Delhi  & NCR,06-01-2018 00:00,15529.37472
3055,South,9,7,Delhi  & NCR,06-01-2018 00:00,15373.1556
3056,South West,8,7,Delhi  & NCR,06-01-2018 00:00,15481.15523
3057,West,7,7,Delhi  & NCR,06-01-2018 00:00,15371.67265
3058,Sirohi,19,8,Rajasthan,06-01-2018 00:00,15639.19883
3059,Tonk,22,8,Rajasthan,06-01-2018 00:00,15710.25512
3060,Sikar,13,8,Rajasthan,06-01-2018 00:00,15710.59694
3061,Alwar,6,8,Rajasthan,06-01-2018 00:00,15682.96766
3062,Udaipur,26,8,Rajasthan,06-01-2018 00:00,15654.31093
3063,Ganganagar,1,8,Rajasthan,06-01-2018 00:00,15710.98543
3064,Hanumangarh,2,8,Rajasthan,06-01-2018 00:00,15701.82472
3065,Baran,31,8,Rajasthan,06-01-2018 00:00,15677.52658
3066,Jaipur,12,8,Rajasthan,06-01-2018 00:00,15678.10074
3067,Jaisalmer,16,8,Rajasthan,06-01-2018 00:00,15964.0883
3068,Jalor,18,8,Rajasthan,06-01-2018 00:00,15727.13984
3069,Jhalawar,32,8,Rajasthan,06-01-2018 00:00,15659.08398
3070,Jhunjhunun,5,8,Rajasthan,06-01-2018 00:00,15699.58482
3071,Jodhpur,15,8,Rajasthan,06-01-2018 00:00,15836.59049
3072,Kota,30,8,Rajasthan,06-01-2018 00:00,15670.56598
3073,Nagaur,14,8,Rajasthan,06-01-2018 00:00,15759.17851
3074,Pali,20,8,Rajasthan,06-01-2018 00:00,15729.15438
3075,Rajsamand,25,8,Rajasthan,06-01-2018 00:00,15674.59561
3076,Sawai Madhopur,10,8,Rajasthan,06-01-2018 00:00,15653.98763
3077,Ajmer,21,8,Rajasthan,06-01-2018 00:00,15729.31043
3078,Banswara,28,8,Rajasthan,06-01-2018 00:00,15669.73259
3079,Barmer,17,8,Rajasthan,06-01-2018 00:00,15847.45392
3080,Bhilwara,24,8,Rajasthan,06-01-2018 00:00,15747.16329
3081,Bikaner,3,8,Rajasthan,06-01-2018 00:00,15888.9813
3082,Bharatpur,7,8,Rajasthan,06-01-2018 00:00,15742.06103
3083,Bundi,23,8,Rajasthan,06-01-2018 00:00,15670.03843
3084,Chittaurgarh,29,8,Rajasthan,06-01-2018 00:00,15659.75958
3085,Churu,4,8,Rajasthan,06-01-2018 00:00,15770.82383
3086,Dausa,11,8,Rajasthan,06-01-2018 00:00,15659.59402
3087,Dhaulpur,8,8,Rajasthan,06-01-2018 00:00,15646.01329
3088,Dungarpur,27,8,Rajasthan,06-01-2018 00:00,15684.79738
3089,Karauli,9,8,Rajasthan,06-01-2018 00:00,15630.65159
3090,Hathras,13,9,Uttar Pradesh,06-01-2018 00:00,15545.03498
3091,Shrawasti,51,9,Uttar Pradesh,06-01-2018 00:00,15443.43632
3092,Saharanpur,1,9,Uttar Pradesh,06-01-2018 00:00,15320.75442
3093,Sitapur,24,9,Uttar Pradesh,06-01-2018 00:00,15476.56095
3094,Sultanpur,49,9,Uttar Pradesh,06-01-2018 00:00,15700.03068
3095,Sonbhadra,70,9,Uttar Pradesh,06-01-2018 00:00,15579.8569
3096,Siddharthnagar,54,9,Uttar Pradesh,06-01-2018 00:00,15582.91236
3097,Unnao,26,9,Uttar Pradesh,06-01-2018 00:00,15718.27352
3098,Varanasi,67,9,Uttar Pradesh,06-01-2018 00:00,15563.86739
3099,Bulandshahr,11,9,Uttar Pradesh,06-01-2018 00:00,15442.62894
3100,Gautam Buddha Nagar,10,9,Uttar Pradesh,06-01-2018 00:00,15546.32983
3101,Ghaziabad,9,9,Uttar Pradesh,06-01-2018 00:00,15410.82207
3102,Jalaun,35,9,Uttar Pradesh,06-01-2018 00:00,15709.5091
3103,Jaunpur,64,9,Uttar Pradesh,06-01-2018 00:00,15662.94249
3104,Jhansi,36,9,Uttar Pradesh,06-01-2018 00:00,15681.26589
3105,Jyotiba Phule Nagar,6,9,Uttar Pradesh,06-01-2018 00:00,15327.70831
3106,Kannauj,30,9,Uttar Pradesh,06-01-2018 00:00,15589.77222
3107,Kanpur Nagar,34,9,Uttar Pradesh,06-01-2018 00:00,15750.61622
3108,Kaushambi,44,9,Uttar Pradesh,06-01-2018 00:00,15547.17205
3109,Kheri,23,9,Uttar Pradesh,06-01-2018 00:00,15365.04696
3110,Mirzapur,69,9,Uttar Pradesh,06-01-2018 00:00,15690.6997
3111,Moradabad,4,9,Uttar Pradesh,06-01-2018 00:00,15411.05724
3112,Muzaffarnagar,2,9,Uttar Pradesh,06-01-2018 00:00,15288.35214
3113,Rae Bareli,28,9,Uttar Pradesh,06-01-2018 00:00,15584.70362
3114,Kushinagar,59,9,Uttar Pradesh,06-01-2018 00:00,15447.80176
3115,Lucknow,27,9,Uttar Pradesh,06-01-2018 00:00,15562.0488
3116,Lalitpur,37,9,Uttar Pradesh,06-01-2018 00:00,15704.77458
3117,Mahrajganj,57,9,Uttar Pradesh,06-01-2018 00:00,15464.22212
3118,Mahoba,39,9,Uttar Pradesh,06-01-2018 00:00,15814.92684
3119,Mainpuri,18,9,Uttar Pradesh,06-01-2018 00:00,15678.58885
3120,Mathura,14,9,Uttar Pradesh,06-01-2018 00:00,15684.39354
3121,Mau,62,9,Uttar Pradesh,06-01-2018 00:00,15508.67821
3122,Meerut,7,9,Uttar Pradesh,06-01-2018 00:00,15302.06104
3123,Pilibhit,21,9,Uttar Pradesh,06-01-2018 00:00,15358.47226
3124,Pratapgarh,43,9,Uttar Pradesh,06-01-2018 00:00,15620.56595
3125,Rampur,5,9,Uttar Pradesh,06-01-2018 00:00,15407.3824
3126,Sant Ravidas Nagar Bhadohi,68,9,Uttar Pradesh,06-01-2018 00:00,15587.83527
3127,Sant Kabir Nagar,56,9,Uttar Pradesh,06-01-2018 00:00,15538.15215
3128,Shahjahanpur,22,9,Uttar Pradesh,06-01-2018 00:00,15576.57127
3129,Auraiya,32,9,Uttar Pradesh,06-01-2018 00:00,15739.18712
3130,Azamgarh,61,9,Uttar Pradesh,06-01-2018 00:00,15676.26809
3131,Budaun,19,9,Uttar Pradesh,06-01-2018 00:00,15558.53459
3132,Agra,15,9,Uttar Pradesh,06-01-2018 00:00,15620.42498
3133,Aligarh,12,9,Uttar Pradesh,06-01-2018 00:00,15555.74221
3134,Allahabad,45,9,Uttar Pradesh,06-01-2018 00:00,15595.72934
3135,Ambedkar Nagar,48,9,Uttar Pradesh,06-01-2018 00:00,15642.09153
3136,Bareilly,20,9,Uttar Pradesh,06-01-2018 00:00,15441.65425
3137,Bijnor,3,9,Uttar Pradesh,06-01-2018 00:00,15318.42467
3138,Basti,55,9,Uttar Pradesh,06-01-2018 00:00,15537.5388
3139,Baghpat,8,9,Uttar Pradesh,06-01-2018 00:00,15352.89703
3140,Bahraich,50,9,Uttar Pradesh,06-01-2018 00:00,15448.43705
3141,Ballia,63,9,Uttar Pradesh,06-01-2018 00:00,15554.32259
3142,Balrampur,52,9,Uttar Pradesh,06-01-2018 00:00,15446.27114
3143,Banda,40,9,Uttar Pradesh,06-01-2018 00:00,15865.36482
3144,Barabanki,46,9,Uttar Pradesh,06-01-2018 00:00,15546.83652
3145,Chitrakoot,41,9,Uttar Pradesh,06-01-2018 00:00,15718.98025
3146,Chandauli,66,9,Uttar Pradesh,06-01-2018 00:00,15672.15892
3147,Deoria,60,9,Uttar Pradesh,06-01-2018 00:00,15520.49954
3148,Etah,17,9,Uttar Pradesh,06-01-2018 00:00,15634.4922
3149,Kanpur Dehat,33,9,Uttar Pradesh,06-01-2018 00:00,15783.4141
3150,Etawah,31,9,Uttar Pradesh,06-01-2018 00:00,15557.98004
3151,Faizabad,47,9,Uttar Pradesh,06-01-2018 00:00,15627.85919
3152,Ghazipur,65,9,Uttar Pradesh,06-01-2018 00:00,15512.25216
3153,Gonda,53,9,Uttar Pradesh,06-01-2018 00:00,15520.00527
3154,Gorakhpur,58,9,Uttar Pradesh,06-01-2018 00:00,15500.63527
3155,Farrukhabad,29,9,Uttar Pradesh,06-01-2018 00:00,15498.91746
3156,Fatehpur,42,9,Uttar Pradesh,06-01-2018 00:00,15662.866
3157,Firozabad,16,9,Uttar Pradesh,06-01-2018 00:00,15573.28037
3158,Hamirpur,38,9,Uttar Pradesh,06-01-2018 00:00,15790.34685
3159,Hardoi,25,9,Uttar Pradesh,06-01-2018 00:00,15693.08554
3160,Sheikhpura,26,10,Bihar,06-01-2018 00:00,15594.44248
3161,Sheohar,3,10,Bihar,06-01-2018 00:00,15479.22129
3162,Saharsa,12,10,Bihar,06-01-2018 00:00,15297.93008
3163,Sitamarhi,4,10,Bihar,06-01-2018 00:00,15524.7093
3164,Siwan,16,10,Bihar,06-01-2018 00:00,15451.07348
3165,Supaul,6,10,Bihar,06-01-2018 00:00,15381.10638
3166,Vaishali,18,10,Bihar,06-01-2018 00:00,15490.67596
3167,Kaimur (Bhabua),31,10,Bihar,06-01-2018 00:00,15605.13507
3168,Gaya,35,10,Bihar,06-01-2018 00:00,15646.88556
3169,Bhojpur,29,10,Bihar,06-01-2018 00:00,15650.96581
3170,Buxar,30,10,Bihar,06-01-2018 00:00,15620.97118
3171,Jehanabad,33,10,Bihar,06-01-2018 00:00,15636.44107
3172,Rohtas,32,10,Bihar,06-01-2018 00:00,15571.09728
3173,Jamui,37,10,Bihar,06-01-2018 00:00,15541.60208
3174,Kishanganj,8,10,Bihar,06-01-2018 00:00,15328.47935
3175,Muzaffarpur,14,10,Bihar,06-01-2018 00:00,15482.60436
3176,Purnia,9,10,Bihar,06-01-2018 00:00,15269.80278
3177,Khagaria,21,10,Bihar,06-01-2018 00:00,15432.25995
3178,Madhubani,5,10,Bihar,06-01-2018 00:00,15551.16257
3179,Lakhisarai,25,10,Bihar,06-01-2018 00:00,15576.01193
3180,Madhepura,11,10,Bihar,06-01-2018 00:00,15280.4797
3181,Purba Champaran,2,10,Bihar,06-01-2018 00:00,15438.03351
3182,Munger,24,10,Bihar,06-01-2018 00:00,15436.24278
3183,Nalanda,27,10,Bihar,06-01-2018 00:00,15573.64532
3184,Nawada,36,10,Bihar,06-01-2018 00:00,15563.49942
3185,Pashchim Champaran,1,10,Bihar,06-01-2018 00:00,15389.05202
3186,Patna,28,10,Bihar,06-01-2018 00:00,15590.1046
3187,Samastipur,19,10,Bihar,06-01-2018 00:00,15419.43022
3188,Araria,7,10,Bihar,06-01-2018 00:00,15361.05977
3189,Aurangabad,34,10,Bihar,06-01-2018 00:00,15612.97958
3190,Banka,23,10,Bihar,06-01-2018 00:00,15456.65236
3191,Bhagalpur,22,10,Bihar,06-01-2018 00:00,15344.60778
3192,Begusarai,20,10,Bihar,06-01-2018 00:00,15473.77529
3193,Saran,17,10,Bihar,06-01-2018 00:00,15492.56732
3194,Katihar,10,10,Bihar,06-01-2018 00:00,15211.75626
3195,Darbhanga,13,10,Bihar,06-01-2018 00:00,15359.85982
3196,Gopalganj,15,10,Bihar,06-01-2018 00:00,15428.12524
3197,South,3,11,Sikkim,06-01-2018 00:00,14733.5217
3198,West,2,11,Sikkim,06-01-2018 00:00,14421.9536
3199,North,1,11,Sikkim,06-01-2018 00:00,14125.29339
3200,East,4,11,Sikkim,06-01-2018 00:00,14644.10599
3201,Tawang,1,12,Arunanchal Pradesh,06-01-2018 00:00,14358.70589
3202,Tirap,13,12,Arunanchal Pradesh,06-01-2018 00:00,15138.68566
3203,West Kameng,2,12,Arunanchal Pradesh,06-01-2018 00:00,14618.65428
3204,West Siang,7,12,Arunanchal Pradesh,06-01-2018 00:00,14851.45534
3205,Upper Siang,9,12,Arunanchal Pradesh,06-01-2018 00:00,14655.01145
3206,Upper Subansiri,6,12,Arunanchal Pradesh,06-01-2018 00:00,14628.69014
3207,Lohit,11,12,Arunanchal Pradesh,06-01-2018 00:00,14775.343
3208,Lower Subansiri,5,12,Arunanchal Pradesh,06-01-2018 00:00,14674.8557
3209,Papum Pare,4,12,Arunanchal Pradesh,06-01-2018 00:00,14907.0751
3210,Changlang,12,12,Arunanchal Pradesh,06-01-2018 00:00,15024.0835
3211,Dibang Valley,10,12,Arunanchal Pradesh,06-01-2018 00:00,14594.03792
3212,East Kameng,3,12,Arunanchal Pradesh,06-01-2018 00:00,14662.39545
3213,East Siang,8,12,Arunanchal Pradesh,06-01-2018 00:00,15118.0388
3214,Tuensang,2,13,Nagaland,06-01-2018 00:00,14794.8885
3215,Wokha,5,13,Nagaland,06-01-2018 00:00,15075.47146
3216,Zunheboto,4,13,Nagaland,06-01-2018 00:00,14857.2391
3217,Dimapur,6,13,Nagaland,06-01-2018 00:00,15199.35698
3218,Kohima,7,13,Nagaland,06-01-2018 00:00,15023.39996
3219,Mokokchung,3,13,Nagaland,06-01-2018 00:00,15011.10388
3220,Mon,1,13,Nagaland,06-01-2018 00:00,15145.18096
3221,Phek,8,13,Nagaland,06-01-2018 00:00,14843.05853
3222,Tamenglong,2,14,Manipur,06-01-2018 00:00,14987.63599
3223,Thoubal,5,14,Manipur,06-01-2018 00:00,15116.16848
3224,Ukhrul,8,14,Manipur,06-01-2018 00:00,14936.19574
3225,Imphal East,7,14,Manipur,06-01-2018 00:00,15138.79543
3226,Imphal West,6,14,Manipur,06-01-2018 00:00,15060.78762
3227,Senapati (Excl. 3 sub-divisions),1,14,Manipur,06-01-2018 00:00,14881.417
3228,Bishnupur,4,14,Manipur,06-01-2018 00:00,15034.67766
3229,Chandel,9,14,Manipur,06-01-2018 00:00,14993.39576
3230,Churachandpur,3,14,Manipur,06-01-2018 00:00,14988.95103
3231,Kolasib,2,15,Mizoram,06-01-2018 00:00,15034.76462
3232,Mamit,1,15,Mizoram,06-01-2018 00:00,15033.45245
3233,Lunglei,6,15,Mizoram,06-01-2018 00:00,14995.51696
3234,Lawngtlai,7,15,Mizoram,06-01-2018 00:00,15055.07867
3235,Saiha,8,15,Mizoram,06-01-2018 00:00,14954.24328
3236,Serchhip,5,15,Mizoram,06-01-2018 00:00,14940.88427
3237,Aizawl,3,15,Mizoram,06-01-2018 00:00,14998.55855
3238,Champhai,4,15,Mizoram,06-01-2018 00:00,14930.67805
3239,South Tripura,2,16,Tripura,06-01-2018 00:00,15156.4691
3240,West Tripura,1,16,Tripura,06-01-2018 00:00,15128.38114
3241,North Tripura,4,16,Tripura,06-01-2018 00:00,15085.03151
3242,Dhalai,3,16,Tripura,06-01-2018 00:00,15044.1064
3243,Ri Bhoi,5,17,Meghalaya,06-01-2018 00:00,15111.93379
3244,South Garo Hills,3,17,Meghalaya,06-01-2018 00:00,15116.14017
3245,West Garo Hills,1,17,Meghalaya,06-01-2018 00:00,15020.39617
3246,West Khasi Hills,4,17,Meghalaya,06-01-2018 00:00,15018.28422
3247,Jaintia Hills,7,17,Meghalaya,06-01-2018 00:00,15032.7338
3248,East Garo Hills,2,17,Meghalaya,06-01-2018 00:00,15082.61259
3249,East Khasi Hills,6,17,Meghalaya,06-01-2018 00:00,14999.38801
3250,Sonitpur,11,18,Assam,06-01-2018 00:00,15259.45089
3251,Sibsagar,16,18,Assam,06-01-2018 00:00,15344.30898
3252,Tinsukia,14,18,Assam,06-01-2018 00:00,15305.0923
3253,Jorhat,17,18,Assam,06-01-2018 00:00,15224.19031
3254,Karimganj,22,18,Assam,06-01-2018 00:00,15035.32417
3255,Kokrajhar,1,18,Assam,06-01-2018 00:00,15331.8115
3256,Lakhimpur,12,18,Assam,06-01-2018 00:00,15328.77788
3257,Nagaon,10,18,Assam,06-01-2018 00:00,15352.26265
3258,Marigaon,9,18,Assam,06-01-2018 00:00,15255.92686
3259,Nalbari,7,18,Assam,06-01-2018 00:00,15259.18133
3260,North Cachar Hills,20,18,Assam,06-01-2018 00:00,15080.5315
3261,Barpeta,5,18,Assam,06-01-2018 00:00,15206.53631
3262,Bongaigaon,4,18,Assam,06-01-2018 00:00,15291.22199
3263,Cachar,21,18,Assam,06-01-2018 00:00,15097.72655
3264,Darrang,8,18,Assam,06-01-2018 00:00,15283.41709
3265,Dhemaji,13,18,Assam,06-01-2018 00:00,15329.18186
3266,Dhubri,2,18,Assam,06-01-2018 00:00,15105.19618
3267,Dibrugarh,15,18,Assam,06-01-2018 00:00,15257.89515
3268,Kamrup,6,18,Assam,06-01-2018 00:00,15233.59346
3269,Karbi Anglong,19,18,Assam,06-01-2018 00:00,15143.13851
3270,Goalpara,3,18,Assam,06-01-2018 00:00,15055.46856
3271,Golaghat,18,18,Assam,06-01-2018 00:00,15185.02736
3272,Hailakandi,23,18,Assam,06-01-2018 00:00,15082.53035
3273,Hugli,12,19,West Bengal,06-01-2018 00:00,15307.70662
3274,South  Twenty Four Parganas,18,19,West Bengal,06-01-2018 00:00,15260.62312
3275,Uttar Dinajpur,4,19,West Bengal,06-01-2018 00:00,15149.38952
3276,Jalpaiguri,2,19,West Bengal,06-01-2018 00:00,15256.98605
3277,Koch Bihar,3,19,West Bengal,06-01-2018 00:00,15176.19786
3278,Murshidabad,7,19,West Bengal,06-01-2018 00:00,15238.73216
3279,Puruliya,14,19,West Bengal,06-01-2018 00:00,15405.85226
3280,Kolkata,17,19,West Bengal,06-01-2018 00:00,15470.16828
3281,Maldah,6,19,West Bengal,06-01-2018 00:00,15160.3603
3282,Nadia,10,19,West Bengal,06-01-2018 00:00,15192.92074
3283,North Twenty Four Parganas,11,19,West Bengal,06-01-2018 00:00,15120.96158
3284,Medinipur,15,19,West Bengal,06-01-2018 00:00,15363.86133
3285,Barddhaman,9,19,West Bengal,06-01-2018 00:00,15423.09369
3286,Birbhum,8,19,West Bengal,06-01-2018 00:00,15463.3857
3287,Bankura,13,19,West Bengal,06-01-2018 00:00,15403.6602
3288,Dakshin Dinajpur,5,19,West Bengal,06-01-2018 00:00,15007.21071
3289,Darjiling,1,19,West Bengal,06-01-2018 00:00,15018.27874
3290,Haora,16,19,West Bengal,06-01-2018 00:00,15329.24674
3291,Ranchi,14,20,Jharkhand,06-01-2018 00:00,15423.42035
3292,Sahibganj,9,20,Jharkhand,06-01-2018 00:00,15258.84533
3293,Garhwa,1,20,Jharkhand,06-01-2018 00:00,15581.3135
3294,Palamu,2,20,Jharkhand,06-01-2018 00:00,15576.81353
3295,Chatra,3,20,Jharkhand,06-01-2018 00:00,15570.12712
3296,Hazaribagh,4,20,Jharkhand,06-01-2018 00:00,15493.23885
3297,Kodarma,5,20,Jharkhand,06-01-2018 00:00,15487.79884
3298,Purbi Singhbhum,18,20,Jharkhand,06-01-2018 00:00,15416.29648
3299,Lohardaga,15,20,Jharkhand,06-01-2018 00:00,15375.97621
3300,Pakaur,10,20,Jharkhand,06-01-2018 00:00,15346.34954
3301,Pashchimi Singhbhum,17,20,Jharkhand,06-01-2018 00:00,15420.76456
3302,Bokaro,13,20,Jharkhand,06-01-2018 00:00,15458.69939
3303,Deoghar,7,20,Jharkhand,06-01-2018 00:00,15508.96028
3304,Dhanbad,12,20,Jharkhand,06-01-2018 00:00,15391.75493
3305,Dumka,11,20,Jharkhand,06-01-2018 00:00,15413.86459
3306,Giridih,6,20,Jharkhand,06-01-2018 00:00,15481.56544
3307,Godda,8,20,Jharkhand,06-01-2018 00:00,15339.32491
3308,Gumla,16,20,Jharkhand,06-01-2018 00:00,15388.71887
3309,Rayagada,27,21,Orissa,06-01-2018 00:00,15396.38365
3310,Sundargarh,5,21,Orissa,06-01-2018 00:00,15357.38253
3311,Sonapur,23,21,Orissa,06-01-2018 00:00,15473.00968
3312,Jajapur,13,21,Orissa,06-01-2018 00:00,15398.33486
3313,Jagatsinghapur,11,21,Orissa,06-01-2018 00:00,15415.61676
3314,Jharsuguda,2,21,Orissa,06-01-2018 00:00,15348.34686
3315,Khordha,17,21,Orissa,06-01-2018 00:00,15475.66738
3316,Mayurbhanj,7,21,Orissa,06-01-2018 00:00,15300.55807
3317,Puri,18,21,Orissa,06-01-2018 00:00,15409.42866
3318,Koraput,29,21,Orissa,06-01-2018 00:00,15310.55007
3319,Malkangiri,30,21,Orissa,06-01-2018 00:00,15364.63847
3320,Nabarangapur,28,21,Orissa,06-01-2018 00:00,15454.01363
3321,Nayagarh,16,21,Orissa,06-01-2018 00:00,15438.90446
3322,Nuapada,25,21,Orissa,06-01-2018 00:00,15475.45817
3323,Kandhamal,21,21,Orissa,06-01-2018 00:00,15274.31385
3324,Sambalpur,3,21,Orissa,06-01-2018 00:00,15307.22375
3325,Anugul,15,21,Orissa,06-01-2018 00:00,15463.58564
3326,Bhadrak,9,21,Orissa,06-01-2018 00:00,15347.4463
3327,Baudh,22,21,Orissa,06-01-2018 00:00,15493.41323
3328,Balangir,24,21,Orissa,06-01-2018 00:00,15599.75961
3329,Baleshwar,8,21,Orissa,06-01-2018 00:00,15317.22563
3330,Bargarh,1,21,Orissa,06-01-2018 00:00,15535.24561
3331,Kendrapara,10,21,Orissa,06-01-2018 00:00,15352.68252
3332,Kendujhar,6,21,Orissa,06-01-2018 00:00,15395.6666
3333,Debagarh,4,21,Orissa,06-01-2018 00:00,15389.32582
3334,Cuttack,12,21,Orissa,06-01-2018 00:00,15452.74994
3335,Dhenkanal,14,21,Orissa,06-01-2018 00:00,15448.91765
3336,Kalahandi,26,21,Orissa,06-01-2018 00:00,15535.17021
3337,Ganjam,19,21,Orissa,06-01-2018 00:00,15455.92125
3338,Gajapati,20,21,Orissa,06-01-2018 00:00,15269.54321
3339,Surguja,2,22,Chhattisgarh,06-01-2018 00:00,15475.71751
3340,Bilaspur,7,22,Chhattisgarh,06-01-2018 00:00,15550.48716
3341,Janjgir - Champa,6,22,Chhattisgarh,06-01-2018 00:00,15649.82584
3342,Korba,5,22,Chhattisgarh,06-01-2018 00:00,15485.42694
3343,Kawardha,8,22,Chhattisgarh,06-01-2018 00:00,15481.51591
3344,Jashpur,3,22,Chhattisgarh,06-01-2018 00:00,15391.98297
3345,Koriya,1,22,Chhattisgarh,06-01-2018 00:00,15496.3935
3346,Mahasamund,12,22,Chhattisgarh,06-01-2018 00:00,15612.19362
3347,Raigarh,4,22,Chhattisgarh,06-01-2018 00:00,15520.66456
3348,Raipur,11,22,Chhattisgarh,06-01-2018 00:00,15532.74548
3349,Rajnandgaon,9,22,Chhattisgarh,06-01-2018 00:00,15583.01644
3350,Bastar,15,22,Chhattisgarh,06-01-2018 00:00,15302.69925
3351,Dantewada,16,22,Chhattisgarh,06-01-2018 00:00,15323.47988
3352,Dhamtari,13,22,Chhattisgarh,06-01-2018 00:00,15421.08837
3353,Durg,10,22,Chhattisgarh,06-01-2018 00:00,15639.49921
3354,Kanker,14,22,Chhattisgarh,06-01-2018 00:00,15451.90804
3355,Hoshangabad,37,23,Madhya Pradesh,06-01-2018 00:00,15558.24685
3356,Indore,26,23,Madhya Pradesh,06-01-2018 00:00,15539.47153
3357,Shajapur,22,23,Madhya Pradesh,06-01-2018 00:00,15664.91987
3358,Shivpuri,6,23,Madhya Pradesh,06-01-2018 00:00,15672.98235
3359,Ratlam,20,23,Madhya Pradesh,06-01-2018 00:00,15637.66034
3360,Rewa,14,23,Madhya Pradesh,06-01-2018 00:00,15698.05279
3361,Sagar,11,23,Madhya Pradesh,06-01-2018 00:00,15731.689
3362,Sidhi,17,23,Madhya Pradesh,06-01-2018 00:00,15609.01179
3363,Ujjain,21,23,Madhya Pradesh,06-01-2018 00:00,15594.69523
3364,Vidisha,31,23,Madhya Pradesh,06-01-2018 00:00,15684.73474
3365,West Nimar,27,23,Madhya Pradesh,06-01-2018 00:00,15607.63574
3366,Morena,2,23,Madhya Pradesh,06-01-2018 00:00,15681.15231
3367,Sheopur,1,23,Madhya Pradesh,06-01-2018 00:00,15643.48798
3368,Dindori,41,23,Madhya Pradesh,06-01-2018 00:00,15538.23703
3369,Mandla,42,23,Madhya Pradesh,06-01-2018 00:00,15617.15412
3370,Shahdol,16,23,Madhya Pradesh,06-01-2018 00:00,15591.90353
3371,Umaria,15,23,Madhya Pradesh,06-01-2018 00:00,15657.79091
3372,Jabalpur,39,23,Madhya Pradesh,06-01-2018 00:00,15747.91207
3373,Jhabua,24,23,Madhya Pradesh,06-01-2018 00:00,15623.42178
3374,Mandsaur,19,23,Madhya Pradesh,06-01-2018 00:00,15629.19281
3375,Tikamgarh,8,23,Madhya Pradesh,06-01-2018 00:00,15727.88195
3376,Narsimhapur,40,23,Madhya Pradesh,06-01-2018 00:00,15606.00764
3377,Neemuch,18,23,Madhya Pradesh,06-01-2018 00:00,15664.18774
3378,Panna,10,23,Madhya Pradesh,06-01-2018 00:00,15841.90796
3379,Raisen,34,23,Madhya Pradesh,06-01-2018 00:00,15640.42179
3380,Rajgarh,30,23,Madhya Pradesh,06-01-2018 00:00,15654.4237
3381,Satna,13,23,Madhya Pradesh,06-01-2018 00:00,15803.77716
3382,Sehore,33,23,Madhya Pradesh,06-01-2018 00:00,15655.81924
3383,Seoni,44,23,Madhya Pradesh,06-01-2018 00:00,15689.43552
3384,Bhind,3,23,Madhya Pradesh,06-01-2018 00:00,15657.08553
3385,Bhopal,32,23,Madhya Pradesh,06-01-2018 00:00,15624.57071
3386,Barwani,28,23,Madhya Pradesh,06-01-2018 00:00,15601.00462
3387,Betul,35,23,Madhya Pradesh,06-01-2018 00:00,15602.50667
3388,Balaghat,45,23,Madhya Pradesh,06-01-2018 00:00,15462.53363
3389,Chhatarpur,9,23,Madhya Pradesh,06-01-2018 00:00,15843.37135
3390,Chhindwara,43,23,Madhya Pradesh,06-01-2018 00:00,15650.75045
3391,Dewas,23,23,Madhya Pradesh,06-01-2018 00:00,15629.39421
3392,Katni,38,23,Madhya Pradesh,06-01-2018 00:00,15735.24884
3393,Datia,5,23,Madhya Pradesh,06-01-2018 00:00,15695.71286
3394,Damoh,12,23,Madhya Pradesh,06-01-2018 00:00,15803.34188
3395,Dhar,25,23,Madhya Pradesh,06-01-2018 00:00,15600.37948
3396,East Nimar,29,23,Madhya Pradesh,06-01-2018 00:00,15620.26017
3397,Guna,7,23,Madhya Pradesh,06-01-2018 00:00,15673.52577
3398,Gwalior,4,23,Madhya Pradesh,06-01-2018 00:00,15697.1446
3399,Harda,36,23,Madhya Pradesh,06-01-2018 00:00,15592.89246
3400,Sabar Kantha,5,24,Gujarat,06-01-2018 00:00,15679.36939
3401,Surendranagar,8,24,Gujarat,06-01-2018 00:00,15636.93047
3402,The Dangs,23,24,Gujarat,06-01-2018 00:00,15632.62303
3403,Vadodara,19,24,Gujarat,06-01-2018 00:00,15589.11596
3404,Valsad,25,24,Gujarat,06-01-2018 00:00,15401.69734
3405,Bharuch,21,24,Gujarat,06-01-2018 00:00,15511.13064
3406,Surat,22,24,Gujarat,06-01-2018 00:00,15411.42069
3407,Jamnagar,10,24,Gujarat,06-01-2018 00:00,15564.30953
3408,Kheda,16,24,Gujarat,06-01-2018 00:00,15635.7588
3409,Mahesana,4,24,Gujarat,06-01-2018 00:00,15723.19754
3410,Narmada,20,24,Gujarat,06-01-2018 00:00,15470.0192
3411,Navsari,24,24,Gujarat,06-01-2018 00:00,15407.15057
3412,Panch Mahals,17,24,Gujarat,06-01-2018 00:00,15638.48381
3413,Patan,3,24,Gujarat,06-01-2018 00:00,15726.8073
3414,Porbandar,11,24,Gujarat,06-01-2018 00:00,15540.67848
3415,Rajkot,9,24,Gujarat,06-01-2018 00:00,15642.41205
3416,Anand,15,24,Gujarat,06-01-2018 00:00,15609.66039
3417,Ahmadabad,7,24,Gujarat,06-01-2018 00:00,15661.79984
3418,Amreli,13,24,Gujarat,06-01-2018 00:00,15652.85302
3419,Bhavnagar,14,24,Gujarat,06-01-2018 00:00,15674.43983
3420,Banas Kantha,2,24,Gujarat,06-01-2018 00:00,15700.55592
3421,Dohad,18,24,Gujarat,06-01-2018 00:00,15661.05163
3422,Junagadh,12,24,Gujarat,06-01-2018 00:00,15572.46794
3423,Kachchh,1,24,Gujarat,06-01-2018 00:00,15671.66352
3424,Gandhinagar,6,24,Gujarat,06-01-2018 00:00,15615.78408
3425,Daman,2,25,Daman & Diu,06-01-2018 00:00,15416.11773
3426,Diu,1,25,Daman & Diu,06-01-2018 00:00,15295.92358
3427,Hingoli,16,27,Maharashtra,06-01-2018 00:00,15634.9899
3428,Ratnagiri,32,27,Maharashtra,06-01-2018 00:00,15265.44095
3429,Raigarh,24,27,Maharashtra,06-01-2018 00:00,15504.58768
3430,Thane,21,27,Maharashtra,06-01-2018 00:00,15465.57876
3431,Solapur,30,27,Maharashtra,06-01-2018 00:00,15517.53495
3432,Sindhudurg,33,27,Maharashtra,06-01-2018 00:00,15281.59856
3433,Wardha,8,27,Maharashtra,06-01-2018 00:00,15733.10912
3434,Washim,6,27,Maharashtra,06-01-2018 00:00,15650.28383
3435,Yavatmal,14,27,Maharashtra,06-01-2018 00:00,15694.11975
3436,Jalgaon,3,27,Maharashtra,06-01-2018 00:00,15668.29808
3437,Jalna,18,27,Maharashtra,06-01-2018 00:00,15581.80045
3438,Kolhapur,34,27,Maharashtra,06-01-2018 00:00,15259.889
3439,Latur,28,27,Maharashtra,06-01-2018 00:00,15673.36568
3440,Pune,25,27,Maharashtra,06-01-2018 00:00,15402.56964
3441,Nagpur,9,27,Maharashtra,06-01-2018 00:00,15644.06279
3442,Mumbai,23,27,Maharashtra,06-01-2018 00:00,15157.75268
3443,Mumbai (Suburban),22,27,Maharashtra,06-01-2018 00:00,15285.91558
3444,Nanded,15,27,Maharashtra,06-01-2018 00:00,15655.97353
3445,Nandurbar,1,27,Maharashtra,06-01-2018 00:00,15528.26106
3446,Nashik,20,27,Maharashtra,06-01-2018 00:00,15577.52201
3447,Osmanabad,29,27,Maharashtra,06-01-2018 00:00,15525.18726
3448,Parbhani,17,27,Maharashtra,06-01-2018 00:00,15594.51851
3449,Sangli,35,27,Maharashtra,06-01-2018 00:00,15330.13473
3450,Satara,31,27,Maharashtra,06-01-2018 00:00,15345.12532
3451,Aurangabad,19,27,Maharashtra,06-01-2018 00:00,15573.1984
3452,Ahmadnagar,26,27,Maharashtra,06-01-2018 00:00,15515.29744
3453,Akola,5,27,Maharashtra,06-01-2018 00:00,15764.10412
3454,Amravati,7,27,Maharashtra,06-01-2018 00:00,15709.70643
3455,Bid,27,27,Maharashtra,06-01-2018 00:00,15507.87094
3456,Bhandara,10,27,Maharashtra,06-01-2018 00:00,15586.65339
3457,Buldana,4,27,Maharashtra,06-01-2018 00:00,15652.57391
3458,Chandrapur,13,27,Maharashtra,06-01-2018 00:00,15559.24463
3459,Dhule,2,27,Maharashtra,06-01-2018 00:00,15632.77748
3460,Gadchiroli,12,27,Maharashtra,06-01-2018 00:00,15395.53562
3461,Gondiya,11,27,Maharashtra,06-01-2018 00:00,15526.99565
3462,Hyderabad,5,28,Andhra Pradesh,06-01-2018 00:00,15412.48157
3463,Rangareddi,6,28,Andhra Pradesh,06-01-2018 00:00,15461.37417
3464,Srikakulam,11,28,Andhra Pradesh,06-01-2018 00:00,15537.18712
3465,West Godavari,15,28,Andhra Pradesh,06-01-2018 00:00,15440.42494
3466,Visakhapatnam,13,28,Andhra Pradesh,06-01-2018 00:00,15286.01593
3467,Vizianagaram,12,28,Andhra Pradesh,06-01-2018 00:00,15507.76892
3468,Warangal,9,28,Andhra Pradesh,06-01-2018 00:00,15496.4321
3469,Khammam,10,28,Andhra Pradesh,06-01-2018 00:00,15492.75953
3470,Medak,4,28,Andhra Pradesh,06-01-2018 00:00,15560.48792
3471,Krishna,16,28,Andhra Pradesh,06-01-2018 00:00,15545.57185
3472,Kurnool,21,28,Andhra Pradesh,06-01-2018 00:00,15555.02327
3473,Mahbubnagar,7,28,Andhra Pradesh,06-01-2018 00:00,15481.56847
3474,Nalgonda,8,28,Andhra Pradesh,06-01-2018 00:00,15559.09293
3475,Nellore,19,28,Andhra Pradesh,06-01-2018 00:00,15639.93594
3476,Nizamabad,2,28,Andhra Pradesh,06-01-2018 00:00,15574.10139
3477,Prakasam,18,28,Andhra Pradesh,06-01-2018 00:00,15702.24328
3478,Anantapur,22,28,Andhra Pradesh,06-01-2018 00:00,15498.00935
3479,Adilabad,1,28,Andhra Pradesh,06-01-2018 00:00,15563.67485
3480,Chittoor,23,28,Andhra Pradesh,06-01-2018 00:00,15429.49173
3481,Cuddapah,20,28,Andhra Pradesh,06-01-2018 00:00,15588.28439
3482,East Godavari,14,28,Andhra Pradesh,06-01-2018 00:00,15352.42336
3483,Karimnagar,3,28,Andhra Pradesh,06-01-2018 00:00,15562.22458
3484,Guntur,17,28,Andhra Pradesh,06-01-2018 00:00,15726.00377
3485,Hassan,23,29,Karnataka,06-01-2018 00:00,14987.32667
3486,Haveri,11,29,Karnataka,06-01-2018 00:00,15255.30595
3487,Shimoga,15,29,Karnataka,06-01-2018 00:00,15003.37985
3488,Tumkur,18,29,Karnataka,06-01-2018 00:00,15219.87507
3489,Udupi,16,29,Karnataka,06-01-2018 00:00,15039.31938
3490,Uttara Kannada,10,29,Karnataka,06-01-2018 00:00,14970.07373
3491,Kodagu,25,29,Karnataka,06-01-2018 00:00,14879.41198
3492,Kolar,19,29,Karnataka,06-01-2018 00:00,15286.98138
3493,Mandya,22,29,Karnataka,06-01-2018 00:00,15019.7274
3494,Koppal,7,29,Karnataka,06-01-2018 00:00,15341.155
3495,Mysore,26,29,Karnataka,06-01-2018 00:00,15016.1214
3496,Raichur,6,29,Karnataka,06-01-2018 00:00,15538.22908
3497,Bagalkot,2,29,Karnataka,06-01-2018 00:00,15340.07433
3498,Bangalore,20,29,Karnataka,06-01-2018 00:00,15090.76673
3499,Bidar,5,29,Karnataka,06-01-2018 00:00,15613.38857
3500,Bijapur,3,29,Karnataka,06-01-2018 00:00,15446.32424
3501,Belgaum,1,29,Karnataka,06-01-2018 00:00,15283.42972
3502,Bellary,12,29,Karnataka,06-01-2018 00:00,15401.05159
3503,Bangalore Rural,21,29,Karnataka,06-01-2018 00:00,15109.77906
3504,Chamarajanagar,27,29,Karnataka,06-01-2018 00:00,15068.74706
3505,Chikmagalur,17,29,Karnataka,06-01-2018 00:00,15009.95407
3506,Chitradurga,13,29,Karnataka,06-01-2018 00:00,15308.47773
3507,Dakshina Kannada,24,29,Karnataka,06-01-2018 00:00,15073.09879
3508,Davanagere,14,29,Karnataka,06-01-2018 00:00,15266.51946
3509,Dharwad,9,29,Karnataka,06-01-2018 00:00,15270.213
3510,Gulbarga,4,29,Karnataka,06-01-2018 00:00,15491.49703
3511,Gadag,8,29,Karnataka,06-01-2018 00:00,15421.00201
3512,South Goa,2,30,Goa,06-01-2018 00:00,15010.36816
3513,North Goa,1,30,Goa,06-01-2018 00:00,15117.72295
3514,Idukki,9,32,Kerala,06-01-2018 00:00,14835.99234
3515,Thrissur,7,32,Kerala,06-01-2018 00:00,15034.02222
3516,Thiruvananthapuram,14,32,Kerala,06-01-2018 00:00,14948.64039
3517,Wayanad,3,32,Kerala,06-01-2018 00:00,14940.99227
3518,Kollam,13,32,Kerala,06-01-2018 00:00,14915.66879
3519,Kottayam,10,32,Kerala,06-01-2018 00:00,15005.7872
3520,Kozhikode,4,32,Kerala,06-01-2018 00:00,15065.63707
3521,Malappuram,5,32,Kerala,06-01-2018 00:00,15071.58113
3522,Palakkad,6,32,Kerala,06-01-2018 00:00,15048.10821
3523,Pathanamthitta,12,32,Kerala,06-01-2018 00:00,14989.39178
3524,Alappuzha,11,32,Kerala,06-01-2018 00:00,14923.10975
3525,Kasaragod,1,32,Kerala,06-01-2018 00:00,15107.3126
3526,Kannur,2,32,Kerala,06-01-2018 00:00,15084.62397
3527,Ernakulam,8,32,Kerala,06-01-2018 00:00,15073.494
3528,Sivaganga,23,33,Tamil Nadu,06-01-2018 00:00,15596.23891
3529,Tiruchirappalli,15,33,Tamil Nadu,06-01-2018 00:00,15588.20629
3530,Tirunelveli,29,33,Tamil Nadu,06-01-2018 00:00,15447.82398
3531,Tiruvannamalai,6,33,Tamil Nadu,06-01-2018 00:00,15496.84465
3532,Thoothukkudi,28,33,Tamil Nadu,06-01-2018 00:00,15651.57904
3533,Theni,25,33,Tamil Nadu,06-01-2018 00:00,15275.17417
3534,Vellore,4,33,Tamil Nadu,06-01-2018 00:00,15405.173
3535,Viluppuram,7,33,Tamil Nadu,06-01-2018 00:00,15577.46506
3536,Virudhunagar,26,33,Tamil Nadu,06-01-2018 00:00,15645.86467
3537,Chennai,2,33,Tamil Nadu,06-01-2018 00:00,15567.89106
3538,Kancheepuram,3,33,Tamil Nadu,06-01-2018 00:00,15572.96136
3539,Thiruvallur,1,33,Tamil Nadu,06-01-2018 00:00,15560.38628
3540,Thanjavur,21,33,Tamil Nadu,06-01-2018 00:00,15490.9729
3541,Thiruvarur,20,33,Tamil Nadu,06-01-2018 00:00,15507.46465
3542,Nagapattinam,19,33,Tamil Nadu,06-01-2018 00:00,15490.25488
3543,Kanniyakumari,30,33,Tamil Nadu,06-01-2018 00:00,14998.90806
3544,Karur,14,33,Tamil Nadu,06-01-2018 00:00,15591.46018
3545,Madurai,24,33,Tamil Nadu,06-01-2018 00:00,15578.03645
3546,Namakkal,9,33,Tamil Nadu,06-01-2018 00:00,15421.19521
3547,The Nilgiris,11,33,Tamil Nadu,06-01-2018 00:00,14830.80994
3548,Perambalur,16,33,Tamil Nadu,06-01-2018 00:00,15702.64507
3549,Pudukkottai,22,33,Tamil Nadu,06-01-2018 00:00,15568.79624
3550,Ramanathapuram,27,33,Tamil Nadu,06-01-2018 00:00,15703.06468
3551,Salem,8,33,Tamil Nadu,06-01-2018 00:00,15346.52036
3552,Ariyalur,17,33,Tamil Nadu,06-01-2018 00:00,15597.38884
3553,Coimbatore,12,33,Tamil Nadu,06-01-2018 00:00,15295.41222
3554,Cuddalore,18,33,Tamil Nadu,06-01-2018 00:00,15522.50151
3555,Dharmapuri,5,33,Tamil Nadu,06-01-2018 00:00,15255.62946
3556,Dindigul,13,33,Tamil Nadu,06-01-2018 00:00,15386.71491
3557,Erode,10,33,Tamil Nadu,06-01-2018 00:00,15369.34205
3558,Yanam,1,34,Puducherry,06-01-2018 00:00,15475.68602
3559,Karaikal,4,34,Puducherry,06-01-2018 00:00,15510.43793
3560,Mahe,3,34,Puducherry,06-01-2018 00:00,15107.40787
3561,Pondicherry,2,34,Puducherry,06-01-2018 00:00,15517.30762
3562,Nicobars,2,35,Andaman & Nicobar Island,06-01-2018 00:00,14988.23721
3563,Andamans,1,35,Andaman & Nicobar Island,06-01-2018 00:00,14915.33503
3564,Lakshadweep,1,31,Lakshadweep,07-01-2018 00:00,14815.42991
3565,Chandigarh,1,4,Chandigarh,07-01-2018 00:00,15317.77503
3566,Data Not Available,99,99,Jammu and Kashmir,07-01-2018 00:00,14654.97009
3567,Srinagar,3,1,Jammu and Kashmir,07-01-2018 00:00,14618.05888
3568,Udhampur,10,1,Jammu and Kashmir,07-01-2018 00:00,14906.23853
3569,Jammu,13,1,Jammu and Kashmir,07-01-2018 00:00,15274.96585
3570,Kargil,8,1,Jammu and Kashmir,07-01-2018 00:00,14762.52517
3571,Kathua,14,1,Jammu and Kashmir,07-01-2018 00:00,15086.02604
3572,Leh (Ladakh),7,1,Jammu and Kashmir,07-01-2018 00:00,14897.25862
3573,Kupwara,1,1,Jammu and Kashmir,07-01-2018 00:00,14740.06455
3574,Punch,11,1,Jammu and Kashmir,07-01-2018 00:00,14894.70138
3575,Pulwama,5,1,Jammu and Kashmir,07-01-2018 00:00,14856.04748
3576,Rajauri,12,1,Jammu and Kashmir,07-01-2018 00:00,15054.90159
3577,Anantnag,6,1,Jammu and Kashmir,07-01-2018 00:00,14610.32676
3578,Badgam,4,1,Jammu and Kashmir,07-01-2018 00:00,14767.66212
3579,Baramula,2,1,Jammu and Kashmir,07-01-2018 00:00,14730.39065
3580,Doda,9,1,Jammu and Kashmir,07-01-2018 00:00,14472.54058
3581,Shimla,11,2,Himachal Pradesh,07-01-2018 00:00,14700.52384
3582,Sirmaur,10,2,Himachal Pradesh,07-01-2018 00:00,15003.07244
3583,Solan,9,2,Himachal Pradesh,07-01-2018 00:00,15055.20846
3584,Una,7,2,Himachal Pradesh,07-01-2018 00:00,15144.37984
3585,Kangra,2,2,Himachal Pradesh,07-01-2018 00:00,14896.88134
3586,Kinnaur,12,2,Himachal Pradesh,07-01-2018 00:00,14533.10437
3587,Lahul & Spiti,3,2,Himachal Pradesh,07-01-2018 00:00,14573.92329
3588,Kullu,4,2,Himachal Pradesh,07-01-2018 00:00,14431.41132
3589,Mandi,5,2,Himachal Pradesh,07-01-2018 00:00,14903.22145
3590,Bilaspur,8,2,Himachal Pradesh,07-01-2018 00:00,15090.25946
3591,Chamba,1,2,Himachal Pradesh,07-01-2018 00:00,14562.99519
3592,Hamirpur,6,2,Himachal Pradesh,07-01-2018 00:00,15102.16271
3593,Hoshiarpur,5,3,Punjab,07-01-2018 00:00,15190.35291
3594,Rupnagar,7,3,Punjab,07-01-2018 00:00,15213.93936
3595,Jalandhar,4,3,Punjab,07-01-2018 00:00,15227.41907
3596,Kapurthala,3,3,Punjab,07-01-2018 00:00,15225.62656
3597,Ludhiana,9,3,Punjab,07-01-2018 00:00,15236.72272
3598,Mansa,15,3,Punjab,07-01-2018 00:00,15166.57126
3599,Moga,10,3,Punjab,07-01-2018 00:00,15188.05433
3600,Muktsar,12,3,Punjab,07-01-2018 00:00,15173.67928
3601,Nawanshahr,6,3,Punjab,07-01-2018 00:00,15217.9522
3602,Patiala,17,3,Punjab,07-01-2018 00:00,15195.07201
3603,Sangrur,16,3,Punjab,07-01-2018 00:00,15166.92962
3604,Amritsar,2,3,Punjab,07-01-2018 00:00,15218.1182
3605,Firozpur,11,3,Punjab,07-01-2018 00:00,15222.64379
3606,Bathinda,14,3,Punjab,07-01-2018 00:00,15180.20455
3607,Gurdaspur,1,3,Punjab,07-01-2018 00:00,15221.67756
3608,Faridkot,13,3,Punjab,07-01-2018 00:00,15174.80257
3609,Fatehgarh Sahib,8,3,Punjab,07-01-2018 00:00,15201.68197
3610,Hardwar,13,5,Uttarakhand,07-01-2018 00:00,15162.42641
3611,Rudraprayag,3,5,Uttarakhand,07-01-2018 00:00,14581.91596
3612,Tehri Garhwal,4,5,Uttarakhand,07-01-2018 00:00,14856.0312
3613,Udham Singh Nagar,12,5,Uttarakhand,07-01-2018 00:00,15137.84875
3614,Uttarkashi,1,5,Uttarakhand,07-01-2018 00:00,14534.26551
3615,Nainital,11,5,Uttarakhand,07-01-2018 00:00,15026.55021
3616,Pithoragarh,7,5,Uttarakhand,07-01-2018 00:00,14498.24484
3617,Bageshwar,8,5,Uttarakhand,07-01-2018 00:00,14730.91262
3618,Almora,9,5,Uttarakhand,07-01-2018 00:00,15107.84727
3619,Chamoli,2,5,Uttarakhand,07-01-2018 00:00,14448.92163
3620,Champawat,10,5,Uttarakhand,07-01-2018 00:00,15029.71638
3621,Dehradun,5,5,Uttarakhand,07-01-2018 00:00,15028.64354
3622,Garhwal,6,5,Uttarakhand,07-01-2018 00:00,15018.4093
3623,Hisar,12,6,Haryana,07-01-2018 00:00,15420.23965
3624,Rohtak,14,6,Haryana,07-01-2018 00:00,15430.29147
3625,Sirsa,11,6,Haryana,07-01-2018 00:00,15337.51534
3626,Sonipat,8,6,Haryana,07-01-2018 00:00,15365.17216
3627,Yamunanagar,3,6,Haryana,07-01-2018 00:00,15206.52407
3628,Jhajjar,15,6,Haryana,07-01-2018 00:00,15447.2335
3629,Mahendragarh,16,6,Haryana,07-01-2018 00:00,15587.33438
3630,Rewari,17,6,Haryana,07-01-2018 00:00,15561.10789
3631,Bhiwani,13,6,Haryana,07-01-2018 00:00,15496.67125
3632,Jind,9,6,Haryana,07-01-2018 00:00,15315.3377
3633,Kaithal,5,6,Haryana,07-01-2018 00:00,15199.0622
3634,Karnal,6,6,Haryana,07-01-2018 00:00,15214.02696
3635,Kurukshetra,4,6,Haryana,07-01-2018 00:00,15181.15565
3636,Panchkula,1,6,Haryana,07-01-2018 00:00,15198.2779
3637,Panipat,7,6,Haryana,07-01-2018 00:00,15296.52541
3638,Ambala,2,6,Haryana,07-01-2018 00:00,15223.62883
3639,Gurgaon,18,6,Haryana,07-01-2018 00:00,15468.59052
3640,Faridabad,19,6,Haryana,07-01-2018 00:00,15361.62361
3641,Fatehabad,10,6,Haryana,07-01-2018 00:00,15298.60223
3642,Central,6,7,Delhi  & NCR,07-01-2018 00:00,15353.57592
3643,East,4,7,Delhi  & NCR,07-01-2018 00:00,15360.01141
3644,New Delhi,5,7,Delhi  & NCR,07-01-2018 00:00,15297.04271
3645,North,2,7,Delhi  & NCR,07-01-2018 00:00,15366.99062
3646,North East,3,7,Delhi  & NCR,07-01-2018 00:00,15396.13894
3647,North West,1,7,Delhi  & NCR,07-01-2018 00:00,15445.51649
3648,South,9,7,Delhi  & NCR,07-01-2018 00:00,15320.85192
3649,South West,8,7,Delhi  & NCR,07-01-2018 00:00,15367.18388
3650,West,7,7,Delhi  & NCR,07-01-2018 00:00,15388.68982
3651,Sirohi,19,8,Rajasthan,07-01-2018 00:00,15392.65035
3652,Tonk,22,8,Rajasthan,07-01-2018 00:00,15580.56236
3653,Sikar,13,8,Rajasthan,07-01-2018 00:00,15525.03856
3654,Alwar,6,8,Rajasthan,07-01-2018 00:00,15501.2647
3655,Udaipur,26,8,Rajasthan,07-01-2018 00:00,15051.5748
3656,Ganganagar,1,8,Rajasthan,07-01-2018 00:00,15494.16174
3657,Hanumangarh,2,8,Rajasthan,07-01-2018 00:00,15525.79993
3658,Baran,31,8,Rajasthan,07-01-2018 00:00,15589.43878
3659,Jaipur,12,8,Rajasthan,07-01-2018 00:00,15531.38534
3660,Jaisalmer,16,8,Rajasthan,07-01-2018 00:00,15740.95017
3661,Jalor,18,8,Rajasthan,07-01-2018 00:00,15576.06666
3662,Jhalawar,32,8,Rajasthan,07-01-2018 00:00,15455.21209
3663,Jhunjhunun,5,8,Rajasthan,07-01-2018 00:00,15549.51143
3664,Jodhpur,15,8,Rajasthan,07-01-2018 00:00,15573.14381
3665,Kota,30,8,Rajasthan,07-01-2018 00:00,15497.79613
3666,Nagaur,14,8,Rajasthan,07-01-2018 00:00,15490.59969
3667,Pali,20,8,Rajasthan,07-01-2018 00:00,15472.7107
3668,Rajsamand,25,8,Rajasthan,07-01-2018 00:00,15183.72074
3669,Sawai Madhopur,10,8,Rajasthan,07-01-2018 00:00,15673.26652
3670,Ajmer,21,8,Rajasthan,07-01-2018 00:00,15416.18105
3671,Banswara,28,8,Rajasthan,07-01-2018 00:00,15061.11136
3672,Barmer,17,8,Rajasthan,07-01-2018 00:00,15641.19675
3673,Bhilwara,24,8,Rajasthan,07-01-2018 00:00,15329.33709
3674,Bikaner,3,8,Rajasthan,07-01-2018 00:00,15682.8405
3675,Bharatpur,7,8,Rajasthan,07-01-2018 00:00,15473.05765
3676,Bundi,23,8,Rajasthan,07-01-2018 00:00,15514.97966
3677,Chittaurgarh,29,8,Rajasthan,07-01-2018 00:00,15256.3501
3678,Churu,4,8,Rajasthan,07-01-2018 00:00,15660.55087
3679,Dausa,11,8,Rajasthan,07-01-2018 00:00,15579.07776
3680,Dhaulpur,8,8,Rajasthan,07-01-2018 00:00,15661.95344
3681,Dungarpur,27,8,Rajasthan,07-01-2018 00:00,14992.22731
3682,Karauli,9,8,Rajasthan,07-01-2018 00:00,15621.81043
3683,Hathras,13,9,Uttar Pradesh,07-01-2018 00:00,15512.46697
3684,Shrawasti,51,9,Uttar Pradesh,07-01-2018 00:00,15153.50215
3685,Saharanpur,1,9,Uttar Pradesh,07-01-2018 00:00,15162.22864
3686,Sitapur,24,9,Uttar Pradesh,07-01-2018 00:00,15297.31274
3687,Sultanpur,49,9,Uttar Pradesh,07-01-2018 00:00,15455.88148
3688,Sonbhadra,70,9,Uttar Pradesh,07-01-2018 00:00,15300.14237
3689,Siddharthnagar,54,9,Uttar Pradesh,07-01-2018 00:00,15092.73003
3690,Unnao,26,9,Uttar Pradesh,07-01-2018 00:00,15486.11606
3691,Varanasi,67,9,Uttar Pradesh,07-01-2018 00:00,15250.39304
3692,Bulandshahr,11,9,Uttar Pradesh,07-01-2018 00:00,15358.82153
3693,Gautam Buddha Nagar,10,9,Uttar Pradesh,07-01-2018 00:00,15374.16474
3694,Ghaziabad,9,9,Uttar Pradesh,07-01-2018 00:00,15297.79834
3695,Jalaun,35,9,Uttar Pradesh,07-01-2018 00:00,15716.84065
3696,Jaunpur,64,9,Uttar Pradesh,07-01-2018 00:00,15430.0955
3697,Jhansi,36,9,Uttar Pradesh,07-01-2018 00:00,15725.08442
3698,Jyotiba Phule Nagar,6,9,Uttar Pradesh,07-01-2018 00:00,15221.12072
3699,Kannauj,30,9,Uttar Pradesh,07-01-2018 00:00,15651.41392
3700,Kanpur Nagar,34,9,Uttar Pradesh,07-01-2018 00:00,15449.33174
3701,Kaushambi,44,9,Uttar Pradesh,07-01-2018 00:00,15456.25374
3702,Kheri,23,9,Uttar Pradesh,07-01-2018 00:00,15103.23903
3703,Mirzapur,69,9,Uttar Pradesh,07-01-2018 00:00,15563.40403
3704,Moradabad,4,9,Uttar Pradesh,07-01-2018 00:00,15291.8303
3705,Muzaffarnagar,2,9,Uttar Pradesh,07-01-2018 00:00,15135.33466
3706,Rae Bareli,28,9,Uttar Pradesh,07-01-2018 00:00,15489.1742
3707,Kushinagar,59,9,Uttar Pradesh,07-01-2018 00:00,15110.2918
3708,Lucknow,27,9,Uttar Pradesh,07-01-2018 00:00,15472.35795
3709,Lalitpur,37,9,Uttar Pradesh,07-01-2018 00:00,15647.39223
3710,Mahrajganj,57,9,Uttar Pradesh,07-01-2018 00:00,15170.40482
3711,Mahoba,39,9,Uttar Pradesh,07-01-2018 00:00,15688.75235
3712,Mainpuri,18,9,Uttar Pradesh,07-01-2018 00:00,15602.63011
3713,Mathura,14,9,Uttar Pradesh,07-01-2018 00:00,15434.09553
3714,Mau,62,9,Uttar Pradesh,07-01-2018 00:00,15516.68634
3715,Meerut,7,9,Uttar Pradesh,07-01-2018 00:00,15183.64659
3716,Pilibhit,21,9,Uttar Pradesh,07-01-2018 00:00,15053.32801
3717,Pratapgarh,43,9,Uttar Pradesh,07-01-2018 00:00,15516.28519
3718,Rampur,5,9,Uttar Pradesh,07-01-2018 00:00,15262.42741
3719,Sant Ravidas Nagar Bhadohi,68,9,Uttar Pradesh,07-01-2018 00:00,15703.95459
3720,Sant Kabir Nagar,56,9,Uttar Pradesh,07-01-2018 00:00,15203.63928
3721,Shahjahanpur,22,9,Uttar Pradesh,07-01-2018 00:00,15295.32575
3722,Auraiya,32,9,Uttar Pradesh,07-01-2018 00:00,15734.70263
3723,Azamgarh,61,9,Uttar Pradesh,07-01-2018 00:00,15407.59063
3724,Budaun,19,9,Uttar Pradesh,07-01-2018 00:00,15432.56814
3725,Agra,15,9,Uttar Pradesh,07-01-2018 00:00,15591.29814
3726,Aligarh,12,9,Uttar Pradesh,07-01-2018 00:00,15515.63262
3727,Allahabad,45,9,Uttar Pradesh,07-01-2018 00:00,15591.88613
3728,Ambedkar Nagar,48,9,Uttar Pradesh,07-01-2018 00:00,15397.55349
3729,Bareilly,20,9,Uttar Pradesh,07-01-2018 00:00,15225.24216
3730,Bijnor,3,9,Uttar Pradesh,07-01-2018 00:00,15201.44688
3731,Basti,55,9,Uttar Pradesh,07-01-2018 00:00,15223.50272
3732,Baghpat,8,9,Uttar Pradesh,07-01-2018 00:00,15224.15272
3733,Bahraich,50,9,Uttar Pradesh,07-01-2018 00:00,15155.70058
3734,Ballia,63,9,Uttar Pradesh,07-01-2018 00:00,15575.81675
3735,Balrampur,52,9,Uttar Pradesh,07-01-2018 00:00,15289.80324
3736,Banda,40,9,Uttar Pradesh,07-01-2018 00:00,15659.33873
3737,Barabanki,46,9,Uttar Pradesh,07-01-2018 00:00,15405.81394
3738,Chitrakoot,41,9,Uttar Pradesh,07-01-2018 00:00,15554.98122
3739,Chandauli,66,9,Uttar Pradesh,07-01-2018 00:00,15575.07202
3740,Deoria,60,9,Uttar Pradesh,07-01-2018 00:00,15394.3108
3741,Etah,17,9,Uttar Pradesh,07-01-2018 00:00,15524.2754
3742,Kanpur Dehat,33,9,Uttar Pradesh,07-01-2018 00:00,15573.67116
3743,Etawah,31,9,Uttar Pradesh,07-01-2018 00:00,15628.04441
3744,Faizabad,47,9,Uttar Pradesh,07-01-2018 00:00,15351.79996
3745,Ghazipur,65,9,Uttar Pradesh,07-01-2018 00:00,15590.40234
3746,Gonda,53,9,Uttar Pradesh,07-01-2018 00:00,15349.99219
3747,Gorakhpur,58,9,Uttar Pradesh,07-01-2018 00:00,15098.72092
3748,Farrukhabad,29,9,Uttar Pradesh,07-01-2018 00:00,15495.95423
3749,Fatehpur,42,9,Uttar Pradesh,07-01-2018 00:00,15499.46693
3750,Firozabad,16,9,Uttar Pradesh,07-01-2018 00:00,15460.61308
3751,Hamirpur,38,9,Uttar Pradesh,07-01-2018 00:00,15698.74023
3752,Hardoi,25,9,Uttar Pradesh,07-01-2018 00:00,15528.43343
3753,Sheikhpura,26,10,Bihar,07-01-2018 00:00,15611.44007
3754,Saharsa,12,10,Bihar,07-01-2018 00:00,15164.97022
3755,Sitamarhi,4,10,Bihar,07-01-2018 00:00,15390.21268
3756,Siwan,16,10,Bihar,07-01-2018 00:00,15410.59716
3757,Supaul,6,10,Bihar,07-01-2018 00:00,14905.31015
3758,Vaishali,18,10,Bihar,07-01-2018 00:00,15517.65228
3759,Kaimur (Bhabua),31,10,Bihar,07-01-2018 00:00,15445.83936
3760,Gaya,35,10,Bihar,07-01-2018 00:00,15536.25465
3761,Bhojpur,29,10,Bihar,07-01-2018 00:00,15591.54508
3762,Buxar,30,10,Bihar,07-01-2018 00:00,15598.41473
3763,Jehanabad,33,10,Bihar,07-01-2018 00:00,15599.17207
3764,Rohtas,32,10,Bihar,07-01-2018 00:00,15448.01279
3765,Jamui,37,10,Bihar,07-01-2018 00:00,15412.50207
3766,Kishanganj,8,10,Bihar,07-01-2018 00:00,15013.6732
3767,Muzaffarpur,14,10,Bihar,07-01-2018 00:00,15408.51143
3768,Purnia,9,10,Bihar,07-01-2018 00:00,15191.98449
3769,Khagaria,21,10,Bihar,07-01-2018 00:00,15427.89327
3770,Madhubani,5,10,Bihar,07-01-2018 00:00,15167.09642
3771,Lakhisarai,25,10,Bihar,07-01-2018 00:00,15575.74756
3772,Madhepura,11,10,Bihar,07-01-2018 00:00,15226.20277
3773,Purba Champaran,2,10,Bihar,07-01-2018 00:00,15330.41458
3774,Munger,24,10,Bihar,07-01-2018 00:00,15466.33255
3775,Nalanda,27,10,Bihar,07-01-2018 00:00,15587.94066
3776,Nawada,36,10,Bihar,07-01-2018 00:00,15550.34496
3777,Pashchim Champaran,1,10,Bihar,07-01-2018 00:00,15190.27594
3778,Patna,28,10,Bihar,07-01-2018 00:00,15590.62271
3779,Samastipur,19,10,Bihar,07-01-2018 00:00,15276.59104
3780,Araria,7,10,Bihar,07-01-2018 00:00,15200.13474
3781,Aurangabad,34,10,Bihar,07-01-2018 00:00,15601.98654
3782,Banka,23,10,Bihar,07-01-2018 00:00,15447.4377
3783,Bhagalpur,22,10,Bihar,07-01-2018 00:00,15313.19416
3784,Begusarai,20,10,Bihar,07-01-2018 00:00,15592.88466
3785,Saran,17,10,Bihar,07-01-2018 00:00,15371.88542
3786,Katihar,10,10,Bihar,07-01-2018 00:00,15264.01784
3787,Darbhanga,13,10,Bihar,07-01-2018 00:00,15188.55417
3788,Gopalganj,15,10,Bihar,07-01-2018 00:00,15290.93199
3789,South,3,11,Sikkim,07-01-2018 00:00,14628.71341
3790,West,2,11,Sikkim,07-01-2018 00:00,14346.80836
3791,North,1,11,Sikkim,07-01-2018 00:00,14012.65363
3792,East,4,11,Sikkim,07-01-2018 00:00,14544.17348
3793,Tawang,1,12,Arunanchal Pradesh,07-01-2018 00:00,14227.1595
3794,Tirap,13,12,Arunanchal Pradesh,07-01-2018 00:00,15062.94846
3795,West Kameng,2,12,Arunanchal Pradesh,07-01-2018 00:00,14478.81806
3796,West Siang,7,12,Arunanchal Pradesh,07-01-2018 00:00,14695.17863
3797,Upper Siang,9,12,Arunanchal Pradesh,07-01-2018 00:00,14551.60242
3798,Upper Subansiri,6,12,Arunanchal Pradesh,07-01-2018 00:00,14522.68513
3799,Lohit,11,12,Arunanchal Pradesh,07-01-2018 00:00,14635.87865
3800,Lower Subansiri,5,12,Arunanchal Pradesh,07-01-2018 00:00,14540.61626
3801,Papum Pare,4,12,Arunanchal Pradesh,07-01-2018 00:00,14773.17814
3802,Changlang,12,12,Arunanchal Pradesh,07-01-2018 00:00,14916.20102
3803,Dibang Valley,10,12,Arunanchal Pradesh,07-01-2018 00:00,14483.88159
3804,East Kameng,3,12,Arunanchal Pradesh,07-01-2018 00:00,14584.67224
3805,East Siang,8,12,Arunanchal Pradesh,07-01-2018 00:00,15027.10189
3806,Tuensang,2,13,Nagaland,07-01-2018 00:00,14899.56078
3807,Wokha,5,13,Nagaland,07-01-2018 00:00,14987.17464
3808,Zunheboto,4,13,Nagaland,07-01-2018 00:00,14915.41532
3809,Dimapur,6,13,Nagaland,07-01-2018 00:00,15159.52638
3810,Kohima,7,13,Nagaland,07-01-2018 00:00,14968.8258
3811,Mokokchung,3,13,Nagaland,07-01-2018 00:00,15015.11839
3812,Mon,1,13,Nagaland,07-01-2018 00:00,15071.80699
3813,Phek,8,13,Nagaland,07-01-2018 00:00,14913.02798
3814,Tamenglong,2,14,Manipur,07-01-2018 00:00,15005.28722
3815,Thoubal,5,14,Manipur,07-01-2018 00:00,14805.00719
3816,Ukhrul,8,14,Manipur,07-01-2018 00:00,14857.64956
3817,Imphal East,7,14,Manipur,07-01-2018 00:00,14802.22083
3818,Imphal West,6,14,Manipur,07-01-2018 00:00,15067.32017
3819,Senapati (Excl. 3 sub-divisions),1,14,Manipur,07-01-2018 00:00,14807.36446
3820,Bishnupur,4,14,Manipur,07-01-2018 00:00,14873.75633
3821,Chandel,9,14,Manipur,07-01-2018 00:00,14920.64959
3822,Churachandpur,3,14,Manipur,07-01-2018 00:00,14980.30017
3823,Kolasib,2,15,Mizoram,07-01-2018 00:00,15020.67806
3824,Mamit,1,15,Mizoram,07-01-2018 00:00,15006.073
3825,Lunglei,6,15,Mizoram,07-01-2018 00:00,14965.34471
3826,Lawngtlai,7,15,Mizoram,07-01-2018 00:00,15021.55549
3827,Saiha,8,15,Mizoram,07-01-2018 00:00,14930.41357
3828,Serchhip,5,15,Mizoram,07-01-2018 00:00,14957.17012
3829,Aizawl,3,15,Mizoram,07-01-2018 00:00,14983.87166
3830,Champhai,4,15,Mizoram,07-01-2018 00:00,14907.84982
3831,South Tripura,2,16,Tripura,07-01-2018 00:00,15033.77667
3832,West Tripura,1,16,Tripura,07-01-2018 00:00,15092.2564
3833,North Tripura,4,16,Tripura,07-01-2018 00:00,15072.89711
3834,Dhalai,3,16,Tripura,07-01-2018 00:00,15028.36845
3835,Ri Bhoi,5,17,Meghalaya,07-01-2018 00:00,15053.94753
3836,South Garo Hills,3,17,Meghalaya,07-01-2018 00:00,15085.4236
3837,West Garo Hills,1,17,Meghalaya,07-01-2018 00:00,15108.14253
3838,West Khasi Hills,4,17,Meghalaya,07-01-2018 00:00,15030.7135
3839,Jaintia Hills,7,17,Meghalaya,07-01-2018 00:00,15014.49664
3840,East Garo Hills,2,17,Meghalaya,07-01-2018 00:00,15104.41398
3841,East Khasi Hills,6,17,Meghalaya,07-01-2018 00:00,14951.82007
3842,Sonitpur,11,18,Assam,07-01-2018 00:00,15077.60981
3843,Sibsagar,16,18,Assam,07-01-2018 00:00,15021.33751
3844,Tinsukia,14,18,Assam,07-01-2018 00:00,15185.71687
3845,Jorhat,17,18,Assam,07-01-2018 00:00,15079.68931
3846,Karimganj,22,18,Assam,07-01-2018 00:00,15083.37687
3847,Kokrajhar,1,18,Assam,07-01-2018 00:00,15226.09843
3848,Lakhimpur,12,18,Assam,07-01-2018 00:00,15116.10648
3849,Nagaon,10,18,Assam,07-01-2018 00:00,15094.29727
3850,Marigaon,9,18,Assam,07-01-2018 00:00,14832.49643
3851,Nalbari,7,18,Assam,07-01-2018 00:00,15055.62758
3852,North Cachar Hills,20,18,Assam,07-01-2018 00:00,15023.08702
3853,Barpeta,5,18,Assam,07-01-2018 00:00,15103.07081
3854,Bongaigaon,4,18,Assam,07-01-2018 00:00,15168.23163
3855,Cachar,21,18,Assam,07-01-2018 00:00,15087.58868
3856,Darrang,8,18,Assam,07-01-2018 00:00,14934.65372
3857,Dhemaji,13,18,Assam,07-01-2018 00:00,15047.77171
3858,Dhubri,2,18,Assam,07-01-2018 00:00,15120.73527
3859,Dibrugarh,15,18,Assam,07-01-2018 00:00,14973.69355
3860,Kamrup,6,18,Assam,07-01-2018 00:00,15089.47383
3861,Karbi Anglong,19,18,Assam,07-01-2018 00:00,15038.30311
3862,Goalpara,3,18,Assam,07-01-2018 00:00,15070.86644
3863,Golaghat,18,18,Assam,07-01-2018 00:00,15061.80497
3864,Hailakandi,23,18,Assam,07-01-2018 00:00,15085.46922
3865,Hugli,12,19,West Bengal,07-01-2018 00:00,15102.58889
3866,South  Twenty Four Parganas,18,19,West Bengal,07-01-2018 00:00,15056.32989
3867,Uttar Dinajpur,4,19,West Bengal,07-01-2018 00:00,15356.30329
3868,Jalpaiguri,2,19,West Bengal,07-01-2018 00:00,15113.14541
3869,Koch Bihar,3,19,West Bengal,07-01-2018 00:00,15185.76795
3870,Murshidabad,7,19,West Bengal,07-01-2018 00:00,15129.7489
3871,Puruliya,14,19,West Bengal,07-01-2018 00:00,15126.7191
3872,Kolkata,17,19,West Bengal,07-01-2018 00:00,15200.8567
3873,Maldah,6,19,West Bengal,07-01-2018 00:00,15155.87021
3874,Nadia,10,19,West Bengal,07-01-2018 00:00,15124.11398
3875,North Twenty Four Parganas,11,19,West Bengal,07-01-2018 00:00,15103.43999
3876,Medinipur,15,19,West Bengal,07-01-2018 00:00,15093.65198
3877,Barddhaman,9,19,West Bengal,07-01-2018 00:00,15083.96226
3878,Birbhum,8,19,West Bengal,07-01-2018 00:00,15154.011
3879,Bankura,13,19,West Bengal,07-01-2018 00:00,15161.92051
3880,Dakshin Dinajpur,5,19,West Bengal,07-01-2018 00:00,15421.4013
3881,Darjiling,1,19,West Bengal,07-01-2018 00:00,14964.86794
3882,Haora,16,19,West Bengal,07-01-2018 00:00,15130.33354
3883,Ranchi,14,20,Jharkhand,07-01-2018 00:00,15172.52614
3884,Sahibganj,9,20,Jharkhand,07-01-2018 00:00,15228.74049
3885,Garhwa,1,20,Jharkhand,07-01-2018 00:00,15445.11037
3886,Palamu,2,20,Jharkhand,07-01-2018 00:00,15349.77711
3887,Chatra,3,20,Jharkhand,07-01-2018 00:00,15360.52527
3888,Hazaribagh,4,20,Jharkhand,07-01-2018 00:00,15238.67441
3889,Kodarma,5,20,Jharkhand,07-01-2018 00:00,15416.6878
3890,Purbi Singhbhum,18,20,Jharkhand,07-01-2018 00:00,15078.46302
3891,Lohardaga,15,20,Jharkhand,07-01-2018 00:00,15159.81166
3892,Pakaur,10,20,Jharkhand,07-01-2018 00:00,15200.29872
3893,Pashchimi Singhbhum,17,20,Jharkhand,07-01-2018 00:00,14975.51619
3894,Bokaro,13,20,Jharkhand,07-01-2018 00:00,15175.95337
3895,Deoghar,7,20,Jharkhand,07-01-2018 00:00,15382.60748
3896,Dhanbad,12,20,Jharkhand,07-01-2018 00:00,15176.09998
3897,Dumka,11,20,Jharkhand,07-01-2018 00:00,15154.04501
3898,Giridih,6,20,Jharkhand,07-01-2018 00:00,15375.70272
3899,Godda,8,20,Jharkhand,07-01-2018 00:00,15410.00686
3900,Gumla,16,20,Jharkhand,07-01-2018 00:00,15173.49831
3901,Rayagada,27,21,Orissa,07-01-2018 00:00,15075.04837
3902,Sundargarh,5,21,Orissa,07-01-2018 00:00,15107.38895
3903,Sonapur,23,21,Orissa,07-01-2018 00:00,14853.19265
3904,Jajapur,13,21,Orissa,07-01-2018 00:00,15238.84013
3905,Jagatsinghapur,11,21,Orissa,07-01-2018 00:00,15152.20825
3906,Jharsuguda,2,21,Orissa,07-01-2018 00:00,15026.38652
3907,Khordha,17,21,Orissa,07-01-2018 00:00,15098.38583
3908,Mayurbhanj,7,21,Orissa,07-01-2018 00:00,15098.94604
3909,Puri,18,21,Orissa,07-01-2018 00:00,15052.4552
3910,Koraput,29,21,Orissa,07-01-2018 00:00,14818.66312
3911,Malkangiri,30,21,Orissa,07-01-2018 00:00,14879.71284
3912,Nabarangapur,28,21,Orissa,07-01-2018 00:00,15001.32413
3913,Nayagarh,16,21,Orissa,07-01-2018 00:00,15067.03738
3914,Kandhamal,21,21,Orissa,07-01-2018 00:00,15043.9185
3915,Sambalpur,3,21,Orissa,07-01-2018 00:00,14862.5071
3916,Anugul,15,21,Orissa,07-01-2018 00:00,14924.00679
3917,Bhadrak,9,21,Orissa,07-01-2018 00:00,15059.53354
3918,Baudh,22,21,Orissa,07-01-2018 00:00,14944.73175
3919,Balangir,24,21,Orissa,07-01-2018 00:00,14757.66463
3920,Baleshwar,8,21,Orissa,07-01-2018 00:00,15020.08222
3921,Bargarh,1,21,Orissa,07-01-2018 00:00,15048.53723
3922,Kendrapara,10,21,Orissa,07-01-2018 00:00,15176.42493
3923,Kendujhar,6,21,Orissa,07-01-2018 00:00,15055.58993
3924,Debagarh,4,21,Orissa,07-01-2018 00:00,15004.59716
3925,Cuttack,12,21,Orissa,07-01-2018 00:00,15164.59063
3926,Dhenkanal,14,21,Orissa,07-01-2018 00:00,15104.204
3927,Kalahandi,26,21,Orissa,07-01-2018 00:00,14899.83543
3928,Ganjam,19,21,Orissa,07-01-2018 00:00,15115.54059
3929,Gajapati,20,21,Orissa,07-01-2018 00:00,15029.41985
3930,Surguja,2,22,Chhattisgarh,07-01-2018 00:00,15177.29366
3931,Bilaspur,7,22,Chhattisgarh,07-01-2018 00:00,15280.98262
3932,Janjgir - Champa,6,22,Chhattisgarh,07-01-2018 00:00,15195.78948
3933,Korba,5,22,Chhattisgarh,07-01-2018 00:00,15118.80543
3934,Kawardha,8,22,Chhattisgarh,07-01-2018 00:00,15282.80503
3935,Jashpur,3,22,Chhattisgarh,07-01-2018 00:00,15090.57872
3936,Koriya,1,22,Chhattisgarh,07-01-2018 00:00,15172.95587
3937,Mahasamund,12,22,Chhattisgarh,07-01-2018 00:00,15018.02327
3938,Raigarh,4,22,Chhattisgarh,07-01-2018 00:00,15035.68209
3939,Raipur,11,22,Chhattisgarh,07-01-2018 00:00,15258.46947
3940,Rajnandgaon,9,22,Chhattisgarh,07-01-2018 00:00,15387.4549
3941,Bastar,15,22,Chhattisgarh,07-01-2018 00:00,15206.27341
3942,Dantewada,16,22,Chhattisgarh,07-01-2018 00:00,15019.23358
3943,Dhamtari,13,22,Chhattisgarh,07-01-2018 00:00,15258.2094
3944,Durg,10,22,Chhattisgarh,07-01-2018 00:00,15466.69922
3945,Kanker,14,22,Chhattisgarh,07-01-2018 00:00,15299.56597
3946,Hoshangabad,37,23,Madhya Pradesh,07-01-2018 00:00,15495.6577
3947,Indore,26,23,Madhya Pradesh,07-01-2018 00:00,15186.68621
3948,Shajapur,22,23,Madhya Pradesh,07-01-2018 00:00,15332.71274
3949,Shivpuri,6,23,Madhya Pradesh,07-01-2018 00:00,15609.31702
3950,Ratlam,20,23,Madhya Pradesh,07-01-2018 00:00,15223.49842
3951,Rewa,14,23,Madhya Pradesh,07-01-2018 00:00,15624.3737
3952,Sagar,11,23,Madhya Pradesh,07-01-2018 00:00,15446.29254
3953,Sidhi,17,23,Madhya Pradesh,07-01-2018 00:00,15413.91241
3954,Ujjain,21,23,Madhya Pradesh,07-01-2018 00:00,15242.24629
3955,Vidisha,31,23,Madhya Pradesh,07-01-2018 00:00,15423.95277
3956,West Nimar,27,23,Madhya Pradesh,07-01-2018 00:00,15406.89472
3957,Morena,2,23,Madhya Pradesh,07-01-2018 00:00,15725.88134
3958,Sheopur,1,23,Madhya Pradesh,07-01-2018 00:00,15606.39472
3959,Dindori,41,23,Madhya Pradesh,07-01-2018 00:00,15180.09323
3960,Mandla,42,23,Madhya Pradesh,07-01-2018 00:00,15173.36223
3961,Shahdol,16,23,Madhya Pradesh,07-01-2018 00:00,15317.55812
3962,Umaria,15,23,Madhya Pradesh,07-01-2018 00:00,15378.16723
3963,Jabalpur,39,23,Madhya Pradesh,07-01-2018 00:00,15314.95109
3964,Jhabua,24,23,Madhya Pradesh,07-01-2018 00:00,15144.90522
3965,Mandsaur,19,23,Madhya Pradesh,07-01-2018 00:00,15317.61487
3966,Tikamgarh,8,23,Madhya Pradesh,07-01-2018 00:00,15711.40227
3967,Narsimhapur,40,23,Madhya Pradesh,07-01-2018 00:00,15400.21486
3968,Neemuch,18,23,Madhya Pradesh,07-01-2018 00:00,15324.76841
3969,Panna,10,23,Madhya Pradesh,07-01-2018 00:00,15603.62784
3970,Raisen,34,23,Madhya Pradesh,07-01-2018 00:00,15354.04057
3971,Rajgarh,30,23,Madhya Pradesh,07-01-2018 00:00,15458.85983
3972,Satna,13,23,Madhya Pradesh,07-01-2018 00:00,15535.87119
3973,Sehore,33,23,Madhya Pradesh,07-01-2018 00:00,15406.14827
3974,Seoni,44,23,Madhya Pradesh,07-01-2018 00:00,15324.11403
3975,Bhind,3,23,Madhya Pradesh,07-01-2018 00:00,15665.12589
3976,Bhopal,32,23,Madhya Pradesh,07-01-2018 00:00,15376.96229
3977,Barwani,28,23,Madhya Pradesh,07-01-2018 00:00,15372.39282
3978,Betul,35,23,Madhya Pradesh,07-01-2018 00:00,15309.33871
3979,Balaghat,45,23,Madhya Pradesh,07-01-2018 00:00,15257.63736
3980,Chhatarpur,9,23,Madhya Pradesh,07-01-2018 00:00,15600.62266
3981,Chhindwara,43,23,Madhya Pradesh,07-01-2018 00:00,15287.95696
3982,Dewas,23,23,Madhya Pradesh,07-01-2018 00:00,15280.53475
3983,Katni,38,23,Madhya Pradesh,07-01-2018 00:00,15507.5752
3984,Datia,5,23,Madhya Pradesh,07-01-2018 00:00,15668.52525
3985,Damoh,12,23,Madhya Pradesh,07-01-2018 00:00,15505.92479
3986,Dhar,25,23,Madhya Pradesh,07-01-2018 00:00,15354.51246
3987,East Nimar,29,23,Madhya Pradesh,07-01-2018 00:00,15497.65308
3988,Guna,7,23,Madhya Pradesh,07-01-2018 00:00,15530.02456
3989,Gwalior,4,23,Madhya Pradesh,07-01-2018 00:00,15695.69542
3990,Harda,36,23,Madhya Pradesh,07-01-2018 00:00,15626.70139
3991,Sabar Kantha,5,24,Gujarat,07-01-2018 00:00,15304.9544
3992,Surendranagar,8,24,Gujarat,07-01-2018 00:00,15476.70764
3993,The Dangs,23,24,Gujarat,07-01-2018 00:00,15126.91307
3994,Vadodara,19,24,Gujarat,07-01-2018 00:00,15319.22814
3995,Valsad,25,24,Gujarat,07-01-2018 00:00,14966.56219
3996,Bharuch,21,24,Gujarat,07-01-2018 00:00,14876.8773
3997,Surat,22,24,Gujarat,07-01-2018 00:00,15053.88472
3998,Jamnagar,10,24,Gujarat,07-01-2018 00:00,15436.72177
3999,Mahesana,4,24,Gujarat,07-01-2018 00:00,15434.937
4000,Narmada,20,24,Gujarat,07-01-2018 00:00,14806.44141
4001,Navsari,24,24,Gujarat,07-01-2018 00:00,14948.45075
4002,Panch Mahals,17,24,Gujarat,07-01-2018 00:00,14970.61997
4003,Patan,3,24,Gujarat,07-01-2018 00:00,15682.7677
4004,Porbandar,11,24,Gujarat,07-01-2018 00:00,15344.59492
4005,Rajkot,9,24,Gujarat,07-01-2018 00:00,15412.4307
4006,Anand,15,24,Gujarat,07-01-2018 00:00,15188.30311
4007,Ahmadabad,7,24,Gujarat,07-01-2018 00:00,15493.84697
4008,Amreli,13,24,Gujarat,07-01-2018 00:00,15424.54764
4009,Bhavnagar,14,24,Gujarat,07-01-2018 00:00,15515.01223
4010,Banas Kantha,2,24,Gujarat,07-01-2018 00:00,15492.29928
4011,Dohad,18,24,Gujarat,07-01-2018 00:00,14958.19835
4012,Junagadh,12,24,Gujarat,07-01-2018 00:00,15239.31749
4013,Kachchh,1,24,Gujarat,07-01-2018 00:00,15460.73332
4014,Daman,2,25,Daman & Diu,07-01-2018 00:00,14895.87412
4015,Diu,1,25,Daman & Diu,07-01-2018 00:00,15134.1638
4016,Hingoli,16,27,Maharashtra,07-01-2018 00:00,15534.81477
4017,Ratnagiri,32,27,Maharashtra,07-01-2018 00:00,14892.97175
4018,Raigarh,24,27,Maharashtra,07-01-2018 00:00,14885.03397
4019,Thane,21,27,Maharashtra,07-01-2018 00:00,14928.00344
4020,Solapur,30,27,Maharashtra,07-01-2018 00:00,15408.9605
4021,Sindhudurg,33,27,Maharashtra,07-01-2018 00:00,14947.77032
4022,Wardha,8,27,Maharashtra,07-01-2018 00:00,15553.18914
4023,Washim,6,27,Maharashtra,07-01-2018 00:00,15387.07534
4024,Yavatmal,14,27,Maharashtra,07-01-2018 00:00,15505.78555
4025,Jalgaon,3,27,Maharashtra,07-01-2018 00:00,15550.74688
4026,Jalna,18,27,Maharashtra,07-01-2018 00:00,15602.84085
4027,Kolhapur,34,27,Maharashtra,07-01-2018 00:00,14867.58463
4028,Latur,28,27,Maharashtra,07-01-2018 00:00,15679.70295
4029,Pune,25,27,Maharashtra,07-01-2018 00:00,15215.06836
4030,Nagpur,9,27,Maharashtra,07-01-2018 00:00,15398.80705
4031,Mumbai,23,27,Maharashtra,07-01-2018 00:00,15001.72113
4032,Mumbai (Suburban),22,27,Maharashtra,07-01-2018 00:00,14832.35632
4033,Nanded,15,27,Maharashtra,07-01-2018 00:00,15566.5984
4034,Nandurbar,1,27,Maharashtra,07-01-2018 00:00,15338.81931
4035,Nashik,20,27,Maharashtra,07-01-2018 00:00,15485.90536
4036,Osmanabad,29,27,Maharashtra,07-01-2018 00:00,15440.54202
4037,Parbhani,17,27,Maharashtra,07-01-2018 00:00,15589.11792
4038,Sangli,35,27,Maharashtra,07-01-2018 00:00,15135.0217
4039,Satara,31,27,Maharashtra,07-01-2018 00:00,15241.56787
4040,Aurangabad,19,27,Maharashtra,07-01-2018 00:00,15679.89594
4041,Ahmadnagar,26,27,Maharashtra,07-01-2018 00:00,15452.11997
4042,Akola,5,27,Maharashtra,07-01-2018 00:00,15537.45569
4043,Amravati,7,27,Maharashtra,07-01-2018 00:00,15571.39007
4044,Bid,27,27,Maharashtra,07-01-2018 00:00,15530.51016
4045,Bhandara,10,27,Maharashtra,07-01-2018 00:00,15604.61945
4046,Buldana,4,27,Maharashtra,07-01-2018 00:00,15632.85919
4047,Chandrapur,13,27,Maharashtra,07-01-2018 00:00,15468.16399
4048,Dhule,2,27,Maharashtra,07-01-2018 00:00,15490.22633
4049,Gadchiroli,12,27,Maharashtra,07-01-2018 00:00,15245.48033
4050,Gondiya,11,27,Maharashtra,07-01-2018 00:00,15330.15584
4051,Hyderabad,5,28,Andhra Pradesh,07-01-2018 00:00,14954.81453
4052,Rangareddi,6,28,Andhra Pradesh,07-01-2018 00:00,15172.75084
4053,Srikakulam,11,28,Andhra Pradesh,07-01-2018 00:00,15147.3805
4054,West Godavari,15,28,Andhra Pradesh,07-01-2018 00:00,14977.117
4055,Visakhapatnam,13,28,Andhra Pradesh,07-01-2018 00:00,15047.49921
4056,Vizianagaram,12,28,Andhra Pradesh,07-01-2018 00:00,15052.50752
4057,Warangal,9,28,Andhra Pradesh,07-01-2018 00:00,15132.09201
4058,Khammam,10,28,Andhra Pradesh,07-01-2018 00:00,15016.44927
4059,Medak,4,28,Andhra Pradesh,07-01-2018 00:00,15464.38932
4060,Krishna,16,28,Andhra Pradesh,07-01-2018 00:00,15154.47513
4061,Kurnool,21,28,Andhra Pradesh,07-01-2018 00:00,15427.16085
4062,Mahbubnagar,7,28,Andhra Pradesh,07-01-2018 00:00,15248.38342
4063,Nalgonda,8,28,Andhra Pradesh,07-01-2018 00:00,15325.76255
4064,Nellore,19,28,Andhra Pradesh,07-01-2018 00:00,15534.23524
4065,Nizamabad,2,28,Andhra Pradesh,07-01-2018 00:00,15373.59391
4066,Prakasam,18,28,Andhra Pradesh,07-01-2018 00:00,15486.94806
4067,Anantapur,22,28,Andhra Pradesh,07-01-2018 00:00,15361.20525
4068,Adilabad,1,28,Andhra Pradesh,07-01-2018 00:00,15485.2734
4069,Chittoor,23,28,Andhra Pradesh,07-01-2018 00:00,15256.9759
4070,Cuddapah,20,28,Andhra Pradesh,07-01-2018 00:00,15354.21189
4071,East Godavari,14,28,Andhra Pradesh,07-01-2018 00:00,15025.22503
4072,Karimnagar,3,28,Andhra Pradesh,07-01-2018 00:00,15365.78921
4073,Guntur,17,28,Andhra Pradesh,07-01-2018 00:00,15457.52188
4074,Hassan,23,29,Karnataka,07-01-2018 00:00,14861.11282
4075,Haveri,11,29,Karnataka,07-01-2018 00:00,15071.16846
4076,Shimoga,15,29,Karnataka,07-01-2018 00:00,14774.59707
4077,Tumkur,18,29,Karnataka,07-01-2018 00:00,15199.43057
4078,Udupi,16,29,Karnataka,07-01-2018 00:00,14719.18708
4079,Uttara Kannada,10,29,Karnataka,07-01-2018 00:00,14888.34991
4080,Kodagu,25,29,Karnataka,07-01-2018 00:00,14764.37071
4081,Kolar,19,29,Karnataka,07-01-2018 00:00,15136.14613
4082,Mandya,22,29,Karnataka,07-01-2018 00:00,14976.9735
4083,Koppal,7,29,Karnataka,07-01-2018 00:00,15256.30469
4084,Mysore,26,29,Karnataka,07-01-2018 00:00,14902.03263
4085,Raichur,6,29,Karnataka,07-01-2018 00:00,15189.78783
4086,Bagalkot,2,29,Karnataka,07-01-2018 00:00,15116.84229
4087,Bangalore,20,29,Karnataka,07-01-2018 00:00,15017.55215
4088,Bidar,5,29,Karnataka,07-01-2018 00:00,15627.24976
4089,Bijapur,3,29,Karnataka,07-01-2018 00:00,15200.91002
4090,Belgaum,1,29,Karnataka,07-01-2018 00:00,14983.46507
4091,Bellary,12,29,Karnataka,07-01-2018 00:00,15277.23282
4092,Bangalore Rural,21,29,Karnataka,07-01-2018 00:00,15082.46098
4093,Chamarajanagar,27,29,Karnataka,07-01-2018 00:00,15046.47339
4094,Chikmagalur,17,29,Karnataka,07-01-2018 00:00,14842.89865
4095,Chitradurga,13,29,Karnataka,07-01-2018 00:00,15394.50646
4096,Dakshina Kannada,24,29,Karnataka,07-01-2018 00:00,14822.20513
4097,Davanagere,14,29,Karnataka,07-01-2018 00:00,14930.56384
4098,Dharwad,9,29,Karnataka,07-01-2018 00:00,15153.86896
4099,Gulbarga,4,29,Karnataka,07-01-2018 00:00,15230.66309
4100,Gadag,8,29,Karnataka,07-01-2018 00:00,15303.43646
4101,South Goa,2,30,Goa,07-01-2018 00:00,14849.68786
4102,North Goa,1,30,Goa,07-01-2018 00:00,14777.52728
4103,Idukki,9,32,Kerala,07-01-2018 00:00,14827.658
4104,Thrissur,7,32,Kerala,07-01-2018 00:00,14887.43678
4105,Thiruvananthapuram,14,32,Kerala,07-01-2018 00:00,14919.22614
4106,Wayanad,3,32,Kerala,07-01-2018 00:00,14808.19615
4107,Kollam,13,32,Kerala,07-01-2018 00:00,14944.82566
4108,Kottayam,10,32,Kerala,07-01-2018 00:00,14994.93356
4109,Kozhikode,4,32,Kerala,07-01-2018 00:00,14953.15117
4110,Malappuram,5,32,Kerala,07-01-2018 00:00,14981.78915
4111,Palakkad,6,32,Kerala,07-01-2018 00:00,14863.82112
4112,Pathanamthitta,12,32,Kerala,07-01-2018 00:00,14913.40525
4113,Alappuzha,11,32,Kerala,07-01-2018 00:00,14969.71455
4114,Kasaragod,1,32,Kerala,07-01-2018 00:00,14962.44333
4115,Kannur,2,32,Kerala,07-01-2018 00:00,14907.87753
4116,Ernakulam,8,32,Kerala,07-01-2018 00:00,14947.9133
4117,Sivaganga,23,33,Tamil Nadu,07-01-2018 00:00,15510.30929
4118,Tiruchirappalli,15,33,Tamil Nadu,07-01-2018 00:00,15397.63191
4119,Tirunelveli,29,33,Tamil Nadu,07-01-2018 00:00,15474.49516
4120,Tiruvannamalai,6,33,Tamil Nadu,07-01-2018 00:00,15337.2358
4121,Thoothukkudi,28,33,Tamil Nadu,07-01-2018 00:00,15735.49506
4122,Theni,25,33,Tamil Nadu,07-01-2018 00:00,15265.04257
4123,Vellore,4,33,Tamil Nadu,07-01-2018 00:00,15204.1937
4124,Viluppuram,7,33,Tamil Nadu,07-01-2018 00:00,15499.41562
4125,Virudhunagar,26,33,Tamil Nadu,07-01-2018 00:00,15597.09367
4126,Chennai,2,33,Tamil Nadu,07-01-2018 00:00,15514.31197
4127,Kancheepuram,3,33,Tamil Nadu,07-01-2018 00:00,15483.74096
4128,Thiruvallur,1,33,Tamil Nadu,07-01-2018 00:00,15396.9172
4129,Thanjavur,21,33,Tamil Nadu,07-01-2018 00:00,15403.13276
4130,Thiruvarur,20,33,Tamil Nadu,07-01-2018 00:00,15471.77284
4131,Nagapattinam,19,33,Tamil Nadu,07-01-2018 00:00,15476.92592
4132,Kanniyakumari,30,33,Tamil Nadu,07-01-2018 00:00,14929.71018
4133,Karur,14,33,Tamil Nadu,07-01-2018 00:00,15452.97261
4134,Madurai,24,33,Tamil Nadu,07-01-2018 00:00,15430.82965
4135,Namakkal,9,33,Tamil Nadu,07-01-2018 00:00,15336.49967
4136,The Nilgiris,11,33,Tamil Nadu,07-01-2018 00:00,14662.36328
4137,Perambalur,16,33,Tamil Nadu,07-01-2018 00:00,15590.75984
4138,Pudukkottai,22,33,Tamil Nadu,07-01-2018 00:00,15421.47177
4139,Ramanathapuram,27,33,Tamil Nadu,07-01-2018 00:00,15705.23337
4140,Salem,8,33,Tamil Nadu,07-01-2018 00:00,15261.34717
4141,Ariyalur,17,33,Tamil Nadu,07-01-2018 00:00,15538.64769
4142,Coimbatore,12,33,Tamil Nadu,07-01-2018 00:00,15216.58369
4143,Cuddalore,18,33,Tamil Nadu,07-01-2018 00:00,15492.97443
4144,Dharmapuri,5,33,Tamil Nadu,07-01-2018 00:00,15216.11407
4145,Dindigul,13,33,Tamil Nadu,07-01-2018 00:00,15290.96816
4146,Erode,10,33,Tamil Nadu,07-01-2018 00:00,15301.19323
4147,Yanam,1,34,Puducherry,07-01-2018 00:00,15168.81303
4148,Karaikal,4,34,Puducherry,07-01-2018 00:00,15578.67986
4149,Mahe,3,34,Puducherry,07-01-2018 00:00,14876.77565
4150,Pondicherry,2,34,Puducherry,07-01-2018 00:00,15450.46606
4151,Nicobars,2,35,Andaman & Nicobar Island,07-01-2018 00:00,14891.64014
4152,Andamans,1,35,Andaman & Nicobar Island,07-01-2018 00:00,14900.00611
4153,Lakshadweep,1,31,Lakshadweep,08-01-2018 00:00,14931.33628
4154,Chandigarh,1,4,Chandigarh,08-01-2018 00:00,15214.95902
4155,Dadra & Nagar Haveli,1,26,Dadara & Nagar Havelli,08-01-2018 00:00,14954.09542
4156,Data Not Available,99,99,Jammu and Kashmir,08-01-2018 00:00,14693.39194
4157,Srinagar,3,1,Jammu and Kashmir,08-01-2018 00:00,14669.60077
4158,Udhampur,10,1,Jammu and Kashmir,08-01-2018 00:00,14825.91514
4159,Jammu,13,1,Jammu and Kashmir,08-01-2018 00:00,15092.69684
4160,Kargil,8,1,Jammu and Kashmir,08-01-2018 00:00,14924.83629
4161,Kathua,14,1,Jammu and Kashmir,08-01-2018 00:00,14964.48829
4162,Leh (Ladakh),7,1,Jammu and Kashmir,08-01-2018 00:00,14873.548
4163,Kupwara,1,1,Jammu and Kashmir,08-01-2018 00:00,14761.02982
4164,Punch,11,1,Jammu and Kashmir,08-01-2018 00:00,14834.22054
4165,Pulwama,5,1,Jammu and Kashmir,08-01-2018 00:00,14864.9174
4166,Rajauri,12,1,Jammu and Kashmir,08-01-2018 00:00,14937.03541
4167,Anantnag,6,1,Jammu and Kashmir,08-01-2018 00:00,14649.50581
4168,Badgam,4,1,Jammu and Kashmir,08-01-2018 00:00,14774.78003
4169,Baramula,2,1,Jammu and Kashmir,08-01-2018 00:00,14770.41902
4170,Doda,9,1,Jammu and Kashmir,08-01-2018 00:00,14528.2904
4171,Shimla,11,2,Himachal Pradesh,08-01-2018 00:00,14577.80704
4172,Sirmaur,10,2,Himachal Pradesh,08-01-2018 00:00,14949.24413
4173,Solan,9,2,Himachal Pradesh,08-01-2018 00:00,14947.41337
4174,Una,7,2,Himachal Pradesh,08-01-2018 00:00,14972.87032
4175,Kangra,2,2,Himachal Pradesh,08-01-2018 00:00,14800.11478
4176,Kinnaur,12,2,Himachal Pradesh,08-01-2018 00:00,14560.1055
4177,Lahul & Spiti,3,2,Himachal Pradesh,08-01-2018 00:00,14632.3745
4178,Kullu,4,2,Himachal Pradesh,08-01-2018 00:00,14374.97397
4179,Mandi,5,2,Himachal Pradesh,08-01-2018 00:00,14798.20093
4180,Bilaspur,8,2,Himachal Pradesh,08-01-2018 00:00,14967.76204
4181,Chamba,1,2,Himachal Pradesh,08-01-2018 00:00,14539.08375
4182,Hamirpur,6,2,Himachal Pradesh,08-01-2018 00:00,14956.26597
4183,Hoshiarpur,5,3,Punjab,08-01-2018 00:00,15017.48839
4184,Rupnagar,7,3,Punjab,08-01-2018 00:00,15037.94285
4185,Jalandhar,4,3,Punjab,08-01-2018 00:00,15022.68555
4186,Kapurthala,3,3,Punjab,08-01-2018 00:00,15006.6948
4187,Ludhiana,9,3,Punjab,08-01-2018 00:00,15034.57713
4188,Mansa,15,3,Punjab,08-01-2018 00:00,15041.03359
4189,Moga,10,3,Punjab,08-01-2018 00:00,15014.48263
4190,Muktsar,12,3,Punjab,08-01-2018 00:00,15062.95779
4191,Nawanshahr,6,3,Punjab,08-01-2018 00:00,15029.36233
4192,Patiala,17,3,Punjab,08-01-2018 00:00,15050.08437
4193,Sangrur,16,3,Punjab,08-01-2018 00:00,15004.0291
4194,Amritsar,2,3,Punjab,08-01-2018 00:00,15041.47421
4195,Firozpur,11,3,Punjab,08-01-2018 00:00,15090.92007
4196,Bathinda,14,3,Punjab,08-01-2018 00:00,15058.41458
4197,Gurdaspur,1,3,Punjab,08-01-2018 00:00,15051.37734
4198,Faridkot,13,3,Punjab,08-01-2018 00:00,15031.95653
4199,Fatehgarh Sahib,8,3,Punjab,08-01-2018 00:00,15020.66819
4200,Hardwar,13,5,Uttarakhand,08-01-2018 00:00,15173.61494
4201,Rudraprayag,3,5,Uttarakhand,08-01-2018 00:00,14434.51264
4202,Tehri Garhwal,4,5,Uttarakhand,08-01-2018 00:00,14696.17088
4203,Udham Singh Nagar,12,5,Uttarakhand,08-01-2018 00:00,15175.11248
4204,Uttarkashi,1,5,Uttarakhand,08-01-2018 00:00,14384.49525
4205,Nainital,11,5,Uttarakhand,08-01-2018 00:00,15073.49193
4206,Pithoragarh,7,5,Uttarakhand,08-01-2018 00:00,14305.80339
4207,Bageshwar,8,5,Uttarakhand,08-01-2018 00:00,14619.93766
4208,Almora,9,5,Uttarakhand,08-01-2018 00:00,14965.09542
4209,Chamoli,2,5,Uttarakhand,08-01-2018 00:00,14248.5109
4210,Champawat,10,5,Uttarakhand,08-01-2018 00:00,15016.09345
4211,Dehradun,5,5,Uttarakhand,08-01-2018 00:00,14948.04145
4212,Garhwal,6,5,Uttarakhand,08-01-2018 00:00,14933.12718
4213,Hisar,12,6,Haryana,08-01-2018 00:00,15208.32108
4214,Rohtak,14,6,Haryana,08-01-2018 00:00,15225.97311
4215,Sirsa,11,6,Haryana,08-01-2018 00:00,15178.35012
4216,Sonipat,8,6,Haryana,08-01-2018 00:00,15193.29761
4217,Yamunanagar,3,6,Haryana,08-01-2018 00:00,15077.93216
4218,Jhajjar,15,6,Haryana,08-01-2018 00:00,15293.65656
4219,Mahendragarh,16,6,Haryana,08-01-2018 00:00,15222.57396
4220,Rewari,17,6,Haryana,08-01-2018 00:00,15324.08475
4221,Bhiwani,13,6,Haryana,08-01-2018 00:00,15320.02482
4222,Jind,9,6,Haryana,08-01-2018 00:00,15088.18744
4223,Kaithal,5,6,Haryana,08-01-2018 00:00,15007.12714
4224,Karnal,6,6,Haryana,08-01-2018 00:00,15036.67758
4225,Kurukshetra,4,6,Haryana,08-01-2018 00:00,15010.24621
4226,Panchkula,1,6,Haryana,08-01-2018 00:00,15051.75041
4227,Panipat,7,6,Haryana,08-01-2018 00:00,15110.46361
4228,Ambala,2,6,Haryana,08-01-2018 00:00,15088.32518
4229,Gurgaon,18,6,Haryana,08-01-2018 00:00,15220.94049
4230,Faridabad,19,6,Haryana,08-01-2018 00:00,15123.35855
4231,Fatehabad,10,6,Haryana,08-01-2018 00:00,15077.01524
4232,Central,6,7,Delhi  & NCR,08-01-2018 00:00,15344.33373
4233,East,4,7,Delhi  & NCR,08-01-2018 00:00,15094.11439
4234,New Delhi,5,7,Delhi  & NCR,08-01-2018 00:00,15117.93308
4235,North,2,7,Delhi  & NCR,08-01-2018 00:00,15123.42686
4236,North East,3,7,Delhi  & NCR,08-01-2018 00:00,15089.36318
4237,North West,1,7,Delhi  & NCR,08-01-2018 00:00,15286.43851
4238,South,9,7,Delhi  & NCR,08-01-2018 00:00,15069.437
4239,South West,8,7,Delhi  & NCR,08-01-2018 00:00,15307.66529
4240,West,7,7,Delhi  & NCR,08-01-2018 00:00,15265.62599
4241,Sirohi,19,8,Rajasthan,08-01-2018 00:00,15110.677
4242,Tonk,22,8,Rajasthan,08-01-2018 00:00,15163.40156
4243,Sikar,13,8,Rajasthan,08-01-2018 00:00,15205.18545
4244,Alwar,6,8,Rajasthan,08-01-2018 00:00,15139.47217
4245,Udaipur,26,8,Rajasthan,08-01-2018 00:00,14928.45946
4246,Ganganagar,1,8,Rajasthan,08-01-2018 00:00,15445.90037
4247,Hanumangarh,2,8,Rajasthan,08-01-2018 00:00,15411.35302
4248,Baran,31,8,Rajasthan,08-01-2018 00:00,14922.24643
4249,Jaipur,12,8,Rajasthan,08-01-2018 00:00,15160.80867
4250,Jaisalmer,16,8,Rajasthan,08-01-2018 00:00,15772.15115
4251,Jalor,18,8,Rajasthan,08-01-2018 00:00,15408.64289
4252,Jhalawar,32,8,Rajasthan,08-01-2018 00:00,15024.5255
4253,Jhunjhunun,5,8,Rajasthan,08-01-2018 00:00,15267.31855
4254,Jodhpur,15,8,Rajasthan,08-01-2018 00:00,15462.7452
4255,Kota,30,8,Rajasthan,08-01-2018 00:00,15017.59165
4256,Nagaur,14,8,Rajasthan,08-01-2018 00:00,15346.42982
4257,Pali,20,8,Rajasthan,08-01-2018 00:00,15220.67258
4258,Rajsamand,25,8,Rajasthan,08-01-2018 00:00,15069.82876
4259,Sawai Madhopur,10,8,Rajasthan,08-01-2018 00:00,15150.43445
4260,Ajmer,21,8,Rajasthan,08-01-2018 00:00,15132.35815
4261,Banswara,28,8,Rajasthan,08-01-2018 00:00,14542.2094
4262,Barmer,17,8,Rajasthan,08-01-2018 00:00,15521.40896
4263,Bhilwara,24,8,Rajasthan,08-01-2018 00:00,15107.80742
4264,Bikaner,3,8,Rajasthan,08-01-2018 00:00,15645.57028
4265,Bharatpur,7,8,Rajasthan,08-01-2018 00:00,15225.9829
4266,Bundi,23,8,Rajasthan,08-01-2018 00:00,15053.04924
4267,Chittaurgarh,29,8,Rajasthan,08-01-2018 00:00,14989.77257
4268,Churu,4,8,Rajasthan,08-01-2018 00:00,15476.13317
4269,Dausa,11,8,Rajasthan,08-01-2018 00:00,15153.26132
4270,Dhaulpur,8,8,Rajasthan,08-01-2018 00:00,15325.22796
4271,Dungarpur,27,8,Rajasthan,08-01-2018 00:00,14887.58568
4272,Karauli,9,8,Rajasthan,08-01-2018 00:00,15237.60204
4273,Hathras,13,9,Uttar Pradesh,08-01-2018 00:00,15157.01547
4274,Shrawasti,51,9,Uttar Pradesh,08-01-2018 00:00,15181.45133
4275,Saharanpur,1,9,Uttar Pradesh,08-01-2018 00:00,15104.74121
4276,Sitapur,24,9,Uttar Pradesh,08-01-2018 00:00,15171.91781
4277,Sultanpur,49,9,Uttar Pradesh,08-01-2018 00:00,15231.40347
4278,Sonbhadra,70,9,Uttar Pradesh,08-01-2018 00:00,15047.71177
4279,Siddharthnagar,54,9,Uttar Pradesh,08-01-2018 00:00,15167.27585
4280,Unnao,26,9,Uttar Pradesh,08-01-2018 00:00,15207.25987
4281,Varanasi,67,9,Uttar Pradesh,08-01-2018 00:00,15266.36898
4282,Bulandshahr,11,9,Uttar Pradesh,08-01-2018 00:00,15104.27794
4283,Gautam Buddha Nagar,10,9,Uttar Pradesh,08-01-2018 00:00,15108.79499
4284,Ghaziabad,9,9,Uttar Pradesh,08-01-2018 00:00,15158.74029
4285,Jalaun,35,9,Uttar Pradesh,08-01-2018 00:00,15312.64337
4286,Jaunpur,64,9,Uttar Pradesh,08-01-2018 00:00,15207.75893
4287,Jhansi,36,9,Uttar Pradesh,08-01-2018 00:00,15102.33425
4288,Jyotiba Phule Nagar,6,9,Uttar Pradesh,08-01-2018 00:00,15053.54893
4289,Kannauj,30,9,Uttar Pradesh,08-01-2018 00:00,15191.95215
4290,Kanpur Nagar,34,9,Uttar Pradesh,08-01-2018 00:00,15134.55444
4291,Kaushambi,44,9,Uttar Pradesh,08-01-2018 00:00,15142.90941
4292,Kheri,23,9,Uttar Pradesh,08-01-2018 00:00,15155.6191
4293,Mirzapur,69,9,Uttar Pradesh,08-01-2018 00:00,15206.34078
4294,Moradabad,4,9,Uttar Pradesh,08-01-2018 00:00,15180.79693
4295,Muzaffarnagar,2,9,Uttar Pradesh,08-01-2018 00:00,15066.95531
4296,Rae Bareli,28,9,Uttar Pradesh,08-01-2018 00:00,15227.82141
4297,Kushinagar,59,9,Uttar Pradesh,08-01-2018 00:00,15070.96695
4298,Lucknow,27,9,Uttar Pradesh,08-01-2018 00:00,15248.70336
4299,Lalitpur,37,9,Uttar Pradesh,08-01-2018 00:00,15100.30315
4300,Mahrajganj,57,9,Uttar Pradesh,08-01-2018 00:00,15124.41359
4301,Mahoba,39,9,Uttar Pradesh,08-01-2018 00:00,14394.49418
4302,Mainpuri,18,9,Uttar Pradesh,08-01-2018 00:00,15238.3243
4303,Mathura,14,9,Uttar Pradesh,08-01-2018 00:00,15065.93604
4304,Mau,62,9,Uttar Pradesh,08-01-2018 00:00,15041.0809
4305,Meerut,7,9,Uttar Pradesh,08-01-2018 00:00,15054.84167
4306,Pilibhit,21,9,Uttar Pradesh,08-01-2018 00:00,15129.3318
4307,Pratapgarh,43,9,Uttar Pradesh,08-01-2018 00:00,15239.56705
4308,Rampur,5,9,Uttar Pradesh,08-01-2018 00:00,15206.99536
4309,Sant Ravidas Nagar Bhadohi,68,9,Uttar Pradesh,08-01-2018 00:00,15270.88712
4310,Sant Kabir Nagar,56,9,Uttar Pradesh,08-01-2018 00:00,15101.14626
4311,Shahjahanpur,22,9,Uttar Pradesh,08-01-2018 00:00,15193.54303
4312,Auraiya,32,9,Uttar Pradesh,08-01-2018 00:00,15128.60298
4313,Azamgarh,61,9,Uttar Pradesh,08-01-2018 00:00,14905.06672
4314,Budaun,19,9,Uttar Pradesh,08-01-2018 00:00,15196.91553
4315,Agra,15,9,Uttar Pradesh,08-01-2018 00:00,15277.09622
4316,Aligarh,12,9,Uttar Pradesh,08-01-2018 00:00,15116.09673
4317,Allahabad,45,9,Uttar Pradesh,08-01-2018 00:00,15177.43066
4318,Ambedkar Nagar,48,9,Uttar Pradesh,08-01-2018 00:00,15198.56728
4319,Bareilly,20,9,Uttar Pradesh,08-01-2018 00:00,15170.31821
4320,Bijnor,3,9,Uttar Pradesh,08-01-2018 00:00,15134.70979
4321,Basti,55,9,Uttar Pradesh,08-01-2018 00:00,15197.02386
4322,Baghpat,8,9,Uttar Pradesh,08-01-2018 00:00,15102.69893
4323,Bahraich,50,9,Uttar Pradesh,08-01-2018 00:00,15095.61152
4324,Ballia,63,9,Uttar Pradesh,08-01-2018 00:00,15044.26197
4325,Balrampur,52,9,Uttar Pradesh,08-01-2018 00:00,15188.84375
4326,Banda,40,9,Uttar Pradesh,08-01-2018 00:00,15253.44367
4327,Barabanki,46,9,Uttar Pradesh,08-01-2018 00:00,15169.32077
4328,Chitrakoot,41,9,Uttar Pradesh,08-01-2018 00:00,15123.59372
4329,Chandauli,66,9,Uttar Pradesh,08-01-2018 00:00,15229.8986
4330,Deoria,60,9,Uttar Pradesh,08-01-2018 00:00,15085.66599
4331,Etah,17,9,Uttar Pradesh,08-01-2018 00:00,15247.35367
4332,Kanpur Dehat,33,9,Uttar Pradesh,08-01-2018 00:00,15050.95573
4333,Etawah,31,9,Uttar Pradesh,08-01-2018 00:00,15183.9318
4334,Faizabad,47,9,Uttar Pradesh,08-01-2018 00:00,15220.66994
4335,Ghazipur,65,9,Uttar Pradesh,08-01-2018 00:00,15032.16273
4336,Gonda,53,9,Uttar Pradesh,08-01-2018 00:00,15196.5823
4337,Gorakhpur,58,9,Uttar Pradesh,08-01-2018 00:00,15085.6973
4338,Farrukhabad,29,9,Uttar Pradesh,08-01-2018 00:00,15189.38645
4339,Fatehpur,42,9,Uttar Pradesh,08-01-2018 00:00,15121.87554
4340,Firozabad,16,9,Uttar Pradesh,08-01-2018 00:00,15231.71428
4341,Hamirpur,38,9,Uttar Pradesh,08-01-2018 00:00,15172.90192
4342,Hardoi,25,9,Uttar Pradesh,08-01-2018 00:00,15192.34156
4343,Sheikhpura,26,10,Bihar,08-01-2018 00:00,15230.82776
4344,Sheohar,3,10,Bihar,08-01-2018 00:00,15221.23676
4345,Saharsa,12,10,Bihar,08-01-2018 00:00,15078.00928
4346,Sitamarhi,4,10,Bihar,08-01-2018 00:00,15126.56276
4347,Siwan,16,10,Bihar,08-01-2018 00:00,15205.21738
4348,Supaul,6,10,Bihar,08-01-2018 00:00,15041.38185
4349,Vaishali,18,10,Bihar,08-01-2018 00:00,15213.20418
4350,Kaimur (Bhabua),31,10,Bihar,08-01-2018 00:00,15206.15457
4351,Gaya,35,10,Bihar,08-01-2018 00:00,15192.98884
4352,Bhojpur,29,10,Bihar,08-01-2018 00:00,15112.95857
4353,Buxar,30,10,Bihar,08-01-2018 00:00,15181.56339
4354,Jehanabad,33,10,Bihar,08-01-2018 00:00,15127.28164
4355,Rohtas,32,10,Bihar,08-01-2018 00:00,15145.59804
4356,Jamui,37,10,Bihar,08-01-2018 00:00,15180.92845
4357,Kishanganj,8,10,Bihar,08-01-2018 00:00,15204.77097
4358,Muzaffarpur,14,10,Bihar,08-01-2018 00:00,15270.68609
4359,Purnia,9,10,Bihar,08-01-2018 00:00,15124.65189
4360,Khagaria,21,10,Bihar,08-01-2018 00:00,15103.92469
4361,Madhubani,5,10,Bihar,08-01-2018 00:00,15106.49013
4362,Lakhisarai,25,10,Bihar,08-01-2018 00:00,15155.96204
4363,Madhepura,11,10,Bihar,08-01-2018 00:00,15109.34862
4364,Purba Champaran,2,10,Bihar,08-01-2018 00:00,15141.80198
4365,Munger,24,10,Bihar,08-01-2018 00:00,15084.0247
4366,Nalanda,27,10,Bihar,08-01-2018 00:00,15212.08902
4367,Nawada,36,10,Bihar,08-01-2018 00:00,15184.43635
4368,Pashchim Champaran,1,10,Bihar,08-01-2018 00:00,15124.12026
4369,Patna,28,10,Bihar,08-01-2018 00:00,15150.47202
4370,Samastipur,19,10,Bihar,08-01-2018 00:00,15147.86868
4371,Araria,7,10,Bihar,08-01-2018 00:00,15037.09649
4372,Aurangabad,34,10,Bihar,08-01-2018 00:00,15172.90666
4373,Banka,23,10,Bihar,08-01-2018 00:00,15189.45835
4374,Bhagalpur,22,10,Bihar,08-01-2018 00:00,15111.97194
4375,Begusarai,20,10,Bihar,08-01-2018 00:00,15117.32697
4376,Saran,17,10,Bihar,08-01-2018 00:00,15228.15055
4377,Katihar,10,10,Bihar,08-01-2018 00:00,15084.8152
4378,Darbhanga,13,10,Bihar,08-01-2018 00:00,15139.18238
4379,Gopalganj,15,10,Bihar,08-01-2018 00:00,15153.1619
4380,South,3,11,Sikkim,08-01-2018 00:00,14728.2055
4381,West,2,11,Sikkim,08-01-2018 00:00,14399.40677
4382,North,1,11,Sikkim,08-01-2018 00:00,13975.16564
4383,East,4,11,Sikkim,08-01-2018 00:00,14630.66383
4384,Tawang,1,12,Arunanchal Pradesh,08-01-2018 00:00,14153.0122
4385,Tirap,13,12,Arunanchal Pradesh,08-01-2018 00:00,15139.8151
4386,West Kameng,2,12,Arunanchal Pradesh,08-01-2018 00:00,14614.2265
4387,West Siang,7,12,Arunanchal Pradesh,08-01-2018 00:00,14730.05195
4388,Upper Siang,9,12,Arunanchal Pradesh,08-01-2018 00:00,14515.21553
4389,Upper Subansiri,6,12,Arunanchal Pradesh,08-01-2018 00:00,14505.80374
4390,Lohit,11,12,Arunanchal Pradesh,08-01-2018 00:00,14524.32037
4391,Lower Subansiri,5,12,Arunanchal Pradesh,08-01-2018 00:00,14627.9731
4392,Papum Pare,4,12,Arunanchal Pradesh,08-01-2018 00:00,14962.64368
4393,Changlang,12,12,Arunanchal Pradesh,08-01-2018 00:00,14835.14727
4394,Dibang Valley,10,12,Arunanchal Pradesh,08-01-2018 00:00,14373.37462
4395,East Kameng,3,12,Arunanchal Pradesh,08-01-2018 00:00,14724.35413
4396,East Siang,8,12,Arunanchal Pradesh,08-01-2018 00:00,15020.63128
4397,Tuensang,2,13,Nagaland,08-01-2018 00:00,14886.04562
4398,Wokha,5,13,Nagaland,08-01-2018 00:00,15138.52806
4399,Zunheboto,4,13,Nagaland,08-01-2018 00:00,14843.54499
4400,Dimapur,6,13,Nagaland,08-01-2018 00:00,15122.16765
4401,Kohima,7,13,Nagaland,08-01-2018 00:00,15031.04465
4402,Mokokchung,3,13,Nagaland,08-01-2018 00:00,15107.93954
4403,Mon,1,13,Nagaland,08-01-2018 00:00,15168.4988
4404,Phek,8,13,Nagaland,08-01-2018 00:00,14837.09934
4405,Tamenglong,2,14,Manipur,08-01-2018 00:00,14980.67635
4406,Thoubal,5,14,Manipur,08-01-2018 00:00,15030.31612
4407,Ukhrul,8,14,Manipur,08-01-2018 00:00,14895.16402
4408,Imphal East,7,14,Manipur,08-01-2018 00:00,15052.47403
4409,Imphal West,6,14,Manipur,08-01-2018 00:00,15142.42537
4410,Senapati (Excl. 3 sub-divisions),1,14,Manipur,08-01-2018 00:00,14831.12989
4411,Bishnupur,4,14,Manipur,08-01-2018 00:00,14967.51099
4412,Chandel,9,14,Manipur,08-01-2018 00:00,14927.31226
4413,Churachandpur,3,14,Manipur,08-01-2018 00:00,14905.9771
4414,Kolasib,2,15,Mizoram,08-01-2018 00:00,15019.19673
4415,Mamit,1,15,Mizoram,08-01-2018 00:00,15003.26917
4416,Lunglei,6,15,Mizoram,08-01-2018 00:00,14982.25837
4417,Lawngtlai,7,15,Mizoram,08-01-2018 00:00,14995.07398
4418,Saiha,8,15,Mizoram,08-01-2018 00:00,14921.63213
4419,Serchhip,5,15,Mizoram,08-01-2018 00:00,14921.44622
4420,Aizawl,3,15,Mizoram,08-01-2018 00:00,14932.74315
4421,Champhai,4,15,Mizoram,08-01-2018 00:00,14924.42165
4422,South Tripura,2,16,Tripura,08-01-2018 00:00,15080.78745
4423,West Tripura,1,16,Tripura,08-01-2018 00:00,15054.147
4424,North Tripura,4,16,Tripura,08-01-2018 00:00,15072.88262
4425,Dhalai,3,16,Tripura,08-01-2018 00:00,15033.20506
4426,Ri Bhoi,5,17,Meghalaya,08-01-2018 00:00,15120.22817
4427,South Garo Hills,3,17,Meghalaya,08-01-2018 00:00,15280.25656
4428,West Garo Hills,1,17,Meghalaya,08-01-2018 00:00,15221.36912
4429,West Khasi Hills,4,17,Meghalaya,08-01-2018 00:00,15140.76264
4430,Jaintia Hills,7,17,Meghalaya,08-01-2018 00:00,15059.01884
4431,East Garo Hills,2,17,Meghalaya,08-01-2018 00:00,15172.62699
4432,East Khasi Hills,6,17,Meghalaya,08-01-2018 00:00,15005.97116
4433,Sonitpur,11,18,Assam,08-01-2018 00:00,15182.09761
4434,Sibsagar,16,18,Assam,08-01-2018 00:00,15285.62367
4435,Tinsukia,14,18,Assam,08-01-2018 00:00,15189.85562
4436,Jorhat,17,18,Assam,08-01-2018 00:00,15164.36704
4437,Karimganj,22,18,Assam,08-01-2018 00:00,15064.81185
4438,Kokrajhar,1,18,Assam,08-01-2018 00:00,15124.5829
4439,Lakhimpur,12,18,Assam,08-01-2018 00:00,15211.35404
4440,Nagaon,10,18,Assam,08-01-2018 00:00,15187.83415
4441,Marigaon,9,18,Assam,08-01-2018 00:00,15212.6751
4442,Nalbari,7,18,Assam,08-01-2018 00:00,15165.48961
4443,North Cachar Hills,20,18,Assam,08-01-2018 00:00,15037.02881
4444,Barpeta,5,18,Assam,08-01-2018 00:00,15125.87224
4445,Bongaigaon,4,18,Assam,08-01-2018 00:00,15105.90542
4446,Cachar,21,18,Assam,08-01-2018 00:00,15102.77514
4447,Darrang,8,18,Assam,08-01-2018 00:00,15181.35148
4448,Dhemaji,13,18,Assam,08-01-2018 00:00,15132.31578
4449,Dhubri,2,18,Assam,08-01-2018 00:00,15116.80973
4450,Dibrugarh,15,18,Assam,08-01-2018 00:00,15152.73892
4451,Kamrup,6,18,Assam,08-01-2018 00:00,15215.82997
4452,Karbi Anglong,19,18,Assam,08-01-2018 00:00,15070.04275
4453,Goalpara,3,18,Assam,08-01-2018 00:00,15180.43284
4454,Golaghat,18,18,Assam,08-01-2018 00:00,15122.1962
4455,Hailakandi,23,18,Assam,08-01-2018 00:00,15034.25309
4456,Hugli,12,19,West Bengal,08-01-2018 00:00,15089.18175
4457,South  Twenty Four Parganas,18,19,West Bengal,08-01-2018 00:00,15056.92238
4458,Uttar Dinajpur,4,19,West Bengal,08-01-2018 00:00,15076.96454
4459,Jalpaiguri,2,19,West Bengal,08-01-2018 00:00,15167.72491
4460,Koch Bihar,3,19,West Bengal,08-01-2018 00:00,15076.87922
4461,Murshidabad,7,19,West Bengal,08-01-2018 00:00,15130.56684
4462,Puruliya,14,19,West Bengal,08-01-2018 00:00,15096.54346
4463,Kolkata,17,19,West Bengal,08-01-2018 00:00,15219.57078
4464,Maldah,6,19,West Bengal,08-01-2018 00:00,15101.06366
4465,Nadia,10,19,West Bengal,08-01-2018 00:00,15071.82484
4466,North Twenty Four Parganas,11,19,West Bengal,08-01-2018 00:00,15025.06592
4467,Medinipur,15,19,West Bengal,08-01-2018 00:00,15061.51893
4468,Barddhaman,9,19,West Bengal,08-01-2018 00:00,15098.63305
4469,Birbhum,8,19,West Bengal,08-01-2018 00:00,15162.23038
4470,Bankura,13,19,West Bengal,08-01-2018 00:00,15105.66944
4471,Dakshin Dinajpur,5,19,West Bengal,08-01-2018 00:00,15117.01822
4472,Darjiling,1,19,West Bengal,08-01-2018 00:00,14971.20423
4473,Haora,16,19,West Bengal,08-01-2018 00:00,15074.21476
4474,Ranchi,14,20,Jharkhand,08-01-2018 00:00,15095.80216
4475,Sahibganj,9,20,Jharkhand,08-01-2018 00:00,15118.48648
4476,Garhwa,1,20,Jharkhand,08-01-2018 00:00,15109.36846
4477,Palamu,2,20,Jharkhand,08-01-2018 00:00,15080.57331
4478,Chatra,3,20,Jharkhand,08-01-2018 00:00,15076.0266
4479,Hazaribagh,4,20,Jharkhand,08-01-2018 00:00,15075.2033
4480,Kodarma,5,20,Jharkhand,08-01-2018 00:00,15088.60211
4481,Purbi Singhbhum,18,20,Jharkhand,08-01-2018 00:00,15058.02275
4482,Lohardaga,15,20,Jharkhand,08-01-2018 00:00,15087.32528
4483,Pakaur,10,20,Jharkhand,08-01-2018 00:00,15152.48081
4484,Pashchimi Singhbhum,17,20,Jharkhand,08-01-2018 00:00,15013.35525
4485,Bokaro,13,20,Jharkhand,08-01-2018 00:00,15108.99707
4486,Deoghar,7,20,Jharkhand,08-01-2018 00:00,15160.07928
4487,Dhanbad,12,20,Jharkhand,08-01-2018 00:00,15115.52436
4488,Dumka,11,20,Jharkhand,08-01-2018 00:00,15120.19092
4489,Giridih,6,20,Jharkhand,08-01-2018 00:00,15112.97171
4490,Godda,8,20,Jharkhand,08-01-2018 00:00,15132.84729
4491,Gumla,16,20,Jharkhand,08-01-2018 00:00,15056.56849
4492,Rayagada,27,21,Orissa,08-01-2018 00:00,15078.1256
4493,Sundargarh,5,21,Orissa,08-01-2018 00:00,15068.87099
4494,Sonapur,23,21,Orissa,08-01-2018 00:00,15159.55451
4495,Jajapur,13,21,Orissa,08-01-2018 00:00,15046.27326
4496,Jagatsinghapur,11,21,Orissa,08-01-2018 00:00,15089.35432
4497,Jharsuguda,2,21,Orissa,08-01-2018 00:00,15081.0978
4498,Khordha,17,21,Orissa,08-01-2018 00:00,15099.61726
4499,Mayurbhanj,7,21,Orissa,08-01-2018 00:00,14979.86484
4500,Puri,18,21,Orissa,08-01-2018 00:00,15084.13568
4501,Koraput,29,21,Orissa,08-01-2018 00:00,14978.59581
4502,Malkangiri,30,21,Orissa,08-01-2018 00:00,15041.78026
4503,Nabarangapur,28,21,Orissa,08-01-2018 00:00,15036.35024
4504,Nayagarh,16,21,Orissa,08-01-2018 00:00,15097.92968
4505,Nuapada,25,21,Orissa,08-01-2018 00:00,15178.0186
4506,Kandhamal,21,21,Orissa,08-01-2018 00:00,15028.33107
4507,Sambalpur,3,21,Orissa,08-01-2018 00:00,15109.53036
4508,Anugul,15,21,Orissa,08-01-2018 00:00,15020.7281
4509,Bhadrak,9,21,Orissa,08-01-2018 00:00,15115.30828
4510,Baudh,22,21,Orissa,08-01-2018 00:00,15034.81798
4511,Balangir,24,21,Orissa,08-01-2018 00:00,15252.44966
4512,Baleshwar,8,21,Orissa,08-01-2018 00:00,15062.50858
4513,Bargarh,1,21,Orissa,08-01-2018 00:00,15151.54994
4514,Kendrapara,10,21,Orissa,08-01-2018 00:00,15133.47499
4515,Kendujhar,6,21,Orissa,08-01-2018 00:00,15015.93457
4516,Debagarh,4,21,Orissa,08-01-2018 00:00,15001.90765
4517,Cuttack,12,21,Orissa,08-01-2018 00:00,15053.70805
4518,Dhenkanal,14,21,Orissa,08-01-2018 00:00,15025.61279
4519,Kalahandi,26,21,Orissa,08-01-2018 00:00,15132.90892
4520,Ganjam,19,21,Orissa,08-01-2018 00:00,15182.74555
4521,Gajapati,20,21,Orissa,08-01-2018 00:00,15047.76167
4522,Surguja,2,22,Chhattisgarh,08-01-2018 00:00,15114.69194
4523,Bilaspur,7,22,Chhattisgarh,08-01-2018 00:00,15123.97698
4524,Janjgir - Champa,6,22,Chhattisgarh,08-01-2018 00:00,15184.69554
4525,Korba,5,22,Chhattisgarh,08-01-2018 00:00,15064.15572
4526,Kawardha,8,22,Chhattisgarh,08-01-2018 00:00,15040.94052
4527,Jashpur,3,22,Chhattisgarh,08-01-2018 00:00,15080.77949
4528,Koriya,1,22,Chhattisgarh,08-01-2018 00:00,15137.9269
4529,Mahasamund,12,22,Chhattisgarh,08-01-2018 00:00,15187.31762
4530,Raigarh,4,22,Chhattisgarh,08-01-2018 00:00,15175.34667
4531,Raipur,11,22,Chhattisgarh,08-01-2018 00:00,15169.74002
4532,Rajnandgaon,9,22,Chhattisgarh,08-01-2018 00:00,15199.11659
4533,Bastar,15,22,Chhattisgarh,08-01-2018 00:00,15038.55431
4534,Dantewada,16,22,Chhattisgarh,08-01-2018 00:00,15075.1673
4535,Dhamtari,13,22,Chhattisgarh,08-01-2018 00:00,15092.04876
4536,Durg,10,22,Chhattisgarh,08-01-2018 00:00,15177.67143
4537,Kanker,14,22,Chhattisgarh,08-01-2018 00:00,15076.20561
4538,Hoshangabad,37,23,Madhya Pradesh,08-01-2018 00:00,14557.92652
4539,Indore,26,23,Madhya Pradesh,08-01-2018 00:00,14775.87983
4540,Shajapur,22,23,Madhya Pradesh,08-01-2018 00:00,14968.09811
4541,Shivpuri,6,23,Madhya Pradesh,08-01-2018 00:00,15077.32324
4542,Ratlam,20,23,Madhya Pradesh,08-01-2018 00:00,14907.5569
4543,Rewa,14,23,Madhya Pradesh,08-01-2018 00:00,15259.1387
4544,Sagar,11,23,Madhya Pradesh,08-01-2018 00:00,15049.78561
4545,Sidhi,17,23,Madhya Pradesh,08-01-2018 00:00,15161.27604
4546,Ujjain,21,23,Madhya Pradesh,08-01-2018 00:00,14771.27047
4547,Vidisha,31,23,Madhya Pradesh,08-01-2018 00:00,14965.94867
4548,West Nimar,27,23,Madhya Pradesh,08-01-2018 00:00,14753.13915
4549,Morena,2,23,Madhya Pradesh,08-01-2018 00:00,15248.44614
4550,Sheopur,1,23,Madhya Pradesh,08-01-2018 00:00,14962.37168
4551,Dindori,41,23,Madhya Pradesh,08-01-2018 00:00,14975.42313
4552,Mandla,42,23,Madhya Pradesh,08-01-2018 00:00,14839.48334
4553,Shahdol,16,23,Madhya Pradesh,08-01-2018 00:00,15154.69217
4554,Umaria,15,23,Madhya Pradesh,08-01-2018 00:00,15070.57042
4555,Jabalpur,39,23,Madhya Pradesh,08-01-2018 00:00,14890.5687
4556,Jhabua,24,23,Madhya Pradesh,08-01-2018 00:00,14922.04956
4557,Mandsaur,19,23,Madhya Pradesh,08-01-2018 00:00,14957.98442
4558,Tikamgarh,8,23,Madhya Pradesh,08-01-2018 00:00,15081.6093
4559,Narsimhapur,40,23,Madhya Pradesh,08-01-2018 00:00,14880.29071
4560,Neemuch,18,23,Madhya Pradesh,08-01-2018 00:00,15023.51219
4561,Panna,10,23,Madhya Pradesh,08-01-2018 00:00,15102.51032
4562,Raisen,34,23,Madhya Pradesh,08-01-2018 00:00,14941.84301
4563,Rajgarh,30,23,Madhya Pradesh,08-01-2018 00:00,14949.7143
4564,Satna,13,23,Madhya Pradesh,08-01-2018 00:00,15184.83871
4565,Sehore,33,23,Madhya Pradesh,08-01-2018 00:00,14840.85562
4566,Seoni,44,23,Madhya Pradesh,08-01-2018 00:00,14995.44019
4567,Bhind,3,23,Madhya Pradesh,08-01-2018 00:00,15362.56251
4568,Bhopal,32,23,Madhya Pradesh,08-01-2018 00:00,14919.70415
4569,Barwani,28,23,Madhya Pradesh,08-01-2018 00:00,14892.55826
4570,Betul,35,23,Madhya Pradesh,08-01-2018 00:00,14989.62504
4571,Balaghat,45,23,Madhya Pradesh,08-01-2018 00:00,15025.3849
4572,Chhatarpur,9,23,Madhya Pradesh,08-01-2018 00:00,15110.87694
4573,Chhindwara,43,23,Madhya Pradesh,08-01-2018 00:00,15098.47647
4574,Dewas,23,23,Madhya Pradesh,08-01-2018 00:00,14902.22776
4575,Katni,38,23,Madhya Pradesh,08-01-2018 00:00,15197.8439
4576,Datia,5,23,Madhya Pradesh,08-01-2018 00:00,15187.60341
4577,Damoh,12,23,Madhya Pradesh,08-01-2018 00:00,15173.93368
4578,Dhar,25,23,Madhya Pradesh,08-01-2018 00:00,14760.70145
4579,East Nimar,29,23,Madhya Pradesh,08-01-2018 00:00,14994.27691
4580,Guna,7,23,Madhya Pradesh,08-01-2018 00:00,15067.09478
4581,Gwalior,4,23,Madhya Pradesh,08-01-2018 00:00,15229.39438
4582,Harda,36,23,Madhya Pradesh,08-01-2018 00:00,14784.03791
4583,Sabar Kantha,5,24,Gujarat,08-01-2018 00:00,14898.21544
4584,Surendranagar,8,24,Gujarat,08-01-2018 00:00,15367.41291
4585,The Dangs,23,24,Gujarat,08-01-2018 00:00,14874.16006
4586,Vadodara,19,24,Gujarat,08-01-2018 00:00,14969.20618
4587,Valsad,25,24,Gujarat,08-01-2018 00:00,15034.54989
4588,Bharuch,21,24,Gujarat,08-01-2018 00:00,15178.0708
4589,Surat,22,24,Gujarat,08-01-2018 00:00,14951.58586
4590,Jamnagar,10,24,Gujarat,08-01-2018 00:00,15237.37994
4591,Kheda,16,24,Gujarat,08-01-2018 00:00,15129.57124
4592,Mahesana,4,24,Gujarat,08-01-2018 00:00,15012.94406
4593,Narmada,20,24,Gujarat,08-01-2018 00:00,14945.22304
4594,Navsari,24,24,Gujarat,08-01-2018 00:00,14955.14224
4595,Panch Mahals,17,24,Gujarat,08-01-2018 00:00,14962.94774
4596,Patan,3,24,Gujarat,08-01-2018 00:00,15487.87425
4597,Porbandar,11,24,Gujarat,08-01-2018 00:00,15013.58738
4598,Rajkot,9,24,Gujarat,08-01-2018 00:00,15345.93573
4599,Anand,15,24,Gujarat,08-01-2018 00:00,15087.22836
4600,Ahmadabad,7,24,Gujarat,08-01-2018 00:00,15241.87977
4601,Amreli,13,24,Gujarat,08-01-2018 00:00,15124.09145
4602,Bhavnagar,14,24,Gujarat,08-01-2018 00:00,15049.79767
4603,Banas Kantha,2,24,Gujarat,08-01-2018 00:00,15517.59152
4604,Dohad,18,24,Gujarat,08-01-2018 00:00,14725.46971
4605,Junagadh,12,24,Gujarat,08-01-2018 00:00,15042.43739
4606,Kachchh,1,24,Gujarat,08-01-2018 00:00,15417.63901
4607,Gandhinagar,6,24,Gujarat,08-01-2018 00:00,15098.07436
4608,Daman,2,25,Daman & Diu,08-01-2018 00:00,15105.31475
4609,Diu,1,25,Daman & Diu,08-01-2018 00:00,14798.18923
4610,Hingoli,16,27,Maharashtra,08-01-2018 00:00,14915.13445
4611,Ratnagiri,32,27,Maharashtra,08-01-2018 00:00,14879.8387
4612,Raigarh,24,27,Maharashtra,08-01-2018 00:00,14916.82839
4613,Thane,21,27,Maharashtra,08-01-2018 00:00,15003.63885
4614,Solapur,30,27,Maharashtra,08-01-2018 00:00,15233.06378
4615,Sindhudurg,33,27,Maharashtra,08-01-2018 00:00,14864.57607
4616,Wardha,8,27,Maharashtra,08-01-2018 00:00,15312.98813
4617,Washim,6,27,Maharashtra,08-01-2018 00:00,14974.46836
4618,Yavatmal,14,27,Maharashtra,08-01-2018 00:00,15235.80672
4619,Jalgaon,3,27,Maharashtra,08-01-2018 00:00,15142.53156
4620,Jalna,18,27,Maharashtra,08-01-2018 00:00,15206.336
4621,Kolhapur,34,27,Maharashtra,08-01-2018 00:00,14883.31321
4622,Latur,28,27,Maharashtra,08-01-2018 00:00,14908.43339
4623,Pune,25,27,Maharashtra,08-01-2018 00:00,15136.2653
4624,Nagpur,9,27,Maharashtra,08-01-2018 00:00,15121.1931
4625,Mumbai,23,27,Maharashtra,08-01-2018 00:00,14910.83822
4626,Mumbai (Suburban),22,27,Maharashtra,08-01-2018 00:00,14780
4627,Nanded,15,27,Maharashtra,08-01-2018 00:00,14992.82171
4628,Nandurbar,1,27,Maharashtra,08-01-2018 00:00,15007.1666
4629,Nashik,20,27,Maharashtra,08-01-2018 00:00,15046.47459
4630,Osmanabad,29,27,Maharashtra,08-01-2018 00:00,15083.63062
4631,Parbhani,17,27,Maharashtra,08-01-2018 00:00,15008.81578
4632,Sangli,35,27,Maharashtra,08-01-2018 00:00,15097.67721
4633,Satara,31,27,Maharashtra,08-01-2018 00:00,15088.91717
4634,Aurangabad,19,27,Maharashtra,08-01-2018 00:00,15067.42714
4635,Ahmadnagar,26,27,Maharashtra,08-01-2018 00:00,15192.01238
4636,Akola,5,27,Maharashtra,08-01-2018 00:00,15248.75359
4637,Amravati,7,27,Maharashtra,08-01-2018 00:00,15238.307
4638,Bid,27,27,Maharashtra,08-01-2018 00:00,15101.82947
4639,Bhandara,10,27,Maharashtra,08-01-2018 00:00,15086.32611
4640,Buldana,4,27,Maharashtra,08-01-2018 00:00,15042.6543
4641,Chandrapur,13,27,Maharashtra,08-01-2018 00:00,15207.15469
4642,Dhule,2,27,Maharashtra,08-01-2018 00:00,15095.94433
4643,Gadchiroli,12,27,Maharashtra,08-01-2018 00:00,15087.37806
4644,Gondiya,11,27,Maharashtra,08-01-2018 00:00,15073.75169
4645,Hyderabad,5,28,Andhra Pradesh,08-01-2018 00:00,15194.76589
4646,Rangareddi,6,28,Andhra Pradesh,08-01-2018 00:00,15118.26863
4647,Srikakulam,11,28,Andhra Pradesh,08-01-2018 00:00,15213.22726
4648,West Godavari,15,28,Andhra Pradesh,08-01-2018 00:00,15065.03484
4649,Visakhapatnam,13,28,Andhra Pradesh,08-01-2018 00:00,15167.52651
4650,Vizianagaram,12,28,Andhra Pradesh,08-01-2018 00:00,15300.70499
4651,Warangal,9,28,Andhra Pradesh,08-01-2018 00:00,15192.92568
4652,Khammam,10,28,Andhra Pradesh,08-01-2018 00:00,15110.27259
4653,Medak,4,28,Andhra Pradesh,08-01-2018 00:00,15099.48263
4654,Krishna,16,28,Andhra Pradesh,08-01-2018 00:00,15144.31195
4655,Kurnool,21,28,Andhra Pradesh,08-01-2018 00:00,15306.74622
4656,Mahbubnagar,7,28,Andhra Pradesh,08-01-2018 00:00,15196.94003
4657,Nalgonda,8,28,Andhra Pradesh,08-01-2018 00:00,15303.49886
4658,Nellore,19,28,Andhra Pradesh,08-01-2018 00:00,15537.61342
4659,Nizamabad,2,28,Andhra Pradesh,08-01-2018 00:00,14922.47598
4660,Prakasam,18,28,Andhra Pradesh,08-01-2018 00:00,15478.54466
4661,Anantapur,22,28,Andhra Pradesh,08-01-2018 00:00,15326.18554
4662,Adilabad,1,28,Andhra Pradesh,08-01-2018 00:00,15128.38697
4663,Chittoor,23,28,Andhra Pradesh,08-01-2018 00:00,15356.96404
4664,Cuddapah,20,28,Andhra Pradesh,08-01-2018 00:00,15331.60677
4665,East Godavari,14,28,Andhra Pradesh,08-01-2018 00:00,15095.38494
4666,Karimnagar,3,28,Andhra Pradesh,08-01-2018 00:00,15045.90252
4667,Guntur,17,28,Andhra Pradesh,08-01-2018 00:00,15422.92161
4668,Hassan,23,29,Karnataka,08-01-2018 00:00,14983.94069
4669,Haveri,11,29,Karnataka,08-01-2018 00:00,14931.79909
4670,Shimoga,15,29,Karnataka,08-01-2018 00:00,14794.78559
4671,Tumkur,18,29,Karnataka,08-01-2018 00:00,15127.90856
4672,Udupi,16,29,Karnataka,08-01-2018 00:00,14878.36163
4673,Uttara Kannada,10,29,Karnataka,08-01-2018 00:00,14835.66727
4674,Kodagu,25,29,Karnataka,08-01-2018 00:00,14791.82473
4675,Kolar,19,29,Karnataka,08-01-2018 00:00,15181.42908
4676,Mandya,22,29,Karnataka,08-01-2018 00:00,15066.35172
4677,Koppal,7,29,Karnataka,08-01-2018 00:00,15155.92714
4678,Mysore,26,29,Karnataka,08-01-2018 00:00,14875.19104
4679,Raichur,6,29,Karnataka,08-01-2018 00:00,15266.09376
4680,Bagalkot,2,29,Karnataka,08-01-2018 00:00,15126.86405
4681,Bangalore,20,29,Karnataka,08-01-2018 00:00,14945.10376
4682,Bidar,5,29,Karnataka,08-01-2018 00:00,15040.04178
4683,Bijapur,3,29,Karnataka,08-01-2018 00:00,15173.92529
4684,Belgaum,1,29,Karnataka,08-01-2018 00:00,15007.83787
4685,Bellary,12,29,Karnataka,08-01-2018 00:00,15189.71425
4686,Bangalore Rural,21,29,Karnataka,08-01-2018 00:00,15025.22225
4687,Chamarajanagar,27,29,Karnataka,08-01-2018 00:00,15114.17142
4688,Chikmagalur,17,29,Karnataka,08-01-2018 00:00,15006.72673
4689,Chitradurga,13,29,Karnataka,08-01-2018 00:00,15109.23851
4690,Dakshina Kannada,24,29,Karnataka,08-01-2018 00:00,14955.17059
4691,Davanagere,14,29,Karnataka,08-01-2018 00:00,14935.21366
4692,Dharwad,9,29,Karnataka,08-01-2018 00:00,15020.32021
4693,Gulbarga,4,29,Karnataka,08-01-2018 00:00,15183.40559
4694,Gadag,8,29,Karnataka,08-01-2018 00:00,15201.30628
4695,South Goa,2,30,Goa,08-01-2018 00:00,14900.88594
4696,North Goa,1,30,Goa,08-01-2018 00:00,14848.07049
4697,Idukki,9,32,Kerala,08-01-2018 00:00,14780.05799
4698,Thrissur,7,32,Kerala,08-01-2018 00:00,14968.12404
4699,Thiruvananthapuram,14,32,Kerala,08-01-2018 00:00,14970.59318
4700,Wayanad,3,32,Kerala,08-01-2018 00:00,14829.16157
4701,Kollam,13,32,Kerala,08-01-2018 00:00,14978.81836
4702,Kottayam,10,32,Kerala,08-01-2018 00:00,14947.67691
4703,Kozhikode,4,32,Kerala,08-01-2018 00:00,14951.63633
4704,Malappuram,5,32,Kerala,08-01-2018 00:00,15015.93894
4705,Palakkad,6,32,Kerala,08-01-2018 00:00,14939.79607
4706,Pathanamthitta,12,32,Kerala,08-01-2018 00:00,14936.46364
4707,Alappuzha,11,32,Kerala,08-01-2018 00:00,14969.89197
4708,Kasaragod,1,32,Kerala,08-01-2018 00:00,14941.78228
4709,Kannur,2,32,Kerala,08-01-2018 00:00,14928.78419
4710,Ernakulam,8,32,Kerala,08-01-2018 00:00,14982.94928
4711,Sivaganga,23,33,Tamil Nadu,08-01-2018 00:00,15633.45441
4712,Tiruchirappalli,15,33,Tamil Nadu,08-01-2018 00:00,15587.38254
4713,Tirunelveli,29,33,Tamil Nadu,08-01-2018 00:00,15442.41379
4714,Tiruvannamalai,6,33,Tamil Nadu,08-01-2018 00:00,15453.46823
4715,Thoothukkudi,28,33,Tamil Nadu,08-01-2018 00:00,15776.73849
4716,Theni,25,33,Tamil Nadu,08-01-2018 00:00,15271.97352
4717,Vellore,4,33,Tamil Nadu,08-01-2018 00:00,15362.41116
4718,Viluppuram,7,33,Tamil Nadu,08-01-2018 00:00,15562.48272
4719,Virudhunagar,26,33,Tamil Nadu,08-01-2018 00:00,15754.14287
4720,Chennai,2,33,Tamil Nadu,08-01-2018 00:00,15392.5569
4721,Kancheepuram,3,33,Tamil Nadu,08-01-2018 00:00,15361.83942
4722,Thiruvallur,1,33,Tamil Nadu,08-01-2018 00:00,15384.89459
4723,Thanjavur,21,33,Tamil Nadu,08-01-2018 00:00,15444.11348
4724,Thiruvarur,20,33,Tamil Nadu,08-01-2018 00:00,15472.47554
4725,Nagapattinam,19,33,Tamil Nadu,08-01-2018 00:00,15419.41304
4726,Kanniyakumari,30,33,Tamil Nadu,08-01-2018 00:00,14994.39411
4727,Karur,14,33,Tamil Nadu,08-01-2018 00:00,15647.81852
4728,Madurai,24,33,Tamil Nadu,08-01-2018 00:00,15624.15513
4729,Namakkal,9,33,Tamil Nadu,08-01-2018 00:00,15498.20008
4730,The Nilgiris,11,33,Tamil Nadu,08-01-2018 00:00,14798.41661
4731,Perambalur,16,33,Tamil Nadu,08-01-2018 00:00,15694.33224
4732,Pudukkottai,22,33,Tamil Nadu,08-01-2018 00:00,15562.31821
4733,Ramanathapuram,27,33,Tamil Nadu,08-01-2018 00:00,15766.78284
4734,Salem,8,33,Tamil Nadu,08-01-2018 00:00,15395.67203
4735,Ariyalur,17,33,Tamil Nadu,08-01-2018 00:00,15570.98838
4736,Coimbatore,12,33,Tamil Nadu,08-01-2018 00:00,15259.08294
4737,Cuddalore,18,33,Tamil Nadu,08-01-2018 00:00,15499.11246
4738,Dharmapuri,5,33,Tamil Nadu,08-01-2018 00:00,15350.08895
4739,Dindigul,13,33,Tamil Nadu,08-01-2018 00:00,15439.85721
4740,Erode,10,33,Tamil Nadu,08-01-2018 00:00,15425.21728
4741,Yanam,1,34,Puducherry,08-01-2018 00:00,15004.34716
4742,Karaikal,4,34,Puducherry,08-01-2018 00:00,15440.75657
4743,Mahe,3,34,Puducherry,08-01-2018 00:00,14830.93039
4744,Pondicherry,2,34,Puducherry,08-01-2018 00:00,15397.96204
4745,Nicobars,2,35,Andaman & Nicobar Island,08-01-2018 00:00,14910.43036
4746,Andamans,1,35,Andaman & Nicobar Island,08-01-2018 00:00,14927.15392
4747,Lakshadweep,1,31,Lakshadweep,09-01-2018 00:00,15023.28138
4748,Chandigarh,1,4,Chandigarh,09-01-2018 00:00,15197.2949
4749,Dadra & Nagar Haveli,1,26,Dadara & Nagar Havelli,09-01-2018 00:00,15091.70694
4750,Data Not Available,99,99,Jammu and Kashmir,09-01-2018 00:00,14484.97261
4751,Srinagar,3,1,Jammu and Kashmir,09-01-2018 00:00,14614.32592
4752,Udhampur,10,1,Jammu and Kashmir,09-01-2018 00:00,14826.93917
4753,Jammu,13,1,Jammu and Kashmir,09-01-2018 00:00,15053.6421
4754,Kargil,8,1,Jammu and Kashmir,09-01-2018 00:00,14548.37585
4755,Kathua,14,1,Jammu and Kashmir,09-01-2018 00:00,14946.9327
4756,Leh (Ladakh),7,1,Jammu and Kashmir,09-01-2018 00:00,14483.66021
4757,Kupwara,1,1,Jammu and Kashmir,09-01-2018 00:00,14754.22556
4758,Punch,11,1,Jammu and Kashmir,09-01-2018 00:00,14801.28679
4759,Pulwama,5,1,Jammu and Kashmir,09-01-2018 00:00,14832.5105
4760,Rajauri,12,1,Jammu and Kashmir,09-01-2018 00:00,14910.21013
4761,Anantnag,6,1,Jammu and Kashmir,09-01-2018 00:00,14578.41203
4762,Badgam,4,1,Jammu and Kashmir,09-01-2018 00:00,14790.69918
4763,Baramula,2,1,Jammu and Kashmir,09-01-2018 00:00,14719.92637
4764,Doda,9,1,Jammu and Kashmir,09-01-2018 00:00,14440.01561
4765,Shimla,11,2,Himachal Pradesh,09-01-2018 00:00,14667.77341
4766,Sirmaur,10,2,Himachal Pradesh,09-01-2018 00:00,14936.59436
4767,Solan,9,2,Himachal Pradesh,09-01-2018 00:00,14952.18837
4768,Una,7,2,Himachal Pradesh,09-01-2018 00:00,15028.17617
4769,Kangra,2,2,Himachal Pradesh,09-01-2018 00:00,14833.31531
4770,Kinnaur,12,2,Himachal Pradesh,09-01-2018 00:00,14466.41448
4771,Lahul & Spiti,3,2,Himachal Pradesh,09-01-2018 00:00,14343.29471
4772,Kullu,4,2,Himachal Pradesh,09-01-2018 00:00,14407.63588
4773,Mandi,5,2,Himachal Pradesh,09-01-2018 00:00,14817.90489
4774,Bilaspur,8,2,Himachal Pradesh,09-01-2018 00:00,14966.34273
4775,Chamba,1,2,Himachal Pradesh,09-01-2018 00:00,14541.78145
4776,Hamirpur,6,2,Himachal Pradesh,09-01-2018 00:00,14981.417
4777,Hoshiarpur,5,3,Punjab,09-01-2018 00:00,15067.26614
4778,Rupnagar,7,3,Punjab,09-01-2018 00:00,15075.89446
4779,Jalandhar,4,3,Punjab,09-01-2018 00:00,15054.15175
4780,Kapurthala,3,3,Punjab,09-01-2018 00:00,15028.03207
4781,Ludhiana,9,3,Punjab,09-01-2018 00:00,15053.55057
4782,Mansa,15,3,Punjab,09-01-2018 00:00,15109.97798
4783,Moga,10,3,Punjab,09-01-2018 00:00,15017.00409
4784,Muktsar,12,3,Punjab,09-01-2018 00:00,15074.5979
4785,Nawanshahr,6,3,Punjab,09-01-2018 00:00,15064.19066
4786,Patiala,17,3,Punjab,09-01-2018 00:00,15049.955
4787,Sangrur,16,3,Punjab,09-01-2018 00:00,15042.72095
4788,Amritsar,2,3,Punjab,09-01-2018 00:00,15036.8584
4789,Firozpur,11,3,Punjab,09-01-2018 00:00,15098.26802
4790,Bathinda,14,3,Punjab,09-01-2018 00:00,15097.13765
4791,Gurdaspur,1,3,Punjab,09-01-2018 00:00,15024.50143
4792,Faridkot,13,3,Punjab,09-01-2018 00:00,15037.10392
4793,Fatehgarh Sahib,8,3,Punjab,09-01-2018 00:00,15033.15233
4794,Hardwar,13,5,Uttarakhand,09-01-2018 00:00,15118.53974
4795,Rudraprayag,3,5,Uttarakhand,09-01-2018 00:00,14583.4957
4796,Tehri Garhwal,4,5,Uttarakhand,09-01-2018 00:00,14762.63692
4797,Udham Singh Nagar,12,5,Uttarakhand,09-01-2018 00:00,15099.53575
4798,Uttarkashi,1,5,Uttarakhand,09-01-2018 00:00,14460.28567
4799,Nainital,11,5,Uttarakhand,09-01-2018 00:00,14973.21796
4800,Pithoragarh,7,5,Uttarakhand,09-01-2018 00:00,14435.31745
4801,Bageshwar,8,5,Uttarakhand,09-01-2018 00:00,14650.02805
4802,Almora,9,5,Uttarakhand,09-01-2018 00:00,14930.86263
4803,Chamoli,2,5,Uttarakhand,09-01-2018 00:00,14383.04544
4804,Champawat,10,5,Uttarakhand,09-01-2018 00:00,14903.00271
4805,Dehradun,5,5,Uttarakhand,09-01-2018 00:00,14962.17613
4806,Garhwal,6,5,Uttarakhand,09-01-2018 00:00,14919.26054
4807,Hisar,12,6,Haryana,09-01-2018 00:00,15226.55171
4808,Rohtak,14,6,Haryana,09-01-2018 00:00,15116.01685
4809,Sirsa,11,6,Haryana,09-01-2018 00:00,15219.97844
4810,Sonipat,8,6,Haryana,09-01-2018 00:00,15092.72339
4811,Yamunanagar,3,6,Haryana,09-01-2018 00:00,15077.81339
4812,Jhajjar,15,6,Haryana,09-01-2018 00:00,15196.44725
4813,Mahendragarh,16,6,Haryana,09-01-2018 00:00,15285.05995
4814,Rewari,17,6,Haryana,09-01-2018 00:00,15314.47239
4815,Bhiwani,13,6,Haryana,09-01-2018 00:00,15274.00505
4816,Jind,9,6,Haryana,09-01-2018 00:00,15079.57492
4817,Kaithal,5,6,Haryana,09-01-2018 00:00,15044.24886
4818,Karnal,6,6,Haryana,09-01-2018 00:00,15054.83713
4819,Kurukshetra,4,6,Haryana,09-01-2018 00:00,15056.66346
4820,Panchkula,1,6,Haryana,09-01-2018 00:00,15056.10889
4821,Panipat,7,6,Haryana,09-01-2018 00:00,15061.13947
4822,Ambala,2,6,Haryana,09-01-2018 00:00,15074.67613
4823,Gurgaon,18,6,Haryana,09-01-2018 00:00,15259.49582
4824,Faridabad,19,6,Haryana,09-01-2018 00:00,15168.03711
4825,Fatehabad,10,6,Haryana,09-01-2018 00:00,15136.1332
4826,Central,6,7,Delhi  & NCR,09-01-2018 00:00,15275.25699
4827,East,4,7,Delhi  & NCR,09-01-2018 00:00,15287.83257
4828,New Delhi,5,7,Delhi  & NCR,09-01-2018 00:00,15214.04626
4829,North,2,7,Delhi  & NCR,09-01-2018 00:00,15247.43461
4830,North East,3,7,Delhi  & NCR,09-01-2018 00:00,15274.79221
4831,North West,1,7,Delhi  & NCR,09-01-2018 00:00,15239.78288
4832,South,9,7,Delhi  & NCR,09-01-2018 00:00,15186.8928
4833,South West,8,7,Delhi  & NCR,09-01-2018 00:00,15253.70059
4834,West,7,7,Delhi  & NCR,09-01-2018 00:00,15279.87159
4835,Sirohi,19,8,Rajasthan,09-01-2018 00:00,15429.45912
4836,Tonk,22,8,Rajasthan,09-01-2018 00:00,15259.86817
4837,Sikar,13,8,Rajasthan,09-01-2018 00:00,15288.75059
4838,Alwar,6,8,Rajasthan,09-01-2018 00:00,15262.78684
4839,Udaipur,26,8,Rajasthan,09-01-2018 00:00,15119.97087
4840,Ganganagar,1,8,Rajasthan,09-01-2018 00:00,15517.73704
4841,Hanumangarh,2,8,Rajasthan,09-01-2018 00:00,15436.95019
4842,Baran,31,8,Rajasthan,09-01-2018 00:00,15242.35658
4843,Jaipur,12,8,Rajasthan,09-01-2018 00:00,15266.37383
4844,Jaisalmer,16,8,Rajasthan,09-01-2018 00:00,15892.24025
4845,Jalor,18,8,Rajasthan,09-01-2018 00:00,15633.59038
4846,Jhalawar,32,8,Rajasthan,09-01-2018 00:00,15279.56137
4847,Jhunjhunun,5,8,Rajasthan,09-01-2018 00:00,15331.13288
4848,Jodhpur,15,8,Rajasthan,09-01-2018 00:00,15617.50571
4849,Kota,30,8,Rajasthan,09-01-2018 00:00,15221.14937
4850,Nagaur,14,8,Rajasthan,09-01-2018 00:00,15418.27316
4851,Pali,20,8,Rajasthan,09-01-2018 00:00,15368.72218
4852,Rajsamand,25,8,Rajasthan,09-01-2018 00:00,15145.74151
4853,Sawai Madhopur,10,8,Rajasthan,09-01-2018 00:00,15213.80622
4854,Ajmer,21,8,Rajasthan,09-01-2018 00:00,15197.37429
4855,Banswara,28,8,Rajasthan,09-01-2018 00:00,15132.51167
4856,Barmer,17,8,Rajasthan,09-01-2018 00:00,15713.21536
4857,Bhilwara,24,8,Rajasthan,09-01-2018 00:00,15188.83612
4858,Bikaner,3,8,Rajasthan,09-01-2018 00:00,15770.97242
4859,Bharatpur,7,8,Rajasthan,09-01-2018 00:00,15340.56885
4860,Bundi,23,8,Rajasthan,09-01-2018 00:00,15187.98379
4861,Chittaurgarh,29,8,Rajasthan,09-01-2018 00:00,15162.23184
4862,Churu,4,8,Rajasthan,09-01-2018 00:00,15546.56924
4863,Dausa,11,8,Rajasthan,09-01-2018 00:00,15270.8156
4864,Dhaulpur,8,8,Rajasthan,09-01-2018 00:00,15272.15857
4865,Dungarpur,27,8,Rajasthan,09-01-2018 00:00,15137.95793
4866,Karauli,9,8,Rajasthan,09-01-2018 00:00,15236.48229
4867,Hathras,13,9,Uttar Pradesh,09-01-2018 00:00,15213.21626
4868,Shrawasti,51,9,Uttar Pradesh,09-01-2018 00:00,15118.58863
4869,Saharanpur,1,9,Uttar Pradesh,09-01-2018 00:00,15104.28162
4870,Sitapur,24,9,Uttar Pradesh,09-01-2018 00:00,15136.68581
4871,Sultanpur,49,9,Uttar Pradesh,09-01-2018 00:00,15120.76696
4872,Sonbhadra,70,9,Uttar Pradesh,09-01-2018 00:00,15145.58313
4873,Siddharthnagar,54,9,Uttar Pradesh,09-01-2018 00:00,15086.54213
4874,Unnao,26,9,Uttar Pradesh,09-01-2018 00:00,15176.48185
4875,Varanasi,67,9,Uttar Pradesh,09-01-2018 00:00,15189.5206
4876,Bulandshahr,11,9,Uttar Pradesh,09-01-2018 00:00,15123.89488
4877,Gautam Buddha Nagar,10,9,Uttar Pradesh,09-01-2018 00:00,15162.35434
4878,Ghaziabad,9,9,Uttar Pradesh,09-01-2018 00:00,15146.44896
4879,Jalaun,35,9,Uttar Pradesh,09-01-2018 00:00,15244.80074
4880,Jaunpur,64,9,Uttar Pradesh,09-01-2018 00:00,15146.20922
4881,Jhansi,36,9,Uttar Pradesh,09-01-2018 00:00,15200.83968
4882,Jyotiba Phule Nagar,6,9,Uttar Pradesh,09-01-2018 00:00,15140.77881
4883,Kannauj,30,9,Uttar Pradesh,09-01-2018 00:00,15263.85473
4884,Kanpur Nagar,34,9,Uttar Pradesh,09-01-2018 00:00,15238.84833
4885,Kaushambi,44,9,Uttar Pradesh,09-01-2018 00:00,15167.65833
4886,Kheri,23,9,Uttar Pradesh,09-01-2018 00:00,15123.99636
4887,Mirzapur,69,9,Uttar Pradesh,09-01-2018 00:00,15174.18307
4888,Moradabad,4,9,Uttar Pradesh,09-01-2018 00:00,15143.12359
4889,Muzaffarnagar,2,9,Uttar Pradesh,09-01-2018 00:00,15116.54207
4890,Rae Bareli,28,9,Uttar Pradesh,09-01-2018 00:00,15137.38751
4891,Kushinagar,59,9,Uttar Pradesh,09-01-2018 00:00,15122.97684
4892,Lucknow,27,9,Uttar Pradesh,09-01-2018 00:00,15193.51826
4893,Lalitpur,37,9,Uttar Pradesh,09-01-2018 00:00,15205.17948
4894,Mahrajganj,57,9,Uttar Pradesh,09-01-2018 00:00,15087.15293
4895,Mahoba,39,9,Uttar Pradesh,09-01-2018 00:00,15190.16943
4896,Mainpuri,18,9,Uttar Pradesh,09-01-2018 00:00,15187.41663
4897,Mathura,14,9,Uttar Pradesh,09-01-2018 00:00,15186.4773
4898,Mau,62,9,Uttar Pradesh,09-01-2018 00:00,15155.15507
4899,Meerut,7,9,Uttar Pradesh,09-01-2018 00:00,15126.33967
4900,Pilibhit,21,9,Uttar Pradesh,09-01-2018 00:00,15095.88908
4901,Pratapgarh,43,9,Uttar Pradesh,09-01-2018 00:00,15125.87075
4902,Rampur,5,9,Uttar Pradesh,09-01-2018 00:00,15134.05807
4903,Sant Ravidas Nagar Bhadohi,68,9,Uttar Pradesh,09-01-2018 00:00,15139.32618
4904,Sant Kabir Nagar,56,9,Uttar Pradesh,09-01-2018 00:00,15123.07792
4905,Shahjahanpur,22,9,Uttar Pradesh,09-01-2018 00:00,15123.19129
4906,Auraiya,32,9,Uttar Pradesh,09-01-2018 00:00,15144.03065
4907,Azamgarh,61,9,Uttar Pradesh,09-01-2018 00:00,15153.66372
4908,Budaun,19,9,Uttar Pradesh,09-01-2018 00:00,15166.66506
4909,Agra,15,9,Uttar Pradesh,09-01-2018 00:00,15233.81757
4910,Aligarh,12,9,Uttar Pradesh,09-01-2018 00:00,15139.54323
4911,Allahabad,45,9,Uttar Pradesh,09-01-2018 00:00,15157.48238
4912,Ambedkar Nagar,48,9,Uttar Pradesh,09-01-2018 00:00,15144.07543
4913,Bareilly,20,9,Uttar Pradesh,09-01-2018 00:00,15136.36699
4914,Bijnor,3,9,Uttar Pradesh,09-01-2018 00:00,15135.87497
4915,Basti,55,9,Uttar Pradesh,09-01-2018 00:00,15130.14051
4916,Baghpat,8,9,Uttar Pradesh,09-01-2018 00:00,15114.3061
4917,Bahraich,50,9,Uttar Pradesh,09-01-2018 00:00,15124.20702
4918,Ballia,63,9,Uttar Pradesh,09-01-2018 00:00,15175.59972
4919,Balrampur,52,9,Uttar Pradesh,09-01-2018 00:00,15125.31042
4920,Banda,40,9,Uttar Pradesh,09-01-2018 00:00,15227.77897
4921,Barabanki,46,9,Uttar Pradesh,09-01-2018 00:00,15107.85397
4922,Chitrakoot,41,9,Uttar Pradesh,09-01-2018 00:00,15248.25735
4923,Chandauli,66,9,Uttar Pradesh,09-01-2018 00:00,15136.43013
4924,Deoria,60,9,Uttar Pradesh,09-01-2018 00:00,15157.32995
4925,Etah,17,9,Uttar Pradesh,09-01-2018 00:00,15175.11613
4926,Kanpur Dehat,33,9,Uttar Pradesh,09-01-2018 00:00,15194.582
4927,Etawah,31,9,Uttar Pradesh,09-01-2018 00:00,15146.63985
4928,Faizabad,47,9,Uttar Pradesh,09-01-2018 00:00,15123.66106
4929,Ghazipur,65,9,Uttar Pradesh,09-01-2018 00:00,15179.45152
4930,Gonda,53,9,Uttar Pradesh,09-01-2018 00:00,15144.35222
4931,Gorakhpur,58,9,Uttar Pradesh,09-01-2018 00:00,15156.16324
4932,Farrukhabad,29,9,Uttar Pradesh,09-01-2018 00:00,15263.75832
4933,Fatehpur,42,9,Uttar Pradesh,09-01-2018 00:00,15183.27859
4934,Firozabad,16,9,Uttar Pradesh,09-01-2018 00:00,15208.3087
4935,Hamirpur,38,9,Uttar Pradesh,09-01-2018 00:00,15244.45059
4936,Hardoi,25,9,Uttar Pradesh,09-01-2018 00:00,15168.3569
4937,Sheikhpura,26,10,Bihar,09-01-2018 00:00,15206.89543
4938,Sheohar,3,10,Bihar,09-01-2018 00:00,15095.13009
4939,Saharsa,12,10,Bihar,09-01-2018 00:00,15110.13927
4940,Sitamarhi,4,10,Bihar,09-01-2018 00:00,15110.51306
4941,Siwan,16,10,Bihar,09-01-2018 00:00,15173.40532
4942,Supaul,6,10,Bihar,09-01-2018 00:00,15102.78138
4943,Vaishali,18,10,Bihar,09-01-2018 00:00,15151.63337
4944,Kaimur (Bhabua),31,10,Bihar,09-01-2018 00:00,15137.11955
4945,Gaya,35,10,Bihar,09-01-2018 00:00,15226.75292
4946,Bhojpur,29,10,Bihar,09-01-2018 00:00,15179.97813
4947,Buxar,30,10,Bihar,09-01-2018 00:00,15157.60407
4948,Jehanabad,33,10,Bihar,09-01-2018 00:00,15167.50366
4949,Rohtas,32,10,Bihar,09-01-2018 00:00,15121.28058
4950,Jamui,37,10,Bihar,09-01-2018 00:00,15257.66747
4951,Kishanganj,8,10,Bihar,09-01-2018 00:00,15135.97839
4952,Muzaffarpur,14,10,Bihar,09-01-2018 00:00,15153.92997
4953,Purnia,9,10,Bihar,09-01-2018 00:00,15138.09635
4954,Khagaria,21,10,Bihar,09-01-2018 00:00,15151.44265
4955,Madhubani,5,10,Bihar,09-01-2018 00:00,15121.95793
4956,Lakhisarai,25,10,Bihar,09-01-2018 00:00,15172.56395
4957,Madhepura,11,10,Bihar,09-01-2018 00:00,15114.1956
4958,Purba Champaran,2,10,Bihar,09-01-2018 00:00,15091.37459
4959,Munger,24,10,Bihar,09-01-2018 00:00,15126.0412
4960,Nalanda,27,10,Bihar,09-01-2018 00:00,15153.05176
4961,Nawada,36,10,Bihar,09-01-2018 00:00,15200.0633
4962,Pashchim Champaran,1,10,Bihar,09-01-2018 00:00,15108.50443
4963,Patna,28,10,Bihar,09-01-2018 00:00,15180.55264
4964,Samastipur,19,10,Bihar,09-01-2018 00:00,15183.62898
4965,Araria,7,10,Bihar,09-01-2018 00:00,15104.46156
4966,Aurangabad,34,10,Bihar,09-01-2018 00:00,15150.26656
4967,Banka,23,10,Bihar,09-01-2018 00:00,15188.53374
4968,Bhagalpur,22,10,Bihar,09-01-2018 00:00,15164.22717
4969,Begusarai,20,10,Bihar,09-01-2018 00:00,15202.0795
4970,Saran,17,10,Bihar,09-01-2018 00:00,15190.84462
4971,Katihar,10,10,Bihar,09-01-2018 00:00,15160.66218
4972,Darbhanga,13,10,Bihar,09-01-2018 00:00,15154.86546
4973,Gopalganj,15,10,Bihar,09-01-2018 00:00,15146.14418
4974,South,3,11,Sikkim,09-01-2018 00:00,14701.81955
4975,West,2,11,Sikkim,09-01-2018 00:00,14401.76266
4976,North,1,11,Sikkim,09-01-2018 00:00,14212.7565
4977,East,4,11,Sikkim,09-01-2018 00:00,14662.42303
4978,Tawang,1,12,Arunanchal Pradesh,09-01-2018 00:00,14366.64763
4979,Tirap,13,12,Arunanchal Pradesh,09-01-2018 00:00,14934.19384
4980,West Kameng,2,12,Arunanchal Pradesh,09-01-2018 00:00,14631.70036
4981,West Siang,7,12,Arunanchal Pradesh,09-01-2018 00:00,14701.30489
4982,Upper Siang,9,12,Arunanchal Pradesh,09-01-2018 00:00,14562.97881
4983,Upper Subansiri,6,12,Arunanchal Pradesh,09-01-2018 00:00,14547.36197
4984,Lohit,11,12,Arunanchal Pradesh,09-01-2018 00:00,14609.70185
4985,Lower Subansiri,5,12,Arunanchal Pradesh,09-01-2018 00:00,14613.80633
4986,Papum Pare,4,12,Arunanchal Pradesh,09-01-2018 00:00,14836.92209
4987,Changlang,12,12,Arunanchal Pradesh,09-01-2018 00:00,14844.02741
4988,Dibang Valley,10,12,Arunanchal Pradesh,09-01-2018 00:00,14545.0518
4989,East Kameng,3,12,Arunanchal Pradesh,09-01-2018 00:00,14690.22027
4990,East Siang,8,12,Arunanchal Pradesh,09-01-2018 00:00,14949.22789
4991,Tuensang,2,13,Nagaland,09-01-2018 00:00,14780.43066
4992,Wokha,5,13,Nagaland,09-01-2018 00:00,14999.78385
4993,Zunheboto,4,13,Nagaland,09-01-2018 00:00,14826.72465
4994,Dimapur,6,13,Nagaland,09-01-2018 00:00,15062.95646
4995,Kohima,7,13,Nagaland,09-01-2018 00:00,14898.94081
4996,Mokokchung,3,13,Nagaland,09-01-2018 00:00,14993.11267
4997,Mon,1,13,Nagaland,09-01-2018 00:00,14963.43011
4998,Phek,8,13,Nagaland,09-01-2018 00:00,14787.79872
4999,Tamenglong,2,14,Manipur,09-01-2018 00:00,14932.38613
5000,Thoubal,5,14,Manipur,09-01-2018 00:00,15020.99644
5001,Ukhrul,8,14,Manipur,09-01-2018 00:00,14879.52139
5002,Imphal East,7,14,Manipur,09-01-2018 00:00,15034.8431
5003,Imphal West,6,14,Manipur,09-01-2018 00:00,15060.85802
5004,Senapati (Excl. 3 sub-divisions),1,14,Manipur,09-01-2018 00:00,14848.3078
5005,Bishnupur,4,14,Manipur,09-01-2018 00:00,14972.29194
5006,Chandel,9,14,Manipur,09-01-2018 00:00,14953.19325
5007,Churachandpur,3,14,Manipur,09-01-2018 00:00,14970.65296
5008,Kolasib,2,15,Mizoram,09-01-2018 00:00,15032.62035
5009,Mamit,1,15,Mizoram,09-01-2018 00:00,15021.33099
5010,Lunglei,6,15,Mizoram,09-01-2018 00:00,15007.85174
5011,Lawngtlai,7,15,Mizoram,09-01-2018 00:00,15046.8998
5012,Saiha,8,15,Mizoram,09-01-2018 00:00,14956.61605
5013,Serchhip,5,15,Mizoram,09-01-2018 00:00,14966.73729
5014,Aizawl,3,15,Mizoram,09-01-2018 00:00,14988.98468
5015,Champhai,4,15,Mizoram,09-01-2018 00:00,14930.73463
5016,South Tripura,2,16,Tripura,09-01-2018 00:00,15129.58775
5017,West Tripura,1,16,Tripura,09-01-2018 00:00,15146.52081
5018,North Tripura,4,16,Tripura,09-01-2018 00:00,15075.08258
5019,Dhalai,3,16,Tripura,09-01-2018 00:00,15097.18733
5020,Ri Bhoi,5,17,Meghalaya,09-01-2018 00:00,15021.80308
5021,South Garo Hills,3,17,Meghalaya,09-01-2018 00:00,15090.89173
5022,West Garo Hills,1,17,Meghalaya,09-01-2018 00:00,15058.4235
5023,West Khasi Hills,4,17,Meghalaya,09-01-2018 00:00,14969.9286
5024,Jaintia Hills,7,17,Meghalaya,09-01-2018 00:00,14978.41751
5025,East Garo Hills,2,17,Meghalaya,09-01-2018 00:00,15044.80509
5026,East Khasi Hills,6,17,Meghalaya,09-01-2018 00:00,14945.13288
5027,Sonitpur,11,18,Assam,09-01-2018 00:00,15117.9153
5028,Sibsagar,16,18,Assam,09-01-2018 00:00,15147.38321
5029,Tinsukia,14,18,Assam,09-01-2018 00:00,15088.24438
5030,Jorhat,17,18,Assam,09-01-2018 00:00,15103.79547
5031,Karimganj,22,18,Assam,09-01-2018 00:00,15116.98642
5032,Kokrajhar,1,18,Assam,09-01-2018 00:00,15147.52889
5033,Lakhimpur,12,18,Assam,09-01-2018 00:00,15123.20537
5034,Nagaon,10,18,Assam,09-01-2018 00:00,15140.30343
5035,Marigaon,9,18,Assam,09-01-2018 00:00,15091.03998
5036,Nalbari,7,18,Assam,09-01-2018 00:00,15099.41941
5037,North Cachar Hills,20,18,Assam,09-01-2018 00:00,14997.74993
5038,Barpeta,5,18,Assam,09-01-2018 00:00,15088.01957
5039,Bongaigaon,4,18,Assam,09-01-2018 00:00,15127.5807
5040,Cachar,21,18,Assam,09-01-2018 00:00,15103.10568
5041,Darrang,8,18,Assam,09-01-2018 00:00,15111.72827
5042,Dhemaji,13,18,Assam,09-01-2018 00:00,15089.17499
5043,Dhubri,2,18,Assam,09-01-2018 00:00,15113.32428
5044,Dibrugarh,15,18,Assam,09-01-2018 00:00,15066.48984
5045,Kamrup,6,18,Assam,09-01-2018 00:00,15091.28394
5046,Karbi Anglong,19,18,Assam,09-01-2018 00:00,15044.74039
5047,Goalpara,3,18,Assam,09-01-2018 00:00,15098.60755
5048,Golaghat,18,18,Assam,09-01-2018 00:00,15133.09372
5049,Hailakandi,23,18,Assam,09-01-2018 00:00,15088.42781
5050,Hugli,12,19,West Bengal,09-01-2018 00:00,15155.07377
5051,South  Twenty Four Parganas,18,19,West Bengal,09-01-2018 00:00,15141.5311
5052,Uttar Dinajpur,4,19,West Bengal,09-01-2018 00:00,15121.10205
5053,Jalpaiguri,2,19,West Bengal,09-01-2018 00:00,15145.65369
5054,Koch Bihar,3,19,West Bengal,09-01-2018 00:00,15115.17403
5055,Murshidabad,7,19,West Bengal,09-01-2018 00:00,15199.71066
5056,Puruliya,14,19,West Bengal,09-01-2018 00:00,15167.50968
5057,Kolkata,17,19,West Bengal,09-01-2018 00:00,15427.0314
5058,Maldah,6,19,West Bengal,09-01-2018 00:00,15143.86543
5059,Nadia,10,19,West Bengal,09-01-2018 00:00,15248.74271
5060,North Twenty Four Parganas,11,19,West Bengal,09-01-2018 00:00,15162.86105
5061,Medinipur,15,19,West Bengal,09-01-2018 00:00,15151.25906
5062,Barddhaman,9,19,West Bengal,09-01-2018 00:00,15152.46066
5063,Birbhum,8,19,West Bengal,09-01-2018 00:00,15137.92398
5064,Bankura,13,19,West Bengal,09-01-2018 00:00,15163.84616
5065,Dakshin Dinajpur,5,19,West Bengal,09-01-2018 00:00,15092.01187
5066,Darjiling,1,19,West Bengal,09-01-2018 00:00,14965.33057
5067,Haora,16,19,West Bengal,09-01-2018 00:00,15189.7875
5068,Ranchi,14,20,Jharkhand,09-01-2018 00:00,15130.21637
5069,Sahibganj,9,20,Jharkhand,09-01-2018 00:00,15163.46848
5070,Garhwa,1,20,Jharkhand,09-01-2018 00:00,15166.78874
5071,Palamu,2,20,Jharkhand,09-01-2018 00:00,15167.31356
5072,Chatra,3,20,Jharkhand,09-01-2018 00:00,15204.10931
5073,Hazaribagh,4,20,Jharkhand,09-01-2018 00:00,15152.45036
5074,Kodarma,5,20,Jharkhand,09-01-2018 00:00,15191.98088
5075,Purbi Singhbhum,18,20,Jharkhand,09-01-2018 00:00,15152.52331
5076,Lohardaga,15,20,Jharkhand,09-01-2018 00:00,15081.30981
5077,Pakaur,10,20,Jharkhand,09-01-2018 00:00,15200.83596
5078,Pashchimi Singhbhum,17,20,Jharkhand,09-01-2018 00:00,15125.39001
5079,Bokaro,13,20,Jharkhand,09-01-2018 00:00,15185.64103
5080,Deoghar,7,20,Jharkhand,09-01-2018 00:00,15251.65815
5081,Dhanbad,12,20,Jharkhand,09-01-2018 00:00,15197.45597
5082,Dumka,11,20,Jharkhand,09-01-2018 00:00,15193.1331
5083,Giridih,6,20,Jharkhand,09-01-2018 00:00,15251.44968
5084,Godda,8,20,Jharkhand,09-01-2018 00:00,15186.23382
5085,Gumla,16,20,Jharkhand,09-01-2018 00:00,15133.16341
5086,Rayagada,27,21,Orissa,09-01-2018 00:00,15089.06558
5087,Sundargarh,5,21,Orissa,09-01-2018 00:00,15137.51421
5088,Sonapur,23,21,Orissa,09-01-2018 00:00,15130.93938
5089,Jajapur,13,21,Orissa,09-01-2018 00:00,15136.29251
5090,Jagatsinghapur,11,21,Orissa,09-01-2018 00:00,15123.36452
5091,Jharsuguda,2,21,Orissa,09-01-2018 00:00,15149.1453
5092,Khordha,17,21,Orissa,09-01-2018 00:00,15146.99754
5093,Mayurbhanj,7,21,Orissa,09-01-2018 00:00,15107.39335
5094,Puri,18,21,Orissa,09-01-2018 00:00,15109.12466
5095,Koraput,29,21,Orissa,09-01-2018 00:00,15044.12336
5096,Malkangiri,30,21,Orissa,09-01-2018 00:00,15078.22436
5097,Nabarangapur,28,21,Orissa,09-01-2018 00:00,15069.61487
5098,Nayagarh,16,21,Orissa,09-01-2018 00:00,15115.62307
5099,Nuapada,25,21,Orissa,09-01-2018 00:00,15135.05652
5100,Kandhamal,21,21,Orissa,09-01-2018 00:00,15033.00486
5101,Sambalpur,3,21,Orissa,09-01-2018 00:00,15128.42399
5102,Anugul,15,21,Orissa,09-01-2018 00:00,15119.41479
5103,Bhadrak,9,21,Orissa,09-01-2018 00:00,15121.43613
5104,Baudh,22,21,Orissa,09-01-2018 00:00,15119.57143
5105,Balangir,24,21,Orissa,09-01-2018 00:00,15179.51919
5106,Baleshwar,8,21,Orissa,09-01-2018 00:00,15110.68731
5107,Bargarh,1,21,Orissa,09-01-2018 00:00,15137.91559
5108,Kendrapara,10,21,Orissa,09-01-2018 00:00,15111.53356
5109,Kendujhar,6,21,Orissa,09-01-2018 00:00,15111.32442
5110,Debagarh,4,21,Orissa,09-01-2018 00:00,15115.59067
5111,Cuttack,12,21,Orissa,09-01-2018 00:00,15128.35718
5112,Dhenkanal,14,21,Orissa,09-01-2018 00:00,15141.10181
5113,Kalahandi,26,21,Orissa,09-01-2018 00:00,15119.45332
5114,Ganjam,19,21,Orissa,09-01-2018 00:00,15115.52703
5115,Gajapati,20,21,Orissa,09-01-2018 00:00,15048.93233
5116,Surguja,2,22,Chhattisgarh,09-01-2018 00:00,15098.59405
5117,Bilaspur,7,22,Chhattisgarh,09-01-2018 00:00,15108.20133
5118,Janjgir - Champa,6,22,Chhattisgarh,09-01-2018 00:00,15109.19394
5119,Korba,5,22,Chhattisgarh,09-01-2018 00:00,15099.11442
5120,Kawardha,8,22,Chhattisgarh,09-01-2018 00:00,15131.82434
5121,Jashpur,3,22,Chhattisgarh,09-01-2018 00:00,15120.39883
5122,Koriya,1,22,Chhattisgarh,09-01-2018 00:00,15140.98718
5123,Mahasamund,12,22,Chhattisgarh,09-01-2018 00:00,15119.8979
5124,Raigarh,4,22,Chhattisgarh,09-01-2018 00:00,15146.5304
5125,Raipur,11,22,Chhattisgarh,09-01-2018 00:00,15126.91145
5126,Rajnandgaon,9,22,Chhattisgarh,09-01-2018 00:00,15107.95583
5127,Bastar,15,22,Chhattisgarh,09-01-2018 00:00,15071.9045
5128,Dantewada,16,22,Chhattisgarh,09-01-2018 00:00,15090.34178
5129,Dhamtari,13,22,Chhattisgarh,09-01-2018 00:00,15085.60706
5130,Durg,10,22,Chhattisgarh,09-01-2018 00:00,15133.86241
5131,Kanker,14,22,Chhattisgarh,09-01-2018 00:00,15114.06743
5132,Hoshangabad,37,23,Madhya Pradesh,09-01-2018 00:00,15153.46875
5133,Indore,26,23,Madhya Pradesh,09-01-2018 00:00,15362.59451
5134,Shajapur,22,23,Madhya Pradesh,09-01-2018 00:00,15363.04621
5135,Shivpuri,6,23,Madhya Pradesh,09-01-2018 00:00,15179.34478
5136,Ratlam,20,23,Madhya Pradesh,09-01-2018 00:00,15315.85786
5137,Rewa,14,23,Madhya Pradesh,09-01-2018 00:00,15217.25068
5138,Sagar,11,23,Madhya Pradesh,09-01-2018 00:00,15254.82376
5139,Sidhi,17,23,Madhya Pradesh,09-01-2018 00:00,15186.48028
5140,Ujjain,21,23,Madhya Pradesh,09-01-2018 00:00,15437.26308
5141,Vidisha,31,23,Madhya Pradesh,09-01-2018 00:00,15247.5753
5142,West Nimar,27,23,Madhya Pradesh,09-01-2018 00:00,15245.36197
5143,Morena,2,23,Madhya Pradesh,09-01-2018 00:00,15213.96797
5144,Sheopur,1,23,Madhya Pradesh,09-01-2018 00:00,15143.94874
5145,Dindori,41,23,Madhya Pradesh,09-01-2018 00:00,15140.71995
5146,Mandla,42,23,Madhya Pradesh,09-01-2018 00:00,15116.44547
5147,Shahdol,16,23,Madhya Pradesh,09-01-2018 00:00,15193.31969
5148,Umaria,15,23,Madhya Pradesh,09-01-2018 00:00,15170.87587
5149,Jabalpur,39,23,Madhya Pradesh,09-01-2018 00:00,15135.30352
5150,Jhabua,24,23,Madhya Pradesh,09-01-2018 00:00,15182.268
5151,Mandsaur,19,23,Madhya Pradesh,09-01-2018 00:00,15265.45403
5152,Tikamgarh,8,23,Madhya Pradesh,09-01-2018 00:00,15226.63892
5153,Narsimhapur,40,23,Madhya Pradesh,09-01-2018 00:00,15199.10339
5154,Neemuch,18,23,Madhya Pradesh,09-01-2018 00:00,15199.92303
5155,Panna,10,23,Madhya Pradesh,09-01-2018 00:00,15167.56544
5156,Raisen,34,23,Madhya Pradesh,09-01-2018 00:00,15174.37563
5157,Rajgarh,30,23,Madhya Pradesh,09-01-2018 00:00,15327.02454
5158,Satna,13,23,Madhya Pradesh,09-01-2018 00:00,15176.42921
5159,Sehore,33,23,Madhya Pradesh,09-01-2018 00:00,15297.82354
5160,Seoni,44,23,Madhya Pradesh,09-01-2018 00:00,15112.29067
5161,Bhind,3,23,Madhya Pradesh,09-01-2018 00:00,15269.83791
5162,Bhopal,32,23,Madhya Pradesh,09-01-2018 00:00,15297.95045
5163,Barwani,28,23,Madhya Pradesh,09-01-2018 00:00,15244.40646
5164,Betul,35,23,Madhya Pradesh,09-01-2018 00:00,15112.79745
5165,Balaghat,45,23,Madhya Pradesh,09-01-2018 00:00,15078.41195
5166,Chhatarpur,9,23,Madhya Pradesh,09-01-2018 00:00,15203.04711
5167,Chhindwara,43,23,Madhya Pradesh,09-01-2018 00:00,15126.50872
5168,Dewas,23,23,Madhya Pradesh,09-01-2018 00:00,15359.40861
5169,Katni,38,23,Madhya Pradesh,09-01-2018 00:00,15130.95451
5170,Datia,5,23,Madhya Pradesh,09-01-2018 00:00,15198.73001
5171,Damoh,12,23,Madhya Pradesh,09-01-2018 00:00,15230.55608
5172,Dhar,25,23,Madhya Pradesh,09-01-2018 00:00,15277.93268
5173,East Nimar,29,23,Madhya Pradesh,09-01-2018 00:00,15198.12771
5174,Guna,7,23,Madhya Pradesh,09-01-2018 00:00,15230.21897
5175,Gwalior,4,23,Madhya Pradesh,09-01-2018 00:00,15198.53671
5176,Harda,36,23,Madhya Pradesh,09-01-2018 00:00,15251.55226
5177,Sabar Kantha,5,24,Gujarat,09-01-2018 00:00,15183.04527
5178,Surendranagar,8,24,Gujarat,09-01-2018 00:00,15500.69684
5179,The Dangs,23,24,Gujarat,09-01-2018 00:00,14998.85481
5180,Vadodara,19,24,Gujarat,09-01-2018 00:00,15240.70218
5181,Valsad,25,24,Gujarat,09-01-2018 00:00,15080.8989
5182,Bharuch,21,24,Gujarat,09-01-2018 00:00,15368.45464
5183,Surat,22,24,Gujarat,09-01-2018 00:00,15181.38026
5184,Jamnagar,10,24,Gujarat,09-01-2018 00:00,15391.55377
5185,Kheda,16,24,Gujarat,09-01-2018 00:00,15204.04145
5186,Mahesana,4,24,Gujarat,09-01-2018 00:00,15382.29166
5187,Narmada,20,24,Gujarat,09-01-2018 00:00,15169.59622
5188,Navsari,24,24,Gujarat,09-01-2018 00:00,15135.53702
5189,Panch Mahals,17,24,Gujarat,09-01-2018 00:00,15166.8639
5190,Patan,3,24,Gujarat,09-01-2018 00:00,15585.45564
5191,Porbandar,11,24,Gujarat,09-01-2018 00:00,15322.14551
5192,Rajkot,9,24,Gujarat,09-01-2018 00:00,15369.9875
5193,Anand,15,24,Gujarat,09-01-2018 00:00,15170.60577
5194,Ahmadabad,7,24,Gujarat,09-01-2018 00:00,15429.81044
5195,Amreli,13,24,Gujarat,09-01-2018 00:00,15379.33338
5196,Bhavnagar,14,24,Gujarat,09-01-2018 00:00,15412.43784
5197,Banas Kantha,2,24,Gujarat,09-01-2018 00:00,15452.86399
5198,Dohad,18,24,Gujarat,09-01-2018 00:00,15127.32968
5199,Junagadh,12,24,Gujarat,09-01-2018 00:00,15213.17339
5200,Kachchh,1,24,Gujarat,09-01-2018 00:00,15708.37768
5201,Gandhinagar,6,24,Gujarat,09-01-2018 00:00,15258.36967
5202,Daman,2,25,Daman & Diu,09-01-2018 00:00,15142.70012
5203,Diu,1,25,Daman & Diu,09-01-2018 00:00,15180.02511
5204,Hingoli,16,27,Maharashtra,09-01-2018 00:00,15302.80736
5205,Ratnagiri,32,27,Maharashtra,09-01-2018 00:00,15034.29131
5206,Raigarh,24,27,Maharashtra,09-01-2018 00:00,15037.22198
5207,Thane,21,27,Maharashtra,09-01-2018 00:00,15066.45301
5208,Solapur,30,27,Maharashtra,09-01-2018 00:00,15458.85045
5209,Sindhudurg,33,27,Maharashtra,09-01-2018 00:00,15059.12684
5210,Wardha,8,27,Maharashtra,09-01-2018 00:00,15266.93997
5211,Washim,6,27,Maharashtra,09-01-2018 00:00,15248.79469
5212,Yavatmal,14,27,Maharashtra,09-01-2018 00:00,15280.01949
5213,Jalgaon,3,27,Maharashtra,09-01-2018 00:00,15266.6725
5214,Jalna,18,27,Maharashtra,09-01-2018 00:00,15395.5586
5215,Kolhapur,34,27,Maharashtra,09-01-2018 00:00,15076.29731
5216,Latur,28,27,Maharashtra,09-01-2018 00:00,15228.1546
5217,Pune,25,27,Maharashtra,09-01-2018 00:00,15226.63073
5218,Nagpur,9,27,Maharashtra,09-01-2018 00:00,15215.32049
5219,Mumbai,23,27,Maharashtra,09-01-2018 00:00,15188.00902
5220,Mumbai (Suburban),22,27,Maharashtra,09-01-2018 00:00,15164.79922
5221,Nanded,15,27,Maharashtra,09-01-2018 00:00,15246.55825
5222,Nandurbar,1,27,Maharashtra,09-01-2018 00:00,15233.03703
5223,Nashik,20,27,Maharashtra,09-01-2018 00:00,15246.49283
5224,Osmanabad,29,27,Maharashtra,09-01-2018 00:00,15322.64194
5225,Parbhani,17,27,Maharashtra,09-01-2018 00:00,15326.59682
5226,Sangli,35,27,Maharashtra,09-01-2018 00:00,15395.56842
5227,Satara,31,27,Maharashtra,09-01-2018 00:00,15217.18411
5228,Aurangabad,19,27,Maharashtra,09-01-2018 00:00,15321.85601
5229,Ahmadnagar,26,27,Maharashtra,09-01-2018 00:00,15363.96553
5230,Akola,5,27,Maharashtra,09-01-2018 00:00,15286.2662
5231,Amravati,7,27,Maharashtra,09-01-2018 00:00,15218.44272
5232,Bid,27,27,Maharashtra,09-01-2018 00:00,15379.40609
5233,Bhandara,10,27,Maharashtra,09-01-2018 00:00,15099.97268
5234,Buldana,4,27,Maharashtra,09-01-2018 00:00,15242.24513
5235,Chandrapur,13,27,Maharashtra,09-01-2018 00:00,15185.46465
5236,Dhule,2,27,Maharashtra,09-01-2018 00:00,15380.48627
5237,Gadchiroli,12,27,Maharashtra,09-01-2018 00:00,15118.43045
5238,Gondiya,11,27,Maharashtra,09-01-2018 00:00,15086.45057
5239,Hyderabad,5,28,Andhra Pradesh,09-01-2018 00:00,15296.0643
5240,Rangareddi,6,28,Andhra Pradesh,09-01-2018 00:00,15261.5625
5241,Srikakulam,11,28,Andhra Pradesh,09-01-2018 00:00,15153.80226
5242,West Godavari,15,28,Andhra Pradesh,09-01-2018 00:00,15145.7719
5243,Visakhapatnam,13,28,Andhra Pradesh,09-01-2018 00:00,15105.28605
5244,Vizianagaram,12,28,Andhra Pradesh,09-01-2018 00:00,15167.28217
5245,Warangal,9,28,Andhra Pradesh,09-01-2018 00:00,15220.15502
5246,Khammam,10,28,Andhra Pradesh,09-01-2018 00:00,15204.10214
5247,Medak,4,28,Andhra Pradesh,09-01-2018 00:00,15189.20921
5248,Krishna,16,28,Andhra Pradesh,09-01-2018 00:00,15188.8421
5249,Kurnool,21,28,Andhra Pradesh,09-01-2018 00:00,15477.31738
5250,Mahbubnagar,7,28,Andhra Pradesh,09-01-2018 00:00,15345.00644
5251,Nalgonda,8,28,Andhra Pradesh,09-01-2018 00:00,15323.67389
5252,Nellore,19,28,Andhra Pradesh,09-01-2018 00:00,15566.89407
5253,Nizamabad,2,28,Andhra Pradesh,09-01-2018 00:00,15074.35379
5254,Prakasam,18,28,Andhra Pradesh,09-01-2018 00:00,15525.35278
5255,Anantapur,22,28,Andhra Pradesh,09-01-2018 00:00,15478.61831
5256,Adilabad,1,28,Andhra Pradesh,09-01-2018 00:00,15197.67145
5257,Chittoor,23,28,Andhra Pradesh,09-01-2018 00:00,15371.576
5258,Cuddapah,20,28,Andhra Pradesh,09-01-2018 00:00,15436.43858
5259,East Godavari,14,28,Andhra Pradesh,09-01-2018 00:00,15116.58508
5260,Karimnagar,3,28,Andhra Pradesh,09-01-2018 00:00,15173.27319
5261,Guntur,17,28,Andhra Pradesh,09-01-2018 00:00,15408.45176
5262,Hassan,23,29,Karnataka,09-01-2018 00:00,15184.92135
5263,Haveri,11,29,Karnataka,09-01-2018 00:00,15220.92813
5264,Shimoga,15,29,Karnataka,09-01-2018 00:00,14992.40317
5265,Tumkur,18,29,Karnataka,09-01-2018 00:00,15337.16284
5266,Udupi,16,29,Karnataka,09-01-2018 00:00,15099.56791
5267,Uttara Kannada,10,29,Karnataka,09-01-2018 00:00,14978.34825
5268,Kodagu,25,29,Karnataka,09-01-2018 00:00,14955.77391
5269,Kolar,19,29,Karnataka,09-01-2018 00:00,15301.53238
5270,Mandya,22,29,Karnataka,09-01-2018 00:00,15249.40802
5271,Koppal,7,29,Karnataka,09-01-2018 00:00,15435.65969
5272,Mysore,26,29,Karnataka,09-01-2018 00:00,15208.79601
5273,Raichur,6,29,Karnataka,09-01-2018 00:00,15505.21572
5274,Bagalkot,2,29,Karnataka,09-01-2018 00:00,15389.85741
5275,Bangalore,20,29,Karnataka,09-01-2018 00:00,15180.82679
5276,Bidar,5,29,Karnataka,09-01-2018 00:00,15238.72114
5277,Bijapur,3,29,Karnataka,09-01-2018 00:00,15501.16335
5278,Belgaum,1,29,Karnataka,09-01-2018 00:00,15281.63083
5279,Bellary,12,29,Karnataka,09-01-2018 00:00,15413.84947
5280,Bangalore Rural,21,29,Karnataka,09-01-2018 00:00,15176.07427
5281,Chamarajanagar,27,29,Karnataka,09-01-2018 00:00,15221.70794
5282,Chikmagalur,17,29,Karnataka,09-01-2018 00:00,15041.85607
5283,Chitradurga,13,29,Karnataka,09-01-2018 00:00,15423.48572
5284,Dakshina Kannada,24,29,Karnataka,09-01-2018 00:00,15088.17148
5285,Davanagere,14,29,Karnataka,09-01-2018 00:00,15210.57267
5286,Dharwad,9,29,Karnataka,09-01-2018 00:00,15454.38242
5287,Gulbarga,4,29,Karnataka,09-01-2018 00:00,15385.47816
5288,Gadag,8,29,Karnataka,09-01-2018 00:00,15629.21156
5289,South Goa,2,30,Goa,09-01-2018 00:00,15040.90929
5290,North Goa,1,30,Goa,09-01-2018 00:00,15054.62161
5291,Idukki,9,32,Kerala,09-01-2018 00:00,14972.48561
5292,Thrissur,7,32,Kerala,09-01-2018 00:00,15131.57833
5293,Thiruvananthapuram,14,32,Kerala,09-01-2018 00:00,15144.73869
5294,Wayanad,3,32,Kerala,09-01-2018 00:00,15003.28419
5295,Kollam,13,32,Kerala,09-01-2018 00:00,15117.06305
5296,Kottayam,10,32,Kerala,09-01-2018 00:00,15132.79291
5297,Kozhikode,4,32,Kerala,09-01-2018 00:00,15102.36874
5298,Malappuram,5,32,Kerala,09-01-2018 00:00,15113.87464
5299,Palakkad,6,32,Kerala,09-01-2018 00:00,15096.89463
5300,Pathanamthitta,12,32,Kerala,09-01-2018 00:00,15051.09616
5301,Alappuzha,11,32,Kerala,09-01-2018 00:00,15114.42966
5302,Kasaragod,1,32,Kerala,09-01-2018 00:00,15111.9987
5303,Kannur,2,32,Kerala,09-01-2018 00:00,15137.69907
5304,Ernakulam,8,32,Kerala,09-01-2018 00:00,15193.27862
5305,Sivaganga,23,33,Tamil Nadu,09-01-2018 00:00,15685.21733
5306,Tiruchirappalli,15,33,Tamil Nadu,09-01-2018 00:00,15711.83689
5307,Tirunelveli,29,33,Tamil Nadu,09-01-2018 00:00,15617.81324
5308,Tiruvannamalai,6,33,Tamil Nadu,09-01-2018 00:00,15442.48336
5309,Thoothukkudi,28,33,Tamil Nadu,09-01-2018 00:00,15888.85869
5310,Theni,25,33,Tamil Nadu,09-01-2018 00:00,15403.75442
5311,Vellore,4,33,Tamil Nadu,09-01-2018 00:00,15364.41562
5312,Viluppuram,7,33,Tamil Nadu,09-01-2018 00:00,15529.06575
5313,Virudhunagar,26,33,Tamil Nadu,09-01-2018 00:00,15818.0323
5314,Chennai,2,33,Tamil Nadu,09-01-2018 00:00,15484.30658
5315,Kancheepuram,3,33,Tamil Nadu,09-01-2018 00:00,15364.47385
5316,Thiruvallur,1,33,Tamil Nadu,09-01-2018 00:00,15445.08917
5317,Thanjavur,21,33,Tamil Nadu,09-01-2018 00:00,15532.89166
5318,Thiruvarur,20,33,Tamil Nadu,09-01-2018 00:00,15501.62189
5319,Nagapattinam,19,33,Tamil Nadu,09-01-2018 00:00,15505.0491
5320,Kanniyakumari,30,33,Tamil Nadu,09-01-2018 00:00,15179.18124
5321,Karur,14,33,Tamil Nadu,09-01-2018 00:00,15695.45112
5322,Madurai,24,33,Tamil Nadu,09-01-2018 00:00,15612.1595
5323,Namakkal,9,33,Tamil Nadu,09-01-2018 00:00,15531.14182
5324,The Nilgiris,11,33,Tamil Nadu,09-01-2018 00:00,14898.73984
5325,Perambalur,16,33,Tamil Nadu,09-01-2018 00:00,15839.31973
5326,Pudukkottai,22,33,Tamil Nadu,09-01-2018 00:00,15632.61613
5327,Ramanathapuram,27,33,Tamil Nadu,09-01-2018 00:00,15871.34332
5328,Salem,8,33,Tamil Nadu,09-01-2018 00:00,15480.15697
5329,Ariyalur,17,33,Tamil Nadu,09-01-2018 00:00,15609.98423
5330,Coimbatore,12,33,Tamil Nadu,09-01-2018 00:00,15430.7176
5331,Cuddalore,18,33,Tamil Nadu,09-01-2018 00:00,15503.5157
5332,Dharmapuri,5,33,Tamil Nadu,09-01-2018 00:00,15350.96261
5333,Dindigul,13,33,Tamil Nadu,09-01-2018 00:00,15552.60846
5334,Erode,10,33,Tamil Nadu,09-01-2018 00:00,15489.52984
5335,Yanam,1,34,Puducherry,09-01-2018 00:00,15139.83313
5336,Karaikal,4,34,Puducherry,09-01-2018 00:00,15615.98822
5337,Mahe,3,34,Puducherry,09-01-2018 00:00,15125.37103
5338,Pondicherry,2,34,Puducherry,09-01-2018 00:00,15334.99897
5339,Nicobars,2,35,Andaman & Nicobar Island,09-01-2018 00:00,14958.97257
5340,Andamans,1,35,Andaman & Nicobar Island,09-01-2018 00:00,14987.85764
5341,Chandigarh,1,4,Chandigarh,10-01-2018 00:00,15126.4792
5342,Dadra & Nagar Haveli,1,26,Dadara & Nagar Havelli,10-01-2018 00:00,15321.08163
5343,Lakshadweep,1,31,Lakshadweep,10-01-2018 00:00,15038.85865
5344,Data Not Available,99,99,Jammu and Kashmir,10-01-2018 00:00,13893.86184
5345,Anantnag,6,1,Jammu and Kashmir,10-01-2018 00:00,14234.81155
5346,Badgam,4,1,Jammu and Kashmir,10-01-2018 00:00,14434.67086
5347,Baramula,2,1,Jammu and Kashmir,10-01-2018 00:00,14298.38717
5348,Doda,9,1,Jammu and Kashmir,10-01-2018 00:00,14102.20869
5349,Jammu,13,1,Jammu and Kashmir,10-01-2018 00:00,15015.41666
5350,Kargil,8,1,Jammu and Kashmir,10-01-2018 00:00,13970.74258
5351,Kathua,14,1,Jammu and Kashmir,10-01-2018 00:00,14883.37857
5352,Leh (Ladakh),7,1,Jammu and Kashmir,10-01-2018 00:00,13944.09964
5353,Kupwara,1,1,Jammu and Kashmir,10-01-2018 00:00,14383.38895
5354,Punch,11,1,Jammu and Kashmir,10-01-2018 00:00,14670.08549
5355,Pulwama,5,1,Jammu and Kashmir,10-01-2018 00:00,14551.28686
5356,Rajauri,12,1,Jammu and Kashmir,10-01-2018 00:00,14874.84465
5357,Srinagar,3,1,Jammu and Kashmir,10-01-2018 00:00,14225.27193
5358,Udhampur,10,1,Jammu and Kashmir,10-01-2018 00:00,14710.82763
5359,Bilaspur,8,2,Himachal Pradesh,10-01-2018 00:00,14854.76831
5360,Chamba,1,2,Himachal Pradesh,10-01-2018 00:00,14271.93868
5361,Hamirpur,6,2,Himachal Pradesh,10-01-2018 00:00,14871.34488
5362,Kangra,2,2,Himachal Pradesh,10-01-2018 00:00,14679.41723
5363,Kinnaur,12,2,Himachal Pradesh,10-01-2018 00:00,14105.21217
5364,Lahul & Spiti,3,2,Himachal Pradesh,10-01-2018 00:00,13713.3786
5365,Kullu,4,2,Himachal Pradesh,10-01-2018 00:00,14153.78419
5366,Mandi,5,2,Himachal Pradesh,10-01-2018 00:00,14706.27381
5367,Shimla,11,2,Himachal Pradesh,10-01-2018 00:00,14540.55083
5368,Sirmaur,10,2,Himachal Pradesh,10-01-2018 00:00,14826.26593
5369,Solan,9,2,Himachal Pradesh,10-01-2018 00:00,14859.91408
5370,Una,7,2,Himachal Pradesh,10-01-2018 00:00,14940.62191
5371,Amritsar,2,3,Punjab,10-01-2018 00:00,15033.94812
5372,Firozpur,11,3,Punjab,10-01-2018 00:00,15090.13831
5373,Bathinda,14,3,Punjab,10-01-2018 00:00,15104.5223
5374,Gurdaspur,1,3,Punjab,10-01-2018 00:00,14982.85319
5375,Faridkot,13,3,Punjab,10-01-2018 00:00,15079.95382
5376,Fatehgarh Sahib,8,3,Punjab,10-01-2018 00:00,15097.50258
5377,Hoshiarpur,5,3,Punjab,10-01-2018 00:00,15030.09872
5378,Jalandhar,4,3,Punjab,10-01-2018 00:00,15083.58394
5379,Kapurthala,3,3,Punjab,10-01-2018 00:00,15064.4355
5380,Ludhiana,9,3,Punjab,10-01-2018 00:00,15064.95944
5381,Mansa,15,3,Punjab,10-01-2018 00:00,15109.1907
5382,Moga,10,3,Punjab,10-01-2018 00:00,15038.84192
5383,Muktsar,12,3,Punjab,10-01-2018 00:00,15090.79284
5384,Nawanshahr,6,3,Punjab,10-01-2018 00:00,15054.76715
5385,Patiala,17,3,Punjab,10-01-2018 00:00,15107.91186
5386,Sangrur,16,3,Punjab,10-01-2018 00:00,15056.71654
5387,Rupnagar,7,3,Punjab,10-01-2018 00:00,15054.2638
5388,Bageshwar,8,5,Uttarakhand,10-01-2018 00:00,14540.01224
5389,Almora,9,5,Uttarakhand,10-01-2018 00:00,14841.44883
5390,Chamoli,2,5,Uttarakhand,10-01-2018 00:00,14183.47395
5391,Champawat,10,5,Uttarakhand,10-01-2018 00:00,14809.81537
5392,Dehradun,5,5,Uttarakhand,10-01-2018 00:00,14853.95608
5393,Garhwal,6,5,Uttarakhand,10-01-2018 00:00,14810.69161
5394,Hardwar,13,5,Uttarakhand,10-01-2018 00:00,15030.80446
5395,Nainital,11,5,Uttarakhand,10-01-2018 00:00,14883.69118
5396,Pithoragarh,7,5,Uttarakhand,10-01-2018 00:00,14286.32257
5397,Rudraprayag,3,5,Uttarakhand,10-01-2018 00:00,14435.17019
5398,Tehri Garhwal,4,5,Uttarakhand,10-01-2018 00:00,14627.08794
5399,Udham Singh Nagar,12,5,Uttarakhand,10-01-2018 00:00,15073.08285
5400,Uttarkashi,1,5,Uttarakhand,10-01-2018 00:00,14226.33716
5401,Ambala,2,6,Haryana,10-01-2018 00:00,15093.39121
5402,Gurgaon,18,6,Haryana,10-01-2018 00:00,15368.03676
5403,Faridabad,19,6,Haryana,10-01-2018 00:00,15259.21347
5404,Fatehabad,10,6,Haryana,10-01-2018 00:00,15157.41687
5405,Hisar,12,6,Haryana,10-01-2018 00:00,15252.52398
5406,Jind,9,6,Haryana,10-01-2018 00:00,15101.47602
5407,Kaithal,5,6,Haryana,10-01-2018 00:00,15120.31243
5408,Karnal,6,6,Haryana,10-01-2018 00:00,15116.69271
5409,Kurukshetra,4,6,Haryana,10-01-2018 00:00,15133.4574
5410,Panchkula,1,6,Haryana,10-01-2018 00:00,15014.08187
5411,Panipat,7,6,Haryana,10-01-2018 00:00,15087.25165
5412,Rohtak,14,6,Haryana,10-01-2018 00:00,15130.06934
5413,Sirsa,11,6,Haryana,10-01-2018 00:00,15237.07007
5414,Sonipat,8,6,Haryana,10-01-2018 00:00,15123.34736
5415,Yamunanagar,3,6,Haryana,10-01-2018 00:00,15054.49195
5416,Jhajjar,15,6,Haryana,10-01-2018 00:00,15281.39185
5417,Mahendragarh,16,6,Haryana,10-01-2018 00:00,15467.50883
5418,Rewari,17,6,Haryana,10-01-2018 00:00,15465.40481
5419,Bhiwani,13,6,Haryana,10-01-2018 00:00,15387.86585
5420,Central,6,7,Delhi  & NCR,10-01-2018 00:00,15234.09261
5421,East,4,7,Delhi  & NCR,10-01-2018 00:00,15236.35143
5422,New Delhi,5,7,Delhi  & NCR,10-01-2018 00:00,15178.85525
5423,North,2,7,Delhi  & NCR,10-01-2018 00:00,15211.75992
5424,North East,3,7,Delhi  & NCR,10-01-2018 00:00,15226.79206
5425,North West,1,7,Delhi  & NCR,10-01-2018 00:00,15249.46509
5426,South,9,7,Delhi  & NCR,10-01-2018 00:00,15181.14558
5427,South West,8,7,Delhi  & NCR,10-01-2018 00:00,15277.48315
5428,West,7,7,Delhi  & NCR,10-01-2018 00:00,15258.62169
5429,Ajmer,21,8,Rajasthan,10-01-2018 00:00,15466.33484
5430,Banswara,28,8,Rajasthan,10-01-2018 00:00,15385.55453
5431,Barmer,17,8,Rajasthan,10-01-2018 00:00,15886.05187
5432,Bhilwara,24,8,Rajasthan,10-01-2018 00:00,15399.14023
5433,Bikaner,3,8,Rajasthan,10-01-2018 00:00,15776.12604
5434,Bharatpur,7,8,Rajasthan,10-01-2018 00:00,15539.41016
5435,Bundi,23,8,Rajasthan,10-01-2018 00:00,15431.87699
5436,Chittaurgarh,29,8,Rajasthan,10-01-2018 00:00,15389.89445
5437,Churu,4,8,Rajasthan,10-01-2018 00:00,15637.34671
5438,Dausa,11,8,Rajasthan,10-01-2018 00:00,15501.38331
5439,Dhaulpur,8,8,Rajasthan,10-01-2018 00:00,15505.84623
5440,Dungarpur,27,8,Rajasthan,10-01-2018 00:00,15328.44244
5441,Karauli,9,8,Rajasthan,10-01-2018 00:00,15456.58107
5442,Jaipur,12,8,Rajasthan,10-01-2018 00:00,15483.11839
5443,Jaisalmer,16,8,Rajasthan,10-01-2018 00:00,15959.61478
5444,Jalor,18,8,Rajasthan,10-01-2018 00:00,15767.53198
5445,Jhalawar,32,8,Rajasthan,10-01-2018 00:00,15512.12488
5446,Jhunjhunun,5,8,Rajasthan,10-01-2018 00:00,15479.15889
5447,Jodhpur,15,8,Rajasthan,10-01-2018 00:00,15767.31843
5448,Kota,30,8,Rajasthan,10-01-2018 00:00,15476.91501
5449,Nagaur,14,8,Rajasthan,10-01-2018 00:00,15618.94005
5450,Pali,20,8,Rajasthan,10-01-2018 00:00,15602.15338
5451,Rajsamand,25,8,Rajasthan,10-01-2018 00:00,15327.8687
5452,Sawai Madhopur,10,8,Rajasthan,10-01-2018 00:00,15452.86789
5453,Sirohi,19,8,Rajasthan,10-01-2018 00:00,15561.97452
5454,Tonk,22,8,Rajasthan,10-01-2018 00:00,15565.38736
5455,Sikar,13,8,Rajasthan,10-01-2018 00:00,15465.21465
5456,Alwar,6,8,Rajasthan,10-01-2018 00:00,15422.73523
5457,Udaipur,26,8,Rajasthan,10-01-2018 00:00,15301.26719
5458,Ganganagar,1,8,Rajasthan,10-01-2018 00:00,15489.10311
5459,Hanumangarh,2,8,Rajasthan,10-01-2018 00:00,15445.85855
5460,Baran,31,8,Rajasthan,10-01-2018 00:00,15498.79019
5461,Auraiya,32,9,Uttar Pradesh,10-01-2018 00:00,15252.86498
5462,Azamgarh,61,9,Uttar Pradesh,10-01-2018 00:00,15196.20463
5463,Budaun,19,9,Uttar Pradesh,10-01-2018 00:00,15225.49319
5464,Agra,15,9,Uttar Pradesh,10-01-2018 00:00,15397.16375
5465,Aligarh,12,9,Uttar Pradesh,10-01-2018 00:00,15278.41075
5466,Allahabad,45,9,Uttar Pradesh,10-01-2018 00:00,15228.15046
5467,Ambedkar Nagar,48,9,Uttar Pradesh,10-01-2018 00:00,15181.03196
5468,Bareilly,20,9,Uttar Pradesh,10-01-2018 00:00,15136.9052
5469,Bijnor,3,9,Uttar Pradesh,10-01-2018 00:00,15052.32344
5470,Basti,55,9,Uttar Pradesh,10-01-2018 00:00,15182.33834
5471,Baghpat,8,9,Uttar Pradesh,10-01-2018 00:00,15132.90798
5472,Bahraich,50,9,Uttar Pradesh,10-01-2018 00:00,15148.54245
5473,Ballia,63,9,Uttar Pradesh,10-01-2018 00:00,15223.17789
5474,Balrampur,52,9,Uttar Pradesh,10-01-2018 00:00,15153.28713
5475,Banda,40,9,Uttar Pradesh,10-01-2018 00:00,15383.10707
5476,Barabanki,46,9,Uttar Pradesh,10-01-2018 00:00,15187.16281
5477,Chitrakoot,41,9,Uttar Pradesh,10-01-2018 00:00,15381.43082
5478,Chandauli,66,9,Uttar Pradesh,10-01-2018 00:00,15141.16496
5479,Deoria,60,9,Uttar Pradesh,10-01-2018 00:00,15234.24051
5480,Etah,17,9,Uttar Pradesh,10-01-2018 00:00,15297.31345
5481,Kanpur Dehat,33,9,Uttar Pradesh,10-01-2018 00:00,15328.11936
5482,Etawah,31,9,Uttar Pradesh,10-01-2018 00:00,15239.59435
5483,Faizabad,47,9,Uttar Pradesh,10-01-2018 00:00,15187.39474
5484,Ghazipur,65,9,Uttar Pradesh,10-01-2018 00:00,15193.39215
5485,Gonda,53,9,Uttar Pradesh,10-01-2018 00:00,15164.02958
5486,Gorakhpur,58,9,Uttar Pradesh,10-01-2018 00:00,15254.61328
5487,Farrukhabad,29,9,Uttar Pradesh,10-01-2018 00:00,15324.54934
5488,Fatehpur,42,9,Uttar Pradesh,10-01-2018 00:00,15312.29624
5489,Firozabad,16,9,Uttar Pradesh,10-01-2018 00:00,15318.96782
5490,Hamirpur,38,9,Uttar Pradesh,10-01-2018 00:00,15503.02974
5491,Hardoi,25,9,Uttar Pradesh,10-01-2018 00:00,15248.43141
5492,Hathras,13,9,Uttar Pradesh,10-01-2018 00:00,15383.2484
5493,Jalaun,35,9,Uttar Pradesh,10-01-2018 00:00,15433.5588
5494,Jaunpur,64,9,Uttar Pradesh,10-01-2018 00:00,15237.75852
5495,Jhansi,36,9,Uttar Pradesh,10-01-2018 00:00,15454.52557
5496,Jyotiba Phule Nagar,6,9,Uttar Pradesh,10-01-2018 00:00,15106.51207
5497,Kannauj,30,9,Uttar Pradesh,10-01-2018 00:00,15368.22827
5498,Kanpur Nagar,34,9,Uttar Pradesh,10-01-2018 00:00,15324.10809
5499,Kaushambi,44,9,Uttar Pradesh,10-01-2018 00:00,15270.97567
5500,Kheri,23,9,Uttar Pradesh,10-01-2018 00:00,15116.26267
5501,Mirzapur,69,9,Uttar Pradesh,10-01-2018 00:00,15270.76157
5502,Moradabad,4,9,Uttar Pradesh,10-01-2018 00:00,15133.04022
5503,Muzaffarnagar,2,9,Uttar Pradesh,10-01-2018 00:00,15071.58015
5504,Rae Bareli,28,9,Uttar Pradesh,10-01-2018 00:00,15220.14488
5505,Kushinagar,59,9,Uttar Pradesh,10-01-2018 00:00,15142.87125
5506,Lucknow,27,9,Uttar Pradesh,10-01-2018 00:00,15241.11921
5507,Lalitpur,37,9,Uttar Pradesh,10-01-2018 00:00,15520.05956
5508,Mahrajganj,57,9,Uttar Pradesh,10-01-2018 00:00,15136.99868
5509,Mahoba,39,9,Uttar Pradesh,10-01-2018 00:00,15487.57972
5510,Mainpuri,18,9,Uttar Pradesh,10-01-2018 00:00,15279.49362
5511,Mathura,14,9,Uttar Pradesh,10-01-2018 00:00,15343.48226
5512,Mau,62,9,Uttar Pradesh,10-01-2018 00:00,15196.53277
5513,Meerut,7,9,Uttar Pradesh,10-01-2018 00:00,15109.78287
5514,Pilibhit,21,9,Uttar Pradesh,10-01-2018 00:00,15081.80267
5515,Pratapgarh,43,9,Uttar Pradesh,10-01-2018 00:00,15211.90199
5516,Rampur,5,9,Uttar Pradesh,10-01-2018 00:00,15116.23697
5517,Sant Ravidas Nagar Bhadohi,68,9,Uttar Pradesh,10-01-2018 00:00,15206.54663
5518,Sant Kabir Nagar,56,9,Uttar Pradesh,10-01-2018 00:00,15204.48415
5519,Shahjahanpur,22,9,Uttar Pradesh,10-01-2018 00:00,15172.57469
5520,Shrawasti,51,9,Uttar Pradesh,10-01-2018 00:00,15156.11826
5521,Saharanpur,1,9,Uttar Pradesh,10-01-2018 00:00,15045.45212
5522,Sitapur,24,9,Uttar Pradesh,10-01-2018 00:00,15174.1306
5523,Sultanpur,49,9,Uttar Pradesh,10-01-2018 00:00,15209.6045
5524,Sonbhadra,70,9,Uttar Pradesh,10-01-2018 00:00,15200.48258
5525,Siddharthnagar,54,9,Uttar Pradesh,10-01-2018 00:00,15164.9635
5526,Unnao,26,9,Uttar Pradesh,10-01-2018 00:00,15292.87319
5527,Varanasi,67,9,Uttar Pradesh,10-01-2018 00:00,15244.55265
5528,Bulandshahr,11,9,Uttar Pradesh,10-01-2018 00:00,15210.05945
5529,Gautam Buddha Nagar,10,9,Uttar Pradesh,10-01-2018 00:00,15217.96463
5530,Ghaziabad,9,9,Uttar Pradesh,10-01-2018 00:00,15174.50035
5531,Araria,7,10,Bihar,10-01-2018 00:00,15092.08359
5532,Aurangabad,34,10,Bihar,10-01-2018 00:00,15094.09051
5533,Banka,23,10,Bihar,10-01-2018 00:00,15138.88639
5534,Bhagalpur,22,10,Bihar,10-01-2018 00:00,15139.60123
5535,Begusarai,20,10,Bihar,10-01-2018 00:00,15206.81244
5536,Saran,17,10,Bihar,10-01-2018 00:00,15220.18491
5537,Katihar,10,10,Bihar,10-01-2018 00:00,15144.94291
5538,Darbhanga,13,10,Bihar,10-01-2018 00:00,15160.51898
5539,Gopalganj,15,10,Bihar,10-01-2018 00:00,15188.58274
5540,Jamui,37,10,Bihar,10-01-2018 00:00,15195.71504
5541,Kishanganj,8,10,Bihar,10-01-2018 00:00,15129.57704
5542,Muzaffarpur,14,10,Bihar,10-01-2018 00:00,15171.21038
5543,Purnia,9,10,Bihar,10-01-2018 00:00,15133.01476
5544,Khagaria,21,10,Bihar,10-01-2018 00:00,15129.35051
5545,Madhubani,5,10,Bihar,10-01-2018 00:00,15106.2774
5546,Lakhisarai,25,10,Bihar,10-01-2018 00:00,15147.71604
5547,Madhepura,11,10,Bihar,10-01-2018 00:00,15110.50472
5548,Purba Champaran,2,10,Bihar,10-01-2018 00:00,15143.93914
5549,Munger,24,10,Bihar,10-01-2018 00:00,15097.90534
5550,Nalanda,27,10,Bihar,10-01-2018 00:00,15120.17632
5551,Nawada,36,10,Bihar,10-01-2018 00:00,15170.68164
5552,Pashchim Champaran,1,10,Bihar,10-01-2018 00:00,15112.35253
5553,Patna,28,10,Bihar,10-01-2018 00:00,15178.17425
5554,Samastipur,19,10,Bihar,10-01-2018 00:00,15201.08192
5555,Sheikhpura,26,10,Bihar,10-01-2018 00:00,15166.14078
5556,Sheohar,3,10,Bihar,10-01-2018 00:00,15124.329
5557,Saharsa,12,10,Bihar,10-01-2018 00:00,15100.47631
5558,Sitamarhi,4,10,Bihar,10-01-2018 00:00,15104.02569
5559,Siwan,16,10,Bihar,10-01-2018 00:00,15205.75955
5560,Supaul,6,10,Bihar,10-01-2018 00:00,15092.3137
5561,Vaishali,18,10,Bihar,10-01-2018 00:00,15215.561
5562,Kaimur (Bhabua),31,10,Bihar,10-01-2018 00:00,15147.1504
5563,Gaya,35,10,Bihar,10-01-2018 00:00,15181.63903
5564,Bhojpur,29,10,Bihar,10-01-2018 00:00,15176.20892
5565,Buxar,30,10,Bihar,10-01-2018 00:00,15137.5774
5566,Jehanabad,33,10,Bihar,10-01-2018 00:00,15122.31279
5567,Rohtas,32,10,Bihar,10-01-2018 00:00,15092.56648
5568,East,4,11,Sikkim,10-01-2018 00:00,14521.97413
5569,North,1,11,Sikkim,10-01-2018 00:00,14095.33687
5570,South,3,11,Sikkim,10-01-2018 00:00,14613.05672
5571,West,2,11,Sikkim,10-01-2018 00:00,14403.45804
5572,Changlang,12,12,Arunanchal Pradesh,10-01-2018 00:00,14755.27608
5573,Dibang Valley,10,12,Arunanchal Pradesh,10-01-2018 00:00,14341.9546
5574,East Kameng,3,12,Arunanchal Pradesh,10-01-2018 00:00,14545.43983
5575,East Siang,8,12,Arunanchal Pradesh,10-01-2018 00:00,14804.47938
5576,Lohit,11,12,Arunanchal Pradesh,10-01-2018 00:00,14512.02488
5577,Lower Subansiri,5,12,Arunanchal Pradesh,10-01-2018 00:00,14448.80128
5578,Papum Pare,4,12,Arunanchal Pradesh,10-01-2018 00:00,14709.23086
5579,Tawang,1,12,Arunanchal Pradesh,10-01-2018 00:00,14265.87683
5580,Tirap,13,12,Arunanchal Pradesh,10-01-2018 00:00,14805.35228
5581,West Kameng,2,12,Arunanchal Pradesh,10-01-2018 00:00,14510.0006
5582,West Siang,7,12,Arunanchal Pradesh,10-01-2018 00:00,14543.83942
5583,Upper Siang,9,12,Arunanchal Pradesh,10-01-2018 00:00,14381.88081
5584,Upper Subansiri,6,12,Arunanchal Pradesh,10-01-2018 00:00,14375.26066
5585,Mokokchung,3,13,Nagaland,10-01-2018 00:00,14897.47285
5586,Mon,1,13,Nagaland,10-01-2018 00:00,14887.06627
5587,Phek,8,13,Nagaland,10-01-2018 00:00,14723.13943
5588,Tuensang,2,13,Nagaland,10-01-2018 00:00,14726.84865
5589,Wokha,5,13,Nagaland,10-01-2018 00:00,14925.39796
5590,Zunheboto,4,13,Nagaland,10-01-2018 00:00,14756.0515
5591,Dimapur,6,13,Nagaland,10-01-2018 00:00,14985.53668
5592,Kohima,7,13,Nagaland,10-01-2018 00:00,14823.2891
5593,Bishnupur,4,14,Manipur,10-01-2018 00:00,14922.63003
5594,Chandel,9,14,Manipur,10-01-2018 00:00,14863.88245
5595,Churachandpur,3,14,Manipur,10-01-2018 00:00,14868.68419
5596,Imphal East,7,14,Manipur,10-01-2018 00:00,14974.04469
5597,Imphal West,6,14,Manipur,10-01-2018 00:00,14995.02041
5598,Senapati (Excl. 3 sub-divisions),1,14,Manipur,10-01-2018 00:00,14777.64897
5599,Tamenglong,2,14,Manipur,10-01-2018 00:00,14844.37535
5600,Thoubal,5,14,Manipur,10-01-2018 00:00,14960.60925
5601,Ukhrul,8,14,Manipur,10-01-2018 00:00,14789.56379
5602,Aizawl,3,15,Mizoram,10-01-2018 00:00,14902.12734
5603,Champhai,4,15,Mizoram,10-01-2018 00:00,14828.30126
5604,Kolasib,2,15,Mizoram,10-01-2018 00:00,14973.95346
5605,Mamit,1,15,Mizoram,10-01-2018 00:00,14952.35756
5606,Lunglei,6,15,Mizoram,10-01-2018 00:00,14907.59211
5607,Lawngtlai,7,15,Mizoram,10-01-2018 00:00,14937.38733
5608,Saiha,8,15,Mizoram,10-01-2018 00:00,14859.75243
5609,Serchhip,5,15,Mizoram,10-01-2018 00:00,14861.68753
5610,Dhalai,3,16,Tripura,10-01-2018 00:00,15013.76474
5611,North Tripura,4,16,Tripura,10-01-2018 00:00,15027.6578
5612,South Tripura,2,16,Tripura,10-01-2018 00:00,15045.64903
5613,West Tripura,1,16,Tripura,10-01-2018 00:00,15061.37036
5614,East Garo Hills,2,17,Meghalaya,10-01-2018 00:00,14975.63505
5615,East Khasi Hills,6,17,Meghalaya,10-01-2018 00:00,14849.86436
5616,Jaintia Hills,7,17,Meghalaya,10-01-2018 00:00,14893.38556
5617,Ri Bhoi,5,17,Meghalaya,10-01-2018 00:00,14931.69377
5618,South Garo Hills,3,17,Meghalaya,10-01-2018 00:00,14983.66394
5619,West Garo Hills,1,17,Meghalaya,10-01-2018 00:00,15024.1889
5620,West Khasi Hills,4,17,Meghalaya,10-01-2018 00:00,14869.58112
5621,Barpeta,5,18,Assam,10-01-2018 00:00,15042.54404
5622,Bongaigaon,4,18,Assam,10-01-2018 00:00,15055.25772
5623,Cachar,21,18,Assam,10-01-2018 00:00,15021.91357
5624,Darrang,8,18,Assam,10-01-2018 00:00,15051.57914
5625,Dhemaji,13,18,Assam,10-01-2018 00:00,15013.93237
5626,Dhubri,2,18,Assam,10-01-2018 00:00,15073.24207
5627,Dibrugarh,15,18,Assam,10-01-2018 00:00,14991.27128
5628,Kamrup,6,18,Assam,10-01-2018 00:00,15040.10248
5629,Karbi Anglong,19,18,Assam,10-01-2018 00:00,14946.29874
5630,Goalpara,3,18,Assam,10-01-2018 00:00,15042.82129
5631,Golaghat,18,18,Assam,10-01-2018 00:00,15033.74145
5632,Hailakandi,23,18,Assam,10-01-2018 00:00,15035.65151
5633,Jorhat,17,18,Assam,10-01-2018 00:00,15037.84899
5634,Karimganj,22,18,Assam,10-01-2018 00:00,15047.39672
5635,Kokrajhar,1,18,Assam,10-01-2018 00:00,15060.08079
5636,Lakhimpur,12,18,Assam,10-01-2018 00:00,15040.66598
5637,Nagaon,10,18,Assam,10-01-2018 00:00,15043.76252
5638,Marigaon,9,18,Assam,10-01-2018 00:00,15072.45904
5639,Nalbari,7,18,Assam,10-01-2018 00:00,15047.27106
5640,North Cachar Hills,20,18,Assam,10-01-2018 00:00,14915.3372
5641,Sonitpur,11,18,Assam,10-01-2018 00:00,15033.25094
5642,Sibsagar,16,18,Assam,10-01-2018 00:00,15016.74215
5643,Tinsukia,14,18,Assam,10-01-2018 00:00,14998.25811
5644,Barddhaman,9,19,West Bengal,10-01-2018 00:00,15120.38886
5645,Birbhum,8,19,West Bengal,10-01-2018 00:00,15111.86205
5646,Bankura,13,19,West Bengal,10-01-2018 00:00,15135.23578
5647,Dakshin Dinajpur,5,19,West Bengal,10-01-2018 00:00,15086.25629
5648,Darjiling,1,19,West Bengal,10-01-2018 00:00,14863.50777
5649,Haora,16,19,West Bengal,10-01-2018 00:00,15129.30941
5650,Hugli,12,19,West Bengal,10-01-2018 00:00,15111.14519
5651,Jalpaiguri,2,19,West Bengal,10-01-2018 00:00,15077.756
5652,Koch Bihar,3,19,West Bengal,10-01-2018 00:00,15079.95278
5653,Murshidabad,7,19,West Bengal,10-01-2018 00:00,15156.23627
5654,Puruliya,14,19,West Bengal,10-01-2018 00:00,15132.66399
5655,Kolkata,17,19,West Bengal,10-01-2018 00:00,15359.96413
5656,Maldah,6,19,West Bengal,10-01-2018 00:00,15110.59014
5657,Nadia,10,19,West Bengal,10-01-2018 00:00,15210.12299
5658,North Twenty Four Parganas,11,19,West Bengal,10-01-2018 00:00,15111.29585
5659,Medinipur,15,19,West Bengal,10-01-2018 00:00,15120.40215
5660,South  Twenty Four Parganas,18,19,West Bengal,10-01-2018 00:00,15102.06651
5661,Uttar Dinajpur,4,19,West Bengal,10-01-2018 00:00,15100.36192
5662,Bokaro,13,20,Jharkhand,10-01-2018 00:00,15158.33877
5663,Deoghar,7,20,Jharkhand,10-01-2018 00:00,15210.87025
5664,Dhanbad,12,20,Jharkhand,10-01-2018 00:00,15167.83322
5665,Dumka,11,20,Jharkhand,10-01-2018 00:00,15166.21023
5666,Giridih,6,20,Jharkhand,10-01-2018 00:00,15211.9924
5667,Godda,8,20,Jharkhand,10-01-2018 00:00,15124.32489
5668,Gumla,16,20,Jharkhand,10-01-2018 00:00,15159.91979
5669,Purbi Singhbhum,18,20,Jharkhand,10-01-2018 00:00,15119.62775
5670,Lohardaga,15,20,Jharkhand,10-01-2018 00:00,15111.66421
5671,Pakaur,10,20,Jharkhand,10-01-2018 00:00,15127.8064
5672,Pashchimi Singhbhum,17,20,Jharkhand,10-01-2018 00:00,15080.22273
5673,Ranchi,14,20,Jharkhand,10-01-2018 00:00,15117.6619
5674,Sahibganj,9,20,Jharkhand,10-01-2018 00:00,15088.3314
5675,Garhwa,1,20,Jharkhand,10-01-2018 00:00,15168.80213
5676,Palamu,2,20,Jharkhand,10-01-2018 00:00,15150.85973
5677,Chatra,3,20,Jharkhand,10-01-2018 00:00,15170.39863
5678,Hazaribagh,4,20,Jharkhand,10-01-2018 00:00,15145.91773
5679,Kodarma,5,20,Jharkhand,10-01-2018 00:00,15168.22348
5680,Anugul,15,21,Orissa,10-01-2018 00:00,15075.57022
5681,Bhadrak,9,21,Orissa,10-01-2018 00:00,15105.96036
5682,Baudh,22,21,Orissa,10-01-2018 00:00,15067.36354
5683,Balangir,24,21,Orissa,10-01-2018 00:00,15137.00865
5684,Baleshwar,8,21,Orissa,10-01-2018 00:00,15106.06862
5685,Bargarh,1,21,Orissa,10-01-2018 00:00,15121.98251
5686,Kendrapara,10,21,Orissa,10-01-2018 00:00,15107.85229
5687,Kendujhar,6,21,Orissa,10-01-2018 00:00,15075.2977
5688,Debagarh,4,21,Orissa,10-01-2018 00:00,15079.42924
5689,Cuttack,12,21,Orissa,10-01-2018 00:00,15119.52648
5690,Dhenkanal,14,21,Orissa,10-01-2018 00:00,15112.62014
5691,Kalahandi,26,21,Orissa,10-01-2018 00:00,15074.93931
5692,Ganjam,19,21,Orissa,10-01-2018 00:00,15078.10645
5693,Gajapati,20,21,Orissa,10-01-2018 00:00,15063.05889
5694,Jajapur,13,21,Orissa,10-01-2018 00:00,15146.93373
5695,Jagatsinghapur,11,21,Orissa,10-01-2018 00:00,15103.4968
5696,Jharsuguda,2,21,Orissa,10-01-2018 00:00,15149.56885
5697,Khordha,17,21,Orissa,10-01-2018 00:00,15104.27787
5698,Mayurbhanj,7,21,Orissa,10-01-2018 00:00,15076.69696
5699,Puri,18,21,Orissa,10-01-2018 00:00,15107.26154
5700,Koraput,29,21,Orissa,10-01-2018 00:00,15085.37365
5701,Malkangiri,30,21,Orissa,10-01-2018 00:00,15102.12428
5702,Nabarangapur,28,21,Orissa,10-01-2018 00:00,15145.36309
5703,Nayagarh,16,21,Orissa,10-01-2018 00:00,15063.67599
5704,Nuapada,25,21,Orissa,10-01-2018 00:00,15137.74574
5705,Kandhamal,21,21,Orissa,10-01-2018 00:00,14994.82895
5706,Sambalpur,3,21,Orissa,10-01-2018 00:00,15083.68708
5707,Rayagada,27,21,Orissa,10-01-2018 00:00,15077.05684
5708,Sundargarh,5,21,Orissa,10-01-2018 00:00,15120.25926
5709,Sonapur,23,21,Orissa,10-01-2018 00:00,15092.03393
5710,Bastar,15,22,Chhattisgarh,10-01-2018 00:00,15117.27284
5711,Dantewada,16,22,Chhattisgarh,10-01-2018 00:00,15090.65301
5712,Dhamtari,13,22,Chhattisgarh,10-01-2018 00:00,15105.81303
5713,Durg,10,22,Chhattisgarh,10-01-2018 00:00,15170.07521
5714,Kanker,14,22,Chhattisgarh,10-01-2018 00:00,15128.76214
5715,Jashpur,3,22,Chhattisgarh,10-01-2018 00:00,15162.53075
5716,Koriya,1,22,Chhattisgarh,10-01-2018 00:00,15164.43341
5717,Mahasamund,12,22,Chhattisgarh,10-01-2018 00:00,15142.77384
5718,Raigarh,4,22,Chhattisgarh,10-01-2018 00:00,15157.99181
5719,Raipur,11,22,Chhattisgarh,10-01-2018 00:00,15134.8115
5720,Rajnandgaon,9,22,Chhattisgarh,10-01-2018 00:00,15143.74695
5721,Surguja,2,22,Chhattisgarh,10-01-2018 00:00,15139.07443
5722,Bilaspur,7,22,Chhattisgarh,10-01-2018 00:00,15129.73549
5723,Janjgir - Champa,6,22,Chhattisgarh,10-01-2018 00:00,15111.35863
5724,Korba,5,22,Chhattisgarh,10-01-2018 00:00,15136.37322
5725,Kawardha,8,22,Chhattisgarh,10-01-2018 00:00,15185.13585
5726,Bhind,3,23,Madhya Pradesh,10-01-2018 00:00,15479.41631
5727,Bhopal,32,23,Madhya Pradesh,10-01-2018 00:00,15497.21643
5728,Barwani,28,23,Madhya Pradesh,10-01-2018 00:00,15510.44074
5729,Betul,35,23,Madhya Pradesh,10-01-2018 00:00,15295.56721
5730,Balaghat,45,23,Madhya Pradesh,10-01-2018 00:00,15113.14727
5731,Chhatarpur,9,23,Madhya Pradesh,10-01-2018 00:00,15453.87882
5732,Chhindwara,43,23,Madhya Pradesh,10-01-2018 00:00,15250.91549
5733,Dewas,23,23,Madhya Pradesh,10-01-2018 00:00,15531.16876
5734,Katni,38,23,Madhya Pradesh,10-01-2018 00:00,15249.94282
5735,Datia,5,23,Madhya Pradesh,10-01-2018 00:00,15406.23588
5736,Damoh,12,23,Madhya Pradesh,10-01-2018 00:00,15451.26626
5737,Dhar,25,23,Madhya Pradesh,10-01-2018 00:00,15519.80692
5738,East Nimar,29,23,Madhya Pradesh,10-01-2018 00:00,15381.16323
5739,Guna,7,23,Madhya Pradesh,10-01-2018 00:00,15530.04553
5740,Gwalior,4,23,Madhya Pradesh,10-01-2018 00:00,15409.47022
5741,Harda,36,23,Madhya Pradesh,10-01-2018 00:00,15503.83914
5742,Hoshangabad,37,23,Madhya Pradesh,10-01-2018 00:00,15317.87866
5743,Indore,26,23,Madhya Pradesh,10-01-2018 00:00,15525.89997
5744,Jabalpur,39,23,Madhya Pradesh,10-01-2018 00:00,15274.55434
5745,Jhabua,24,23,Madhya Pradesh,10-01-2018 00:00,15450.87926
5746,Mandsaur,19,23,Madhya Pradesh,10-01-2018 00:00,15534.66521
5747,Tikamgarh,8,23,Madhya Pradesh,10-01-2018 00:00,15498.89152
5748,Narsimhapur,40,23,Madhya Pradesh,10-01-2018 00:00,15329.33327
5749,Neemuch,18,23,Madhya Pradesh,10-01-2018 00:00,15461.53737
5750,Panna,10,23,Madhya Pradesh,10-01-2018 00:00,15368.79889
5751,Raisen,34,23,Madhya Pradesh,10-01-2018 00:00,15344.18121
5752,Rajgarh,30,23,Madhya Pradesh,10-01-2018 00:00,15577.28682
5753,Satna,13,23,Madhya Pradesh,10-01-2018 00:00,15319.47528
5754,Sehore,33,23,Madhya Pradesh,10-01-2018 00:00,15509.75556
5755,Seoni,44,23,Madhya Pradesh,10-01-2018 00:00,15250.86056
5756,Shajapur,22,23,Madhya Pradesh,10-01-2018 00:00,15600.49229
5757,Shivpuri,6,23,Madhya Pradesh,10-01-2018 00:00,15405.99416
5758,Ratlam,20,23,Madhya Pradesh,10-01-2018 00:00,15556.61202
5759,Rewa,14,23,Madhya Pradesh,10-01-2018 00:00,15335.94252
5760,Sagar,11,23,Madhya Pradesh,10-01-2018 00:00,15481.50223
5761,Sidhi,17,23,Madhya Pradesh,10-01-2018 00:00,15236.88012
5762,Ujjain,21,23,Madhya Pradesh,10-01-2018 00:00,15644.877
5763,Vidisha,31,23,Madhya Pradesh,10-01-2018 00:00,15572.82507
5764,West Nimar,27,23,Madhya Pradesh,10-01-2018 00:00,15445.50188
5765,Morena,2,23,Madhya Pradesh,10-01-2018 00:00,15443.65511
5766,Sheopur,1,23,Madhya Pradesh,10-01-2018 00:00,15322.0691
5767,Dindori,41,23,Madhya Pradesh,10-01-2018 00:00,15219.72512
5768,Mandla,42,23,Madhya Pradesh,10-01-2018 00:00,15204.19606
5769,Shahdol,16,23,Madhya Pradesh,10-01-2018 00:00,15240.2844
5770,Umaria,15,23,Madhya Pradesh,10-01-2018 00:00,15223.35254
5771,Anand,15,24,Gujarat,10-01-2018 00:00,15347.69331
5772,Ahmadabad,7,24,Gujarat,10-01-2018 00:00,15616.821
5773,Amreli,13,24,Gujarat,10-01-2018 00:00,15603.25857
5774,Bhavnagar,14,24,Gujarat,10-01-2018 00:00,15615.94424
5775,Banas Kantha,2,24,Gujarat,10-01-2018 00:00,15601.35351
5776,Dohad,18,24,Gujarat,10-01-2018 00:00,15349.55105
5777,Junagadh,12,24,Gujarat,10-01-2018 00:00,15445.76742
5778,Kachchh,1,24,Gujarat,10-01-2018 00:00,15890.82794
5779,Gandhinagar,6,24,Gujarat,10-01-2018 00:00,15436.60561
5780,Jamnagar,10,24,Gujarat,10-01-2018 00:00,15681.46195
5781,Kheda,16,24,Gujarat,10-01-2018 00:00,15379.12469
5782,Mahesana,4,24,Gujarat,10-01-2018 00:00,15515.33308
5783,Narmada,20,24,Gujarat,10-01-2018 00:00,15353.47068
5784,Navsari,24,24,Gujarat,10-01-2018 00:00,15312.33185
5785,Panch Mahals,17,24,Gujarat,10-01-2018 00:00,15306.74005
5786,Patan,3,24,Gujarat,10-01-2018 00:00,15766.19718
5787,Porbandar,11,24,Gujarat,10-01-2018 00:00,15624.28737
5788,Rajkot,9,24,Gujarat,10-01-2018 00:00,15617.47126
5789,Sabar Kantha,5,24,Gujarat,10-01-2018 00:00,15363.81234
5790,Surendranagar,8,24,Gujarat,10-01-2018 00:00,15689.50677
5791,The Dangs,23,24,Gujarat,10-01-2018 00:00,15220.84399
5792,Vadodara,19,24,Gujarat,10-01-2018 00:00,15355.19465
5793,Valsad,25,24,Gujarat,10-01-2018 00:00,15308.68047
5794,Bharuch,21,24,Gujarat,10-01-2018 00:00,15514.66502
5795,Surat,22,24,Gujarat,10-01-2018 00:00,15354.54681
5796,Daman,2,25,Daman & Diu,10-01-2018 00:00,15317.12347
5797,Diu,1,25,Daman & Diu,10-01-2018 00:00,15363.31899
5798,Aurangabad,19,27,Maharashtra,10-01-2018 00:00,15591.01149
5799,Ahmadnagar,26,27,Maharashtra,10-01-2018 00:00,15603.79365
5800,Akola,5,27,Maharashtra,10-01-2018 00:00,15481.43319
5801,Amravati,7,27,Maharashtra,10-01-2018 00:00,15336.11928
5802,Bid,27,27,Maharashtra,10-01-2018 00:00,15647.31236
5803,Bhandara,10,27,Maharashtra,10-01-2018 00:00,15163.28479
5804,Buldana,4,27,Maharashtra,10-01-2018 00:00,15549.84632
5805,Chandrapur,13,27,Maharashtra,10-01-2018 00:00,15233.41931
5806,Dhule,2,27,Maharashtra,10-01-2018 00:00,15655.77021
5807,Gadchiroli,12,27,Maharashtra,10-01-2018 00:00,15120.95821
5808,Gondiya,11,27,Maharashtra,10-01-2018 00:00,15124.86831
5809,Hingoli,16,27,Maharashtra,10-01-2018 00:00,15524.67821
5810,Jalgaon,3,27,Maharashtra,10-01-2018 00:00,15524.03264
5811,Jalna,18,27,Maharashtra,10-01-2018 00:00,15602.97734
5812,Kolhapur,34,27,Maharashtra,10-01-2018 00:00,15158.94054
5813,Latur,28,27,Maharashtra,10-01-2018 00:00,15550.9098
5814,Pune,25,27,Maharashtra,10-01-2018 00:00,15381.90402
5815,Nagpur,9,27,Maharashtra,10-01-2018 00:00,15259.67293
5816,Mumbai,23,27,Maharashtra,10-01-2018 00:00,15368.43542
5817,Mumbai (Suburban),22,27,Maharashtra,10-01-2018 00:00,15353.81691
5818,Nanded,15,27,Maharashtra,10-01-2018 00:00,15449.36647
5819,Nandurbar,1,27,Maharashtra,10-01-2018 00:00,15476.43222
5820,Nashik,20,27,Maharashtra,10-01-2018 00:00,15509.96467
5821,Osmanabad,29,27,Maharashtra,10-01-2018 00:00,15570.55485
5822,Parbhani,17,27,Maharashtra,10-01-2018 00:00,15534.57474
5823,Sangli,35,27,Maharashtra,10-01-2018 00:00,15447.35548
5824,Satara,31,27,Maharashtra,10-01-2018 00:00,15336.53985
5825,Ratnagiri,32,27,Maharashtra,10-01-2018 00:00,15187.29581
5826,Raigarh,24,27,Maharashtra,10-01-2018 00:00,15208.41548
5827,Thane,21,27,Maharashtra,10-01-2018 00:00,15305.30256
5828,Solapur,30,27,Maharashtra,10-01-2018 00:00,15569.34911
5829,Sindhudurg,33,27,Maharashtra,10-01-2018 00:00,15192.04826
5830,Wardha,8,27,Maharashtra,10-01-2018 00:00,15331.54277
5831,Washim,6,27,Maharashtra,10-01-2018 00:00,15511.89323
5832,Yavatmal,14,27,Maharashtra,10-01-2018 00:00,15395.58833
5833,Anantapur,22,28,Andhra Pradesh,10-01-2018 00:00,15461.7619
5834,Adilabad,1,28,Andhra Pradesh,10-01-2018 00:00,15253.85258
5835,Chittoor,23,28,Andhra Pradesh,10-01-2018 00:00,15247.08392
5836,Cuddapah,20,28,Andhra Pradesh,10-01-2018 00:00,15422.41187
5837,East Godavari,14,28,Andhra Pradesh,10-01-2018 00:00,15108.51118
5838,Karimnagar,3,28,Andhra Pradesh,10-01-2018 00:00,15230.4975
5839,Guntur,17,28,Andhra Pradesh,10-01-2018 00:00,15324.57335
5840,Hyderabad,5,28,Andhra Pradesh,10-01-2018 00:00,15351.35586
5841,Khammam,10,28,Andhra Pradesh,10-01-2018 00:00,15206.29372
5842,Medak,4,28,Andhra Pradesh,10-01-2018 00:00,15340.84294
5843,Krishna,16,28,Andhra Pradesh,10-01-2018 00:00,15198.33557
5844,Kurnool,21,28,Andhra Pradesh,10-01-2018 00:00,15447.97725
5845,Mahbubnagar,7,28,Andhra Pradesh,10-01-2018 00:00,15367.54746
5846,Nalgonda,8,28,Andhra Pradesh,10-01-2018 00:00,15338.27851
5847,Nellore,19,28,Andhra Pradesh,10-01-2018 00:00,15441.27836
5848,Nizamabad,2,28,Andhra Pradesh,10-01-2018 00:00,15254.61514
5849,Prakasam,18,28,Andhra Pradesh,10-01-2018 00:00,15438.55129
5850,Rangareddi,6,28,Andhra Pradesh,10-01-2018 00:00,15351.97277
5851,Srikakulam,11,28,Andhra Pradesh,10-01-2018 00:00,15156.77671
5852,West Godavari,15,28,Andhra Pradesh,10-01-2018 00:00,15182.38438
5853,Visakhapatnam,13,28,Andhra Pradesh,10-01-2018 00:00,15083.30004
5854,Vizianagaram,12,28,Andhra Pradesh,10-01-2018 00:00,15158.10638
5855,Warangal,9,28,Andhra Pradesh,10-01-2018 00:00,15247.99866
5856,Bagalkot,2,29,Karnataka,10-01-2018 00:00,15473.83629
5857,Bangalore,20,29,Karnataka,10-01-2018 00:00,15124.2469
5858,Bidar,5,29,Karnataka,10-01-2018 00:00,15485.63551
5859,Bijapur,3,29,Karnataka,10-01-2018 00:00,15586.96337
5860,Belgaum,1,29,Karnataka,10-01-2018 00:00,15326.28675
5861,Bellary,12,29,Karnataka,10-01-2018 00:00,15357.37765
5862,Bangalore Rural,21,29,Karnataka,10-01-2018 00:00,15104.92491
5863,Chamarajanagar,27,29,Karnataka,10-01-2018 00:00,15084.28849
5864,Chikmagalur,17,29,Karnataka,10-01-2018 00:00,15019.84087
5865,Chitradurga,13,29,Karnataka,10-01-2018 00:00,15356.24778
5866,Dakshina Kannada,24,29,Karnataka,10-01-2018 00:00,15132.79011
5867,Davanagere,14,29,Karnataka,10-01-2018 00:00,15221.1136
5868,Dharwad,9,29,Karnataka,10-01-2018 00:00,15452.72524
5869,Gulbarga,4,29,Karnataka,10-01-2018 00:00,15449.82265
5870,Gadag,8,29,Karnataka,10-01-2018 00:00,15590.91818
5871,Hassan,23,29,Karnataka,10-01-2018 00:00,15058.86567
5872,Haveri,11,29,Karnataka,10-01-2018 00:00,15261.14898
5873,Kodagu,25,29,Karnataka,10-01-2018 00:00,14961.53227
5874,Kolar,19,29,Karnataka,10-01-2018 00:00,15234.84102
5875,Mandya,22,29,Karnataka,10-01-2018 00:00,15093.96348
5876,Koppal,7,29,Karnataka,10-01-2018 00:00,15469.9456
5877,Mysore,26,29,Karnataka,10-01-2018 00:00,15095.36367
5878,Raichur,6,29,Karnataka,10-01-2018 00:00,15456.97332
5879,Shimoga,15,29,Karnataka,10-01-2018 00:00,15043.40439
5880,Tumkur,18,29,Karnataka,10-01-2018 00:00,15230.46865
5881,Udupi,16,29,Karnataka,10-01-2018 00:00,15167.6269
5882,Uttara Kannada,10,29,Karnataka,10-01-2018 00:00,15034.81979
5883,North Goa,1,30,Goa,10-01-2018 00:00,15178.79548
5884,South Goa,2,30,Goa,10-01-2018 00:00,15139.94648
5885,Alappuzha,11,32,Kerala,10-01-2018 00:00,15114.96158
5886,Kasaragod,1,32,Kerala,10-01-2018 00:00,15171.04938
5887,Kannur,2,32,Kerala,10-01-2018 00:00,15158.21259
5888,Ernakulam,8,32,Kerala,10-01-2018 00:00,15164.65663
5889,Idukki,9,32,Kerala,10-01-2018 00:00,14928.62908
5890,Kollam,13,32,Kerala,10-01-2018 00:00,15082.14
5891,Kottayam,10,32,Kerala,10-01-2018 00:00,15145.61275
5892,Kozhikode,4,32,Kerala,10-01-2018 00:00,15123.59402
5893,Malappuram,5,32,Kerala,10-01-2018 00:00,15115.26127
5894,Palakkad,6,32,Kerala,10-01-2018 00:00,15069.91019
5895,Pathanamthitta,12,32,Kerala,10-01-2018 00:00,15034.99506
5896,Thrissur,7,32,Kerala,10-01-2018 00:00,15127.7121
5897,Thiruvananthapuram,14,32,Kerala,10-01-2018 00:00,15098.68287
5898,Wayanad,3,32,Kerala,10-01-2018 00:00,14971.22844
5899,Ariyalur,17,33,Tamil Nadu,10-01-2018 00:00,15324.59684
5900,Coimbatore,12,33,Tamil Nadu,10-01-2018 00:00,15212.48203
5901,Cuddalore,18,33,Tamil Nadu,10-01-2018 00:00,15229.63165
5902,Dharmapuri,5,33,Tamil Nadu,10-01-2018 00:00,15193.6076
5903,Dindigul,13,33,Tamil Nadu,10-01-2018 00:00,15220.11028
5904,Erode,10,33,Tamil Nadu,10-01-2018 00:00,15244.75026
5905,Kanniyakumari,30,33,Tamil Nadu,10-01-2018 00:00,15100.59025
5906,Karur,14,33,Tamil Nadu,10-01-2018 00:00,15455.63891
5907,Madurai,24,33,Tamil Nadu,10-01-2018 00:00,15284.41037
5908,Namakkal,9,33,Tamil Nadu,10-01-2018 00:00,15312.85546
5909,The Nilgiris,11,33,Tamil Nadu,10-01-2018 00:00,14861.51021
5910,Perambalur,16,33,Tamil Nadu,10-01-2018 00:00,15495.01465
5911,Pudukkottai,22,33,Tamil Nadu,10-01-2018 00:00,15312.93145
5912,Ramanathapuram,27,33,Tamil Nadu,10-01-2018 00:00,15380.38653
5913,Salem,8,33,Tamil Nadu,10-01-2018 00:00,15269.13584
5914,Sivaganga,23,33,Tamil Nadu,10-01-2018 00:00,15372.69521
5915,Tiruchirappalli,15,33,Tamil Nadu,10-01-2018 00:00,15413.21598
5916,Tirunelveli,29,33,Tamil Nadu,10-01-2018 00:00,15277.76978
5917,Tiruvannamalai,6,33,Tamil Nadu,10-01-2018 00:00,15246.59171
5918,Thoothukkudi,28,33,Tamil Nadu,10-01-2018 00:00,15493.53865
5919,Theni,25,33,Tamil Nadu,10-01-2018 00:00,15112.00778
5920,Vellore,4,33,Tamil Nadu,10-01-2018 00:00,15214.30504
5921,Viluppuram,7,33,Tamil Nadu,10-01-2018 00:00,15297.44069
5922,Virudhunagar,26,33,Tamil Nadu,10-01-2018 00:00,15422.31264
5923,Chennai,2,33,Tamil Nadu,10-01-2018 00:00,15434.07314
5924,Kancheepuram,3,33,Tamil Nadu,10-01-2018 00:00,15251.91925
5925,Thiruvallur,1,33,Tamil Nadu,10-01-2018 00:00,15296.07805
5926,Thanjavur,21,33,Tamil Nadu,10-01-2018 00:00,15215.02839
5927,Thiruvarur,20,33,Tamil Nadu,10-01-2018 00:00,15200.98797
5928,Nagapattinam,19,33,Tamil Nadu,10-01-2018 00:00,15215.77182
5929,Pondicherry,2,34,Puducherry,10-01-2018 00:00,15220.93846
5930,Yanam,1,34,Puducherry,10-01-2018 00:00,15119.97859
5931,Karaikal,4,34,Puducherry,10-01-2018 00:00,15242.53032
5932,Mahe,3,34,Puducherry,10-01-2018 00:00,15163.01665
5933,Nicobars,2,35,Andaman & Nicobar Island,10-01-2018 00:00,14899.95595
5934,Andamans,1,35,Andaman & Nicobar Island,10-01-2018 00:00,14917.01265
5935,Lakshadweep,1,31,Lakshadweep,11-01-2018 00:00,15009.84649
5936,Chandigarh,1,4,Chandigarh,11-01-2018 00:00,14895.91665
5937,Dadra & Nagar Haveli,1,26,Dadara & Nagar Havelli,11-01-2018 00:00,15341.86931
5938,Data Not Available,99,99,Jammu and Kashmir,11-01-2018 00:00,13431.10307
5939,Srinagar,3,1,Jammu and Kashmir,11-01-2018 00:00,13741.04541
5940,Udhampur,10,1,Jammu and Kashmir,11-01-2018 00:00,14466.00419
5941,Jammu,13,1,Jammu and Kashmir,11-01-2018 00:00,14812.39837
5942,Kargil,8,1,Jammu and Kashmir,11-01-2018 00:00,13406.33946
5943,Kathua,14,1,Jammu and Kashmir,11-01-2018 00:00,14686.61491
5944,Leh (Ladakh),7,1,Jammu and Kashmir,11-01-2018 00:00,13580.13892
5945,Kupwara,1,1,Jammu and Kashmir,11-01-2018 00:00,13966.31119
5946,Punch,11,1,Jammu and Kashmir,11-01-2018 00:00,14388.37682
5947,Pulwama,5,1,Jammu and Kashmir,11-01-2018 00:00,14150.54844
5948,Rajauri,12,1,Jammu and Kashmir,11-01-2018 00:00,14596.44223
5949,Anantnag,6,1,Jammu and Kashmir,11-01-2018 00:00,13769.14159
5950,Badgam,4,1,Jammu and Kashmir,11-01-2018 00:00,13986.78632
5951,Baramula,2,1,Jammu and Kashmir,11-01-2018 00:00,13833.08036
5952,Doda,9,1,Jammu and Kashmir,11-01-2018 00:00,13705.17406
5953,Shimla,11,2,Himachal Pradesh,11-01-2018 00:00,14351.94204
5954,Sirmaur,10,2,Himachal Pradesh,11-01-2018 00:00,14661.2898
5955,Solan,9,2,Himachal Pradesh,11-01-2018 00:00,14681.62948
5956,Una,7,2,Himachal Pradesh,11-01-2018 00:00,14773.67891
5957,Kangra,2,2,Himachal Pradesh,11-01-2018 00:00,14477.65433
5958,Kinnaur,12,2,Himachal Pradesh,11-01-2018 00:00,13630.97827
5959,Lahul & Spiti,3,2,Himachal Pradesh,11-01-2018 00:00,13344.93632
5960,Kullu,4,2,Himachal Pradesh,11-01-2018 00:00,13894.41823
5961,Mandi,5,2,Himachal Pradesh,11-01-2018 00:00,14505.03555
5962,Bilaspur,8,2,Himachal Pradesh,11-01-2018 00:00,14656.44851
5963,Chamba,1,2,Himachal Pradesh,11-01-2018 00:00,13988.67559
5964,Hamirpur,6,2,Himachal Pradesh,11-01-2018 00:00,14668.73661
5965,Hoshiarpur,5,3,Punjab,11-01-2018 00:00,14835.39504
5966,Rupnagar,7,3,Punjab,11-01-2018 00:00,14898.68947
5967,Jalandhar,4,3,Punjab,11-01-2018 00:00,14976.99097
5968,Kapurthala,3,3,Punjab,11-01-2018 00:00,14961.27579
5969,Ludhiana,9,3,Punjab,11-01-2018 00:00,15022.40695
5970,Mansa,15,3,Punjab,11-01-2018 00:00,15121.56721
5971,Moga,10,3,Punjab,11-01-2018 00:00,15119.70102
5972,Muktsar,12,3,Punjab,11-01-2018 00:00,15129.20761
5973,Nawanshahr,6,3,Punjab,11-01-2018 00:00,14933.10512
5974,Patiala,17,3,Punjab,11-01-2018 00:00,15049.54843
5975,Sangrur,16,3,Punjab,11-01-2018 00:00,15127.61462
5976,Amritsar,2,3,Punjab,11-01-2018 00:00,14941.35571
5977,Firozpur,11,3,Punjab,11-01-2018 00:00,15086.0655
5978,Bathinda,14,3,Punjab,11-01-2018 00:00,15126.04116
5979,Gurdaspur,1,3,Punjab,11-01-2018 00:00,14861.53091
5980,Faridkot,13,3,Punjab,11-01-2018 00:00,15143.62276
5981,Fatehgarh Sahib,8,3,Punjab,11-01-2018 00:00,15029.65049
5982,Hardwar,13,5,Uttarakhand,11-01-2018 00:00,14836.61261
5983,Rudraprayag,3,5,Uttarakhand,11-01-2018 00:00,14267.99488
5984,Tehri Garhwal,4,5,Uttarakhand,11-01-2018 00:00,14442.60895
5985,Udham Singh Nagar,12,5,Uttarakhand,11-01-2018 00:00,14947.34165
5986,Uttarkashi,1,5,Uttarakhand,11-01-2018 00:00,13942.24909
5987,Nainital,11,5,Uttarakhand,11-01-2018 00:00,14730.10046
5988,Pithoragarh,7,5,Uttarakhand,11-01-2018 00:00,14092.96609
5989,Bageshwar,8,5,Uttarakhand,11-01-2018 00:00,14376.37068
5990,Almora,9,5,Uttarakhand,11-01-2018 00:00,14643.95213
5991,Chamoli,2,5,Uttarakhand,11-01-2018 00:00,13958.41492
5992,Champawat,10,5,Uttarakhand,11-01-2018 00:00,14631.99685
5993,Dehradun,5,5,Uttarakhand,11-01-2018 00:00,14672.14013
5994,Garhwal,6,5,Uttarakhand,11-01-2018 00:00,14625.55611
5995,Hisar,12,6,Haryana,11-01-2018 00:00,15061.24232
5996,Rohtak,14,6,Haryana,11-01-2018 00:00,14977.21512
5997,Sirsa,11,6,Haryana,11-01-2018 00:00,15122.09393
5998,Sonipat,8,6,Haryana,11-01-2018 00:00,15020.58505
5999,Yamunanagar,3,6,Haryana,11-01-2018 00:00,14916.63843
6000,Jhajjar,15,6,Haryana,11-01-2018 00:00,15056.13564
6001,Mahendragarh,16,6,Haryana,11-01-2018 00:00,15197.41435
6002,Rewari,17,6,Haryana,11-01-2018 00:00,15138.29846
6003,Bhiwani,13,6,Haryana,11-01-2018 00:00,15145.16713
6004,Jind,9,6,Haryana,11-01-2018 00:00,15033.17708
6005,Kaithal,5,6,Haryana,11-01-2018 00:00,15040.52682
6006,Karnal,6,6,Haryana,11-01-2018 00:00,15033.38293
6007,Kurukshetra,4,6,Haryana,11-01-2018 00:00,14970.02885
6008,Panchkula,1,6,Haryana,11-01-2018 00:00,14845.74472
6009,Panipat,7,6,Haryana,11-01-2018 00:00,15017.23691
6010,Ambala,2,6,Haryana,11-01-2018 00:00,14958.46055
6011,Gurgaon,18,6,Haryana,11-01-2018 00:00,15072.78888
6012,Faridabad,19,6,Haryana,11-01-2018 00:00,15056.78887
6013,Fatehabad,10,6,Haryana,11-01-2018 00:00,15109.20784
6014,Central,6,7,Delhi  & NCR,11-01-2018 00:00,14981.41856
6015,East,4,7,Delhi  & NCR,11-01-2018 00:00,14990.18202
6016,New Delhi,5,7,Delhi  & NCR,11-01-2018 00:00,14942.88705
6017,North,2,7,Delhi  & NCR,11-01-2018 00:00,14974.29626
6018,North East,3,7,Delhi  & NCR,11-01-2018 00:00,14988.66184
6019,North West,1,7,Delhi  & NCR,11-01-2018 00:00,15032.28744
6020,South,9,7,Delhi  & NCR,11-01-2018 00:00,14949.90697
6021,South West,8,7,Delhi  & NCR,11-01-2018 00:00,14994.86192
6022,West,7,7,Delhi  & NCR,11-01-2018 00:00,15011.86432
6023,Sirohi,19,8,Rajasthan,11-01-2018 00:00,15380.54612
6024,Tonk,22,8,Rajasthan,11-01-2018 00:00,15283.63829
6025,Sikar,13,8,Rajasthan,11-01-2018 00:00,15270.0502
6026,Alwar,6,8,Rajasthan,11-01-2018 00:00,15152.17889
6027,Udaipur,26,8,Rajasthan,11-01-2018 00:00,15238.22082
6028,Ganganagar,1,8,Rajasthan,11-01-2018 00:00,15232.25496
6029,Hanumangarh,2,8,Rajasthan,11-01-2018 00:00,15232.76299
6030,Baran,31,8,Rajasthan,11-01-2018 00:00,15257.12354
6031,Jaipur,12,8,Rajasthan,11-01-2018 00:00,15267.712
6032,Jaisalmer,16,8,Rajasthan,11-01-2018 00:00,15605.45999
6033,Jalor,18,8,Rajasthan,11-01-2018 00:00,15502.24431
6034,Jhalawar,32,8,Rajasthan,11-01-2018 00:00,15279.42792
6035,Jhunjhunun,5,8,Rajasthan,11-01-2018 00:00,15273.02561
6036,Jodhpur,15,8,Rajasthan,11-01-2018 00:00,15497.16899
6037,Kota,30,8,Rajasthan,11-01-2018 00:00,15243.59426
6038,Nagaur,14,8,Rajasthan,11-01-2018 00:00,15392.61042
6039,Pali,20,8,Rajasthan,11-01-2018 00:00,15424.52284
6040,Rajsamand,25,8,Rajasthan,11-01-2018 00:00,15218.0298
6041,Sawai Madhopur,10,8,Rajasthan,11-01-2018 00:00,15200.96355
6042,Ajmer,21,8,Rajasthan,11-01-2018 00:00,15323.88312
6043,Banswara,28,8,Rajasthan,11-01-2018 00:00,15343.60024
6044,Barmer,17,8,Rajasthan,11-01-2018 00:00,15572.95397
6045,Bhilwara,24,8,Rajasthan,11-01-2018 00:00,15251.14045
6046,Bikaner,3,8,Rajasthan,11-01-2018 00:00,15471.89386
6047,Bharatpur,7,8,Rajasthan,11-01-2018 00:00,15177.95865
6048,Bundi,23,8,Rajasthan,11-01-2018 00:00,15245.83025
6049,Chittaurgarh,29,8,Rajasthan,11-01-2018 00:00,15233.08866
6050,Churu,4,8,Rajasthan,11-01-2018 00:00,15380.93735
6051,Dausa,11,8,Rajasthan,11-01-2018 00:00,15228.45111
6052,Dhaulpur,8,8,Rajasthan,11-01-2018 00:00,15201.69606
6053,Dungarpur,27,8,Rajasthan,11-01-2018 00:00,15287.62916
6054,Karauli,9,8,Rajasthan,11-01-2018 00:00,15203.17627
6055,Hathras,13,9,Uttar Pradesh,11-01-2018 00:00,15073.13686
6056,Shrawasti,51,9,Uttar Pradesh,11-01-2018 00:00,15039.96193
6057,Saharanpur,1,9,Uttar Pradesh,11-01-2018 00:00,14879.21445
6058,Sitapur,24,9,Uttar Pradesh,11-01-2018 00:00,14997.51738
6059,Sultanpur,49,9,Uttar Pradesh,11-01-2018 00:00,15083.49279
6060,Sonbhadra,70,9,Uttar Pradesh,11-01-2018 00:00,15081.18744
6061,Siddharthnagar,54,9,Uttar Pradesh,11-01-2018 00:00,15101.19808
6062,Unnao,26,9,Uttar Pradesh,11-01-2018 00:00,15080.59975
6063,Varanasi,67,9,Uttar Pradesh,11-01-2018 00:00,15120.39113
6064,Bulandshahr,11,9,Uttar Pradesh,11-01-2018 00:00,14994.55819
6065,Gautam Buddha Nagar,10,9,Uttar Pradesh,11-01-2018 00:00,15048.45984
6066,Ghaziabad,9,9,Uttar Pradesh,11-01-2018 00:00,14973.75582
6067,Jalaun,35,9,Uttar Pradesh,11-01-2018 00:00,15184.9717
6068,Jaunpur,64,9,Uttar Pradesh,11-01-2018 00:00,15110.13914
6069,Jhansi,36,9,Uttar Pradesh,11-01-2018 00:00,15220.27342
6070,Jyotiba Phule Nagar,6,9,Uttar Pradesh,11-01-2018 00:00,14902.31903
6071,Kannauj,30,9,Uttar Pradesh,11-01-2018 00:00,15050.00232
6072,Kanpur Nagar,34,9,Uttar Pradesh,11-01-2018 00:00,15086.42291
6073,Kaushambi,44,9,Uttar Pradesh,11-01-2018 00:00,15121.41745
6074,Kheri,23,9,Uttar Pradesh,11-01-2018 00:00,14940.01559
6075,Mirzapur,69,9,Uttar Pradesh,11-01-2018 00:00,15146.04266
6076,Moradabad,4,9,Uttar Pradesh,11-01-2018 00:00,14926.68558
6077,Muzaffarnagar,2,9,Uttar Pradesh,11-01-2018 00:00,14861.5791
6078,Rae Bareli,28,9,Uttar Pradesh,11-01-2018 00:00,15080.25362
6079,Kushinagar,59,9,Uttar Pradesh,11-01-2018 00:00,15053.07014
6080,Lucknow,27,9,Uttar Pradesh,11-01-2018 00:00,15060.11022
6081,Lalitpur,37,9,Uttar Pradesh,11-01-2018 00:00,15254.70901
6082,Mahrajganj,57,9,Uttar Pradesh,11-01-2018 00:00,15076.38763
6083,Mahoba,39,9,Uttar Pradesh,11-01-2018 00:00,15266.45474
6084,Mainpuri,18,9,Uttar Pradesh,11-01-2018 00:00,15063.12667
6085,Mathura,14,9,Uttar Pradesh,11-01-2018 00:00,15098.05954
6086,Mau,62,9,Uttar Pradesh,11-01-2018 00:00,15090.21153
6087,Meerut,7,9,Uttar Pradesh,11-01-2018 00:00,14895.6811
6088,Pilibhit,21,9,Uttar Pradesh,11-01-2018 00:00,14950.85968
6089,Pratapgarh,43,9,Uttar Pradesh,11-01-2018 00:00,15097.96993
6090,Rampur,5,9,Uttar Pradesh,11-01-2018 00:00,14948.73166
6091,Sant Ravidas Nagar Bhadohi,68,9,Uttar Pradesh,11-01-2018 00:00,15104.90621
6092,Sant Kabir Nagar,56,9,Uttar Pradesh,11-01-2018 00:00,15090.56597
6093,Shahjahanpur,22,9,Uttar Pradesh,11-01-2018 00:00,15007.78906
6094,Auraiya,32,9,Uttar Pradesh,11-01-2018 00:00,15087.02644
6095,Azamgarh,61,9,Uttar Pradesh,11-01-2018 00:00,15088.1095
6096,Budaun,19,9,Uttar Pradesh,11-01-2018 00:00,15007.09023
6097,Agra,15,9,Uttar Pradesh,11-01-2018 00:00,15123.59074
6098,Aligarh,12,9,Uttar Pradesh,11-01-2018 00:00,15045.76145
6099,Allahabad,45,9,Uttar Pradesh,11-01-2018 00:00,15117.07004
6100,Ambedkar Nagar,48,9,Uttar Pradesh,11-01-2018 00:00,15066.26419
6101,Bareilly,20,9,Uttar Pradesh,11-01-2018 00:00,14954.06313
6102,Bijnor,3,9,Uttar Pradesh,11-01-2018 00:00,14859.60395
6103,Basti,55,9,Uttar Pradesh,11-01-2018 00:00,15063.8823
6104,Baghpat,8,9,Uttar Pradesh,11-01-2018 00:00,14924.48803
6105,Bahraich,50,9,Uttar Pradesh,11-01-2018 00:00,15001.06412
6106,Ballia,63,9,Uttar Pradesh,11-01-2018 00:00,15098.84899
6107,Balrampur,52,9,Uttar Pradesh,11-01-2018 00:00,15032.9611
6108,Banda,40,9,Uttar Pradesh,11-01-2018 00:00,15172.04133
6109,Barabanki,46,9,Uttar Pradesh,11-01-2018 00:00,15055.47689
6110,Chitrakoot,41,9,Uttar Pradesh,11-01-2018 00:00,15180.73529
6111,Chandauli,66,9,Uttar Pradesh,11-01-2018 00:00,15058.62401
6112,Deoria,60,9,Uttar Pradesh,11-01-2018 00:00,15116.10735
6113,Etah,17,9,Uttar Pradesh,11-01-2018 00:00,15037.23426
6114,Kanpur Dehat,33,9,Uttar Pradesh,11-01-2018 00:00,15114.16411
6115,Etawah,31,9,Uttar Pradesh,11-01-2018 00:00,15079.27786
6116,Faizabad,47,9,Uttar Pradesh,11-01-2018 00:00,15048.5406
6117,Ghazipur,65,9,Uttar Pradesh,11-01-2018 00:00,15096.43058
6118,Gonda,53,9,Uttar Pradesh,11-01-2018 00:00,15040.77834
6119,Gorakhpur,58,9,Uttar Pradesh,11-01-2018 00:00,15101.05367
6120,Farrukhabad,29,9,Uttar Pradesh,11-01-2018 00:00,15028.14828
6121,Fatehpur,42,9,Uttar Pradesh,11-01-2018 00:00,15124.73183
6122,Firozabad,16,9,Uttar Pradesh,11-01-2018 00:00,15076.68175
6123,Hamirpur,38,9,Uttar Pradesh,11-01-2018 00:00,15222.89209
6124,Hardoi,25,9,Uttar Pradesh,11-01-2018 00:00,15051.47828
6125,Sheikhpura,26,10,Bihar,11-01-2018 00:00,15112.21361
6126,Sheohar,3,10,Bihar,11-01-2018 00:00,15064.16247
6127,Saharsa,12,10,Bihar,11-01-2018 00:00,15044.57671
6128,Sitamarhi,4,10,Bihar,11-01-2018 00:00,15050.83808
6129,Siwan,16,10,Bihar,11-01-2018 00:00,15093.49586
6130,Supaul,6,10,Bihar,11-01-2018 00:00,15040.03052
6131,Vaishali,18,10,Bihar,11-01-2018 00:00,15099.06631
6132,Kaimur (Bhabua),31,10,Bihar,11-01-2018 00:00,15061.30656
6133,Gaya,35,10,Bihar,11-01-2018 00:00,15109.72671
6134,Bhojpur,29,10,Bihar,11-01-2018 00:00,15064.06103
6135,Buxar,30,10,Bihar,11-01-2018 00:00,15052.1645
6136,Jehanabad,33,10,Bihar,11-01-2018 00:00,15056.08173
6137,Rohtas,32,10,Bihar,11-01-2018 00:00,15019.0397
6138,Jamui,37,10,Bihar,11-01-2018 00:00,15115.92238
6139,Kishanganj,8,10,Bihar,11-01-2018 00:00,15095.25434
6140,Muzaffarpur,14,10,Bihar,11-01-2018 00:00,15089.05933
6141,Purnia,9,10,Bihar,11-01-2018 00:00,15107.30061
6142,Khagaria,21,10,Bihar,11-01-2018 00:00,15105.62159
6143,Madhubani,5,10,Bihar,11-01-2018 00:00,15045.43149
6144,Lakhisarai,25,10,Bihar,11-01-2018 00:00,15091.96395
6145,Madhepura,11,10,Bihar,11-01-2018 00:00,15080.7739
6146,Purba Champaran,2,10,Bihar,11-01-2018 00:00,15080.6228
6147,Munger,24,10,Bihar,11-01-2018 00:00,15055.22278
6148,Nalanda,27,10,Bihar,11-01-2018 00:00,15098.49693
6149,Nawada,36,10,Bihar,11-01-2018 00:00,15096.96856
6150,Pashchim Champaran,1,10,Bihar,11-01-2018 00:00,15020.83685
6151,Patna,28,10,Bihar,11-01-2018 00:00,15090.47664
6152,Samastipur,19,10,Bihar,11-01-2018 00:00,15124.81633
6153,Araria,7,10,Bihar,11-01-2018 00:00,15059.92399
6154,Aurangabad,34,10,Bihar,11-01-2018 00:00,15035.99938
6155,Banka,23,10,Bihar,11-01-2018 00:00,15088.0737
6156,Bhagalpur,22,10,Bihar,11-01-2018 00:00,15106.58647
6157,Begusarai,20,10,Bihar,11-01-2018 00:00,15143.29447
6158,Saran,17,10,Bihar,11-01-2018 00:00,15108.58126
6159,Katihar,10,10,Bihar,11-01-2018 00:00,15111.02972
6160,Darbhanga,13,10,Bihar,11-01-2018 00:00,15096.12364
6161,Gopalganj,15,10,Bihar,11-01-2018 00:00,15096.21972
6162,South,3,11,Sikkim,11-01-2018 00:00,14516.77979
6163,West,2,11,Sikkim,11-01-2018 00:00,14366.98066
6164,North,1,11,Sikkim,11-01-2018 00:00,14066.53768
6165,East,4,11,Sikkim,11-01-2018 00:00,14427.347
6166,Tawang,1,12,Arunanchal Pradesh,11-01-2018 00:00,14196.61737
6167,Tirap,13,12,Arunanchal Pradesh,11-01-2018 00:00,14678.61878
6168,West Kameng,2,12,Arunanchal Pradesh,11-01-2018 00:00,14421.03207
6169,West Siang,7,12,Arunanchal Pradesh,11-01-2018 00:00,14400.18417
6170,Upper Siang,9,12,Arunanchal Pradesh,11-01-2018 00:00,14229.63496
6171,Upper Subansiri,6,12,Arunanchal Pradesh,11-01-2018 00:00,14262.56889
6172,Lohit,11,12,Arunanchal Pradesh,11-01-2018 00:00,14324.4489
6173,Lower Subansiri,5,12,Arunanchal Pradesh,11-01-2018 00:00,14347.29946
6174,Papum Pare,4,12,Arunanchal Pradesh,11-01-2018 00:00,14579.87416
6175,Changlang,12,12,Arunanchal Pradesh,11-01-2018 00:00,14621.05078
6176,Dibang Valley,10,12,Arunanchal Pradesh,11-01-2018 00:00,14149.17664
6177,East Kameng,3,12,Arunanchal Pradesh,11-01-2018 00:00,14443.843
6178,East Siang,8,12,Arunanchal Pradesh,11-01-2018 00:00,14668.93908
6179,Tuensang,2,13,Nagaland,11-01-2018 00:00,14573.15815
6180,Wokha,5,13,Nagaland,11-01-2018 00:00,14754.0811
6181,Zunheboto,4,13,Nagaland,11-01-2018 00:00,14606.43182
6182,Dimapur,6,13,Nagaland,11-01-2018 00:00,14857.42637
6183,Kohima,7,13,Nagaland,11-01-2018 00:00,14685.16689
6184,Mokokchung,3,13,Nagaland,11-01-2018 00:00,14734.59435
6185,Mon,1,13,Nagaland,11-01-2018 00:00,14748.01978
6186,Phek,8,13,Nagaland,11-01-2018 00:00,14561.4292
6187,Tamenglong,2,14,Manipur,11-01-2018 00:00,14686.25139
6188,Thoubal,5,14,Manipur,11-01-2018 00:00,14779.42668
6189,Ukhrul,8,14,Manipur,11-01-2018 00:00,14647.7963
6190,Imphal East,7,14,Manipur,11-01-2018 00:00,14829.76089
6191,Imphal West,6,14,Manipur,11-01-2018 00:00,14848.94869
6192,Senapati (Excl. 3 sub-divisions),1,14,Manipur,11-01-2018 00:00,14634.61943
6193,Bishnupur,4,14,Manipur,11-01-2018 00:00,14753.99425
6194,Chandel,9,14,Manipur,11-01-2018 00:00,14708.32465
6195,Churachandpur,3,14,Manipur,11-01-2018 00:00,14701.99872
6196,Kolasib,2,15,Mizoram,11-01-2018 00:00,14833.14527
6197,Mamit,1,15,Mizoram,11-01-2018 00:00,14811.45583
6198,Lunglei,6,15,Mizoram,11-01-2018 00:00,14763.10544
6199,Lawngtlai,7,15,Mizoram,11-01-2018 00:00,14830.06872
6200,Saiha,8,15,Mizoram,11-01-2018 00:00,14717.77042
6201,Serchhip,5,15,Mizoram,11-01-2018 00:00,14692.60893
6202,Aizawl,3,15,Mizoram,11-01-2018 00:00,14750.87393
6203,Champhai,4,15,Mizoram,11-01-2018 00:00,14662.64807
6204,South Tripura,2,16,Tripura,11-01-2018 00:00,14951.0551
6205,West Tripura,1,16,Tripura,11-01-2018 00:00,14969.04069
6206,North Tripura,4,16,Tripura,11-01-2018 00:00,14909.64932
6207,Dhalai,3,16,Tripura,11-01-2018 00:00,14906.3775
6208,Ri Bhoi,5,17,Meghalaya,11-01-2018 00:00,14795.99398
6209,South Garo Hills,3,17,Meghalaya,11-01-2018 00:00,14869.44311
6210,West Garo Hills,1,17,Meghalaya,11-01-2018 00:00,14919.16471
6211,West Khasi Hills,4,17,Meghalaya,11-01-2018 00:00,14741.53728
6212,Jaintia Hills,7,17,Meghalaya,11-01-2018 00:00,14779.86037
6213,East Garo Hills,2,17,Meghalaya,11-01-2018 00:00,14844.57993
6214,East Khasi Hills,6,17,Meghalaya,11-01-2018 00:00,14739.51728
6215,Sonitpur,11,18,Assam,11-01-2018 00:00,14949.94525
6216,Sibsagar,16,18,Assam,11-01-2018 00:00,14903.58953
6217,Tinsukia,14,18,Assam,11-01-2018 00:00,14862.40324
6218,Jorhat,17,18,Assam,11-01-2018 00:00,14913.73364
6219,Karimganj,22,18,Assam,11-01-2018 00:00,14925.73994
6220,Kokrajhar,1,18,Assam,11-01-2018 00:00,14971.84649
6221,Lakhimpur,12,18,Assam,11-01-2018 00:00,14927.21904
6222,Nagaon,10,18,Assam,11-01-2018 00:00,14956.51605
6223,Marigaon,9,18,Assam,11-01-2018 00:00,14989.75007
6224,Nalbari,7,18,Assam,11-01-2018 00:00,14976.28147
6225,North Cachar Hills,20,18,Assam,11-01-2018 00:00,14779.30609
6226,Barpeta,5,18,Assam,11-01-2018 00:00,14971.72273
6227,Bongaigaon,4,18,Assam,11-01-2018 00:00,14979.73116
6228,Cachar,21,18,Assam,11-01-2018 00:00,14902.67686
6229,Darrang,8,18,Assam,11-01-2018 00:00,14976.32669
6230,Dhemaji,13,18,Assam,11-01-2018 00:00,14909.63138
6231,Dhubri,2,18,Assam,11-01-2018 00:00,14983.75768
6232,Dibrugarh,15,18,Assam,11-01-2018 00:00,14877.49035
6233,Kamrup,6,18,Assam,11-01-2018 00:00,14927.98609
6234,Karbi Anglong,19,18,Assam,11-01-2018 00:00,14821.82305
6235,Goalpara,3,18,Assam,11-01-2018 00:00,14933.5942
6236,Golaghat,18,18,Assam,11-01-2018 00:00,14918.25233
6237,Hailakandi,23,18,Assam,11-01-2018 00:00,14903.85721
6238,Hugli,12,19,West Bengal,11-01-2018 00:00,15085.43556
6239,South  Twenty Four Parganas,18,19,West Bengal,11-01-2018 00:00,15016.20674
6240,Uttar Dinajpur,4,19,West Bengal,11-01-2018 00:00,15061.59619
6241,Jalpaiguri,2,19,West Bengal,11-01-2018 00:00,14990.98405
6242,Koch Bihar,3,19,West Bengal,11-01-2018 00:00,15022.91007
6243,Murshidabad,7,19,West Bengal,11-01-2018 00:00,15083.04237
6244,Puruliya,14,19,West Bengal,11-01-2018 00:00,15111.7672
6245,Kolkata,17,19,West Bengal,11-01-2018 00:00,15197.43168
6246,Maldah,6,19,West Bengal,11-01-2018 00:00,15054.49082
6247,Nadia,10,19,West Bengal,11-01-2018 00:00,15096.76287
6248,North Twenty Four Parganas,11,19,West Bengal,11-01-2018 00:00,15023.81968
6249,Medinipur,15,19,West Bengal,11-01-2018 00:00,15048.59763
6250,Barddhaman,9,19,West Bengal,11-01-2018 00:00,15092.71968
6251,Birbhum,8,19,West Bengal,11-01-2018 00:00,15088.98608
6252,Bankura,13,19,West Bengal,11-01-2018 00:00,15098.81906
6253,Dakshin Dinajpur,5,19,West Bengal,11-01-2018 00:00,15057.75959
6254,Darjiling,1,19,West Bengal,11-01-2018 00:00,14753.54244
6255,Haora,16,19,West Bengal,11-01-2018 00:00,15042.22678
6256,Ranchi,14,20,Jharkhand,11-01-2018 00:00,15040.84538
6257,Sahibganj,9,20,Jharkhand,11-01-2018 00:00,15057.56513
6258,Garhwa,1,20,Jharkhand,11-01-2018 00:00,15057.95461
6259,Palamu,2,20,Jharkhand,11-01-2018 00:00,15029.7384
6260,Chatra,3,20,Jharkhand,11-01-2018 00:00,15053.65305
6261,Hazaribagh,4,20,Jharkhand,11-01-2018 00:00,15048.51158
6262,Kodarma,5,20,Jharkhand,11-01-2018 00:00,15059.15332
6263,Purbi Singhbhum,18,20,Jharkhand,11-01-2018 00:00,15056.58773
6264,Lohardaga,15,20,Jharkhand,11-01-2018 00:00,15014.98666
6265,Pakaur,10,20,Jharkhand,11-01-2018 00:00,15124.65448
6266,Pashchimi Singhbhum,17,20,Jharkhand,11-01-2018 00:00,15016.87138
6267,Bokaro,13,20,Jharkhand,11-01-2018 00:00,15099.71578
6268,Deoghar,7,20,Jharkhand,11-01-2018 00:00,15163.34936
6269,Dhanbad,12,20,Jharkhand,11-01-2018 00:00,15117.04228
6270,Dumka,11,20,Jharkhand,11-01-2018 00:00,15136.04963
6271,Giridih,6,20,Jharkhand,11-01-2018 00:00,15127.17324
6272,Godda,8,20,Jharkhand,11-01-2018 00:00,15085.18118
6273,Gumla,16,20,Jharkhand,11-01-2018 00:00,15056.17793
6274,Rayagada,27,21,Orissa,11-01-2018 00:00,15037.54673
6275,Sundargarh,5,21,Orissa,11-01-2018 00:00,15044.50322
6276,Sonapur,23,21,Orissa,11-01-2018 00:00,15067.15759
6277,Jajapur,13,21,Orissa,11-01-2018 00:00,15121.77924
6278,Jagatsinghapur,11,21,Orissa,11-01-2018 00:00,15056.66086
6279,Jharsuguda,2,21,Orissa,11-01-2018 00:00,15098.3914
6280,Khordha,17,21,Orissa,11-01-2018 00:00,15107.90577
6281,Mayurbhanj,7,21,Orissa,11-01-2018 00:00,14997.41719
6282,Puri,18,21,Orissa,11-01-2018 00:00,15065.20222
6283,Koraput,29,21,Orissa,11-01-2018 00:00,15079.85541
6284,Malkangiri,30,21,Orissa,11-01-2018 00:00,15089.87288
6285,Nabarangapur,28,21,Orissa,11-01-2018 00:00,15167.17037
6286,Nayagarh,16,21,Orissa,11-01-2018 00:00,15036.6173
6287,Nuapada,25,21,Orissa,11-01-2018 00:00,15121.07811
6288,Kandhamal,21,21,Orissa,11-01-2018 00:00,14943.87637
6289,Sambalpur,3,21,Orissa,11-01-2018 00:00,15032.51038
6290,Anugul,15,21,Orissa,11-01-2018 00:00,15038.38949
6291,Bhadrak,9,21,Orissa,11-01-2018 00:00,15057.43314
6292,Baudh,22,21,Orissa,11-01-2018 00:00,15024.89469
6293,Balangir,24,21,Orissa,11-01-2018 00:00,15118.17499
6294,Baleshwar,8,21,Orissa,11-01-2018 00:00,15049.23644
6295,Bargarh,1,21,Orissa,11-01-2018 00:00,15101.73084
6296,Kendrapara,10,21,Orissa,11-01-2018 00:00,15052.29746
6297,Kendujhar,6,21,Orissa,11-01-2018 00:00,15025.31109
6298,Debagarh,4,21,Orissa,11-01-2018 00:00,15028.32138
6299,Cuttack,12,21,Orissa,11-01-2018 00:00,15100.62646
6300,Dhenkanal,14,21,Orissa,11-01-2018 00:00,15078.81132
6301,Kalahandi,26,21,Orissa,11-01-2018 00:00,15055.45827
6302,Ganjam,19,21,Orissa,11-01-2018 00:00,15065.09171
6303,Gajapati,20,21,Orissa,11-01-2018 00:00,15038.75858
6304,Surguja,2,22,Chhattisgarh,11-01-2018 00:00,15032.83869
6305,Bilaspur,7,22,Chhattisgarh,11-01-2018 00:00,15101.30643
6306,Janjgir - Champa,6,22,Chhattisgarh,11-01-2018 00:00,15109.31574
6307,Korba,5,22,Chhattisgarh,11-01-2018 00:00,15057.5563
6308,Kawardha,8,22,Chhattisgarh,11-01-2018 00:00,15146.12607
6309,Jashpur,3,22,Chhattisgarh,11-01-2018 00:00,15052.0741
6310,Koriya,1,22,Chhattisgarh,11-01-2018 00:00,15033.17231
6311,Mahasamund,12,22,Chhattisgarh,11-01-2018 00:00,15146.36372
6312,Raigarh,4,22,Chhattisgarh,11-01-2018 00:00,15098.5667
6313,Raipur,11,22,Chhattisgarh,11-01-2018 00:00,15138.78239
6314,Rajnandgaon,9,22,Chhattisgarh,11-01-2018 00:00,15146.29422
6315,Bastar,15,22,Chhattisgarh,11-01-2018 00:00,15096.60327
6316,Dantewada,16,22,Chhattisgarh,11-01-2018 00:00,15061.34782
6317,Dhamtari,13,22,Chhattisgarh,11-01-2018 00:00,15101.97408
6318,Durg,10,22,Chhattisgarh,11-01-2018 00:00,15178.59076
6319,Kanker,14,22,Chhattisgarh,11-01-2018 00:00,15109.23107
6320,Hoshangabad,37,23,Madhya Pradesh,11-01-2018 00:00,15222.5469
6321,Indore,26,23,Madhya Pradesh,11-01-2018 00:00,15281.02486
6322,Shajapur,22,23,Madhya Pradesh,11-01-2018 00:00,15328.83224
6323,Shivpuri,6,23,Madhya Pradesh,11-01-2018 00:00,15229.98666
6324,Ratlam,20,23,Madhya Pradesh,11-01-2018 00:00,15323.63996
6325,Rewa,14,23,Madhya Pradesh,11-01-2018 00:00,15187.12031
6326,Sagar,11,23,Madhya Pradesh,11-01-2018 00:00,15309.50439
6327,Sidhi,17,23,Madhya Pradesh,11-01-2018 00:00,15097.71144
6328,Ujjain,21,23,Madhya Pradesh,11-01-2018 00:00,15293.02561
6329,Vidisha,31,23,Madhya Pradesh,11-01-2018 00:00,15360.50301
6330,West Nimar,27,23,Madhya Pradesh,11-01-2018 00:00,15412.63979
6331,Morena,2,23,Madhya Pradesh,11-01-2018 00:00,15181.66712
6332,Sheopur,1,23,Madhya Pradesh,11-01-2018 00:00,15176.20929
6333,Dindori,41,23,Madhya Pradesh,11-01-2018 00:00,15144.39354
6334,Mandla,42,23,Madhya Pradesh,11-01-2018 00:00,15145.50917
6335,Shahdol,16,23,Madhya Pradesh,11-01-2018 00:00,15133.17803
6336,Umaria,15,23,Madhya Pradesh,11-01-2018 00:00,15102.87435
6337,Jabalpur,39,23,Madhya Pradesh,11-01-2018 00:00,15190.5542
6338,Jhabua,24,23,Madhya Pradesh,11-01-2018 00:00,15398.28268
6339,Mandsaur,19,23,Madhya Pradesh,11-01-2018 00:00,15266.72819
6340,Tikamgarh,8,23,Madhya Pradesh,11-01-2018 00:00,15259.04054
6341,Narsimhapur,40,23,Madhya Pradesh,11-01-2018 00:00,15219.18229
6342,Neemuch,18,23,Madhya Pradesh,11-01-2018 00:00,15253.6263
6343,Panna,10,23,Madhya Pradesh,11-01-2018 00:00,15228.28705
6344,Raisen,34,23,Madhya Pradesh,11-01-2018 00:00,15251.45609
6345,Rajgarh,30,23,Madhya Pradesh,11-01-2018 00:00,15322.54972
6346,Satna,13,23,Madhya Pradesh,11-01-2018 00:00,15181.28503
6347,Sehore,33,23,Madhya Pradesh,11-01-2018 00:00,15302.36932
6348,Seoni,44,23,Madhya Pradesh,11-01-2018 00:00,15250.66991
6349,Bhind,3,23,Madhya Pradesh,11-01-2018 00:00,15171.87095
6350,Bhopal,32,23,Madhya Pradesh,11-01-2018 00:00,15294.8872
6351,Barwani,28,23,Madhya Pradesh,11-01-2018 00:00,15479.06003
6352,Betul,35,23,Madhya Pradesh,11-01-2018 00:00,15280.35631
6353,Balaghat,45,23,Madhya Pradesh,11-01-2018 00:00,15076.0856
6354,Chhatarpur,9,23,Madhya Pradesh,11-01-2018 00:00,15250.91223
6355,Chhindwara,43,23,Madhya Pradesh,11-01-2018 00:00,15246.27917
6356,Dewas,23,23,Madhya Pradesh,11-01-2018 00:00,15309.8264
6357,Katni,38,23,Madhya Pradesh,11-01-2018 00:00,15163.75166
6358,Datia,5,23,Madhya Pradesh,11-01-2018 00:00,15160.4599
6359,Damoh,12,23,Madhya Pradesh,11-01-2018 00:00,15302.53373
6360,Dhar,25,23,Madhya Pradesh,11-01-2018 00:00,15379.72336
6361,East Nimar,29,23,Madhya Pradesh,11-01-2018 00:00,15329.65098
6362,Guna,7,23,Madhya Pradesh,11-01-2018 00:00,15316.55231
6363,Gwalior,4,23,Madhya Pradesh,11-01-2018 00:00,15175.87281
6364,Harda,36,23,Madhya Pradesh,11-01-2018 00:00,15332.3219
6365,Sabar Kantha,5,24,Gujarat,11-01-2018 00:00,15288.74794
6366,Surendranagar,8,24,Gujarat,11-01-2018 00:00,15559.57941
6367,The Dangs,23,24,Gujarat,11-01-2018 00:00,15260.02323
6368,Vadodara,19,24,Gujarat,11-01-2018 00:00,15290.88312
6369,Valsad,25,24,Gujarat,11-01-2018 00:00,15309.26714
6370,Bharuch,21,24,Gujarat,11-01-2018 00:00,15379.50505
6371,Surat,22,24,Gujarat,11-01-2018 00:00,15323.27778
6372,Jamnagar,10,24,Gujarat,11-01-2018 00:00,15614.05353
6373,Kheda,16,24,Gujarat,11-01-2018 00:00,15298.17639
6374,Mahesana,4,24,Gujarat,11-01-2018 00:00,15376.12689
6375,Narmada,20,24,Gujarat,11-01-2018 00:00,15328.63815
6376,Navsari,24,24,Gujarat,11-01-2018 00:00,15284.14734
6377,Panch Mahals,17,24,Gujarat,11-01-2018 00:00,15254.06165
6378,Patan,3,24,Gujarat,11-01-2018 00:00,15545.72683
6379,Porbandar,11,24,Gujarat,11-01-2018 00:00,15582.56728
6380,Rajkot,9,24,Gujarat,11-01-2018 00:00,15578.65399
6381,Anand,15,24,Gujarat,11-01-2018 00:00,15313.03104
6382,Ahmadabad,7,24,Gujarat,11-01-2018 00:00,15501.24726
6383,Amreli,13,24,Gujarat,11-01-2018 00:00,15606.42893
6384,Bhavnagar,14,24,Gujarat,11-01-2018 00:00,15577.64705
6385,Banas Kantha,2,24,Gujarat,11-01-2018 00:00,15411.93521
6386,Dohad,18,24,Gujarat,11-01-2018 00:00,15297.84168
6387,Junagadh,12,24,Gujarat,11-01-2018 00:00,15489.93417
6388,Kachchh,1,24,Gujarat,11-01-2018 00:00,15619.50015
6389,Gandhinagar,6,24,Gujarat,11-01-2018 00:00,15343.94058
6390,Daman,2,25,Daman & Diu,11-01-2018 00:00,15284.59605
6391,Diu,1,25,Daman & Diu,11-01-2018 00:00,15266.1066
6392,Hingoli,16,27,Maharashtra,11-01-2018 00:00,15468.40923
6393,Ratnagiri,32,27,Maharashtra,11-01-2018 00:00,15189.62974
6394,Raigarh,24,27,Maharashtra,11-01-2018 00:00,15222.37593
6395,Thane,21,27,Maharashtra,11-01-2018 00:00,15333.44337
6396,Solapur,30,27,Maharashtra,11-01-2018 00:00,15512.43393
6397,Sindhudurg,33,27,Maharashtra,11-01-2018 00:00,15207.51257
6398,Wardha,8,27,Maharashtra,11-01-2018 00:00,15309.42497
6399,Washim,6,27,Maharashtra,11-01-2018 00:00,15421.968
6400,Yavatmal,14,27,Maharashtra,11-01-2018 00:00,15356.73314
6401,Jalgaon,3,27,Maharashtra,11-01-2018 00:00,15460.16448
6402,Jalna,18,27,Maharashtra,11-01-2018 00:00,15510.46742
6403,Kolhapur,34,27,Maharashtra,11-01-2018 00:00,15162.41091
6404,Latur,28,27,Maharashtra,11-01-2018 00:00,15516.50944
6405,Pune,25,27,Maharashtra,11-01-2018 00:00,15316.45029
6406,Nagpur,9,27,Maharashtra,11-01-2018 00:00,15224.43795
6407,Mumbai,23,27,Maharashtra,11-01-2018 00:00,15309.31296
6408,Mumbai (Suburban),22,27,Maharashtra,11-01-2018 00:00,15320.84685
6409,Nanded,15,27,Maharashtra,11-01-2018 00:00,15447.04922
6410,Nandurbar,1,27,Maharashtra,11-01-2018 00:00,15447.38381
6411,Nashik,20,27,Maharashtra,11-01-2018 00:00,15425.82037
6412,Osmanabad,29,27,Maharashtra,11-01-2018 00:00,15543.13808
6413,Parbhani,17,27,Maharashtra,11-01-2018 00:00,15480.43253
6414,Sangli,35,27,Maharashtra,11-01-2018 00:00,15421.91901
6415,Satara,31,27,Maharashtra,11-01-2018 00:00,15283.7577
6416,Aurangabad,19,27,Maharashtra,11-01-2018 00:00,15501.39806
6417,Ahmadnagar,26,27,Maharashtra,11-01-2018 00:00,15471.27648
6418,Akola,5,27,Maharashtra,11-01-2018 00:00,15421.15872
6419,Amravati,7,27,Maharashtra,11-01-2018 00:00,15316.69008
6420,Bid,27,27,Maharashtra,11-01-2018 00:00,15578.03659
6421,Bhandara,10,27,Maharashtra,11-01-2018 00:00,15161.43237
6422,Buldana,4,27,Maharashtra,11-01-2018 00:00,15453.07637
6423,Chandrapur,13,27,Maharashtra,11-01-2018 00:00,15218.29933
6424,Dhule,2,27,Maharashtra,11-01-2018 00:00,15565.98058
6425,Gadchiroli,12,27,Maharashtra,11-01-2018 00:00,15106.08828
6426,Gondiya,11,27,Maharashtra,11-01-2018 00:00,15123.49035
6427,Hyderabad,5,28,Andhra Pradesh,11-01-2018 00:00,15277.54518
6428,Rangareddi,6,28,Andhra Pradesh,11-01-2018 00:00,15382.63483
6429,Srikakulam,11,28,Andhra Pradesh,11-01-2018 00:00,15172.74473
6430,West Godavari,15,28,Andhra Pradesh,11-01-2018 00:00,15139.84008
6431,Visakhapatnam,13,28,Andhra Pradesh,11-01-2018 00:00,15067.60061
6432,Vizianagaram,12,28,Andhra Pradesh,11-01-2018 00:00,15169.5109
6433,Warangal,9,28,Andhra Pradesh,11-01-2018 00:00,15239.05229
6434,Khammam,10,28,Andhra Pradesh,11-01-2018 00:00,15163.09242
6435,Medak,4,28,Andhra Pradesh,11-01-2018 00:00,15405.8999
6436,Krishna,16,28,Andhra Pradesh,11-01-2018 00:00,15153.73313
6437,Kurnool,21,28,Andhra Pradesh,11-01-2018 00:00,15420.83212
6438,Mahbubnagar,7,28,Andhra Pradesh,11-01-2018 00:00,15374.86784
6439,Nalgonda,8,28,Andhra Pradesh,11-01-2018 00:00,15340.87628
6440,Nellore,19,28,Andhra Pradesh,11-01-2018 00:00,15278.99249
6441,Nizamabad,2,28,Andhra Pradesh,11-01-2018 00:00,15339.78017
6442,Prakasam,18,28,Andhra Pradesh,11-01-2018 00:00,15316.80614
6443,Anantapur,22,28,Andhra Pradesh,11-01-2018 00:00,15421.55381
6444,Adilabad,1,28,Andhra Pradesh,11-01-2018 00:00,15263.71604
6445,Chittoor,23,28,Andhra Pradesh,11-01-2018 00:00,15166.51934
6446,Cuddapah,20,28,Andhra Pradesh,11-01-2018 00:00,15315.56124
6447,East Godavari,14,28,Andhra Pradesh,11-01-2018 00:00,15075.35799
6448,Karimnagar,3,28,Andhra Pradesh,11-01-2018 00:00,15270.77478
6449,Guntur,17,28,Andhra Pradesh,11-01-2018 00:00,15227.73661
6450,Hassan,23,29,Karnataka,11-01-2018 00:00,15082.95819
6451,Haveri,11,29,Karnataka,11-01-2018 00:00,15330.99203
6452,Shimoga,15,29,Karnataka,11-01-2018 00:00,15052.1251
6453,Tumkur,18,29,Karnataka,11-01-2018 00:00,15217.36726
6454,Udupi,16,29,Karnataka,11-01-2018 00:00,15163.41189
6455,Uttara Kannada,10,29,Karnataka,11-01-2018 00:00,15050.47946
6456,Kodagu,25,29,Karnataka,11-01-2018 00:00,14940.47241
6457,Kolar,19,29,Karnataka,11-01-2018 00:00,15225.28194
6458,Mandya,22,29,Karnataka,11-01-2018 00:00,15112.46762
6459,Koppal,7,29,Karnataka,11-01-2018 00:00,15467.85545
6460,Mysore,26,29,Karnataka,11-01-2018 00:00,15117.56526
6461,Raichur,6,29,Karnataka,11-01-2018 00:00,15438.56656
6462,Bagalkot,2,29,Karnataka,11-01-2018 00:00,15443.28111
6463,Bangalore,20,29,Karnataka,11-01-2018 00:00,15127.83007
6464,Bidar,5,29,Karnataka,11-01-2018 00:00,15496.76032
6465,Bijapur,3,29,Karnataka,11-01-2018 00:00,15544.68447
6466,Belgaum,1,29,Karnataka,11-01-2018 00:00,15319.95691
6467,Bellary,12,29,Karnataka,11-01-2018 00:00,15355.47344
6468,Bangalore Rural,21,29,Karnataka,11-01-2018 00:00,15103.22593
6469,Chamarajanagar,27,29,Karnataka,11-01-2018 00:00,15075.47273
6470,Chikmagalur,17,29,Karnataka,11-01-2018 00:00,15011.00591
6471,Chitradurga,13,29,Karnataka,11-01-2018 00:00,15352.83956
6472,Dakshina Kannada,24,29,Karnataka,11-01-2018 00:00,15136.74684
6473,Davanagere,14,29,Karnataka,11-01-2018 00:00,15269.58882
6474,Dharwad,9,29,Karnataka,11-01-2018 00:00,15455.05519
6475,Gulbarga,4,29,Karnataka,11-01-2018 00:00,15462.831
6476,Gadag,8,29,Karnataka,11-01-2018 00:00,15573.799
6477,South Goa,2,30,Goa,11-01-2018 00:00,15160.39709
6478,North Goa,1,30,Goa,11-01-2018 00:00,15192.29266
6479,Idukki,9,32,Kerala,11-01-2018 00:00,14886.71221
6480,Thrissur,7,32,Kerala,11-01-2018 00:00,15088.6034
6481,Thiruvananthapuram,14,32,Kerala,11-01-2018 00:00,15052.82596
6482,Wayanad,3,32,Kerala,11-01-2018 00:00,14937.42065
6483,Kollam,13,32,Kerala,11-01-2018 00:00,15029.95011
6484,Kottayam,10,32,Kerala,11-01-2018 00:00,15094.19871
6485,Kozhikode,4,32,Kerala,11-01-2018 00:00,15092.76329
6486,Malappuram,5,32,Kerala,11-01-2018 00:00,15076.97397
6487,Palakkad,6,32,Kerala,11-01-2018 00:00,15014.8427
6488,Pathanamthitta,12,32,Kerala,11-01-2018 00:00,14993.03188
6489,Alappuzha,11,32,Kerala,11-01-2018 00:00,15101.23651
6490,Kasaragod,1,32,Kerala,11-01-2018 00:00,15205.2381
6491,Kannur,2,32,Kerala,11-01-2018 00:00,15157.84698
6492,Ernakulam,8,32,Kerala,11-01-2018 00:00,15138.97118
6493,Sivaganga,23,33,Tamil Nadu,11-01-2018 00:00,15289.91845
6494,Tiruchirappalli,15,33,Tamil Nadu,11-01-2018 00:00,15257.53688
6495,Tirunelveli,29,33,Tamil Nadu,11-01-2018 00:00,15129.34242
6496,Tiruvannamalai,6,33,Tamil Nadu,11-01-2018 00:00,15154.1669
6497,Thoothukkudi,28,33,Tamil Nadu,11-01-2018 00:00,15236.81499
6498,Theni,25,33,Tamil Nadu,11-01-2018 00:00,15059.91966
6499,Vellore,4,33,Tamil Nadu,11-01-2018 00:00,15155.5324
6500,Viluppuram,7,33,Tamil Nadu,11-01-2018 00:00,15170.9919
6501,Virudhunagar,26,33,Tamil Nadu,11-01-2018 00:00,15270.94118
6502,Chennai,2,33,Tamil Nadu,11-01-2018 00:00,15187.91144
6503,Kancheepuram,3,33,Tamil Nadu,11-01-2018 00:00,15162.57085
6504,Thiruvallur,1,33,Tamil Nadu,11-01-2018 00:00,15106.88177
6505,Thanjavur,21,33,Tamil Nadu,11-01-2018 00:00,15095.39882
6506,Thiruvarur,20,33,Tamil Nadu,11-01-2018 00:00,15042.60442
6507,Nagapattinam,19,33,Tamil Nadu,11-01-2018 00:00,15023.81952
6508,Kanniyakumari,30,33,Tamil Nadu,11-01-2018 00:00,15040.52583
6509,Karur,14,33,Tamil Nadu,11-01-2018 00:00,15307.31362
6510,Madurai,24,33,Tamil Nadu,11-01-2018 00:00,15187.43195
6511,Namakkal,9,33,Tamil Nadu,11-01-2018 00:00,15232.59857
6512,The Nilgiris,11,33,Tamil Nadu,11-01-2018 00:00,14831.13257
6513,Perambalur,16,33,Tamil Nadu,11-01-2018 00:00,15209.22312
6514,Pudukkottai,22,33,Tamil Nadu,11-01-2018 00:00,15196.39958
6515,Ramanathapuram,27,33,Tamil Nadu,11-01-2018 00:00,15275.20825
6516,Salem,8,33,Tamil Nadu,11-01-2018 00:00,15167.84907
6517,Ariyalur,17,33,Tamil Nadu,11-01-2018 00:00,15140.3563
6518,Coimbatore,12,33,Tamil Nadu,11-01-2018 00:00,15119.55283
6519,Cuddalore,18,33,Tamil Nadu,11-01-2018 00:00,15085.10309
6520,Dharmapuri,5,33,Tamil Nadu,11-01-2018 00:00,15165.59235
6521,Dindigul,13,33,Tamil Nadu,11-01-2018 00:00,15107.18321
6522,Erode,10,33,Tamil Nadu,11-01-2018 00:00,15129.81942
6523,Yanam,1,34,Puducherry,11-01-2018 00:00,15117.66787
6524,Karaikal,4,34,Puducherry,11-01-2018 00:00,15053.68159
6525,Mahe,3,34,Puducherry,11-01-2018 00:00,15169.4186
6526,Pondicherry,2,34,Puducherry,11-01-2018 00:00,15094.19085
6527,Nicobars,2,35,Andaman & Nicobar Island,11-01-2018 00:00,14933.58137
6528,Andamans,1,35,Andaman & Nicobar Island,11-01-2018 00:00,14935.76101
6529,Lakshadweep,1,31,Lakshadweep,12-01-2018 00:00,15062.5505
6530,Chandigarh,1,4,Chandigarh,12-01-2018 00:00,14639.90786
6531,Dadra & Nagar Haveli,1,26,Dadara & Nagar Havelli,12-01-2018 00:00,15192.3089
6532,Data Not Available,99,99,Jammu and Kashmir,12-01-2018 00:00,13220.07314
6533,Srinagar,3,1,Jammu and Kashmir,12-01-2018 00:00,13598.46351
6534,Udhampur,10,1,Jammu and Kashmir,12-01-2018 00:00,14259.73098
6535,Jammu,13,1,Jammu and Kashmir,12-01-2018 00:00,14549.43415
6536,Kargil,8,1,Jammu and Kashmir,12-01-2018 00:00,13212.9519
6537,Kathua,14,1,Jammu and Kashmir,12-01-2018 00:00,14464.16132
6538,Leh (Ladakh),7,1,Jammu and Kashmir,12-01-2018 00:00,13316.14671
6539,Kupwara,1,1,Jammu and Kashmir,12-01-2018 00:00,13771.02248
6540,Punch,11,1,Jammu and Kashmir,12-01-2018 00:00,14209.96427
6541,Pulwama,5,1,Jammu and Kashmir,12-01-2018 00:00,13935.25689
6542,Rajauri,12,1,Jammu and Kashmir,12-01-2018 00:00,14390.92624
6543,Anantnag,6,1,Jammu and Kashmir,12-01-2018 00:00,13597.04745
6544,Badgam,4,1,Jammu and Kashmir,12-01-2018 00:00,13780.09279
6545,Baramula,2,1,Jammu and Kashmir,12-01-2018 00:00,13628.58838
6546,Doda,9,1,Jammu and Kashmir,12-01-2018 00:00,13529.2377
6547,Shimla,11,2,Himachal Pradesh,12-01-2018 00:00,14188.56906
6548,Sirmaur,10,2,Himachal Pradesh,12-01-2018 00:00,14450.10675
6549,Solan,9,2,Himachal Pradesh,12-01-2018 00:00,14466.93636
6550,Una,7,2,Himachal Pradesh,12-01-2018 00:00,14560.78227
6551,Kangra,2,2,Himachal Pradesh,12-01-2018 00:00,14290.07158
6552,Kinnaur,12,2,Himachal Pradesh,12-01-2018 00:00,13432.02437
6553,Lahul & Spiti,3,2,Himachal Pradesh,12-01-2018 00:00,13148.72659
6554,Kullu,4,2,Himachal Pradesh,12-01-2018 00:00,13725.07781
6555,Mandi,5,2,Himachal Pradesh,12-01-2018 00:00,14339.87076
6556,Bilaspur,8,2,Himachal Pradesh,12-01-2018 00:00,14428.99175
6557,Chamba,1,2,Himachal Pradesh,12-01-2018 00:00,13830.75741
6558,Hamirpur,6,2,Himachal Pradesh,12-01-2018 00:00,14462.27898
6559,Hoshiarpur,5,3,Punjab,12-01-2018 00:00,14597.76718
6560,Rupnagar,7,3,Punjab,12-01-2018 00:00,14611.25309
6561,Jalandhar,4,3,Punjab,12-01-2018 00:00,14649.90584
6562,Kapurthala,3,3,Punjab,12-01-2018 00:00,14605.17242
6563,Ludhiana,9,3,Punjab,12-01-2018 00:00,14705.8444
6564,Mansa,15,3,Punjab,12-01-2018 00:00,14682.3381
6565,Moga,10,3,Punjab,12-01-2018 00:00,14693.68296
6566,Muktsar,12,3,Punjab,12-01-2018 00:00,14679.85679
6567,Nawanshahr,6,3,Punjab,12-01-2018 00:00,14647.83874
6568,Patiala,17,3,Punjab,12-01-2018 00:00,14600.35432
6569,Sangrur,16,3,Punjab,12-01-2018 00:00,14685.28585
6570,Amritsar,2,3,Punjab,12-01-2018 00:00,14621.29621
6571,Firozpur,11,3,Punjab,12-01-2018 00:00,14683.8604
6572,Bathinda,14,3,Punjab,12-01-2018 00:00,14700.11853
6573,Gurdaspur,1,3,Punjab,12-01-2018 00:00,14568.89905
6574,Faridkot,13,3,Punjab,12-01-2018 00:00,14670.18924
6575,Fatehgarh Sahib,8,3,Punjab,12-01-2018 00:00,14649.6272
6576,Hardwar,13,5,Uttarakhand,12-01-2018 00:00,14629.60457
6577,Rudraprayag,3,5,Uttarakhand,12-01-2018 00:00,14089.90927
6578,Tehri Garhwal,4,5,Uttarakhand,12-01-2018 00:00,14259.38117
6579,Udham Singh Nagar,12,5,Uttarakhand,12-01-2018 00:00,14657.02438
6580,Uttarkashi,1,5,Uttarakhand,12-01-2018 00:00,13758.20422
6581,Nainital,11,5,Uttarakhand,12-01-2018 00:00,14534.93452
6582,Pithoragarh,7,5,Uttarakhand,12-01-2018 00:00,13861.54814
6583,Bageshwar,8,5,Uttarakhand,12-01-2018 00:00,14175.48471
6584,Almora,9,5,Uttarakhand,12-01-2018 00:00,14429.70888
6585,Chamoli,2,5,Uttarakhand,12-01-2018 00:00,13729.52824
6586,Champawat,10,5,Uttarakhand,12-01-2018 00:00,14427.30016
6587,Dehradun,5,5,Uttarakhand,12-01-2018 00:00,14474.95004
6588,Garhwal,6,5,Uttarakhand,12-01-2018 00:00,14436.82117
6589,Hisar,12,6,Haryana,12-01-2018 00:00,14697.7929
6590,Rohtak,14,6,Haryana,12-01-2018 00:00,14727.492
6591,Sirsa,11,6,Haryana,12-01-2018 00:00,14714.93226
6592,Sonipat,8,6,Haryana,12-01-2018 00:00,14722.17622
6593,Yamunanagar,3,6,Haryana,12-01-2018 00:00,14620.51479
6594,Jhajjar,15,6,Haryana,12-01-2018 00:00,14706.62063
6595,Mahendragarh,16,6,Haryana,12-01-2018 00:00,14745.67469
6596,Rewari,17,6,Haryana,12-01-2018 00:00,14677.88507
6597,Bhiwani,13,6,Haryana,12-01-2018 00:00,14751.9273
6598,Jind,9,6,Haryana,12-01-2018 00:00,14691.1595
6599,Kaithal,5,6,Haryana,12-01-2018 00:00,14595.41037
6600,Karnal,6,6,Haryana,12-01-2018 00:00,14632.68024
6601,Kurukshetra,4,6,Haryana,12-01-2018 00:00,14577.2473
6602,Panchkula,1,6,Haryana,12-01-2018 00:00,14600.53118
6603,Panipat,7,6,Haryana,12-01-2018 00:00,14699.90683
6604,Ambala,2,6,Haryana,12-01-2018 00:00,14579.15058
6605,Gurgaon,18,6,Haryana,12-01-2018 00:00,14698.97557
6606,Faridabad,19,6,Haryana,12-01-2018 00:00,14730.74784
6607,Fatehabad,10,6,Haryana,12-01-2018 00:00,14678.84527
6608,Central,6,7,Delhi  & NCR,12-01-2018 00:00,14698.32241
6609,East,4,7,Delhi  & NCR,12-01-2018 00:00,14684.32907
6610,New Delhi,5,7,Delhi  & NCR,12-01-2018 00:00,14662.92023
6611,North,2,7,Delhi  & NCR,12-01-2018 00:00,14677.85545
6612,North East,3,7,Delhi  & NCR,12-01-2018 00:00,14675.84327
6613,North West,1,7,Delhi  & NCR,12-01-2018 00:00,14688.81955
6614,South,9,7,Delhi  & NCR,12-01-2018 00:00,14682.57071
6615,South West,8,7,Delhi  & NCR,12-01-2018 00:00,14673.44524
6616,West,7,7,Delhi  & NCR,12-01-2018 00:00,14693.49038
6617,Sirohi,19,8,Rajasthan,12-01-2018 00:00,15054.38591
6618,Tonk,22,8,Rajasthan,12-01-2018 00:00,14875.63346
6619,Sikar,13,8,Rajasthan,12-01-2018 00:00,14944.08608
6620,Alwar,6,8,Rajasthan,12-01-2018 00:00,14778.85326
6621,Udaipur,26,8,Rajasthan,12-01-2018 00:00,14960.66166
6622,Ganganagar,1,8,Rajasthan,12-01-2018 00:00,14856.64289
6623,Hanumangarh,2,8,Rajasthan,12-01-2018 00:00,14880.7235
6624,Baran,31,8,Rajasthan,12-01-2018 00:00,14880.19301
6625,Jaipur,12,8,Rajasthan,12-01-2018 00:00,14929.95237
6626,Jaisalmer,16,8,Rajasthan,12-01-2018 00:00,15227.0279
6627,Jalor,18,8,Rajasthan,12-01-2018 00:00,15106.52067
6628,Jhalawar,32,8,Rajasthan,12-01-2018 00:00,14883.28836
6629,Jhunjhunun,5,8,Rajasthan,12-01-2018 00:00,14931.79839
6630,Jodhpur,15,8,Rajasthan,12-01-2018 00:00,15169.83538
6631,Kota,30,8,Rajasthan,12-01-2018 00:00,14895.89161
6632,Nagaur,14,8,Rajasthan,12-01-2018 00:00,15099.85453
6633,Pali,20,8,Rajasthan,12-01-2018 00:00,15126.12222
6634,Rajsamand,25,8,Rajasthan,12-01-2018 00:00,14924.26941
6635,Sawai Madhopur,10,8,Rajasthan,12-01-2018 00:00,14806.43786
6636,Ajmer,21,8,Rajasthan,12-01-2018 00:00,15008.32547
6637,Banswara,28,8,Rajasthan,12-01-2018 00:00,15032.25916
6638,Barmer,17,8,Rajasthan,12-01-2018 00:00,15202.90191
6639,Bhilwara,24,8,Rajasthan,12-01-2018 00:00,14945.23967
6640,Bikaner,3,8,Rajasthan,12-01-2018 00:00,15131.67603
6641,Bharatpur,7,8,Rajasthan,12-01-2018 00:00,14725.34362
6642,Bundi,23,8,Rajasthan,12-01-2018 00:00,14896.76278
6643,Chittaurgarh,29,8,Rajasthan,12-01-2018 00:00,14895.06017
6644,Churu,4,8,Rajasthan,12-01-2018 00:00,15063.26743
6645,Dausa,11,8,Rajasthan,12-01-2018 00:00,14882.83555
6646,Dhaulpur,8,8,Rajasthan,12-01-2018 00:00,14848.14366
6647,Dungarpur,27,8,Rajasthan,12-01-2018 00:00,15009.28345
6648,Karauli,9,8,Rajasthan,12-01-2018 00:00,14867.45701
6649,Hathras,13,9,Uttar Pradesh,12-01-2018 00:00,14726.59503
6650,Shrawasti,51,9,Uttar Pradesh,12-01-2018 00:00,14790.79584
6651,Saharanpur,1,9,Uttar Pradesh,12-01-2018 00:00,14607.02233
6652,Sitapur,24,9,Uttar Pradesh,12-01-2018 00:00,14723.06221
6653,Sultanpur,49,9,Uttar Pradesh,12-01-2018 00:00,14827.7765
6654,Sonbhadra,70,9,Uttar Pradesh,12-01-2018 00:00,14811.51067
6655,Siddharthnagar,54,9,Uttar Pradesh,12-01-2018 00:00,14785.19351
6656,Unnao,26,9,Uttar Pradesh,12-01-2018 00:00,14790.92389
6657,Varanasi,67,9,Uttar Pradesh,12-01-2018 00:00,14821.97895
6658,Bulandshahr,11,9,Uttar Pradesh,12-01-2018 00:00,14724.92764
6659,Gautam Buddha Nagar,10,9,Uttar Pradesh,12-01-2018 00:00,14746.27631
6660,Ghaziabad,9,9,Uttar Pradesh,12-01-2018 00:00,14697.45925
6661,Jalaun,35,9,Uttar Pradesh,12-01-2018 00:00,14872.56415
6662,Jaunpur,64,9,Uttar Pradesh,12-01-2018 00:00,14861.0619
6663,Jhansi,36,9,Uttar Pradesh,12-01-2018 00:00,14938.57691
6664,Jyotiba Phule Nagar,6,9,Uttar Pradesh,12-01-2018 00:00,14650.38717
6665,Kannauj,30,9,Uttar Pradesh,12-01-2018 00:00,14727.87021
6666,Kanpur Nagar,34,9,Uttar Pradesh,12-01-2018 00:00,14818.93135
6667,Kaushambi,44,9,Uttar Pradesh,12-01-2018 00:00,14836.50132
6668,Kheri,23,9,Uttar Pradesh,12-01-2018 00:00,14691.96797
6669,Mirzapur,69,9,Uttar Pradesh,12-01-2018 00:00,14865.76886
6670,Moradabad,4,9,Uttar Pradesh,12-01-2018 00:00,14663.53424
6671,Muzaffarnagar,2,9,Uttar Pradesh,12-01-2018 00:00,14620.44028
6672,Rae Bareli,28,9,Uttar Pradesh,12-01-2018 00:00,14820.73822
6673,Kushinagar,59,9,Uttar Pradesh,12-01-2018 00:00,14761.02967
6674,Lucknow,27,9,Uttar Pradesh,12-01-2018 00:00,14792.38739
6675,Lalitpur,37,9,Uttar Pradesh,12-01-2018 00:00,14885.79043
6676,Mahrajganj,57,9,Uttar Pradesh,12-01-2018 00:00,14794.79529
6677,Mahoba,39,9,Uttar Pradesh,12-01-2018 00:00,14997.00719
6678,Mainpuri,18,9,Uttar Pradesh,12-01-2018 00:00,14761.12598
6679,Mathura,14,9,Uttar Pradesh,12-01-2018 00:00,14704.5368
6680,Mau,62,9,Uttar Pradesh,12-01-2018 00:00,14869.20716
6681,Meerut,7,9,Uttar Pradesh,12-01-2018 00:00,14654.74355
6682,Pilibhit,21,9,Uttar Pradesh,12-01-2018 00:00,14670.04476
6683,Pratapgarh,43,9,Uttar Pradesh,12-01-2018 00:00,14837.33146
6684,Rampur,5,9,Uttar Pradesh,12-01-2018 00:00,14634.3324
6685,Sant Ravidas Nagar Bhadohi,68,9,Uttar Pradesh,12-01-2018 00:00,14815.83476
6686,Sant Kabir Nagar,56,9,Uttar Pradesh,12-01-2018 00:00,14790.94567
6687,Shahjahanpur,22,9,Uttar Pradesh,12-01-2018 00:00,14703.16363
6688,Auraiya,32,9,Uttar Pradesh,12-01-2018 00:00,14815.6872
6689,Azamgarh,61,9,Uttar Pradesh,12-01-2018 00:00,14869.19275
6690,Budaun,19,9,Uttar Pradesh,12-01-2018 00:00,14705.30917
6691,Agra,15,9,Uttar Pradesh,12-01-2018 00:00,14745.27152
6692,Aligarh,12,9,Uttar Pradesh,12-01-2018 00:00,14738.93099
6693,Allahabad,45,9,Uttar Pradesh,12-01-2018 00:00,14860.15961
6694,Ambedkar Nagar,48,9,Uttar Pradesh,12-01-2018 00:00,14809.91052
6695,Bareilly,20,9,Uttar Pradesh,12-01-2018 00:00,14683.90508
6696,Bijnor,3,9,Uttar Pradesh,12-01-2018 00:00,14641.80769
6697,Basti,55,9,Uttar Pradesh,12-01-2018 00:00,14799.49796
6698,Baghpat,8,9,Uttar Pradesh,12-01-2018 00:00,14693.84141
6699,Bahraich,50,9,Uttar Pradesh,12-01-2018 00:00,14729.92125
6700,Ballia,63,9,Uttar Pradesh,12-01-2018 00:00,14853.07304
6701,Balrampur,52,9,Uttar Pradesh,12-01-2018 00:00,14799.57105
6702,Banda,40,9,Uttar Pradesh,12-01-2018 00:00,14912.79384
6703,Barabanki,46,9,Uttar Pradesh,12-01-2018 00:00,14740.27251
6704,Chitrakoot,41,9,Uttar Pradesh,12-01-2018 00:00,14915.08536
6705,Chandauli,66,9,Uttar Pradesh,12-01-2018 00:00,14823.36026
6706,Deoria,60,9,Uttar Pradesh,12-01-2018 00:00,14816.68327
6707,Etah,17,9,Uttar Pradesh,12-01-2018 00:00,14726.9047
6708,Kanpur Dehat,33,9,Uttar Pradesh,12-01-2018 00:00,14819.71199
6709,Etawah,31,9,Uttar Pradesh,12-01-2018 00:00,14762.18809
6710,Faizabad,47,9,Uttar Pradesh,12-01-2018 00:00,14788.7272
6711,Ghazipur,65,9,Uttar Pradesh,12-01-2018 00:00,14871.51794
6712,Gonda,53,9,Uttar Pradesh,12-01-2018 00:00,14795.70042
6713,Gorakhpur,58,9,Uttar Pradesh,12-01-2018 00:00,14785.3403
6714,Farrukhabad,29,9,Uttar Pradesh,12-01-2018 00:00,14692.66479
6715,Fatehpur,42,9,Uttar Pradesh,12-01-2018 00:00,14823.91633
6716,Firozabad,16,9,Uttar Pradesh,12-01-2018 00:00,14752.57356
6717,Hamirpur,38,9,Uttar Pradesh,12-01-2018 00:00,14927.92139
6718,Hardoi,25,9,Uttar Pradesh,12-01-2018 00:00,14739.01994
6719,Sheikhpura,26,10,Bihar,12-01-2018 00:00,14804.50958
6720,Sheohar,3,10,Bihar,12-01-2018 00:00,14791.018
6721,Saharsa,12,10,Bihar,12-01-2018 00:00,14799.73425
6722,Sitamarhi,4,10,Bihar,12-01-2018 00:00,14844.26346
6723,Siwan,16,10,Bihar,12-01-2018 00:00,14838.47462
6724,Supaul,6,10,Bihar,12-01-2018 00:00,14817.44362
6725,Vaishali,18,10,Bihar,12-01-2018 00:00,14785.9786
6726,Kaimur (Bhabua),31,10,Bihar,12-01-2018 00:00,14825.69087
6727,Gaya,35,10,Bihar,12-01-2018 00:00,14846.97639
6728,Bhojpur,29,10,Bihar,12-01-2018 00:00,14828.92082
6729,Buxar,30,10,Bihar,12-01-2018 00:00,14838.72606
6730,Jehanabad,33,10,Bihar,12-01-2018 00:00,14799.02074
6731,Rohtas,32,10,Bihar,12-01-2018 00:00,14809.81097
6732,Jamui,37,10,Bihar,12-01-2018 00:00,14846.75227
6733,Kishanganj,8,10,Bihar,12-01-2018 00:00,14947.12488
6734,Muzaffarpur,14,10,Bihar,12-01-2018 00:00,14822.47799
6735,Purnia,9,10,Bihar,12-01-2018 00:00,14842.01773
6736,Khagaria,21,10,Bihar,12-01-2018 00:00,14782.22781
6737,Madhubani,5,10,Bihar,12-01-2018 00:00,14883.10613
6738,Lakhisarai,25,10,Bihar,12-01-2018 00:00,14767.01962
6739,Madhepura,11,10,Bihar,12-01-2018 00:00,14821.777
6740,Purba Champaran,2,10,Bihar,12-01-2018 00:00,14828.13105
6741,Munger,24,10,Bihar,12-01-2018 00:00,14777.18544
6742,Nalanda,27,10,Bihar,12-01-2018 00:00,14812.76363
6743,Nawada,36,10,Bihar,12-01-2018 00:00,14808.07588
6744,Pashchim Champaran,1,10,Bihar,12-01-2018 00:00,14798.17164
6745,Patna,28,10,Bihar,12-01-2018 00:00,14787.91929
6746,Samastipur,19,10,Bihar,12-01-2018 00:00,14817.59421
6747,Araria,7,10,Bihar,12-01-2018 00:00,14879.36994
6748,Aurangabad,34,10,Bihar,12-01-2018 00:00,14818.82985
6749,Banka,23,10,Bihar,12-01-2018 00:00,14852.24782
6750,Bhagalpur,22,10,Bihar,12-01-2018 00:00,14775.1645
6751,Begusarai,20,10,Bihar,12-01-2018 00:00,14758.28988
6752,Saran,17,10,Bihar,12-01-2018 00:00,14847.17757
6753,Katihar,10,10,Bihar,12-01-2018 00:00,14808.33004
6754,Darbhanga,13,10,Bihar,12-01-2018 00:00,14871.66469
6755,Gopalganj,15,10,Bihar,12-01-2018 00:00,14814.83081
6756,South,3,11,Sikkim,12-01-2018 00:00,14333.70515
6757,West,2,11,Sikkim,12-01-2018 00:00,14154.98505
6758,North,1,11,Sikkim,12-01-2018 00:00,13739.21729
6759,East,4,11,Sikkim,12-01-2018 00:00,14222.06048
6760,Tawang,1,12,Arunanchal Pradesh,12-01-2018 00:00,13916.13569
6761,Tirap,13,12,Arunanchal Pradesh,12-01-2018 00:00,14557.71544
6762,West Kameng,2,12,Arunanchal Pradesh,12-01-2018 00:00,14227.18018
6763,West Siang,7,12,Arunanchal Pradesh,12-01-2018 00:00,14213.67091
6764,Upper Siang,9,12,Arunanchal Pradesh,12-01-2018 00:00,14061.04223
6765,Upper Subansiri,6,12,Arunanchal Pradesh,12-01-2018 00:00,14055.09668
6766,Lohit,11,12,Arunanchal Pradesh,12-01-2018 00:00,14172.07126
6767,Lower Subansiri,5,12,Arunanchal Pradesh,12-01-2018 00:00,14134.86425
6768,Papum Pare,4,12,Arunanchal Pradesh,12-01-2018 00:00,14422.27075
6769,Changlang,12,12,Arunanchal Pradesh,12-01-2018 00:00,14492.4549
6770,Dibang Valley,10,12,Arunanchal Pradesh,12-01-2018 00:00,13982.32868
6771,East Kameng,3,12,Arunanchal Pradesh,12-01-2018 00:00,14260.79579
6772,East Siang,8,12,Arunanchal Pradesh,12-01-2018 00:00,14533.29488
6773,Tuensang,2,13,Nagaland,12-01-2018 00:00,14436.87465
6774,Wokha,5,13,Nagaland,12-01-2018 00:00,14623.9099
6775,Zunheboto,4,13,Nagaland,12-01-2018 00:00,14466.629
6776,Dimapur,6,13,Nagaland,12-01-2018 00:00,14724.90583
6777,Kohima,7,13,Nagaland,12-01-2018 00:00,14553.45181
6778,Mokokchung,3,13,Nagaland,12-01-2018 00:00,14608.04354
6779,Mon,1,13,Nagaland,12-01-2018 00:00,14624.66661
6780,Phek,8,13,Nagaland,12-01-2018 00:00,14400.20443
6781,Tamenglong,2,14,Manipur,12-01-2018 00:00,14560.76927
6782,Thoubal,5,14,Manipur,12-01-2018 00:00,14673.32719
6783,Ukhrul,8,14,Manipur,12-01-2018 00:00,14504.18797
6784,Imphal East,7,14,Manipur,12-01-2018 00:00,14714.4192
6785,Imphal West,6,14,Manipur,12-01-2018 00:00,14722.95442
6786,Senapati (Excl. 3 sub-divisions),1,14,Manipur,12-01-2018 00:00,14502.35938
6787,Bishnupur,4,14,Manipur,12-01-2018 00:00,14635.00775
6788,Chandel,9,14,Manipur,12-01-2018 00:00,14570.34123
6789,Churachandpur,3,14,Manipur,12-01-2018 00:00,14583.74736
6790,Kolasib,2,15,Mizoram,12-01-2018 00:00,14718.39287
6791,Mamit,1,15,Mizoram,12-01-2018 00:00,14711.03044
6792,Lunglei,6,15,Mizoram,12-01-2018 00:00,14657.6301
6793,Lawngtlai,7,15,Mizoram,12-01-2018 00:00,14711.50382
6794,Saiha,8,15,Mizoram,12-01-2018 00:00,14619.56431
6795,Serchhip,5,15,Mizoram,12-01-2018 00:00,14586.33323
6796,Aizawl,3,15,Mizoram,12-01-2018 00:00,14636.16775
6797,Champhai,4,15,Mizoram,12-01-2018 00:00,14559.58458
6798,South Tripura,2,16,Tripura,12-01-2018 00:00,14858.41601
6799,West Tripura,1,16,Tripura,12-01-2018 00:00,14864.79178
6800,North Tripura,4,16,Tripura,12-01-2018 00:00,14803.30798
6801,Dhalai,3,16,Tripura,12-01-2018 00:00,14797.50448
6802,Ri Bhoi,5,17,Meghalaya,12-01-2018 00:00,14676.15904
6803,South Garo Hills,3,17,Meghalaya,12-01-2018 00:00,14751.18155
6804,West Garo Hills,1,17,Meghalaya,12-01-2018 00:00,14784.55834
6805,West Khasi Hills,4,17,Meghalaya,12-01-2018 00:00,14627.5945
6806,Jaintia Hills,7,17,Meghalaya,12-01-2018 00:00,14655.27644
6807,East Garo Hills,2,17,Meghalaya,12-01-2018 00:00,14722.34402
6808,East Khasi Hills,6,17,Meghalaya,12-01-2018 00:00,14627.75483
6809,Sonitpur,11,18,Assam,12-01-2018 00:00,14837.98786
6810,Sibsagar,16,18,Assam,12-01-2018 00:00,14788.38588
6811,Tinsukia,14,18,Assam,12-01-2018 00:00,14745.7851
6812,Jorhat,17,18,Assam,12-01-2018 00:00,14797.72704
6813,Karimganj,22,18,Assam,12-01-2018 00:00,14822.52523
6814,Kokrajhar,1,18,Assam,12-01-2018 00:00,14873.24529
6815,Lakhimpur,12,18,Assam,12-01-2018 00:00,14818.59662
6816,Nagaon,10,18,Assam,12-01-2018 00:00,14839.68864
6817,Marigaon,9,18,Assam,12-01-2018 00:00,14863.02783
6818,Nalbari,7,18,Assam,12-01-2018 00:00,14869.83929
6819,North Cachar Hills,20,18,Assam,12-01-2018 00:00,14648.0535
6820,Barpeta,5,18,Assam,12-01-2018 00:00,14852.28954
6821,Bongaigaon,4,18,Assam,12-01-2018 00:00,14855.57858
6822,Cachar,21,18,Assam,12-01-2018 00:00,14801.35427
6823,Darrang,8,18,Assam,12-01-2018 00:00,14859.59723
6824,Dhemaji,13,18,Assam,12-01-2018 00:00,14801.14781
6825,Dhubri,2,18,Assam,12-01-2018 00:00,14850.40161
6826,Dibrugarh,15,18,Assam,12-01-2018 00:00,14771.24074
6827,Kamrup,6,18,Assam,12-01-2018 00:00,14811.4708
6828,Karbi Anglong,19,18,Assam,12-01-2018 00:00,14703.54774
6829,Goalpara,3,18,Assam,12-01-2018 00:00,14812.61195
6830,Golaghat,18,18,Assam,12-01-2018 00:00,14805.13626
6831,Hailakandi,23,18,Assam,12-01-2018 00:00,14812.57774
6832,Hugli,12,19,West Bengal,12-01-2018 00:00,14878.03654
6833,South  Twenty Four Parganas,18,19,West Bengal,12-01-2018 00:00,14825.05169
6834,Uttar Dinajpur,4,19,West Bengal,12-01-2018 00:00,14925.67381
6835,Jalpaiguri,2,19,West Bengal,12-01-2018 00:00,14879.76273
6836,Koch Bihar,3,19,West Bengal,12-01-2018 00:00,14897.99427
6837,Murshidabad,7,19,West Bengal,12-01-2018 00:00,14819.93517
6838,Puruliya,14,19,West Bengal,12-01-2018 00:00,14852.42977
6839,Kolkata,17,19,West Bengal,12-01-2018 00:00,14972.31767
6840,Maldah,6,19,West Bengal,12-01-2018 00:00,14807.95723
6841,Nadia,10,19,West Bengal,12-01-2018 00:00,14803.27157
6842,North Twenty Four Parganas,11,19,West Bengal,12-01-2018 00:00,14812.04458
6843,Medinipur,15,19,West Bengal,12-01-2018 00:00,14840.8255
6844,Barddhaman,9,19,West Bengal,12-01-2018 00:00,14868.25235
6845,Birbhum,8,19,West Bengal,12-01-2018 00:00,14888.48005
6846,Bankura,13,19,West Bengal,12-01-2018 00:00,14855.70456
6847,Dakshin Dinajpur,5,19,West Bengal,12-01-2018 00:00,14891.01526
6848,Darjiling,1,19,West Bengal,12-01-2018 00:00,14606.06903
6849,Haora,16,19,West Bengal,12-01-2018 00:00,14824.22373
6850,Ranchi,14,20,Jharkhand,12-01-2018 00:00,14781.46531
6851,Sahibganj,9,20,Jharkhand,12-01-2018 00:00,14821.28367
6852,Garhwa,1,20,Jharkhand,12-01-2018 00:00,14780.63836
6853,Palamu,2,20,Jharkhand,12-01-2018 00:00,14757.69581
6854,Chatra,3,20,Jharkhand,12-01-2018 00:00,14775.28974
6855,Hazaribagh,4,20,Jharkhand,12-01-2018 00:00,14760.21603
6856,Kodarma,5,20,Jharkhand,12-01-2018 00:00,14777.63585
6857,Purbi Singhbhum,18,20,Jharkhand,12-01-2018 00:00,14826.44907
6858,Lohardaga,15,20,Jharkhand,12-01-2018 00:00,14737.80409
6859,Pakaur,10,20,Jharkhand,12-01-2018 00:00,14893.50214
6860,Pashchimi Singhbhum,17,20,Jharkhand,12-01-2018 00:00,14783.60649
6861,Bokaro,13,20,Jharkhand,12-01-2018 00:00,14820.71206
6862,Deoghar,7,20,Jharkhand,12-01-2018 00:00,14899.84093
6863,Dhanbad,12,20,Jharkhand,12-01-2018 00:00,14858.64998
6864,Dumka,11,20,Jharkhand,12-01-2018 00:00,14876.077
6865,Giridih,6,20,Jharkhand,12-01-2018 00:00,14846.8451
6866,Godda,8,20,Jharkhand,12-01-2018 00:00,14828.8665
6867,Gumla,16,20,Jharkhand,12-01-2018 00:00,14790.05116
6868,Rayagada,27,21,Orissa,12-01-2018 00:00,14875.49503
6869,Sundargarh,5,21,Orissa,12-01-2018 00:00,14800.03164
6870,Sonapur,23,21,Orissa,12-01-2018 00:00,14877.99044
6871,Jajapur,13,21,Orissa,12-01-2018 00:00,14968.98962
6872,Jagatsinghapur,11,21,Orissa,12-01-2018 00:00,14935.49002
6873,Jharsuguda,2,21,Orissa,12-01-2018 00:00,14857.7123
6874,Khordha,17,21,Orissa,12-01-2018 00:00,14939.79402
6875,Mayurbhanj,7,21,Orissa,12-01-2018 00:00,14808.60594
6876,Puri,18,21,Orissa,12-01-2018 00:00,14923.17395
6877,Koraput,29,21,Orissa,12-01-2018 00:00,14935.28361
6878,Malkangiri,30,21,Orissa,12-01-2018 00:00,14969.82961
6879,Nabarangapur,28,21,Orissa,12-01-2018 00:00,14959.29256
6880,Nayagarh,16,21,Orissa,12-01-2018 00:00,14858.56682
6881,Nuapada,25,21,Orissa,12-01-2018 00:00,14889.0025
6882,Kandhamal,21,21,Orissa,12-01-2018 00:00,14769.63375
6883,Sambalpur,3,21,Orissa,12-01-2018 00:00,14819.46934
6884,Anugul,15,21,Orissa,12-01-2018 00:00,14843.86855
6885,Bhadrak,9,21,Orissa,12-01-2018 00:00,14962.03206
6886,Baudh,22,21,Orissa,12-01-2018 00:00,14832.93851
6887,Balangir,24,21,Orissa,12-01-2018 00:00,14892.38992
6888,Baleshwar,8,21,Orissa,12-01-2018 00:00,14903.64103
6889,Bargarh,1,21,Orissa,12-01-2018 00:00,14876.10324
6890,Kendrapara,10,21,Orissa,12-01-2018 00:00,14933.39823
6891,Kendujhar,6,21,Orissa,12-01-2018 00:00,14834.71899
6892,Debagarh,4,21,Orissa,12-01-2018 00:00,14820.43695
6893,Cuttack,12,21,Orissa,12-01-2018 00:00,14930.25651
6894,Dhenkanal,14,21,Orissa,12-01-2018 00:00,14881.82307
6895,Kalahandi,26,21,Orissa,12-01-2018 00:00,14863.26366
6896,Ganjam,19,21,Orissa,12-01-2018 00:00,14916.45918
6897,Gajapati,20,21,Orissa,12-01-2018 00:00,14869.8066
6898,Surguja,2,22,Chhattisgarh,12-01-2018 00:00,14754.39576
6899,Bilaspur,7,22,Chhattisgarh,12-01-2018 00:00,14868.05645
6900,Janjgir - Champa,6,22,Chhattisgarh,12-01-2018 00:00,14906.09912
6901,Korba,5,22,Chhattisgarh,12-01-2018 00:00,14785.0441
6902,Kawardha,8,22,Chhattisgarh,12-01-2018 00:00,14899.6883
6903,Jashpur,3,22,Chhattisgarh,12-01-2018 00:00,14799.56622
6904,Koriya,1,22,Chhattisgarh,12-01-2018 00:00,14753.11213
6905,Mahasamund,12,22,Chhattisgarh,12-01-2018 00:00,14922.93703
6906,Raigarh,4,22,Chhattisgarh,12-01-2018 00:00,14849.73783
6907,Raipur,11,22,Chhattisgarh,12-01-2018 00:00,14912.98339
6908,Rajnandgaon,9,22,Chhattisgarh,12-01-2018 00:00,14881.00673
6909,Bastar,15,22,Chhattisgarh,12-01-2018 00:00,14880.71501
6910,Dantewada,16,22,Chhattisgarh,12-01-2018 00:00,14896.64409
6911,Dhamtari,13,22,Chhattisgarh,12-01-2018 00:00,14874.80902
6912,Durg,10,22,Chhattisgarh,12-01-2018 00:00,14927.49466
6913,Kanker,14,22,Chhattisgarh,12-01-2018 00:00,14864.75371
6914,Hoshangabad,37,23,Madhya Pradesh,12-01-2018 00:00,14887.1232
6915,Indore,26,23,Madhya Pradesh,12-01-2018 00:00,14900.34069
6916,Shajapur,22,23,Madhya Pradesh,12-01-2018 00:00,14880.22454
6917,Shivpuri,6,23,Madhya Pradesh,12-01-2018 00:00,14922.68117
6918,Ratlam,20,23,Madhya Pradesh,12-01-2018 00:00,14927.63292
6919,Rewa,14,23,Madhya Pradesh,12-01-2018 00:00,14925.61031
6920,Sagar,11,23,Madhya Pradesh,12-01-2018 00:00,14914.92262
6921,Sidhi,17,23,Madhya Pradesh,12-01-2018 00:00,14821.50652
6922,Ujjain,21,23,Madhya Pradesh,12-01-2018 00:00,14854.25736
6923,Vidisha,31,23,Madhya Pradesh,12-01-2018 00:00,14910.58689
6924,West Nimar,27,23,Madhya Pradesh,12-01-2018 00:00,15120.38227
6925,Morena,2,23,Madhya Pradesh,12-01-2018 00:00,14844.72366
6926,Sheopur,1,23,Madhya Pradesh,12-01-2018 00:00,14906.46666
6927,Dindori,41,23,Madhya Pradesh,12-01-2018 00:00,14871.83755
6928,Mandla,42,23,Madhya Pradesh,12-01-2018 00:00,14883.59484
6929,Shahdol,16,23,Madhya Pradesh,12-01-2018 00:00,14846.38289
6930,Umaria,15,23,Madhya Pradesh,12-01-2018 00:00,14825.6162
6931,Jabalpur,39,23,Madhya Pradesh,12-01-2018 00:00,14909.99053
6932,Jhabua,24,23,Madhya Pradesh,12-01-2018 00:00,15096.38673
6933,Mandsaur,19,23,Madhya Pradesh,12-01-2018 00:00,14844.59724
6934,Tikamgarh,8,23,Madhya Pradesh,12-01-2018 00:00,14914.08242
6935,Narsimhapur,40,23,Madhya Pradesh,12-01-2018 00:00,14910.7048
6936,Neemuch,18,23,Madhya Pradesh,12-01-2018 00:00,14892.73262
6937,Panna,10,23,Madhya Pradesh,12-01-2018 00:00,14939.98184
6938,Raisen,34,23,Madhya Pradesh,12-01-2018 00:00,14951.55455
6939,Rajgarh,30,23,Madhya Pradesh,12-01-2018 00:00,14888.05592
6940,Satna,13,23,Madhya Pradesh,12-01-2018 00:00,14923.43738
6941,Sehore,33,23,Madhya Pradesh,12-01-2018 00:00,14898.1982
6942,Seoni,44,23,Madhya Pradesh,12-01-2018 00:00,14951.88835
6943,Bhind,3,23,Madhya Pradesh,12-01-2018 00:00,14795.78825
6944,Bhopal,32,23,Madhya Pradesh,12-01-2018 00:00,14874.14409
6945,Barwani,28,23,Madhya Pradesh,12-01-2018 00:00,15198.44
6946,Betul,35,23,Madhya Pradesh,12-01-2018 00:00,15034.9864
6947,Balaghat,45,23,Madhya Pradesh,12-01-2018 00:00,14835.08686
6948,Chhatarpur,9,23,Madhya Pradesh,12-01-2018 00:00,14937.42449
6949,Chhindwara,43,23,Madhya Pradesh,12-01-2018 00:00,14987.56958
6950,Dewas,23,23,Madhya Pradesh,12-01-2018 00:00,14952.49205
6951,Katni,38,23,Madhya Pradesh,12-01-2018 00:00,14907.74006
6952,Datia,5,23,Madhya Pradesh,12-01-2018 00:00,14924.59835
6953,Damoh,12,23,Madhya Pradesh,12-01-2018 00:00,14930.25619
6954,Dhar,25,23,Madhya Pradesh,12-01-2018 00:00,15042.63742
6955,East Nimar,29,23,Madhya Pradesh,12-01-2018 00:00,15053.24819
6956,Guna,7,23,Madhya Pradesh,12-01-2018 00:00,14930.72996
6957,Gwalior,4,23,Madhya Pradesh,12-01-2018 00:00,14910.35428
6958,Harda,36,23,Madhya Pradesh,12-01-2018 00:00,14871.91286
6959,Sabar Kantha,5,24,Gujarat,12-01-2018 00:00,15000.53627
6960,Surendranagar,8,24,Gujarat,12-01-2018 00:00,15194.83956
6961,The Dangs,23,24,Gujarat,12-01-2018 00:00,15128.47866
6962,Vadodara,19,24,Gujarat,12-01-2018 00:00,15079.98962
6963,Valsad,25,24,Gujarat,12-01-2018 00:00,15154.3098
6964,Bharuch,21,24,Gujarat,12-01-2018 00:00,15133.38986
6965,Surat,22,24,Gujarat,12-01-2018 00:00,15132.07835
6966,Jamnagar,10,24,Gujarat,12-01-2018 00:00,15286.91755
6967,Kheda,16,24,Gujarat,12-01-2018 00:00,15032.52129
6968,Mahesana,4,24,Gujarat,12-01-2018 00:00,15042.29387
6969,Narmada,20,24,Gujarat,12-01-2018 00:00,15145.46221
6970,Navsari,24,24,Gujarat,12-01-2018 00:00,15132.30191
6971,Panch Mahals,17,24,Gujarat,12-01-2018 00:00,15030.25283
6972,Patan,3,24,Gujarat,12-01-2018 00:00,15133.5063
6973,Porbandar,11,24,Gujarat,12-01-2018 00:00,15284.38116
6974,Rajkot,9,24,Gujarat,12-01-2018 00:00,15265.0924
6975,Anand,15,24,Gujarat,12-01-2018 00:00,15044.62135
6976,Ahmadabad,7,24,Gujarat,12-01-2018 00:00,15160.66923
6977,Amreli,13,24,Gujarat,12-01-2018 00:00,15309.01855
6978,Bhavnagar,14,24,Gujarat,12-01-2018 00:00,15282.0137
6979,Banas Kantha,2,24,Gujarat,12-01-2018 00:00,15018.89521
6980,Dohad,18,24,Gujarat,12-01-2018 00:00,15018.72767
6981,Junagadh,12,24,Gujarat,12-01-2018 00:00,15195.70265
6982,Kachchh,1,24,Gujarat,12-01-2018 00:00,15240.31317
6983,Gandhinagar,6,24,Gujarat,12-01-2018 00:00,15078.74708
6984,Daman,2,25,Daman & Diu,12-01-2018 00:00,15099.69744
6985,Diu,1,25,Daman & Diu,12-01-2018 00:00,15032.04975
6986,Hingoli,16,27,Maharashtra,12-01-2018 00:00,15216.95851
6987,Ratnagiri,32,27,Maharashtra,12-01-2018 00:00,15144.85471
6988,Raigarh,24,27,Maharashtra,12-01-2018 00:00,15171.8969
6989,Thane,21,27,Maharashtra,12-01-2018 00:00,15225.29841
6990,Solapur,30,27,Maharashtra,12-01-2018 00:00,15302.40822
6991,Sindhudurg,33,27,Maharashtra,12-01-2018 00:00,15150.99995
6992,Wardha,8,27,Maharashtra,12-01-2018 00:00,15112.76193
6993,Washim,6,27,Maharashtra,12-01-2018 00:00,15178.54693
6994,Yavatmal,14,27,Maharashtra,12-01-2018 00:00,15148.97459
6995,Jalgaon,3,27,Maharashtra,12-01-2018 00:00,15247.13267
6996,Jalna,18,27,Maharashtra,12-01-2018 00:00,15309.69702
6997,Kolhapur,34,27,Maharashtra,12-01-2018 00:00,15095.42486
6998,Latur,28,27,Maharashtra,12-01-2018 00:00,15276.43472
6999,Pune,25,27,Maharashtra,12-01-2018 00:00,15185.92407
7000,Nagpur,9,27,Maharashtra,12-01-2018 00:00,15023.14889
7001,Mumbai,23,27,Maharashtra,12-01-2018 00:00,15153.6198
7002,Mumbai (Suburban),22,27,Maharashtra,12-01-2018 00:00,15172.47036
7003,Nanded,15,27,Maharashtra,12-01-2018 00:00,15201.55739
7004,Nandurbar,1,27,Maharashtra,12-01-2018 00:00,15223.19506
7005,Nashik,20,27,Maharashtra,12-01-2018 00:00,15247.20524
7006,Osmanabad,29,27,Maharashtra,12-01-2018 00:00,15308.20586
7007,Parbhani,17,27,Maharashtra,12-01-2018 00:00,15255.94771
7008,Sangli,35,27,Maharashtra,12-01-2018 00:00,15266.62833
7009,Satara,31,27,Maharashtra,12-01-2018 00:00,15167.86302
7010,Aurangabad,19,27,Maharashtra,12-01-2018 00:00,15311.75658
7011,Ahmadnagar,26,27,Maharashtra,12-01-2018 00:00,15298.36516
7012,Akola,5,27,Maharashtra,12-01-2018 00:00,15202.65759
7013,Amravati,7,27,Maharashtra,12-01-2018 00:00,15105.86438
7014,Bid,27,27,Maharashtra,12-01-2018 00:00,15361.10594
7015,Bhandara,10,27,Maharashtra,12-01-2018 00:00,14938.4612
7016,Buldana,4,27,Maharashtra,12-01-2018 00:00,15232.97299
7017,Chandrapur,13,27,Maharashtra,12-01-2018 00:00,15015.75422
7018,Dhule,2,27,Maharashtra,12-01-2018 00:00,15324.66448
7019,Gadchiroli,12,27,Maharashtra,12-01-2018 00:00,14895.55283
7020,Gondiya,11,27,Maharashtra,12-01-2018 00:00,14891.96662
7021,Hyderabad,5,28,Andhra Pradesh,12-01-2018 00:00,15085.32312
7022,Rangareddi,6,28,Andhra Pradesh,12-01-2018 00:00,15233.28649
7023,Srikakulam,11,28,Andhra Pradesh,12-01-2018 00:00,15020.52133
7024,West Godavari,15,28,Andhra Pradesh,12-01-2018 00:00,14999.18899
7025,Visakhapatnam,13,28,Andhra Pradesh,12-01-2018 00:00,14950.3314
7026,Vizianagaram,12,28,Andhra Pradesh,12-01-2018 00:00,15020.0329
7027,Warangal,9,28,Andhra Pradesh,12-01-2018 00:00,15064.77972
7028,Khammam,10,28,Andhra Pradesh,12-01-2018 00:00,15013.04412
7029,Medak,4,28,Andhra Pradesh,12-01-2018 00:00,15209.6899
7030,Krishna,16,28,Andhra Pradesh,12-01-2018 00:00,15050.10017
7031,Kurnool,21,28,Andhra Pradesh,12-01-2018 00:00,15297.24149
7032,Mahbubnagar,7,28,Andhra Pradesh,12-01-2018 00:00,15266.07499
7033,Nalgonda,8,28,Andhra Pradesh,12-01-2018 00:00,15187.04693
7034,Nellore,19,28,Andhra Pradesh,12-01-2018 00:00,15113.81934
7035,Nizamabad,2,28,Andhra Pradesh,12-01-2018 00:00,15105.36453
7036,Prakasam,18,28,Andhra Pradesh,12-01-2018 00:00,15192.24333
7037,Anantapur,22,28,Andhra Pradesh,12-01-2018 00:00,15345.59188
7038,Adilabad,1,28,Andhra Pradesh,12-01-2018 00:00,15062.07069
7039,Chittoor,23,28,Andhra Pradesh,12-01-2018 00:00,15137.57679
7040,Cuddapah,20,28,Andhra Pradesh,12-01-2018 00:00,15230.04556
7041,East Godavari,14,28,Andhra Pradesh,12-01-2018 00:00,14965.44693
7042,Karimnagar,3,28,Andhra Pradesh,12-01-2018 00:00,15077.15615
7043,Guntur,17,28,Andhra Pradesh,12-01-2018 00:00,15127.4803
7044,Hassan,23,29,Karnataka,12-01-2018 00:00,15062.42391
7045,Haveri,11,29,Karnataka,12-01-2018 00:00,15297.7968
7046,Shimoga,15,29,Karnataka,12-01-2018 00:00,15041.61965
7047,Tumkur,18,29,Karnataka,12-01-2018 00:00,15207.80467
7048,Udupi,16,29,Karnataka,12-01-2018 00:00,15126.93233
7049,Uttara Kannada,10,29,Karnataka,12-01-2018 00:00,15003.83763
7050,Kodagu,25,29,Karnataka,12-01-2018 00:00,14887.08648
7051,Kolar,19,29,Karnataka,12-01-2018 00:00,15234.60126
7052,Mandya,22,29,Karnataka,12-01-2018 00:00,15095.11891
7053,Koppal,7,29,Karnataka,12-01-2018 00:00,15369.18681
7054,Mysore,26,29,Karnataka,12-01-2018 00:00,15109.25712
7055,Raichur,6,29,Karnataka,12-01-2018 00:00,15310.6058
7056,Bagalkot,2,29,Karnataka,12-01-2018 00:00,15294.33055
7057,Bangalore,20,29,Karnataka,12-01-2018 00:00,15116.73995
7058,Bidar,5,29,Karnataka,12-01-2018 00:00,15292.57676
7059,Bijapur,3,29,Karnataka,12-01-2018 00:00,15380.68292
7060,Belgaum,1,29,Karnataka,12-01-2018 00:00,15200.05626
7061,Bellary,12,29,Karnataka,12-01-2018 00:00,15310.5927
7062,Bangalore Rural,21,29,Karnataka,12-01-2018 00:00,15149.63985
7063,Chamarajanagar,27,29,Karnataka,12-01-2018 00:00,15109.82457
7064,Chikmagalur,17,29,Karnataka,12-01-2018 00:00,14994.30382
7065,Chitradurga,13,29,Karnataka,12-01-2018 00:00,15328.68561
7066,Dakshina Kannada,24,29,Karnataka,12-01-2018 00:00,15081.27684
7067,Davanagere,14,29,Karnataka,12-01-2018 00:00,15291.45909
7068,Dharwad,9,29,Karnataka,12-01-2018 00:00,15323.91099
7069,Gulbarga,4,29,Karnataka,12-01-2018 00:00,15316.25905
7070,Gadag,8,29,Karnataka,12-01-2018 00:00,15437.81117
7071,South Goa,2,30,Goa,12-01-2018 00:00,15106.60807
7072,North Goa,1,30,Goa,12-01-2018 00:00,15148.45257
7073,Idukki,9,32,Kerala,12-01-2018 00:00,14881.58117
7074,Thrissur,7,32,Kerala,12-01-2018 00:00,15058.03602
7075,Thiruvananthapuram,14,32,Kerala,12-01-2018 00:00,15065.83384
7076,Wayanad,3,32,Kerala,12-01-2018 00:00,14887.51433
7077,Kollam,13,32,Kerala,12-01-2018 00:00,15045.8857
7078,Kottayam,10,32,Kerala,12-01-2018 00:00,15088.28813
7079,Kozhikode,4,32,Kerala,12-01-2018 00:00,15063.31132
7080,Malappuram,5,32,Kerala,12-01-2018 00:00,15065.97514
7081,Palakkad,6,32,Kerala,12-01-2018 00:00,15004.93219
7082,Pathanamthitta,12,32,Kerala,12-01-2018 00:00,14985.96417
7083,Alappuzha,11,32,Kerala,12-01-2018 00:00,15060.29707
7084,Kasaragod,1,32,Kerala,12-01-2018 00:00,15117.29528
7085,Kannur,2,32,Kerala,12-01-2018 00:00,15100.7536
7086,Ernakulam,8,32,Kerala,12-01-2018 00:00,15105.75855
7087,Sivaganga,23,33,Tamil Nadu,12-01-2018 00:00,15149.17347
7088,Tiruchirappalli,15,33,Tamil Nadu,12-01-2018 00:00,15149.80584
7089,Tirunelveli,29,33,Tamil Nadu,12-01-2018 00:00,15044.91343
7090,Tiruvannamalai,6,33,Tamil Nadu,12-01-2018 00:00,15101.95456
7091,Thoothukkudi,28,33,Tamil Nadu,12-01-2018 00:00,15152.27478
7092,Theni,25,33,Tamil Nadu,12-01-2018 00:00,15014.4454
7093,Vellore,4,33,Tamil Nadu,12-01-2018 00:00,15107.71864
7094,Viluppuram,7,33,Tamil Nadu,12-01-2018 00:00,15092.34424
7095,Virudhunagar,26,33,Tamil Nadu,12-01-2018 00:00,15233.0334
7096,Chennai,2,33,Tamil Nadu,12-01-2018 00:00,15205.61364
7097,Kancheepuram,3,33,Tamil Nadu,12-01-2018 00:00,15089.48068
7098,Thiruvallur,1,33,Tamil Nadu,12-01-2018 00:00,15114.3752
7099,Thanjavur,21,33,Tamil Nadu,12-01-2018 00:00,15053.70473
7100,Thiruvarur,20,33,Tamil Nadu,12-01-2018 00:00,15018.97781
7101,Nagapattinam,19,33,Tamil Nadu,12-01-2018 00:00,15016.62222
7102,Kanniyakumari,30,33,Tamil Nadu,12-01-2018 00:00,15042.45102
7103,Karur,14,33,Tamil Nadu,12-01-2018 00:00,15237.06687
7104,Madurai,24,33,Tamil Nadu,12-01-2018 00:00,15116.24147
7105,Namakkal,9,33,Tamil Nadu,12-01-2018 00:00,15223.80276
7106,The Nilgiris,11,33,Tamil Nadu,12-01-2018 00:00,14805.46689
7107,Perambalur,16,33,Tamil Nadu,12-01-2018 00:00,15129.93863
7108,Pudukkottai,22,33,Tamil Nadu,12-01-2018 00:00,15109.73791
7109,Ramanathapuram,27,33,Tamil Nadu,12-01-2018 00:00,15164.7928
7110,Salem,8,33,Tamil Nadu,12-01-2018 00:00,15145.56547
7111,Ariyalur,17,33,Tamil Nadu,12-01-2018 00:00,15097.02864
7112,Coimbatore,12,33,Tamil Nadu,12-01-2018 00:00,15091.37655
7113,Cuddalore,18,33,Tamil Nadu,12-01-2018 00:00,15064.77173
7114,Dharmapuri,5,33,Tamil Nadu,12-01-2018 00:00,15153.90117
7115,Dindigul,13,33,Tamil Nadu,12-01-2018 00:00,15025.00482
7116,Erode,10,33,Tamil Nadu,12-01-2018 00:00,15127.5544
7117,Yanam,1,34,Puducherry,12-01-2018 00:00,14958.61999
7118,Karaikal,4,34,Puducherry,12-01-2018 00:00,15090.20779
7119,Mahe,3,34,Puducherry,12-01-2018 00:00,15116.46173
7120,Pondicherry,2,34,Puducherry,12-01-2018 00:00,15063.41262
7121,Nicobars,2,35,Andaman & Nicobar Island,12-01-2018 00:00,14946.47373
7122,Andamans,1,35,Andaman & Nicobar Island,12-01-2018 00:00,14935.6237
0,Lakshadweep,1,31,Lakshadweep,01-01-2019 00:00,15038.45342
1,Chandigarh,1,4,Chandigarh,01-01-2019 00:00,14580.69478
2,Dadra & Nagar Haveli,1,26,Dadara & Nagar Havelli,01-01-2019 00:00,15195.21934
3,Data Not Available,99,99,Jammu and Kashmir,01-01-2019 00:00,12948.40588
4,Srinagar,3,1,Jammu and Kashmir,01-01-2019 00:00,13242.08672
5,Udhampur,10,1,Jammu and Kashmir,01-01-2019 00:00,14026.96538
6,Jammu,13,1,Jammu and Kashmir,01-01-2019 00:00,14424.0415
7,Kargil,8,1,Jammu and Kashmir,01-01-2019 00:00,12825.5663
8,Kathua,14,1,Jammu and Kashmir,01-01-2019 00:00,14304.52188
9,Leh (Ladakh),7,1,Jammu and Kashmir,01-01-2019 00:00,13043.99016
10,Kupwara,1,1,Jammu and Kashmir,01-01-2019 00:00,13381.4967
11,Punch,11,1,Jammu and Kashmir,01-01-2019 00:00,13880.61903
12,Pulwama,5,1,Jammu and Kashmir,01-01-2019 00:00,13640.4742
13,Rajauri,12,1,Jammu and Kashmir,01-01-2019 00:00,14179.82925
14,Anantnag,6,1,Jammu and Kashmir,01-01-2019 00:00,13298.73765
15,Badgam,4,1,Jammu and Kashmir,01-01-2019 00:00,13454.7117
16,Baramula,2,1,Jammu and Kashmir,01-01-2019 00:00,13311.16095
17,Doda,9,1,Jammu and Kashmir,01-01-2019 00:00,13213.70631
18,Shimla,11,2,Himachal Pradesh,01-01-2019 00:00,13962.2613
19,Sirmaur,10,2,Himachal Pradesh,01-01-2019 00:00,14370.10053
20,Solan,9,2,Himachal Pradesh,01-01-2019 00:00,14382.76228
21,Una,7,2,Himachal Pradesh,01-01-2019 00:00,14485.87907
22,Kangra,2,2,Himachal Pradesh,01-01-2019 00:00,14119.53811
23,Kinnaur,12,2,Himachal Pradesh,01-01-2019 00:00,13097.60699
24,Lahul & Spiti,3,2,Himachal Pradesh,01-01-2019 00:00,12828.46757
25,Kullu,4,2,Himachal Pradesh,01-01-2019 00:00,13435.43106
26,Mandi,5,2,Himachal Pradesh,01-01-2019 00:00,14170.59249
27,Bilaspur,8,2,Himachal Pradesh,01-01-2019 00:00,14383.73554
28,Chamba,1,2,Himachal Pradesh,01-01-2019 00:00,13456.34968
29,Hamirpur,6,2,Himachal Pradesh,01-01-2019 00:00,14381.983
30,Rupnagar,7,3,Punjab,01-01-2019 00:00,14511.41273
31,Hoshiarpur,5,3,Punjab,01-01-2019 00:00,14472.59429
32,Jalandhar,4,3,Punjab,01-01-2019 00:00,14443.17946
33,Kapurthala,3,3,Punjab,01-01-2019 00:00,14434.08051
34,Ludhiana,9,3,Punjab,01-01-2019 00:00,14456.74294
35,Mansa,15,3,Punjab,01-01-2019 00:00,14450.81779
36,Moga,10,3,Punjab,01-01-2019 00:00,14440.74251
37,Muktsar,12,3,Punjab,01-01-2019 00:00,14438.95703
38,Nawanshahr,6,3,Punjab,01-01-2019 00:00,14488.26417
39,Patiala,17,3,Punjab,01-01-2019 00:00,14468.96426
40,Sangrur,16,3,Punjab,01-01-2019 00:00,14444.57424
41,Amritsar,2,3,Punjab,01-01-2019 00:00,14421.44857
42,Firozpur,11,3,Punjab,01-01-2019 00:00,14445.00266
43,Bathinda,14,3,Punjab,01-01-2019 00:00,14442.75616
44,Gurdaspur,1,3,Punjab,01-01-2019 00:00,14413.72936
45,Faridkot,13,3,Punjab,01-01-2019 00:00,14437.35114
46,Fatehgarh Sahib,8,3,Punjab,01-01-2019 00:00,14467.70072
47,Rudraprayag,3,5,Uttarakhand,01-01-2019 00:00,13859.48795
48,Tehri Garhwal,4,5,Uttarakhand,01-01-2019 00:00,14126.07685
49,Udham Singh Nagar,12,5,Uttarakhand,01-01-2019 00:00,14576.16659
50,Uttarkashi,1,5,Uttarakhand,01-01-2019 00:00,13448.49557
51,Hardwar,13,5,Uttarakhand,01-01-2019 00:00,14574.29695
52,Nainital,11,5,Uttarakhand,01-01-2019 00:00,14485.51242
53,Pithoragarh,7,5,Uttarakhand,01-01-2019 00:00,13586.11587
54,Bageshwar,8,5,Uttarakhand,01-01-2019 00:00,14002.50686
55,Almora,9,5,Uttarakhand,01-01-2019 00:00,14358.82765
56,Chamoli,2,5,Uttarakhand,01-01-2019 00:00,13457.15082
57,Champawat,10,5,Uttarakhand,01-01-2019 00:00,14380.21827
58,Dehradun,5,5,Uttarakhand,01-01-2019 00:00,14392.59508
59,Garhwal,6,5,Uttarakhand,01-01-2019 00:00,14366.66421
60,Rohtak,14,6,Haryana,01-01-2019 00:00,14514.51555
61,Sirsa,11,6,Haryana,01-01-2019 00:00,14456.86035
62,Sonipat,8,6,Haryana,01-01-2019 00:00,14511.85283
63,Yamunanagar,3,6,Haryana,01-01-2019 00:00,14546.36186
64,Jhajjar,15,6,Haryana,01-01-2019 00:00,14519.39112
65,Mahendragarh,16,6,Haryana,01-01-2019 00:00,14545.64552
66,Rewari,17,6,Haryana,01-01-2019 00:00,14513.99456
67,Bhiwani,13,6,Haryana,01-01-2019 00:00,14525.13668
68,Hisar,12,6,Haryana,01-01-2019 00:00,14479.14602
69,Jind,9,6,Haryana,01-01-2019 00:00,14458.85574
70,Kaithal,5,6,Haryana,01-01-2019 00:00,14461.36509
71,Karnal,6,6,Haryana,01-01-2019 00:00,14490.60938
72,Kurukshetra,4,6,Haryana,01-01-2019 00:00,14501.0773
73,Panchkula,1,6,Haryana,01-01-2019 00:00,14537.51913
74,Panipat,7,6,Haryana,01-01-2019 00:00,14505.28997
75,Ambala,2,6,Haryana,01-01-2019 00:00,14515.97319
76,Gurgaon,18,6,Haryana,01-01-2019 00:00,14544.79279
77,Faridabad,19,6,Haryana,01-01-2019 00:00,14533.27314
78,Fatehabad,10,6,Haryana,01-01-2019 00:00,14442.99089
79,Central,6,7,Delhi  & NCR,01-01-2019 00:00,14569.82389
80,East,4,7,Delhi  & NCR,01-01-2019 00:00,14585.97148
81,New Delhi,5,7,Delhi  & NCR,01-01-2019 00:00,14553.48362
82,North,2,7,Delhi  & NCR,01-01-2019 00:00,14570.46077
83,North East,3,7,Delhi  & NCR,01-01-2019 00:00,14579.51915
84,North West,1,7,Delhi  & NCR,01-01-2019 00:00,14570.06502
85,South,9,7,Delhi  & NCR,01-01-2019 00:00,14578.50169
86,South West,8,7,Delhi  & NCR,01-01-2019 00:00,14543.62112
87,West,7,7,Delhi  & NCR,01-01-2019 00:00,14598.87918
88,Sirohi,19,8,Rajasthan,01-01-2019 00:00,15026.23657
89,Tonk,22,8,Rajasthan,01-01-2019 00:00,14784.39638
90,Sikar,13,8,Rajasthan,01-01-2019 00:00,14798.08095
91,Alwar,6,8,Rajasthan,01-01-2019 00:00,14601.1517
92,Udaipur,26,8,Rajasthan,01-01-2019 00:00,14922.87611
93,Ganganagar,1,8,Rajasthan,01-01-2019 00:00,14642.97017
94,Hanumangarh,2,8,Rajasthan,01-01-2019 00:00,14647.20949
95,Baran,31,8,Rajasthan,01-01-2019 00:00,14776.40277
96,Jaipur,12,8,Rajasthan,01-01-2019 00:00,14791.37246
97,Jaisalmer,16,8,Rajasthan,01-01-2019 00:00,15069.75551
98,Jalor,18,8,Rajasthan,01-01-2019 00:00,15064.75052
99,Jhalawar,32,8,Rajasthan,01-01-2019 00:00,14821.04192
100,Jhunjhunun,5,8,Rajasthan,01-01-2019 00:00,14741.47297
101,Jodhpur,15,8,Rajasthan,01-01-2019 00:00,15067.14907
102,Kota,30,8,Rajasthan,01-01-2019 00:00,14755.1801
103,Nagaur,14,8,Rajasthan,01-01-2019 00:00,14992.45754
104,Pali,20,8,Rajasthan,01-01-2019 00:00,15077.43164
105,Rajsamand,25,8,Rajasthan,01-01-2019 00:00,14892.63379
106,Sawai Madhopur,10,8,Rajasthan,01-01-2019 00:00,14683.57814
107,Ajmer,21,8,Rajasthan,01-01-2019 00:00,14937.72693
108,Banswara,28,8,Rajasthan,01-01-2019 00:00,14950.55521
109,Barmer,17,8,Rajasthan,01-01-2019 00:00,15155.23139
110,Bhilwara,24,8,Rajasthan,01-01-2019 00:00,14900.56159
111,Bikaner,3,8,Rajasthan,01-01-2019 00:00,15009.35282
112,Bharatpur,7,8,Rajasthan,01-01-2019 00:00,14568.44486
113,Bundi,23,8,Rajasthan,01-01-2019 00:00,14767.04391
114,Chittaurgarh,29,8,Rajasthan,01-01-2019 00:00,14838.11728
115,Churu,4,8,Rajasthan,01-01-2019 00:00,14926.0917
116,Dausa,11,8,Rajasthan,01-01-2019 00:00,14720.24835
117,Dhaulpur,8,8,Rajasthan,01-01-2019 00:00,14667.59565
118,Dungarpur,27,8,Rajasthan,01-01-2019 00:00,14947.93475
119,Karauli,9,8,Rajasthan,01-01-2019 00:00,14739.66289
120,Shrawasti,51,9,Uttar Pradesh,01-01-2019 00:00,14617.32454
121,Saharanpur,1,9,Uttar Pradesh,01-01-2019 00:00,14551.22503
122,Sitapur,24,9,Uttar Pradesh,01-01-2019 00:00,14622.90416
123,Sultanpur,49,9,Uttar Pradesh,01-01-2019 00:00,14634.46451
124,Sonbhadra,70,9,Uttar Pradesh,01-01-2019 00:00,14811.77784
125,Siddharthnagar,54,9,Uttar Pradesh,01-01-2019 00:00,14620.02088
126,Unnao,26,9,Uttar Pradesh,01-01-2019 00:00,14595.57458
127,Varanasi,67,9,Uttar Pradesh,01-01-2019 00:00,14672.23635
128,Bulandshahr,11,9,Uttar Pradesh,01-01-2019 00:00,14534.18974
129,Gautam Buddha Nagar,10,9,Uttar Pradesh,01-01-2019 00:00,14546.14341
130,Ghaziabad,9,9,Uttar Pradesh,01-01-2019 00:00,14565.66585
131,Hathras,13,9,Uttar Pradesh,01-01-2019 00:00,14542.76713
132,Jalaun,35,9,Uttar Pradesh,01-01-2019 00:00,14695.03854
133,Jaunpur,64,9,Uttar Pradesh,01-01-2019 00:00,14632.21744
134,Jhansi,36,9,Uttar Pradesh,01-01-2019 00:00,14760.71918
135,Jyotiba Phule Nagar,6,9,Uttar Pradesh,01-01-2019 00:00,14577.39668
136,Kannauj,30,9,Uttar Pradesh,01-01-2019 00:00,14621.19749
137,Kanpur Nagar,34,9,Uttar Pradesh,01-01-2019 00:00,14644.7536
138,Kaushambi,44,9,Uttar Pradesh,01-01-2019 00:00,14676.95319
139,Kheri,23,9,Uttar Pradesh,01-01-2019 00:00,14619.56642
140,Mirzapur,69,9,Uttar Pradesh,01-01-2019 00:00,14786.77827
141,Moradabad,4,9,Uttar Pradesh,01-01-2019 00:00,14582.35391
142,Muzaffarnagar,2,9,Uttar Pradesh,01-01-2019 00:00,14567.48984
143,Rae Bareli,28,9,Uttar Pradesh,01-01-2019 00:00,14633.84521
144,Kushinagar,59,9,Uttar Pradesh,01-01-2019 00:00,14670.4596
145,Lucknow,27,9,Uttar Pradesh,01-01-2019 00:00,14631.1373
146,Lalitpur,37,9,Uttar Pradesh,01-01-2019 00:00,14720.42727
147,Mahrajganj,57,9,Uttar Pradesh,01-01-2019 00:00,14633.75056
148,Mahoba,39,9,Uttar Pradesh,01-01-2019 00:00,14879.14885
149,Mainpuri,18,9,Uttar Pradesh,01-01-2019 00:00,14563.58645
150,Mathura,14,9,Uttar Pradesh,01-01-2019 00:00,14506.65982
151,Mau,62,9,Uttar Pradesh,01-01-2019 00:00,14620.05887
152,Meerut,7,9,Uttar Pradesh,01-01-2019 00:00,14585.51851
153,Pilibhit,21,9,Uttar Pradesh,01-01-2019 00:00,14578.79187
154,Pratapgarh,43,9,Uttar Pradesh,01-01-2019 00:00,14639.44516
155,Rampur,5,9,Uttar Pradesh,01-01-2019 00:00,14561.06461
156,Sant Ravidas Nagar Bhadohi,68,9,Uttar Pradesh,01-01-2019 00:00,14656.75496
157,Sant Kabir Nagar,56,9,Uttar Pradesh,01-01-2019 00:00,14615.05979
158,Shahjahanpur,22,9,Uttar Pradesh,01-01-2019 00:00,14581.80559
159,Auraiya,32,9,Uttar Pradesh,01-01-2019 00:00,14610.99244
160,Azamgarh,61,9,Uttar Pradesh,01-01-2019 00:00,14634.2915
161,Budaun,19,9,Uttar Pradesh,01-01-2019 00:00,14568.55
162,Agra,15,9,Uttar Pradesh,01-01-2019 00:00,14564.0588
163,Aligarh,12,9,Uttar Pradesh,01-01-2019 00:00,14527.15471
164,Allahabad,45,9,Uttar Pradesh,01-01-2019 00:00,14719.41613
165,Ambedkar Nagar,48,9,Uttar Pradesh,01-01-2019 00:00,14625.23315
166,Bareilly,20,9,Uttar Pradesh,01-01-2019 00:00,14578.90698
167,Bijnor,3,9,Uttar Pradesh,01-01-2019 00:00,14589.44477
168,Basti,55,9,Uttar Pradesh,01-01-2019 00:00,14634.11231
169,Baghpat,8,9,Uttar Pradesh,01-01-2019 00:00,14581.42027
170,Bahraich,50,9,Uttar Pradesh,01-01-2019 00:00,14601.193
171,Ballia,63,9,Uttar Pradesh,01-01-2019 00:00,14632.94452
172,Balrampur,52,9,Uttar Pradesh,01-01-2019 00:00,14656.33855
173,Banda,40,9,Uttar Pradesh,01-01-2019 00:00,14770.45271
174,Barabanki,46,9,Uttar Pradesh,01-01-2019 00:00,14609.14546
175,Chitrakoot,41,9,Uttar Pradesh,01-01-2019 00:00,14785.13652
176,Chandauli,66,9,Uttar Pradesh,01-01-2019 00:00,14756.70696
177,Deoria,60,9,Uttar Pradesh,01-01-2019 00:00,14628.84962
178,Etah,17,9,Uttar Pradesh,01-01-2019 00:00,14542.70624
179,Kanpur Dehat,33,9,Uttar Pradesh,01-01-2019 00:00,14620.61632
180,Etawah,31,9,Uttar Pradesh,01-01-2019 00:00,14604.33248
181,Faizabad,47,9,Uttar Pradesh,01-01-2019 00:00,14642.67705
182,Ghazipur,65,9,Uttar Pradesh,01-01-2019 00:00,14651.57659
183,Gonda,53,9,Uttar Pradesh,01-01-2019 00:00,14653.54678
184,Gorakhpur,58,9,Uttar Pradesh,01-01-2019 00:00,14617.94024
185,Farrukhabad,29,9,Uttar Pradesh,01-01-2019 00:00,14599.73734
186,Fatehpur,42,9,Uttar Pradesh,01-01-2019 00:00,14650.12795
187,Firozabad,16,9,Uttar Pradesh,01-01-2019 00:00,14556.82144
188,Hamirpur,38,9,Uttar Pradesh,01-01-2019 00:00,14724.66784
189,Hardoi,25,9,Uttar Pradesh,01-01-2019 00:00,14596.71337
190,Sheikhpura,26,10,Bihar,01-01-2019 00:00,14783.64454
191,Sheohar,3,10,Bihar,01-01-2019 00:00,14660.35307
192,Saharsa,12,10,Bihar,01-01-2019 00:00,14689.37325
193,Sitamarhi,4,10,Bihar,01-01-2019 00:00,14677.50411
194,Siwan,16,10,Bihar,01-01-2019 00:00,14668.32262
195,Supaul,6,10,Bihar,01-01-2019 00:00,14707.32489
196,Vaishali,18,10,Bihar,01-01-2019 00:00,14676.44071
197,Kaimur (Bhabua),31,10,Bihar,01-01-2019 00:00,14782.00157
198,Gaya,35,10,Bihar,01-01-2019 00:00,14836.55535
199,Bhojpur,29,10,Bihar,01-01-2019 00:00,14727.67885
200,Buxar,30,10,Bihar,01-01-2019 00:00,14696.73215
201,Jehanabad,33,10,Bihar,01-01-2019 00:00,14761.41637
202,Rohtas,32,10,Bihar,01-01-2019 00:00,14751.96054
203,Jamui,37,10,Bihar,01-01-2019 00:00,14877.6328
204,Kishanganj,8,10,Bihar,01-01-2019 00:00,14904.24589
205,Muzaffarpur,14,10,Bihar,01-01-2019 00:00,14684.05481
206,Purnia,9,10,Bihar,01-01-2019 00:00,14772.7332
207,Khagaria,21,10,Bihar,01-01-2019 00:00,14683.89112
208,Madhubani,5,10,Bihar,01-01-2019 00:00,14731.76354
209,Lakhisarai,25,10,Bihar,01-01-2019 00:00,14741.1559
210,Madhepura,11,10,Bihar,01-01-2019 00:00,14708.26144
211,Purba Champaran,2,10,Bihar,01-01-2019 00:00,14690.92381
212,Munger,24,10,Bihar,01-01-2019 00:00,14750.08838
213,Nalanda,27,10,Bihar,01-01-2019 00:00,14766.16
214,Nawada,36,10,Bihar,01-01-2019 00:00,14804.63716
215,Pashchim Champaran,1,10,Bihar,01-01-2019 00:00,14715.04846
216,Patna,28,10,Bihar,01-01-2019 00:00,14737.75737
217,Samastipur,19,10,Bihar,01-01-2019 00:00,14672.33325
218,Araria,7,10,Bihar,01-01-2019 00:00,14789.84331
219,Aurangabad,34,10,Bihar,01-01-2019 00:00,14810.64199
220,Banka,23,10,Bihar,01-01-2019 00:00,14886.11479
221,Bhagalpur,22,10,Bihar,01-01-2019 00:00,14721.94005
222,Begusarai,20,10,Bihar,01-01-2019 00:00,14660.22161
223,Saran,17,10,Bihar,01-01-2019 00:00,14665.38474
224,Katihar,10,10,Bihar,01-01-2019 00:00,14750.77354
225,Darbhanga,13,10,Bihar,01-01-2019 00:00,14711.28064
226,Gopalganj,15,10,Bihar,01-01-2019 00:00,14680.77141
227,South,3,11,Sikkim,01-01-2019 00:00,14282.25912
228,West,2,11,Sikkim,01-01-2019 00:00,14069.98642
229,North,1,11,Sikkim,01-01-2019 00:00,13522.23673
230,East,4,11,Sikkim,01-01-2019 00:00,14169.53549
231,Tawang,1,12,Arunanchal Pradesh,01-01-2019 00:00,13784.46446
232,Tirap,13,12,Arunanchal Pradesh,01-01-2019 00:00,14545.96824
233,West Kameng,2,12,Arunanchal Pradesh,01-01-2019 00:00,14196.07259
234,West Siang,7,12,Arunanchal Pradesh,01-01-2019 00:00,14183.84153
235,Upper Siang,9,12,Arunanchal Pradesh,01-01-2019 00:00,14020.69963
236,Upper Subansiri,6,12,Arunanchal Pradesh,01-01-2019 00:00,14015.16748
237,Lohit,11,12,Arunanchal Pradesh,01-01-2019 00:00,14129.27502
238,Lower Subansiri,5,12,Arunanchal Pradesh,01-01-2019 00:00,14118.4117
239,Papum Pare,4,12,Arunanchal Pradesh,01-01-2019 00:00,14417.55442
240,Changlang,12,12,Arunanchal Pradesh,01-01-2019 00:00,14465.36301
241,Dibang Valley,10,12,Arunanchal Pradesh,01-01-2019 00:00,13946.7802
242,East Kameng,3,12,Arunanchal Pradesh,01-01-2019 00:00,14240.11628
243,East Siang,8,12,Arunanchal Pradesh,01-01-2019 00:00,14525.86738
244,Tuensang,2,13,Nagaland,01-01-2019 00:00,14438.02263
245,Wokha,5,13,Nagaland,01-01-2019 00:00,14581.16336
246,Zunheboto,4,13,Nagaland,01-01-2019 00:00,14468.26352
247,Dimapur,6,13,Nagaland,01-01-2019 00:00,14693.45929
248,Kohima,7,13,Nagaland,01-01-2019 00:00,14545.0408
249,Mokokchung,3,13,Nagaland,01-01-2019 00:00,14573.38456
250,Mon,1,13,Nagaland,01-01-2019 00:00,14603.32792
251,Phek,8,13,Nagaland,01-01-2019 00:00,14402.57911
252,Tamenglong,2,14,Manipur,01-01-2019 00:00,14546.73711
253,Thoubal,5,14,Manipur,01-01-2019 00:00,14686.0659
254,Ukhrul,8,14,Manipur,01-01-2019 00:00,14514.07783
255,Imphal East,7,14,Manipur,01-01-2019 00:00,14735.5794
256,Imphal West,6,14,Manipur,01-01-2019 00:00,14695.60192
257,Senapati (Excl. 3 sub-divisions),1,14,Manipur,01-01-2019 00:00,14512.05083
258,Bishnupur,4,14,Manipur,01-01-2019 00:00,14649.7129
259,Chandel,9,14,Manipur,01-01-2019 00:00,14585.6506
260,Churachandpur,3,14,Manipur,01-01-2019 00:00,14569.24661
261,Kolasib,2,15,Mizoram,01-01-2019 00:00,14699.30368
262,Mamit,1,15,Mizoram,01-01-2019 00:00,14699.86644
263,Lunglei,6,15,Mizoram,01-01-2019 00:00,14635.12848
264,Lawngtlai,7,15,Mizoram,01-01-2019 00:00,14714.49611
265,Saiha,8,15,Mizoram,01-01-2019 00:00,14619.33546
266,Serchhip,5,15,Mizoram,01-01-2019 00:00,14577.28789
267,Aizawl,3,15,Mizoram,01-01-2019 00:00,14630.46097
268,Champhai,4,15,Mizoram,01-01-2019 00:00,14563.05103
269,South Tripura,2,16,Tripura,01-01-2019 00:00,14875.41036
270,West Tripura,1,16,Tripura,01-01-2019 00:00,14865.86685
271,North Tripura,4,16,Tripura,01-01-2019 00:00,14782.32175
272,Dhalai,3,16,Tripura,01-01-2019 00:00,14796.15835
273,Ri Bhoi,5,17,Meghalaya,01-01-2019 00:00,14657.08003
274,South Garo Hills,3,17,Meghalaya,01-01-2019 00:00,14747.66362
275,West Garo Hills,1,17,Meghalaya,01-01-2019 00:00,14786.29649
276,West Khasi Hills,4,17,Meghalaya,01-01-2019 00:00,14625.57787
277,Jaintia Hills,7,17,Meghalaya,01-01-2019 00:00,14666.32915
278,East Garo Hills,2,17,Meghalaya,01-01-2019 00:00,14706.64279
279,East Khasi Hills,6,17,Meghalaya,01-01-2019 00:00,14634.51305
280,Sonitpur,11,18,Assam,01-01-2019 00:00,14808.35303
281,Sibsagar,16,18,Assam,01-01-2019 00:00,14749.08074
282,Tinsukia,14,18,Assam,01-01-2019 00:00,14726.58312
283,Jorhat,17,18,Assam,01-01-2019 00:00,14752.95913
284,Karimganj,22,18,Assam,01-01-2019 00:00,14801.06108
285,Kokrajhar,1,18,Assam,01-01-2019 00:00,14849.67193
286,Lakhimpur,12,18,Assam,01-01-2019 00:00,14788.87053
287,Nagaon,10,18,Assam,01-01-2019 00:00,14792.31155
288,Marigaon,9,18,Assam,01-01-2019 00:00,14787.16658
289,Nalbari,7,18,Assam,01-01-2019 00:00,14810.79247
290,North Cachar Hills,20,18,Assam,01-01-2019 00:00,14629.88565
291,Barpeta,5,18,Assam,01-01-2019 00:00,14801.07596
292,Bongaigaon,4,18,Assam,01-01-2019 00:00,14800.97422
293,Cachar,21,18,Assam,01-01-2019 00:00,14783.5468
294,Darrang,8,18,Assam,01-01-2019 00:00,14810.44552
295,Dhemaji,13,18,Assam,01-01-2019 00:00,14786.56183
296,Dhubri,2,18,Assam,01-01-2019 00:00,14825.19304
297,Dibrugarh,15,18,Assam,01-01-2019 00:00,14742.4377
298,Kamrup,6,18,Assam,01-01-2019 00:00,14762.62689
299,Karbi Anglong,19,18,Assam,01-01-2019 00:00,14674.09927
300,Goalpara,3,18,Assam,01-01-2019 00:00,14773.52912
301,Golaghat,18,18,Assam,01-01-2019 00:00,14763.90782
302,Hailakandi,23,18,Assam,01-01-2019 00:00,14791.21169
303,South  Twenty Four Parganas,18,19,West Bengal,01-01-2019 00:00,14834.08686
304,Uttar Dinajpur,4,19,West Bengal,01-01-2019 00:00,14871.60052
305,Hugli,12,19,West Bengal,01-01-2019 00:00,14838.44398
306,Jalpaiguri,2,19,West Bengal,01-01-2019 00:00,14842.97875
307,Koch Bihar,3,19,West Bengal,01-01-2019 00:00,14832.64119
308,Murshidabad,7,19,West Bengal,01-01-2019 00:00,14811.71945
309,Puruliya,14,19,West Bengal,01-01-2019 00:00,14902.89263
310,Kolkata,17,19,West Bengal,01-01-2019 00:00,14954.57894
311,Maldah,6,19,West Bengal,01-01-2019 00:00,14768.76866
312,Nadia,10,19,West Bengal,01-01-2019 00:00,14813.27719
313,North Twenty Four Parganas,11,19,West Bengal,01-01-2019 00:00,14806.39193
314,Medinipur,15,19,West Bengal,01-01-2019 00:00,14870.93466
315,Barddhaman,9,19,West Bengal,01-01-2019 00:00,14878.66947
316,Birbhum,8,19,West Bengal,01-01-2019 00:00,14906.89301
317,Bankura,13,19,West Bengal,01-01-2019 00:00,14880.21435
318,Dakshin Dinajpur,5,19,West Bengal,01-01-2019 00:00,14851.76545
319,Darjiling,1,19,West Bengal,01-01-2019 00:00,14582.96156
320,Haora,16,19,West Bengal,01-01-2019 00:00,14837.47308
321,Ranchi,14,20,Jharkhand,01-01-2019 00:00,14850.06668
322,Sahibganj,9,20,Jharkhand,01-01-2019 00:00,14813.28631
323,Garhwa,1,20,Jharkhand,01-01-2019 00:00,14808.96326
324,Palamu,2,20,Jharkhand,01-01-2019 00:00,14824.44282
325,Chatra,3,20,Jharkhand,01-01-2019 00:00,14857.46736
326,Hazaribagh,4,20,Jharkhand,01-01-2019 00:00,14847.8697
327,Kodarma,5,20,Jharkhand,01-01-2019 00:00,14850.79399
328,Purbi Singhbhum,18,20,Jharkhand,01-01-2019 00:00,14877.78141
329,Lohardaga,15,20,Jharkhand,01-01-2019 00:00,14824.35015
330,Pakaur,10,20,Jharkhand,01-01-2019 00:00,14920.11449
331,Pashchimi Singhbhum,17,20,Jharkhand,01-01-2019 00:00,14824.01885
332,Bokaro,13,20,Jharkhand,01-01-2019 00:00,14878.30304
333,Deoghar,7,20,Jharkhand,01-01-2019 00:00,14945.51151
334,Dhanbad,12,20,Jharkhand,01-01-2019 00:00,14909.86889
335,Dumka,11,20,Jharkhand,01-01-2019 00:00,14919.51633
336,Giridih,6,20,Jharkhand,01-01-2019 00:00,14915.00303
337,Godda,8,20,Jharkhand,01-01-2019 00:00,14848.43759
338,Gumla,16,20,Jharkhand,01-01-2019 00:00,14847.03487
339,Rayagada,27,21,Orissa,01-01-2019 00:00,14918.81616
340,Sundargarh,5,21,Orissa,01-01-2019 00:00,14822.64391
341,Sonapur,23,21,Orissa,01-01-2019 00:00,14916.60797
342,Jajapur,13,21,Orissa,01-01-2019 00:00,15030.08816
343,Jagatsinghapur,11,21,Orissa,01-01-2019 00:00,15042.62732
344,Jharsuguda,2,21,Orissa,01-01-2019 00:00,14871.50117
345,Khordha,17,21,Orissa,01-01-2019 00:00,15023.223
346,Mayurbhanj,7,21,Orissa,01-01-2019 00:00,14877.33152
347,Puri,18,21,Orissa,01-01-2019 00:00,15007.94807
348,Koraput,29,21,Orissa,01-01-2019 00:00,15005.84687
349,Malkangiri,30,21,Orissa,01-01-2019 00:00,15020.37198
350,Nabarangapur,28,21,Orissa,01-01-2019 00:00,15057.73388
351,Nayagarh,16,21,Orissa,01-01-2019 00:00,14919.0862
352,Nuapada,25,21,Orissa,01-01-2019 00:00,14966.45947
353,Kandhamal,21,21,Orissa,01-01-2019 00:00,14835.15895
354,Sambalpur,3,21,Orissa,01-01-2019 00:00,14851.64689
355,Anugul,15,21,Orissa,01-01-2019 00:00,14876.00081
356,Bhadrak,9,21,Orissa,01-01-2019 00:00,15048.49773
357,Baudh,22,21,Orissa,01-01-2019 00:00,14881.23222
358,Balangir,24,21,Orissa,01-01-2019 00:00,14960.61057
359,Baleshwar,8,21,Orissa,01-01-2019 00:00,14967.24061
360,Bargarh,1,21,Orissa,01-01-2019 00:00,14913.89418
361,Kendrapara,10,21,Orissa,01-01-2019 00:00,15011.94825
362,Kendujhar,6,21,Orissa,01-01-2019 00:00,14898.60526
363,Debagarh,4,21,Orissa,01-01-2019 00:00,14848.5679
364,Cuttack,12,21,Orissa,01-01-2019 00:00,14993.26728
365,Dhenkanal,14,21,Orissa,01-01-2019 00:00,14919.74818
366,Kalahandi,26,21,Orissa,01-01-2019 00:00,14940.27552
367,Ganjam,19,21,Orissa,01-01-2019 00:00,14988.7019
368,Gajapati,20,21,Orissa,01-01-2019 00:00,14933.91514
369,Surguja,2,22,Chhattisgarh,01-01-2019 00:00,14810.7215
370,Bilaspur,7,22,Chhattisgarh,01-01-2019 00:00,14912.39807
371,Janjgir - Champa,6,22,Chhattisgarh,01-01-2019 00:00,14972.42883
372,Korba,5,22,Chhattisgarh,01-01-2019 00:00,14818.95445
373,Kawardha,8,22,Chhattisgarh,01-01-2019 00:00,14932.52327
374,Jashpur,3,22,Chhattisgarh,01-01-2019 00:00,14851.12277
375,Koriya,1,22,Chhattisgarh,01-01-2019 00:00,14791.69728
376,Mahasamund,12,22,Chhattisgarh,01-01-2019 00:00,14982.35363
377,Raigarh,4,22,Chhattisgarh,01-01-2019 00:00,14888.52537
378,Raipur,11,22,Chhattisgarh,01-01-2019 00:00,14971.51141
379,Rajnandgaon,9,22,Chhattisgarh,01-01-2019 00:00,14921.10716
380,Bastar,15,22,Chhattisgarh,01-01-2019 00:00,14961.99332
381,Dantewada,16,22,Chhattisgarh,01-01-2019 00:00,14944.00331
382,Dhamtari,13,22,Chhattisgarh,01-01-2019 00:00,14927.59868
383,Durg,10,22,Chhattisgarh,01-01-2019 00:00,14960.09749
384,Kanker,14,22,Chhattisgarh,01-01-2019 00:00,14935.90286
385,Shajapur,22,23,Madhya Pradesh,01-01-2019 00:00,14848.166
386,Shivpuri,6,23,Madhya Pradesh,01-01-2019 00:00,14810.05992
387,Ratlam,20,23,Madhya Pradesh,01-01-2019 00:00,14882.63492
388,Rewa,14,23,Madhya Pradesh,01-01-2019 00:00,14833.46502
389,Sagar,11,23,Madhya Pradesh,01-01-2019 00:00,14864.48865
390,Sidhi,17,23,Madhya Pradesh,01-01-2019 00:00,14802.74244
391,Ujjain,21,23,Madhya Pradesh,01-01-2019 00:00,14845.19073
392,Vidisha,31,23,Madhya Pradesh,01-01-2019 00:00,14807.2743
393,West Nimar,27,23,Madhya Pradesh,01-01-2019 00:00,15064.96668
394,Morena,2,23,Madhya Pradesh,01-01-2019 00:00,14677.75176
395,Sheopur,1,23,Madhya Pradesh,01-01-2019 00:00,14797.36608
396,Dindori,41,23,Madhya Pradesh,01-01-2019 00:00,14936.98838
397,Mandla,42,23,Madhya Pradesh,01-01-2019 00:00,14914.69373
398,Shahdol,16,23,Madhya Pradesh,01-01-2019 00:00,14888.26726
399,Umaria,15,23,Madhya Pradesh,01-01-2019 00:00,14840.59405
400,Hoshangabad,37,23,Madhya Pradesh,01-01-2019 00:00,14800.24967
401,Indore,26,23,Madhya Pradesh,01-01-2019 00:00,14909.59919
402,Jabalpur,39,23,Madhya Pradesh,01-01-2019 00:00,14853.84979
403,Jhabua,24,23,Madhya Pradesh,01-01-2019 00:00,15080.88414
404,Mandsaur,19,23,Madhya Pradesh,01-01-2019 00:00,14782.78078
405,Tikamgarh,8,23,Madhya Pradesh,01-01-2019 00:00,14760.43926
406,Narsimhapur,40,23,Madhya Pradesh,01-01-2019 00:00,14890.09893
407,Neemuch,18,23,Madhya Pradesh,01-01-2019 00:00,14838.66434
408,Panna,10,23,Madhya Pradesh,01-01-2019 00:00,14873.21166
409,Raisen,34,23,Madhya Pradesh,01-01-2019 00:00,14901.23472
410,Rajgarh,30,23,Madhya Pradesh,01-01-2019 00:00,14847.56695
411,Satna,13,23,Madhya Pradesh,01-01-2019 00:00,14836.98226
412,Sehore,33,23,Madhya Pradesh,01-01-2019 00:00,14887.23547
413,Seoni,44,23,Madhya Pradesh,01-01-2019 00:00,14942.5287
414,Bhind,3,23,Madhya Pradesh,01-01-2019 00:00,14643.02865
415,Bhopal,32,23,Madhya Pradesh,01-01-2019 00:00,14833.09842
416,Barwani,28,23,Madhya Pradesh,01-01-2019 00:00,15168.9282
417,Betul,35,23,Madhya Pradesh,01-01-2019 00:00,15065.84819
418,Balaghat,45,23,Madhya Pradesh,01-01-2019 00:00,14862.2557
419,Chhatarpur,9,23,Madhya Pradesh,01-01-2019 00:00,14845.61859
420,Chhindwara,43,23,Madhya Pradesh,01-01-2019 00:00,15007.53127
421,Dewas,23,23,Madhya Pradesh,01-01-2019 00:00,14974.33434
422,Katni,38,23,Madhya Pradesh,01-01-2019 00:00,14852.18955
423,Datia,5,23,Madhya Pradesh,01-01-2019 00:00,14731.18575
424,Damoh,12,23,Madhya Pradesh,01-01-2019 00:00,14877.73369
425,Dhar,25,23,Madhya Pradesh,01-01-2019 00:00,15024.64903
426,East Nimar,29,23,Madhya Pradesh,01-01-2019 00:00,15038.03426
427,Guna,7,23,Madhya Pradesh,01-01-2019 00:00,14824.427
428,Gwalior,4,23,Madhya Pradesh,01-01-2019 00:00,14763.24753
429,Harda,36,23,Madhya Pradesh,01-01-2019 00:00,14817.37636
430,Sabar Kantha,5,24,Gujarat,01-01-2019 00:00,14944.35395
431,Surendranagar,8,24,Gujarat,01-01-2019 00:00,15139.45182
432,The Dangs,23,24,Gujarat,01-01-2019 00:00,15154.36286
433,Vadodara,19,24,Gujarat,01-01-2019 00:00,15054.25415
434,Valsad,25,24,Gujarat,01-01-2019 00:00,15151.38778
435,Bharuch,21,24,Gujarat,01-01-2019 00:00,15106.8927
436,Surat,22,24,Gujarat,01-01-2019 00:00,15126.07842
437,Jamnagar,10,24,Gujarat,01-01-2019 00:00,15248.86614
438,Kheda,16,24,Gujarat,01-01-2019 00:00,14980.37972
439,Mahesana,4,24,Gujarat,01-01-2019 00:00,14993.56586
440,Narmada,20,24,Gujarat,01-01-2019 00:00,15147.6349
441,Navsari,24,24,Gujarat,01-01-2019 00:00,15112.91497
442,Panch Mahals,17,24,Gujarat,01-01-2019 00:00,14997.10486
443,Patan,3,24,Gujarat,01-01-2019 00:00,15094.29501
444,Porbandar,11,24,Gujarat,01-01-2019 00:00,15248.17526
445,Rajkot,9,24,Gujarat,01-01-2019 00:00,15251.85573
446,Anand,15,24,Gujarat,01-01-2019 00:00,14935.37259
447,Ahmadabad,7,24,Gujarat,01-01-2019 00:00,15101.60044
448,Amreli,13,24,Gujarat,01-01-2019 00:00,15328.05082
449,Bhavnagar,14,24,Gujarat,01-01-2019 00:00,15275.81622
450,Banas Kantha,2,24,Gujarat,01-01-2019 00:00,14961.91393
451,Dohad,18,24,Gujarat,01-01-2019 00:00,14988.76458
452,Junagadh,12,24,Gujarat,01-01-2019 00:00,15171.66428
453,Kachchh,1,24,Gujarat,01-01-2019 00:00,15201.78733
454,Gandhinagar,6,24,Gujarat,01-01-2019 00:00,14984.65787
455,Daman,2,25,Daman & Diu,01-01-2019 00:00,15053.48236
456,Diu,1,25,Daman & Diu,01-01-2019 00:00,15006.64224
457,Ratnagiri,32,27,Maharashtra,01-01-2019 00:00,15177.12261
458,Raigarh,24,27,Maharashtra,01-01-2019 00:00,15196.92766
459,Thane,21,27,Maharashtra,01-01-2019 00:00,15234.11485
460,Solapur,30,27,Maharashtra,01-01-2019 00:00,15377.86208
461,Sindhudurg,33,27,Maharashtra,01-01-2019 00:00,15190.64309
462,Wardha,8,27,Maharashtra,01-01-2019 00:00,15167.83761
463,Washim,6,27,Maharashtra,01-01-2019 00:00,15235.18613
464,Yavatmal,14,27,Maharashtra,01-01-2019 00:00,15206.22739
465,Hingoli,16,27,Maharashtra,01-01-2019 00:00,15236.19204
466,Jalgaon,3,27,Maharashtra,01-01-2019 00:00,15245.83902
467,Jalna,18,27,Maharashtra,01-01-2019 00:00,15341.52286
468,Kolhapur,34,27,Maharashtra,01-01-2019 00:00,15171.17533
469,Latur,28,27,Maharashtra,01-01-2019 00:00,15381.48813
470,Pune,25,27,Maharashtra,01-01-2019 00:00,15220.61973
471,Nagpur,9,27,Maharashtra,01-01-2019 00:00,15057.50402
472,Mumbai,23,27,Maharashtra,01-01-2019 00:00,15118.62969
473,Mumbai (Suburban),22,27,Maharashtra,01-01-2019 00:00,15144.51089
474,Nanded,15,27,Maharashtra,01-01-2019 00:00,15257.7223
475,Nandurbar,1,27,Maharashtra,01-01-2019 00:00,15217.15112
476,Nashik,20,27,Maharashtra,01-01-2019 00:00,15244.46131
477,Osmanabad,29,27,Maharashtra,01-01-2019 00:00,15394.29472
478,Parbhani,17,27,Maharashtra,01-01-2019 00:00,15277.39572
479,Sangli,35,27,Maharashtra,01-01-2019 00:00,15354.94824
480,Satara,31,27,Maharashtra,01-01-2019 00:00,15231.49164
481,Aurangabad,19,27,Maharashtra,01-01-2019 00:00,15329.70148
482,Ahmadnagar,26,27,Maharashtra,01-01-2019 00:00,15316.76206
483,Akola,5,27,Maharashtra,01-01-2019 00:00,15243.86637
484,Amravati,7,27,Maharashtra,01-01-2019 00:00,15161.52392
485,Bid,27,27,Maharashtra,01-01-2019 00:00,15412.51169
486,Bhandara,10,27,Maharashtra,01-01-2019 00:00,14951.09358
487,Buldana,4,27,Maharashtra,01-01-2019 00:00,15281.35496
488,Chandrapur,13,27,Maharashtra,01-01-2019 00:00,15064.51039
489,Dhule,2,27,Maharashtra,01-01-2019 00:00,15303.27686
490,Gadchiroli,12,27,Maharashtra,01-01-2019 00:00,14942.49922
491,Gondiya,11,27,Maharashtra,01-01-2019 00:00,14920.03458
492,Rangareddi,6,28,Andhra Pradesh,01-01-2019 00:00,15328.48173
493,Srikakulam,11,28,Andhra Pradesh,01-01-2019 00:00,15080.80975
494,West Godavari,15,28,Andhra Pradesh,01-01-2019 00:00,15030.87761
495,Visakhapatnam,13,28,Andhra Pradesh,01-01-2019 00:00,15002.02635
496,Vizianagaram,12,28,Andhra Pradesh,01-01-2019 00:00,15083.92375
497,Warangal,9,28,Andhra Pradesh,01-01-2019 00:00,15108.92835
498,Hyderabad,5,28,Andhra Pradesh,01-01-2019 00:00,15111.01295
499,Khammam,10,28,Andhra Pradesh,01-01-2019 00:00,15045.75377
500,Medak,4,28,Andhra Pradesh,01-01-2019 00:00,15321.83448
501,Krishna,16,28,Andhra Pradesh,01-01-2019 00:00,15085.20438
502,Kurnool,21,28,Andhra Pradesh,01-01-2019 00:00,15366.38932
503,Mahbubnagar,7,28,Andhra Pradesh,01-01-2019 00:00,15329.91706
504,Nalgonda,8,28,Andhra Pradesh,01-01-2019 00:00,15226.53073
505,Nellore,19,28,Andhra Pradesh,01-01-2019 00:00,15151.57683
506,Nizamabad,2,28,Andhra Pradesh,01-01-2019 00:00,15178.20216
507,Prakasam,18,28,Andhra Pradesh,01-01-2019 00:00,15248.92917
508,Anantapur,22,28,Andhra Pradesh,01-01-2019 00:00,15389.22611
509,Adilabad,1,28,Andhra Pradesh,01-01-2019 00:00,15138.98891
510,Chittoor,23,28,Andhra Pradesh,01-01-2019 00:00,15196.39201
511,Cuddapah,20,28,Andhra Pradesh,01-01-2019 00:00,15287.72821
512,East Godavari,14,28,Andhra Pradesh,01-01-2019 00:00,15005.02745
513,Karimnagar,3,28,Andhra Pradesh,01-01-2019 00:00,15125.45957
514,Guntur,17,28,Andhra Pradesh,01-01-2019 00:00,15164.01468
515,Shimoga,15,29,Karnataka,01-01-2019 00:00,15103.65157
516,Tumkur,18,29,Karnataka,01-01-2019 00:00,15284.0948
517,Udupi,16,29,Karnataka,01-01-2019 00:00,15173.39376
518,Uttara Kannada,10,29,Karnataka,01-01-2019 00:00,15040.18567
519,Hassan,23,29,Karnataka,01-01-2019 00:00,15164.39124
520,Haveri,11,29,Karnataka,01-01-2019 00:00,15358.3952
521,Kodagu,25,29,Karnataka,01-01-2019 00:00,14940.46592
522,Kolar,19,29,Karnataka,01-01-2019 00:00,15294.56729
523,Mandya,22,29,Karnataka,01-01-2019 00:00,15174.09502
524,Koppal,7,29,Karnataka,01-01-2019 00:00,15409.30032
525,Mysore,26,29,Karnataka,01-01-2019 00:00,15213.13201
526,Raichur,6,29,Karnataka,01-01-2019 00:00,15363.67752
527,Bagalkot,2,29,Karnataka,01-01-2019 00:00,15362.44398
528,Bangalore,20,29,Karnataka,01-01-2019 00:00,15171.11996
529,Bidar,5,29,Karnataka,01-01-2019 00:00,15403.17115
530,Bijapur,3,29,Karnataka,01-01-2019 00:00,15496.0014
531,Belgaum,1,29,Karnataka,01-01-2019 00:00,15291.55635
532,Bellary,12,29,Karnataka,01-01-2019 00:00,15353.98394
533,Bangalore Rural,21,29,Karnataka,01-01-2019 00:00,15225.7194
534,Chamarajanagar,27,29,Karnataka,01-01-2019 00:00,15207.99872
535,Chikmagalur,17,29,Karnataka,01-01-2019 00:00,15063.39914
536,Chitradurga,13,29,Karnataka,01-01-2019 00:00,15390.68886
537,Dakshina Kannada,24,29,Karnataka,01-01-2019 00:00,15111.07717
538,Davanagere,14,29,Karnataka,01-01-2019 00:00,15358.76825
539,Dharwad,9,29,Karnataka,01-01-2019 00:00,15435.55166
540,Gulbarga,4,29,Karnataka,01-01-2019 00:00,15416.17519
541,Gadag,8,29,Karnataka,01-01-2019 00:00,15505.11695
542,South Goa,2,30,Goa,01-01-2019 00:00,15144.09431
543,North Goa,1,30,Goa,01-01-2019 00:00,15179.31309
544,Thrissur,7,32,Kerala,01-01-2019 00:00,15104.64802
545,Thiruvananthapuram,14,32,Kerala,01-01-2019 00:00,15158.27794
546,Wayanad,3,32,Kerala,01-01-2019 00:00,14949.69335
547,Idukki,9,32,Kerala,01-01-2019 00:00,14942.91838
548,Kollam,13,32,Kerala,01-01-2019 00:00,15112.50697
549,Kottayam,10,32,Kerala,01-01-2019 00:00,15140.13084
550,Kozhikode,4,32,Kerala,01-01-2019 00:00,15108.5965
551,Malappuram,5,32,Kerala,01-01-2019 00:00,15100.68314
552,Palakkad,6,32,Kerala,01-01-2019 00:00,15051.05224
553,Pathanamthitta,12,32,Kerala,01-01-2019 00:00,15043.43134
554,Alappuzha,11,32,Kerala,01-01-2019 00:00,15098.50324
555,Kasaragod,1,32,Kerala,01-01-2019 00:00,15167.04236
556,Kannur,2,32,Kerala,01-01-2019 00:00,15157.49105
557,Ernakulam,8,32,Kerala,01-01-2019 00:00,15165.39202
558,Sivaganga,23,33,Tamil Nadu,01-01-2019 00:00,15290.64168
559,Tiruchirappalli,15,33,Tamil Nadu,01-01-2019 00:00,15263.25265
560,Tirunelveli,29,33,Tamil Nadu,01-01-2019 00:00,15157.33193
561,Tiruvannamalai,6,33,Tamil Nadu,01-01-2019 00:00,15156.45548
562,Thoothukkudi,28,33,Tamil Nadu,01-01-2019 00:00,15324.194
563,Theni,25,33,Tamil Nadu,01-01-2019 00:00,15116.98452
564,Vellore,4,33,Tamil Nadu,01-01-2019 00:00,15173.27734
565,Viluppuram,7,33,Tamil Nadu,01-01-2019 00:00,15152.08554
566,Virudhunagar,26,33,Tamil Nadu,01-01-2019 00:00,15374.43154
567,Chennai,2,33,Tamil Nadu,01-01-2019 00:00,15193.81756
568,Kancheepuram,3,33,Tamil Nadu,01-01-2019 00:00,15153.10313
569,Thiruvallur,1,33,Tamil Nadu,01-01-2019 00:00,15184.31408
570,Thanjavur,21,33,Tamil Nadu,01-01-2019 00:00,15124.87869
571,Thiruvarur,20,33,Tamil Nadu,01-01-2019 00:00,15096.18598
572,Nagapattinam,19,33,Tamil Nadu,01-01-2019 00:00,15069.16018
573,Kanniyakumari,30,33,Tamil Nadu,01-01-2019 00:00,15140.31355
574,Karur,14,33,Tamil Nadu,01-01-2019 00:00,15384.09755
575,Madurai,24,33,Tamil Nadu,01-01-2019 00:00,15243.39121
576,Namakkal,9,33,Tamil Nadu,01-01-2019 00:00,15334.32339
577,The Nilgiris,11,33,Tamil Nadu,01-01-2019 00:00,14900.58506
578,Perambalur,16,33,Tamil Nadu,01-01-2019 00:00,15222.20103
579,Pudukkottai,22,33,Tamil Nadu,01-01-2019 00:00,15217.69976
580,Ramanathapuram,27,33,Tamil Nadu,01-01-2019 00:00,15317.35462
581,Salem,8,33,Tamil Nadu,01-01-2019 00:00,15243.47466
582,Ariyalur,17,33,Tamil Nadu,01-01-2019 00:00,15133.58444
583,Coimbatore,12,33,Tamil Nadu,01-01-2019 00:00,15165.86315
584,Cuddalore,18,33,Tamil Nadu,01-01-2019 00:00,15121.18277
585,Dharmapuri,5,33,Tamil Nadu,01-01-2019 00:00,15237.10451
586,Dindigul,13,33,Tamil Nadu,01-01-2019 00:00,15138.62254
587,Erode,10,33,Tamil Nadu,01-01-2019 00:00,15210.51194
588,Yanam,1,34,Puducherry,01-01-2019 00:00,15029.53244
589,Karaikal,4,34,Puducherry,01-01-2019 00:00,15037.38024
590,Mahe,3,34,Puducherry,01-01-2019 00:00,15153.42806
591,Pondicherry,2,34,Puducherry,01-01-2019 00:00,15100.44941
592,Nicobars,2,35,Andaman & Nicobar Island,01-01-2019 00:00,14949.10204
593,Andamans,1,35,Andaman & Nicobar Island,01-01-2019 00:00,14956.15864
594,Lakshadweep,1,31,Lakshadweep,02-01-2019 00:00,15040.12547
595,Chandigarh,1,4,Chandigarh,02-01-2019 00:00,14662.48395
596,Dadra & Nagar Haveli,1,26,Dadara & Nagar Havelli,02-01-2019 00:00,15348.96609
597,Data Not Available,99,99,Jammu and Kashmir,02-01-2019 00:00,13169.74575
598,Srinagar,3,1,Jammu and Kashmir,02-01-2019 00:00,13391.73337
599,Udhampur,10,1,Jammu and Kashmir,02-01-2019 00:00,14073.32884
600,Jammu,13,1,Jammu and Kashmir,02-01-2019 00:00,14519.34977
601,Kargil,8,1,Jammu and Kashmir,02-01-2019 00:00,12969.56133
602,Kathua,14,1,Jammu and Kashmir,02-01-2019 00:00,14305.93236
603,Leh (Ladakh),7,1,Jammu and Kashmir,02-01-2019 00:00,13224.13141
604,Kupwara,1,1,Jammu and Kashmir,02-01-2019 00:00,13518.47974
605,Punch,11,1,Jammu and Kashmir,02-01-2019 00:00,13995.95103
606,Pulwama,5,1,Jammu and Kashmir,02-01-2019 00:00,13758.68774
607,Rajauri,12,1,Jammu and Kashmir,02-01-2019 00:00,14296.49934
608,Anantnag,6,1,Jammu and Kashmir,02-01-2019 00:00,13424.49407
609,Badgam,4,1,Jammu and Kashmir,02-01-2019 00:00,13584.44112
610,Baramula,2,1,Jammu and Kashmir,02-01-2019 00:00,13464.99358
611,Doda,9,1,Jammu and Kashmir,02-01-2019 00:00,13297.26286
612,Shimla,11,2,Himachal Pradesh,02-01-2019 00:00,13949.92109
613,Sirmaur,10,2,Himachal Pradesh,02-01-2019 00:00,14433.93061
614,Solan,9,2,Himachal Pradesh,02-01-2019 00:00,14460.94558
615,Una,7,2,Himachal Pradesh,02-01-2019 00:00,14544.60181
616,Kangra,2,2,Himachal Pradesh,02-01-2019 00:00,14172.33489
617,Kinnaur,12,2,Himachal Pradesh,02-01-2019 00:00,13116.86349
618,Lahul & Spiti,3,2,Himachal Pradesh,02-01-2019 00:00,12890.00692
619,Kullu,4,2,Himachal Pradesh,02-01-2019 00:00,13451.50978
620,Mandi,5,2,Himachal Pradesh,02-01-2019 00:00,14249.77722
621,Bilaspur,8,2,Himachal Pradesh,02-01-2019 00:00,14452.69696
622,Chamba,1,2,Himachal Pradesh,02-01-2019 00:00,13491.9547
623,Hamirpur,6,2,Himachal Pradesh,02-01-2019 00:00,14487.73635
624,Rupnagar,7,3,Punjab,02-01-2019 00:00,14559.7487
625,Hoshiarpur,5,3,Punjab,02-01-2019 00:00,14529.64053
626,Jalandhar,4,3,Punjab,02-01-2019 00:00,14548.32981
627,Kapurthala,3,3,Punjab,02-01-2019 00:00,14537.98101
628,Ludhiana,9,3,Punjab,02-01-2019 00:00,14545.55503
629,Mansa,15,3,Punjab,02-01-2019 00:00,14578.16148
630,Moga,10,3,Punjab,02-01-2019 00:00,14552.76807
631,Muktsar,12,3,Punjab,02-01-2019 00:00,14580.78995
632,Nawanshahr,6,3,Punjab,02-01-2019 00:00,14529.81082
633,Patiala,17,3,Punjab,02-01-2019 00:00,14530.54748
634,Sangrur,16,3,Punjab,02-01-2019 00:00,14540.05645
635,Amritsar,2,3,Punjab,02-01-2019 00:00,14528.87111
636,Firozpur,11,3,Punjab,02-01-2019 00:00,14554.83651
637,Bathinda,14,3,Punjab,02-01-2019 00:00,14597.75105
638,Gurdaspur,1,3,Punjab,02-01-2019 00:00,14521.33475
639,Faridkot,13,3,Punjab,02-01-2019 00:00,14558.77129
640,Fatehgarh Sahib,8,3,Punjab,02-01-2019 00:00,14534.08874
641,Rudraprayag,3,5,Uttarakhand,02-01-2019 00:00,13917.92182
642,Tehri Garhwal,4,5,Uttarakhand,02-01-2019 00:00,14187.78611
643,Udham Singh Nagar,12,5,Uttarakhand,02-01-2019 00:00,14633.18235
644,Uttarkashi,1,5,Uttarakhand,02-01-2019 00:00,13487.50218
645,Hardwar,13,5,Uttarakhand,02-01-2019 00:00,14600.3477
646,Nainital,11,5,Uttarakhand,02-01-2019 00:00,14515.03343
647,Pithoragarh,7,5,Uttarakhand,02-01-2019 00:00,13613.03661
648,Bageshwar,8,5,Uttarakhand,02-01-2019 00:00,14061.36
649,Almora,9,5,Uttarakhand,02-01-2019 00:00,14398.71773
650,Chamoli,2,5,Uttarakhand,02-01-2019 00:00,13512.07182
651,Champawat,10,5,Uttarakhand,02-01-2019 00:00,14408.68034
652,Dehradun,5,5,Uttarakhand,02-01-2019 00:00,14446.20028
653,Garhwal,6,5,Uttarakhand,02-01-2019 00:00,14435.3366
654,Rohtak,14,6,Haryana,02-01-2019 00:00,14607.29056
655,Sirsa,11,6,Haryana,02-01-2019 00:00,14625.56478
656,Sonipat,8,6,Haryana,02-01-2019 00:00,14567.72759
657,Yamunanagar,3,6,Haryana,02-01-2019 00:00,14595.2028
658,Jhajjar,15,6,Haryana,02-01-2019 00:00,14612.44452
659,Mahendragarh,16,6,Haryana,02-01-2019 00:00,14709.0296
660,Rewari,17,6,Haryana,02-01-2019 00:00,14636.81781
661,Bhiwani,13,6,Haryana,02-01-2019 00:00,14665.5328
662,Hisar,12,6,Haryana,02-01-2019 00:00,14636.82903
663,Jind,9,6,Haryana,02-01-2019 00:00,14553.42407
664,Kaithal,5,6,Haryana,02-01-2019 00:00,14542.15035
665,Karnal,6,6,Haryana,02-01-2019 00:00,14547.47205
666,Kurukshetra,4,6,Haryana,02-01-2019 00:00,14580.67024
667,Panchkula,1,6,Haryana,02-01-2019 00:00,14604.45202
668,Panipat,7,6,Haryana,02-01-2019 00:00,14552.11361
669,Ambala,2,6,Haryana,02-01-2019 00:00,14589.66487
670,Gurgaon,18,6,Haryana,02-01-2019 00:00,14637.12561
671,Faridabad,19,6,Haryana,02-01-2019 00:00,14627.88068
672,Fatehabad,10,6,Haryana,02-01-2019 00:00,14579.06438
673,Central,6,7,Delhi  & NCR,02-01-2019 00:00,14685.33975
674,East,4,7,Delhi  & NCR,02-01-2019 00:00,14710.80504
675,New Delhi,5,7,Delhi  & NCR,02-01-2019 00:00,14643.23586
676,North,2,7,Delhi  & NCR,02-01-2019 00:00,14657.59172
677,North East,3,7,Delhi  & NCR,02-01-2019 00:00,14634.54515
678,North West,1,7,Delhi  & NCR,02-01-2019 00:00,14613.5886
679,South,9,7,Delhi  & NCR,02-01-2019 00:00,14685.22771
680,South West,8,7,Delhi  & NCR,02-01-2019 00:00,14646.47305
681,West,7,7,Delhi  & NCR,02-01-2019 00:00,14659.06281
682,Sirohi,19,8,Rajasthan,02-01-2019 00:00,15137.7298
683,Tonk,22,8,Rajasthan,02-01-2019 00:00,14968.47162
684,Sikar,13,8,Rajasthan,02-01-2019 00:00,15024.97449
685,Alwar,6,8,Rajasthan,02-01-2019 00:00,14736.03928
686,Udaipur,26,8,Rajasthan,02-01-2019 00:00,15087.10369
687,Ganganagar,1,8,Rajasthan,02-01-2019 00:00,14814.82586
688,Hanumangarh,2,8,Rajasthan,02-01-2019 00:00,14878.33951
689,Baran,31,8,Rajasthan,02-01-2019 00:00,14894.65775
690,Jaipur,12,8,Rajasthan,02-01-2019 00:00,14985.92233
691,Jaisalmer,16,8,Rajasthan,02-01-2019 00:00,15267.92958
692,Jalor,18,8,Rajasthan,02-01-2019 00:00,15223.84989
693,Jhalawar,32,8,Rajasthan,02-01-2019 00:00,14986.75886
694,Jhunjhunun,5,8,Rajasthan,02-01-2019 00:00,14977.41488
695,Jodhpur,15,8,Rajasthan,02-01-2019 00:00,15254.98763
696,Kota,30,8,Rajasthan,02-01-2019 00:00,14856.46373
697,Nagaur,14,8,Rajasthan,02-01-2019 00:00,15183.13447
698,Pali,20,8,Rajasthan,02-01-2019 00:00,15214.43821
699,Rajsamand,25,8,Rajasthan,02-01-2019 00:00,15029.48249
700,Sawai Madhopur,10,8,Rajasthan,02-01-2019 00:00,14840.08473
701,Ajmer,21,8,Rajasthan,02-01-2019 00:00,15098.97583
702,Banswara,28,8,Rajasthan,02-01-2019 00:00,15129.98348
703,Barmer,17,8,Rajasthan,02-01-2019 00:00,15352.81351
704,Bhilwara,24,8,Rajasthan,02-01-2019 00:00,15060.47616
705,Bikaner,3,8,Rajasthan,02-01-2019 00:00,15220.78095
706,Bharatpur,7,8,Rajasthan,02-01-2019 00:00,14690.36526
707,Bundi,23,8,Rajasthan,02-01-2019 00:00,14870.05247
708,Chittaurgarh,29,8,Rajasthan,02-01-2019 00:00,15023.36284
709,Churu,4,8,Rajasthan,02-01-2019 00:00,15162.7497
710,Dausa,11,8,Rajasthan,02-01-2019 00:00,14907.0979
711,Dhaulpur,8,8,Rajasthan,02-01-2019 00:00,14783.04976
712,Dungarpur,27,8,Rajasthan,02-01-2019 00:00,15147.96321
713,Karauli,9,8,Rajasthan,02-01-2019 00:00,14880.24724
714,Shrawasti,51,9,Uttar Pradesh,02-01-2019 00:00,14701.91619
715,Saharanpur,1,9,Uttar Pradesh,02-01-2019 00:00,14596.77981
716,Sitapur,24,9,Uttar Pradesh,02-01-2019 00:00,14710.70557
717,Sultanpur,49,9,Uttar Pradesh,02-01-2019 00:00,14761.71961
718,Sonbhadra,70,9,Uttar Pradesh,02-01-2019 00:00,14990.96311
719,Siddharthnagar,54,9,Uttar Pradesh,02-01-2019 00:00,14714.04078
720,Unnao,26,9,Uttar Pradesh,02-01-2019 00:00,14713.15374
721,Varanasi,67,9,Uttar Pradesh,02-01-2019 00:00,14831.34303
722,Bulandshahr,11,9,Uttar Pradesh,02-01-2019 00:00,14570.96952
723,Gautam Buddha Nagar,10,9,Uttar Pradesh,02-01-2019 00:00,14625.43686
724,Ghaziabad,9,9,Uttar Pradesh,02-01-2019 00:00,14592.44172
725,Hathras,13,9,Uttar Pradesh,02-01-2019 00:00,14659.51397
726,Jalaun,35,9,Uttar Pradesh,02-01-2019 00:00,14786.06434
727,Jaunpur,64,9,Uttar Pradesh,02-01-2019 00:00,14809.55522
728,Jhansi,36,9,Uttar Pradesh,02-01-2019 00:00,14803.20306
729,Jyotiba Phule Nagar,6,9,Uttar Pradesh,02-01-2019 00:00,14603.32856
730,Kannauj,30,9,Uttar Pradesh,02-01-2019 00:00,14729.9759
731,Kanpur Nagar,34,9,Uttar Pradesh,02-01-2019 00:00,14767.65233
732,Kaushambi,44,9,Uttar Pradesh,02-01-2019 00:00,14808.55832
733,Kheri,23,9,Uttar Pradesh,02-01-2019 00:00,14746.21478
734,Mirzapur,69,9,Uttar Pradesh,02-01-2019 00:00,14941.00784
735,Moradabad,4,9,Uttar Pradesh,02-01-2019 00:00,14645.33743
736,Muzaffarnagar,2,9,Uttar Pradesh,02-01-2019 00:00,14614.59583
737,Rae Bareli,28,9,Uttar Pradesh,02-01-2019 00:00,14734.85604
738,Kushinagar,59,9,Uttar Pradesh,02-01-2019 00:00,14809.01231
739,Lucknow,27,9,Uttar Pradesh,02-01-2019 00:00,14735.23328
740,Lalitpur,37,9,Uttar Pradesh,02-01-2019 00:00,14839.08721
741,Mahrajganj,57,9,Uttar Pradesh,02-01-2019 00:00,14743.52759
742,Mahoba,39,9,Uttar Pradesh,02-01-2019 00:00,14950.80374
743,Mainpuri,18,9,Uttar Pradesh,02-01-2019 00:00,14663.64009
744,Mathura,14,9,Uttar Pradesh,02-01-2019 00:00,14628.72198
745,Mau,62,9,Uttar Pradesh,02-01-2019 00:00,14787.12301
746,Meerut,7,9,Uttar Pradesh,02-01-2019 00:00,14593.85055
747,Pilibhit,21,9,Uttar Pradesh,02-01-2019 00:00,14689.05445
748,Pratapgarh,43,9,Uttar Pradesh,02-01-2019 00:00,14790.10427
749,Rampur,5,9,Uttar Pradesh,02-01-2019 00:00,14641.4377
750,Sant Ravidas Nagar Bhadohi,68,9,Uttar Pradesh,02-01-2019 00:00,14813.47741
751,Sant Kabir Nagar,56,9,Uttar Pradesh,02-01-2019 00:00,14751.88483
752,Shahjahanpur,22,9,Uttar Pradesh,02-01-2019 00:00,14667.66342
753,Auraiya,32,9,Uttar Pradesh,02-01-2019 00:00,14712.73063
754,Azamgarh,61,9,Uttar Pradesh,02-01-2019 00:00,14787.60902
755,Budaun,19,9,Uttar Pradesh,02-01-2019 00:00,14623.07786
756,Agra,15,9,Uttar Pradesh,02-01-2019 00:00,14692.4556
757,Aligarh,12,9,Uttar Pradesh,02-01-2019 00:00,14600.15484
758,Allahabad,45,9,Uttar Pradesh,02-01-2019 00:00,14860.8773
759,Ambedkar Nagar,48,9,Uttar Pradesh,02-01-2019 00:00,14761.56361
760,Bareilly,20,9,Uttar Pradesh,02-01-2019 00:00,14649.07529
761,Bijnor,3,9,Uttar Pradesh,02-01-2019 00:00,14611.76769
762,Basti,55,9,Uttar Pradesh,02-01-2019 00:00,14744.44888
763,Baghpat,8,9,Uttar Pradesh,02-01-2019 00:00,14593.11804
764,Bahraich,50,9,Uttar Pradesh,02-01-2019 00:00,14706.36779
765,Ballia,63,9,Uttar Pradesh,02-01-2019 00:00,14782.85428
766,Balrampur,52,9,Uttar Pradesh,02-01-2019 00:00,14742.9652
767,Banda,40,9,Uttar Pradesh,02-01-2019 00:00,14874.04918
768,Barabanki,46,9,Uttar Pradesh,02-01-2019 00:00,14698.66357
769,Chitrakoot,41,9,Uttar Pradesh,02-01-2019 00:00,14932.07842
770,Chandauli,66,9,Uttar Pradesh,02-01-2019 00:00,14878.42618
771,Deoria,60,9,Uttar Pradesh,02-01-2019 00:00,14769.53923
772,Etah,17,9,Uttar Pradesh,02-01-2019 00:00,14629.57512
773,Kanpur Dehat,33,9,Uttar Pradesh,02-01-2019 00:00,14727.54306
774,Etawah,31,9,Uttar Pradesh,02-01-2019 00:00,14703.5791
775,Faizabad,47,9,Uttar Pradesh,02-01-2019 00:00,14733.07631
776,Ghazipur,65,9,Uttar Pradesh,02-01-2019 00:00,14798.55363
777,Gonda,53,9,Uttar Pradesh,02-01-2019 00:00,14750.70102
778,Gorakhpur,58,9,Uttar Pradesh,02-01-2019 00:00,14752.77439
779,Farrukhabad,29,9,Uttar Pradesh,02-01-2019 00:00,14684.37728
780,Fatehpur,42,9,Uttar Pradesh,02-01-2019 00:00,14769.72778
781,Firozabad,16,9,Uttar Pradesh,02-01-2019 00:00,14659.59665
782,Hamirpur,38,9,Uttar Pradesh,02-01-2019 00:00,14798.59371
783,Hardoi,25,9,Uttar Pradesh,02-01-2019 00:00,14679.81304
784,Sheikhpura,26,10,Bihar,02-01-2019 00:00,14892.37507
785,Sheohar,3,10,Bihar,02-01-2019 00:00,14788.2677
786,Saharsa,12,10,Bihar,02-01-2019 00:00,14818.86058
787,Sitamarhi,4,10,Bihar,02-01-2019 00:00,14824.45757
788,Siwan,16,10,Bihar,02-01-2019 00:00,14825.42773
789,Supaul,6,10,Bihar,02-01-2019 00:00,14800.04049
790,Vaishali,18,10,Bihar,02-01-2019 00:00,14831.09893
791,Kaimur (Bhabua),31,10,Bihar,02-01-2019 00:00,14937.53155
792,Gaya,35,10,Bihar,02-01-2019 00:00,15004.12186
793,Bhojpur,29,10,Bihar,02-01-2019 00:00,14848.53704
794,Buxar,30,10,Bihar,02-01-2019 00:00,14814.40406
795,Jehanabad,33,10,Bihar,02-01-2019 00:00,14909.13579
796,Rohtas,32,10,Bihar,02-01-2019 00:00,14894.57755
797,Jamui,37,10,Bihar,02-01-2019 00:00,15042.36434
798,Kishanganj,8,10,Bihar,02-01-2019 00:00,14929.93495
799,Muzaffarpur,14,10,Bihar,02-01-2019 00:00,14822.89151
800,Purnia,9,10,Bihar,02-01-2019 00:00,14844.3785
801,Khagaria,21,10,Bihar,02-01-2019 00:00,14783.35458
802,Madhubani,5,10,Bihar,02-01-2019 00:00,14852.34456
803,Lakhisarai,25,10,Bihar,02-01-2019 00:00,14888.5209
804,Madhepura,11,10,Bihar,02-01-2019 00:00,14812.6232
805,Purba Champaran,2,10,Bihar,02-01-2019 00:00,14816.09488
806,Munger,24,10,Bihar,02-01-2019 00:00,14885.48262
807,Nalanda,27,10,Bihar,02-01-2019 00:00,14864.288
808,Nawada,36,10,Bihar,02-01-2019 00:00,14927.59976
809,Pashchim Champaran,1,10,Bihar,02-01-2019 00:00,14822.84471
810,Patna,28,10,Bihar,02-01-2019 00:00,14879.75373
811,Samastipur,19,10,Bihar,02-01-2019 00:00,14834.03182
812,Araria,7,10,Bihar,02-01-2019 00:00,14836.582
813,Aurangabad,34,10,Bihar,02-01-2019 00:00,14983.60189
814,Banka,23,10,Bihar,02-01-2019 00:00,15019.37305
815,Bhagalpur,22,10,Bihar,02-01-2019 00:00,14836.51394
816,Begusarai,20,10,Bihar,02-01-2019 00:00,14813.14141
817,Saran,17,10,Bihar,02-01-2019 00:00,14824.02823
818,Katihar,10,10,Bihar,02-01-2019 00:00,14820.04085
819,Darbhanga,13,10,Bihar,02-01-2019 00:00,14834.9082
820,Gopalganj,15,10,Bihar,02-01-2019 00:00,14836.2696
821,South,3,11,Sikkim,02-01-2019 00:00,14353.16052
822,West,2,11,Sikkim,02-01-2019 00:00,14162.90007
823,North,1,11,Sikkim,02-01-2019 00:00,13586.85648
824,East,4,11,Sikkim,02-01-2019 00:00,14245.35765
825,Tawang,1,12,Arunanchal Pradesh,02-01-2019 00:00,13882.13091
826,Tirap,13,12,Arunanchal Pradesh,02-01-2019 00:00,14621.91916
827,West Kameng,2,12,Arunanchal Pradesh,02-01-2019 00:00,14266.11402
828,West Siang,7,12,Arunanchal Pradesh,02-01-2019 00:00,14291.67159
829,Upper Siang,9,12,Arunanchal Pradesh,02-01-2019 00:00,14110.97729
830,Upper Subansiri,6,12,Arunanchal Pradesh,02-01-2019 00:00,14122.72783
831,Lohit,11,12,Arunanchal Pradesh,02-01-2019 00:00,14190.11228
832,Lower Subansiri,5,12,Arunanchal Pradesh,02-01-2019 00:00,14217.88432
833,Papum Pare,4,12,Arunanchal Pradesh,02-01-2019 00:00,14490.73087
834,Changlang,12,12,Arunanchal Pradesh,02-01-2019 00:00,14538.9455
835,Dibang Valley,10,12,Arunanchal Pradesh,02-01-2019 00:00,14001.29754
836,East Kameng,3,12,Arunanchal Pradesh,02-01-2019 00:00,14316.42976
837,East Siang,8,12,Arunanchal Pradesh,02-01-2019 00:00,14619.34459
838,Tuensang,2,13,Nagaland,02-01-2019 00:00,14557.59739
839,Wokha,5,13,Nagaland,02-01-2019 00:00,14660.73651
840,Zunheboto,4,13,Nagaland,02-01-2019 00:00,14582.14146
841,Dimapur,6,13,Nagaland,02-01-2019 00:00,14816.2242
842,Kohima,7,13,Nagaland,02-01-2019 00:00,14624.9225
843,Mokokchung,3,13,Nagaland,02-01-2019 00:00,14655.83377
844,Mon,1,13,Nagaland,02-01-2019 00:00,14695.86998
845,Phek,8,13,Nagaland,02-01-2019 00:00,14552.92687
846,Tamenglong,2,14,Manipur,02-01-2019 00:00,14604.66556
847,Thoubal,5,14,Manipur,02-01-2019 00:00,14886.99472
848,Ukhrul,8,14,Manipur,02-01-2019 00:00,14639.96079
849,Imphal East,7,14,Manipur,02-01-2019 00:00,14897.49095
850,Imphal West,6,14,Manipur,02-01-2019 00:00,14773.9778
851,Senapati (Excl. 3 sub-divisions),1,14,Manipur,02-01-2019 00:00,14618.35744
852,Bishnupur,4,14,Manipur,02-01-2019 00:00,14802.80502
853,Chandel,9,14,Manipur,02-01-2019 00:00,14728.5913
854,Churachandpur,3,14,Manipur,02-01-2019 00:00,14699.4495
855,Kolasib,2,15,Mizoram,02-01-2019 00:00,14800.11925
856,Mamit,1,15,Mizoram,02-01-2019 00:00,14808.98776
857,Lunglei,6,15,Mizoram,02-01-2019 00:00,14758.92288
858,Lawngtlai,7,15,Mizoram,02-01-2019 00:00,14850.6017
859,Saiha,8,15,Mizoram,02-01-2019 00:00,14768.49677
860,Serchhip,5,15,Mizoram,02-01-2019 00:00,14714.02456
861,Aizawl,3,15,Mizoram,02-01-2019 00:00,14749.32061
862,Champhai,4,15,Mizoram,02-01-2019 00:00,14712.78493
863,South Tripura,2,16,Tripura,02-01-2019 00:00,14994.23746
864,West Tripura,1,16,Tripura,02-01-2019 00:00,14998.16197
865,North Tripura,4,16,Tripura,02-01-2019 00:00,14909.05323
866,Dhalai,3,16,Tripura,02-01-2019 00:00,14912.97133
867,Ri Bhoi,5,17,Meghalaya,02-01-2019 00:00,14723.53424
868,South Garo Hills,3,17,Meghalaya,02-01-2019 00:00,14793.88192
869,West Garo Hills,1,17,Meghalaya,02-01-2019 00:00,14845.75862
870,West Khasi Hills,4,17,Meghalaya,02-01-2019 00:00,14670.62554
871,Jaintia Hills,7,17,Meghalaya,02-01-2019 00:00,14724.3134
872,East Garo Hills,2,17,Meghalaya,02-01-2019 00:00,14776.34945
873,East Khasi Hills,6,17,Meghalaya,02-01-2019 00:00,14675.62852
874,Sonitpur,11,18,Assam,02-01-2019 00:00,14925.04172
875,Sibsagar,16,18,Assam,02-01-2019 00:00,14865.70375
876,Tinsukia,14,18,Assam,02-01-2019 00:00,14841.20247
877,Jorhat,17,18,Assam,02-01-2019 00:00,14874.94069
878,Karimganj,22,18,Assam,02-01-2019 00:00,14912.61534
879,Kokrajhar,1,18,Assam,02-01-2019 00:00,14923.46758
880,Lakhimpur,12,18,Assam,02-01-2019 00:00,14939.29542
881,Nagaon,10,18,Assam,02-01-2019 00:00,14899.49753
882,Marigaon,9,18,Assam,02-01-2019 00:00,14883.65653
883,Nalbari,7,18,Assam,02-01-2019 00:00,14901.8107
884,North Cachar Hills,20,18,Assam,02-01-2019 00:00,14709.94599
885,Barpeta,5,18,Assam,02-01-2019 00:00,14903.05188
886,Bongaigaon,4,18,Assam,02-01-2019 00:00,14899.55741
887,Cachar,21,18,Assam,02-01-2019 00:00,14873.62531
888,Darrang,8,18,Assam,02-01-2019 00:00,14906.09296
889,Dhemaji,13,18,Assam,02-01-2019 00:00,14913.46513
890,Dhubri,2,18,Assam,02-01-2019 00:00,14911.85251
891,Dibrugarh,15,18,Assam,02-01-2019 00:00,14874.20739
892,Kamrup,6,18,Assam,02-01-2019 00:00,14840.25964
893,Karbi Anglong,19,18,Assam,02-01-2019 00:00,14747.24261
894,Goalpara,3,18,Assam,02-01-2019 00:00,14888.25565
895,Golaghat,18,18,Assam,02-01-2019 00:00,14872.18486
896,Hailakandi,23,18,Assam,02-01-2019 00:00,14889.25677
897,South  Twenty Four Parganas,18,19,West Bengal,02-01-2019 00:00,14973.525
898,Uttar Dinajpur,4,19,West Bengal,02-01-2019 00:00,14897.9756
899,Hugli,12,19,West Bengal,02-01-2019 00:00,14994.18586
900,Jalpaiguri,2,19,West Bengal,02-01-2019 00:00,14876.54726
901,Koch Bihar,3,19,West Bengal,02-01-2019 00:00,14851.22939
902,Murshidabad,7,19,West Bengal,02-01-2019 00:00,14955.15237
903,Puruliya,14,19,West Bengal,02-01-2019 00:00,15103.2968
904,Kolkata,17,19,West Bengal,02-01-2019 00:00,15120.69477
905,Maldah,6,19,West Bengal,02-01-2019 00:00,14888.83427
906,Nadia,10,19,West Bengal,02-01-2019 00:00,14976.01438
907,North Twenty Four Parganas,11,19,West Bengal,02-01-2019 00:00,14929.42461
908,Medinipur,15,19,West Bengal,02-01-2019 00:00,15043.35842
909,Barddhaman,9,19,West Bengal,02-01-2019 00:00,15024.54817
910,Birbhum,8,19,West Bengal,02-01-2019 00:00,15045.52763
911,Bankura,13,19,West Bengal,02-01-2019 00:00,15083.6189
912,Dakshin Dinajpur,5,19,West Bengal,02-01-2019 00:00,14929.74221
913,Darjiling,1,19,West Bengal,02-01-2019 00:00,14622.89473
914,Haora,16,19,West Bengal,02-01-2019 00:00,15000.48478
915,Ranchi,14,20,Jharkhand,02-01-2019 00:00,15015.98489
916,Sahibganj,9,20,Jharkhand,02-01-2019 00:00,14977.45642
917,Garhwa,1,20,Jharkhand,02-01-2019 00:00,15025.70683
918,Palamu,2,20,Jharkhand,02-01-2019 00:00,15018.44086
919,Chatra,3,20,Jharkhand,02-01-2019 00:00,15032.73199
920,Hazaribagh,4,20,Jharkhand,02-01-2019 00:00,15005.75735
921,Kodarma,5,20,Jharkhand,02-01-2019 00:00,15019.37393
922,Purbi Singhbhum,18,20,Jharkhand,02-01-2019 00:00,15093.85023
923,Lohardaga,15,20,Jharkhand,02-01-2019 00:00,15009.19786
924,Pakaur,10,20,Jharkhand,02-01-2019 00:00,15100.90727
925,Pashchimi Singhbhum,17,20,Jharkhand,02-01-2019 00:00,15014.97513
926,Bokaro,13,20,Jharkhand,02-01-2019 00:00,15055.33572
927,Deoghar,7,20,Jharkhand,02-01-2019 00:00,15119.32377
928,Dhanbad,12,20,Jharkhand,02-01-2019 00:00,15090.57418
929,Dumka,11,20,Jharkhand,02-01-2019 00:00,15111.16307
930,Giridih,6,20,Jharkhand,02-01-2019 00:00,15085.26913
931,Godda,8,20,Jharkhand,02-01-2019 00:00,15017.63977
932,Gumla,16,20,Jharkhand,02-01-2019 00:00,15030.77442
933,Rayagada,27,21,Orissa,02-01-2019 00:00,15159.76254
934,Sundargarh,5,21,Orissa,02-01-2019 00:00,15019.93694
935,Sonapur,23,21,Orissa,02-01-2019 00:00,15114.06569
936,Jajapur,13,21,Orissa,02-01-2019 00:00,15231.49275
937,Jagatsinghapur,11,21,Orissa,02-01-2019 00:00,15265.38489
938,Jharsuguda,2,21,Orissa,02-01-2019 00:00,15046.79384
939,Khordha,17,21,Orissa,02-01-2019 00:00,15233.84122
940,Mayurbhanj,7,21,Orissa,02-01-2019 00:00,15086.21077
941,Puri,18,21,Orissa,02-01-2019 00:00,15190.23316
942,Koraput,29,21,Orissa,02-01-2019 00:00,15244.36829
943,Malkangiri,30,21,Orissa,02-01-2019 00:00,15261.46054
944,Nabarangapur,28,21,Orissa,02-01-2019 00:00,15292.17045
945,Nayagarh,16,21,Orissa,02-01-2019 00:00,15123.57089
946,Nuapada,25,21,Orissa,02-01-2019 00:00,15203.18813
947,Kandhamal,21,21,Orissa,02-01-2019 00:00,15040.1089
948,Sambalpur,3,21,Orissa,02-01-2019 00:00,15039.70459
949,Anugul,15,21,Orissa,02-01-2019 00:00,15064.0586
950,Bhadrak,9,21,Orissa,02-01-2019 00:00,15244.23615
951,Baudh,22,21,Orissa,02-01-2019 00:00,15083.60178
952,Balangir,24,21,Orissa,02-01-2019 00:00,15188.73232
953,Baleshwar,8,21,Orissa,02-01-2019 00:00,15149.55296
954,Bargarh,1,21,Orissa,02-01-2019 00:00,15103.69822
955,Kendrapara,10,21,Orissa,02-01-2019 00:00,15213.4521
956,Kendujhar,6,21,Orissa,02-01-2019 00:00,15106.04026
957,Debagarh,4,21,Orissa,02-01-2019 00:00,15045.08285
958,Cuttack,12,21,Orissa,02-01-2019 00:00,15201.04133
959,Dhenkanal,14,21,Orissa,02-01-2019 00:00,15130.05774
960,Kalahandi,26,21,Orissa,02-01-2019 00:00,15158.29343
961,Ganjam,19,21,Orissa,02-01-2019 00:00,15211.75666
962,Gajapati,20,21,Orissa,02-01-2019 00:00,15142.90133
963,Surguja,2,22,Chhattisgarh,02-01-2019 00:00,15008.15414
964,Bilaspur,7,22,Chhattisgarh,02-01-2019 00:00,15098.55396
965,Janjgir - Champa,6,22,Chhattisgarh,02-01-2019 00:00,15152.35302
966,Korba,5,22,Chhattisgarh,02-01-2019 00:00,15024.46224
967,Kawardha,8,22,Chhattisgarh,02-01-2019 00:00,15090.48963
968,Jashpur,3,22,Chhattisgarh,02-01-2019 00:00,15048.0257
969,Koriya,1,22,Chhattisgarh,02-01-2019 00:00,15007.783
970,Mahasamund,12,22,Chhattisgarh,02-01-2019 00:00,15158.35314
971,Raigarh,4,22,Chhattisgarh,02-01-2019 00:00,15071.18666
972,Raipur,11,22,Chhattisgarh,02-01-2019 00:00,15163.24279
973,Rajnandgaon,9,22,Chhattisgarh,02-01-2019 00:00,15120.54161
974,Bastar,15,22,Chhattisgarh,02-01-2019 00:00,15187.91487
975,Dantewada,16,22,Chhattisgarh,02-01-2019 00:00,15151.69739
976,Dhamtari,13,22,Chhattisgarh,02-01-2019 00:00,15105.74115
977,Durg,10,22,Chhattisgarh,02-01-2019 00:00,15135.27088
978,Kanker,14,22,Chhattisgarh,02-01-2019 00:00,15167.5552
979,Shajapur,22,23,Madhya Pradesh,02-01-2019 00:00,15108.07794
980,Shivpuri,6,23,Madhya Pradesh,02-01-2019 00:00,14902.66834
981,Ratlam,20,23,Madhya Pradesh,02-01-2019 00:00,15106.1018
982,Rewa,14,23,Madhya Pradesh,02-01-2019 00:00,14971.78522
983,Sagar,11,23,Madhya Pradesh,02-01-2019 00:00,15054.94101
984,Sidhi,17,23,Madhya Pradesh,02-01-2019 00:00,15012.4854
985,Ujjain,21,23,Madhya Pradesh,02-01-2019 00:00,15103.77417
986,Vidisha,31,23,Madhya Pradesh,02-01-2019 00:00,14957.35403
987,West Nimar,27,23,Madhya Pradesh,02-01-2019 00:00,15275.54927
988,Morena,2,23,Madhya Pradesh,02-01-2019 00:00,14772.64061
989,Sheopur,1,23,Madhya Pradesh,02-01-2019 00:00,14928.13225
990,Dindori,41,23,Madhya Pradesh,02-01-2019 00:00,15164.11999
991,Mandla,42,23,Madhya Pradesh,02-01-2019 00:00,15137.53557
992,Shahdol,16,23,Madhya Pradesh,02-01-2019 00:00,15109.39985
993,Umaria,15,23,Madhya Pradesh,02-01-2019 00:00,15052.42237
994,Hoshangabad,37,23,Madhya Pradesh,02-01-2019 00:00,14960.13746
995,Indore,26,23,Madhya Pradesh,02-01-2019 00:00,15136.87402
996,Jabalpur,39,23,Madhya Pradesh,02-01-2019 00:00,15008.31907
997,Jhabua,24,23,Madhya Pradesh,02-01-2019 00:00,15288.92573
998,Mandsaur,19,23,Madhya Pradesh,02-01-2019 00:00,14987.50377
999,Tikamgarh,8,23,Madhya Pradesh,02-01-2019 00:00,14869.97536
1000,Narsimhapur,40,23,Madhya Pradesh,02-01-2019 00:00,15065.32887
1001,Neemuch,18,23,Madhya Pradesh,02-01-2019 00:00,15031.66541
1002,Panna,10,23,Madhya Pradesh,02-01-2019 00:00,15053.28464
1003,Raisen,34,23,Madhya Pradesh,02-01-2019 00:00,15046.50645
1004,Rajgarh,30,23,Madhya Pradesh,02-01-2019 00:00,15091.41198
1005,Satna,13,23,Madhya Pradesh,02-01-2019 00:00,14962.59979
1006,Sehore,33,23,Madhya Pradesh,02-01-2019 00:00,15134.15631
1007,Seoni,44,23,Madhya Pradesh,02-01-2019 00:00,15142.88946
1008,Bhind,3,23,Madhya Pradesh,02-01-2019 00:00,14725.27998
1009,Bhopal,32,23,Madhya Pradesh,02-01-2019 00:00,15033.75325
1010,Barwani,28,23,Madhya Pradesh,02-01-2019 00:00,15380.97056
1011,Betul,35,23,Madhya Pradesh,02-01-2019 00:00,15286.9899
1012,Balaghat,45,23,Madhya Pradesh,02-01-2019 00:00,15037.54315
1013,Chhatarpur,9,23,Madhya Pradesh,02-01-2019 00:00,14989.59198
1014,Chhindwara,43,23,Madhya Pradesh,02-01-2019 00:00,15225.21276
1015,Dewas,23,23,Madhya Pradesh,02-01-2019 00:00,15248.33444
1016,Katni,38,23,Madhya Pradesh,02-01-2019 00:00,15021.56463
1017,Datia,5,23,Madhya Pradesh,02-01-2019 00:00,14736.56041
1018,Damoh,12,23,Madhya Pradesh,02-01-2019 00:00,15085.98798
1019,Dhar,25,23,Madhya Pradesh,02-01-2019 00:00,15250.70226
1020,East Nimar,29,23,Madhya Pradesh,02-01-2019 00:00,15283.39093
1021,Guna,7,23,Madhya Pradesh,02-01-2019 00:00,14950.35847
1022,Gwalior,4,23,Madhya Pradesh,02-01-2019 00:00,14796.15207
1023,Harda,36,23,Madhya Pradesh,02-01-2019 00:00,15062.38745
1024,Sabar Kantha,5,24,Gujarat,02-01-2019 00:00,15101.92866
1025,Surendranagar,8,24,Gujarat,02-01-2019 00:00,15300.53465
1026,The Dangs,23,24,Gujarat,02-01-2019 00:00,15342.02561
1027,Vadodara,19,24,Gujarat,02-01-2019 00:00,15190.99435
1028,Valsad,25,24,Gujarat,02-01-2019 00:00,15291.55718
1029,Bharuch,21,24,Gujarat,02-01-2019 00:00,15270.90197
1030,Surat,22,24,Gujarat,02-01-2019 00:00,15280.19968
1031,Jamnagar,10,24,Gujarat,02-01-2019 00:00,15426.77712
1032,Kheda,16,24,Gujarat,02-01-2019 00:00,15124.418
1033,Mahesana,4,24,Gujarat,02-01-2019 00:00,15138.21102
1034,Narmada,20,24,Gujarat,02-01-2019 00:00,15316.33615
1035,Navsari,24,24,Gujarat,02-01-2019 00:00,15229.34666
1036,Panch Mahals,17,24,Gujarat,02-01-2019 00:00,15152.67499
1037,Patan,3,24,Gujarat,02-01-2019 00:00,15228.47112
1038,Porbandar,11,24,Gujarat,02-01-2019 00:00,15434.71834
1039,Rajkot,9,24,Gujarat,02-01-2019 00:00,15438.01724
1040,Anand,15,24,Gujarat,02-01-2019 00:00,15061.05989
1041,Ahmadabad,7,24,Gujarat,02-01-2019 00:00,15271.62479
1042,Amreli,13,24,Gujarat,02-01-2019 00:00,15477.62772
1043,Bhavnagar,14,24,Gujarat,02-01-2019 00:00,15461.10423
1044,Banas Kantha,2,24,Gujarat,02-01-2019 00:00,15092.13915
1045,Dohad,18,24,Gujarat,02-01-2019 00:00,15171.16464
1046,Junagadh,12,24,Gujarat,02-01-2019 00:00,15346.77524
1047,Kachchh,1,24,Gujarat,02-01-2019 00:00,15336.44702
1048,Gandhinagar,6,24,Gujarat,02-01-2019 00:00,15150.26018
1049,Daman,2,25,Daman & Diu,02-01-2019 00:00,15153.65595
1050,Diu,1,25,Daman & Diu,02-01-2019 00:00,15058.4436
1051,Ratnagiri,32,27,Maharashtra,02-01-2019 00:00,15333.26972
1052,Raigarh,24,27,Maharashtra,02-01-2019 00:00,15360.79634
1053,Thane,21,27,Maharashtra,02-01-2019 00:00,15400.42728
1054,Solapur,30,27,Maharashtra,02-01-2019 00:00,15611.12987
1055,Sindhudurg,33,27,Maharashtra,02-01-2019 00:00,15320.6468
1056,Wardha,8,27,Maharashtra,02-01-2019 00:00,15444.85141
1057,Washim,6,27,Maharashtra,02-01-2019 00:00,15480.23689
1058,Yavatmal,14,27,Maharashtra,02-01-2019 00:00,15465.67464
1059,Hingoli,16,27,Maharashtra,02-01-2019 00:00,15484.4395
1060,Jalgaon,3,27,Maharashtra,02-01-2019 00:00,15477.71949
1061,Jalna,18,27,Maharashtra,02-01-2019 00:00,15576.81887
1062,Kolhapur,34,27,Maharashtra,02-01-2019 00:00,15372.84784
1063,Latur,28,27,Maharashtra,02-01-2019 00:00,15600.88319
1064,Pune,25,27,Maharashtra,02-01-2019 00:00,15406.59921
1065,Nagpur,9,27,Maharashtra,02-01-2019 00:00,15306.88266
1066,Mumbai,23,27,Maharashtra,02-01-2019 00:00,15181.60056
1067,Mumbai (Suburban),22,27,Maharashtra,02-01-2019 00:00,15231.17476
1068,Nanded,15,27,Maharashtra,02-01-2019 00:00,15501.48604
1069,Nandurbar,1,27,Maharashtra,02-01-2019 00:00,15395.65213
1070,Nashik,20,27,Maharashtra,02-01-2019 00:00,15427.4512
1071,Osmanabad,29,27,Maharashtra,02-01-2019 00:00,15621.4829
1072,Parbhani,17,27,Maharashtra,02-01-2019 00:00,15520.17957
1073,Sangli,35,27,Maharashtra,02-01-2019 00:00,15573.25216
1074,Satara,31,27,Maharashtra,02-01-2019 00:00,15446.76354
1075,Aurangabad,19,27,Maharashtra,02-01-2019 00:00,15542.63582
1076,Ahmadnagar,26,27,Maharashtra,02-01-2019 00:00,15517.08878
1077,Akola,5,27,Maharashtra,02-01-2019 00:00,15485.20584
1078,Amravati,7,27,Maharashtra,02-01-2019 00:00,15415.91401
1079,Bid,27,27,Maharashtra,02-01-2019 00:00,15622.31033
1080,Bhandara,10,27,Maharashtra,02-01-2019 00:00,15164.15394
1081,Buldana,4,27,Maharashtra,02-01-2019 00:00,15532.43517
1082,Chandrapur,13,27,Maharashtra,02-01-2019 00:00,15309.58956
1083,Dhule,2,27,Maharashtra,02-01-2019 00:00,15504.78576
1084,Gadchiroli,12,27,Maharashtra,02-01-2019 00:00,15144.92301
1085,Gondiya,11,27,Maharashtra,02-01-2019 00:00,15128.85739
1086,Rangareddi,6,28,Andhra Pradesh,02-01-2019 00:00,15530.1243
1087,Srikakulam,11,28,Andhra Pradesh,02-01-2019 00:00,15280.78097
1088,West Godavari,15,28,Andhra Pradesh,02-01-2019 00:00,15128.61609
1089,Visakhapatnam,13,28,Andhra Pradesh,02-01-2019 00:00,15227.21626
1090,Vizianagaram,12,28,Andhra Pradesh,02-01-2019 00:00,15306.76731
1091,Warangal,9,28,Andhra Pradesh,02-01-2019 00:00,15287.20667
1092,Hyderabad,5,28,Andhra Pradesh,02-01-2019 00:00,15303.15417
1093,Khammam,10,28,Andhra Pradesh,02-01-2019 00:00,15228.41493
1094,Medak,4,28,Andhra Pradesh,02-01-2019 00:00,15487.52336
1095,Krishna,16,28,Andhra Pradesh,02-01-2019 00:00,15206.52877
1096,Kurnool,21,28,Andhra Pradesh,02-01-2019 00:00,15571.85222
1097,Mahbubnagar,7,28,Andhra Pradesh,02-01-2019 00:00,15513.08968
1098,Nalgonda,8,28,Andhra Pradesh,02-01-2019 00:00,15364.77163
1099,Nellore,19,28,Andhra Pradesh,02-01-2019 00:00,15365.25953
1100,Nizamabad,2,28,Andhra Pradesh,02-01-2019 00:00,15353.26124
1101,Prakasam,18,28,Andhra Pradesh,02-01-2019 00:00,15466.7194
1102,Anantapur,22,28,Andhra Pradesh,02-01-2019 00:00,15579.41332
1103,Adilabad,1,28,Andhra Pradesh,02-01-2019 00:00,15357.74043
1104,Chittoor,23,28,Andhra Pradesh,02-01-2019 00:00,15415.05964
1105,Cuddapah,20,28,Andhra Pradesh,02-01-2019 00:00,15502.86146
1106,East Godavari,14,28,Andhra Pradesh,02-01-2019 00:00,15145.24592
1107,Karimnagar,3,28,Andhra Pradesh,02-01-2019 00:00,15254.63182
1108,Guntur,17,28,Andhra Pradesh,02-01-2019 00:00,15333.20701
1109,Shimoga,15,29,Karnataka,02-01-2019 00:00,15274.89717
1110,Tumkur,18,29,Karnataka,02-01-2019 00:00,15468.23378
1111,Udupi,16,29,Karnataka,02-01-2019 00:00,15257.90733
1112,Uttara Kannada,10,29,Karnataka,02-01-2019 00:00,15187.09313
1113,Hassan,23,29,Karnataka,02-01-2019 00:00,15353.26342
1114,Haveri,11,29,Karnataka,02-01-2019 00:00,15574.43565
1115,Kodagu,25,29,Karnataka,02-01-2019 00:00,15080.42366
1116,Kolar,19,29,Karnataka,02-01-2019 00:00,15479.23954
1117,Mandya,22,29,Karnataka,02-01-2019 00:00,15361.33313
1118,Koppal,7,29,Karnataka,02-01-2019 00:00,15631.13754
1119,Mysore,26,29,Karnataka,02-01-2019 00:00,15423.38452
1120,Raichur,6,29,Karnataka,02-01-2019 00:00,15602.37114
1121,Bagalkot,2,29,Karnataka,02-01-2019 00:00,15556.3596
1122,Bangalore,20,29,Karnataka,02-01-2019 00:00,15388.36036
1123,Bidar,5,29,Karnataka,02-01-2019 00:00,15625.11985
1124,Bijapur,3,29,Karnataka,02-01-2019 00:00,15700.30584
1125,Belgaum,1,29,Karnataka,02-01-2019 00:00,15499.66588
1126,Bellary,12,29,Karnataka,02-01-2019 00:00,15555.88618
1127,Bangalore Rural,21,29,Karnataka,02-01-2019 00:00,15437.78784
1128,Chamarajanagar,27,29,Karnataka,02-01-2019 00:00,15434.75725
1129,Chikmagalur,17,29,Karnataka,02-01-2019 00:00,15233.93304
1130,Chitradurga,13,29,Karnataka,02-01-2019 00:00,15578.86339
1131,Dakshina Kannada,24,29,Karnataka,02-01-2019 00:00,15208.54215
1132,Davanagere,14,29,Karnataka,02-01-2019 00:00,15506.88487
1133,Dharwad,9,29,Karnataka,02-01-2019 00:00,15664.72055
1134,Gulbarga,4,29,Karnataka,02-01-2019 00:00,15649.56033
1135,Gadag,8,29,Karnataka,02-01-2019 00:00,15724.26716
1136,South Goa,2,30,Goa,02-01-2019 00:00,15233.82081
1137,North Goa,1,30,Goa,02-01-2019 00:00,15277.30825
1138,Thrissur,7,32,Kerala,02-01-2019 00:00,15260.86924
1139,Thiruvananthapuram,14,32,Kerala,02-01-2019 00:00,15260.52179
1140,Wayanad,3,32,Kerala,02-01-2019 00:00,15122.37446
1141,Idukki,9,32,Kerala,02-01-2019 00:00,15062.41492
1142,Kollam,13,32,Kerala,02-01-2019 00:00,15222.69204
1143,Kottayam,10,32,Kerala,02-01-2019 00:00,15241.51747
1144,Kozhikode,4,32,Kerala,02-01-2019 00:00,15206.32775
1145,Malappuram,5,32,Kerala,02-01-2019 00:00,15240.81544
1146,Palakkad,6,32,Kerala,02-01-2019 00:00,15218.20252
1147,Pathanamthitta,12,32,Kerala,02-01-2019 00:00,15155.28788
1148,Alappuzha,11,32,Kerala,02-01-2019 00:00,15202.31193
1149,Kasaragod,1,32,Kerala,02-01-2019 00:00,15279.5742
1150,Kannur,2,32,Kerala,02-01-2019 00:00,15263.77768
1151,Ernakulam,8,32,Kerala,02-01-2019 00:00,15265.97907
1152,Sivaganga,23,33,Tamil Nadu,02-01-2019 00:00,15500.03875
1153,Tiruchirappalli,15,33,Tamil Nadu,02-01-2019 00:00,15511.84552
1154,Tirunelveli,29,33,Tamil Nadu,02-01-2019 00:00,15336.89311
1155,Tiruvannamalai,6,33,Tamil Nadu,02-01-2019 00:00,15370.12311
1156,Thoothukkudi,28,33,Tamil Nadu,02-01-2019 00:00,15488.01121
1157,Theni,25,33,Tamil Nadu,02-01-2019 00:00,15278.83945
1158,Vellore,4,33,Tamil Nadu,02-01-2019 00:00,15398.89676
1159,Viluppuram,7,33,Tamil Nadu,02-01-2019 00:00,15396.98309
1160,Virudhunagar,26,33,Tamil Nadu,02-01-2019 00:00,15529.40132
1161,Chennai,2,33,Tamil Nadu,02-01-2019 00:00,15343.04901
1162,Kancheepuram,3,33,Tamil Nadu,02-01-2019 00:00,15360.70507
1163,Thiruvallur,1,33,Tamil Nadu,02-01-2019 00:00,15411.56415
1164,Thanjavur,21,33,Tamil Nadu,02-01-2019 00:00,15329.4854
1165,Thiruvarur,20,33,Tamil Nadu,02-01-2019 00:00,15334.37795
1166,Nagapattinam,19,33,Tamil Nadu,02-01-2019 00:00,15292.71384
1167,Kanniyakumari,30,33,Tamil Nadu,02-01-2019 00:00,15268.59449
1168,Karur,14,33,Tamil Nadu,02-01-2019 00:00,15635.36526
1169,Madurai,24,33,Tamil Nadu,02-01-2019 00:00,15452.82214
1170,Namakkal,9,33,Tamil Nadu,02-01-2019 00:00,15555.12933
1171,The Nilgiris,11,33,Tamil Nadu,02-01-2019 00:00,15038.73894
1172,Perambalur,16,33,Tamil Nadu,02-01-2019 00:00,15484.51578
1173,Pudukkottai,22,33,Tamil Nadu,02-01-2019 00:00,15449.90241
1174,Ramanathapuram,27,33,Tamil Nadu,02-01-2019 00:00,15491.40909
1175,Salem,8,33,Tamil Nadu,02-01-2019 00:00,15459.34784
1176,Ariyalur,17,33,Tamil Nadu,02-01-2019 00:00,15330.5719
1177,Coimbatore,12,33,Tamil Nadu,02-01-2019 00:00,15377.66214
1178,Cuddalore,18,33,Tamil Nadu,02-01-2019 00:00,15355.11625
1179,Dharmapuri,5,33,Tamil Nadu,02-01-2019 00:00,15454.539
1180,Dindigul,13,33,Tamil Nadu,02-01-2019 00:00,15360.75984
1181,Erode,10,33,Tamil Nadu,02-01-2019 00:00,15429.95553
1182,Yanam,1,34,Puducherry,02-01-2019 00:00,15140.64503
1183,Karaikal,4,34,Puducherry,02-01-2019 00:00,15258.90332
1184,Mahe,3,34,Puducherry,02-01-2019 00:00,15273.8612
1185,Pondicherry,2,34,Puducherry,02-01-2019 00:00,15301.79947
1186,Nicobars,2,35,Andaman & Nicobar Island,02-01-2019 00:00,15004.55337
1187,Andamans,1,35,Andaman & Nicobar Island,02-01-2019 00:00,15074.91164
1188,Lakshadweep,1,31,Lakshadweep,03-01-2019 00:00,15113.08206
1189,Chandigarh,1,4,Chandigarh,03-01-2019 00:00,15033.40549
1190,Dadra & Nagar Haveli,1,26,Dadara & Nagar Havelli,03-01-2019 00:00,15646.88082
1191,Data Not Available,99,99,Jammu and Kashmir,03-01-2019 00:00,13528.01739
1192,Srinagar,3,1,Jammu and Kashmir,03-01-2019 00:00,13800.87015
1193,Udhampur,10,1,Jammu and Kashmir,03-01-2019 00:00,14508.20058
1194,Jammu,13,1,Jammu and Kashmir,03-01-2019 00:00,14856.12059
1195,Kargil,8,1,Jammu and Kashmir,03-01-2019 00:00,13349.61556
1196,Kathua,14,1,Jammu and Kashmir,03-01-2019 00:00,14722.02179
1197,Leh (Ladakh),7,1,Jammu and Kashmir,03-01-2019 00:00,13630.03236
1198,Kupwara,1,1,Jammu and Kashmir,03-01-2019 00:00,13958.28162
1199,Punch,11,1,Jammu and Kashmir,03-01-2019 00:00,14379.96706
1200,Pulwama,5,1,Jammu and Kashmir,03-01-2019 00:00,14318.7427
1201,Rajauri,12,1,Jammu and Kashmir,03-01-2019 00:00,14648.12001
1202,Anantnag,6,1,Jammu and Kashmir,03-01-2019 00:00,13826.45797
1203,Badgam,4,1,Jammu and Kashmir,03-01-2019 00:00,14100.62463
1204,Baramula,2,1,Jammu and Kashmir,03-01-2019 00:00,13915.98321
1205,Doda,9,1,Jammu and Kashmir,03-01-2019 00:00,13660.09419
1206,Shimla,11,2,Himachal Pradesh,03-01-2019 00:00,14348.91357
1207,Sirmaur,10,2,Himachal Pradesh,03-01-2019 00:00,14769.28315
1208,Solan,9,2,Himachal Pradesh,03-01-2019 00:00,14803.14943
1209,Una,7,2,Himachal Pradesh,03-01-2019 00:00,14878.88346
1210,Kangra,2,2,Himachal Pradesh,03-01-2019 00:00,14502.29481
1211,Kinnaur,12,2,Himachal Pradesh,03-01-2019 00:00,13483.11332
1212,Lahul & Spiti,3,2,Himachal Pradesh,03-01-2019 00:00,13254.33871
1213,Kullu,4,2,Himachal Pradesh,03-01-2019 00:00,13827.22117
1214,Mandi,5,2,Himachal Pradesh,03-01-2019 00:00,14583.75758
1215,Bilaspur,8,2,Himachal Pradesh,03-01-2019 00:00,14797.20012
1216,Chamba,1,2,Himachal Pradesh,03-01-2019 00:00,13882.78803
1217,Hamirpur,6,2,Himachal Pradesh,03-01-2019 00:00,14801.89614
1218,Rupnagar,7,3,Punjab,03-01-2019 00:00,14907.75001
1219,Hoshiarpur,5,3,Punjab,03-01-2019 00:00,14918.63959
1220,Jalandhar,4,3,Punjab,03-01-2019 00:00,14940.51853
1221,Kapurthala,3,3,Punjab,03-01-2019 00:00,14923.44438
1222,Ludhiana,9,3,Punjab,03-01-2019 00:00,14879.11218
1223,Mansa,15,3,Punjab,03-01-2019 00:00,14824.05639
1224,Moga,10,3,Punjab,03-01-2019 00:00,14821.95858
1225,Muktsar,12,3,Punjab,03-01-2019 00:00,14802.72339
1226,Nawanshahr,6,3,Punjab,03-01-2019 00:00,14879.69724
1227,Patiala,17,3,Punjab,03-01-2019 00:00,14851.55915
1228,Sangrur,16,3,Punjab,03-01-2019 00:00,14814.14053
1229,Amritsar,2,3,Punjab,03-01-2019 00:00,14823.50355
1230,Firozpur,11,3,Punjab,03-01-2019 00:00,14836.64124
1231,Bathinda,14,3,Punjab,03-01-2019 00:00,14835.41832
1232,Gurdaspur,1,3,Punjab,03-01-2019 00:00,14841.31982
1233,Faridkot,13,3,Punjab,03-01-2019 00:00,14817.94045
1234,Fatehgarh Sahib,8,3,Punjab,03-01-2019 00:00,14856.846
1235,Rudraprayag,3,5,Uttarakhand,03-01-2019 00:00,14234.94845
1236,Tehri Garhwal,4,5,Uttarakhand,03-01-2019 00:00,14520.76905
1237,Udham Singh Nagar,12,5,Uttarakhand,03-01-2019 00:00,14991.95879
1238,Uttarkashi,1,5,Uttarakhand,03-01-2019 00:00,13829.09049
1239,Hardwar,13,5,Uttarakhand,03-01-2019 00:00,15009.86734
1240,Nainital,11,5,Uttarakhand,03-01-2019 00:00,14879.25096
1241,Pithoragarh,7,5,Uttarakhand,03-01-2019 00:00,13944.42178
1242,Bageshwar,8,5,Uttarakhand,03-01-2019 00:00,14405.13143
1243,Almora,9,5,Uttarakhand,03-01-2019 00:00,14763.45918
1244,Chamoli,2,5,Uttarakhand,03-01-2019 00:00,13845.63154
1245,Champawat,10,5,Uttarakhand,03-01-2019 00:00,14768.72811
1246,Dehradun,5,5,Uttarakhand,03-01-2019 00:00,14802.96763
1247,Garhwal,6,5,Uttarakhand,03-01-2019 00:00,14789.30286
1248,Rohtak,14,6,Haryana,03-01-2019 00:00,14942.4712
1249,Sirsa,11,6,Haryana,03-01-2019 00:00,14900.9188
1250,Sonipat,8,6,Haryana,03-01-2019 00:00,14931.00529
1251,Yamunanagar,3,6,Haryana,03-01-2019 00:00,14917.11921
1252,Jhajjar,15,6,Haryana,03-01-2019 00:00,15028.9008
1253,Mahendragarh,16,6,Haryana,03-01-2019 00:00,15158.54557
1254,Rewari,17,6,Haryana,03-01-2019 00:00,15147.75611
1255,Bhiwani,13,6,Haryana,03-01-2019 00:00,15062.69458
1256,Hisar,12,6,Haryana,03-01-2019 00:00,14977.61084
1257,Jind,9,6,Haryana,03-01-2019 00:00,14837.43606
1258,Kaithal,5,6,Haryana,03-01-2019 00:00,14835.24831
1259,Karnal,6,6,Haryana,03-01-2019 00:00,14875.42668
1260,Kurukshetra,4,6,Haryana,03-01-2019 00:00,14874.68139
1261,Panchkula,1,6,Haryana,03-01-2019 00:00,14922.02318
1262,Panipat,7,6,Haryana,03-01-2019 00:00,14920.57607
1263,Ambala,2,6,Haryana,03-01-2019 00:00,14889.85439
1264,Gurgaon,18,6,Haryana,03-01-2019 00:00,15120.89295
1265,Faridabad,19,6,Haryana,03-01-2019 00:00,15004.1437
1266,Fatehabad,10,6,Haryana,03-01-2019 00:00,14861.84713
1267,Central,6,7,Delhi  & NCR,03-01-2019 00:00,15112.8738
1268,East,4,7,Delhi  & NCR,03-01-2019 00:00,15102.27241
1269,New Delhi,5,7,Delhi  & NCR,03-01-2019 00:00,15087.71733
1270,North,2,7,Delhi  & NCR,03-01-2019 00:00,15084.9353
1271,North East,3,7,Delhi  & NCR,03-01-2019 00:00,15109.96119
1272,North West,1,7,Delhi  & NCR,03-01-2019 00:00,15078.1658
1273,South,9,7,Delhi  & NCR,03-01-2019 00:00,15111.96249
1274,South West,8,7,Delhi  & NCR,03-01-2019 00:00,15148.06632
1275,West,7,7,Delhi  & NCR,03-01-2019 00:00,15140.81267
1276,Sirohi,19,8,Rajasthan,03-01-2019 00:00,15586.67157
1277,Tonk,22,8,Rajasthan,03-01-2019 00:00,15467.8355
1278,Sikar,13,8,Rajasthan,03-01-2019 00:00,15424.94554
1279,Alwar,6,8,Rajasthan,03-01-2019 00:00,15208.57751
1280,Udaipur,26,8,Rajasthan,03-01-2019 00:00,15540.34846
1281,Ganganagar,1,8,Rajasthan,03-01-2019 00:00,15174.13737
1282,Hanumangarh,2,8,Rajasthan,03-01-2019 00:00,15223.35382
1283,Baran,31,8,Rajasthan,03-01-2019 00:00,15407.93866
1284,Jaipur,12,8,Rajasthan,03-01-2019 00:00,15400.28
1285,Jaisalmer,16,8,Rajasthan,03-01-2019 00:00,15687.14734
1286,Jalor,18,8,Rajasthan,03-01-2019 00:00,15666.87671
1287,Jhalawar,32,8,Rajasthan,03-01-2019 00:00,15508.55083
1288,Jhunjhunun,5,8,Rajasthan,03-01-2019 00:00,15383.35783
1289,Jodhpur,15,8,Rajasthan,03-01-2019 00:00,15659.46457
1290,Kota,30,8,Rajasthan,03-01-2019 00:00,15311.70869
1291,Nagaur,14,8,Rajasthan,03-01-2019 00:00,15605.51034
1292,Pali,20,8,Rajasthan,03-01-2019 00:00,15646.78776
1293,Rajsamand,25,8,Rajasthan,03-01-2019 00:00,15497.47742
1294,Sawai Madhopur,10,8,Rajasthan,03-01-2019 00:00,15329.39598
1295,Ajmer,21,8,Rajasthan,03-01-2019 00:00,15526.32969
1296,Banswara,28,8,Rajasthan,03-01-2019 00:00,15564.34229
1297,Barmer,17,8,Rajasthan,03-01-2019 00:00,15737.50808
1298,Bhilwara,24,8,Rajasthan,03-01-2019 00:00,15510.93168
1299,Bikaner,3,8,Rajasthan,03-01-2019 00:00,15604.39603
1300,Bharatpur,7,8,Rajasthan,03-01-2019 00:00,15208.16931
1301,Bundi,23,8,Rajasthan,03-01-2019 00:00,15317.55118
1302,Chittaurgarh,29,8,Rajasthan,03-01-2019 00:00,15496.81819
1303,Churu,4,8,Rajasthan,03-01-2019 00:00,15540.39575
1304,Dausa,11,8,Rajasthan,03-01-2019 00:00,15321.91248
1305,Dhaulpur,8,8,Rajasthan,03-01-2019 00:00,15307.57802
1306,Dungarpur,27,8,Rajasthan,03-01-2019 00:00,15595.30364
1307,Karauli,9,8,Rajasthan,03-01-2019 00:00,15363.81155
1308,Shrawasti,51,9,Uttar Pradesh,03-01-2019 00:00,15041.4689
1309,Saharanpur,1,9,Uttar Pradesh,03-01-2019 00:00,14960.27541
1310,Sitapur,24,9,Uttar Pradesh,03-01-2019 00:00,15069.47724
1311,Sultanpur,49,9,Uttar Pradesh,03-01-2019 00:00,15164.91016
1312,Sonbhadra,70,9,Uttar Pradesh,03-01-2019 00:00,15303.054
1313,Siddharthnagar,54,9,Uttar Pradesh,03-01-2019 00:00,15026.12189
1314,Unnao,26,9,Uttar Pradesh,03-01-2019 00:00,15080.08602
1315,Varanasi,67,9,Uttar Pradesh,03-01-2019 00:00,15160.98397
1316,Bulandshahr,11,9,Uttar Pradesh,03-01-2019 00:00,14979.45904
1317,Gautam Buddha Nagar,10,9,Uttar Pradesh,03-01-2019 00:00,15013.22284
1318,Ghaziabad,9,9,Uttar Pradesh,03-01-2019 00:00,15022.73277
1319,Hathras,13,9,Uttar Pradesh,03-01-2019 00:00,15087.83137
1320,Jalaun,35,9,Uttar Pradesh,03-01-2019 00:00,15218.59414
1321,Jaunpur,64,9,Uttar Pradesh,03-01-2019 00:00,15177.84386
1322,Jhansi,36,9,Uttar Pradesh,03-01-2019 00:00,15241.19328
1323,Jyotiba Phule Nagar,6,9,Uttar Pradesh,03-01-2019 00:00,15006.11813
1324,Kannauj,30,9,Uttar Pradesh,03-01-2019 00:00,15123.38234
1325,Kanpur Nagar,34,9,Uttar Pradesh,03-01-2019 00:00,15114.93623
1326,Kaushambi,44,9,Uttar Pradesh,03-01-2019 00:00,15188.69896
1327,Kheri,23,9,Uttar Pradesh,03-01-2019 00:00,15114.59166
1328,Mirzapur,69,9,Uttar Pradesh,03-01-2019 00:00,15303.26289
1329,Moradabad,4,9,Uttar Pradesh,03-01-2019 00:00,15017.07458
1330,Muzaffarnagar,2,9,Uttar Pradesh,03-01-2019 00:00,15013.65984
1331,Rae Bareli,28,9,Uttar Pradesh,03-01-2019 00:00,15113.21025
1332,Kushinagar,59,9,Uttar Pradesh,03-01-2019 00:00,15123.69545
1333,Lucknow,27,9,Uttar Pradesh,03-01-2019 00:00,15118.86902
1334,Lalitpur,37,9,Uttar Pradesh,03-01-2019 00:00,15260.23078
1335,Mahrajganj,57,9,Uttar Pradesh,03-01-2019 00:00,15050.13475
1336,Mahoba,39,9,Uttar Pradesh,03-01-2019 00:00,15435.10492
1337,Mainpuri,18,9,Uttar Pradesh,03-01-2019 00:00,15052.53212
1338,Mathura,14,9,Uttar Pradesh,03-01-2019 00:00,15033.99112
1339,Mau,62,9,Uttar Pradesh,03-01-2019 00:00,15136.62693
1340,Meerut,7,9,Uttar Pradesh,03-01-2019 00:00,15032.89613
1341,Pilibhit,21,9,Uttar Pradesh,03-01-2019 00:00,15040.42079
1342,Pratapgarh,43,9,Uttar Pradesh,03-01-2019 00:00,15180.93104
1343,Rampur,5,9,Uttar Pradesh,03-01-2019 00:00,14960.26742
1344,Sant Ravidas Nagar Bhadohi,68,9,Uttar Pradesh,03-01-2019 00:00,15156.59363
1345,Sant Kabir Nagar,56,9,Uttar Pradesh,03-01-2019 00:00,15084.196
1346,Shahjahanpur,22,9,Uttar Pradesh,03-01-2019 00:00,15027.927
1347,Auraiya,32,9,Uttar Pradesh,03-01-2019 00:00,15061.24735
1348,Azamgarh,61,9,Uttar Pradesh,03-01-2019 00:00,15154.6334
1349,Budaun,19,9,Uttar Pradesh,03-01-2019 00:00,15031.88825
1350,Agra,15,9,Uttar Pradesh,03-01-2019 00:00,15145.74527
1351,Aligarh,12,9,Uttar Pradesh,03-01-2019 00:00,15011.43962
1352,Allahabad,45,9,Uttar Pradesh,03-01-2019 00:00,15227.88072
1353,Ambedkar Nagar,48,9,Uttar Pradesh,03-01-2019 00:00,15138.68571
1354,Bareilly,20,9,Uttar Pradesh,03-01-2019 00:00,15021.09249
1355,Bijnor,3,9,Uttar Pradesh,03-01-2019 00:00,15048.9053
1356,Basti,55,9,Uttar Pradesh,03-01-2019 00:00,15111.83703
1357,Baghpat,8,9,Uttar Pradesh,03-01-2019 00:00,15027.86261
1358,Bahraich,50,9,Uttar Pradesh,03-01-2019 00:00,15059.602
1359,Ballia,63,9,Uttar Pradesh,03-01-2019 00:00,15152.98027
1360,Balrampur,52,9,Uttar Pradesh,03-01-2019 00:00,15135.01964
1361,Banda,40,9,Uttar Pradesh,03-01-2019 00:00,15273.49388
1362,Barabanki,46,9,Uttar Pradesh,03-01-2019 00:00,15090.60758
1363,Chitrakoot,41,9,Uttar Pradesh,03-01-2019 00:00,15351.52684
1364,Chandauli,66,9,Uttar Pradesh,03-01-2019 00:00,15198.3344
1365,Deoria,60,9,Uttar Pradesh,03-01-2019 00:00,15129.75367
1366,Etah,17,9,Uttar Pradesh,03-01-2019 00:00,15033.37704
1367,Kanpur Dehat,33,9,Uttar Pradesh,03-01-2019 00:00,15104.26837
1368,Etawah,31,9,Uttar Pradesh,03-01-2019 00:00,15080.23212
1369,Faizabad,47,9,Uttar Pradesh,03-01-2019 00:00,15143.0367
1370,Ghazipur,65,9,Uttar Pradesh,03-01-2019 00:00,15142.75003
1371,Gonda,53,9,Uttar Pradesh,03-01-2019 00:00,15134.18769
1372,Gorakhpur,58,9,Uttar Pradesh,03-01-2019 00:00,15094.21504
1373,Farrukhabad,29,9,Uttar Pradesh,03-01-2019 00:00,15094.8186
1374,Fatehpur,42,9,Uttar Pradesh,03-01-2019 00:00,15167.49064
1375,Firozabad,16,9,Uttar Pradesh,03-01-2019 00:00,15088.78257
1376,Hamirpur,38,9,Uttar Pradesh,03-01-2019 00:00,15270.7387
1377,Hardoi,25,9,Uttar Pradesh,03-01-2019 00:00,15033.2143
1378,Sheikhpura,26,10,Bihar,03-01-2019 00:00,15225.89809
1379,Sheohar,3,10,Bihar,03-01-2019 00:00,15077.9348
1380,Saharsa,12,10,Bihar,03-01-2019 00:00,15079.40093
1381,Sitamarhi,4,10,Bihar,03-01-2019 00:00,15104.17621
1382,Siwan,16,10,Bihar,03-01-2019 00:00,15221.36085
1383,Supaul,6,10,Bihar,03-01-2019 00:00,15080.52846
1384,Vaishali,18,10,Bihar,03-01-2019 00:00,15212.17782
1385,Kaimur (Bhabua),31,10,Bihar,03-01-2019 00:00,15243.80307
1386,Gaya,35,10,Bihar,03-01-2019 00:00,15309.12868
1387,Bhojpur,29,10,Bihar,03-01-2019 00:00,15179.0478
1388,Buxar,30,10,Bihar,03-01-2019 00:00,15104.15345
1389,Jehanabad,33,10,Bihar,03-01-2019 00:00,15214.0814
1390,Rohtas,32,10,Bihar,03-01-2019 00:00,15191.8282
1391,Jamui,37,10,Bihar,03-01-2019 00:00,15387.29783
1392,Kishanganj,8,10,Bihar,03-01-2019 00:00,15176.19761
1393,Muzaffarpur,14,10,Bihar,03-01-2019 00:00,15147.68971
1394,Purnia,9,10,Bihar,03-01-2019 00:00,15037.77993
1395,Khagaria,21,10,Bihar,03-01-2019 00:00,15069.20439
1396,Madhubani,5,10,Bihar,03-01-2019 00:00,15154.92623
1397,Lakhisarai,25,10,Bihar,03-01-2019 00:00,15245.51661
1398,Madhepura,11,10,Bihar,03-01-2019 00:00,15049.29521
1399,Purba Champaran,2,10,Bihar,03-01-2019 00:00,15123.44688
1400,Munger,24,10,Bihar,03-01-2019 00:00,15254.63212
1401,Nalanda,27,10,Bihar,03-01-2019 00:00,15203.05206
1402,Nawada,36,10,Bihar,03-01-2019 00:00,15249.74501
1403,Pashchim Champaran,1,10,Bihar,03-01-2019 00:00,15146.24755
1404,Patna,28,10,Bihar,03-01-2019 00:00,15249.97205
1405,Samastipur,19,10,Bihar,03-01-2019 00:00,15150.51191
1406,Araria,7,10,Bihar,03-01-2019 00:00,15034.16309
1407,Aurangabad,34,10,Bihar,03-01-2019 00:00,15302.99432
1408,Banka,23,10,Bihar,03-01-2019 00:00,15397.88011
1409,Bhagalpur,22,10,Bihar,03-01-2019 00:00,15190.4879
1410,Begusarai,20,10,Bihar,03-01-2019 00:00,15160.58929
1411,Saran,17,10,Bihar,03-01-2019 00:00,15230.70745
1412,Katihar,10,10,Bihar,03-01-2019 00:00,15053.73943
1413,Darbhanga,13,10,Bihar,03-01-2019 00:00,15169.64642
1414,Gopalganj,15,10,Bihar,03-01-2019 00:00,15174.96353
1415,South,3,11,Sikkim,03-01-2019 00:00,14563.58245
1416,West,2,11,Sikkim,03-01-2019 00:00,14331.19218
1417,North,1,11,Sikkim,03-01-2019 00:00,13778.991
1418,East,4,11,Sikkim,03-01-2019 00:00,14429.08558
1419,Tawang,1,12,Arunanchal Pradesh,03-01-2019 00:00,13987.83826
1420,Tirap,13,12,Arunanchal Pradesh,03-01-2019 00:00,14755.37628
1421,West Kameng,2,12,Arunanchal Pradesh,03-01-2019 00:00,14425.17982
1422,West Siang,7,12,Arunanchal Pradesh,03-01-2019 00:00,14406.25132
1423,Upper Siang,9,12,Arunanchal Pradesh,03-01-2019 00:00,14222.20842
1424,Upper Subansiri,6,12,Arunanchal Pradesh,03-01-2019 00:00,14242.07437
1425,Lohit,11,12,Arunanchal Pradesh,03-01-2019 00:00,14314.87193
1426,Lower Subansiri,5,12,Arunanchal Pradesh,03-01-2019 00:00,14325.01312
1427,Papum Pare,4,12,Arunanchal Pradesh,03-01-2019 00:00,14590.81231
1428,Changlang,12,12,Arunanchal Pradesh,03-01-2019 00:00,14665.27747
1429,Dibang Valley,10,12,Arunanchal Pradesh,03-01-2019 00:00,14125.32301
1430,East Kameng,3,12,Arunanchal Pradesh,03-01-2019 00:00,14429.02135
1431,East Siang,8,12,Arunanchal Pradesh,03-01-2019 00:00,14705.00146
1432,Tuensang,2,13,Nagaland,03-01-2019 00:00,14732.17322
1433,Wokha,5,13,Nagaland,03-01-2019 00:00,14883.87803
1434,Zunheboto,4,13,Nagaland,03-01-2019 00:00,14749.80606
1435,Dimapur,6,13,Nagaland,03-01-2019 00:00,14985.28072
1436,Kohima,7,13,Nagaland,03-01-2019 00:00,14821.22514
1437,Mokokchung,3,13,Nagaland,03-01-2019 00:00,14871.74796
1438,Mon,1,13,Nagaland,03-01-2019 00:00,14869.75147
1439,Phek,8,13,Nagaland,03-01-2019 00:00,14737.78447
1440,Tamenglong,2,14,Manipur,03-01-2019 00:00,14807.50093
1441,Thoubal,5,14,Manipur,03-01-2019 00:00,15052.86813
1442,Ukhrul,8,14,Manipur,03-01-2019 00:00,14848.13099
1443,Imphal East,7,14,Manipur,03-01-2019 00:00,15085.57908
1444,Imphal West,6,14,Manipur,03-01-2019 00:00,14955.10008
1445,Senapati (Excl. 3 sub-divisions),1,14,Manipur,03-01-2019 00:00,14824.15647
1446,Bishnupur,4,14,Manipur,03-01-2019 00:00,14951.14267
1447,Chandel,9,14,Manipur,03-01-2019 00:00,14933.99724
1448,Churachandpur,3,14,Manipur,03-01-2019 00:00,14868.58815
1449,Kolasib,2,15,Mizoram,03-01-2019 00:00,14976.29308
1450,Mamit,1,15,Mizoram,03-01-2019 00:00,15007.5851
1451,Lunglei,6,15,Mizoram,03-01-2019 00:00,14975.89802
1452,Lawngtlai,7,15,Mizoram,03-01-2019 00:00,15077.03497
1453,Saiha,8,15,Mizoram,03-01-2019 00:00,14952.91754
1454,Serchhip,5,15,Mizoram,03-01-2019 00:00,14916.97554
1455,Aizawl,3,15,Mizoram,03-01-2019 00:00,14931.65205
1456,Champhai,4,15,Mizoram,03-01-2019 00:00,14885.27989
1457,South Tripura,2,16,Tripura,03-01-2019 00:00,15123.82885
1458,West Tripura,1,16,Tripura,03-01-2019 00:00,15109.80147
1459,North Tripura,4,16,Tripura,03-01-2019 00:00,15089.63276
1460,Dhalai,3,16,Tripura,03-01-2019 00:00,15076.08225
1461,Ri Bhoi,5,17,Meghalaya,03-01-2019 00:00,14991.75589
1462,South Garo Hills,3,17,Meghalaya,03-01-2019 00:00,15047.70555
1463,West Garo Hills,1,17,Meghalaya,03-01-2019 00:00,15101.98323
1464,West Khasi Hills,4,17,Meghalaya,03-01-2019 00:00,14933.73951
1465,Jaintia Hills,7,17,Meghalaya,03-01-2019 00:00,14916.13897
1466,East Garo Hills,2,17,Meghalaya,03-01-2019 00:00,15063.87783
1467,East Khasi Hills,6,17,Meghalaya,03-01-2019 00:00,14878.36171
1468,Sonitpur,11,18,Assam,03-01-2019 00:00,15016.61161
1469,Sibsagar,16,18,Assam,03-01-2019 00:00,15004.6411
1470,Tinsukia,14,18,Assam,03-01-2019 00:00,14945.17952
1471,Jorhat,17,18,Assam,03-01-2019 00:00,15025.45476
1472,Karimganj,22,18,Assam,03-01-2019 00:00,15097.92949
1473,Kokrajhar,1,18,Assam,03-01-2019 00:00,15044.69608
1474,Lakhimpur,12,18,Assam,03-01-2019 00:00,15040.19311
1475,Nagaon,10,18,Assam,03-01-2019 00:00,15084.26756
1476,Marigaon,9,18,Assam,03-01-2019 00:00,15034.71391
1477,Nalbari,7,18,Assam,03-01-2019 00:00,15066.31581
1478,North Cachar Hills,20,18,Assam,03-01-2019 00:00,14941.57462
1479,Barpeta,5,18,Assam,03-01-2019 00:00,15060.78004
1480,Bongaigaon,4,18,Assam,03-01-2019 00:00,15049.78277
1481,Cachar,21,18,Assam,03-01-2019 00:00,15054.31656
1482,Darrang,8,18,Assam,03-01-2019 00:00,15052.27367
1483,Dhemaji,13,18,Assam,03-01-2019 00:00,14994.86393
1484,Dhubri,2,18,Assam,03-01-2019 00:00,15080.21726
1485,Dibrugarh,15,18,Assam,03-01-2019 00:00,14970.3792
1486,Kamrup,6,18,Assam,03-01-2019 00:00,15071.95405
1487,Karbi Anglong,19,18,Assam,03-01-2019 00:00,14961.37924
1488,Goalpara,3,18,Assam,03-01-2019 00:00,15091.45424
1489,Golaghat,18,18,Assam,03-01-2019 00:00,15033.64333
1490,Hailakandi,23,18,Assam,03-01-2019 00:00,15092.07924
1491,South  Twenty Four Parganas,18,19,West Bengal,03-01-2019 00:00,15058.78702
1492,Uttar Dinajpur,4,19,West Bengal,03-01-2019 00:00,15105.98801
1493,Hugli,12,19,West Bengal,03-01-2019 00:00,15180.49539
1494,Jalpaiguri,2,19,West Bengal,03-01-2019 00:00,15049.5405
1495,Koch Bihar,3,19,West Bengal,03-01-2019 00:00,15058.54879
1496,Murshidabad,7,19,West Bengal,03-01-2019 00:00,15223.78042
1497,Puruliya,14,19,West Bengal,03-01-2019 00:00,15341.55086
1498,Kolkata,17,19,West Bengal,03-01-2019 00:00,15279.89065
1499,Maldah,6,19,West Bengal,03-01-2019 00:00,15138.08567
1500,Nadia,10,19,West Bengal,03-01-2019 00:00,15199.0721
1501,North Twenty Four Parganas,11,19,West Bengal,03-01-2019 00:00,15070.58026
1502,Medinipur,15,19,West Bengal,03-01-2019 00:00,15125.11167
1503,Barddhaman,9,19,West Bengal,03-01-2019 00:00,15207.3133
1504,Birbhum,8,19,West Bengal,03-01-2019 00:00,15251.14545
1505,Bankura,13,19,West Bengal,03-01-2019 00:00,15296.36599
1506,Dakshin Dinajpur,5,19,West Bengal,03-01-2019 00:00,15149.92388
1507,Darjiling,1,19,West Bengal,03-01-2019 00:00,14836.58741
1508,Haora,16,19,West Bengal,03-01-2019 00:00,15107.66925
1509,Ranchi,14,20,Jharkhand,03-01-2019 00:00,15268.87477
1510,Sahibganj,9,20,Jharkhand,03-01-2019 00:00,15304.73545
1511,Garhwa,1,20,Jharkhand,03-01-2019 00:00,15372.06381
1512,Palamu,2,20,Jharkhand,03-01-2019 00:00,15361.14579
1513,Chatra,3,20,Jharkhand,03-01-2019 00:00,15401.47396
1514,Hazaribagh,4,20,Jharkhand,03-01-2019 00:00,15345.88896
1515,Kodarma,5,20,Jharkhand,03-01-2019 00:00,15396.40414
1516,Purbi Singhbhum,18,20,Jharkhand,03-01-2019 00:00,15262.01748
1517,Lohardaga,15,20,Jharkhand,03-01-2019 00:00,15252.58874
1518,Pakaur,10,20,Jharkhand,03-01-2019 00:00,15409.97655
1519,Pashchimi Singhbhum,17,20,Jharkhand,03-01-2019 00:00,15262.93549
1520,Bokaro,13,20,Jharkhand,03-01-2019 00:00,15341.0184
1521,Deoghar,7,20,Jharkhand,03-01-2019 00:00,15487.60854
1522,Dhanbad,12,20,Jharkhand,03-01-2019 00:00,15397.80812
1523,Dumka,11,20,Jharkhand,03-01-2019 00:00,15445.43012
1524,Giridih,6,20,Jharkhand,03-01-2019 00:00,15460.18101
1525,Godda,8,20,Jharkhand,03-01-2019 00:00,15360.50958
1526,Gumla,16,20,Jharkhand,03-01-2019 00:00,15288.52589
1527,Rayagada,27,21,Orissa,03-01-2019 00:00,15361.44709
1528,Sundargarh,5,21,Orissa,03-01-2019 00:00,15286.35647
1529,Sonapur,23,21,Orissa,03-01-2019 00:00,15304.44603
1530,Jajapur,13,21,Orissa,03-01-2019 00:00,15386.46766
1531,Jagatsinghapur,11,21,Orissa,03-01-2019 00:00,15353.12324
1532,Jharsuguda,2,21,Orissa,03-01-2019 00:00,15281.58874
1533,Khordha,17,21,Orissa,03-01-2019 00:00,15357.37874
1534,Mayurbhanj,7,21,Orissa,03-01-2019 00:00,15228.54141
1535,Puri,18,21,Orissa,03-01-2019 00:00,15281.1938
1536,Koraput,29,21,Orissa,03-01-2019 00:00,15424.59677
1537,Malkangiri,30,21,Orissa,03-01-2019 00:00,15491.39928
1538,Nabarangapur,28,21,Orissa,03-01-2019 00:00,15506.13121
1539,Nayagarh,16,21,Orissa,03-01-2019 00:00,15283.17262
1540,Nuapada,25,21,Orissa,03-01-2019 00:00,15434.95068
1541,Kandhamal,21,21,Orissa,03-01-2019 00:00,15257.39229
1542,Sambalpur,3,21,Orissa,03-01-2019 00:00,15279.80409
1543,Anugul,15,21,Orissa,03-01-2019 00:00,15298.41699
1544,Bhadrak,9,21,Orissa,03-01-2019 00:00,15379.04059
1545,Baudh,22,21,Orissa,03-01-2019 00:00,15314.9408
1546,Balangir,24,21,Orissa,03-01-2019 00:00,15397.012
1547,Baleshwar,8,21,Orissa,03-01-2019 00:00,15235.17026
1548,Bargarh,1,21,Orissa,03-01-2019 00:00,15303.7291
1549,Kendrapara,10,21,Orissa,03-01-2019 00:00,15328.25645
1550,Kendujhar,6,21,Orissa,03-01-2019 00:00,15289.79808
1551,Debagarh,4,21,Orissa,03-01-2019 00:00,15269.85471
1552,Cuttack,12,21,Orissa,03-01-2019 00:00,15319.86016
1553,Dhenkanal,14,21,Orissa,03-01-2019 00:00,15317.47318
1554,Kalahandi,26,21,Orissa,03-01-2019 00:00,15363.32797
1555,Ganjam,19,21,Orissa,03-01-2019 00:00,15367.3999
1556,Gajapati,20,21,Orissa,03-01-2019 00:00,15320.88721
1557,Surguja,2,22,Chhattisgarh,03-01-2019 00:00,15311.17777
1558,Bilaspur,7,22,Chhattisgarh,03-01-2019 00:00,15372.96175
1559,Janjgir - Champa,6,22,Chhattisgarh,03-01-2019 00:00,15404.8035
1560,Korba,5,22,Chhattisgarh,03-01-2019 00:00,15335.6709
1561,Kawardha,8,22,Chhattisgarh,03-01-2019 00:00,15421.51341
1562,Jashpur,3,22,Chhattisgarh,03-01-2019 00:00,15305.4285
1563,Koriya,1,22,Chhattisgarh,03-01-2019 00:00,15331.07871
1564,Mahasamund,12,22,Chhattisgarh,03-01-2019 00:00,15403.85163
1565,Raigarh,4,22,Chhattisgarh,03-01-2019 00:00,15370.51867
1566,Raipur,11,22,Chhattisgarh,03-01-2019 00:00,15427.88003
1567,Rajnandgaon,9,22,Chhattisgarh,03-01-2019 00:00,15430.78436
1568,Bastar,15,22,Chhattisgarh,03-01-2019 00:00,15432.44453
1569,Dantewada,16,22,Chhattisgarh,03-01-2019 00:00,15433.14328
1570,Dhamtari,13,22,Chhattisgarh,03-01-2019 00:00,15317.18858
1571,Durg,10,22,Chhattisgarh,03-01-2019 00:00,15426.28903
1572,Kanker,14,22,Chhattisgarh,03-01-2019 00:00,15430.11525
1573,Shajapur,22,23,Madhya Pradesh,03-01-2019 00:00,15614.1933
1574,Shivpuri,6,23,Madhya Pradesh,03-01-2019 00:00,15383.2072
1575,Ratlam,20,23,Madhya Pradesh,03-01-2019 00:00,15619.44446
1576,Rewa,14,23,Madhya Pradesh,03-01-2019 00:00,15320.5034
1577,Sagar,11,23,Madhya Pradesh,03-01-2019 00:00,15539.26912
1578,Sidhi,17,23,Madhya Pradesh,03-01-2019 00:00,15326.87432
1579,Ujjain,21,23,Madhya Pradesh,03-01-2019 00:00,15618.32829
1580,Vidisha,31,23,Madhya Pradesh,03-01-2019 00:00,15459.70098
1581,West Nimar,27,23,Madhya Pradesh,03-01-2019 00:00,15722.37184
1582,Morena,2,23,Madhya Pradesh,03-01-2019 00:00,15251.59295
1583,Sheopur,1,23,Madhya Pradesh,03-01-2019 00:00,15379.26997
1584,Dindori,41,23,Madhya Pradesh,03-01-2019 00:00,15444.7671
1585,Mandla,42,23,Madhya Pradesh,03-01-2019 00:00,15450.88382
1586,Shahdol,16,23,Madhya Pradesh,03-01-2019 00:00,15394.52815
1587,Umaria,15,23,Madhya Pradesh,03-01-2019 00:00,15334.13847
1588,Hoshangabad,37,23,Madhya Pradesh,03-01-2019 00:00,15341.87787
1589,Indore,26,23,Madhya Pradesh,03-01-2019 00:00,15606.39253
1590,Jabalpur,39,23,Madhya Pradesh,03-01-2019 00:00,15309.56098
1591,Jhabua,24,23,Madhya Pradesh,03-01-2019 00:00,15722.23068
1592,Mandsaur,19,23,Madhya Pradesh,03-01-2019 00:00,15548.26629
1593,Tikamgarh,8,23,Madhya Pradesh,03-01-2019 00:00,15324.8004
1594,Narsimhapur,40,23,Madhya Pradesh,03-01-2019 00:00,15424.73759
1595,Neemuch,18,23,Madhya Pradesh,03-01-2019 00:00,15524.60021
1596,Panna,10,23,Madhya Pradesh,03-01-2019 00:00,15461.84045
1597,Raisen,34,23,Madhya Pradesh,03-01-2019 00:00,15471.83911
1598,Rajgarh,30,23,Madhya Pradesh,03-01-2019 00:00,15624.11486
1599,Satna,13,23,Madhya Pradesh,03-01-2019 00:00,15330.99172
1600,Sehore,33,23,Madhya Pradesh,03-01-2019 00:00,15613.03342
1601,Seoni,44,23,Madhya Pradesh,03-01-2019 00:00,15443.07872
1602,Bhind,3,23,Madhya Pradesh,03-01-2019 00:00,15206.0596
1603,Bhopal,32,23,Madhya Pradesh,03-01-2019 00:00,15488.76037
1604,Barwani,28,23,Madhya Pradesh,03-01-2019 00:00,15778.42336
1605,Betul,35,23,Madhya Pradesh,03-01-2019 00:00,15657.28548
1606,Balaghat,45,23,Madhya Pradesh,03-01-2019 00:00,15327.19991
1607,Chhatarpur,9,23,Madhya Pradesh,03-01-2019 00:00,15432.48928
1608,Chhindwara,43,23,Madhya Pradesh,03-01-2019 00:00,15540.02823
1609,Dewas,23,23,Madhya Pradesh,03-01-2019 00:00,15707.47398
1610,Katni,38,23,Madhya Pradesh,03-01-2019 00:00,15312.69454
1611,Datia,5,23,Madhya Pradesh,03-01-2019 00:00,15105.07813
1612,Damoh,12,23,Madhya Pradesh,03-01-2019 00:00,15517.58124
1613,Dhar,25,23,Madhya Pradesh,03-01-2019 00:00,15738.9335
1614,East Nimar,29,23,Madhya Pradesh,03-01-2019 00:00,15699.6954
1615,Guna,7,23,Madhya Pradesh,03-01-2019 00:00,15435.97472
1616,Gwalior,4,23,Madhya Pradesh,03-01-2019 00:00,15233.21354
1617,Harda,36,23,Madhya Pradesh,03-01-2019 00:00,15540.1732
1618,Sabar Kantha,5,24,Gujarat,03-01-2019 00:00,15567.35196
1619,Surendranagar,8,24,Gujarat,03-01-2019 00:00,15685.98159
1620,The Dangs,23,24,Gujarat,03-01-2019 00:00,15692.66909
1621,Vadodara,19,24,Gujarat,03-01-2019 00:00,15521.25284
1622,Valsad,25,24,Gujarat,03-01-2019 00:00,15571.9399
1623,Bharuch,21,24,Gujarat,03-01-2019 00:00,15606.08604
1624,Surat,22,24,Gujarat,03-01-2019 00:00,15575.46104
1625,Jamnagar,10,24,Gujarat,03-01-2019 00:00,15706.53898
1626,Kheda,16,24,Gujarat,03-01-2019 00:00,15477.47763
1627,Mahesana,4,24,Gujarat,03-01-2019 00:00,15534.37456
1628,Narmada,20,24,Gujarat,03-01-2019 00:00,15678.99669
1629,Navsari,24,24,Gujarat,03-01-2019 00:00,15489.0634
1630,Panch Mahals,17,24,Gujarat,03-01-2019 00:00,15511.23118
1631,Patan,3,24,Gujarat,03-01-2019 00:00,15655.04214
1632,Porbandar,11,24,Gujarat,03-01-2019 00:00,15710.41374
1633,Rajkot,9,24,Gujarat,03-01-2019 00:00,15790.76006
1634,Anand,15,24,Gujarat,03-01-2019 00:00,15377.35617
1635,Ahmadabad,7,24,Gujarat,03-01-2019 00:00,15643.7085
1636,Amreli,13,24,Gujarat,03-01-2019 00:00,15825.50643
1637,Bhavnagar,14,24,Gujarat,03-01-2019 00:00,15801.15731
1638,Banas Kantha,2,24,Gujarat,03-01-2019 00:00,15554.39513
1639,Dohad,18,24,Gujarat,03-01-2019 00:00,15611.91027
1640,Junagadh,12,24,Gujarat,03-01-2019 00:00,15685.39891
1641,Kachchh,1,24,Gujarat,03-01-2019 00:00,15669.94516
1642,Gandhinagar,6,24,Gujarat,03-01-2019 00:00,15510.53661
1643,Daman,2,25,Daman & Diu,03-01-2019 00:00,15392.93501
1644,Diu,1,25,Daman & Diu,03-01-2019 00:00,15316.58892
1645,Ratnagiri,32,27,Maharashtra,03-01-2019 00:00,15484.13978
1646,Raigarh,24,27,Maharashtra,03-01-2019 00:00,15577.88651
1647,Thane,21,27,Maharashtra,03-01-2019 00:00,15656.42374
1648,Solapur,30,27,Maharashtra,03-01-2019 00:00,15924.36729
1649,Sindhudurg,33,27,Maharashtra,03-01-2019 00:00,15414.40626
1650,Wardha,8,27,Maharashtra,03-01-2019 00:00,15762.77851
1651,Washim,6,27,Maharashtra,03-01-2019 00:00,15859.26411
1652,Yavatmal,14,27,Maharashtra,03-01-2019 00:00,15791.1544
1653,Hingoli,16,27,Maharashtra,03-01-2019 00:00,15858.60079
1654,Jalgaon,3,27,Maharashtra,03-01-2019 00:00,15856.09138
1655,Jalna,18,27,Maharashtra,03-01-2019 00:00,15974.73287
1656,Kolhapur,34,27,Maharashtra,03-01-2019 00:00,15584.65445
1657,Latur,28,27,Maharashtra,03-01-2019 00:00,15938.56779
1658,Pune,25,27,Maharashtra,03-01-2019 00:00,15721.15573
1659,Nagpur,9,27,Maharashtra,03-01-2019 00:00,15593.47566
1660,Mumbai,23,27,Maharashtra,03-01-2019 00:00,15329.67935
1661,Mumbai (Suburban),22,27,Maharashtra,03-01-2019 00:00,15386.89921
1662,Nanded,15,27,Maharashtra,03-01-2019 00:00,15825.8053
1663,Nandurbar,1,27,Maharashtra,03-01-2019 00:00,15788.36457
1664,Nashik,20,27,Maharashtra,03-01-2019 00:00,15789.01914
1665,Osmanabad,29,27,Maharashtra,03-01-2019 00:00,15984.48571
1666,Parbhani,17,27,Maharashtra,03-01-2019 00:00,15895.04332
1667,Sangli,35,27,Maharashtra,03-01-2019 00:00,15851.80337
1668,Satara,31,27,Maharashtra,03-01-2019 00:00,15755.42787
1669,Aurangabad,19,27,Maharashtra,03-01-2019 00:00,15928.5878
1670,Ahmadnagar,26,27,Maharashtra,03-01-2019 00:00,15873.10245
1671,Akola,5,27,Maharashtra,03-01-2019 00:00,15877.88482
1672,Amravati,7,27,Maharashtra,03-01-2019 00:00,15768.1343
1673,Bid,27,27,Maharashtra,03-01-2019 00:00,15970.72594
1674,Bhandara,10,27,Maharashtra,03-01-2019 00:00,15425.13952
1675,Buldana,4,27,Maharashtra,03-01-2019 00:00,15932.47906
1676,Chandrapur,13,27,Maharashtra,03-01-2019 00:00,15598.18281
1677,Dhule,2,27,Maharashtra,03-01-2019 00:00,15875.87373
1678,Gadchiroli,12,27,Maharashtra,03-01-2019 00:00,15452.38593
1679,Gondiya,11,27,Maharashtra,03-01-2019 00:00,15396.3386
1680,Rangareddi,6,28,Andhra Pradesh,03-01-2019 00:00,15789.38063
1681,Srikakulam,11,28,Andhra Pradesh,03-01-2019 00:00,15436.41459
1682,West Godavari,15,28,Andhra Pradesh,03-01-2019 00:00,15250.20705
1683,Visakhapatnam,13,28,Andhra Pradesh,03-01-2019 00:00,15381.65103
1684,Vizianagaram,12,28,Andhra Pradesh,03-01-2019 00:00,15440.31036
1685,Warangal,9,28,Andhra Pradesh,03-01-2019 00:00,15522.51979
1686,Hyderabad,5,28,Andhra Pradesh,03-01-2019 00:00,15514.59234
1687,Khammam,10,28,Andhra Pradesh,03-01-2019 00:00,15435.55062
1688,Medak,4,28,Andhra Pradesh,03-01-2019 00:00,15768.30653
1689,Krishna,16,28,Andhra Pradesh,03-01-2019 00:00,15386.1076
1690,Kurnool,21,28,Andhra Pradesh,03-01-2019 00:00,15810.09396
1691,Mahbubnagar,7,28,Andhra Pradesh,03-01-2019 00:00,15757.55368
1692,Nalgonda,8,28,Andhra Pradesh,03-01-2019 00:00,15576.42228
1693,Nellore,19,28,Andhra Pradesh,03-01-2019 00:00,15582.09683
1694,Nizamabad,2,28,Andhra Pradesh,03-01-2019 00:00,15609.29876
1695,Prakasam,18,28,Andhra Pradesh,03-01-2019 00:00,15731.30941
1696,Anantapur,22,28,Andhra Pradesh,03-01-2019 00:00,15858.43449
1697,Adilabad,1,28,Andhra Pradesh,03-01-2019 00:00,15623.10111
1698,Chittoor,23,28,Andhra Pradesh,03-01-2019 00:00,15659.58511
1699,Cuddapah,20,28,Andhra Pradesh,03-01-2019 00:00,15764.84319
1700,East Godavari,14,28,Andhra Pradesh,03-01-2019 00:00,15281.39882
1701,Karimnagar,3,28,Andhra Pradesh,03-01-2019 00:00,15468.2871
1702,Guntur,17,28,Andhra Pradesh,03-01-2019 00:00,15533.51148
1703,Shimoga,15,29,Karnataka,03-01-2019 00:00,15423.75799
1704,Tumkur,18,29,Karnataka,03-01-2019 00:00,15726.54421
1705,Udupi,16,29,Karnataka,03-01-2019 00:00,15321.22057
1706,Uttara Kannada,10,29,Karnataka,03-01-2019 00:00,15292.22848
1707,Hassan,23,29,Karnataka,03-01-2019 00:00,15595.48773
1708,Haveri,11,29,Karnataka,03-01-2019 00:00,15792.01685
1709,Kodagu,25,29,Karnataka,03-01-2019 00:00,15226.30943
1710,Kolar,19,29,Karnataka,03-01-2019 00:00,15753.38398
1711,Mandya,22,29,Karnataka,03-01-2019 00:00,15570.03283
1712,Koppal,7,29,Karnataka,03-01-2019 00:00,15897.92788
1713,Mysore,26,29,Karnataka,03-01-2019 00:00,15668.01505
1714,Raichur,6,29,Karnataka,03-01-2019 00:00,15878.47899
1715,Bagalkot,2,29,Karnataka,03-01-2019 00:00,15818.83007
1716,Bangalore,20,29,Karnataka,03-01-2019 00:00,15601.23611
1717,Bidar,5,29,Karnataka,03-01-2019 00:00,15959.66284
1718,Bijapur,3,29,Karnataka,03-01-2019 00:00,16009.64052
1719,Belgaum,1,29,Karnataka,03-01-2019 00:00,15736.37888
1720,Bellary,12,29,Karnataka,03-01-2019 00:00,15785.58974
1721,Bangalore Rural,21,29,Karnataka,03-01-2019 00:00,15657.39683
1722,Chamarajanagar,27,29,Karnataka,03-01-2019 00:00,15657.39973
1723,Chikmagalur,17,29,Karnataka,03-01-2019 00:00,15432.34566
1724,Chitradurga,13,29,Karnataka,03-01-2019 00:00,15843.38776
1725,Dakshina Kannada,24,29,Karnataka,03-01-2019 00:00,15266.71478
1726,Davanagere,14,29,Karnataka,03-01-2019 00:00,15675.30198
1727,Dharwad,9,29,Karnataka,03-01-2019 00:00,15872.30624
1728,Gulbarga,4,29,Karnataka,03-01-2019 00:00,15960.13949
1729,Gadag,8,29,Karnataka,03-01-2019 00:00,15993.68721
1730,South Goa,2,30,Goa,03-01-2019 00:00,15289.28203
1731,North Goa,1,30,Goa,03-01-2019 00:00,15332.16763
1732,Thrissur,7,32,Kerala,03-01-2019 00:00,15319.31247
1733,Thiruvananthapuram,14,32,Kerala,03-01-2019 00:00,15297.38909
1734,Wayanad,3,32,Kerala,03-01-2019 00:00,15233.5794
1735,Idukki,9,32,Kerala,03-01-2019 00:00,15143.50268
1736,Kollam,13,32,Kerala,03-01-2019 00:00,15266.18531
1737,Kottayam,10,32,Kerala,03-01-2019 00:00,15290.97204
1738,Kozhikode,4,32,Kerala,03-01-2019 00:00,15266.93281
1739,Malappuram,5,32,Kerala,03-01-2019 00:00,15283.54443
1740,Palakkad,6,32,Kerala,03-01-2019 00:00,15324.40774
1741,Pathanamthitta,12,32,Kerala,03-01-2019 00:00,15211.93051
1742,Alappuzha,11,32,Kerala,03-01-2019 00:00,15286.60742
1743,Kasaragod,1,32,Kerala,03-01-2019 00:00,15306.70763
1744,Kannur,2,32,Kerala,03-01-2019 00:00,15311.5105
1745,Ernakulam,8,32,Kerala,03-01-2019 00:00,15303.84026
1746,Sivaganga,23,33,Tamil Nadu,03-01-2019 00:00,15745.31751
1747,Tiruchirappalli,15,33,Tamil Nadu,03-01-2019 00:00,15743.84214
1748,Tirunelveli,29,33,Tamil Nadu,03-01-2019 00:00,15550.77995
1749,Tiruvannamalai,6,33,Tamil Nadu,03-01-2019 00:00,15616.09668
1750,Thoothukkudi,28,33,Tamil Nadu,03-01-2019 00:00,15769.01335
1751,Theni,25,33,Tamil Nadu,03-01-2019 00:00,15441.44386
1752,Vellore,4,33,Tamil Nadu,03-01-2019 00:00,15653.73214
1753,Viluppuram,7,33,Tamil Nadu,03-01-2019 00:00,15619.09473
1754,Virudhunagar,26,33,Tamil Nadu,03-01-2019 00:00,15772.52838
1755,Chennai,2,33,Tamil Nadu,03-01-2019 00:00,15514.62894
1756,Kancheepuram,3,33,Tamil Nadu,03-01-2019 00:00,15571.49744
1757,Thiruvallur,1,33,Tamil Nadu,03-01-2019 00:00,15596.55161
1758,Thanjavur,21,33,Tamil Nadu,03-01-2019 00:00,15519.24482
1759,Thiruvarur,20,33,Tamil Nadu,03-01-2019 00:00,15528.54618
1760,Nagapattinam,19,33,Tamil Nadu,03-01-2019 00:00,15509.22022
1761,Kanniyakumari,30,33,Tamil Nadu,03-01-2019 00:00,15340.64543
1762,Karur,14,33,Tamil Nadu,03-01-2019 00:00,15835.34546
1763,Madurai,24,33,Tamil Nadu,03-01-2019 00:00,15666.01577
1764,Namakkal,9,33,Tamil Nadu,03-01-2019 00:00,15725.64466
1765,The Nilgiris,11,33,Tamil Nadu,03-01-2019 00:00,15186.23756
1766,Perambalur,16,33,Tamil Nadu,03-01-2019 00:00,15778.64991
1767,Pudukkottai,22,33,Tamil Nadu,03-01-2019 00:00,15671.35442
1768,Ramanathapuram,27,33,Tamil Nadu,03-01-2019 00:00,15737.64374
1769,Salem,8,33,Tamil Nadu,03-01-2019 00:00,15674.12404
1770,Ariyalur,17,33,Tamil Nadu,03-01-2019 00:00,15576.23748
1771,Coimbatore,12,33,Tamil Nadu,03-01-2019 00:00,15573.09366
1772,Cuddalore,18,33,Tamil Nadu,03-01-2019 00:00,15554.15939
1773,Dharmapuri,5,33,Tamil Nadu,03-01-2019 00:00,15706.68327
1774,Dindigul,13,33,Tamil Nadu,03-01-2019 00:00,15569.38007
1775,Erode,10,33,Tamil Nadu,03-01-2019 00:00,15629.07762
1776,Yanam,1,34,Puducherry,03-01-2019 00:00,15270.0167
1777,Karaikal,4,34,Puducherry,03-01-2019 00:00,15474.73828
1778,Mahe,3,34,Puducherry,03-01-2019 00:00,15293.28622
1779,Pondicherry,2,34,Puducherry,03-01-2019 00:00,15431.21664
1780,Nicobars,2,35,Andaman & Nicobar Island,03-01-2019 00:00,15042.98153
1781,Andamans,1,35,Andaman & Nicobar Island,03-01-2019 00:00,15144.46366
1782,Chandigarh,1,4,Chandigarh,04-01-2019 00:00,15395.21934
1783,Dadra & Nagar Haveli,1,26,Dadara & Nagar Havelli,04-01-2019 00:00,15887.13852
1784,Lakshadweep,1,31,Lakshadweep,04-01-2019 00:00,15152.47707
1785,Data Not Available,99,99,Jammu and Kashmir,04-01-2019 00:00,13977.29709
1786,Jammu,13,1,Jammu and Kashmir,04-01-2019 00:00,15248.10969
1787,Kargil,8,1,Jammu and Kashmir,04-01-2019 00:00,13995.43878
1788,Kathua,14,1,Jammu and Kashmir,04-01-2019 00:00,15125.70874
1789,Leh (Ladakh),7,1,Jammu and Kashmir,04-01-2019 00:00,14258.76158
1790,Kupwara,1,1,Jammu and Kashmir,04-01-2019 00:00,14354.97436
1791,Punch,11,1,Jammu and Kashmir,04-01-2019 00:00,14755.29671
1792,Pulwama,5,1,Jammu and Kashmir,04-01-2019 00:00,14715.54493
1793,Rajauri,12,1,Jammu and Kashmir,04-01-2019 00:00,14996.25965
1794,Anantnag,6,1,Jammu and Kashmir,04-01-2019 00:00,14253.03216
1795,Badgam,4,1,Jammu and Kashmir,04-01-2019 00:00,14482.24668
1796,Baramula,2,1,Jammu and Kashmir,04-01-2019 00:00,14280.54103
1797,Doda,9,1,Jammu and Kashmir,04-01-2019 00:00,14155.53448
1798,Srinagar,3,1,Jammu and Kashmir,04-01-2019 00:00,14219.70371
1799,Udhampur,10,1,Jammu and Kashmir,04-01-2019 00:00,14866.85634
1800,Kangra,2,2,Himachal Pradesh,04-01-2019 00:00,14885.5902
1801,Kinnaur,12,2,Himachal Pradesh,04-01-2019 00:00,14068.26238
1802,Lahul & Spiti,3,2,Himachal Pradesh,04-01-2019 00:00,13803.55501
1803,Kullu,4,2,Himachal Pradesh,04-01-2019 00:00,14260.67049
1804,Mandi,5,2,Himachal Pradesh,04-01-2019 00:00,14990.75082
1805,Bilaspur,8,2,Himachal Pradesh,04-01-2019 00:00,15168.68721
1806,Chamba,1,2,Himachal Pradesh,04-01-2019 00:00,14393.55849
1807,Hamirpur,6,2,Himachal Pradesh,04-01-2019 00:00,15166.17204
1808,Shimla,11,2,Himachal Pradesh,04-01-2019 00:00,14767.45733
1809,Sirmaur,10,2,Himachal Pradesh,04-01-2019 00:00,15147.51841
1810,Solan,9,2,Himachal Pradesh,04-01-2019 00:00,15209.87538
1811,Una,7,2,Himachal Pradesh,04-01-2019 00:00,15214.55518
1812,Hoshiarpur,5,3,Punjab,04-01-2019 00:00,15286.74632
1813,Jalandhar,4,3,Punjab,04-01-2019 00:00,15335.01742
1814,Kapurthala,3,3,Punjab,04-01-2019 00:00,15334.73323
1815,Ludhiana,9,3,Punjab,04-01-2019 00:00,15319.54617
1816,Mansa,15,3,Punjab,04-01-2019 00:00,15391.57194
1817,Moga,10,3,Punjab,04-01-2019 00:00,15312.92612
1818,Muktsar,12,3,Punjab,04-01-2019 00:00,15342.67174
1819,Nawanshahr,6,3,Punjab,04-01-2019 00:00,15325.04717
1820,Patiala,17,3,Punjab,04-01-2019 00:00,15376.05133
1821,Sangrur,16,3,Punjab,04-01-2019 00:00,15339.22197
1822,Amritsar,2,3,Punjab,04-01-2019 00:00,15262.00208
1823,Firozpur,11,3,Punjab,04-01-2019 00:00,15314.33144
1824,Bathinda,14,3,Punjab,04-01-2019 00:00,15369.04526
1825,Gurdaspur,1,3,Punjab,04-01-2019 00:00,15269.01979
1826,Faridkot,13,3,Punjab,04-01-2019 00:00,15310.17704
1827,Fatehgarh Sahib,8,3,Punjab,04-01-2019 00:00,15354.24551
1828,Rupnagar,7,3,Punjab,04-01-2019 00:00,15328.36985
1829,Hardwar,13,5,Uttarakhand,04-01-2019 00:00,15349.02481
1830,Nainital,11,5,Uttarakhand,04-01-2019 00:00,15198.81019
1831,Pithoragarh,7,5,Uttarakhand,04-01-2019 00:00,14323.05328
1832,Bageshwar,8,5,Uttarakhand,04-01-2019 00:00,14728.01761
1833,Almora,9,5,Uttarakhand,04-01-2019 00:00,15114.12972
1834,Chamoli,2,5,Uttarakhand,04-01-2019 00:00,14270.58243
1835,Champawat,10,5,Uttarakhand,04-01-2019 00:00,15074.90114
1836,Dehradun,5,5,Uttarakhand,04-01-2019 00:00,15175.0615
1837,Garhwal,6,5,Uttarakhand,04-01-2019 00:00,15138.00828
1838,Rudraprayag,3,5,Uttarakhand,04-01-2019 00:00,14589.70034
1839,Tehri Garhwal,4,5,Uttarakhand,04-01-2019 00:00,14902.63782
1840,Udham Singh Nagar,12,5,Uttarakhand,04-01-2019 00:00,15340.85502
1841,Uttarkashi,1,5,Uttarakhand,04-01-2019 00:00,14287.66033
1842,Hisar,12,6,Haryana,04-01-2019 00:00,15515.22297
1843,Jind,9,6,Haryana,04-01-2019 00:00,15371.20667
1844,Kaithal,5,6,Haryana,04-01-2019 00:00,15405.096
1845,Karnal,6,6,Haryana,04-01-2019 00:00,15395.81633
1846,Kurukshetra,4,6,Haryana,04-01-2019 00:00,15361.97209
1847,Panchkula,1,6,Haryana,04-01-2019 00:00,15315.80742
1848,Panipat,7,6,Haryana,04-01-2019 00:00,15415.41019
1849,Ambala,2,6,Haryana,04-01-2019 00:00,15367.05518
1850,Gurgaon,18,6,Haryana,04-01-2019 00:00,15624.79493
1851,Faridabad,19,6,Haryana,04-01-2019 00:00,15533.29868
1852,Fatehabad,10,6,Haryana,04-01-2019 00:00,15447.52689
1853,Rohtak,14,6,Haryana,04-01-2019 00:00,15473.23136
1854,Sirsa,11,6,Haryana,04-01-2019 00:00,15485.38025
1855,Sonipat,8,6,Haryana,04-01-2019 00:00,15440.76236
1856,Yamunanagar,3,6,Haryana,04-01-2019 00:00,15322.78889
1857,Jhajjar,15,6,Haryana,04-01-2019 00:00,15597.0447
1858,Mahendragarh,16,6,Haryana,04-01-2019 00:00,15819.56827
1859,Rewari,17,6,Haryana,04-01-2019 00:00,15752.43737
1860,Bhiwani,13,6,Haryana,04-01-2019 00:00,15713.88115
1861,Central,6,7,Delhi  & NCR,04-01-2019 00:00,15506.428
1862,East,4,7,Delhi  & NCR,04-01-2019 00:00,15483.61325
1863,New Delhi,5,7,Delhi  & NCR,04-01-2019 00:00,15445.92387
1864,North,2,7,Delhi  & NCR,04-01-2019 00:00,15457.35895
1865,North East,3,7,Delhi  & NCR,04-01-2019 00:00,15473.08226
1866,North West,1,7,Delhi  & NCR,04-01-2019 00:00,15501.82555
1867,South,9,7,Delhi  & NCR,04-01-2019 00:00,15496.33079
1868,South West,8,7,Delhi  & NCR,04-01-2019 00:00,15560.54516
1869,West,7,7,Delhi  & NCR,04-01-2019 00:00,15530.46338
1870,Jaipur,12,8,Rajasthan,04-01-2019 00:00,15903.05022
1871,Jaisalmer,16,8,Rajasthan,04-01-2019 00:00,16226.51464
1872,Jalor,18,8,Rajasthan,04-01-2019 00:00,16122.20734
1873,Jhalawar,32,8,Rajasthan,04-01-2019 00:00,16015.06751
1874,Jhunjhunun,5,8,Rajasthan,04-01-2019 00:00,15905.63738
1875,Jodhpur,15,8,Rajasthan,04-01-2019 00:00,16120.71187
1876,Kota,30,8,Rajasthan,04-01-2019 00:00,15863.64162
1877,Nagaur,14,8,Rajasthan,04-01-2019 00:00,16032.64155
1878,Pali,20,8,Rajasthan,04-01-2019 00:00,16120.07889
1879,Rajsamand,25,8,Rajasthan,04-01-2019 00:00,15931.78937
1880,Sawai Madhopur,10,8,Rajasthan,04-01-2019 00:00,15874.00392
1881,Ajmer,21,8,Rajasthan,04-01-2019 00:00,16001.6416
1882,Banswara,28,8,Rajasthan,04-01-2019 00:00,16047.31658
1883,Barmer,17,8,Rajasthan,04-01-2019 00:00,16154.66829
1884,Bhilwara,24,8,Rajasthan,04-01-2019 00:00,15989.0972
1885,Bikaner,3,8,Rajasthan,04-01-2019 00:00,16052.24919
1886,Bharatpur,7,8,Rajasthan,04-01-2019 00:00,15786.78914
1887,Bundi,23,8,Rajasthan,04-01-2019 00:00,15881.76511
1888,Chittaurgarh,29,8,Rajasthan,04-01-2019 00:00,15979.53245
1889,Churu,4,8,Rajasthan,04-01-2019 00:00,16035.3978
1890,Dausa,11,8,Rajasthan,04-01-2019 00:00,15884.61726
1891,Dhaulpur,8,8,Rajasthan,04-01-2019 00:00,15847.46285
1892,Dungarpur,27,8,Rajasthan,04-01-2019 00:00,16023.28833
1893,Karauli,9,8,Rajasthan,04-01-2019 00:00,15858.26236
1894,Sirohi,19,8,Rajasthan,04-01-2019 00:00,16045.67831
1895,Tonk,22,8,Rajasthan,04-01-2019 00:00,15992.83782
1896,Sikar,13,8,Rajasthan,04-01-2019 00:00,15904.73976
1897,Alwar,6,8,Rajasthan,04-01-2019 00:00,15758.5012
1898,Udaipur,26,8,Rajasthan,04-01-2019 00:00,15982.61583
1899,Ganganagar,1,8,Rajasthan,04-01-2019 00:00,15687.53905
1900,Hanumangarh,2,8,Rajasthan,04-01-2019 00:00,15748.34606
1901,Baran,31,8,Rajasthan,04-01-2019 00:00,15913.87906
1902,Hathras,13,9,Uttar Pradesh,04-01-2019 00:00,15578.39911
1903,Jalaun,35,9,Uttar Pradesh,04-01-2019 00:00,15757.10549
1904,Jaunpur,64,9,Uttar Pradesh,04-01-2019 00:00,15647.30683
1905,Jhansi,36,9,Uttar Pradesh,04-01-2019 00:00,15827.48466
1906,Jyotiba Phule Nagar,6,9,Uttar Pradesh,04-01-2019 00:00,15343.76231
1907,Kannauj,30,9,Uttar Pradesh,04-01-2019 00:00,15518.25251
1908,Kanpur Nagar,34,9,Uttar Pradesh,04-01-2019 00:00,15586.29248
1909,Kaushambi,44,9,Uttar Pradesh,04-01-2019 00:00,15655.33425
1910,Kheri,23,9,Uttar Pradesh,04-01-2019 00:00,15460.03359
1911,Mirzapur,69,9,Uttar Pradesh,04-01-2019 00:00,15755.96888
1912,Moradabad,4,9,Uttar Pradesh,04-01-2019 00:00,15364.86456
1913,Muzaffarnagar,2,9,Uttar Pradesh,04-01-2019 00:00,15374.90944
1914,Rae Bareli,28,9,Uttar Pradesh,04-01-2019 00:00,15559.73493
1915,Kushinagar,59,9,Uttar Pradesh,04-01-2019 00:00,15396.16908
1916,Lucknow,27,9,Uttar Pradesh,04-01-2019 00:00,15473.27516
1917,Lalitpur,37,9,Uttar Pradesh,04-01-2019 00:00,15866.00302
1918,Mahrajganj,57,9,Uttar Pradesh,04-01-2019 00:00,15425.76103
1919,Mahoba,39,9,Uttar Pradesh,04-01-2019 00:00,15906.88445
1920,Mainpuri,18,9,Uttar Pradesh,04-01-2019 00:00,15564.35454
1921,Mathura,14,9,Uttar Pradesh,04-01-2019 00:00,15588.50138
1922,Mau,62,9,Uttar Pradesh,04-01-2019 00:00,15584.78546
1923,Meerut,7,9,Uttar Pradesh,04-01-2019 00:00,15400.19549
1924,Pilibhit,21,9,Uttar Pradesh,04-01-2019 00:00,15418.03051
1925,Pratapgarh,43,9,Uttar Pradesh,04-01-2019 00:00,15623.80916
1926,Rampur,5,9,Uttar Pradesh,04-01-2019 00:00,15320.17197
1927,Sant Ravidas Nagar Bhadohi,68,9,Uttar Pradesh,04-01-2019 00:00,15654.42238
1928,Sant Kabir Nagar,56,9,Uttar Pradesh,04-01-2019 00:00,15524.78141
1929,Shahjahanpur,22,9,Uttar Pradesh,04-01-2019 00:00,15479.52166
1930,Auraiya,32,9,Uttar Pradesh,04-01-2019 00:00,15604.71346
1931,Azamgarh,61,9,Uttar Pradesh,04-01-2019 00:00,15591.56612
1932,Budaun,19,9,Uttar Pradesh,04-01-2019 00:00,15426.7485
1933,Agra,15,9,Uttar Pradesh,04-01-2019 00:00,15701.42739
1934,Aligarh,12,9,Uttar Pradesh,04-01-2019 00:00,15500.10039
1935,Allahabad,45,9,Uttar Pradesh,04-01-2019 00:00,15719.20171
1936,Ambedkar Nagar,48,9,Uttar Pradesh,04-01-2019 00:00,15539.03627
1937,Bareilly,20,9,Uttar Pradesh,04-01-2019 00:00,15418.72512
1938,Bijnor,3,9,Uttar Pradesh,04-01-2019 00:00,15398.14118
1939,Basti,55,9,Uttar Pradesh,04-01-2019 00:00,15525.76716
1940,Baghpat,8,9,Uttar Pradesh,04-01-2019 00:00,15393.94352
1941,Bahraich,50,9,Uttar Pradesh,04-01-2019 00:00,15408.73945
1942,Ballia,63,9,Uttar Pradesh,04-01-2019 00:00,15593.48627
1943,Balrampur,52,9,Uttar Pradesh,04-01-2019 00:00,15458.9693
1944,Banda,40,9,Uttar Pradesh,04-01-2019 00:00,15823.45113
1945,Barabanki,46,9,Uttar Pradesh,04-01-2019 00:00,15404.92785
1946,Chitrakoot,41,9,Uttar Pradesh,04-01-2019 00:00,15852.93026
1947,Chandauli,66,9,Uttar Pradesh,04-01-2019 00:00,15663.75626
1948,Deoria,60,9,Uttar Pradesh,04-01-2019 00:00,15554.81254
1949,Etah,17,9,Uttar Pradesh,04-01-2019 00:00,15510.61666
1950,Kanpur Dehat,33,9,Uttar Pradesh,04-01-2019 00:00,15637.54744
1951,Etawah,31,9,Uttar Pradesh,04-01-2019 00:00,15638.05254
1952,Faizabad,47,9,Uttar Pradesh,04-01-2019 00:00,15521.72131
1953,Ghazipur,65,9,Uttar Pradesh,04-01-2019 00:00,15625.13692
1954,Gonda,53,9,Uttar Pradesh,04-01-2019 00:00,15505.85985
1955,Gorakhpur,58,9,Uttar Pradesh,04-01-2019 00:00,15523.53705
1956,Farrukhabad,29,9,Uttar Pradesh,04-01-2019 00:00,15494.70847
1957,Fatehpur,42,9,Uttar Pradesh,04-01-2019 00:00,15652.49286
1958,Firozabad,16,9,Uttar Pradesh,04-01-2019 00:00,15620.37774
1959,Hamirpur,38,9,Uttar Pradesh,04-01-2019 00:00,15822.73077
1960,Hardoi,25,9,Uttar Pradesh,04-01-2019 00:00,15487.51239
1961,Shrawasti,51,9,Uttar Pradesh,04-01-2019 00:00,15420.42704
1962,Saharanpur,1,9,Uttar Pradesh,04-01-2019 00:00,15313.90818
1963,Sitapur,24,9,Uttar Pradesh,04-01-2019 00:00,15437.2607
1964,Sultanpur,49,9,Uttar Pradesh,04-01-2019 00:00,15590.28703
1965,Sonbhadra,70,9,Uttar Pradesh,04-01-2019 00:00,15745.12033
1966,Siddharthnagar,54,9,Uttar Pradesh,04-01-2019 00:00,15491.02969
1967,Unnao,26,9,Uttar Pradesh,04-01-2019 00:00,15546.41977
1968,Varanasi,67,9,Uttar Pradesh,04-01-2019 00:00,15614.82109
1969,Bulandshahr,11,9,Uttar Pradesh,04-01-2019 00:00,15426.74744
1970,Gautam Buddha Nagar,10,9,Uttar Pradesh,04-01-2019 00:00,15501.83415
1971,Ghaziabad,9,9,Uttar Pradesh,04-01-2019 00:00,15424.67697
1972,Jamui,37,10,Bihar,04-01-2019 00:00,15637.64377
1973,Kishanganj,8,10,Bihar,04-01-2019 00:00,15118.16234
1974,Muzaffarpur,14,10,Bihar,04-01-2019 00:00,15416.48965
1975,Purnia,9,10,Bihar,04-01-2019 00:00,15091.49538
1976,Khagaria,21,10,Bihar,04-01-2019 00:00,15287.26083
1977,Madhubani,5,10,Bihar,04-01-2019 00:00,15226.88806
1978,Lakhisarai,25,10,Bihar,04-01-2019 00:00,15522.59757
1979,Madhepura,11,10,Bihar,04-01-2019 00:00,15167.42464
1980,Purba Champaran,2,10,Bihar,04-01-2019 00:00,15367.99013
1981,Munger,24,10,Bihar,04-01-2019 00:00,15482.71253
1982,Nalanda,27,10,Bihar,04-01-2019 00:00,15565.96315
1983,Nawada,36,10,Bihar,04-01-2019 00:00,15606.75133
1984,Pashchim Champaran,1,10,Bihar,04-01-2019 00:00,15325.35265
1985,Patna,28,10,Bihar,04-01-2019 00:00,15530.65978
1986,Samastipur,19,10,Bihar,04-01-2019 00:00,15393.27786
1987,Araria,7,10,Bihar,04-01-2019 00:00,15103.22176
1988,Aurangabad,34,10,Bihar,04-01-2019 00:00,15697.93818
1989,Banka,23,10,Bihar,04-01-2019 00:00,15583.69609
1990,Bhagalpur,22,10,Bihar,04-01-2019 00:00,15364.52217
1991,Begusarai,20,10,Bihar,04-01-2019 00:00,15437.44822
1992,Saran,17,10,Bihar,04-01-2019 00:00,15544.54114
1993,Katihar,10,10,Bihar,04-01-2019 00:00,15132.6611
1994,Darbhanga,13,10,Bihar,04-01-2019 00:00,15314.06877
1995,Gopalganj,15,10,Bihar,04-01-2019 00:00,15506.63326
1996,Sheikhpura,26,10,Bihar,04-01-2019 00:00,15573.42069
1997,Sheohar,3,10,Bihar,04-01-2019 00:00,15317.54478
1998,Saharsa,12,10,Bihar,04-01-2019 00:00,15227.3241
1999,Sitamarhi,4,10,Bihar,04-01-2019 00:00,15276.53642
2000,Siwan,16,10,Bihar,04-01-2019 00:00,15587.22478
2001,Supaul,6,10,Bihar,04-01-2019 00:00,15186.66347
2002,Vaishali,18,10,Bihar,04-01-2019 00:00,15494.51538
2003,Kaimur (Bhabua),31,10,Bihar,04-01-2019 00:00,15684.905
2004,Gaya,35,10,Bihar,04-01-2019 00:00,15686.05729
2005,Bhojpur,29,10,Bihar,04-01-2019 00:00,15617.75946
2006,Buxar,30,10,Bihar,04-01-2019 00:00,15619.98628
2007,Jehanabad,33,10,Bihar,04-01-2019 00:00,15608.18152
2008,Rohtas,32,10,Bihar,04-01-2019 00:00,15635.9299
2009,North,1,11,Sikkim,04-01-2019 00:00,13993.93232
2010,East,4,11,Sikkim,04-01-2019 00:00,14560.3146
2011,South,3,11,Sikkim,04-01-2019 00:00,14658.8421
2012,West,2,11,Sikkim,04-01-2019 00:00,14404.09372
2013,Lohit,11,12,Arunanchal Pradesh,04-01-2019 00:00,14539.4681
2014,Lower Subansiri,5,12,Arunanchal Pradesh,04-01-2019 00:00,14559.85244
2015,Papum Pare,4,12,Arunanchal Pradesh,04-01-2019 00:00,14766.94885
2016,Changlang,12,12,Arunanchal Pradesh,04-01-2019 00:00,14840.74641
2017,Dibang Valley,10,12,Arunanchal Pradesh,04-01-2019 00:00,14386.80926
2018,East Kameng,3,12,Arunanchal Pradesh,04-01-2019 00:00,14633.82634
2019,East Siang,8,12,Arunanchal Pradesh,04-01-2019 00:00,14929.93423
2020,Tawang,1,12,Arunanchal Pradesh,04-01-2019 00:00,14219.50656
2021,Tirap,13,12,Arunanchal Pradesh,04-01-2019 00:00,14910.45034
2022,West Kameng,2,12,Arunanchal Pradesh,04-01-2019 00:00,14585.83029
2023,West Siang,7,12,Arunanchal Pradesh,04-01-2019 00:00,14643.95337
2024,Upper Siang,9,12,Arunanchal Pradesh,04-01-2019 00:00,14492.86423
2025,Upper Subansiri,6,12,Arunanchal Pradesh,04-01-2019 00:00,14481.02452
2026,Mokokchung,3,13,Nagaland,04-01-2019 00:00,15013.51785
2027,Mon,1,13,Nagaland,04-01-2019 00:00,15028.88588
2028,Phek,8,13,Nagaland,04-01-2019 00:00,14908.41302
2029,Tuensang,2,13,Nagaland,04-01-2019 00:00,14900.31691
2030,Wokha,5,13,Nagaland,04-01-2019 00:00,15048.9381
2031,Zunheboto,4,13,Nagaland,04-01-2019 00:00,14910.29896
2032,Dimapur,6,13,Nagaland,04-01-2019 00:00,15127.19952
2033,Kohima,7,13,Nagaland,04-01-2019 00:00,14957.66326
2034,Imphal East,7,14,Manipur,04-01-2019 00:00,15270.60468
2035,Imphal West,6,14,Manipur,04-01-2019 00:00,15112.54883
2036,Senapati (Excl. 3 sub-divisions),1,14,Manipur,04-01-2019 00:00,14971.38614
2037,Bishnupur,4,14,Manipur,04-01-2019 00:00,15114.18901
2038,Chandel,9,14,Manipur,04-01-2019 00:00,15136.49263
2039,Churachandpur,3,14,Manipur,04-01-2019 00:00,15029.60803
2040,Tamenglong,2,14,Manipur,04-01-2019 00:00,14956.93431
2041,Thoubal,5,14,Manipur,04-01-2019 00:00,15250.69586
2042,Ukhrul,8,14,Manipur,04-01-2019 00:00,15046.45745
2043,Kolasib,2,15,Mizoram,04-01-2019 00:00,15051.63307
2044,Mamit,1,15,Mizoram,04-01-2019 00:00,15080.55409
2045,Lunglei,6,15,Mizoram,04-01-2019 00:00,15079.7857
2046,Lawngtlai,7,15,Mizoram,04-01-2019 00:00,15194.97556
2047,Saiha,8,15,Mizoram,04-01-2019 00:00,15085.95526
2048,Serchhip,5,15,Mizoram,04-01-2019 00:00,15042.63682
2049,Aizawl,3,15,Mizoram,04-01-2019 00:00,15058.20785
2050,Champhai,4,15,Mizoram,04-01-2019 00:00,15047.56727
2051,North Tripura,4,16,Tripura,04-01-2019 00:00,15137.37321
2052,Dhalai,3,16,Tripura,04-01-2019 00:00,15171.52385
2053,South Tripura,2,16,Tripura,04-01-2019 00:00,15196.82365
2054,West Tripura,1,16,Tripura,04-01-2019 00:00,15190.316
2055,Jaintia Hills,7,17,Meghalaya,04-01-2019 00:00,14996.62673
2056,East Garo Hills,2,17,Meghalaya,04-01-2019 00:00,15090.56084
2057,East Khasi Hills,6,17,Meghalaya,04-01-2019 00:00,14919.83763
2058,Ri Bhoi,5,17,Meghalaya,04-01-2019 00:00,15075.59953
2059,South Garo Hills,3,17,Meghalaya,04-01-2019 00:00,15090.22314
2060,West Garo Hills,1,17,Meghalaya,04-01-2019 00:00,15097.42058
2061,West Khasi Hills,4,17,Meghalaya,04-01-2019 00:00,14978.9707
2062,Jorhat,17,18,Assam,04-01-2019 00:00,15164.94212
2063,Karimganj,22,18,Assam,04-01-2019 00:00,15123.98832
2064,Kokrajhar,1,18,Assam,04-01-2019 00:00,15118.75056
2065,Lakhimpur,12,18,Assam,04-01-2019 00:00,15208.83068
2066,Nagaon,10,18,Assam,04-01-2019 00:00,15138.88339
2067,Marigaon,9,18,Assam,04-01-2019 00:00,15068.48454
2068,Nalbari,7,18,Assam,04-01-2019 00:00,15100.98554
2069,North Cachar Hills,20,18,Assam,04-01-2019 00:00,15025.09756
2070,Barpeta,5,18,Assam,04-01-2019 00:00,15070.26203
2071,Bongaigaon,4,18,Assam,04-01-2019 00:00,15103.27373
2072,Cachar,21,18,Assam,04-01-2019 00:00,15150.73617
2073,Darrang,8,18,Assam,04-01-2019 00:00,15085.77904
2074,Dhemaji,13,18,Assam,04-01-2019 00:00,15177.09162
2075,Dhubri,2,18,Assam,04-01-2019 00:00,15064.09607
2076,Dibrugarh,15,18,Assam,04-01-2019 00:00,15156.3065
2077,Kamrup,6,18,Assam,04-01-2019 00:00,15112.38079
2078,Karbi Anglong,19,18,Assam,04-01-2019 00:00,15069.38983
2079,Goalpara,3,18,Assam,04-01-2019 00:00,15107.51019
2080,Golaghat,18,18,Assam,04-01-2019 00:00,15151.97601
2081,Hailakandi,23,18,Assam,04-01-2019 00:00,15129.61986
2082,Sonitpur,11,18,Assam,04-01-2019 00:00,15138.38134
2083,Sibsagar,16,18,Assam,04-01-2019 00:00,15169.51753
2084,Tinsukia,14,18,Assam,04-01-2019 00:00,15113.24745
2085,Hugli,12,19,West Bengal,04-01-2019 00:00,15219.54148
2086,Jalpaiguri,2,19,West Bengal,04-01-2019 00:00,15128.39825
2087,Koch Bihar,3,19,West Bengal,04-01-2019 00:00,15079.87201
2088,Murshidabad,7,19,West Bengal,04-01-2019 00:00,15264.76094
2089,Puruliya,14,19,West Bengal,04-01-2019 00:00,15475.22181
2090,Kolkata,17,19,West Bengal,04-01-2019 00:00,15427.8234
2091,Maldah,6,19,West Bengal,04-01-2019 00:00,15186.61221
2092,Nadia,10,19,West Bengal,04-01-2019 00:00,15231.1795
2093,North Twenty Four Parganas,11,19,West Bengal,04-01-2019 00:00,15162.32098
2094,Medinipur,15,19,West Bengal,04-01-2019 00:00,15227.52796
2095,Barddhaman,9,19,West Bengal,04-01-2019 00:00,15288.20152
2096,Birbhum,8,19,West Bengal,04-01-2019 00:00,15295.54001
2097,Bankura,13,19,West Bengal,04-01-2019 00:00,15375.99835
2098,Dakshin Dinajpur,5,19,West Bengal,04-01-2019 00:00,15124.28917
2099,Darjiling,1,19,West Bengal,04-01-2019 00:00,14938.44262
2100,Haora,16,19,West Bengal,04-01-2019 00:00,15211.60451
2101,South  Twenty Four Parganas,18,19,West Bengal,04-01-2019 00:00,15180.82139
2102,Uttar Dinajpur,4,19,West Bengal,04-01-2019 00:00,15082.60626
2103,Purbi Singhbhum,18,20,Jharkhand,04-01-2019 00:00,15351.41947
2104,Lohardaga,15,20,Jharkhand,04-01-2019 00:00,15485.83082
2105,Pakaur,10,20,Jharkhand,04-01-2019 00:00,15444.08151
2106,Pashchimi Singhbhum,17,20,Jharkhand,04-01-2019 00:00,15384.02591
2107,Bokaro,13,20,Jharkhand,04-01-2019 00:00,15532.12418
2108,Deoghar,7,20,Jharkhand,04-01-2019 00:00,15581.27071
2109,Dhanbad,12,20,Jharkhand,04-01-2019 00:00,15467.98403
2110,Dumka,11,20,Jharkhand,04-01-2019 00:00,15483.95994
2111,Giridih,6,20,Jharkhand,04-01-2019 00:00,15631.51321
2112,Godda,8,20,Jharkhand,04-01-2019 00:00,15485.50151
2113,Gumla,16,20,Jharkhand,04-01-2019 00:00,15470.52137
2114,Ranchi,14,20,Jharkhand,04-01-2019 00:00,15490.30788
2115,Sahibganj,9,20,Jharkhand,04-01-2019 00:00,15372.22697
2116,Garhwa,1,20,Jharkhand,04-01-2019 00:00,15780.62023
2117,Palamu,2,20,Jharkhand,04-01-2019 00:00,15712.73686
2118,Chatra,3,20,Jharkhand,04-01-2019 00:00,15738.51357
2119,Hazaribagh,4,20,Jharkhand,04-01-2019 00:00,15628.89457
2120,Kodarma,5,20,Jharkhand,04-01-2019 00:00,15670.73775
2121,Jajapur,13,21,Orissa,04-01-2019 00:00,15434.39446
2122,Jagatsinghapur,11,21,Orissa,04-01-2019 00:00,15443.54755
2123,Jharsuguda,2,21,Orissa,04-01-2019 00:00,15486.79422
2124,Khordha,17,21,Orissa,04-01-2019 00:00,15459.77495
2125,Mayurbhanj,7,21,Orissa,04-01-2019 00:00,15300.50619
2126,Puri,18,21,Orissa,04-01-2019 00:00,15362.00576
2127,Koraput,29,21,Orissa,04-01-2019 00:00,15527.6515
2128,Malkangiri,30,21,Orissa,04-01-2019 00:00,15611.48982
2129,Nabarangapur,28,21,Orissa,04-01-2019 00:00,15652.49632
2130,Nayagarh,16,21,Orissa,04-01-2019 00:00,15408.07111
2131,Nuapada,25,21,Orissa,04-01-2019 00:00,15623.07085
2132,Kandhamal,21,21,Orissa,04-01-2019 00:00,15427.84699
2133,Sambalpur,3,21,Orissa,04-01-2019 00:00,15461.15081
2134,Anugul,15,21,Orissa,04-01-2019 00:00,15446.65802
2135,Bhadrak,9,21,Orissa,04-01-2019 00:00,15443.01741
2136,Baudh,22,21,Orissa,04-01-2019 00:00,15501.95083
2137,Balangir,24,21,Orissa,04-01-2019 00:00,15596.81688
2138,Baleshwar,8,21,Orissa,04-01-2019 00:00,15298.91284
2139,Bargarh,1,21,Orissa,04-01-2019 00:00,15476.99833
2140,Kendrapara,10,21,Orissa,04-01-2019 00:00,15431.18614
2141,Kendujhar,6,21,Orissa,04-01-2019 00:00,15418.07038
2142,Debagarh,4,21,Orissa,04-01-2019 00:00,15428.00649
2143,Cuttack,12,21,Orissa,04-01-2019 00:00,15436.22325
2144,Dhenkanal,14,21,Orissa,04-01-2019 00:00,15468.35701
2145,Kalahandi,26,21,Orissa,04-01-2019 00:00,15573.55943
2146,Ganjam,19,21,Orissa,04-01-2019 00:00,15454.09539
2147,Gajapati,20,21,Orissa,04-01-2019 00:00,15427.96451
2148,Rayagada,27,21,Orissa,04-01-2019 00:00,15469.17747
2149,Sundargarh,5,21,Orissa,04-01-2019 00:00,15480.42632
2150,Sonapur,23,21,Orissa,04-01-2019 00:00,15442.85618
2151,Jashpur,3,22,Chhattisgarh,04-01-2019 00:00,15551.46409
2152,Koriya,1,22,Chhattisgarh,04-01-2019 00:00,15690.79915
2153,Mahasamund,12,22,Chhattisgarh,04-01-2019 00:00,15621.01237
2154,Raigarh,4,22,Chhattisgarh,04-01-2019 00:00,15632.49631
2155,Raipur,11,22,Chhattisgarh,04-01-2019 00:00,15671.26975
2156,Rajnandgaon,9,22,Chhattisgarh,04-01-2019 00:00,15795.08867
2157,Bastar,15,22,Chhattisgarh,04-01-2019 00:00,15626.19377
2158,Dantewada,16,22,Chhattisgarh,04-01-2019 00:00,15615.46957
2159,Dhamtari,13,22,Chhattisgarh,04-01-2019 00:00,15555.99428
2160,Durg,10,22,Chhattisgarh,04-01-2019 00:00,15765.34427
2161,Kanker,14,22,Chhattisgarh,04-01-2019 00:00,15675.5116
2162,Surguja,2,22,Chhattisgarh,04-01-2019 00:00,15651.44459
2163,Bilaspur,7,22,Chhattisgarh,04-01-2019 00:00,15705.29386
2164,Janjgir - Champa,6,22,Chhattisgarh,04-01-2019 00:00,15645.88365
2165,Korba,5,22,Chhattisgarh,04-01-2019 00:00,15631.97675
2166,Kawardha,8,22,Chhattisgarh,04-01-2019 00:00,15839.0731
2167,Hoshangabad,37,23,Madhya Pradesh,04-01-2019 00:00,15924.32658
2168,Indore,26,23,Madhya Pradesh,04-01-2019 00:00,16079.54092
2169,Jabalpur,39,23,Madhya Pradesh,04-01-2019 00:00,15891.27231
2170,Jhabua,24,23,Madhya Pradesh,04-01-2019 00:00,16153.28801
2171,Mandsaur,19,23,Madhya Pradesh,04-01-2019 00:00,16066.44917
2172,Tikamgarh,8,23,Madhya Pradesh,04-01-2019 00:00,15906.19331
2173,Narsimhapur,40,23,Madhya Pradesh,04-01-2019 00:00,15876.13273
2174,Neemuch,18,23,Madhya Pradesh,04-01-2019 00:00,16017.85404
2175,Panna,10,23,Madhya Pradesh,04-01-2019 00:00,15969.18591
2176,Raisen,34,23,Madhya Pradesh,04-01-2019 00:00,16028.51221
2177,Rajgarh,30,23,Madhya Pradesh,04-01-2019 00:00,16121.40391
2178,Satna,13,23,Madhya Pradesh,04-01-2019 00:00,15840.80755
2179,Sehore,33,23,Madhya Pradesh,04-01-2019 00:00,16110.74812
2180,Seoni,44,23,Madhya Pradesh,04-01-2019 00:00,15965.97168
2181,Bhind,3,23,Madhya Pradesh,04-01-2019 00:00,15824.40895
2182,Bhopal,32,23,Madhya Pradesh,04-01-2019 00:00,15977.31444
2183,Barwani,28,23,Madhya Pradesh,04-01-2019 00:00,16202.37621
2184,Betul,35,23,Madhya Pradesh,04-01-2019 00:00,16063.94096
2185,Balaghat,45,23,Madhya Pradesh,04-01-2019 00:00,15744.44132
2186,Chhatarpur,9,23,Madhya Pradesh,04-01-2019 00:00,15932.96411
2187,Chhindwara,43,23,Madhya Pradesh,04-01-2019 00:00,16009.83412
2188,Dewas,23,23,Madhya Pradesh,04-01-2019 00:00,16138.09729
2189,Katni,38,23,Madhya Pradesh,04-01-2019 00:00,15855.8393
2190,Datia,5,23,Madhya Pradesh,04-01-2019 00:00,15732.22917
2191,Damoh,12,23,Madhya Pradesh,04-01-2019 00:00,16034.88885
2192,Dhar,25,23,Madhya Pradesh,04-01-2019 00:00,16198.00665
2193,East Nimar,29,23,Madhya Pradesh,04-01-2019 00:00,16104.69663
2194,Guna,7,23,Madhya Pradesh,04-01-2019 00:00,16016.89672
2195,Gwalior,4,23,Madhya Pradesh,04-01-2019 00:00,15803.09648
2196,Harda,36,23,Madhya Pradesh,04-01-2019 00:00,16030.59675
2197,Shajapur,22,23,Madhya Pradesh,04-01-2019 00:00,16100.2413
2198,Shivpuri,6,23,Madhya Pradesh,04-01-2019 00:00,15910.16988
2199,Ratlam,20,23,Madhya Pradesh,04-01-2019 00:00,16140.22823
2200,Rewa,14,23,Madhya Pradesh,04-01-2019 00:00,15805.47097
2201,Sagar,11,23,Madhya Pradesh,04-01-2019 00:00,16033.30676
2202,Sidhi,17,23,Madhya Pradesh,04-01-2019 00:00,15797.46153
2203,Ujjain,21,23,Madhya Pradesh,04-01-2019 00:00,16119.36952
2204,Vidisha,31,23,Madhya Pradesh,04-01-2019 00:00,16012.55437
2205,West Nimar,27,23,Madhya Pradesh,04-01-2019 00:00,16172.27162
2206,Morena,2,23,Madhya Pradesh,04-01-2019 00:00,15775.38507
2207,Sheopur,1,23,Madhya Pradesh,04-01-2019 00:00,15878.68723
2208,Dindori,41,23,Madhya Pradesh,04-01-2019 00:00,15911.67971
2209,Mandla,42,23,Madhya Pradesh,04-01-2019 00:00,15930.26094
2210,Shahdol,16,23,Madhya Pradesh,04-01-2019 00:00,15837.07766
2211,Umaria,15,23,Madhya Pradesh,04-01-2019 00:00,15833.40258
2212,Jamnagar,10,24,Gujarat,04-01-2019 00:00,15980.37301
2213,Kheda,16,24,Gujarat,04-01-2019 00:00,15883.56163
2214,Mahesana,4,24,Gujarat,04-01-2019 00:00,15978.85785
2215,Narmada,20,24,Gujarat,04-01-2019 00:00,16017.07444
2216,Navsari,24,24,Gujarat,04-01-2019 00:00,15702.5823
2217,Panch Mahals,17,24,Gujarat,04-01-2019 00:00,15905.85379
2218,Patan,3,24,Gujarat,04-01-2019 00:00,16107.35684
2219,Porbandar,11,24,Gujarat,04-01-2019 00:00,15933.01404
2220,Rajkot,9,24,Gujarat,04-01-2019 00:00,16157.85546
2221,Anand,15,24,Gujarat,04-01-2019 00:00,15798.28988
2222,Ahmadabad,7,24,Gujarat,04-01-2019 00:00,16115.47871
2223,Amreli,13,24,Gujarat,04-01-2019 00:00,16219.54496
2224,Bhavnagar,14,24,Gujarat,04-01-2019 00:00,16200.1667
2225,Banas Kantha,2,24,Gujarat,04-01-2019 00:00,15926.8088
2226,Dohad,18,24,Gujarat,04-01-2019 00:00,16042.06269
2227,Junagadh,12,24,Gujarat,04-01-2019 00:00,16018.18072
2228,Kachchh,1,24,Gujarat,04-01-2019 00:00,16060.17736
2229,Gandhinagar,6,24,Gujarat,04-01-2019 00:00,15932.53383
2230,Sabar Kantha,5,24,Gujarat,04-01-2019 00:00,16024.12655
2231,Surendranagar,8,24,Gujarat,04-01-2019 00:00,16128.98238
2232,The Dangs,23,24,Gujarat,04-01-2019 00:00,15983.59272
2233,Vadodara,19,24,Gujarat,04-01-2019 00:00,15910.66584
2234,Valsad,25,24,Gujarat,04-01-2019 00:00,15786.224
2235,Bharuch,21,24,Gujarat,04-01-2019 00:00,15939.07743
2236,Surat,22,24,Gujarat,04-01-2019 00:00,15844.09996
2237,Daman,2,25,Daman & Diu,04-01-2019 00:00,15534.71122
2238,Diu,1,25,Daman & Diu,04-01-2019 00:00,15502.06165
2239,Hingoli,16,27,Maharashtra,04-01-2019 00:00,16187.02381
2240,Jalgaon,3,27,Maharashtra,04-01-2019 00:00,16201.30091
2241,Jalna,18,27,Maharashtra,04-01-2019 00:00,16258.71319
2242,Kolhapur,34,27,Maharashtra,04-01-2019 00:00,15691.51136
2243,Latur,28,27,Maharashtra,04-01-2019 00:00,16162.27667
2244,Pune,25,27,Maharashtra,04-01-2019 00:00,15925.13052
2245,Nagpur,9,27,Maharashtra,04-01-2019 00:00,16016.85165
2246,Mumbai,23,27,Maharashtra,04-01-2019 00:00,15456.93217
2247,Mumbai (Suburban),22,27,Maharashtra,04-01-2019 00:00,15511.26066
2248,Nanded,15,27,Maharashtra,04-01-2019 00:00,16118.65363
2249,Nandurbar,1,27,Maharashtra,04-01-2019 00:00,16127.76297
2250,Nashik,20,27,Maharashtra,04-01-2019 00:00,16091.45396
2251,Osmanabad,29,27,Maharashtra,04-01-2019 00:00,16187.76277
2252,Parbhani,17,27,Maharashtra,04-01-2019 00:00,16220.0297
2253,Sangli,35,27,Maharashtra,04-01-2019 00:00,15989.76168
2254,Satara,31,27,Maharashtra,04-01-2019 00:00,15926.87036
2255,Aurangabad,19,27,Maharashtra,04-01-2019 00:00,16227.93334
2256,Ahmadnagar,26,27,Maharashtra,04-01-2019 00:00,16117.43898
2257,Akola,5,27,Maharashtra,04-01-2019 00:00,16268.74795
2258,Amravati,7,27,Maharashtra,04-01-2019 00:00,16152.20525
2259,Bid,27,27,Maharashtra,04-01-2019 00:00,16215.53228
2260,Bhandara,10,27,Maharashtra,04-01-2019 00:00,15788.6023
2261,Buldana,4,27,Maharashtra,04-01-2019 00:00,16267.39129
2262,Chandrapur,13,27,Maharashtra,04-01-2019 00:00,15919.00469
2263,Dhule,2,27,Maharashtra,04-01-2019 00:00,16258.10387
2264,Gadchiroli,12,27,Maharashtra,04-01-2019 00:00,15735.95188
2265,Gondiya,11,27,Maharashtra,04-01-2019 00:00,15733.96522
2266,Ratnagiri,32,27,Maharashtra,04-01-2019 00:00,15615.27176
2267,Raigarh,24,27,Maharashtra,04-01-2019 00:00,15760.17727
2268,Thane,21,27,Maharashtra,04-01-2019 00:00,15871.15816
2269,Solapur,30,27,Maharashtra,04-01-2019 00:00,16114.59609
2270,Sindhudurg,33,27,Maharashtra,04-01-2019 00:00,15527.12024
2271,Wardha,8,27,Maharashtra,04-01-2019 00:00,16165.47208
2272,Washim,6,27,Maharashtra,04-01-2019 00:00,16232.92544
2273,Yavatmal,14,27,Maharashtra,04-01-2019 00:00,16151.2342
2274,Hyderabad,5,28,Andhra Pradesh,04-01-2019 00:00,15609.60115
2275,Khammam,10,28,Andhra Pradesh,04-01-2019 00:00,15616.71282
2276,Medak,4,28,Andhra Pradesh,04-01-2019 00:00,15954.56329
2277,Krishna,16,28,Andhra Pradesh,04-01-2019 00:00,15547.93928
2278,Kurnool,21,28,Andhra Pradesh,04-01-2019 00:00,15960.66767
2279,Mahbubnagar,7,28,Andhra Pradesh,04-01-2019 00:00,15894.12696
2280,Nalgonda,8,28,Andhra Pradesh,04-01-2019 00:00,15765.32124
2281,Nellore,19,28,Andhra Pradesh,04-01-2019 00:00,15746.42824
2282,Nizamabad,2,28,Andhra Pradesh,04-01-2019 00:00,15869.03873
2283,Prakasam,18,28,Andhra Pradesh,04-01-2019 00:00,15839.70049
2284,Anantapur,22,28,Andhra Pradesh,04-01-2019 00:00,15958.75825
2285,Adilabad,1,28,Andhra Pradesh,04-01-2019 00:00,15873.79628
2286,Chittoor,23,28,Andhra Pradesh,04-01-2019 00:00,15773.32663
2287,Cuddapah,20,28,Andhra Pradesh,04-01-2019 00:00,15881.25599
2288,East Godavari,14,28,Andhra Pradesh,04-01-2019 00:00,15375.98384
2289,Karimnagar,3,28,Andhra Pradesh,04-01-2019 00:00,15685.33897
2290,Guntur,17,28,Andhra Pradesh,04-01-2019 00:00,15718.62288
2291,Rangareddi,6,28,Andhra Pradesh,04-01-2019 00:00,15886.18689
2292,Srikakulam,11,28,Andhra Pradesh,04-01-2019 00:00,15580.70002
2293,West Godavari,15,28,Andhra Pradesh,04-01-2019 00:00,15393.06749
2294,Visakhapatnam,13,28,Andhra Pradesh,04-01-2019 00:00,15481.82851
2295,Vizianagaram,12,28,Andhra Pradesh,04-01-2019 00:00,15603.04151
2296,Warangal,9,28,Andhra Pradesh,04-01-2019 00:00,15722.82608
2297,Hassan,23,29,Karnataka,04-01-2019 00:00,15571.30014
2298,Haveri,11,29,Karnataka,04-01-2019 00:00,15798.56312
2299,Kodagu,25,29,Karnataka,04-01-2019 00:00,15181.86197
2300,Kolar,19,29,Karnataka,04-01-2019 00:00,15810.68559
2301,Mandya,22,29,Karnataka,04-01-2019 00:00,15590.47517
2302,Koppal,7,29,Karnataka,04-01-2019 00:00,15983.36055
2303,Mysore,26,29,Karnataka,04-01-2019 00:00,15641.25074
2304,Raichur,6,29,Karnataka,04-01-2019 00:00,16028.84172
2305,Bagalkot,2,29,Karnataka,04-01-2019 00:00,15908.48101
2306,Bangalore,20,29,Karnataka,04-01-2019 00:00,15634.44838
2307,Bidar,5,29,Karnataka,04-01-2019 00:00,16150.40158
2308,Bijapur,3,29,Karnataka,04-01-2019 00:00,16099.9761
2309,Belgaum,1,29,Karnataka,04-01-2019 00:00,15847.19294
2310,Bellary,12,29,Karnataka,04-01-2019 00:00,15916.77475
2311,Bangalore Rural,21,29,Karnataka,04-01-2019 00:00,15681.35991
2312,Chamarajanagar,27,29,Karnataka,04-01-2019 00:00,15674.86384
2313,Chikmagalur,17,29,Karnataka,04-01-2019 00:00,15403.95942
2314,Chitradurga,13,29,Karnataka,04-01-2019 00:00,15914.36585
2315,Dakshina Kannada,24,29,Karnataka,04-01-2019 00:00,15269.90685
2316,Davanagere,14,29,Karnataka,04-01-2019 00:00,15725.32726
2317,Dharwad,9,29,Karnataka,04-01-2019 00:00,15850.43019
2318,Gulbarga,4,29,Karnataka,04-01-2019 00:00,16130.44438
2319,Gadag,8,29,Karnataka,04-01-2019 00:00,16016.8634
2320,Shimoga,15,29,Karnataka,04-01-2019 00:00,15410.39736
2321,Tumkur,18,29,Karnataka,04-01-2019 00:00,15771.19388
2322,Udupi,16,29,Karnataka,04-01-2019 00:00,15378.5075
2323,Uttara Kannada,10,29,Karnataka,04-01-2019 00:00,15342.19373
2324,North Goa,1,30,Goa,04-01-2019 00:00,15429.90958
2325,South Goa,2,30,Goa,04-01-2019 00:00,15376.70461
2326,Idukki,9,32,Kerala,04-01-2019 00:00,15173.36431
2327,Kollam,13,32,Kerala,04-01-2019 00:00,15281.57668
2328,Kottayam,10,32,Kerala,04-01-2019 00:00,15310.47435
2329,Kozhikode,4,32,Kerala,04-01-2019 00:00,15264.87766
2330,Malappuram,5,32,Kerala,04-01-2019 00:00,15271.05059
2331,Palakkad,6,32,Kerala,04-01-2019 00:00,15335.61582
2332,Pathanamthitta,12,32,Kerala,04-01-2019 00:00,15239.00776
2333,Alappuzha,11,32,Kerala,04-01-2019 00:00,15314.3597
2334,Kasaragod,1,32,Kerala,04-01-2019 00:00,15330.20849
2335,Kannur,2,32,Kerala,04-01-2019 00:00,15299.54282
2336,Ernakulam,8,32,Kerala,04-01-2019 00:00,15286.12129
2337,Thrissur,7,32,Kerala,04-01-2019 00:00,15279.53046
2338,Thiruvananthapuram,14,32,Kerala,04-01-2019 00:00,15300.36504
2339,Wayanad,3,32,Kerala,04-01-2019 00:00,15177.96335
2340,Kanniyakumari,30,33,Tamil Nadu,04-01-2019 00:00,15376.70288
2341,Karur,14,33,Tamil Nadu,04-01-2019 00:00,16021.10094
2342,Madurai,24,33,Tamil Nadu,04-01-2019 00:00,15813.2757
2343,Namakkal,9,33,Tamil Nadu,04-01-2019 00:00,15800.25421
2344,The Nilgiris,11,33,Tamil Nadu,04-01-2019 00:00,15197.18995
2345,Perambalur,16,33,Tamil Nadu,04-01-2019 00:00,15962.78429
2346,Pudukkottai,22,33,Tamil Nadu,04-01-2019 00:00,15857.4207
2347,Ramanathapuram,27,33,Tamil Nadu,04-01-2019 00:00,15837.91034
2348,Salem,8,33,Tamil Nadu,04-01-2019 00:00,15792.6009
2349,Ariyalur,17,33,Tamil Nadu,04-01-2019 00:00,15693.69227
2350,Coimbatore,12,33,Tamil Nadu,04-01-2019 00:00,15614.18657
2351,Cuddalore,18,33,Tamil Nadu,04-01-2019 00:00,15653.44229
2352,Dharmapuri,5,33,Tamil Nadu,04-01-2019 00:00,15816.8588
2353,Dindigul,13,33,Tamil Nadu,04-01-2019 00:00,15691.59812
2354,Erode,10,33,Tamil Nadu,04-01-2019 00:00,15684.8708
2355,Sivaganga,23,33,Tamil Nadu,04-01-2019 00:00,15885.09159
2356,Tiruchirappalli,15,33,Tamil Nadu,04-01-2019 00:00,15905.77062
2357,Tirunelveli,29,33,Tamil Nadu,04-01-2019 00:00,15693.28443
2358,Tiruvannamalai,6,33,Tamil Nadu,04-01-2019 00:00,15812.18154
2359,Thoothukkudi,28,33,Tamil Nadu,04-01-2019 00:00,15880.62175
2360,Theni,25,33,Tamil Nadu,04-01-2019 00:00,15544.31305
2361,Vellore,4,33,Tamil Nadu,04-01-2019 00:00,15793.06544
2362,Viluppuram,7,33,Tamil Nadu,04-01-2019 00:00,15788.80793
2363,Virudhunagar,26,33,Tamil Nadu,04-01-2019 00:00,15897.77835
2364,Chennai,2,33,Tamil Nadu,04-01-2019 00:00,15579.65069
2365,Kancheepuram,3,33,Tamil Nadu,04-01-2019 00:00,15724.5969
2366,Thiruvallur,1,33,Tamil Nadu,04-01-2019 00:00,15708.83808
2367,Thanjavur,21,33,Tamil Nadu,04-01-2019 00:00,15617.22625
2368,Thiruvarur,20,33,Tamil Nadu,04-01-2019 00:00,15631.13443
2369,Nagapattinam,19,33,Tamil Nadu,04-01-2019 00:00,15604.12477
2370,Pondicherry,2,34,Puducherry,04-01-2019 00:00,15486.85031
2371,Yanam,1,34,Puducherry,04-01-2019 00:00,15347.37402
2372,Karaikal,4,34,Puducherry,04-01-2019 00:00,15571.28086
2373,Mahe,3,34,Puducherry,04-01-2019 00:00,15323.95813
2374,Nicobars,2,35,Andaman & Nicobar Island,04-01-2019 00:00,15050.99343
2375,Andamans,1,35,Andaman & Nicobar Island,04-01-2019 00:00,15191.65883
2376,Lakshadweep,1,31,Lakshadweep,05-01-2019 00:00,15104.70461
2377,Chandigarh,1,4,Chandigarh,05-01-2019 00:00,15717.38524
2378,Dadra & Nagar Haveli,1,26,Dadara & Nagar Havelli,05-01-2019 00:00,15883.26804
2379,North Goa,1,30,Goa,05-01-2019 00:00,15388.15371
2380,South Goa,2,30,Goa,05-01-2019 00:00,15326.56606
2381,Jorhat,17,18,Assam,05-01-2019 00:00,15025.37918
2382,Karimganj,22,18,Assam,05-01-2019 00:00,15115.76558
2383,Kokrajhar,1,18,Assam,05-01-2019 00:00,15080.22071
2384,Lakhimpur,12,18,Assam,05-01-2019 00:00,15061.74921
2385,Nagaon,10,18,Assam,05-01-2019 00:00,15055.01103
2386,Marigaon,9,18,Assam,05-01-2019 00:00,14981.88855
2387,Nalbari,7,18,Assam,05-01-2019 00:00,15002.35617
2388,North Cachar Hills,20,18,Assam,05-01-2019 00:00,14991.2658
2389,Sonitpur,11,18,Assam,05-01-2019 00:00,15004.10766
2390,Sibsagar,16,18,Assam,05-01-2019 00:00,15090.00098
2391,Tinsukia,14,18,Assam,05-01-2019 00:00,15110.79896
2392,Barpeta,5,18,Assam,05-01-2019 00:00,14972.87597
2393,Bongaigaon,4,18,Assam,05-01-2019 00:00,15008.51623
2394,Cachar,21,18,Assam,05-01-2019 00:00,15082.31254
2395,Darrang,8,18,Assam,05-01-2019 00:00,14951.23361
2396,Dhemaji,13,18,Assam,05-01-2019 00:00,15094.28889
2397,Dhubri,2,18,Assam,05-01-2019 00:00,14980.39031
2398,Dibrugarh,15,18,Assam,05-01-2019 00:00,15039.72433
2399,Kamrup,6,18,Assam,05-01-2019 00:00,14984.87948
2400,Karbi Anglong,19,18,Assam,05-01-2019 00:00,15002.92205
2401,Goalpara,3,18,Assam,05-01-2019 00:00,14967.24452
2402,Golaghat,18,18,Assam,05-01-2019 00:00,15045.07831
2403,Hailakandi,23,18,Assam,05-01-2019 00:00,15129.81733
2404,Jamui,37,10,Bihar,05-01-2019 00:00,15787.56969
2405,Kishanganj,8,10,Bihar,05-01-2019 00:00,15185.3912
2406,Muzaffarpur,14,10,Bihar,05-01-2019 00:00,15652.4365
2407,Purnia,9,10,Bihar,05-01-2019 00:00,15250.09888
2408,Khagaria,21,10,Bihar,05-01-2019 00:00,15551.37783
2409,Madhubani,5,10,Bihar,05-01-2019 00:00,15445.54987
2410,Lakhisarai,25,10,Bihar,05-01-2019 00:00,15835.40316
2411,Madhepura,11,10,Bihar,05-01-2019 00:00,15366.7051
2412,Purba Champaran,2,10,Bihar,05-01-2019 00:00,15586.87915
2413,Munger,24,10,Bihar,05-01-2019 00:00,15699.54372
2414,Nalanda,27,10,Bihar,05-01-2019 00:00,15739.171
2415,Nawada,36,10,Bihar,05-01-2019 00:00,15871.07913
2416,Pashchim Champaran,1,10,Bihar,05-01-2019 00:00,15479.54407
2417,Patna,28,10,Bihar,05-01-2019 00:00,15757.12842
2418,Samastipur,19,10,Bihar,05-01-2019 00:00,15585.77134
2419,Sheikhpura,26,10,Bihar,05-01-2019 00:00,15859.6125
2420,Sheohar,3,10,Bihar,05-01-2019 00:00,15607.50049
2421,Saharsa,12,10,Bihar,05-01-2019 00:00,15406.52372
2422,Sitamarhi,4,10,Bihar,05-01-2019 00:00,15507.92319
2423,Siwan,16,10,Bihar,05-01-2019 00:00,15830.94643
2424,Supaul,6,10,Bihar,05-01-2019 00:00,15318.44768
2425,Vaishali,18,10,Bihar,05-01-2019 00:00,15693.20875
2426,Kaimur (Bhabua),31,10,Bihar,05-01-2019 00:00,15990.22451
2427,Gaya,35,10,Bihar,05-01-2019 00:00,15895.39123
2428,Bhojpur,29,10,Bihar,05-01-2019 00:00,15863.56406
2429,Buxar,30,10,Bihar,05-01-2019 00:00,15896.24682
2430,Jehanabad,33,10,Bihar,05-01-2019 00:00,15830.79367
2431,Rohtas,32,10,Bihar,05-01-2019 00:00,15957.13542
2432,Araria,7,10,Bihar,05-01-2019 00:00,15207.80201
2433,Aurangabad,34,10,Bihar,05-01-2019 00:00,15942.21356
2434,Banka,23,10,Bihar,05-01-2019 00:00,15664.25872
2435,Bhagalpur,22,10,Bihar,05-01-2019 00:00,15578.65027
2436,Begusarai,20,10,Bihar,05-01-2019 00:00,15679.52263
2437,Saran,17,10,Bihar,05-01-2019 00:00,15788.39304
2438,Katihar,10,10,Bihar,05-01-2019 00:00,15284.36025
2439,Darbhanga,13,10,Bihar,05-01-2019 00:00,15570.23769
2440,Gopalganj,15,10,Bihar,05-01-2019 00:00,15747.61577
2441,Kollam,13,32,Kerala,05-01-2019 00:00,15158.1632
2442,Kottayam,10,32,Kerala,05-01-2019 00:00,15192.57843
2443,Kozhikode,4,32,Kerala,05-01-2019 00:00,15180.19846
2444,Malappuram,5,32,Kerala,05-01-2019 00:00,15233.1107
2445,Palakkad,6,32,Kerala,05-01-2019 00:00,15242.89002
2446,Pathanamthitta,12,32,Kerala,05-01-2019 00:00,15098.43509
2447,Idukki,9,32,Kerala,05-01-2019 00:00,15048.12189
2448,Thrissur,7,32,Kerala,05-01-2019 00:00,15231.87717
2449,Thiruvananthapuram,14,32,Kerala,05-01-2019 00:00,15157.193
2450,Wayanad,3,32,Kerala,05-01-2019 00:00,15037.59337
2451,Alappuzha,11,32,Kerala,05-01-2019 00:00,15187.7157
2452,Kasaragod,1,32,Kerala,05-01-2019 00:00,15318.01103
2453,Kannur,2,32,Kerala,05-01-2019 00:00,15254.10052
2454,Ernakulam,8,32,Kerala,05-01-2019 00:00,15209.8258
2455,Jajapur,13,21,Orissa,05-01-2019 00:00,15359.83814
2456,Jagatsinghapur,11,21,Orissa,05-01-2019 00:00,15381.46902
2457,Jharsuguda,2,21,Orissa,05-01-2019 00:00,15641.2464
2458,Khordha,17,21,Orissa,05-01-2019 00:00,15371.56747
2459,Mayurbhanj,7,21,Orissa,05-01-2019 00:00,15294.92349
2460,Puri,18,21,Orissa,05-01-2019 00:00,15272.02693
2461,Koraput,29,21,Orissa,05-01-2019 00:00,15493.8894
2462,Malkangiri,30,21,Orissa,05-01-2019 00:00,15599.68099
2463,Nabarangapur,28,21,Orissa,05-01-2019 00:00,15691.36087
2464,Nayagarh,16,21,Orissa,05-01-2019 00:00,15387.52506
2465,Nuapada,25,21,Orissa,05-01-2019 00:00,15773.51526
2466,Kandhamal,21,21,Orissa,05-01-2019 00:00,15444.98751
2467,Sambalpur,3,21,Orissa,05-01-2019 00:00,15557.50951
2468,Rayagada,27,21,Orissa,05-01-2019 00:00,15467.61502
2469,Sundargarh,5,21,Orissa,05-01-2019 00:00,15596.71122
2470,Sonapur,23,21,Orissa,05-01-2019 00:00,15582.9668
2471,Anugul,15,21,Orissa,05-01-2019 00:00,15433.43876
2472,Bhadrak,9,21,Orissa,05-01-2019 00:00,15413.44704
2473,Baudh,22,21,Orissa,05-01-2019 00:00,15558.99537
2474,Balangir,24,21,Orissa,05-01-2019 00:00,15755.87822
2475,Baleshwar,8,21,Orissa,05-01-2019 00:00,15272.29655
2476,Bargarh,1,21,Orissa,05-01-2019 00:00,15671.3616
2477,Kendrapara,10,21,Orissa,05-01-2019 00:00,15416.56776
2478,Kendujhar,6,21,Orissa,05-01-2019 00:00,15379.07829
2479,Debagarh,4,21,Orissa,05-01-2019 00:00,15488.95341
2480,Cuttack,12,21,Orissa,05-01-2019 00:00,15377.39696
2481,Dhenkanal,14,21,Orissa,05-01-2019 00:00,15377.23606
2482,Kalahandi,26,21,Orissa,05-01-2019 00:00,15650.39579
2483,Ganjam,19,21,Orissa,05-01-2019 00:00,15388.64769
2484,Gajapati,20,21,Orissa,05-01-2019 00:00,15298.70851
2485,Jalandhar,4,3,Punjab,05-01-2019 00:00,15763.56122
2486,Kapurthala,3,3,Punjab,05-01-2019 00:00,15763.10834
2487,Ludhiana,9,3,Punjab,05-01-2019 00:00,15781.42363
2488,Mansa,15,3,Punjab,05-01-2019 00:00,15815.21248
2489,Moga,10,3,Punjab,05-01-2019 00:00,15822.00299
2490,Muktsar,12,3,Punjab,05-01-2019 00:00,15828.22425
2491,Nawanshahr,6,3,Punjab,05-01-2019 00:00,15817.43535
2492,Patiala,17,3,Punjab,05-01-2019 00:00,15823.61749
2493,Sangrur,16,3,Punjab,05-01-2019 00:00,15828.01817
2494,Hoshiarpur,5,3,Punjab,05-01-2019 00:00,15731.81479
2495,Rupnagar,7,3,Punjab,05-01-2019 00:00,15776.3741
2496,Amritsar,2,3,Punjab,05-01-2019 00:00,15749.35203
2497,Firozpur,11,3,Punjab,05-01-2019 00:00,15774.18117
2498,Bathinda,14,3,Punjab,05-01-2019 00:00,15822.97111
2499,Gurdaspur,1,3,Punjab,05-01-2019 00:00,15811.27274
2500,Faridkot,13,3,Punjab,05-01-2019 00:00,15831.21316
2501,Fatehgarh Sahib,8,3,Punjab,05-01-2019 00:00,15799.89381
2502,North,1,11,Sikkim,05-01-2019 00:00,14112.75277
2503,South,3,11,Sikkim,05-01-2019 00:00,14704.25671
2504,West,2,11,Sikkim,05-01-2019 00:00,14462.09873
2505,East,4,11,Sikkim,05-01-2019 00:00,14617.77581
2506,Jamnagar,10,24,Gujarat,05-01-2019 00:00,15994.15579
2507,Kheda,16,24,Gujarat,05-01-2019 00:00,15854.78922
2508,Mahesana,4,24,Gujarat,05-01-2019 00:00,15951.65793
2509,Narmada,20,24,Gujarat,05-01-2019 00:00,15940.35432
2510,Navsari,24,24,Gujarat,05-01-2019 00:00,15680.28095
2511,Panch Mahals,17,24,Gujarat,05-01-2019 00:00,15911.08806
2512,Patan,3,24,Gujarat,05-01-2019 00:00,16090.46343
2513,Porbandar,11,24,Gujarat,05-01-2019 00:00,15891.80159
2514,Rajkot,9,24,Gujarat,05-01-2019 00:00,16128.92895
2515,Sabar Kantha,5,24,Gujarat,05-01-2019 00:00,15938.63756
2516,Surendranagar,8,24,Gujarat,05-01-2019 00:00,16068.19254
2517,The Dangs,23,24,Gujarat,05-01-2019 00:00,15960.40437
2518,Vadodara,19,24,Gujarat,05-01-2019 00:00,15900.41462
2519,Valsad,25,24,Gujarat,05-01-2019 00:00,15779.71442
2520,Bharuch,21,24,Gujarat,05-01-2019 00:00,15879.00409
2521,Surat,22,24,Gujarat,05-01-2019 00:00,15766.1428
2522,Anand,15,24,Gujarat,05-01-2019 00:00,15790.80268
2523,Ahmadabad,7,24,Gujarat,05-01-2019 00:00,16083.47908
2524,Amreli,13,24,Gujarat,05-01-2019 00:00,16159.70137
2525,Bhavnagar,14,24,Gujarat,05-01-2019 00:00,16196.04973
2526,Banas Kantha,2,24,Gujarat,05-01-2019 00:00,15855.82131
2527,Dohad,18,24,Gujarat,05-01-2019 00:00,15985.20423
2528,Junagadh,12,24,Gujarat,05-01-2019 00:00,15956.407
2529,Kachchh,1,24,Gujarat,05-01-2019 00:00,15984.22033
2530,Gandhinagar,6,24,Gujarat,05-01-2019 00:00,15877.60766
2531,Jind,9,6,Haryana,05-01-2019 00:00,15793.73961
2532,Kaithal,5,6,Haryana,05-01-2019 00:00,15767.64936
2533,Karnal,6,6,Haryana,05-01-2019 00:00,15738.60364
2534,Kurukshetra,4,6,Haryana,05-01-2019 00:00,15725.19113
2535,Panchkula,1,6,Haryana,05-01-2019 00:00,15678.57282
2536,Panipat,7,6,Haryana,05-01-2019 00:00,15749.96446
2537,Hisar,12,6,Haryana,05-01-2019 00:00,15808.98541
2538,Rohtak,14,6,Haryana,05-01-2019 00:00,15740.72959
2539,Sirsa,11,6,Haryana,05-01-2019 00:00,15834.9718
2540,Sonipat,8,6,Haryana,05-01-2019 00:00,15758.44057
2541,Yamunanagar,3,6,Haryana,05-01-2019 00:00,15692.13187
2542,Jhajjar,15,6,Haryana,05-01-2019 00:00,15816.34132
2543,Mahendragarh,16,6,Haryana,05-01-2019 00:00,15930.12799
2544,Rewari,17,6,Haryana,05-01-2019 00:00,15891.52503
2545,Bhiwani,13,6,Haryana,05-01-2019 00:00,15867.72093
2546,Ambala,2,6,Haryana,05-01-2019 00:00,15787.00457
2547,Gurgaon,18,6,Haryana,05-01-2019 00:00,15810.16828
2548,Faridabad,19,6,Haryana,05-01-2019 00:00,15776.52248
2549,Fatehabad,10,6,Haryana,05-01-2019 00:00,15808.03284
2550,Imphal East,7,14,Manipur,05-01-2019 00:00,15255.58239
2551,Imphal West,6,14,Manipur,05-01-2019 00:00,15036.52183
2552,Senapati (Excl. 3 sub-divisions),1,14,Manipur,05-01-2019 00:00,14974.79132
2553,Tamenglong,2,14,Manipur,05-01-2019 00:00,14916.02535
2554,Thoubal,5,14,Manipur,05-01-2019 00:00,15280.19983
2555,Ukhrul,8,14,Manipur,05-01-2019 00:00,15103.80902
2556,Bishnupur,4,14,Manipur,05-01-2019 00:00,15116.09936
2557,Chandel,9,14,Manipur,05-01-2019 00:00,15181.74984
2558,Churachandpur,3,14,Manipur,05-01-2019 00:00,14997.0986
2559,Kolasib,2,15,Mizoram,05-01-2019 00:00,15067.86102
2560,Mamit,1,15,Mizoram,05-01-2019 00:00,15078.68598
2561,Lunglei,6,15,Mizoram,05-01-2019 00:00,15090.36836
2562,Lawngtlai,7,15,Mizoram,05-01-2019 00:00,15182.83765
2563,Saiha,8,15,Mizoram,05-01-2019 00:00,15081.88306
2564,Serchhip,5,15,Mizoram,05-01-2019 00:00,15046.85364
2565,Aizawl,3,15,Mizoram,05-01-2019 00:00,15053.90425
2566,Champhai,4,15,Mizoram,05-01-2019 00:00,15034.01261
2567,North Tripura,4,16,Tripura,05-01-2019 00:00,15095.08795
2568,South Tripura,2,16,Tripura,05-01-2019 00:00,15126.50941
2569,West Tripura,1,16,Tripura,05-01-2019 00:00,15122.44415
2570,Dhalai,3,16,Tripura,05-01-2019 00:00,15090.35169
2571,Mokokchung,3,13,Nagaland,05-01-2019 00:00,15018.27391
2572,Mon,1,13,Nagaland,05-01-2019 00:00,15026.11709
2573,Phek,8,13,Nagaland,05-01-2019 00:00,15002.51286
2574,Tuensang,2,13,Nagaland,05-01-2019 00:00,14932.38144
2575,Wokha,5,13,Nagaland,05-01-2019 00:00,15007.46339
2576,Zunheboto,4,13,Nagaland,05-01-2019 00:00,14908.03539
2577,Dimapur,6,13,Nagaland,05-01-2019 00:00,15100.18263
2578,Kohima,7,13,Nagaland,05-01-2019 00:00,14961.94679
2579,Purbi Singhbhum,18,20,Jharkhand,05-01-2019 00:00,15375.62449
2580,Lohardaga,15,20,Jharkhand,05-01-2019 00:00,15663.46746
2581,Pakaur,10,20,Jharkhand,05-01-2019 00:00,15414.52522
2582,Pashchimi Singhbhum,17,20,Jharkhand,05-01-2019 00:00,15464.4052
2583,Ranchi,14,20,Jharkhand,05-01-2019 00:00,15629.64875
2584,Sahibganj,9,20,Jharkhand,05-01-2019 00:00,15421.33146
2585,Garhwa,1,20,Jharkhand,05-01-2019 00:00,15956.79526
2586,Palamu,2,20,Jharkhand,05-01-2019 00:00,15895.95422
2587,Chatra,3,20,Jharkhand,05-01-2019 00:00,15894.34644
2588,Hazaribagh,4,20,Jharkhand,05-01-2019 00:00,15751.75094
2589,Kodarma,5,20,Jharkhand,05-01-2019 00:00,15848.30215
2590,Bokaro,13,20,Jharkhand,05-01-2019 00:00,15590.46432
2591,Deoghar,7,20,Jharkhand,05-01-2019 00:00,15528.99653
2592,Dhanbad,12,20,Jharkhand,05-01-2019 00:00,15514.14427
2593,Dumka,11,20,Jharkhand,05-01-2019 00:00,15453.48388
2594,Giridih,6,20,Jharkhand,05-01-2019 00:00,15777.70564
2595,Godda,8,20,Jharkhand,05-01-2019 00:00,15515.29986
2596,Gumla,16,20,Jharkhand,05-01-2019 00:00,15625.87336
2597,Kodagu,25,29,Karnataka,05-01-2019 00:00,15059.3549
2598,Kolar,19,29,Karnataka,05-01-2019 00:00,15578.15571
2599,Mandya,22,29,Karnataka,05-01-2019 00:00,15361.26582
2600,Koppal,7,29,Karnataka,05-01-2019 00:00,15843.16382
2601,Mysore,26,29,Karnataka,05-01-2019 00:00,15348.43265
2602,Raichur,6,29,Karnataka,05-01-2019 00:00,15926.50401
2603,Hassan,23,29,Karnataka,05-01-2019 00:00,15382.24782
2604,Haveri,11,29,Karnataka,05-01-2019 00:00,15714.27001
2605,Shimoga,15,29,Karnataka,05-01-2019 00:00,15355.18969
2606,Tumkur,18,29,Karnataka,05-01-2019 00:00,15551.86805
2607,Udupi,16,29,Karnataka,05-01-2019 00:00,15335.35955
2608,Uttara Kannada,10,29,Karnataka,05-01-2019 00:00,15274.08148
2609,Bagalkot,2,29,Karnataka,05-01-2019 00:00,15767.36389
2610,Bangalore,20,29,Karnataka,05-01-2019 00:00,15386.73668
2611,Bidar,5,29,Karnataka,05-01-2019 00:00,16156.8891
2612,Bijapur,3,29,Karnataka,05-01-2019 00:00,16005.83001
2613,Belgaum,1,29,Karnataka,05-01-2019 00:00,15730.72518
2614,Bellary,12,29,Karnataka,05-01-2019 00:00,15766.92152
2615,Bangalore Rural,21,29,Karnataka,05-01-2019 00:00,15432.80884
2616,Chamarajanagar,27,29,Karnataka,05-01-2019 00:00,15335.05322
2617,Chikmagalur,17,29,Karnataka,05-01-2019 00:00,15290.47112
2618,Chitradurga,13,29,Karnataka,05-01-2019 00:00,15696.1661
2619,Dakshina Kannada,24,29,Karnataka,05-01-2019 00:00,15256.06279
2620,Davanagere,14,29,Karnataka,05-01-2019 00:00,15561.9598
2621,Dharwad,9,29,Karnataka,05-01-2019 00:00,15791.45622
2622,Gulbarga,4,29,Karnataka,05-01-2019 00:00,16106.84997
2623,Gadag,8,29,Karnataka,05-01-2019 00:00,15893.69913
2624,Jaintia Hills,7,17,Meghalaya,05-01-2019 00:00,14953.42665
2625,Ri Bhoi,5,17,Meghalaya,05-01-2019 00:00,14999.38054
2626,South Garo Hills,3,17,Meghalaya,05-01-2019 00:00,14992.78915
2627,West Garo Hills,1,17,Meghalaya,05-01-2019 00:00,15007.19574
2628,West Khasi Hills,4,17,Meghalaya,05-01-2019 00:00,14930.34432
2629,East Garo Hills,2,17,Meghalaya,05-01-2019 00:00,14995.00247
2630,East Khasi Hills,6,17,Meghalaya,05-01-2019 00:00,14903.90539
2631,Jaipur,12,8,Rajasthan,05-01-2019 00:00,15942.8596
2632,Jaisalmer,16,8,Rajasthan,05-01-2019 00:00,16209.51893
2633,Jalor,18,8,Rajasthan,05-01-2019 00:00,16000.02319
2634,Jhalawar,32,8,Rajasthan,05-01-2019 00:00,16071.96831
2635,Jhunjhunun,5,8,Rajasthan,05-01-2019 00:00,15970.34608
2636,Jodhpur,15,8,Rajasthan,05-01-2019 00:00,16039.61474
2637,Kota,30,8,Rajasthan,05-01-2019 00:00,15959.04932
2638,Nagaur,14,8,Rajasthan,05-01-2019 00:00,15993.30765
2639,Pali,20,8,Rajasthan,05-01-2019 00:00,16005.61423
2640,Rajsamand,25,8,Rajasthan,05-01-2019 00:00,15875.9813
2641,Sawai Madhopur,10,8,Rajasthan,05-01-2019 00:00,15973.71117
2642,Sirohi,19,8,Rajasthan,05-01-2019 00:00,15937.93543
2643,Tonk,22,8,Rajasthan,05-01-2019 00:00,16003.6448
2644,Sikar,13,8,Rajasthan,05-01-2019 00:00,15935.69022
2645,Alwar,6,8,Rajasthan,05-01-2019 00:00,15886.41218
2646,Udaipur,26,8,Rajasthan,05-01-2019 00:00,15903.98565
2647,Ganganagar,1,8,Rajasthan,05-01-2019 00:00,15935.53055
2648,Hanumangarh,2,8,Rajasthan,05-01-2019 00:00,15945.53088
2649,Baran,31,8,Rajasthan,05-01-2019 00:00,16005.91249
2650,Ajmer,21,8,Rajasthan,05-01-2019 00:00,15980.11234
2651,Banswara,28,8,Rajasthan,05-01-2019 00:00,16011.66931
2652,Barmer,17,8,Rajasthan,05-01-2019 00:00,16067.79661
2653,Bhilwara,24,8,Rajasthan,05-01-2019 00:00,15994.18442
2654,Bikaner,3,8,Rajasthan,05-01-2019 00:00,16147.54104
2655,Bharatpur,7,8,Rajasthan,05-01-2019 00:00,16000.11012
2656,Bundi,23,8,Rajasthan,05-01-2019 00:00,15957.03418
2657,Chittaurgarh,29,8,Rajasthan,05-01-2019 00:00,15985.64845
2658,Churu,4,8,Rajasthan,05-01-2019 00:00,16076.90742
2659,Dausa,11,8,Rajasthan,05-01-2019 00:00,15998.03351
2660,Dhaulpur,8,8,Rajasthan,05-01-2019 00:00,16025.65802
2661,Dungarpur,27,8,Rajasthan,05-01-2019 00:00,15989.66061
2662,Karauli,9,8,Rajasthan,05-01-2019 00:00,15979.62241
2663,Pondicherry,2,34,Puducherry,05-01-2019 00:00,15456.30486
2664,Yanam,1,34,Puducherry,05-01-2019 00:00,15443.53636
2665,Karaikal,4,34,Puducherry,05-01-2019 00:00,15579.32014
2666,Mahe,3,34,Puducherry,05-01-2019 00:00,15233.18575
2667,Kanniyakumari,30,33,Tamil Nadu,05-01-2019 00:00,15188.44098
2668,Karur,14,33,Tamil Nadu,05-01-2019 00:00,15790.39171
2669,Madurai,24,33,Tamil Nadu,05-01-2019 00:00,15724.94454
2670,Namakkal,9,33,Tamil Nadu,05-01-2019 00:00,15549.274
2671,The Nilgiris,11,33,Tamil Nadu,05-01-2019 00:00,15018.56645
2672,Perambalur,16,33,Tamil Nadu,05-01-2019 00:00,15824.91215
2673,Pudukkottai,22,33,Tamil Nadu,05-01-2019 00:00,15787.41021
2674,Ramanathapuram,27,33,Tamil Nadu,05-01-2019 00:00,15809.51422
2675,Salem,8,33,Tamil Nadu,05-01-2019 00:00,15496.72476
2676,Sivaganga,23,33,Tamil Nadu,05-01-2019 00:00,15782.05421
2677,Tiruchirappalli,15,33,Tamil Nadu,05-01-2019 00:00,15721.04106
2678,Tirunelveli,29,33,Tamil Nadu,05-01-2019 00:00,15621.47209
2679,Tiruvannamalai,6,33,Tamil Nadu,05-01-2019 00:00,15724.47522
2680,Thoothukkudi,28,33,Tamil Nadu,05-01-2019 00:00,15842.06715
2681,Theni,25,33,Tamil Nadu,05-01-2019 00:00,15435.82543
2682,Vellore,4,33,Tamil Nadu,05-01-2019 00:00,15635.63442
2683,Viluppuram,7,33,Tamil Nadu,05-01-2019 00:00,15698.38711
2684,Virudhunagar,26,33,Tamil Nadu,05-01-2019 00:00,15783.11224
2685,Chennai,2,33,Tamil Nadu,05-01-2019 00:00,15507.87898
2686,Kancheepuram,3,33,Tamil Nadu,05-01-2019 00:00,15738.09502
2687,Thiruvallur,1,33,Tamil Nadu,05-01-2019 00:00,15722.93891
2688,Thanjavur,21,33,Tamil Nadu,05-01-2019 00:00,15574.70607
2689,Thiruvarur,20,33,Tamil Nadu,05-01-2019 00:00,15574.10501
2690,Nagapattinam,19,33,Tamil Nadu,05-01-2019 00:00,15568.29776
2691,Ariyalur,17,33,Tamil Nadu,05-01-2019 00:00,15713.69775
2692,Coimbatore,12,33,Tamil Nadu,05-01-2019 00:00,15441.43387
2693,Cuddalore,18,33,Tamil Nadu,05-01-2019 00:00,15609.6308
2694,Dharmapuri,5,33,Tamil Nadu,05-01-2019 00:00,15498.99358
2695,Dindigul,13,33,Tamil Nadu,05-01-2019 00:00,15522.28052
2696,Erode,10,33,Tamil Nadu,05-01-2019 00:00,15493.89157
2697,Daman,2,25,Daman & Diu,05-01-2019 00:00,15565.2091
2698,Diu,1,25,Daman & Diu,05-01-2019 00:00,15440.52706
2699,Jalgaon,3,27,Maharashtra,05-01-2019 00:00,16155.64681
2700,Jalna,18,27,Maharashtra,05-01-2019 00:00,16217.66298
2701,Kolhapur,34,27,Maharashtra,05-01-2019 00:00,15612.02577
2702,Latur,28,27,Maharashtra,05-01-2019 00:00,16135.47365
2703,Pune,25,27,Maharashtra,05-01-2019 00:00,15916.1109
2704,Nagpur,9,27,Maharashtra,05-01-2019 00:00,16198.75868
2705,Mumbai,23,27,Maharashtra,05-01-2019 00:00,15472.28698
2706,Mumbai (Suburban),22,27,Maharashtra,05-01-2019 00:00,15499.58353
2707,Nanded,15,27,Maharashtra,05-01-2019 00:00,16188.08554
2708,Nandurbar,1,27,Maharashtra,05-01-2019 00:00,16011.66685
2709,Nashik,20,27,Maharashtra,05-01-2019 00:00,16077.14089
2710,Osmanabad,29,27,Maharashtra,05-01-2019 00:00,16153.32326
2711,Parbhani,17,27,Maharashtra,05-01-2019 00:00,16187.69869
2712,Sangli,35,27,Maharashtra,05-01-2019 00:00,15923.35918
2713,Satara,31,27,Maharashtra,05-01-2019 00:00,15897.49102
2714,Hingoli,16,27,Maharashtra,05-01-2019 00:00,16228.81974
2715,Ratnagiri,32,27,Maharashtra,05-01-2019 00:00,15574.05689
2716,Raigarh,24,27,Maharashtra,05-01-2019 00:00,15724.29335
2717,Thane,21,27,Maharashtra,05-01-2019 00:00,15871.13592
2718,Solapur,30,27,Maharashtra,05-01-2019 00:00,16048.00779
2719,Sindhudurg,33,27,Maharashtra,05-01-2019 00:00,15506.72991
2720,Wardha,8,27,Maharashtra,05-01-2019 00:00,16306.28655
2721,Washim,6,27,Maharashtra,05-01-2019 00:00,16214.72951
2722,Yavatmal,14,27,Maharashtra,05-01-2019 00:00,16269.24425
2723,Aurangabad,19,27,Maharashtra,05-01-2019 00:00,16157.11309
2724,Ahmadnagar,26,27,Maharashtra,05-01-2019 00:00,16105.60544
2725,Akola,5,27,Maharashtra,05-01-2019 00:00,16236.2645
2726,Amravati,7,27,Maharashtra,05-01-2019 00:00,16221.96824
2727,Bid,27,27,Maharashtra,05-01-2019 00:00,16132.2713
2728,Bhandara,10,27,Maharashtra,05-01-2019 00:00,15990.28944
2729,Buldana,4,27,Maharashtra,05-01-2019 00:00,16187.19988
2730,Chandrapur,13,27,Maharashtra,05-01-2019 00:00,16063.50951
2731,Dhule,2,27,Maharashtra,05-01-2019 00:00,16143.24174
2732,Gadchiroli,12,27,Maharashtra,05-01-2019 00:00,15763.79252
2733,Gondiya,11,27,Maharashtra,05-01-2019 00:00,15874.71481
2734,Nainital,11,5,Uttarakhand,05-01-2019 00:00,15467.04681
2735,Pithoragarh,7,5,Uttarakhand,05-01-2019 00:00,14492.85475
2736,Hardwar,13,5,Uttarakhand,05-01-2019 00:00,15593.79955
2737,Rudraprayag,3,5,Uttarakhand,05-01-2019 00:00,14747.35155
2738,Tehri Garhwal,4,5,Uttarakhand,05-01-2019 00:00,15105.5956
2739,Udham Singh Nagar,12,5,Uttarakhand,05-01-2019 00:00,15622.22034
2740,Uttarkashi,1,5,Uttarakhand,05-01-2019 00:00,14426.98908
2741,Bageshwar,8,5,Uttarakhand,05-01-2019 00:00,14898.38691
2742,Almora,9,5,Uttarakhand,05-01-2019 00:00,15388.49697
2743,Chamoli,2,5,Uttarakhand,05-01-2019 00:00,14404.53483
2744,Champawat,10,5,Uttarakhand,05-01-2019 00:00,15318.40692
2745,Dehradun,5,5,Uttarakhand,05-01-2019 00:00,15386.21468
2746,Garhwal,6,5,Uttarakhand,05-01-2019 00:00,15397.04952
2747,Jalpaiguri,2,19,West Bengal,05-01-2019 00:00,15096.49403
2748,Koch Bihar,3,19,West Bengal,05-01-2019 00:00,15046.53327
2749,Murshidabad,7,19,West Bengal,05-01-2019 00:00,15254.43904
2750,Puruliya,14,19,West Bengal,05-01-2019 00:00,15482.92745
2751,Kolkata,17,19,West Bengal,05-01-2019 00:00,15425.53977
2752,Maldah,6,19,West Bengal,05-01-2019 00:00,15235.29036
2753,Nadia,10,19,West Bengal,05-01-2019 00:00,15211.99484
2754,North Twenty Four Parganas,11,19,West Bengal,05-01-2019 00:00,15174.85045
2755,Medinipur,15,19,West Bengal,05-01-2019 00:00,15289.93342
2756,Hugli,12,19,West Bengal,05-01-2019 00:00,15243.63012
2757,South  Twenty Four Parganas,18,19,West Bengal,05-01-2019 00:00,15215.55622
2758,Uttar Dinajpur,4,19,West Bengal,05-01-2019 00:00,15192.58609
2759,Barddhaman,9,19,West Bengal,05-01-2019 00:00,15338.29539
2760,Birbhum,8,19,West Bengal,05-01-2019 00:00,15345.48571
2761,Bankura,13,19,West Bengal,05-01-2019 00:00,15354.28868
2762,Dakshin Dinajpur,5,19,West Bengal,05-01-2019 00:00,15196.76768
2763,Darjiling,1,19,West Bengal,05-01-2019 00:00,14938.54871
2764,Haora,16,19,West Bengal,05-01-2019 00:00,15255.33165
2765,Jashpur,3,22,Chhattisgarh,05-01-2019 00:00,15756.22305
2766,Koriya,1,22,Chhattisgarh,05-01-2019 00:00,15851.6421
2767,Mahasamund,12,22,Chhattisgarh,05-01-2019 00:00,15861.86963
2768,Raigarh,4,22,Chhattisgarh,05-01-2019 00:00,15823.8954
2769,Raipur,11,22,Chhattisgarh,05-01-2019 00:00,15862.8563
2770,Rajnandgaon,9,22,Chhattisgarh,05-01-2019 00:00,15952.97074
2771,Surguja,2,22,Chhattisgarh,05-01-2019 00:00,15829.22902
2772,Bilaspur,7,22,Chhattisgarh,05-01-2019 00:00,15922.19002
2773,Janjgir - Champa,6,22,Chhattisgarh,05-01-2019 00:00,15841.52981
2774,Korba,5,22,Chhattisgarh,05-01-2019 00:00,15789.33729
2775,Kawardha,8,22,Chhattisgarh,05-01-2019 00:00,16024.12779
2776,Bastar,15,22,Chhattisgarh,05-01-2019 00:00,15603.6156
2777,Dantewada,16,22,Chhattisgarh,05-01-2019 00:00,15604.5421
2778,Dhamtari,13,22,Chhattisgarh,05-01-2019 00:00,15688.08448
2779,Durg,10,22,Chhattisgarh,05-01-2019 00:00,15982.72264
2780,Kanker,14,22,Chhattisgarh,05-01-2019 00:00,15705.36404
2781,Central,6,7,Delhi  & NCR,05-01-2019 00:00,15575.63398
2782,East,4,7,Delhi  & NCR,05-01-2019 00:00,15558.89281
2783,New Delhi,5,7,Delhi  & NCR,05-01-2019 00:00,15512.58104
2784,North,2,7,Delhi  & NCR,05-01-2019 00:00,15564.50836
2785,North East,3,7,Delhi  & NCR,05-01-2019 00:00,15599.7241
2786,North West,1,7,Delhi  & NCR,05-01-2019 00:00,15676.69893
2787,South,9,7,Delhi  & NCR,05-01-2019 00:00,15609.83215
2788,South West,8,7,Delhi  & NCR,05-01-2019 00:00,15673.73225
2789,West,7,7,Delhi  & NCR,05-01-2019 00:00,15607.64702
2790,Jalaun,35,9,Uttar Pradesh,05-01-2019 00:00,15960.0052
2791,Jaunpur,64,9,Uttar Pradesh,05-01-2019 00:00,15881.293
2792,Jhansi,36,9,Uttar Pradesh,05-01-2019 00:00,16042.93387
2793,Jyotiba Phule Nagar,6,9,Uttar Pradesh,05-01-2019 00:00,15578.5714
2794,Kannauj,30,9,Uttar Pradesh,05-01-2019 00:00,15699.30859
2795,Kanpur Nagar,34,9,Uttar Pradesh,05-01-2019 00:00,15807.89651
2796,Kaushambi,44,9,Uttar Pradesh,05-01-2019 00:00,15825.91305
2797,Kheri,23,9,Uttar Pradesh,05-01-2019 00:00,15629.99659
2798,Mirzapur,69,9,Uttar Pradesh,05-01-2019 00:00,15997.42278
2799,Moradabad,4,9,Uttar Pradesh,05-01-2019 00:00,15603.76715
2800,Muzaffarnagar,2,9,Uttar Pradesh,05-01-2019 00:00,15564.86691
2801,Rae Bareli,28,9,Uttar Pradesh,05-01-2019 00:00,15785.75086
2802,Kushinagar,59,9,Uttar Pradesh,05-01-2019 00:00,15566.95894
2803,Lucknow,27,9,Uttar Pradesh,05-01-2019 00:00,15678.99936
2804,Lalitpur,37,9,Uttar Pradesh,05-01-2019 00:00,16043.44295
2805,Mahrajganj,57,9,Uttar Pradesh,05-01-2019 00:00,15648.24527
2806,Mahoba,39,9,Uttar Pradesh,05-01-2019 00:00,16055.40011
2807,Mainpuri,18,9,Uttar Pradesh,05-01-2019 00:00,15761.03778
2808,Mathura,14,9,Uttar Pradesh,05-01-2019 00:00,15846.29612
2809,Mau,62,9,Uttar Pradesh,05-01-2019 00:00,15874.17298
2810,Meerut,7,9,Uttar Pradesh,05-01-2019 00:00,15562.66481
2811,Pilibhit,21,9,Uttar Pradesh,05-01-2019 00:00,15657.53636
2812,Pratapgarh,43,9,Uttar Pradesh,05-01-2019 00:00,15793.38123
2813,Rampur,5,9,Uttar Pradesh,05-01-2019 00:00,15585.25178
2814,Sant Ravidas Nagar Bhadohi,68,9,Uttar Pradesh,05-01-2019 00:00,15896.1115
2815,Sant Kabir Nagar,56,9,Uttar Pradesh,05-01-2019 00:00,15850.95035
2816,Shahjahanpur,22,9,Uttar Pradesh,05-01-2019 00:00,15731.20188
2817,Hathras,13,9,Uttar Pradesh,05-01-2019 00:00,15725.73922
2818,Shrawasti,51,9,Uttar Pradesh,05-01-2019 00:00,15680.83997
2819,Saharanpur,1,9,Uttar Pradesh,05-01-2019 00:00,15591.8413
2820,Sitapur,24,9,Uttar Pradesh,05-01-2019 00:00,15655.74355
2821,Sultanpur,49,9,Uttar Pradesh,05-01-2019 00:00,15785.51219
2822,Sonbhadra,70,9,Uttar Pradesh,05-01-2019 00:00,15951.60406
2823,Siddharthnagar,54,9,Uttar Pradesh,05-01-2019 00:00,15787.61959
2824,Unnao,26,9,Uttar Pradesh,05-01-2019 00:00,15795.86891
2825,Varanasi,67,9,Uttar Pradesh,05-01-2019 00:00,15882.28353
2826,Bulandshahr,11,9,Uttar Pradesh,05-01-2019 00:00,15641.81942
2827,Gautam Buddha Nagar,10,9,Uttar Pradesh,05-01-2019 00:00,15714.69392
2828,Ghaziabad,9,9,Uttar Pradesh,05-01-2019 00:00,15608.40623
2829,Auraiya,32,9,Uttar Pradesh,05-01-2019 00:00,15875.38663
2830,Azamgarh,61,9,Uttar Pradesh,05-01-2019 00:00,15852.74384
2831,Budaun,19,9,Uttar Pradesh,05-01-2019 00:00,15667.2353
2832,Agra,15,9,Uttar Pradesh,05-01-2019 00:00,15905.89331
2833,Aligarh,12,9,Uttar Pradesh,05-01-2019 00:00,15752.91285
2834,Allahabad,45,9,Uttar Pradesh,05-01-2019 00:00,15898.72258
2835,Ambedkar Nagar,48,9,Uttar Pradesh,05-01-2019 00:00,15734.55338
2836,Bareilly,20,9,Uttar Pradesh,05-01-2019 00:00,15680.38064
2837,Bijnor,3,9,Uttar Pradesh,05-01-2019 00:00,15604.65556
2838,Basti,55,9,Uttar Pradesh,05-01-2019 00:00,15768.38746
2839,Baghpat,8,9,Uttar Pradesh,05-01-2019 00:00,15583.09909
2840,Bahraich,50,9,Uttar Pradesh,05-01-2019 00:00,15633.49811
2841,Ballia,63,9,Uttar Pradesh,05-01-2019 00:00,15839.08643
2842,Balrampur,52,9,Uttar Pradesh,05-01-2019 00:00,15621.20956
2843,Banda,40,9,Uttar Pradesh,05-01-2019 00:00,16012.67982
2844,Barabanki,46,9,Uttar Pradesh,05-01-2019 00:00,15561.98953
2845,Chitrakoot,41,9,Uttar Pradesh,05-01-2019 00:00,16004.34416
2846,Chandauli,66,9,Uttar Pradesh,05-01-2019 00:00,15970.39305
2847,Deoria,60,9,Uttar Pradesh,05-01-2019 00:00,15885.07584
2848,Etah,17,9,Uttar Pradesh,05-01-2019 00:00,15746.16424
2849,Kanpur Dehat,33,9,Uttar Pradesh,05-01-2019 00:00,15868.74562
2850,Etawah,31,9,Uttar Pradesh,05-01-2019 00:00,15843.7135
2851,Faizabad,47,9,Uttar Pradesh,05-01-2019 00:00,15691.34799
2852,Ghazipur,65,9,Uttar Pradesh,05-01-2019 00:00,15922.50078
2853,Gonda,53,9,Uttar Pradesh,05-01-2019 00:00,15697.40411
2854,Gorakhpur,58,9,Uttar Pradesh,05-01-2019 00:00,15832.71682
2855,Farrukhabad,29,9,Uttar Pradesh,05-01-2019 00:00,15667.76076
2856,Fatehpur,42,9,Uttar Pradesh,05-01-2019 00:00,15855.64287
2857,Firozabad,16,9,Uttar Pradesh,05-01-2019 00:00,15810.99313
2858,Hamirpur,38,9,Uttar Pradesh,05-01-2019 00:00,16029.23584
2859,Hardoi,25,9,Uttar Pradesh,05-01-2019 00:00,15776.06444
2860,Khammam,10,28,Andhra Pradesh,05-01-2019 00:00,15718.20753
2861,Medak,4,28,Andhra Pradesh,05-01-2019 00:00,16021.24158
2862,Krishna,16,28,Andhra Pradesh,05-01-2019 00:00,15657
2863,Kurnool,21,28,Andhra Pradesh,05-01-2019 00:00,15875.79
2864,Mahbubnagar,7,28,Andhra Pradesh,05-01-2019 00:00,15888.64256
2865,Nalgonda,8,28,Andhra Pradesh,05-01-2019 00:00,15870.18062
2866,Nellore,19,28,Andhra Pradesh,05-01-2019 00:00,15808.93306
2867,Nizamabad,2,28,Andhra Pradesh,05-01-2019 00:00,16016.96602
2868,Prakasam,18,28,Andhra Pradesh,05-01-2019 00:00,15849.32867
2869,Hyderabad,5,28,Andhra Pradesh,05-01-2019 00:00,15673.35555
2870,Rangareddi,6,28,Andhra Pradesh,05-01-2019 00:00,15945.68522
2871,Srikakulam,11,28,Andhra Pradesh,05-01-2019 00:00,15492.48945
2872,West Godavari,15,28,Andhra Pradesh,05-01-2019 00:00,15508.42513
2873,Visakhapatnam,13,28,Andhra Pradesh,05-01-2019 00:00,15422.53356
2874,Vizianagaram,12,28,Andhra Pradesh,05-01-2019 00:00,15581.55313
2875,Warangal,9,28,Andhra Pradesh,05-01-2019 00:00,15840.84129
2876,Anantapur,22,28,Andhra Pradesh,05-01-2019 00:00,15812.04831
2877,Adilabad,1,28,Andhra Pradesh,05-01-2019 00:00,16010.93621
2878,Chittoor,23,28,Andhra Pradesh,05-01-2019 00:00,15691.12958
2879,Cuddapah,20,28,Andhra Pradesh,05-01-2019 00:00,15799.33012
2880,East Godavari,14,28,Andhra Pradesh,05-01-2019 00:00,15451.62338
2881,Karimnagar,3,28,Andhra Pradesh,05-01-2019 00:00,15892.3608
2882,Guntur,17,28,Andhra Pradesh,05-01-2019 00:00,15813.0987
2883,Jabalpur,39,23,Madhya Pradesh,05-01-2019 00:00,16049.81461
2884,Jhabua,24,23,Madhya Pradesh,05-01-2019 00:00,16041.15777
2885,Mandsaur,19,23,Madhya Pradesh,05-01-2019 00:00,16058.21863
2886,Tikamgarh,8,23,Madhya Pradesh,05-01-2019 00:00,16066.05737
2887,Narsimhapur,40,23,Madhya Pradesh,05-01-2019 00:00,15948.09941
2888,Neemuch,18,23,Madhya Pradesh,05-01-2019 00:00,16038.42326
2889,Panna,10,23,Madhya Pradesh,05-01-2019 00:00,16078.06289
2890,Raisen,34,23,Madhya Pradesh,05-01-2019 00:00,16164.05365
2891,Rajgarh,30,23,Madhya Pradesh,05-01-2019 00:00,16136.44702
2892,Satna,13,23,Madhya Pradesh,05-01-2019 00:00,16018.35832
2893,Sehore,33,23,Madhya Pradesh,05-01-2019 00:00,16152.41563
2894,Seoni,44,23,Madhya Pradesh,05-01-2019 00:00,16139.59209
2895,Hoshangabad,37,23,Madhya Pradesh,05-01-2019 00:00,15975.16406
2896,Indore,26,23,Madhya Pradesh,05-01-2019 00:00,16081.79712
2897,Shajapur,22,23,Madhya Pradesh,05-01-2019 00:00,16160.2453
2898,Shivpuri,6,23,Madhya Pradesh,05-01-2019 00:00,16020.78694
2899,Ratlam,20,23,Madhya Pradesh,05-01-2019 00:00,16071.53246
2900,Rewa,14,23,Madhya Pradesh,05-01-2019 00:00,16020.45151
2901,Sagar,11,23,Madhya Pradesh,05-01-2019 00:00,16183.03018
2902,Sidhi,17,23,Madhya Pradesh,05-01-2019 00:00,15972.60662
2903,Ujjain,21,23,Madhya Pradesh,05-01-2019 00:00,16094.45652
2904,Vidisha,31,23,Madhya Pradesh,05-01-2019 00:00,16169.96245
2905,West Nimar,27,23,Madhya Pradesh,05-01-2019 00:00,16159.30534
2906,Morena,2,23,Madhya Pradesh,05-01-2019 00:00,15990.18757
2907,Sheopur,1,23,Madhya Pradesh,05-01-2019 00:00,15960.49486
2908,Dindori,41,23,Madhya Pradesh,05-01-2019 00:00,16037.42309
2909,Mandla,42,23,Madhya Pradesh,05-01-2019 00:00,16055.77195
2910,Shahdol,16,23,Madhya Pradesh,05-01-2019 00:00,15978.30189
2911,Umaria,15,23,Madhya Pradesh,05-01-2019 00:00,15982.43059
2912,Bhind,3,23,Madhya Pradesh,05-01-2019 00:00,16039.7316
2913,Bhopal,32,23,Madhya Pradesh,05-01-2019 00:00,16115.92426
2914,Barwani,28,23,Madhya Pradesh,05-01-2019 00:00,16132.50712
2915,Betul,35,23,Madhya Pradesh,05-01-2019 00:00,16107.39308
2916,Balaghat,45,23,Madhya Pradesh,05-01-2019 00:00,15875.04348
2917,Chhatarpur,9,23,Madhya Pradesh,05-01-2019 00:00,16052.81378
2918,Chhindwara,43,23,Madhya Pradesh,05-01-2019 00:00,16123.38258
2919,Dewas,23,23,Madhya Pradesh,05-01-2019 00:00,16173.58213
2920,Katni,38,23,Madhya Pradesh,05-01-2019 00:00,16000.18364
2921,Datia,5,23,Madhya Pradesh,05-01-2019 00:00,16000.28303
2922,Damoh,12,23,Madhya Pradesh,05-01-2019 00:00,16142.24628
2923,Dhar,25,23,Madhya Pradesh,05-01-2019 00:00,16090.41938
2924,East Nimar,29,23,Madhya Pradesh,05-01-2019 00:00,16112.41257
2925,Guna,7,23,Madhya Pradesh,05-01-2019 00:00,16093.98445
2926,Gwalior,4,23,Madhya Pradesh,05-01-2019 00:00,16012.29547
2927,Harda,36,23,Madhya Pradesh,05-01-2019 00:00,16037.61213
2928,Kangra,2,2,Himachal Pradesh,05-01-2019 00:00,15174.44538
2929,Kinnaur,12,2,Himachal Pradesh,05-01-2019 00:00,14207.58005
2930,Lahul & Spiti,3,2,Himachal Pradesh,05-01-2019 00:00,13989.49912
2931,Kullu,4,2,Himachal Pradesh,05-01-2019 00:00,14386.41053
2932,Mandi,5,2,Himachal Pradesh,05-01-2019 00:00,15194.11084
2933,Shimla,11,2,Himachal Pradesh,05-01-2019 00:00,14846.46385
2934,Sirmaur,10,2,Himachal Pradesh,05-01-2019 00:00,15372.91015
2935,Solan,9,2,Himachal Pradesh,05-01-2019 00:00,15505.50667
2936,Una,7,2,Himachal Pradesh,05-01-2019 00:00,15585.06358
2937,Bilaspur,8,2,Himachal Pradesh,05-01-2019 00:00,15501.78426
2938,Chamba,1,2,Himachal Pradesh,05-01-2019 00:00,14588.84908
2939,Hamirpur,6,2,Himachal Pradesh,05-01-2019 00:00,15489.64498
2940,Jammu,13,1,Jammu and Kashmir,05-01-2019 00:00,15722.39349
2941,Kargil,8,1,Jammu and Kashmir,05-01-2019 00:00,14257.17296
2942,Kathua,14,1,Jammu and Kashmir,05-01-2019 00:00,15440.37253
2943,Leh (Ladakh),7,1,Jammu and Kashmir,05-01-2019 00:00,14417.03448
2944,Kupwara,1,1,Jammu and Kashmir,05-01-2019 00:00,14607.15267
2945,Punch,11,1,Jammu and Kashmir,05-01-2019 00:00,14985.68695
2946,Pulwama,5,1,Jammu and Kashmir,05-01-2019 00:00,14762.62453
2947,Rajauri,12,1,Jammu and Kashmir,05-01-2019 00:00,15289.822
2948,Srinagar,3,1,Jammu and Kashmir,05-01-2019 00:00,14367.89037
2949,Udhampur,10,1,Jammu and Kashmir,05-01-2019 00:00,15106.3771
2950,Anantnag,6,1,Jammu and Kashmir,05-01-2019 00:00,14401.43176
2951,Badgam,4,1,Jammu and Kashmir,05-01-2019 00:00,14609.32722
2952,Baramula,2,1,Jammu and Kashmir,05-01-2019 00:00,14465.86957
2953,Data Not Available,99,99,Jammu and Kashmir,05-01-2019 00:00,14241.67779
2954,Doda,9,1,Jammu and Kashmir,05-01-2019 00:00,14301.70995
2955,Lohit,11,12,Arunanchal Pradesh,05-01-2019 00:00,14612.55524
2956,Lower Subansiri,5,12,Arunanchal Pradesh,05-01-2019 00:00,14452.82169
2957,Papum Pare,4,12,Arunanchal Pradesh,05-01-2019 00:00,14588.77225
2958,Tawang,1,12,Arunanchal Pradesh,05-01-2019 00:00,14163.63277
2959,Tirap,13,12,Arunanchal Pradesh,05-01-2019 00:00,14988.86638
2960,West Kameng,2,12,Arunanchal Pradesh,05-01-2019 00:00,14535.90782
2961,West Siang,7,12,Arunanchal Pradesh,05-01-2019 00:00,14789.41287
2962,Upper Siang,9,12,Arunanchal Pradesh,05-01-2019 00:00,14549.94684
2963,Upper Subansiri,6,12,Arunanchal Pradesh,05-01-2019 00:00,14348.29325
2964,Changlang,12,12,Arunanchal Pradesh,05-01-2019 00:00,14909.25683
2965,Dibang Valley,10,12,Arunanchal Pradesh,05-01-2019 00:00,14465.44274
2966,East Kameng,3,12,Arunanchal Pradesh,05-01-2019 00:00,14500.54353
2967,East Siang,8,12,Arunanchal Pradesh,05-01-2019 00:00,14980.33407
2968,Nicobars,2,35,Andaman & Nicobar Island,05-01-2019 00:00,14960.16093
2969,Andamans,1,35,Andaman & Nicobar Island,05-01-2019 00:00,15064.67154
2970,Lakshadweep,1,31,Lakshadweep,06-01-2019 00:00,14929.92048
2971,Chandigarh,1,4,Chandigarh,06-01-2019 00:00,15694.95398
2972,Dadra & Nagar Haveli,1,26,Dadara & Nagar Havelli,06-01-2019 00:00,15665.2905
2973,North Goa,1,30,Goa,06-01-2019 00:00,15149.50361
2974,South Goa,2,30,Goa,06-01-2019 00:00,15134.70912
2975,Jorhat,17,18,Assam,06-01-2019 00:00,15170.23402
2976,Karimganj,22,18,Assam,06-01-2019 00:00,15159.1264
2977,Kokrajhar,1,18,Assam,06-01-2019 00:00,15204.89069
2978,Lakhimpur,12,18,Assam,06-01-2019 00:00,15202.64245
2979,Nagaon,10,18,Assam,06-01-2019 00:00,15208.71046
2980,Marigaon,9,18,Assam,06-01-2019 00:00,15165.59408
2981,Nalbari,7,18,Assam,06-01-2019 00:00,15158.62039
2982,North Cachar Hills,20,18,Assam,06-01-2019 00:00,15050.85682
2983,Sonitpur,11,18,Assam,06-01-2019 00:00,15153.12718
2984,Sibsagar,16,18,Assam,06-01-2019 00:00,15266.61692
2985,Tinsukia,14,18,Assam,06-01-2019 00:00,15199.72835
2986,Barpeta,5,18,Assam,06-01-2019 00:00,15087.62258
2987,Bongaigaon,4,18,Assam,06-01-2019 00:00,15197.93892
2988,Cachar,21,18,Assam,06-01-2019 00:00,15165.03865
2989,Darrang,8,18,Assam,06-01-2019 00:00,15204.67453
2990,Dhemaji,13,18,Assam,06-01-2019 00:00,15184.99992
2991,Dhubri,2,18,Assam,06-01-2019 00:00,15115.15379
2992,Dibrugarh,15,18,Assam,06-01-2019 00:00,15132.54321
2993,Kamrup,6,18,Assam,06-01-2019 00:00,15145.02288
2994,Karbi Anglong,19,18,Assam,06-01-2019 00:00,15106.43835
2995,Goalpara,3,18,Assam,06-01-2019 00:00,15178.56876
2996,Golaghat,18,18,Assam,06-01-2019 00:00,15189.08157
2997,Hailakandi,23,18,Assam,06-01-2019 00:00,15176.21426
2998,Jamui,37,10,Bihar,06-01-2019 00:00,15590.35014
2999,Kishanganj,8,10,Bihar,06-01-2019 00:00,15225.41971
3000,Muzaffarpur,14,10,Bihar,06-01-2019 00:00,15529.56718
3001,Purnia,9,10,Bihar,06-01-2019 00:00,15255.67507
3002,Khagaria,21,10,Bihar,06-01-2019 00:00,15421.71797
3003,Madhubani,5,10,Bihar,06-01-2019 00:00,15301.40919
3004,Lakhisarai,25,10,Bihar,06-01-2019 00:00,15626.36883
3005,Madhepura,11,10,Bihar,06-01-2019 00:00,15234.33652
3006,Purba Champaran,2,10,Bihar,06-01-2019 00:00,15431.83852
3007,Munger,24,10,Bihar,06-01-2019 00:00,15521.50849
3008,Nalanda,27,10,Bihar,06-01-2019 00:00,15600.63969
3009,Nawada,36,10,Bihar,06-01-2019 00:00,15688.72302
3010,Pashchim Champaran,1,10,Bihar,06-01-2019 00:00,15353.49399
3011,Patna,28,10,Bihar,06-01-2019 00:00,15601.71303
3012,Samastipur,19,10,Bihar,06-01-2019 00:00,15469.55425
3013,Sheikhpura,26,10,Bihar,06-01-2019 00:00,15663.75125
3014,Sheohar,3,10,Bihar,06-01-2019 00:00,15422.56911
3015,Saharsa,12,10,Bihar,06-01-2019 00:00,15232.97381
3016,Sitamarhi,4,10,Bihar,06-01-2019 00:00,15391.49374
3017,Siwan,16,10,Bihar,06-01-2019 00:00,15664.17057
3018,Supaul,6,10,Bihar,06-01-2019 00:00,15155.23385
3019,Vaishali,18,10,Bihar,06-01-2019 00:00,15536.46218
3020,Kaimur (Bhabua),31,10,Bihar,06-01-2019 00:00,15858.05144
3021,Gaya,35,10,Bihar,06-01-2019 00:00,15769.52443
3022,Bhojpur,29,10,Bihar,06-01-2019 00:00,15811.86324
3023,Buxar,30,10,Bihar,06-01-2019 00:00,15816.26248
3024,Jehanabad,33,10,Bihar,06-01-2019 00:00,15755.26389
3025,Rohtas,32,10,Bihar,06-01-2019 00:00,15853.56789
3026,Araria,7,10,Bihar,06-01-2019 00:00,15257.73017
3027,Aurangabad,34,10,Bihar,06-01-2019 00:00,15871.30118
3028,Banka,23,10,Bihar,06-01-2019 00:00,15534.65464
3029,Bhagalpur,22,10,Bihar,06-01-2019 00:00,15391.9034
3030,Begusarai,20,10,Bihar,06-01-2019 00:00,15532.0199
3031,Saran,17,10,Bihar,06-01-2019 00:00,15585.62942
3032,Katihar,10,10,Bihar,06-01-2019 00:00,15237.46682
3033,Darbhanga,13,10,Bihar,06-01-2019 00:00,15364.3653
3034,Gopalganj,15,10,Bihar,06-01-2019 00:00,15542.7361
3035,Kollam,13,32,Kerala,06-01-2019 00:00,14979.25282
3036,Kottayam,10,32,Kerala,06-01-2019 00:00,15047.68122
3037,Kozhikode,4,32,Kerala,06-01-2019 00:00,15019.79116
3038,Malappuram,5,32,Kerala,06-01-2019 00:00,15054.80956
3039,Palakkad,6,32,Kerala,06-01-2019 00:00,15080.01578
3040,Pathanamthitta,12,32,Kerala,06-01-2019 00:00,14978.58537
3041,Idukki,9,32,Kerala,06-01-2019 00:00,14908.96851
3042,Thrissur,7,32,Kerala,06-01-2019 00:00,14990.14607
3043,Thiruvananthapuram,14,32,Kerala,06-01-2019 00:00,14968.68004
3044,Wayanad,3,32,Kerala,06-01-2019 00:00,14975.41028
3045,Alappuzha,11,32,Kerala,06-01-2019 00:00,15010.15906
3046,Kasaragod,1,32,Kerala,06-01-2019 00:00,15135.13255
3047,Kannur,2,32,Kerala,06-01-2019 00:00,15102.84576
3048,Ernakulam,8,32,Kerala,06-01-2019 00:00,15053.49668
3049,Jajapur,13,21,Orissa,06-01-2019 00:00,15323.95862
3050,Jagatsinghapur,11,21,Orissa,06-01-2019 00:00,15397.65087
3051,Jharsuguda,2,21,Orissa,06-01-2019 00:00,15516.95275
3052,Khordha,17,21,Orissa,06-01-2019 00:00,15436.29264
3053,Mayurbhanj,7,21,Orissa,06-01-2019 00:00,15214.23502
3054,Puri,18,21,Orissa,06-01-2019 00:00,15359.32887
3055,Koraput,29,21,Orissa,06-01-2019 00:00,15312.66772
3056,Malkangiri,30,21,Orissa,06-01-2019 00:00,15484.90809
3057,Nabarangapur,28,21,Orissa,06-01-2019 00:00,15406.56529
3058,Nayagarh,16,21,Orissa,06-01-2019 00:00,15405.01764
3059,Nuapada,25,21,Orissa,06-01-2019 00:00,15531.84032
3060,Kandhamal,21,21,Orissa,06-01-2019 00:00,15257.81532
3061,Sambalpur,3,21,Orissa,06-01-2019 00:00,15469.62193
3062,Rayagada,27,21,Orissa,06-01-2019 00:00,15333.54932
3063,Sundargarh,5,21,Orissa,06-01-2019 00:00,15500.41413
3064,Sonapur,23,21,Orissa,06-01-2019 00:00,15504.19158
3065,Anugul,15,21,Orissa,06-01-2019 00:00,15369.82713
3066,Bhadrak,9,21,Orissa,06-01-2019 00:00,15392.22948
3067,Baudh,22,21,Orissa,06-01-2019 00:00,15456.77098
3068,Balangir,24,21,Orissa,06-01-2019 00:00,15542.69221
3069,Baleshwar,8,21,Orissa,06-01-2019 00:00,15251.78378
3070,Bargarh,1,21,Orissa,06-01-2019 00:00,15578.44286
3071,Kendrapara,10,21,Orissa,06-01-2019 00:00,15350.21045
3072,Kendujhar,6,21,Orissa,06-01-2019 00:00,15303.01175
3073,Debagarh,4,21,Orissa,06-01-2019 00:00,15367.21605
3074,Cuttack,12,21,Orissa,06-01-2019 00:00,15397.75022
3075,Dhenkanal,14,21,Orissa,06-01-2019 00:00,15351.88105
3076,Kalahandi,26,21,Orissa,06-01-2019 00:00,15422.24061
3077,Ganjam,19,21,Orissa,06-01-2019 00:00,15368.24193
3078,Gajapati,20,21,Orissa,06-01-2019 00:00,15268.04222
3079,Jalandhar,4,3,Punjab,06-01-2019 00:00,15647.38309
3080,Kapurthala,3,3,Punjab,06-01-2019 00:00,15629.07515
3081,Ludhiana,9,3,Punjab,06-01-2019 00:00,15680.20242
3082,Mansa,15,3,Punjab,06-01-2019 00:00,15718.56686
3083,Moga,10,3,Punjab,06-01-2019 00:00,15736.43673
3084,Muktsar,12,3,Punjab,06-01-2019 00:00,15770.31339
3085,Nawanshahr,6,3,Punjab,06-01-2019 00:00,15690.92094
3086,Patiala,17,3,Punjab,06-01-2019 00:00,15712.33549
3087,Sangrur,16,3,Punjab,06-01-2019 00:00,15689.00653
3088,Hoshiarpur,5,3,Punjab,06-01-2019 00:00,15621.17443
3089,Rupnagar,7,3,Punjab,06-01-2019 00:00,15695.20388
3090,Amritsar,2,3,Punjab,06-01-2019 00:00,15690.04041
3091,Firozpur,11,3,Punjab,06-01-2019 00:00,15757.06763
3092,Bathinda,14,3,Punjab,06-01-2019 00:00,15745.25759
3093,Gurdaspur,1,3,Punjab,06-01-2019 00:00,15727.67321
3094,Faridkot,13,3,Punjab,06-01-2019 00:00,15765.45459
3095,Fatehgarh Sahib,8,3,Punjab,06-01-2019 00:00,15665.36637
3096,North,1,11,Sikkim,06-01-2019 00:00,14247.25278
3097,South,3,11,Sikkim,06-01-2019 00:00,14768.54442
3098,West,2,11,Sikkim,06-01-2019 00:00,14456.75858
3099,East,4,11,Sikkim,06-01-2019 00:00,14664.31063
3100,Jamnagar,10,24,Gujarat,06-01-2019 00:00,15873.3384
3101,Kheda,16,24,Gujarat,06-01-2019 00:00,15763.99508
3102,Mahesana,4,24,Gujarat,06-01-2019 00:00,15866.33844
3103,Narmada,20,24,Gujarat,06-01-2019 00:00,15707.61126
3104,Navsari,24,24,Gujarat,06-01-2019 00:00,15480.88147
3105,Panch Mahals,17,24,Gujarat,06-01-2019 00:00,15749.75671
3106,Patan,3,24,Gujarat,06-01-2019 00:00,15976.55181
3107,Porbandar,11,24,Gujarat,06-01-2019 00:00,15812.27617
3108,Rajkot,9,24,Gujarat,06-01-2019 00:00,15973.09119
3109,Sabar Kantha,5,24,Gujarat,06-01-2019 00:00,15824.87472
3110,Surendranagar,8,24,Gujarat,06-01-2019 00:00,15999.22276
3111,The Dangs,23,24,Gujarat,06-01-2019 00:00,15662.02507
3112,Vadodara,19,24,Gujarat,06-01-2019 00:00,15740.95621
3113,Valsad,25,24,Gujarat,06-01-2019 00:00,15567.51757
3114,Bharuch,21,24,Gujarat,06-01-2019 00:00,15663.43644
3115,Surat,22,24,Gujarat,06-01-2019 00:00,15551.05735
3116,Anand,15,24,Gujarat,06-01-2019 00:00,15740.57972
3117,Ahmadabad,7,24,Gujarat,06-01-2019 00:00,15973.05058
3118,Amreli,13,24,Gujarat,06-01-2019 00:00,15989.1906
3119,Bhavnagar,14,24,Gujarat,06-01-2019 00:00,16023.73575
3120,Banas Kantha,2,24,Gujarat,06-01-2019 00:00,15818.90918
3121,Dohad,18,24,Gujarat,06-01-2019 00:00,15777.45401
3122,Junagadh,12,24,Gujarat,06-01-2019 00:00,15813.13278
3123,Kachchh,1,24,Gujarat,06-01-2019 00:00,15954.86992
3124,Gandhinagar,6,24,Gujarat,06-01-2019 00:00,15797.04779
3125,Jind,9,6,Haryana,06-01-2019 00:00,15766.18571
3126,Kaithal,5,6,Haryana,06-01-2019 00:00,15662.65248
3127,Karnal,6,6,Haryana,06-01-2019 00:00,15596.19049
3128,Kurukshetra,4,6,Haryana,06-01-2019 00:00,15575.46368
3129,Panchkula,1,6,Haryana,06-01-2019 00:00,15661.81248
3130,Panipat,7,6,Haryana,06-01-2019 00:00,15631.13551
3131,Hisar,12,6,Haryana,06-01-2019 00:00,15859.7352
3132,Rohtak,14,6,Haryana,06-01-2019 00:00,15832.03097
3133,Sirsa,11,6,Haryana,06-01-2019 00:00,15871.79267
3134,Sonipat,8,6,Haryana,06-01-2019 00:00,15747.50392
3135,Yamunanagar,3,6,Haryana,06-01-2019 00:00,15623.32311
3136,Jhajjar,15,6,Haryana,06-01-2019 00:00,15974.94125
3137,Mahendragarh,16,6,Haryana,06-01-2019 00:00,15952.3006
3138,Rewari,17,6,Haryana,06-01-2019 00:00,16023.18119
3139,Bhiwani,13,6,Haryana,06-01-2019 00:00,15945.63849
3140,Ambala,2,6,Haryana,06-01-2019 00:00,15713.52701
3141,Gurgaon,18,6,Haryana,06-01-2019 00:00,15921.80769
3142,Faridabad,19,6,Haryana,06-01-2019 00:00,15755.71183
3143,Fatehabad,10,6,Haryana,06-01-2019 00:00,15813.4167
3144,Imphal East,7,14,Manipur,06-01-2019 00:00,15273.09446
3145,Imphal West,6,14,Manipur,06-01-2019 00:00,15086.92873
3146,Senapati (Excl. 3 sub-divisions),1,14,Manipur,06-01-2019 00:00,15016.06508
3147,Tamenglong,2,14,Manipur,06-01-2019 00:00,15006.42433
3148,Thoubal,5,14,Manipur,06-01-2019 00:00,15210.8853
3149,Ukhrul,8,14,Manipur,06-01-2019 00:00,15049.60848
3150,Bishnupur,4,14,Manipur,06-01-2019 00:00,15127.26539
3151,Chandel,9,14,Manipur,06-01-2019 00:00,15057.99691
3152,Churachandpur,3,14,Manipur,06-01-2019 00:00,15049.96765
3153,Kolasib,2,15,Mizoram,06-01-2019 00:00,15102.49706
3154,Mamit,1,15,Mizoram,06-01-2019 00:00,15074.98595
3155,Lunglei,6,15,Mizoram,06-01-2019 00:00,15040.18276
3156,Lawngtlai,7,15,Mizoram,06-01-2019 00:00,15093.29245
3157,Saiha,8,15,Mizoram,06-01-2019 00:00,15006.05878
3158,Serchhip,5,15,Mizoram,06-01-2019 00:00,15003.21189
3159,Aizawl,3,15,Mizoram,06-01-2019 00:00,15054.36183
3160,Champhai,4,15,Mizoram,06-01-2019 00:00,15010.66192
3161,North Tripura,4,16,Tripura,06-01-2019 00:00,15112.82208
3162,South Tripura,2,16,Tripura,06-01-2019 00:00,15084.2415
3163,West Tripura,1,16,Tripura,06-01-2019 00:00,15116.20738
3164,Dhalai,3,16,Tripura,06-01-2019 00:00,15084.1266
3165,Mokokchung,3,13,Nagaland,06-01-2019 00:00,15094.42958
3166,Mon,1,13,Nagaland,06-01-2019 00:00,15068.36409
3167,Phek,8,13,Nagaland,06-01-2019 00:00,14985.86197
3168,Tuensang,2,13,Nagaland,06-01-2019 00:00,14937.89408
3169,Wokha,5,13,Nagaland,06-01-2019 00:00,15123.39954
3170,Zunheboto,4,13,Nagaland,06-01-2019 00:00,14945.50368
3171,Dimapur,6,13,Nagaland,06-01-2019 00:00,15109.73255
3172,Kohima,7,13,Nagaland,06-01-2019 00:00,15049.027
3173,Purbi Singhbhum,18,20,Jharkhand,06-01-2019 00:00,15332.11275
3174,Lohardaga,15,20,Jharkhand,06-01-2019 00:00,15567.08662
3175,Pakaur,10,20,Jharkhand,06-01-2019 00:00,15400.44883
3176,Pashchimi Singhbhum,17,20,Jharkhand,06-01-2019 00:00,15406.95656
3177,Ranchi,14,20,Jharkhand,06-01-2019 00:00,15497.4028
3178,Sahibganj,9,20,Jharkhand,06-01-2019 00:00,15269.12037
3179,Garhwa,1,20,Jharkhand,06-01-2019 00:00,15767.28471
3180,Palamu,2,20,Jharkhand,06-01-2019 00:00,15746.65552
3181,Chatra,3,20,Jharkhand,06-01-2019 00:00,15780.07466
3182,Hazaribagh,4,20,Jharkhand,06-01-2019 00:00,15631.78164
3183,Kodarma,5,20,Jharkhand,06-01-2019 00:00,15708.41085
3184,Bokaro,13,20,Jharkhand,06-01-2019 00:00,15555.05373
3185,Deoghar,7,20,Jharkhand,06-01-2019 00:00,15510.75545
3186,Dhanbad,12,20,Jharkhand,06-01-2019 00:00,15538.86332
3187,Dumka,11,20,Jharkhand,06-01-2019 00:00,15438.03114
3188,Giridih,6,20,Jharkhand,06-01-2019 00:00,15622.92004
3189,Godda,8,20,Jharkhand,06-01-2019 00:00,15384.86451
3190,Gumla,16,20,Jharkhand,06-01-2019 00:00,15519.60955
3191,Kodagu,25,29,Karnataka,06-01-2019 00:00,14988.53773
3192,Kolar,19,29,Karnataka,06-01-2019 00:00,15422.57991
3193,Mandya,22,29,Karnataka,06-01-2019 00:00,15241.52834
3194,Koppal,7,29,Karnataka,06-01-2019 00:00,15496.82373
3195,Mysore,26,29,Karnataka,06-01-2019 00:00,15177.79875
3196,Raichur,6,29,Karnataka,06-01-2019 00:00,15610.51831
3197,Hassan,23,29,Karnataka,06-01-2019 00:00,15196.86437
3198,Haveri,11,29,Karnataka,06-01-2019 00:00,15428.52814
3199,Shimoga,15,29,Karnataka,06-01-2019 00:00,15200.42087
3200,Tumkur,18,29,Karnataka,06-01-2019 00:00,15367.47096
3201,Udupi,16,29,Karnataka,06-01-2019 00:00,15164.02646
3202,Uttara Kannada,10,29,Karnataka,06-01-2019 00:00,15104.04817
3203,Bagalkot,2,29,Karnataka,06-01-2019 00:00,15442.09224
3204,Bangalore,20,29,Karnataka,06-01-2019 00:00,15234.55882
3205,Bidar,5,29,Karnataka,06-01-2019 00:00,15812.40294
3206,Bijapur,3,29,Karnataka,06-01-2019 00:00,15574.10671
3207,Belgaum,1,29,Karnataka,06-01-2019 00:00,15408.03609
3208,Bellary,12,29,Karnataka,06-01-2019 00:00,15508.73357
3209,Bangalore Rural,21,29,Karnataka,06-01-2019 00:00,15262.13909
3210,Chamarajanagar,27,29,Karnataka,06-01-2019 00:00,15216.19776
3211,Chikmagalur,17,29,Karnataka,06-01-2019 00:00,15134.67328
3212,Chitradurga,13,29,Karnataka,06-01-2019 00:00,15475.68414
3213,Dakshina Kannada,24,29,Karnataka,06-01-2019 00:00,15117.10873
3214,Davanagere,14,29,Karnataka,06-01-2019 00:00,15366.69164
3215,Dharwad,9,29,Karnataka,06-01-2019 00:00,15419.25631
3216,Gulbarga,4,29,Karnataka,06-01-2019 00:00,15701.60748
3217,Gadag,8,29,Karnataka,06-01-2019 00:00,15471.41244
3218,Jaintia Hills,7,17,Meghalaya,06-01-2019 00:00,15014.71289
3219,Ri Bhoi,5,17,Meghalaya,06-01-2019 00:00,15101.53638
3220,South Garo Hills,3,17,Meghalaya,06-01-2019 00:00,15052.57786
3221,West Garo Hills,1,17,Meghalaya,06-01-2019 00:00,15072.01451
3222,West Khasi Hills,4,17,Meghalaya,06-01-2019 00:00,14990.33721
3223,East Garo Hills,2,17,Meghalaya,06-01-2019 00:00,15086.50502
3224,East Khasi Hills,6,17,Meghalaya,06-01-2019 00:00,14951.23501
3225,Jaipur,12,8,Rajasthan,06-01-2019 00:00,15880.39775
3226,Jaisalmer,16,8,Rajasthan,06-01-2019 00:00,16146.93108
3227,Jalor,18,8,Rajasthan,06-01-2019 00:00,15935.42441
3228,Jhalawar,32,8,Rajasthan,06-01-2019 00:00,15985.38942
3229,Jhunjhunun,5,8,Rajasthan,06-01-2019 00:00,15969.37979
3230,Jodhpur,15,8,Rajasthan,06-01-2019 00:00,16064.62707
3231,Kota,30,8,Rajasthan,06-01-2019 00:00,15975.84041
3232,Nagaur,14,8,Rajasthan,06-01-2019 00:00,15955.61856
3233,Pali,20,8,Rajasthan,06-01-2019 00:00,15919.85682
3234,Rajsamand,25,8,Rajasthan,06-01-2019 00:00,15724.76134
3235,Sawai Madhopur,10,8,Rajasthan,06-01-2019 00:00,15936.03725
3236,Sirohi,19,8,Rajasthan,06-01-2019 00:00,15861.3572
3237,Tonk,22,8,Rajasthan,06-01-2019 00:00,15989.62435
3238,Sikar,13,8,Rajasthan,06-01-2019 00:00,15903.57
3239,Alwar,6,8,Rajasthan,06-01-2019 00:00,15919.19131
3240,Udaipur,26,8,Rajasthan,06-01-2019 00:00,15807.50294
3241,Ganganagar,1,8,Rajasthan,06-01-2019 00:00,15948.93923
3242,Hanumangarh,2,8,Rajasthan,06-01-2019 00:00,16040.18597
3243,Baran,31,8,Rajasthan,06-01-2019 00:00,15993.69138
3244,Ajmer,21,8,Rajasthan,06-01-2019 00:00,15901.73606
3245,Banswara,28,8,Rajasthan,06-01-2019 00:00,15839.81432
3246,Barmer,17,8,Rajasthan,06-01-2019 00:00,16028.70215
3247,Bhilwara,24,8,Rajasthan,06-01-2019 00:00,15927.92938
3248,Bikaner,3,8,Rajasthan,06-01-2019 00:00,16153.72589
3249,Bharatpur,7,8,Rajasthan,06-01-2019 00:00,16060.4355
3250,Bundi,23,8,Rajasthan,06-01-2019 00:00,15963.76448
3251,Chittaurgarh,29,8,Rajasthan,06-01-2019 00:00,15883.42239
3252,Churu,4,8,Rajasthan,06-01-2019 00:00,16108.36947
3253,Dausa,11,8,Rajasthan,06-01-2019 00:00,15917.86056
3254,Dhaulpur,8,8,Rajasthan,06-01-2019 00:00,15936.63158
3255,Dungarpur,27,8,Rajasthan,06-01-2019 00:00,15845.70813
3256,Karauli,9,8,Rajasthan,06-01-2019 00:00,15924.13149
3257,Pondicherry,2,34,Puducherry,06-01-2019 00:00,15557.34993
3258,Yanam,1,34,Puducherry,06-01-2019 00:00,15385.26669
3259,Karaikal,4,34,Puducherry,06-01-2019 00:00,15618.58785
3260,Mahe,3,34,Puducherry,06-01-2019 00:00,15084.84782
3261,Kanniyakumari,30,33,Tamil Nadu,06-01-2019 00:00,15082.74488
3262,Karur,14,33,Tamil Nadu,06-01-2019 00:00,15662.05625
3263,Madurai,24,33,Tamil Nadu,06-01-2019 00:00,15562.58131
3264,Namakkal,9,33,Tamil Nadu,06-01-2019 00:00,15531.75809
3265,The Nilgiris,11,33,Tamil Nadu,06-01-2019 00:00,14911.69964
3266,Perambalur,16,33,Tamil Nadu,06-01-2019 00:00,15725.79206
3267,Pudukkottai,22,33,Tamil Nadu,06-01-2019 00:00,15682.96136
3268,Ramanathapuram,27,33,Tamil Nadu,06-01-2019 00:00,15736.52963
3269,Salem,8,33,Tamil Nadu,06-01-2019 00:00,15418.64207
3270,Sivaganga,23,33,Tamil Nadu,06-01-2019 00:00,15647.56114
3271,Tiruchirappalli,15,33,Tamil Nadu,06-01-2019 00:00,15677.46655
3272,Tirunelveli,29,33,Tamil Nadu,06-01-2019 00:00,15542.07558
3273,Tiruvannamalai,6,33,Tamil Nadu,06-01-2019 00:00,15617.49319
3274,Thoothukkudi,28,33,Tamil Nadu,06-01-2019 00:00,15732.49909
3275,Theni,25,33,Tamil Nadu,06-01-2019 00:00,15310.97717
3276,Vellore,4,33,Tamil Nadu,06-01-2019 00:00,15534.41434
3277,Viluppuram,7,33,Tamil Nadu,06-01-2019 00:00,15641.26463
3278,Virudhunagar,26,33,Tamil Nadu,06-01-2019 00:00,15725.07168
3279,Chennai,2,33,Tamil Nadu,06-01-2019 00:00,15581.26457
3280,Kancheepuram,3,33,Tamil Nadu,06-01-2019 00:00,15645.70423
3281,Thiruvallur,1,33,Tamil Nadu,06-01-2019 00:00,15669.22171
3282,Thanjavur,21,33,Tamil Nadu,06-01-2019 00:00,15601.61256
3283,Thiruvarur,20,33,Tamil Nadu,06-01-2019 00:00,15551.65152
3284,Nagapattinam,19,33,Tamil Nadu,06-01-2019 00:00,15562.34862
3285,Ariyalur,17,33,Tamil Nadu,06-01-2019 00:00,15668.44713
3286,Coimbatore,12,33,Tamil Nadu,06-01-2019 00:00,15381.848
3287,Cuddalore,18,33,Tamil Nadu,06-01-2019 00:00,15586.08011
3288,Dharmapuri,5,33,Tamil Nadu,06-01-2019 00:00,15393.5425
3289,Dindigul,13,33,Tamil Nadu,06-01-2019 00:00,15403.45172
3290,Erode,10,33,Tamil Nadu,06-01-2019 00:00,15430.01248
3291,Daman,2,25,Daman & Diu,06-01-2019 00:00,15419.83651
3292,Diu,1,25,Daman & Diu,06-01-2019 00:00,15336.53481
3293,Jalgaon,3,27,Maharashtra,06-01-2019 00:00,15908.79293
3294,Jalna,18,27,Maharashtra,06-01-2019 00:00,15963.57597
3295,Kolhapur,34,27,Maharashtra,06-01-2019 00:00,15327.3154
3296,Latur,28,27,Maharashtra,06-01-2019 00:00,15810.46906
3297,Pune,25,27,Maharashtra,06-01-2019 00:00,15622.08831
3298,Nagpur,9,27,Maharashtra,06-01-2019 00:00,15978.53605
3299,Mumbai,23,27,Maharashtra,06-01-2019 00:00,15329.29406
3300,Mumbai (Suburban),22,27,Maharashtra,06-01-2019 00:00,15313.93288
3301,Nanded,15,27,Maharashtra,06-01-2019 00:00,15903.12505
3302,Nandurbar,1,27,Maharashtra,06-01-2019 00:00,15759.49312
3303,Nashik,20,27,Maharashtra,06-01-2019 00:00,15708.67142
3304,Osmanabad,29,27,Maharashtra,06-01-2019 00:00,15750.37968
3305,Parbhani,17,27,Maharashtra,06-01-2019 00:00,15894.36139
3306,Sangli,35,27,Maharashtra,06-01-2019 00:00,15513.37152
3307,Satara,31,27,Maharashtra,06-01-2019 00:00,15617.00176
3308,Hingoli,16,27,Maharashtra,06-01-2019 00:00,15901.76512
3309,Ratnagiri,32,27,Maharashtra,06-01-2019 00:00,15374.03639
3310,Raigarh,24,27,Maharashtra,06-01-2019 00:00,15459.59815
3311,Thane,21,27,Maharashtra,06-01-2019 00:00,15576.22384
3312,Solapur,30,27,Maharashtra,06-01-2019 00:00,15699.07077
3313,Sindhudurg,33,27,Maharashtra,06-01-2019 00:00,15220.36922
3314,Wardha,8,27,Maharashtra,06-01-2019 00:00,16050.37838
3315,Washim,6,27,Maharashtra,06-01-2019 00:00,15919.25255
3316,Yavatmal,14,27,Maharashtra,06-01-2019 00:00,15973.06432
3317,Aurangabad,19,27,Maharashtra,06-01-2019 00:00,15862.14507
3318,Ahmadnagar,26,27,Maharashtra,06-01-2019 00:00,15788.13501
3319,Akola,5,27,Maharashtra,06-01-2019 00:00,15984.89737
3320,Amravati,7,27,Maharashtra,06-01-2019 00:00,15977.4964
3321,Bid,27,27,Maharashtra,06-01-2019 00:00,15837.96858
3322,Bhandara,10,27,Maharashtra,06-01-2019 00:00,15891.26195
3323,Buldana,4,27,Maharashtra,06-01-2019 00:00,15961.56963
3324,Chandrapur,13,27,Maharashtra,06-01-2019 00:00,15896.11776
3325,Dhule,2,27,Maharashtra,06-01-2019 00:00,15866.77883
3326,Gadchiroli,12,27,Maharashtra,06-01-2019 00:00,15657.6514
3327,Gondiya,11,27,Maharashtra,06-01-2019 00:00,15782.7879
3328,Nainital,11,5,Uttarakhand,06-01-2019 00:00,15306.62793
3329,Pithoragarh,7,5,Uttarakhand,06-01-2019 00:00,14583.2873
3330,Hardwar,13,5,Uttarakhand,06-01-2019 00:00,15448.77966
3331,Rudraprayag,3,5,Uttarakhand,06-01-2019 00:00,14763.37468
3332,Tehri Garhwal,4,5,Uttarakhand,06-01-2019 00:00,15147.92409
3333,Udham Singh Nagar,12,5,Uttarakhand,06-01-2019 00:00,15415.64643
3334,Uttarkashi,1,5,Uttarakhand,06-01-2019 00:00,14604.92692
3335,Bageshwar,8,5,Uttarakhand,06-01-2019 00:00,14902.79282
3336,Almora,9,5,Uttarakhand,06-01-2019 00:00,15332.41493
3337,Chamoli,2,5,Uttarakhand,06-01-2019 00:00,14548.40299
3338,Champawat,10,5,Uttarakhand,06-01-2019 00:00,15205.74137
3339,Dehradun,5,5,Uttarakhand,06-01-2019 00:00,15392.06423
3340,Garhwal,6,5,Uttarakhand,06-01-2019 00:00,15326.24815
3341,Jalpaiguri,2,19,West Bengal,06-01-2019 00:00,15180.47911
3342,Koch Bihar,3,19,West Bengal,06-01-2019 00:00,15149.8221
3343,Murshidabad,7,19,West Bengal,06-01-2019 00:00,15200.50486
3344,Puruliya,14,19,West Bengal,06-01-2019 00:00,15473.93464
3345,Kolkata,17,19,West Bengal,06-01-2019 00:00,15330.03329
3346,Maldah,6,19,West Bengal,06-01-2019 00:00,15175.46615
3347,Nadia,10,19,West Bengal,06-01-2019 00:00,15128.22904
3348,North Twenty Four Parganas,11,19,West Bengal,06-01-2019 00:00,15119.45682
3349,Medinipur,15,19,West Bengal,06-01-2019 00:00,15317.41322
3350,Hugli,12,19,West Bengal,06-01-2019 00:00,15283.31864
3351,South  Twenty Four Parganas,18,19,West Bengal,06-01-2019 00:00,15209.9384
3352,Uttar Dinajpur,4,19,West Bengal,06-01-2019 00:00,15232.36342
3353,Barddhaman,9,19,West Bengal,06-01-2019 00:00,15396.29521
3354,Birbhum,8,19,West Bengal,06-01-2019 00:00,15371.96181
3355,Bankura,13,19,West Bengal,06-01-2019 00:00,15405.71676
3356,Dakshin Dinajpur,5,19,West Bengal,06-01-2019 00:00,15217.06756
3357,Darjiling,1,19,West Bengal,06-01-2019 00:00,14974.81482
3358,Haora,16,19,West Bengal,06-01-2019 00:00,15249.87332
3359,Jashpur,3,22,Chhattisgarh,06-01-2019 00:00,15579.73735
3360,Koriya,1,22,Chhattisgarh,06-01-2019 00:00,15651.11947
3361,Mahasamund,12,22,Chhattisgarh,06-01-2019 00:00,15712.15071
3362,Raigarh,4,22,Chhattisgarh,06-01-2019 00:00,15625.80418
3363,Raipur,11,22,Chhattisgarh,06-01-2019 00:00,15709.39081
3364,Rajnandgaon,9,22,Chhattisgarh,06-01-2019 00:00,15813.8188
3365,Surguja,2,22,Chhattisgarh,06-01-2019 00:00,15665.42389
3366,Bilaspur,7,22,Chhattisgarh,06-01-2019 00:00,15764.00873
3367,Janjgir - Champa,6,22,Chhattisgarh,06-01-2019 00:00,15751.98273
3368,Korba,5,22,Chhattisgarh,06-01-2019 00:00,15621.81626
3369,Kawardha,8,22,Chhattisgarh,06-01-2019 00:00,15811.88671
3370,Bastar,15,22,Chhattisgarh,06-01-2019 00:00,15427.48175
3371,Dantewada,16,22,Chhattisgarh,06-01-2019 00:00,15491.00176
3372,Dhamtari,13,22,Chhattisgarh,06-01-2019 00:00,15585.14272
3373,Durg,10,22,Chhattisgarh,06-01-2019 00:00,15860.79684
3374,Kanker,14,22,Chhattisgarh,06-01-2019 00:00,15601.39817
3375,Central,6,7,Delhi  & NCR,06-01-2019 00:00,15537.5052
3376,East,4,7,Delhi  & NCR,06-01-2019 00:00,15524.1183
3377,New Delhi,5,7,Delhi  & NCR,06-01-2019 00:00,15468.38591
3378,North,2,7,Delhi  & NCR,06-01-2019 00:00,15528.27288
3379,North East,3,7,Delhi  & NCR,06-01-2019 00:00,15551.40715
3380,North West,1,7,Delhi  & NCR,06-01-2019 00:00,15678.584
3381,South,9,7,Delhi  & NCR,06-01-2019 00:00,15570.48768
3382,South West,8,7,Delhi  & NCR,06-01-2019 00:00,15738.77543
3383,West,7,7,Delhi  & NCR,06-01-2019 00:00,15600.61181
3384,Jalaun,35,9,Uttar Pradesh,06-01-2019 00:00,15819.71471
3385,Jaunpur,64,9,Uttar Pradesh,06-01-2019 00:00,15763.26962
3386,Jhansi,36,9,Uttar Pradesh,06-01-2019 00:00,15903.70238
3387,Jyotiba Phule Nagar,6,9,Uttar Pradesh,06-01-2019 00:00,15368.25983
3388,Kannauj,30,9,Uttar Pradesh,06-01-2019 00:00,15589.83044
3389,Kanpur Nagar,34,9,Uttar Pradesh,06-01-2019 00:00,15757.84011
3390,Kaushambi,44,9,Uttar Pradesh,06-01-2019 00:00,15844.76179
3391,Kheri,23,9,Uttar Pradesh,06-01-2019 00:00,15382.19857
3392,Mirzapur,69,9,Uttar Pradesh,06-01-2019 00:00,15936.61358
3393,Moradabad,4,9,Uttar Pradesh,06-01-2019 00:00,15430.18805
3394,Muzaffarnagar,2,9,Uttar Pradesh,06-01-2019 00:00,15363.48589
3395,Rae Bareli,28,9,Uttar Pradesh,06-01-2019 00:00,15675.8577
3396,Kushinagar,59,9,Uttar Pradesh,06-01-2019 00:00,15440.57333
3397,Lucknow,27,9,Uttar Pradesh,06-01-2019 00:00,15553.53129
3398,Lalitpur,37,9,Uttar Pradesh,06-01-2019 00:00,15887.47893
3399,Mahrajganj,57,9,Uttar Pradesh,06-01-2019 00:00,15525.99452
3400,Mahoba,39,9,Uttar Pradesh,06-01-2019 00:00,15944.2115
3401,Mainpuri,18,9,Uttar Pradesh,06-01-2019 00:00,15639.60871
3402,Mathura,14,9,Uttar Pradesh,06-01-2019 00:00,15903.79132
3403,Mau,62,9,Uttar Pradesh,06-01-2019 00:00,15620.66264
3404,Meerut,7,9,Uttar Pradesh,06-01-2019 00:00,15369.22546
3405,Pilibhit,21,9,Uttar Pradesh,06-01-2019 00:00,15402.80975
3406,Pratapgarh,43,9,Uttar Pradesh,06-01-2019 00:00,15691.76494
3407,Rampur,5,9,Uttar Pradesh,06-01-2019 00:00,15428.51602
3408,Sant Ravidas Nagar Bhadohi,68,9,Uttar Pradesh,06-01-2019 00:00,15932.01552
3409,Sant Kabir Nagar,56,9,Uttar Pradesh,06-01-2019 00:00,15567.11855
3410,Shahjahanpur,22,9,Uttar Pradesh,06-01-2019 00:00,15532.88607
3411,Hathras,13,9,Uttar Pradesh,06-01-2019 00:00,15731.39373
3412,Shrawasti,51,9,Uttar Pradesh,06-01-2019 00:00,15394.26285
3413,Saharanpur,1,9,Uttar Pradesh,06-01-2019 00:00,15447.45974
3414,Sitapur,24,9,Uttar Pradesh,06-01-2019 00:00,15468.20075
3415,Sultanpur,49,9,Uttar Pradesh,06-01-2019 00:00,15662.72628
3416,Sonbhadra,70,9,Uttar Pradesh,06-01-2019 00:00,15803.7002
3417,Siddharthnagar,54,9,Uttar Pradesh,06-01-2019 00:00,15505.53458
3418,Unnao,26,9,Uttar Pradesh,06-01-2019 00:00,15704.32938
3419,Varanasi,67,9,Uttar Pradesh,06-01-2019 00:00,15775.39381
3420,Bulandshahr,11,9,Uttar Pradesh,06-01-2019 00:00,15516.73223
3421,Gautam Buddha Nagar,10,9,Uttar Pradesh,06-01-2019 00:00,15713.47496
3422,Ghaziabad,9,9,Uttar Pradesh,06-01-2019 00:00,15479.43961
3423,Auraiya,32,9,Uttar Pradesh,06-01-2019 00:00,15722.7081
3424,Azamgarh,61,9,Uttar Pradesh,06-01-2019 00:00,15676.24851
3425,Budaun,19,9,Uttar Pradesh,06-01-2019 00:00,15550.21067
3426,Agra,15,9,Uttar Pradesh,06-01-2019 00:00,15926.43624
3427,Aligarh,12,9,Uttar Pradesh,06-01-2019 00:00,15669.74003
3428,Allahabad,45,9,Uttar Pradesh,06-01-2019 00:00,15889.66507
3429,Ambedkar Nagar,48,9,Uttar Pradesh,06-01-2019 00:00,15566.80155
3430,Bareilly,20,9,Uttar Pradesh,06-01-2019 00:00,15458.18514
3431,Bijnor,3,9,Uttar Pradesh,06-01-2019 00:00,15408.68365
3432,Basti,55,9,Uttar Pradesh,06-01-2019 00:00,15566.94237
3433,Baghpat,8,9,Uttar Pradesh,06-01-2019 00:00,15430.12823
3434,Bahraich,50,9,Uttar Pradesh,06-01-2019 00:00,15394.28743
3435,Ballia,63,9,Uttar Pradesh,06-01-2019 00:00,15621.52715
3436,Balrampur,52,9,Uttar Pradesh,06-01-2019 00:00,15409.04712
3437,Banda,40,9,Uttar Pradesh,06-01-2019 00:00,15940.40163
3438,Barabanki,46,9,Uttar Pradesh,06-01-2019 00:00,15463.88765
3439,Chitrakoot,41,9,Uttar Pradesh,06-01-2019 00:00,15926.82218
3440,Chandauli,66,9,Uttar Pradesh,06-01-2019 00:00,15917.48323
3441,Deoria,60,9,Uttar Pradesh,06-01-2019 00:00,15602.14935
3442,Etah,17,9,Uttar Pradesh,06-01-2019 00:00,15698.92874
3443,Kanpur Dehat,33,9,Uttar Pradesh,06-01-2019 00:00,15788.09537
3444,Etawah,31,9,Uttar Pradesh,06-01-2019 00:00,15681.77638
3445,Faizabad,47,9,Uttar Pradesh,06-01-2019 00:00,15536.92898
3446,Ghazipur,65,9,Uttar Pradesh,06-01-2019 00:00,15716.37995
3447,Gonda,53,9,Uttar Pradesh,06-01-2019 00:00,15475.09363
3448,Gorakhpur,58,9,Uttar Pradesh,06-01-2019 00:00,15573.50173
3449,Farrukhabad,29,9,Uttar Pradesh,06-01-2019 00:00,15554.37321
3450,Fatehpur,42,9,Uttar Pradesh,06-01-2019 00:00,15759.75475
3451,Firozabad,16,9,Uttar Pradesh,06-01-2019 00:00,15836.58293
3452,Hamirpur,38,9,Uttar Pradesh,06-01-2019 00:00,15866.01956
3453,Hardoi,25,9,Uttar Pradesh,06-01-2019 00:00,15615.94711
3454,Khammam,10,28,Andhra Pradesh,06-01-2019 00:00,15636.0528
3455,Medak,4,28,Andhra Pradesh,06-01-2019 00:00,15749.0089
3456,Krishna,16,28,Andhra Pradesh,06-01-2019 00:00,15585.60621
3457,Kurnool,21,28,Andhra Pradesh,06-01-2019 00:00,15657.88296
3458,Mahbubnagar,7,28,Andhra Pradesh,06-01-2019 00:00,15657.76466
3459,Nalgonda,8,28,Andhra Pradesh,06-01-2019 00:00,15741.32087
3460,Nellore,19,28,Andhra Pradesh,06-01-2019 00:00,15816.61867
3461,Nizamabad,2,28,Andhra Pradesh,06-01-2019 00:00,15811.17667
3462,Prakasam,18,28,Andhra Pradesh,06-01-2019 00:00,15787.12465
3463,Hyderabad,5,28,Andhra Pradesh,06-01-2019 00:00,15526.7211
3464,Rangareddi,6,28,Andhra Pradesh,06-01-2019 00:00,15667.02648
3465,Srikakulam,11,28,Andhra Pradesh,06-01-2019 00:00,15435.67747
3466,West Godavari,15,28,Andhra Pradesh,06-01-2019 00:00,15462.59821
3467,Visakhapatnam,13,28,Andhra Pradesh,06-01-2019 00:00,15386.70113
3468,Vizianagaram,12,28,Andhra Pradesh,06-01-2019 00:00,15501.9639
3469,Warangal,9,28,Andhra Pradesh,06-01-2019 00:00,15766.08848
3470,Anantapur,22,28,Andhra Pradesh,06-01-2019 00:00,15617.30556
3471,Adilabad,1,28,Andhra Pradesh,06-01-2019 00:00,15800.85511
3472,Chittoor,23,28,Andhra Pradesh,06-01-2019 00:00,15596.61609
3473,Cuddapah,20,28,Andhra Pradesh,06-01-2019 00:00,15705.78903
3474,East Godavari,14,28,Andhra Pradesh,06-01-2019 00:00,15396.5933
3475,Karimnagar,3,28,Andhra Pradesh,06-01-2019 00:00,15705.81919
3476,Guntur,17,28,Andhra Pradesh,06-01-2019 00:00,15759.80908
3477,Jabalpur,39,23,Madhya Pradesh,06-01-2019 00:00,15945.97729
3478,Jhabua,24,23,Madhya Pradesh,06-01-2019 00:00,15845.05195
3479,Mandsaur,19,23,Madhya Pradesh,06-01-2019 00:00,15973.56393
3480,Tikamgarh,8,23,Madhya Pradesh,06-01-2019 00:00,15906.30481
3481,Narsimhapur,40,23,Madhya Pradesh,06-01-2019 00:00,15855.38198
3482,Neemuch,18,23,Madhya Pradesh,06-01-2019 00:00,15948.30329
3483,Panna,10,23,Madhya Pradesh,06-01-2019 00:00,15959.16229
3484,Raisen,34,23,Madhya Pradesh,06-01-2019 00:00,16025.36669
3485,Rajgarh,30,23,Madhya Pradesh,06-01-2019 00:00,16038.75502
3486,Satna,13,23,Madhya Pradesh,06-01-2019 00:00,15906.39856
3487,Sehore,33,23,Madhya Pradesh,06-01-2019 00:00,16049.7256
3488,Seoni,44,23,Madhya Pradesh,06-01-2019 00:00,16002.40571
3489,Hoshangabad,37,23,Madhya Pradesh,06-01-2019 00:00,15830.32321
3490,Indore,26,23,Madhya Pradesh,06-01-2019 00:00,15846.83118
3491,Shajapur,22,23,Madhya Pradesh,06-01-2019 00:00,15983.12546
3492,Shivpuri,6,23,Madhya Pradesh,06-01-2019 00:00,15870.7637
3493,Ratlam,20,23,Madhya Pradesh,06-01-2019 00:00,15936.73592
3494,Rewa,14,23,Madhya Pradesh,06-01-2019 00:00,15953.83783
3495,Sagar,11,23,Madhya Pradesh,06-01-2019 00:00,16013.57671
3496,Sidhi,17,23,Madhya Pradesh,06-01-2019 00:00,15820.37538
3497,Ujjain,21,23,Madhya Pradesh,06-01-2019 00:00,15918.39288
3498,Vidisha,31,23,Madhya Pradesh,06-01-2019 00:00,16022.92
3499,West Nimar,27,23,Madhya Pradesh,06-01-2019 00:00,15882.41993
3500,Morena,2,23,Madhya Pradesh,06-01-2019 00:00,15905.04422
3501,Sheopur,1,23,Madhya Pradesh,06-01-2019 00:00,15889.87766
3502,Dindori,41,23,Madhya Pradesh,06-01-2019 00:00,15841.76909
3503,Mandla,42,23,Madhya Pradesh,06-01-2019 00:00,15898.8279
3504,Shahdol,16,23,Madhya Pradesh,06-01-2019 00:00,15798.14852
3505,Umaria,15,23,Madhya Pradesh,06-01-2019 00:00,15802.18128
3506,Bhind,3,23,Madhya Pradesh,06-01-2019 00:00,15888.68271
3507,Bhopal,32,23,Madhya Pradesh,06-01-2019 00:00,16030.54632
3508,Barwani,28,23,Madhya Pradesh,06-01-2019 00:00,15881.55198
3509,Betul,35,23,Madhya Pradesh,06-01-2019 00:00,15950.84697
3510,Balaghat,45,23,Madhya Pradesh,06-01-2019 00:00,15752.32265
3511,Chhatarpur,9,23,Madhya Pradesh,06-01-2019 00:00,15943.26287
3512,Chhindwara,43,23,Madhya Pradesh,06-01-2019 00:00,15989.49149
3513,Dewas,23,23,Madhya Pradesh,06-01-2019 00:00,15963.85222
3514,Katni,38,23,Madhya Pradesh,06-01-2019 00:00,15888.99665
3515,Datia,5,23,Madhya Pradesh,06-01-2019 00:00,15880.28045
3516,Damoh,12,23,Madhya Pradesh,06-01-2019 00:00,15984.37077
3517,Dhar,25,23,Madhya Pradesh,06-01-2019 00:00,15912.1205
3518,East Nimar,29,23,Madhya Pradesh,06-01-2019 00:00,15943.32998
3519,Guna,7,23,Madhya Pradesh,06-01-2019 00:00,15982.19159
3520,Gwalior,4,23,Madhya Pradesh,06-01-2019 00:00,15897.07381
3521,Harda,36,23,Madhya Pradesh,06-01-2019 00:00,15977.42506
3522,Kangra,2,2,Himachal Pradesh,06-01-2019 00:00,15242.88353
3523,Kinnaur,12,2,Himachal Pradesh,06-01-2019 00:00,14437.22912
3524,Lahul & Spiti,3,2,Himachal Pradesh,06-01-2019 00:00,14228.86299
3525,Kullu,4,2,Himachal Pradesh,06-01-2019 00:00,14486.58237
3526,Mandi,5,2,Himachal Pradesh,06-01-2019 00:00,15284.61402
3527,Shimla,11,2,Himachal Pradesh,06-01-2019 00:00,14955.11744
3528,Sirmaur,10,2,Himachal Pradesh,06-01-2019 00:00,15399.61721
3529,Solan,9,2,Himachal Pradesh,06-01-2019 00:00,15519.54695
3530,Una,7,2,Himachal Pradesh,06-01-2019 00:00,15595.32907
3531,Bilaspur,8,2,Himachal Pradesh,06-01-2019 00:00,15539.71878
3532,Chamba,1,2,Himachal Pradesh,06-01-2019 00:00,14674.36565
3533,Hamirpur,6,2,Himachal Pradesh,06-01-2019 00:00,15549.59853
3534,Jammu,13,1,Jammu and Kashmir,06-01-2019 00:00,15832.42581
3535,Kargil,8,1,Jammu and Kashmir,06-01-2019 00:00,14354.74948
3536,Kathua,14,1,Jammu and Kashmir,06-01-2019 00:00,15511.56902
3537,Leh (Ladakh),7,1,Jammu and Kashmir,06-01-2019 00:00,14549.10823
3538,Kupwara,1,1,Jammu and Kashmir,06-01-2019 00:00,14741.42747
3539,Punch,11,1,Jammu and Kashmir,06-01-2019 00:00,15040.47156
3540,Pulwama,5,1,Jammu and Kashmir,06-01-2019 00:00,14838.94081
3541,Rajauri,12,1,Jammu and Kashmir,06-01-2019 00:00,15348.92952
3542,Srinagar,3,1,Jammu and Kashmir,06-01-2019 00:00,14509.74665
3543,Udhampur,10,1,Jammu and Kashmir,06-01-2019 00:00,15235.97051
3544,Anantnag,6,1,Jammu and Kashmir,06-01-2019 00:00,14528.89871
3545,Badgam,4,1,Jammu and Kashmir,06-01-2019 00:00,14706.60804
3546,Baramula,2,1,Jammu and Kashmir,06-01-2019 00:00,14612.84029
3547,Data Not Available,99,99,Jammu and Kashmir,06-01-2019 00:00,14325.62779
3548,Doda,9,1,Jammu and Kashmir,06-01-2019 00:00,14410.29663
3549,Lohit,11,12,Arunanchal Pradesh,06-01-2019 00:00,14729.66947
3550,Lower Subansiri,5,12,Arunanchal Pradesh,06-01-2019 00:00,14678.57969
3551,Papum Pare,4,12,Arunanchal Pradesh,06-01-2019 00:00,14880.54541
3552,Tawang,1,12,Arunanchal Pradesh,06-01-2019 00:00,14392.24902
3553,Tirap,13,12,Arunanchal Pradesh,06-01-2019 00:00,14991.76431
3554,West Kameng,2,12,Arunanchal Pradesh,06-01-2019 00:00,14682.88201
3555,West Siang,7,12,Arunanchal Pradesh,06-01-2019 00:00,14820.20909
3556,Upper Siang,9,12,Arunanchal Pradesh,06-01-2019 00:00,14663.42623
3557,Upper Subansiri,6,12,Arunanchal Pradesh,06-01-2019 00:00,14623.98221
3558,Changlang,12,12,Arunanchal Pradesh,06-01-2019 00:00,14954.60549
3559,Dibang Valley,10,12,Arunanchal Pradesh,06-01-2019 00:00,14612.55488
3560,East Kameng,3,12,Arunanchal Pradesh,06-01-2019 00:00,14728.6316
3561,East Siang,8,12,Arunanchal Pradesh,06-01-2019 00:00,15021.97352
3562,Nicobars,2,35,Andaman & Nicobar Island,06-01-2019 00:00,14912.67678
3563,Andamans,1,35,Andaman & Nicobar Island,06-01-2019 00:00,14981.14834
3564,Lakshadweep,1,31,Lakshadweep,07-01-2019 00:00,14831.86156
3565,Chandigarh,1,4,Chandigarh,07-01-2019 00:00,15447.3439
3566,Dadra & Nagar Haveli,1,26,Dadara & Nagar Havelli,07-01-2019 00:00,15115.72067
3567,Data Not Available,99,99,Jammu and Kashmir,07-01-2019 00:00,14682.34851
3568,Srinagar,3,1,Jammu and Kashmir,07-01-2019 00:00,14608.30466
3569,Udhampur,10,1,Jammu and Kashmir,07-01-2019 00:00,15038.73503
3570,Jammu,13,1,Jammu and Kashmir,07-01-2019 00:00,15466.01638
3571,Kargil,8,1,Jammu and Kashmir,07-01-2019 00:00,14676.95291
3572,Kathua,14,1,Jammu and Kashmir,07-01-2019 00:00,15256.32914
3573,Leh (Ladakh),7,1,Jammu and Kashmir,07-01-2019 00:00,14761.8692
3574,Kupwara,1,1,Jammu and Kashmir,07-01-2019 00:00,14815.10318
3575,Punch,11,1,Jammu and Kashmir,07-01-2019 00:00,14896.0159
3576,Pulwama,5,1,Jammu and Kashmir,07-01-2019 00:00,14903.58824
3577,Rajauri,12,1,Jammu and Kashmir,07-01-2019 00:00,15130.56988
3578,Anantnag,6,1,Jammu and Kashmir,07-01-2019 00:00,14597.01032
3579,Badgam,4,1,Jammu and Kashmir,07-01-2019 00:00,14809.57353
3580,Baramula,2,1,Jammu and Kashmir,07-01-2019 00:00,14751.02936
3581,Doda,9,1,Jammu and Kashmir,07-01-2019 00:00,14498.74415
3582,Shimla,11,2,Himachal Pradesh,07-01-2019 00:00,14768.54115
3583,Sirmaur,10,2,Himachal Pradesh,07-01-2019 00:00,15144.117
3584,Solan,9,2,Himachal Pradesh,07-01-2019 00:00,15193.35113
3585,Una,7,2,Himachal Pradesh,07-01-2019 00:00,15400.87501
3586,Kangra,2,2,Himachal Pradesh,07-01-2019 00:00,15032.11435
3587,Kinnaur,12,2,Himachal Pradesh,07-01-2019 00:00,14505.66954
3588,Lahul & Spiti,3,2,Himachal Pradesh,07-01-2019 00:00,14426.85498
3589,Kullu,4,2,Himachal Pradesh,07-01-2019 00:00,14424.09967
3590,Mandi,5,2,Himachal Pradesh,07-01-2019 00:00,15036.09297
3591,Bilaspur,8,2,Himachal Pradesh,07-01-2019 00:00,15214.73454
3592,Chamba,1,2,Himachal Pradesh,07-01-2019 00:00,14609.06511
3593,Hamirpur,6,2,Himachal Pradesh,07-01-2019 00:00,15275.03184
3594,Hoshiarpur,5,3,Punjab,07-01-2019 00:00,15386.0963
3595,Rupnagar,7,3,Punjab,07-01-2019 00:00,15405.57912
3596,Jalandhar,4,3,Punjab,07-01-2019 00:00,15363.26807
3597,Kapurthala,3,3,Punjab,07-01-2019 00:00,15316.43688
3598,Ludhiana,9,3,Punjab,07-01-2019 00:00,15322.57114
3599,Mansa,15,3,Punjab,07-01-2019 00:00,15250.90939
3600,Moga,10,3,Punjab,07-01-2019 00:00,15214.32029
3601,Muktsar,12,3,Punjab,07-01-2019 00:00,15289.37057
3602,Nawanshahr,6,3,Punjab,07-01-2019 00:00,15374.9855
3603,Patiala,17,3,Punjab,07-01-2019 00:00,15346.48349
3604,Sangrur,16,3,Punjab,07-01-2019 00:00,15228.5537
3605,Amritsar,2,3,Punjab,07-01-2019 00:00,15291.85714
3606,Firozpur,11,3,Punjab,07-01-2019 00:00,15308.1304
3607,Bathinda,14,3,Punjab,07-01-2019 00:00,15279.09427
3608,Gurdaspur,1,3,Punjab,07-01-2019 00:00,15322.01748
3609,Faridkot,13,3,Punjab,07-01-2019 00:00,15261.14164
3610,Fatehgarh Sahib,8,3,Punjab,07-01-2019 00:00,15353.68834
3611,Hardwar,13,5,Uttarakhand,07-01-2019 00:00,15321.35557
3612,Rudraprayag,3,5,Uttarakhand,07-01-2019 00:00,14516.46586
3613,Tehri Garhwal,4,5,Uttarakhand,07-01-2019 00:00,14824.98439
3614,Udham Singh Nagar,12,5,Uttarakhand,07-01-2019 00:00,15277.29897
3615,Uttarkashi,1,5,Uttarakhand,07-01-2019 00:00,14470.64105
3616,Nainital,11,5,Uttarakhand,07-01-2019 00:00,15096.89644
3617,Pithoragarh,7,5,Uttarakhand,07-01-2019 00:00,14420.54511
3618,Bageshwar,8,5,Uttarakhand,07-01-2019 00:00,14685.08814
3619,Almora,9,5,Uttarakhand,07-01-2019 00:00,15055.72455
3620,Chamoli,2,5,Uttarakhand,07-01-2019 00:00,14372.7756
3621,Champawat,10,5,Uttarakhand,07-01-2019 00:00,15041.12886
3622,Dehradun,5,5,Uttarakhand,07-01-2019 00:00,15182.5253
3623,Garhwal,6,5,Uttarakhand,07-01-2019 00:00,14996.53618
3624,Hisar,12,6,Haryana,07-01-2019 00:00,15406.91007
3625,Rohtak,14,6,Haryana,07-01-2019 00:00,15521.35781
3626,Sirsa,11,6,Haryana,07-01-2019 00:00,15413.4272
3627,Sonipat,8,6,Haryana,07-01-2019 00:00,15470.62698
3628,Yamunanagar,3,6,Haryana,07-01-2019 00:00,15403.3391
3629,Jhajjar,15,6,Haryana,07-01-2019 00:00,15565.74985
3630,Mahendragarh,16,6,Haryana,07-01-2019 00:00,15492.96281
3631,Rewari,17,6,Haryana,07-01-2019 00:00,15520.84464
3632,Bhiwani,13,6,Haryana,07-01-2019 00:00,15465.16538
3633,Jind,9,6,Haryana,07-01-2019 00:00,15438.08474
3634,Kaithal,5,6,Haryana,07-01-2019 00:00,15331.51021
3635,Karnal,6,6,Haryana,07-01-2019 00:00,15309.22151
3636,Kurukshetra,4,6,Haryana,07-01-2019 00:00,15331.50158
3637,Panchkula,1,6,Haryana,07-01-2019 00:00,15354.21358
3638,Panipat,7,6,Haryana,07-01-2019 00:00,15417.90942
3639,Ambala,2,6,Haryana,07-01-2019 00:00,15437.91366
3640,Gurgaon,18,6,Haryana,07-01-2019 00:00,15538.09006
3641,Faridabad,19,6,Haryana,07-01-2019 00:00,15463.1415
3642,Fatehabad,10,6,Haryana,07-01-2019 00:00,15309.88979
3643,Central,6,7,Delhi  & NCR,07-01-2019 00:00,15226.49073
3644,East,4,7,Delhi  & NCR,07-01-2019 00:00,15235.92174
3645,New Delhi,5,7,Delhi  & NCR,07-01-2019 00:00,15195.59559
3646,North,2,7,Delhi  & NCR,07-01-2019 00:00,15228.23709
3647,North East,3,7,Delhi  & NCR,07-01-2019 00:00,15191.64466
3648,North West,1,7,Delhi  & NCR,07-01-2019 00:00,15417.82722
3649,South,9,7,Delhi  & NCR,07-01-2019 00:00,15320.65034
3650,South West,8,7,Delhi  & NCR,07-01-2019 00:00,15404.76324
3651,West,7,7,Delhi  & NCR,07-01-2019 00:00,15337.91847
3652,Sirohi,19,8,Rajasthan,07-01-2019 00:00,15377.57433
3653,Tonk,22,8,Rajasthan,07-01-2019 00:00,15495.80219
3654,Sikar,13,8,Rajasthan,07-01-2019 00:00,15450.19926
3655,Alwar,6,8,Rajasthan,07-01-2019 00:00,15497.70401
3656,Udaipur,26,8,Rajasthan,07-01-2019 00:00,15247.81813
3657,Ganganagar,1,8,Rajasthan,07-01-2019 00:00,15504.94893
3658,Hanumangarh,2,8,Rajasthan,07-01-2019 00:00,15465.64533
3659,Baran,31,8,Rajasthan,07-01-2019 00:00,15576.75567
3660,Jaipur,12,8,Rajasthan,07-01-2019 00:00,15474.02026
3661,Jaisalmer,16,8,Rajasthan,07-01-2019 00:00,15806.91279
3662,Jalor,18,8,Rajasthan,07-01-2019 00:00,15572.3016
3663,Jhalawar,32,8,Rajasthan,07-01-2019 00:00,15492.59745
3664,Jhunjhunun,5,8,Rajasthan,07-01-2019 00:00,15437.71176
3665,Jodhpur,15,8,Rajasthan,07-01-2019 00:00,15674.05489
3666,Kota,30,8,Rajasthan,07-01-2019 00:00,15489.48069
3667,Nagaur,14,8,Rajasthan,07-01-2019 00:00,15514.89013
3668,Pali,20,8,Rajasthan,07-01-2019 00:00,15452.44295
3669,Rajsamand,25,8,Rajasthan,07-01-2019 00:00,15221.85286
3670,Sawai Madhopur,10,8,Rajasthan,07-01-2019 00:00,15413.76531
3671,Ajmer,21,8,Rajasthan,07-01-2019 00:00,15368.51189
3672,Banswara,28,8,Rajasthan,07-01-2019 00:00,15349.28601
3673,Barmer,17,8,Rajasthan,07-01-2019 00:00,15667.67386
3674,Bhilwara,24,8,Rajasthan,07-01-2019 00:00,15313.54493
3675,Bikaner,3,8,Rajasthan,07-01-2019 00:00,15692.28523
3676,Bharatpur,7,8,Rajasthan,07-01-2019 00:00,15565.15599
3677,Bundi,23,8,Rajasthan,07-01-2019 00:00,15372.53437
3678,Chittaurgarh,29,8,Rajasthan,07-01-2019 00:00,15337.43314
3679,Churu,4,8,Rajasthan,07-01-2019 00:00,15488.86709
3680,Dausa,11,8,Rajasthan,07-01-2019 00:00,15457.20831
3681,Dhaulpur,8,8,Rajasthan,07-01-2019 00:00,15556.07651
3682,Dungarpur,27,8,Rajasthan,07-01-2019 00:00,15298.64521
3683,Karauli,9,8,Rajasthan,07-01-2019 00:00,15374.29411
3684,Hathras,13,9,Uttar Pradesh,07-01-2019 00:00,15602.69343
3685,Shrawasti,51,9,Uttar Pradesh,07-01-2019 00:00,15324.88398
3686,Saharanpur,1,9,Uttar Pradesh,07-01-2019 00:00,15342.18712
3687,Sitapur,24,9,Uttar Pradesh,07-01-2019 00:00,15449.39264
3688,Sultanpur,49,9,Uttar Pradesh,07-01-2019 00:00,15306.94323
3689,Sonbhadra,70,9,Uttar Pradesh,07-01-2019 00:00,15361.49653
3690,Siddharthnagar,54,9,Uttar Pradesh,07-01-2019 00:00,15204.26028
3691,Unnao,26,9,Uttar Pradesh,07-01-2019 00:00,15412.5667
3692,Varanasi,67,9,Uttar Pradesh,07-01-2019 00:00,15340.099
3693,Bulandshahr,11,9,Uttar Pradesh,07-01-2019 00:00,15445.89559
3694,Gautam Buddha Nagar,10,9,Uttar Pradesh,07-01-2019 00:00,15537.43848
3695,Ghaziabad,9,9,Uttar Pradesh,07-01-2019 00:00,15370.04157
3696,Jalaun,35,9,Uttar Pradesh,07-01-2019 00:00,15545.0078
3697,Jaunpur,64,9,Uttar Pradesh,07-01-2019 00:00,15260.45944
3698,Jhansi,36,9,Uttar Pradesh,07-01-2019 00:00,15544.28147
3699,Jyotiba Phule Nagar,6,9,Uttar Pradesh,07-01-2019 00:00,15221.87528
3700,Kannauj,30,9,Uttar Pradesh,07-01-2019 00:00,15633.72095
3701,Kanpur Nagar,34,9,Uttar Pradesh,07-01-2019 00:00,15453.48712
3702,Kaushambi,44,9,Uttar Pradesh,07-01-2019 00:00,15413.75815
3703,Kheri,23,9,Uttar Pradesh,07-01-2019 00:00,15277.01577
3704,Mirzapur,69,9,Uttar Pradesh,07-01-2019 00:00,15467.95479
3705,Moradabad,4,9,Uttar Pradesh,07-01-2019 00:00,15437.96532
3706,Muzaffarnagar,2,9,Uttar Pradesh,07-01-2019 00:00,15236.98035
3707,Rae Bareli,28,9,Uttar Pradesh,07-01-2019 00:00,15414.27024
3708,Kushinagar,59,9,Uttar Pradesh,07-01-2019 00:00,15186.10742
3709,Lucknow,27,9,Uttar Pradesh,07-01-2019 00:00,15373.56671
3710,Lalitpur,37,9,Uttar Pradesh,07-01-2019 00:00,15523.12691
3711,Mahrajganj,57,9,Uttar Pradesh,07-01-2019 00:00,15209.09146
3712,Mahoba,39,9,Uttar Pradesh,07-01-2019 00:00,15529.36009
3713,Mainpuri,18,9,Uttar Pradesh,07-01-2019 00:00,15519.81335
3714,Mathura,14,9,Uttar Pradesh,07-01-2019 00:00,15598.51877
3715,Mau,62,9,Uttar Pradesh,07-01-2019 00:00,15146.80418
3716,Meerut,7,9,Uttar Pradesh,07-01-2019 00:00,15269.42663
3717,Pilibhit,21,9,Uttar Pradesh,07-01-2019 00:00,15263.06485
3718,Pratapgarh,43,9,Uttar Pradesh,07-01-2019 00:00,15288.43034
3719,Rampur,5,9,Uttar Pradesh,07-01-2019 00:00,15345.65448
3720,Sant Ravidas Nagar Bhadohi,68,9,Uttar Pradesh,07-01-2019 00:00,15397.50279
3721,Sant Kabir Nagar,56,9,Uttar Pradesh,07-01-2019 00:00,15185.19705
3722,Shahjahanpur,22,9,Uttar Pradesh,07-01-2019 00:00,15458.21277
3723,Auraiya,32,9,Uttar Pradesh,07-01-2019 00:00,15371.21002
3724,Azamgarh,61,9,Uttar Pradesh,07-01-2019 00:00,15199.11448
3725,Budaun,19,9,Uttar Pradesh,07-01-2019 00:00,15513.62729
3726,Agra,15,9,Uttar Pradesh,07-01-2019 00:00,15614.99208
3727,Aligarh,12,9,Uttar Pradesh,07-01-2019 00:00,15548.12659
3728,Allahabad,45,9,Uttar Pradesh,07-01-2019 00:00,15412.43588
3729,Ambedkar Nagar,48,9,Uttar Pradesh,07-01-2019 00:00,15188.17035
3730,Bareilly,20,9,Uttar Pradesh,07-01-2019 00:00,15488.36432
3731,Bijnor,3,9,Uttar Pradesh,07-01-2019 00:00,15217.67609
3732,Basti,55,9,Uttar Pradesh,07-01-2019 00:00,15181.72164
3733,Baghpat,8,9,Uttar Pradesh,07-01-2019 00:00,15244.9401
3734,Bahraich,50,9,Uttar Pradesh,07-01-2019 00:00,15330.22448
3735,Ballia,63,9,Uttar Pradesh,07-01-2019 00:00,15042.70665
3736,Balrampur,52,9,Uttar Pradesh,07-01-2019 00:00,15206.00355
3737,Banda,40,9,Uttar Pradesh,07-01-2019 00:00,15458.00772
3738,Barabanki,46,9,Uttar Pradesh,07-01-2019 00:00,15337.39867
3739,Chitrakoot,41,9,Uttar Pradesh,07-01-2019 00:00,15481.22061
3740,Chandauli,66,9,Uttar Pradesh,07-01-2019 00:00,15370.30392
3741,Deoria,60,9,Uttar Pradesh,07-01-2019 00:00,15175.60157
3742,Etah,17,9,Uttar Pradesh,07-01-2019 00:00,15597.65788
3743,Kanpur Dehat,33,9,Uttar Pradesh,07-01-2019 00:00,15447.54961
3744,Etawah,31,9,Uttar Pradesh,07-01-2019 00:00,15427.62402
3745,Faizabad,47,9,Uttar Pradesh,07-01-2019 00:00,15215.62814
3746,Ghazipur,65,9,Uttar Pradesh,07-01-2019 00:00,15241.71182
3747,Gonda,53,9,Uttar Pradesh,07-01-2019 00:00,15246.76123
3748,Gorakhpur,58,9,Uttar Pradesh,07-01-2019 00:00,15190.15643
3749,Farrukhabad,29,9,Uttar Pradesh,07-01-2019 00:00,15614.70791
3750,Fatehpur,42,9,Uttar Pradesh,07-01-2019 00:00,15430.67433
3751,Firozabad,16,9,Uttar Pradesh,07-01-2019 00:00,15575.94077
3752,Hamirpur,38,9,Uttar Pradesh,07-01-2019 00:00,15545.90172
3753,Hardoi,25,9,Uttar Pradesh,07-01-2019 00:00,15414.17982
3754,Sheikhpura,26,10,Bihar,07-01-2019 00:00,15369.70241
3755,Saharsa,12,10,Bihar,07-01-2019 00:00,15123.61574
3756,Sitamarhi,4,10,Bihar,07-01-2019 00:00,15081.87005
3757,Siwan,16,10,Bihar,07-01-2019 00:00,15052.50794
3758,Supaul,6,10,Bihar,07-01-2019 00:00,15112.63864
3759,Vaishali,18,10,Bihar,07-01-2019 00:00,15246.24493
3760,Kaimur (Bhabua),31,10,Bihar,07-01-2019 00:00,15375.50516
3761,Gaya,35,10,Bihar,07-01-2019 00:00,15498.47557
3762,Bhojpur,29,10,Bihar,07-01-2019 00:00,15397.31861
3763,Buxar,30,10,Bihar,07-01-2019 00:00,15417.65782
3764,Jehanabad,33,10,Bihar,07-01-2019 00:00,15517.6506
3765,Rohtas,32,10,Bihar,07-01-2019 00:00,15437.8618
3766,Jamui,37,10,Bihar,07-01-2019 00:00,15427.70504
3767,Kishanganj,8,10,Bihar,07-01-2019 00:00,15102.01813
3768,Muzaffarpur,14,10,Bihar,07-01-2019 00:00,15125.30368
3769,Purnia,9,10,Bihar,07-01-2019 00:00,15032.59564
3770,Khagaria,21,10,Bihar,07-01-2019 00:00,15159.68227
3771,Madhubani,5,10,Bihar,07-01-2019 00:00,15177.45534
3772,Lakhisarai,25,10,Bihar,07-01-2019 00:00,15320.34398
3773,Madhepura,11,10,Bihar,07-01-2019 00:00,15101.03718
3774,Purba Champaran,2,10,Bihar,07-01-2019 00:00,15169.51473
3775,Munger,24,10,Bihar,07-01-2019 00:00,15207.01524
3776,Nalanda,27,10,Bihar,07-01-2019 00:00,15495.15563
3777,Nawada,36,10,Bihar,07-01-2019 00:00,15354.2015
3778,Pashchim Champaran,1,10,Bihar,07-01-2019 00:00,15179.1297
3779,Patna,28,10,Bihar,07-01-2019 00:00,15393.87381
3780,Samastipur,19,10,Bihar,07-01-2019 00:00,15231.93516
3781,Araria,7,10,Bihar,07-01-2019 00:00,15073.03173
3782,Aurangabad,34,10,Bihar,07-01-2019 00:00,15529.87134
3783,Banka,23,10,Bihar,07-01-2019 00:00,15416.85859
3784,Bhagalpur,22,10,Bihar,07-01-2019 00:00,15192.22321
3785,Begusarai,20,10,Bihar,07-01-2019 00:00,15268.27288
3786,Saran,17,10,Bihar,07-01-2019 00:00,15203.19637
3787,Katihar,10,10,Bihar,07-01-2019 00:00,15111.14904
3788,Darbhanga,13,10,Bihar,07-01-2019 00:00,15114.31109
3789,Gopalganj,15,10,Bihar,07-01-2019 00:00,15209.01289
3790,South,3,11,Sikkim,07-01-2019 00:00,14776.82958
3791,West,2,11,Sikkim,07-01-2019 00:00,14517.28469
3792,North,1,11,Sikkim,07-01-2019 00:00,14200.44741
3793,East,4,11,Sikkim,07-01-2019 00:00,14617.26391
3794,Tawang,1,12,Arunanchal Pradesh,07-01-2019 00:00,14298.93584
3795,Tirap,13,12,Arunanchal Pradesh,07-01-2019 00:00,14993.27323
3796,West Kameng,2,12,Arunanchal Pradesh,07-01-2019 00:00,14589.31462
3797,West Siang,7,12,Arunanchal Pradesh,07-01-2019 00:00,14656.51544
3798,Upper Siang,9,12,Arunanchal Pradesh,07-01-2019 00:00,14431.92475
3799,Upper Subansiri,6,12,Arunanchal Pradesh,07-01-2019 00:00,14448.73184
3800,Lohit,11,12,Arunanchal Pradesh,07-01-2019 00:00,14629.64581
3801,Lower Subansiri,5,12,Arunanchal Pradesh,07-01-2019 00:00,14604.62385
3802,Papum Pare,4,12,Arunanchal Pradesh,07-01-2019 00:00,14883.40651
3803,Changlang,12,12,Arunanchal Pradesh,07-01-2019 00:00,14908.49559
3804,Dibang Valley,10,12,Arunanchal Pradesh,07-01-2019 00:00,14450.15637
3805,East Kameng,3,12,Arunanchal Pradesh,07-01-2019 00:00,14678.14508
3806,East Siang,8,12,Arunanchal Pradesh,07-01-2019 00:00,15005.99865
3807,Tuensang,2,13,Nagaland,07-01-2019 00:00,14881.70046
3808,Wokha,5,13,Nagaland,07-01-2019 00:00,15072.72645
3809,Zunheboto,4,13,Nagaland,07-01-2019 00:00,14900.08895
3810,Dimapur,6,13,Nagaland,07-01-2019 00:00,15159.93987
3811,Kohima,7,13,Nagaland,07-01-2019 00:00,15012.5147
3812,Mokokchung,3,13,Nagaland,07-01-2019 00:00,15038.86877
3813,Mon,1,13,Nagaland,07-01-2019 00:00,15047.29474
3814,Phek,8,13,Nagaland,07-01-2019 00:00,14891.50137
3815,Tamenglong,2,14,Manipur,07-01-2019 00:00,15007.98859
3816,Thoubal,5,14,Manipur,07-01-2019 00:00,15129.10806
3817,Ukhrul,8,14,Manipur,07-01-2019 00:00,14964.16288
3818,Imphal East,7,14,Manipur,07-01-2019 00:00,15217.90075
3819,Imphal West,6,14,Manipur,07-01-2019 00:00,15152.195
3820,Senapati (Excl. 3 sub-divisions),1,14,Manipur,07-01-2019 00:00,14913.44837
3821,Bishnupur,4,14,Manipur,07-01-2019 00:00,15105.85302
3822,Chandel,9,14,Manipur,07-01-2019 00:00,14982.67624
3823,Churachandpur,3,14,Manipur,07-01-2019 00:00,15019.81398
3824,Kolasib,2,15,Mizoram,07-01-2019 00:00,15113.75936
3825,Mamit,1,15,Mizoram,07-01-2019 00:00,15060.06413
3826,Lunglei,6,15,Mizoram,07-01-2019 00:00,15023.39785
3827,Lawngtlai,7,15,Mizoram,07-01-2019 00:00,15051.27334
3828,Saiha,8,15,Mizoram,07-01-2019 00:00,14954.05996
3829,Serchhip,5,15,Mizoram,07-01-2019 00:00,14986.66739
3830,Aizawl,3,15,Mizoram,07-01-2019 00:00,15028.91356
3831,Champhai,4,15,Mizoram,07-01-2019 00:00,14960.09687
3832,South Tripura,2,16,Tripura,07-01-2019 00:00,15139.35169
3833,West Tripura,1,16,Tripura,07-01-2019 00:00,15151.60617
3834,North Tripura,4,16,Tripura,07-01-2019 00:00,15153.06419
3835,Dhalai,3,16,Tripura,07-01-2019 00:00,15137.62394
3836,Ri Bhoi,5,17,Meghalaya,07-01-2019 00:00,15115.79452
3837,South Garo Hills,3,17,Meghalaya,07-01-2019 00:00,15163.66191
3838,West Garo Hills,1,17,Meghalaya,07-01-2019 00:00,15115.63901
3839,West Khasi Hills,4,17,Meghalaya,07-01-2019 00:00,14974.70257
3840,Jaintia Hills,7,17,Meghalaya,07-01-2019 00:00,15065.49633
3841,East Garo Hills,2,17,Meghalaya,07-01-2019 00:00,15148.21573
3842,East Khasi Hills,6,17,Meghalaya,07-01-2019 00:00,15007.07961
3843,Sonitpur,11,18,Assam,07-01-2019 00:00,14971.46264
3844,Sibsagar,16,18,Assam,07-01-2019 00:00,14993.8951
3845,Tinsukia,14,18,Assam,07-01-2019 00:00,15138.20142
3846,Jorhat,17,18,Assam,07-01-2019 00:00,15088.45848
3847,Karimganj,22,18,Assam,07-01-2019 00:00,15214.12045
3848,Kokrajhar,1,18,Assam,07-01-2019 00:00,15074.17434
3849,Lakhimpur,12,18,Assam,07-01-2019 00:00,15096.18354
3850,Nagaon,10,18,Assam,07-01-2019 00:00,15153.70652
3851,Marigaon,9,18,Assam,07-01-2019 00:00,15100.88039
3852,Nalbari,7,18,Assam,07-01-2019 00:00,15070.33704
3853,North Cachar Hills,20,18,Assam,07-01-2019 00:00,15094.01684
3854,Barpeta,5,18,Assam,07-01-2019 00:00,15007.40539
3855,Bongaigaon,4,18,Assam,07-01-2019 00:00,15048.26562
3856,Cachar,21,18,Assam,07-01-2019 00:00,15211.09895
3857,Darrang,8,18,Assam,07-01-2019 00:00,14900.288
3858,Dhemaji,13,18,Assam,07-01-2019 00:00,15061.40646
3859,Dhubri,2,18,Assam,07-01-2019 00:00,14948.0101
3860,Dibrugarh,15,18,Assam,07-01-2019 00:00,14964.4301
3861,Kamrup,6,18,Assam,07-01-2019 00:00,15152.54229
3862,Karbi Anglong,19,18,Assam,07-01-2019 00:00,15121.61486
3863,Goalpara,3,18,Assam,07-01-2019 00:00,15078.58428
3864,Golaghat,18,18,Assam,07-01-2019 00:00,15059.2635
3865,Hailakandi,23,18,Assam,07-01-2019 00:00,15217.13366
3866,Hugli,12,19,West Bengal,07-01-2019 00:00,15364.6463
3867,South  Twenty Four Parganas,18,19,West Bengal,07-01-2019 00:00,15239.32729
3868,Uttar Dinajpur,4,19,West Bengal,07-01-2019 00:00,15040.3176
3869,Jalpaiguri,2,19,West Bengal,07-01-2019 00:00,14905.9759
3870,Koch Bihar,3,19,West Bengal,07-01-2019 00:00,14865.32652
3871,Murshidabad,7,19,West Bengal,07-01-2019 00:00,15213.87682
3872,Puruliya,14,19,West Bengal,07-01-2019 00:00,15403.38339
3873,Kolkata,17,19,West Bengal,07-01-2019 00:00,15444.41572
3874,Maldah,6,19,West Bengal,07-01-2019 00:00,15116.07461
3875,Nadia,10,19,West Bengal,07-01-2019 00:00,15195.25796
3876,North Twenty Four Parganas,11,19,West Bengal,07-01-2019 00:00,15200.73134
3877,Medinipur,15,19,West Bengal,07-01-2019 00:00,15331.48177
3878,Barddhaman,9,19,West Bengal,07-01-2019 00:00,15374.82426
3879,Birbhum,8,19,West Bengal,07-01-2019 00:00,15345.85096
3880,Bankura,13,19,West Bengal,07-01-2019 00:00,15383.96326
3881,Dakshin Dinajpur,5,19,West Bengal,07-01-2019 00:00,15222.21011
3882,Darjiling,1,19,West Bengal,07-01-2019 00:00,14964.02355
3883,Haora,16,19,West Bengal,07-01-2019 00:00,15280.35398
3884,Ranchi,14,20,Jharkhand,07-01-2019 00:00,15272.90294
3885,Sahibganj,9,20,Jharkhand,07-01-2019 00:00,15230.3859
3886,Garhwa,1,20,Jharkhand,07-01-2019 00:00,15386.13573
3887,Palamu,2,20,Jharkhand,07-01-2019 00:00,15319.97145
3888,Chatra,3,20,Jharkhand,07-01-2019 00:00,15320.46212
3889,Hazaribagh,4,20,Jharkhand,07-01-2019 00:00,15307.82937
3890,Kodarma,5,20,Jharkhand,07-01-2019 00:00,15360.80743
3891,Purbi Singhbhum,18,20,Jharkhand,07-01-2019 00:00,15359.85384
3892,Lohardaga,15,20,Jharkhand,07-01-2019 00:00,15179.24457
3893,Pakaur,10,20,Jharkhand,07-01-2019 00:00,15323.62978
3894,Pashchimi Singhbhum,17,20,Jharkhand,07-01-2019 00:00,15296.80577
3895,Bokaro,13,20,Jharkhand,07-01-2019 00:00,15342.84558
3896,Deoghar,7,20,Jharkhand,07-01-2019 00:00,15378.99803
3897,Dhanbad,12,20,Jharkhand,07-01-2019 00:00,15324.48697
3898,Dumka,11,20,Jharkhand,07-01-2019 00:00,15339.21179
3899,Giridih,6,20,Jharkhand,07-01-2019 00:00,15391.07803
3900,Godda,8,20,Jharkhand,07-01-2019 00:00,15356.16212
3901,Gumla,16,20,Jharkhand,07-01-2019 00:00,15197.14821
3902,Rayagada,27,21,Orissa,07-01-2019 00:00,15178.60435
3903,Sundargarh,5,21,Orissa,07-01-2019 00:00,15242.85308
3904,Sonapur,23,21,Orissa,07-01-2019 00:00,15205.87165
3905,Jajapur,13,21,Orissa,07-01-2019 00:00,15262.54552
3906,Jagatsinghapur,11,21,Orissa,07-01-2019 00:00,15286.51552
3907,Jharsuguda,2,21,Orissa,07-01-2019 00:00,15292.23397
3908,Khordha,17,21,Orissa,07-01-2019 00:00,15088.34894
3909,Mayurbhanj,7,21,Orissa,07-01-2019 00:00,15272.60522
3910,Puri,18,21,Orissa,07-01-2019 00:00,15098.87989
3911,Koraput,29,21,Orissa,07-01-2019 00:00,15103.42976
3912,Malkangiri,30,21,Orissa,07-01-2019 00:00,15206.1806
3913,Nabarangapur,28,21,Orissa,07-01-2019 00:00,15103.25835
3914,Nayagarh,16,21,Orissa,07-01-2019 00:00,15164.69594
3915,Nuapada,25,21,Orissa,07-01-2019 00:00,15257.81966
3916,Kandhamal,21,21,Orissa,07-01-2019 00:00,15124.79052
3917,Sambalpur,3,21,Orissa,07-01-2019 00:00,15242.05499
3918,Anugul,15,21,Orissa,07-01-2019 00:00,15205.43081
3919,Bhadrak,9,21,Orissa,07-01-2019 00:00,15274.44825
3920,Baudh,22,21,Orissa,07-01-2019 00:00,15190.62784
3921,Balangir,24,21,Orissa,07-01-2019 00:00,15342.12223
3922,Baleshwar,8,21,Orissa,07-01-2019 00:00,15259.22194
3923,Bargarh,1,21,Orissa,07-01-2019 00:00,15283.16989
3924,Kendrapara,10,21,Orissa,07-01-2019 00:00,15120.29863
3925,Kendujhar,6,21,Orissa,07-01-2019 00:00,15269.70065
3926,Debagarh,4,21,Orissa,07-01-2019 00:00,15241.58675
3927,Cuttack,12,21,Orissa,07-01-2019 00:00,15201.70933
3928,Dhenkanal,14,21,Orissa,07-01-2019 00:00,15251.09691
3929,Kalahandi,26,21,Orissa,07-01-2019 00:00,15203.65827
3930,Ganjam,19,21,Orissa,07-01-2019 00:00,15212.86667
3931,Gajapati,20,21,Orissa,07-01-2019 00:00,15103.51735
3932,Surguja,2,22,Chhattisgarh,07-01-2019 00:00,15231.50229
3933,Bilaspur,7,22,Chhattisgarh,07-01-2019 00:00,15318.62911
3934,Janjgir - Champa,6,22,Chhattisgarh,07-01-2019 00:00,15345.23275
3935,Korba,5,22,Chhattisgarh,07-01-2019 00:00,15198.21979
3936,Kawardha,8,22,Chhattisgarh,07-01-2019 00:00,15288.67844
3937,Jashpur,3,22,Chhattisgarh,07-01-2019 00:00,15191.20482
3938,Koriya,1,22,Chhattisgarh,07-01-2019 00:00,15218.34917
3939,Mahasamund,12,22,Chhattisgarh,07-01-2019 00:00,15318.23959
3940,Raigarh,4,22,Chhattisgarh,07-01-2019 00:00,15277.35111
3941,Raipur,11,22,Chhattisgarh,07-01-2019 00:00,15316.2394
3942,Rajnandgaon,9,22,Chhattisgarh,07-01-2019 00:00,15312.64999
3943,Bastar,15,22,Chhattisgarh,07-01-2019 00:00,15086.8028
3944,Dantewada,16,22,Chhattisgarh,07-01-2019 00:00,15126.41065
3945,Dhamtari,13,22,Chhattisgarh,07-01-2019 00:00,15211.18619
3946,Durg,10,22,Chhattisgarh,07-01-2019 00:00,15441.3413
3947,Kanker,14,22,Chhattisgarh,07-01-2019 00:00,15138.89427
3948,Hoshangabad,37,23,Madhya Pradesh,07-01-2019 00:00,15449.22966
3949,Indore,26,23,Madhya Pradesh,07-01-2019 00:00,15330.49686
3950,Shajapur,22,23,Madhya Pradesh,07-01-2019 00:00,15497.18367
3951,Shivpuri,6,23,Madhya Pradesh,07-01-2019 00:00,15535.82251
3952,Ratlam,20,23,Madhya Pradesh,07-01-2019 00:00,15415.08065
3953,Rewa,14,23,Madhya Pradesh,07-01-2019 00:00,15442.01859
3954,Sagar,11,23,Madhya Pradesh,07-01-2019 00:00,15535.59112
3955,Sidhi,17,23,Madhya Pradesh,07-01-2019 00:00,15383.32064
3956,Ujjain,21,23,Madhya Pradesh,07-01-2019 00:00,15409.45905
3957,Vidisha,31,23,Madhya Pradesh,07-01-2019 00:00,15497.62573
3958,West Nimar,27,23,Madhya Pradesh,07-01-2019 00:00,15544.23599
3959,Morena,2,23,Madhya Pradesh,07-01-2019 00:00,15527.28426
3960,Sheopur,1,23,Madhya Pradesh,07-01-2019 00:00,15499.71108
3961,Dindori,41,23,Madhya Pradesh,07-01-2019 00:00,15238.48736
3962,Mandla,42,23,Madhya Pradesh,07-01-2019 00:00,15247.78417
3963,Shahdol,16,23,Madhya Pradesh,07-01-2019 00:00,15320.82083
3964,Umaria,15,23,Madhya Pradesh,07-01-2019 00:00,15280.94063
3965,Jabalpur,39,23,Madhya Pradesh,07-01-2019 00:00,15372.93054
3966,Jhabua,24,23,Madhya Pradesh,07-01-2019 00:00,15348.47868
3967,Mandsaur,19,23,Madhya Pradesh,07-01-2019 00:00,15461.90781
3968,Tikamgarh,8,23,Madhya Pradesh,07-01-2019 00:00,15526.97033
3969,Narsimhapur,40,23,Madhya Pradesh,07-01-2019 00:00,15446.25474
3970,Neemuch,18,23,Madhya Pradesh,07-01-2019 00:00,15441.68225
3971,Panna,10,23,Madhya Pradesh,07-01-2019 00:00,15392.54228
3972,Raisen,34,23,Madhya Pradesh,07-01-2019 00:00,15472.57413
3973,Rajgarh,30,23,Madhya Pradesh,07-01-2019 00:00,15482.24991
3974,Satna,13,23,Madhya Pradesh,07-01-2019 00:00,15398.261
3975,Sehore,33,23,Madhya Pradesh,07-01-2019 00:00,15472.89418
3976,Seoni,44,23,Madhya Pradesh,07-01-2019 00:00,15362.82737
3977,Bhind,3,23,Madhya Pradesh,07-01-2019 00:00,15548.69087
3978,Bhopal,32,23,Madhya Pradesh,07-01-2019 00:00,15435.4096
3979,Barwani,28,23,Madhya Pradesh,07-01-2019 00:00,15510.88029
3980,Betul,35,23,Madhya Pradesh,07-01-2019 00:00,15394.34682
3981,Balaghat,45,23,Madhya Pradesh,07-01-2019 00:00,15215.43827
3982,Chhatarpur,9,23,Madhya Pradesh,07-01-2019 00:00,15505.11254
3983,Chhindwara,43,23,Madhya Pradesh,07-01-2019 00:00,15479.9304
3984,Dewas,23,23,Madhya Pradesh,07-01-2019 00:00,15434.69261
3985,Katni,38,23,Madhya Pradesh,07-01-2019 00:00,15317.98267
3986,Datia,5,23,Madhya Pradesh,07-01-2019 00:00,15597.78656
3987,Damoh,12,23,Madhya Pradesh,07-01-2019 00:00,15495.89026
3988,Dhar,25,23,Madhya Pradesh,07-01-2019 00:00,15398.34401
3989,East Nimar,29,23,Madhya Pradesh,07-01-2019 00:00,15464.38563
3990,Guna,7,23,Madhya Pradesh,07-01-2019 00:00,15492.78967
3991,Gwalior,4,23,Madhya Pradesh,07-01-2019 00:00,15600.04507
3992,Harda,36,23,Madhya Pradesh,07-01-2019 00:00,15537.73392
3993,Sabar Kantha,5,24,Gujarat,07-01-2019 00:00,15361.47321
3994,Surendranagar,8,24,Gujarat,07-01-2019 00:00,15511.1207
3995,The Dangs,23,24,Gujarat,07-01-2019 00:00,15138.31715
3996,Vadodara,19,24,Gujarat,07-01-2019 00:00,15364.21806
3997,Valsad,25,24,Gujarat,07-01-2019 00:00,15140.06104
3998,Bharuch,21,24,Gujarat,07-01-2019 00:00,15381.70377
3999,Surat,22,24,Gujarat,07-01-2019 00:00,15197.49368
4000,Jamnagar,10,24,Gujarat,07-01-2019 00:00,15481.41058
4001,Kheda,16,24,Gujarat,07-01-2019 00:00,15386.75873
4002,Mahesana,4,24,Gujarat,07-01-2019 00:00,15493.58328
4003,Narmada,20,24,Gujarat,07-01-2019 00:00,15219.32225
4004,Navsari,24,24,Gujarat,07-01-2019 00:00,15165.74549
4005,Panch Mahals,17,24,Gujarat,07-01-2019 00:00,15339.80687
4006,Patan,3,24,Gujarat,07-01-2019 00:00,15576.5033
4007,Porbandar,11,24,Gujarat,07-01-2019 00:00,15469.67025
4008,Rajkot,9,24,Gujarat,07-01-2019 00:00,15526.02144
4009,Anand,15,24,Gujarat,07-01-2019 00:00,15457.93415
4010,Ahmadabad,7,24,Gujarat,07-01-2019 00:00,15533.66904
4011,Amreli,13,24,Gujarat,07-01-2019 00:00,15493.70283
4012,Bhavnagar,14,24,Gujarat,07-01-2019 00:00,15521.10882
4013,Banas Kantha,2,24,Gujarat,07-01-2019 00:00,15491.83999
4014,Dohad,18,24,Gujarat,07-01-2019 00:00,15322.18756
4015,Junagadh,12,24,Gujarat,07-01-2019 00:00,15369.49327
4016,Kachchh,1,24,Gujarat,07-01-2019 00:00,15542.51227
4017,Gandhinagar,6,24,Gujarat,07-01-2019 00:00,15461.94927
4018,Daman,2,25,Daman & Diu,07-01-2019 00:00,15085.78824
4019,Diu,1,25,Daman & Diu,07-01-2019 00:00,15347.73622
4020,Hingoli,16,27,Maharashtra,07-01-2019 00:00,15643.64713
4021,Ratnagiri,32,27,Maharashtra,07-01-2019 00:00,14958.74166
4022,Raigarh,24,27,Maharashtra,07-01-2019 00:00,14962.47315
4023,Thane,21,27,Maharashtra,07-01-2019 00:00,15125.91948
4024,Solapur,30,27,Maharashtra,07-01-2019 00:00,15463.51145
4025,Sindhudurg,33,27,Maharashtra,07-01-2019 00:00,14847.90801
4026,Wardha,8,27,Maharashtra,07-01-2019 00:00,15697.6767
4027,Washim,6,27,Maharashtra,07-01-2019 00:00,15616.77024
4028,Yavatmal,14,27,Maharashtra,07-01-2019 00:00,15642.30921
4029,Jalgaon,3,27,Maharashtra,07-01-2019 00:00,15532.45778
4030,Jalna,18,27,Maharashtra,07-01-2019 00:00,15591.9943
4031,Kolhapur,34,27,Maharashtra,07-01-2019 00:00,15018.17418
4032,Latur,28,27,Maharashtra,07-01-2019 00:00,15618.60987
4033,Pune,25,27,Maharashtra,07-01-2019 00:00,15198.44196
4034,Nagpur,9,27,Maharashtra,07-01-2019 00:00,15537.64163
4035,Mumbai,23,27,Maharashtra,07-01-2019 00:00,14617.64108
4036,Mumbai (Suburban),22,27,Maharashtra,07-01-2019 00:00,15037.25707
4037,Nanded,15,27,Maharashtra,07-01-2019 00:00,15623.86935
4038,Nandurbar,1,27,Maharashtra,07-01-2019 00:00,15396.82413
4039,Nashik,20,27,Maharashtra,07-01-2019 00:00,15365.34749
4040,Osmanabad,29,27,Maharashtra,07-01-2019 00:00,15557.5444
4041,Parbhani,17,27,Maharashtra,07-01-2019 00:00,15655.42159
4042,Sangli,35,27,Maharashtra,07-01-2019 00:00,15215.86247
4043,Satara,31,27,Maharashtra,07-01-2019 00:00,15186.23426
4044,Aurangabad,19,27,Maharashtra,07-01-2019 00:00,15474.64793
4045,Ahmadnagar,26,27,Maharashtra,07-01-2019 00:00,15418.20765
4046,Akola,5,27,Maharashtra,07-01-2019 00:00,15672.18041
4047,Amravati,7,27,Maharashtra,07-01-2019 00:00,15619.23734
4048,Bid,27,27,Maharashtra,07-01-2019 00:00,15560.31438
4049,Bhandara,10,27,Maharashtra,07-01-2019 00:00,15393.45163
4050,Buldana,4,27,Maharashtra,07-01-2019 00:00,15541.29279
4051,Chandrapur,13,27,Maharashtra,07-01-2019 00:00,15382.82487
4052,Dhule,2,27,Maharashtra,07-01-2019 00:00,15507.11436
4053,Gadchiroli,12,27,Maharashtra,07-01-2019 00:00,15153.24484
4054,Gondiya,11,27,Maharashtra,07-01-2019 00:00,15267.76009
4055,Hyderabad,5,28,Andhra Pradesh,07-01-2019 00:00,15374.634
4056,Rangareddi,6,28,Andhra Pradesh,07-01-2019 00:00,15356.44875
4057,Srikakulam,11,28,Andhra Pradesh,07-01-2019 00:00,15307.52733
4058,West Godavari,15,28,Andhra Pradesh,07-01-2019 00:00,15270.9794
4059,Visakhapatnam,13,28,Andhra Pradesh,07-01-2019 00:00,15199.67408
4060,Vizianagaram,12,28,Andhra Pradesh,07-01-2019 00:00,15335.67754
4061,Warangal,9,28,Andhra Pradesh,07-01-2019 00:00,15358.4559
4062,Khammam,10,28,Andhra Pradesh,07-01-2019 00:00,15288.82516
4063,Medak,4,28,Andhra Pradesh,07-01-2019 00:00,15439.97233
4064,Krishna,16,28,Andhra Pradesh,07-01-2019 00:00,15421.07016
4065,Kurnool,21,28,Andhra Pradesh,07-01-2019 00:00,15380.93452
4066,Mahbubnagar,7,28,Andhra Pradesh,07-01-2019 00:00,15325.18114
4067,Nalgonda,8,28,Andhra Pradesh,07-01-2019 00:00,15431.58976
4068,Nellore,19,28,Andhra Pradesh,07-01-2019 00:00,15595.13487
4069,Nizamabad,2,28,Andhra Pradesh,07-01-2019 00:00,15307.75063
4070,Prakasam,18,28,Andhra Pradesh,07-01-2019 00:00,15565.03412
4071,Anantapur,22,28,Andhra Pradesh,07-01-2019 00:00,15411.13572
4072,Adilabad,1,28,Andhra Pradesh,07-01-2019 00:00,15442.24688
4073,Chittoor,23,28,Andhra Pradesh,07-01-2019 00:00,15352.39955
4074,Cuddapah,20,28,Andhra Pradesh,07-01-2019 00:00,15495.64426
4075,East Godavari,14,28,Andhra Pradesh,07-01-2019 00:00,15228.38854
4076,Karimnagar,3,28,Andhra Pradesh,07-01-2019 00:00,15377.13143
4077,Guntur,17,28,Andhra Pradesh,07-01-2019 00:00,15582.53648
4078,Hassan,23,29,Karnataka,07-01-2019 00:00,15025.28242
4079,Haveri,11,29,Karnataka,07-01-2019 00:00,15098.79589
4080,Shimoga,15,29,Karnataka,07-01-2019 00:00,14950.14956
4081,Tumkur,18,29,Karnataka,07-01-2019 00:00,15256.9652
4082,Udupi,16,29,Karnataka,07-01-2019 00:00,15069.05357
4083,Uttara Kannada,10,29,Karnataka,07-01-2019 00:00,14878.71382
4084,Kodagu,25,29,Karnataka,07-01-2019 00:00,14830.57476
4085,Kolar,19,29,Karnataka,07-01-2019 00:00,15323.6321
4086,Mandya,22,29,Karnataka,07-01-2019 00:00,15188.19985
4087,Koppal,7,29,Karnataka,07-01-2019 00:00,15286.33133
4088,Mysore,26,29,Karnataka,07-01-2019 00:00,15065.9898
4089,Raichur,6,29,Karnataka,07-01-2019 00:00,15420.73397
4090,Bagalkot,2,29,Karnataka,07-01-2019 00:00,15270.96641
4091,Bangalore,20,29,Karnataka,07-01-2019 00:00,15201.20858
4092,Bidar,5,29,Karnataka,07-01-2019 00:00,15599.69778
4093,Bijapur,3,29,Karnataka,07-01-2019 00:00,15441.98058
4094,Belgaum,1,29,Karnataka,07-01-2019 00:00,15155.85531
4095,Bellary,12,29,Karnataka,07-01-2019 00:00,15303.89456
4096,Bangalore Rural,21,29,Karnataka,07-01-2019 00:00,15206.66225
4097,Chamarajanagar,27,29,Karnataka,07-01-2019 00:00,15224.00251
4098,Chikmagalur,17,29,Karnataka,07-01-2019 00:00,15003.52764
4099,Chitradurga,13,29,Karnataka,07-01-2019 00:00,15246.74755
4100,Dakshina Kannada,24,29,Karnataka,07-01-2019 00:00,14996.40523
4101,Davanagere,14,29,Karnataka,07-01-2019 00:00,15134.25388
4102,Dharwad,9,29,Karnataka,07-01-2019 00:00,15140.67765
4103,Gulbarga,4,29,Karnataka,07-01-2019 00:00,15451.83489
4104,Gadag,8,29,Karnataka,07-01-2019 00:00,15273.86861
4105,South Goa,2,30,Goa,07-01-2019 00:00,14874.48755
4106,North Goa,1,30,Goa,07-01-2019 00:00,14903.97508
4107,Idukki,9,32,Kerala,07-01-2019 00:00,14753.56013
4108,Thrissur,7,32,Kerala,07-01-2019 00:00,14869.71233
4109,Thiruvananthapuram,14,32,Kerala,07-01-2019 00:00,14918.52273
4110,Wayanad,3,32,Kerala,07-01-2019 00:00,14853.04552
4111,Kollam,13,32,Kerala,07-01-2019 00:00,14896.49773
4112,Kottayam,10,32,Kerala,07-01-2019 00:00,14940.78712
4113,Kozhikode,4,32,Kerala,07-01-2019 00:00,14918.54795
4114,Malappuram,5,32,Kerala,07-01-2019 00:00,14881.63174
4115,Palakkad,6,32,Kerala,07-01-2019 00:00,14910.06789
4116,Pathanamthitta,12,32,Kerala,07-01-2019 00:00,14876.2179
4117,Alappuzha,11,32,Kerala,07-01-2019 00:00,14928.42999
4118,Kasaragod,1,32,Kerala,07-01-2019 00:00,15007.61776
4119,Kannur,2,32,Kerala,07-01-2019 00:00,14997.46174
4120,Ernakulam,8,32,Kerala,07-01-2019 00:00,14954.06075
4121,Sivaganga,23,33,Tamil Nadu,07-01-2019 00:00,15629.31881
4122,Tiruchirappalli,15,33,Tamil Nadu,07-01-2019 00:00,15555.88424
4123,Tirunelveli,29,33,Tamil Nadu,07-01-2019 00:00,15519.71861
4124,Tiruvannamalai,6,33,Tamil Nadu,07-01-2019 00:00,15338.93559
4125,Thoothukkudi,28,33,Tamil Nadu,07-01-2019 00:00,15737.38713
4126,Theni,25,33,Tamil Nadu,07-01-2019 00:00,15337.44174
4127,Vellore,4,33,Tamil Nadu,07-01-2019 00:00,15295.76635
4128,Viluppuram,7,33,Tamil Nadu,07-01-2019 00:00,15432.19881
4129,Virudhunagar,26,33,Tamil Nadu,07-01-2019 00:00,15702.40982
4130,Chennai,2,33,Tamil Nadu,07-01-2019 00:00,15481.09566
4131,Kancheepuram,3,33,Tamil Nadu,07-01-2019 00:00,15447.92711
4132,Thiruvallur,1,33,Tamil Nadu,07-01-2019 00:00,15516.66443
4133,Thanjavur,21,33,Tamil Nadu,07-01-2019 00:00,15504.55239
4134,Thiruvarur,20,33,Tamil Nadu,07-01-2019 00:00,15522.70459
4135,Nagapattinam,19,33,Tamil Nadu,07-01-2019 00:00,15446.15432
4136,Kanniyakumari,30,33,Tamil Nadu,07-01-2019 00:00,14964.39493
4137,Karur,14,33,Tamil Nadu,07-01-2019 00:00,15580.649
4138,Madurai,24,33,Tamil Nadu,07-01-2019 00:00,15590.90933
4139,Namakkal,9,33,Tamil Nadu,07-01-2019 00:00,15463.9421
4140,The Nilgiris,11,33,Tamil Nadu,07-01-2019 00:00,14808.04797
4141,Perambalur,16,33,Tamil Nadu,07-01-2019 00:00,15609.09578
4142,Pudukkottai,22,33,Tamil Nadu,07-01-2019 00:00,15608.40919
4143,Ramanathapuram,27,33,Tamil Nadu,07-01-2019 00:00,15692.07087
4144,Salem,8,33,Tamil Nadu,07-01-2019 00:00,15398.06656
4145,Ariyalur,17,33,Tamil Nadu,07-01-2019 00:00,15633.05551
4146,Coimbatore,12,33,Tamil Nadu,07-01-2019 00:00,15340.49813
4147,Cuddalore,18,33,Tamil Nadu,07-01-2019 00:00,15481.59797
4148,Dharmapuri,5,33,Tamil Nadu,07-01-2019 00:00,15362.00963
4149,Dindigul,13,33,Tamil Nadu,07-01-2019 00:00,15321.89601
4150,Erode,10,33,Tamil Nadu,07-01-2019 00:00,15443.09835
4151,Yanam,1,34,Puducherry,07-01-2019 00:00,15293.55716
4152,Karaikal,4,34,Puducherry,07-01-2019 00:00,15578.91005
4153,Mahe,3,34,Puducherry,07-01-2019 00:00,14778.61849
4154,Pondicherry,2,34,Puducherry,07-01-2019 00:00,15433.93631
4155,Nicobars,2,35,Andaman & Nicobar Island,07-01-2019 00:00,14968.4026
4156,Andamans,1,35,Andaman & Nicobar Island,07-01-2019 00:00,14958.68452
4157,Lakshadweep,1,31,Lakshadweep,08-01-2019 00:00,15006.89327
4158,Chandigarh,1,4,Chandigarh,08-01-2019 00:00,15261.69614
4159,Dadra & Nagar Haveli,1,26,Dadara & Nagar Havelli,08-01-2019 00:00,15086.25969
4160,Data Not Available,99,99,Jammu and Kashmir,08-01-2019 00:00,14628.91887
4161,Srinagar,3,1,Jammu and Kashmir,08-01-2019 00:00,14577.5326
4162,Udhampur,10,1,Jammu and Kashmir,08-01-2019 00:00,14865.82806
4163,Jammu,13,1,Jammu and Kashmir,08-01-2019 00:00,15171.34544
4164,Kargil,8,1,Jammu and Kashmir,08-01-2019 00:00,14702.54021
4165,Kathua,14,1,Jammu and Kashmir,08-01-2019 00:00,15011.78112
4166,Leh (Ladakh),7,1,Jammu and Kashmir,08-01-2019 00:00,14647.45256
4167,Kupwara,1,1,Jammu and Kashmir,08-01-2019 00:00,14726.05588
4168,Punch,11,1,Jammu and Kashmir,08-01-2019 00:00,14846.31597
4169,Pulwama,5,1,Jammu and Kashmir,08-01-2019 00:00,14824.72653
4170,Rajauri,12,1,Jammu and Kashmir,08-01-2019 00:00,14979.42912
4171,Anantnag,6,1,Jammu and Kashmir,08-01-2019 00:00,14576.57303
4172,Badgam,4,1,Jammu and Kashmir,08-01-2019 00:00,14729.083
4173,Baramula,2,1,Jammu and Kashmir,08-01-2019 00:00,14703.50768
4174,Doda,9,1,Jammu and Kashmir,08-01-2019 00:00,14465.01803
4175,Shimla,11,2,Himachal Pradesh,08-01-2019 00:00,14645.0425
4176,Sirmaur,10,2,Himachal Pradesh,08-01-2019 00:00,14953.23304
4177,Solan,9,2,Himachal Pradesh,08-01-2019 00:00,15017.85433
4178,Una,7,2,Himachal Pradesh,08-01-2019 00:00,15105.20937
4179,Kangra,2,2,Himachal Pradesh,08-01-2019 00:00,14848.55447
4180,Kinnaur,12,2,Himachal Pradesh,08-01-2019 00:00,14409.98925
4181,Lahul & Spiti,3,2,Himachal Pradesh,08-01-2019 00:00,14407.75822
4182,Kullu,4,2,Himachal Pradesh,08-01-2019 00:00,14346.84712
4183,Mandi,5,2,Himachal Pradesh,08-01-2019 00:00,14858.73907
4184,Bilaspur,8,2,Himachal Pradesh,08-01-2019 00:00,15028.78652
4185,Chamba,1,2,Himachal Pradesh,08-01-2019 00:00,14493.37034
4186,Hamirpur,6,2,Himachal Pradesh,08-01-2019 00:00,15052.25666
4187,Hoshiarpur,5,3,Punjab,08-01-2019 00:00,15176.64043
4188,Rupnagar,7,3,Punjab,08-01-2019 00:00,15148.15509
4189,Jalandhar,4,3,Punjab,08-01-2019 00:00,15148.83116
4190,Kapurthala,3,3,Punjab,08-01-2019 00:00,15131.25323
4191,Ludhiana,9,3,Punjab,08-01-2019 00:00,15138.08858
4192,Mansa,15,3,Punjab,08-01-2019 00:00,15133.96536
4193,Moga,10,3,Punjab,08-01-2019 00:00,15127.3106
4194,Muktsar,12,3,Punjab,08-01-2019 00:00,15137.59442
4195,Nawanshahr,6,3,Punjab,08-01-2019 00:00,15154.50898
4196,Patiala,17,3,Punjab,08-01-2019 00:00,15122.59914
4197,Sangrur,16,3,Punjab,08-01-2019 00:00,15102.20973
4198,Amritsar,2,3,Punjab,08-01-2019 00:00,15143.44928
4199,Firozpur,11,3,Punjab,08-01-2019 00:00,15152.34115
4200,Bathinda,14,3,Punjab,08-01-2019 00:00,15119.73482
4201,Gurdaspur,1,3,Punjab,08-01-2019 00:00,15146.44567
4202,Faridkot,13,3,Punjab,08-01-2019 00:00,15118.58656
4203,Fatehgarh Sahib,8,3,Punjab,08-01-2019 00:00,15125.47707
4204,Hardwar,13,5,Uttarakhand,08-01-2019 00:00,15110.29226
4205,Rudraprayag,3,5,Uttarakhand,08-01-2019 00:00,14573.64751
4206,Tehri Garhwal,4,5,Uttarakhand,08-01-2019 00:00,14770.78642
4207,Udham Singh Nagar,12,5,Uttarakhand,08-01-2019 00:00,15128.91009
4208,Uttarkashi,1,5,Uttarakhand,08-01-2019 00:00,14419.29891
4209,Nainital,11,5,Uttarakhand,08-01-2019 00:00,15030.9023
4210,Pithoragarh,7,5,Uttarakhand,08-01-2019 00:00,14386.37389
4211,Bageshwar,8,5,Uttarakhand,08-01-2019 00:00,14668.11122
4212,Almora,9,5,Uttarakhand,08-01-2019 00:00,14957.2063
4213,Chamoli,2,5,Uttarakhand,08-01-2019 00:00,14347.93682
4214,Champawat,10,5,Uttarakhand,08-01-2019 00:00,15001.07938
4215,Dehradun,5,5,Uttarakhand,08-01-2019 00:00,14989.05276
4216,Garhwal,6,5,Uttarakhand,08-01-2019 00:00,14937.71131
4217,Hisar,12,6,Haryana,08-01-2019 00:00,15226.6896
4218,Rohtak,14,6,Haryana,08-01-2019 00:00,15231.17978
4219,Sirsa,11,6,Haryana,08-01-2019 00:00,15167.58868
4220,Sonipat,8,6,Haryana,08-01-2019 00:00,15188.04089
4221,Yamunanagar,3,6,Haryana,08-01-2019 00:00,15105.42962
4222,Jhajjar,15,6,Haryana,08-01-2019 00:00,15249.57051
4223,Mahendragarh,16,6,Haryana,08-01-2019 00:00,15200.46038
4224,Rewari,17,6,Haryana,08-01-2019 00:00,15262.41965
4225,Bhiwani,13,6,Haryana,08-01-2019 00:00,15271.73373
4226,Jind,9,6,Haryana,08-01-2019 00:00,15144.23077
4227,Kaithal,5,6,Haryana,08-01-2019 00:00,15064.09513
4228,Karnal,6,6,Haryana,08-01-2019 00:00,15076.9454
4229,Kurukshetra,4,6,Haryana,08-01-2019 00:00,15082.57585
4230,Panchkula,1,6,Haryana,08-01-2019 00:00,15104.14887
4231,Panipat,7,6,Haryana,08-01-2019 00:00,15126.38879
4232,Ambala,2,6,Haryana,08-01-2019 00:00,15135.61945
4233,Gurgaon,18,6,Haryana,08-01-2019 00:00,15244.08761
4234,Faridabad,19,6,Haryana,08-01-2019 00:00,15206.91373
4235,Fatehabad,10,6,Haryana,08-01-2019 00:00,15114.15269
4236,Central,6,7,Delhi  & NCR,08-01-2019 00:00,15215.38641
4237,East,4,7,Delhi  & NCR,08-01-2019 00:00,15226.33473
4238,New Delhi,5,7,Delhi  & NCR,08-01-2019 00:00,15206.28988
4239,North,2,7,Delhi  & NCR,08-01-2019 00:00,15201.01124
4240,North East,3,7,Delhi  & NCR,08-01-2019 00:00,15223.84476
4241,North West,1,7,Delhi  & NCR,08-01-2019 00:00,15228.6013
4242,South,9,7,Delhi  & NCR,08-01-2019 00:00,15217.7124
4243,South West,8,7,Delhi  & NCR,08-01-2019 00:00,15277.70742
4244,West,7,7,Delhi  & NCR,08-01-2019 00:00,15340.06783
4245,Sirohi,19,8,Rajasthan,08-01-2019 00:00,15099.78079
4246,Tonk,22,8,Rajasthan,08-01-2019 00:00,15084.07172
4247,Sikar,13,8,Rajasthan,08-01-2019 00:00,15180.62389
4248,Alwar,6,8,Rajasthan,08-01-2019 00:00,15152.95494
4249,Udaipur,26,8,Rajasthan,08-01-2019 00:00,15017.21341
4250,Ganganagar,1,8,Rajasthan,08-01-2019 00:00,15532.72424
4251,Hanumangarh,2,8,Rajasthan,08-01-2019 00:00,15428.79275
4252,Baran,31,8,Rajasthan,08-01-2019 00:00,15060.59982
4253,Jaipur,12,8,Rajasthan,08-01-2019 00:00,15142.49954
4254,Jaisalmer,16,8,Rajasthan,08-01-2019 00:00,15947.5005
4255,Jalor,18,8,Rajasthan,08-01-2019 00:00,15356.13051
4256,Jhalawar,32,8,Rajasthan,08-01-2019 00:00,15067.28644
4257,Jhunjhunun,5,8,Rajasthan,08-01-2019 00:00,15246.08335
4258,Jodhpur,15,8,Rajasthan,08-01-2019 00:00,15550.46029
4259,Kota,30,8,Rajasthan,08-01-2019 00:00,15069.07401
4260,Nagaur,14,8,Rajasthan,08-01-2019 00:00,15242.20295
4261,Pali,20,8,Rajasthan,08-01-2019 00:00,15158.87433
4262,Rajsamand,25,8,Rajasthan,08-01-2019 00:00,15035.28897
4263,Sawai Madhopur,10,8,Rajasthan,08-01-2019 00:00,15108.70714
4264,Ajmer,21,8,Rajasthan,08-01-2019 00:00,15088.78641
4265,Banswara,28,8,Rajasthan,08-01-2019 00:00,15024.20448
4266,Barmer,17,8,Rajasthan,08-01-2019 00:00,15608.52749
4267,Bhilwara,24,8,Rajasthan,08-01-2019 00:00,15083.9846
4268,Bikaner,3,8,Rajasthan,08-01-2019 00:00,15755.62784
4269,Bharatpur,7,8,Rajasthan,08-01-2019 00:00,15183.33571
4270,Bundi,23,8,Rajasthan,08-01-2019 00:00,15024.17606
4271,Chittaurgarh,29,8,Rajasthan,08-01-2019 00:00,15058.50016
4272,Churu,4,8,Rajasthan,08-01-2019 00:00,15447.2988
4273,Dausa,11,8,Rajasthan,08-01-2019 00:00,15124.92282
4274,Dhaulpur,8,8,Rajasthan,08-01-2019 00:00,15131.60393
4275,Dungarpur,27,8,Rajasthan,08-01-2019 00:00,15057.49954
4276,Karauli,9,8,Rajasthan,08-01-2019 00:00,15127.98789
4277,Hathras,13,9,Uttar Pradesh,08-01-2019 00:00,15188.44548
4278,Shrawasti,51,9,Uttar Pradesh,08-01-2019 00:00,15188.21572
4279,Saharanpur,1,9,Uttar Pradesh,08-01-2019 00:00,15117.6055
4280,Sitapur,24,9,Uttar Pradesh,08-01-2019 00:00,15208.40808
4281,Sultanpur,49,9,Uttar Pradesh,08-01-2019 00:00,15207.64514
4282,Sonbhadra,70,9,Uttar Pradesh,08-01-2019 00:00,15160.52788
4283,Siddharthnagar,54,9,Uttar Pradesh,08-01-2019 00:00,15198.79414
4284,Unnao,26,9,Uttar Pradesh,08-01-2019 00:00,15221.71528
4285,Varanasi,67,9,Uttar Pradesh,08-01-2019 00:00,15232.75967
4286,Bulandshahr,11,9,Uttar Pradesh,08-01-2019 00:00,15117.71622
4287,Gautam Buddha Nagar,10,9,Uttar Pradesh,08-01-2019 00:00,15214.89204
4288,Ghaziabad,9,9,Uttar Pradesh,08-01-2019 00:00,15148.60061
4289,Jalaun,35,9,Uttar Pradesh,08-01-2019 00:00,15186.70465
4290,Jaunpur,64,9,Uttar Pradesh,08-01-2019 00:00,15207.00706
4291,Jhansi,36,9,Uttar Pradesh,08-01-2019 00:00,15130.44279
4292,Jyotiba Phule Nagar,6,9,Uttar Pradesh,08-01-2019 00:00,15115.57938
4293,Kannauj,30,9,Uttar Pradesh,08-01-2019 00:00,15293.11196
4294,Kanpur Nagar,34,9,Uttar Pradesh,08-01-2019 00:00,15260.77534
4295,Kaushambi,44,9,Uttar Pradesh,08-01-2019 00:00,15150.39034
4296,Kheri,23,9,Uttar Pradesh,08-01-2019 00:00,15162.03317
4297,Mirzapur,69,9,Uttar Pradesh,08-01-2019 00:00,15223.06699
4298,Moradabad,4,9,Uttar Pradesh,08-01-2019 00:00,15115.0366
4299,Muzaffarnagar,2,9,Uttar Pradesh,08-01-2019 00:00,15120.3097
4300,Rae Bareli,28,9,Uttar Pradesh,08-01-2019 00:00,15200.00792
4301,Kushinagar,59,9,Uttar Pradesh,08-01-2019 00:00,15213.32467
4302,Lucknow,27,9,Uttar Pradesh,08-01-2019 00:00,15289.15154
4303,Lalitpur,37,9,Uttar Pradesh,08-01-2019 00:00,15053.49351
4304,Mahrajganj,57,9,Uttar Pradesh,08-01-2019 00:00,15183.76985
4305,Mahoba,39,9,Uttar Pradesh,08-01-2019 00:00,15089.83343
4306,Mainpuri,18,9,Uttar Pradesh,08-01-2019 00:00,15245.53475
4307,Mathura,14,9,Uttar Pradesh,08-01-2019 00:00,15157.97954
4308,Mau,62,9,Uttar Pradesh,08-01-2019 00:00,15212.11848
4309,Meerut,7,9,Uttar Pradesh,08-01-2019 00:00,15105.91134
4310,Pilibhit,21,9,Uttar Pradesh,08-01-2019 00:00,15134.67475
4311,Pratapgarh,43,9,Uttar Pradesh,08-01-2019 00:00,15186.94044
4312,Rampur,5,9,Uttar Pradesh,08-01-2019 00:00,15088.97079
4313,Sant Ravidas Nagar Bhadohi,68,9,Uttar Pradesh,08-01-2019 00:00,15159.07688
4314,Sant Kabir Nagar,56,9,Uttar Pradesh,08-01-2019 00:00,15188.39779
4315,Shahjahanpur,22,9,Uttar Pradesh,08-01-2019 00:00,15176.87159
4316,Auraiya,32,9,Uttar Pradesh,08-01-2019 00:00,15217.94844
4317,Azamgarh,61,9,Uttar Pradesh,08-01-2019 00:00,15241.17659
4318,Budaun,19,9,Uttar Pradesh,08-01-2019 00:00,15225.97655
4319,Agra,15,9,Uttar Pradesh,08-01-2019 00:00,15168.84763
4320,Aligarh,12,9,Uttar Pradesh,08-01-2019 00:00,15147.47793
4321,Allahabad,45,9,Uttar Pradesh,08-01-2019 00:00,15174.42365
4322,Ambedkar Nagar,48,9,Uttar Pradesh,08-01-2019 00:00,15194.64195
4323,Bareilly,20,9,Uttar Pradesh,08-01-2019 00:00,15172.51733
4324,Bijnor,3,9,Uttar Pradesh,08-01-2019 00:00,15085.00401
4325,Basti,55,9,Uttar Pradesh,08-01-2019 00:00,15187.14884
4326,Baghpat,8,9,Uttar Pradesh,08-01-2019 00:00,15116.07895
4327,Bahraich,50,9,Uttar Pradesh,08-01-2019 00:00,15191.79633
4328,Ballia,63,9,Uttar Pradesh,08-01-2019 00:00,15185.277
4329,Balrampur,52,9,Uttar Pradesh,08-01-2019 00:00,15186.50789
4330,Banda,40,9,Uttar Pradesh,08-01-2019 00:00,15110.27319
4331,Barabanki,46,9,Uttar Pradesh,08-01-2019 00:00,15187.386
4332,Chitrakoot,41,9,Uttar Pradesh,08-01-2019 00:00,15138.01373
4333,Chandauli,66,9,Uttar Pradesh,08-01-2019 00:00,15205.17749
4334,Deoria,60,9,Uttar Pradesh,08-01-2019 00:00,15200.50362
4335,Etah,17,9,Uttar Pradesh,08-01-2019 00:00,15201.7818
4336,Kanpur Dehat,33,9,Uttar Pradesh,08-01-2019 00:00,15205.50719
4337,Etawah,31,9,Uttar Pradesh,08-01-2019 00:00,15201.90243
4338,Faizabad,47,9,Uttar Pradesh,08-01-2019 00:00,15227.17721
4339,Ghazipur,65,9,Uttar Pradesh,08-01-2019 00:00,15216.12439
4340,Gonda,53,9,Uttar Pradesh,08-01-2019 00:00,15176.55384
4341,Gorakhpur,58,9,Uttar Pradesh,08-01-2019 00:00,15229.22875
4342,Farrukhabad,29,9,Uttar Pradesh,08-01-2019 00:00,15292.18002
4343,Fatehpur,42,9,Uttar Pradesh,08-01-2019 00:00,15158.68683
4344,Firozabad,16,9,Uttar Pradesh,08-01-2019 00:00,15194.75427
4345,Hamirpur,38,9,Uttar Pradesh,08-01-2019 00:00,15107.69953
4346,Hardoi,25,9,Uttar Pradesh,08-01-2019 00:00,15217.4419
4347,Sheikhpura,26,10,Bihar,08-01-2019 00:00,15305.68409
4348,Sheohar,3,10,Bihar,08-01-2019 00:00,15185.75906
4349,Saharsa,12,10,Bihar,08-01-2019 00:00,15072.50929
4350,Sitamarhi,4,10,Bihar,08-01-2019 00:00,15203.91169
4351,Siwan,16,10,Bihar,08-01-2019 00:00,15228.62388
4352,Supaul,6,10,Bihar,08-01-2019 00:00,15105.06151
4353,Vaishali,18,10,Bihar,08-01-2019 00:00,15140.53987
4354,Kaimur (Bhabua),31,10,Bihar,08-01-2019 00:00,15200.75866
4355,Gaya,35,10,Bihar,08-01-2019 00:00,15197.66117
4356,Bhojpur,29,10,Bihar,08-01-2019 00:00,15225.09935
4357,Buxar,30,10,Bihar,08-01-2019 00:00,15212.38641
4358,Jehanabad,33,10,Bihar,08-01-2019 00:00,15199.55786
4359,Rohtas,32,10,Bihar,08-01-2019 00:00,15148.98266
4360,Jamui,37,10,Bihar,08-01-2019 00:00,15223.56281
4361,Kishanganj,8,10,Bihar,08-01-2019 00:00,15138.28524
4362,Muzaffarpur,14,10,Bihar,08-01-2019 00:00,15173.10743
4363,Purnia,9,10,Bihar,08-01-2019 00:00,15142.59875
4364,Khagaria,21,10,Bihar,08-01-2019 00:00,15118.55242
4365,Madhubani,5,10,Bihar,08-01-2019 00:00,15170.07991
4366,Lakhisarai,25,10,Bihar,08-01-2019 00:00,15200.86144
4367,Madhepura,11,10,Bihar,08-01-2019 00:00,15117.98683
4368,Purba Champaran,2,10,Bihar,08-01-2019 00:00,15258.11529
4369,Munger,24,10,Bihar,08-01-2019 00:00,15102.27157
4370,Nalanda,27,10,Bihar,08-01-2019 00:00,15164.8922
4371,Nawada,36,10,Bihar,08-01-2019 00:00,15198.48729
4372,Pashchim Champaran,1,10,Bihar,08-01-2019 00:00,15215.42255
4373,Patna,28,10,Bihar,08-01-2019 00:00,15160.9383
4374,Samastipur,19,10,Bihar,08-01-2019 00:00,15111.96704
4375,Araria,7,10,Bihar,08-01-2019 00:00,15145.14414
4376,Aurangabad,34,10,Bihar,08-01-2019 00:00,15198.96274
4377,Banka,23,10,Bihar,08-01-2019 00:00,15186.8659
4378,Bhagalpur,22,10,Bihar,08-01-2019 00:00,15116.30249
4379,Begusarai,20,10,Bihar,08-01-2019 00:00,15066.96561
4380,Saran,17,10,Bihar,08-01-2019 00:00,15202.44168
4381,Katihar,10,10,Bihar,08-01-2019 00:00,15129.55902
4382,Darbhanga,13,10,Bihar,08-01-2019 00:00,15184.6122
4383,Gopalganj,15,10,Bihar,08-01-2019 00:00,15221.47956
4384,South,3,11,Sikkim,08-01-2019 00:00,14793.59577
4385,West,2,11,Sikkim,08-01-2019 00:00,14511.81135
4386,North,1,11,Sikkim,08-01-2019 00:00,14255.95682
4387,East,4,11,Sikkim,08-01-2019 00:00,14650.92803
4388,Tawang,1,12,Arunanchal Pradesh,08-01-2019 00:00,14403.71922
4389,Tirap,13,12,Arunanchal Pradesh,08-01-2019 00:00,15062.53246
4390,West Kameng,2,12,Arunanchal Pradesh,08-01-2019 00:00,14693.11779
4391,West Siang,7,12,Arunanchal Pradesh,08-01-2019 00:00,14819.24509
4392,Upper Siang,9,12,Arunanchal Pradesh,08-01-2019 00:00,14636.01277
4393,Upper Subansiri,6,12,Arunanchal Pradesh,08-01-2019 00:00,14633.81419
4394,Lohit,11,12,Arunanchal Pradesh,08-01-2019 00:00,14743.02948
4395,Lower Subansiri,5,12,Arunanchal Pradesh,08-01-2019 00:00,14709.17106
4396,Papum Pare,4,12,Arunanchal Pradesh,08-01-2019 00:00,14926.41031
4397,Changlang,12,12,Arunanchal Pradesh,08-01-2019 00:00,14954.7524
4398,Dibang Valley,10,12,Arunanchal Pradesh,08-01-2019 00:00,14637.56539
4399,East Kameng,3,12,Arunanchal Pradesh,08-01-2019 00:00,14747.59879
4400,East Siang,8,12,Arunanchal Pradesh,08-01-2019 00:00,15061.3924
4401,Tuensang,2,13,Nagaland,08-01-2019 00:00,14947.97733
4402,Wokha,5,13,Nagaland,08-01-2019 00:00,15068.19567
4403,Zunheboto,4,13,Nagaland,08-01-2019 00:00,14967.65797
4404,Dimapur,6,13,Nagaland,08-01-2019 00:00,15118.17701
4405,Kohima,7,13,Nagaland,08-01-2019 00:00,15009.69421
4406,Mokokchung,3,13,Nagaland,08-01-2019 00:00,15087.53135
4407,Mon,1,13,Nagaland,08-01-2019 00:00,15095.47763
4408,Phek,8,13,Nagaland,08-01-2019 00:00,14935.24241
4409,Tamenglong,2,14,Manipur,08-01-2019 00:00,14982.99174
4410,Thoubal,5,14,Manipur,08-01-2019 00:00,15109.06621
4411,Ukhrul,8,14,Manipur,08-01-2019 00:00,14938.59178
4412,Imphal East,7,14,Manipur,08-01-2019 00:00,15150.83334
4413,Imphal West,6,14,Manipur,08-01-2019 00:00,15090.26666
4414,Senapati (Excl. 3 sub-divisions),1,14,Manipur,08-01-2019 00:00,14958.80031
4415,Bishnupur,4,14,Manipur,08-01-2019 00:00,15034.0021
4416,Chandel,9,14,Manipur,08-01-2019 00:00,14951.2825
4417,Churachandpur,3,14,Manipur,08-01-2019 00:00,14993.46208
4418,Kolasib,2,15,Mizoram,08-01-2019 00:00,15038.15368
4419,Mamit,1,15,Mizoram,08-01-2019 00:00,15007.39172
4420,Lunglei,6,15,Mizoram,08-01-2019 00:00,14983.3567
4421,Lawngtlai,7,15,Mizoram,08-01-2019 00:00,14978.76989
4422,Saiha,8,15,Mizoram,08-01-2019 00:00,14876.98094
4423,Serchhip,5,15,Mizoram,08-01-2019 00:00,14959.62379
4424,Aizawl,3,15,Mizoram,08-01-2019 00:00,14978.6737
4425,Champhai,4,15,Mizoram,08-01-2019 00:00,14944.12749
4426,South Tripura,2,16,Tripura,08-01-2019 00:00,15126.11896
4427,West Tripura,1,16,Tripura,08-01-2019 00:00,15168.99131
4428,North Tripura,4,16,Tripura,08-01-2019 00:00,15096.40578
4429,Dhalai,3,16,Tripura,08-01-2019 00:00,15063.1065
4430,Ri Bhoi,5,17,Meghalaya,08-01-2019 00:00,15113.33435
4431,South Garo Hills,3,17,Meghalaya,08-01-2019 00:00,15120.8459
4432,West Garo Hills,1,17,Meghalaya,08-01-2019 00:00,15119.9325
4433,West Khasi Hills,4,17,Meghalaya,08-01-2019 00:00,15016.22476
4434,Jaintia Hills,7,17,Meghalaya,08-01-2019 00:00,15041.04146
4435,East Garo Hills,2,17,Meghalaya,08-01-2019 00:00,15097.99372
4436,East Khasi Hills,6,17,Meghalaya,08-01-2019 00:00,15002.32754
4437,Sonitpur,11,18,Assam,08-01-2019 00:00,15182.18125
4438,Sibsagar,16,18,Assam,08-01-2019 00:00,15216.04547
4439,Tinsukia,14,18,Assam,08-01-2019 00:00,15200.56017
4440,Jorhat,17,18,Assam,08-01-2019 00:00,15188.73443
4441,Karimganj,22,18,Assam,08-01-2019 00:00,15162.21972
4442,Kokrajhar,1,18,Assam,08-01-2019 00:00,15154.09456
4443,Lakhimpur,12,18,Assam,08-01-2019 00:00,15214.98805
4444,Nagaon,10,18,Assam,08-01-2019 00:00,15173.64677
4445,Marigaon,9,18,Assam,08-01-2019 00:00,15180.45906
4446,Nalbari,7,18,Assam,08-01-2019 00:00,15178.2099
4447,North Cachar Hills,20,18,Assam,08-01-2019 00:00,15040.49183
4448,Barpeta,5,18,Assam,08-01-2019 00:00,15139.31231
4449,Bongaigaon,4,18,Assam,08-01-2019 00:00,15092.20494
4450,Cachar,21,18,Assam,08-01-2019 00:00,15158.43818
4451,Darrang,8,18,Assam,08-01-2019 00:00,15157.70172
4452,Dhemaji,13,18,Assam,08-01-2019 00:00,15219.82001
4453,Dhubri,2,18,Assam,08-01-2019 00:00,15122.2841
4454,Dibrugarh,15,18,Assam,08-01-2019 00:00,15192.57663
4455,Kamrup,6,18,Assam,08-01-2019 00:00,15171.13408
4456,Karbi Anglong,19,18,Assam,08-01-2019 00:00,15102.27977
4457,Goalpara,3,18,Assam,08-01-2019 00:00,15081.95847
4458,Golaghat,18,18,Assam,08-01-2019 00:00,15192.25702
4459,Hailakandi,23,18,Assam,08-01-2019 00:00,15157.15863
4460,Hugli,12,19,West Bengal,08-01-2019 00:00,15154.39219
4461,South  Twenty Four Parganas,18,19,West Bengal,08-01-2019 00:00,15061.65848
4462,Uttar Dinajpur,4,19,West Bengal,08-01-2019 00:00,15166.95112
4463,Jalpaiguri,2,19,West Bengal,08-01-2019 00:00,15175.43115
4464,Koch Bihar,3,19,West Bengal,08-01-2019 00:00,15175.95082
4465,Murshidabad,7,19,West Bengal,08-01-2019 00:00,15159.62799
4466,Puruliya,14,19,West Bengal,08-01-2019 00:00,15183.36609
4467,Kolkata,17,19,West Bengal,08-01-2019 00:00,15186.23987
4468,Maldah,6,19,West Bengal,08-01-2019 00:00,15109.14759
4469,Nadia,10,19,West Bengal,08-01-2019 00:00,15166.7318
4470,North Twenty Four Parganas,11,19,West Bengal,08-01-2019 00:00,15084.73471
4471,Medinipur,15,19,West Bengal,08-01-2019 00:00,15151.07384
4472,Barddhaman,9,19,West Bengal,08-01-2019 00:00,15172.35099
4473,Birbhum,8,19,West Bengal,08-01-2019 00:00,15196.5134
4474,Bankura,13,19,West Bengal,08-01-2019 00:00,15141.33829
4475,Dakshin Dinajpur,5,19,West Bengal,08-01-2019 00:00,15138.81104
4476,Darjiling,1,19,West Bengal,08-01-2019 00:00,15043.90424
4477,Haora,16,19,West Bengal,08-01-2019 00:00,15134.9437
4478,Ranchi,14,20,Jharkhand,08-01-2019 00:00,15097.44383
4479,Sahibganj,9,20,Jharkhand,08-01-2019 00:00,15135.53277
4480,Garhwa,1,20,Jharkhand,08-01-2019 00:00,15173.6753
4481,Palamu,2,20,Jharkhand,08-01-2019 00:00,15147.56166
4482,Chatra,3,20,Jharkhand,08-01-2019 00:00,15128.90621
4483,Hazaribagh,4,20,Jharkhand,08-01-2019 00:00,15106.93654
4484,Kodarma,5,20,Jharkhand,08-01-2019 00:00,15181.03697
4485,Purbi Singhbhum,18,20,Jharkhand,08-01-2019 00:00,15152.76996
4486,Lohardaga,15,20,Jharkhand,08-01-2019 00:00,15095.1669
4487,Pakaur,10,20,Jharkhand,08-01-2019 00:00,15176.50022
4488,Pashchimi Singhbhum,17,20,Jharkhand,08-01-2019 00:00,15100.21449
4489,Bokaro,13,20,Jharkhand,08-01-2019 00:00,15135.57622
4490,Deoghar,7,20,Jharkhand,08-01-2019 00:00,15232.92841
4491,Dhanbad,12,20,Jharkhand,08-01-2019 00:00,15162.80308
4492,Dumka,11,20,Jharkhand,08-01-2019 00:00,15180.49696
4493,Giridih,6,20,Jharkhand,08-01-2019 00:00,15222.80715
4494,Godda,8,20,Jharkhand,08-01-2019 00:00,15225.28302
4495,Gumla,16,20,Jharkhand,08-01-2019 00:00,15070.26181
4496,Rayagada,27,21,Orissa,08-01-2019 00:00,15134.38821
4497,Sundargarh,5,21,Orissa,08-01-2019 00:00,15120.21397
4498,Sonapur,23,21,Orissa,08-01-2019 00:00,15119.07488
4499,Jajapur,13,21,Orissa,08-01-2019 00:00,15140.56761
4500,Jagatsinghapur,11,21,Orissa,08-01-2019 00:00,15175.65501
4501,Jharsuguda,2,21,Orissa,08-01-2019 00:00,15020.69539
4502,Khordha,17,21,Orissa,08-01-2019 00:00,15251.77552
4503,Mayurbhanj,7,21,Orissa,08-01-2019 00:00,15096.50034
4504,Puri,18,21,Orissa,08-01-2019 00:00,15163.84619
4505,Koraput,29,21,Orissa,08-01-2019 00:00,15043.80472
4506,Malkangiri,30,21,Orissa,08-01-2019 00:00,15050.19947
4507,Nabarangapur,28,21,Orissa,08-01-2019 00:00,15068.02574
4508,Nayagarh,16,21,Orissa,08-01-2019 00:00,15176.14423
4509,Nuapada,25,21,Orissa,08-01-2019 00:00,15131.33452
4510,Kandhamal,21,21,Orissa,08-01-2019 00:00,15071.70957
4511,Sambalpur,3,21,Orissa,08-01-2019 00:00,15056.42248
4512,Anugul,15,21,Orissa,08-01-2019 00:00,14998.80211
4513,Bhadrak,9,21,Orissa,08-01-2019 00:00,15201.25685
4514,Baudh,22,21,Orissa,08-01-2019 00:00,15107.91057
4515,Balangir,24,21,Orissa,08-01-2019 00:00,15161.9947
4516,Baleshwar,8,21,Orissa,08-01-2019 00:00,15069.27319
4517,Bargarh,1,21,Orissa,08-01-2019 00:00,15097.2452
4518,Kendrapara,10,21,Orissa,08-01-2019 00:00,15167.16145
4519,Kendujhar,6,21,Orissa,08-01-2019 00:00,15047.97815
4520,Debagarh,4,21,Orissa,08-01-2019 00:00,15014.75658
4521,Cuttack,12,21,Orissa,08-01-2019 00:00,15148.61647
4522,Dhenkanal,14,21,Orissa,08-01-2019 00:00,15173.22869
4523,Kalahandi,26,21,Orissa,08-01-2019 00:00,15128.33151
4524,Ganjam,19,21,Orissa,08-01-2019 00:00,15226.49352
4525,Gajapati,20,21,Orissa,08-01-2019 00:00,15127.92536
4526,Surguja,2,22,Chhattisgarh,08-01-2019 00:00,15083.18779
4527,Bilaspur,7,22,Chhattisgarh,08-01-2019 00:00,15037.86558
4528,Janjgir - Champa,6,22,Chhattisgarh,08-01-2019 00:00,15060.27552
4529,Korba,5,22,Chhattisgarh,08-01-2019 00:00,15039.82695
4530,Kawardha,8,22,Chhattisgarh,08-01-2019 00:00,14998.78388
4531,Jashpur,3,22,Chhattisgarh,08-01-2019 00:00,15051.85816
4532,Koriya,1,22,Chhattisgarh,08-01-2019 00:00,15093.98489
4533,Mahasamund,12,22,Chhattisgarh,08-01-2019 00:00,15061.36616
4534,Raigarh,4,22,Chhattisgarh,08-01-2019 00:00,15069.88459
4535,Raipur,11,22,Chhattisgarh,08-01-2019 00:00,15057.25605
4536,Rajnandgaon,9,22,Chhattisgarh,08-01-2019 00:00,15001.46952
4537,Bastar,15,22,Chhattisgarh,08-01-2019 00:00,15000.24424
4538,Dantewada,16,22,Chhattisgarh,08-01-2019 00:00,15038.27764
4539,Dhamtari,13,22,Chhattisgarh,08-01-2019 00:00,15003.77596
4540,Durg,10,22,Chhattisgarh,08-01-2019 00:00,15025.74196
4541,Kanker,14,22,Chhattisgarh,08-01-2019 00:00,15005.26116
4542,Hoshangabad,37,23,Madhya Pradesh,08-01-2019 00:00,15060.24281
4543,Indore,26,23,Madhya Pradesh,08-01-2019 00:00,14967.08042
4544,Shajapur,22,23,Madhya Pradesh,08-01-2019 00:00,15007.10131
4545,Shivpuri,6,23,Madhya Pradesh,08-01-2019 00:00,15054.38659
4546,Ratlam,20,23,Madhya Pradesh,08-01-2019 00:00,15019.1275
4547,Rewa,14,23,Madhya Pradesh,08-01-2019 00:00,15153.40861
4548,Sagar,11,23,Madhya Pradesh,08-01-2019 00:00,15000.94197
4549,Sidhi,17,23,Madhya Pradesh,08-01-2019 00:00,15154.24016
4550,Ujjain,21,23,Madhya Pradesh,08-01-2019 00:00,14955.34613
4551,Vidisha,31,23,Madhya Pradesh,08-01-2019 00:00,15007.51836
4552,West Nimar,27,23,Madhya Pradesh,08-01-2019 00:00,15068.81149
4553,Morena,2,23,Madhya Pradesh,08-01-2019 00:00,15130.17209
4554,Sheopur,1,23,Madhya Pradesh,08-01-2019 00:00,15095.51476
4555,Dindori,41,23,Madhya Pradesh,08-01-2019 00:00,15078.92596
4556,Mandla,42,23,Madhya Pradesh,08-01-2019 00:00,14982.01433
4557,Shahdol,16,23,Madhya Pradesh,08-01-2019 00:00,15107.58048
4558,Umaria,15,23,Madhya Pradesh,08-01-2019 00:00,15089.43275
4559,Jabalpur,39,23,Madhya Pradesh,08-01-2019 00:00,15036.38848
4560,Jhabua,24,23,Madhya Pradesh,08-01-2019 00:00,14977.78027
4561,Mandsaur,19,23,Madhya Pradesh,08-01-2019 00:00,15038.06186
4562,Tikamgarh,8,23,Madhya Pradesh,08-01-2019 00:00,15106.6375
4563,Narsimhapur,40,23,Madhya Pradesh,08-01-2019 00:00,15056.10811
4564,Neemuch,18,23,Madhya Pradesh,08-01-2019 00:00,15044.92861
4565,Panna,10,23,Madhya Pradesh,08-01-2019 00:00,15094.16986
4566,Raisen,34,23,Madhya Pradesh,08-01-2019 00:00,14925.25746
4567,Rajgarh,30,23,Madhya Pradesh,08-01-2019 00:00,15041.16907
4568,Satna,13,23,Madhya Pradesh,08-01-2019 00:00,15117.58134
4569,Sehore,33,23,Madhya Pradesh,08-01-2019 00:00,15000.77821
4570,Seoni,44,23,Madhya Pradesh,08-01-2019 00:00,14993.33197
4571,Bhind,3,23,Madhya Pradesh,08-01-2019 00:00,15255.01294
4572,Bhopal,32,23,Madhya Pradesh,08-01-2019 00:00,15002.15805
4573,Barwani,28,23,Madhya Pradesh,08-01-2019 00:00,15073.63089
4574,Betul,35,23,Madhya Pradesh,08-01-2019 00:00,14991.39014
4575,Balaghat,45,23,Madhya Pradesh,08-01-2019 00:00,14999.97343
4576,Chhatarpur,9,23,Madhya Pradesh,08-01-2019 00:00,15112.76284
4577,Chhindwara,43,23,Madhya Pradesh,08-01-2019 00:00,14972.5114
4578,Dewas,23,23,Madhya Pradesh,08-01-2019 00:00,15006.36415
4579,Katni,38,23,Madhya Pradesh,08-01-2019 00:00,15043.76786
4580,Datia,5,23,Madhya Pradesh,08-01-2019 00:00,15162.55919
4581,Damoh,12,23,Madhya Pradesh,08-01-2019 00:00,15071.12532
4582,Dhar,25,23,Madhya Pradesh,08-01-2019 00:00,14991.03907
4583,East Nimar,29,23,Madhya Pradesh,08-01-2019 00:00,15061.41672
4584,Guna,7,23,Madhya Pradesh,08-01-2019 00:00,14936.92176
4585,Gwalior,4,23,Madhya Pradesh,08-01-2019 00:00,15115.85246
4586,Harda,36,23,Madhya Pradesh,08-01-2019 00:00,15058.83932
4587,Sabar Kantha,5,24,Gujarat,08-01-2019 00:00,15126.63664
4588,Surendranagar,8,24,Gujarat,08-01-2019 00:00,15342.82588
4589,The Dangs,23,24,Gujarat,08-01-2019 00:00,14949.51996
4590,Vadodara,19,24,Gujarat,08-01-2019 00:00,15165.44058
4591,Valsad,25,24,Gujarat,08-01-2019 00:00,15036.57651
4592,Bharuch,21,24,Gujarat,08-01-2019 00:00,15250.468
4593,Surat,22,24,Gujarat,08-01-2019 00:00,15118.70568
4594,Jamnagar,10,24,Gujarat,08-01-2019 00:00,15310.71456
4595,Kheda,16,24,Gujarat,08-01-2019 00:00,15214.47801
4596,Mahesana,4,24,Gujarat,08-01-2019 00:00,15287.5261
4597,Narmada,20,24,Gujarat,08-01-2019 00:00,15071.49964
4598,Navsari,24,24,Gujarat,08-01-2019 00:00,15094.27636
4599,Panch Mahals,17,24,Gujarat,08-01-2019 00:00,15070.33583
4600,Patan,3,24,Gujarat,08-01-2019 00:00,15326.12884
4601,Porbandar,11,24,Gujarat,08-01-2019 00:00,15202.72426
4602,Rajkot,9,24,Gujarat,08-01-2019 00:00,15389.66628
4603,Anand,15,24,Gujarat,08-01-2019 00:00,15243.44153
4604,Ahmadabad,7,24,Gujarat,08-01-2019 00:00,15302.68067
4605,Amreli,13,24,Gujarat,08-01-2019 00:00,15321.60804
4606,Bhavnagar,14,24,Gujarat,08-01-2019 00:00,15303.44622
4607,Banas Kantha,2,24,Gujarat,08-01-2019 00:00,15304.08208
4608,Dohad,18,24,Gujarat,08-01-2019 00:00,14951.29843
4609,Junagadh,12,24,Gujarat,08-01-2019 00:00,15150.19196
4610,Kachchh,1,24,Gujarat,08-01-2019 00:00,15339.87702
4611,Gandhinagar,6,24,Gujarat,08-01-2019 00:00,15254.27113
4612,Daman,2,25,Daman & Diu,08-01-2019 00:00,14952.3766
4613,Diu,1,25,Daman & Diu,08-01-2019 00:00,15082.7097
4614,Hingoli,16,27,Maharashtra,08-01-2019 00:00,15146.50849
4615,Ratnagiri,32,27,Maharashtra,08-01-2019 00:00,14967.93691
4616,Raigarh,24,27,Maharashtra,08-01-2019 00:00,14978.63594
4617,Thane,21,27,Maharashtra,08-01-2019 00:00,15029.39743
4618,Solapur,30,27,Maharashtra,08-01-2019 00:00,15389.99799
4619,Sindhudurg,33,27,Maharashtra,08-01-2019 00:00,15017.17334
4620,Wardha,8,27,Maharashtra,08-01-2019 00:00,15068.68748
4621,Washim,6,27,Maharashtra,08-01-2019 00:00,14964.71673
4622,Yavatmal,14,27,Maharashtra,08-01-2019 00:00,15087.23813
4623,Jalgaon,3,27,Maharashtra,08-01-2019 00:00,15131.83693
4624,Jalna,18,27,Maharashtra,08-01-2019 00:00,15274.09422
4625,Kolhapur,34,27,Maharashtra,08-01-2019 00:00,15041.32763
4626,Latur,28,27,Maharashtra,08-01-2019 00:00,15197.46531
4627,Pune,25,27,Maharashtra,08-01-2019 00:00,15166.25216
4628,Nagpur,9,27,Maharashtra,08-01-2019 00:00,14973.90066
4629,Mumbai,23,27,Maharashtra,08-01-2019 00:00,15041.37897
4630,Mumbai (Suburban),22,27,Maharashtra,08-01-2019 00:00,15099.28731
4631,Nanded,15,27,Maharashtra,08-01-2019 00:00,15198.03838
4632,Nandurbar,1,27,Maharashtra,08-01-2019 00:00,15067.02625
4633,Nashik,20,27,Maharashtra,08-01-2019 00:00,15118.83195
4634,Osmanabad,29,27,Maharashtra,08-01-2019 00:00,15213.04677
4635,Parbhani,17,27,Maharashtra,08-01-2019 00:00,15258.45617
4636,Sangli,35,27,Maharashtra,08-01-2019 00:00,15183.24535
4637,Satara,31,27,Maharashtra,08-01-2019 00:00,15112.05581
4638,Aurangabad,19,27,Maharashtra,08-01-2019 00:00,15193.82778
4639,Ahmadnagar,26,27,Maharashtra,08-01-2019 00:00,15304.74882
4640,Akola,5,27,Maharashtra,08-01-2019 00:00,15074.38259
4641,Amravati,7,27,Maharashtra,08-01-2019 00:00,15092.04153
4642,Bid,27,27,Maharashtra,08-01-2019 00:00,15358.38047
4643,Bhandara,10,27,Maharashtra,08-01-2019 00:00,14994.19866
4644,Buldana,4,27,Maharashtra,08-01-2019 00:00,15035.10593
4645,Chandrapur,13,27,Maharashtra,08-01-2019 00:00,15064.18143
4646,Dhule,2,27,Maharashtra,08-01-2019 00:00,15213.33989
4647,Gadchiroli,12,27,Maharashtra,08-01-2019 00:00,15011.94032
4648,Gondiya,11,27,Maharashtra,08-01-2019 00:00,14996.77144
4649,Hyderabad,5,28,Andhra Pradesh,08-01-2019 00:00,15313.31734
4650,Rangareddi,6,28,Andhra Pradesh,08-01-2019 00:00,15243.68666
4651,Srikakulam,11,28,Andhra Pradesh,08-01-2019 00:00,15203.09939
4652,West Godavari,15,28,Andhra Pradesh,08-01-2019 00:00,15148.90906
4653,Visakhapatnam,13,28,Andhra Pradesh,08-01-2019 00:00,15129.37956
4654,Vizianagaram,12,28,Andhra Pradesh,08-01-2019 00:00,15206.97252
4655,Warangal,9,28,Andhra Pradesh,08-01-2019 00:00,15177.22686
4656,Khammam,10,28,Andhra Pradesh,08-01-2019 00:00,15199.68289
4657,Medak,4,28,Andhra Pradesh,08-01-2019 00:00,15209.4733
4658,Krishna,16,28,Andhra Pradesh,08-01-2019 00:00,15202.47275
4659,Kurnool,21,28,Andhra Pradesh,08-01-2019 00:00,15272.36682
4660,Mahbubnagar,7,28,Andhra Pradesh,08-01-2019 00:00,15236.2963
4661,Nalgonda,8,28,Andhra Pradesh,08-01-2019 00:00,15377.64139
4662,Nellore,19,28,Andhra Pradesh,08-01-2019 00:00,15415.08818
4663,Nizamabad,2,28,Andhra Pradesh,08-01-2019 00:00,15072.50652
4664,Prakasam,18,28,Andhra Pradesh,08-01-2019 00:00,15459.36121
4665,Anantapur,22,28,Andhra Pradesh,08-01-2019 00:00,15221.15371
4666,Adilabad,1,28,Andhra Pradesh,08-01-2019 00:00,15117.2343
4667,Chittoor,23,28,Andhra Pradesh,08-01-2019 00:00,15275.93515
4668,Cuddapah,20,28,Andhra Pradesh,08-01-2019 00:00,15281.87837
4669,East Godavari,14,28,Andhra Pradesh,08-01-2019 00:00,15123.1808
4670,Karimnagar,3,28,Andhra Pradesh,08-01-2019 00:00,15115.74133
4671,Guntur,17,28,Andhra Pradesh,08-01-2019 00:00,15484.87279
4672,Hassan,23,29,Karnataka,08-01-2019 00:00,14963.72994
4673,Haveri,11,29,Karnataka,08-01-2019 00:00,15021.4109
4674,Shimoga,15,29,Karnataka,08-01-2019 00:00,14880.11081
4675,Tumkur,18,29,Karnataka,08-01-2019 00:00,15094.34999
4676,Udupi,16,29,Karnataka,08-01-2019 00:00,14865.46845
4677,Uttara Kannada,10,29,Karnataka,08-01-2019 00:00,14907.97756
4678,Kodagu,25,29,Karnataka,08-01-2019 00:00,14906.60047
4679,Kolar,19,29,Karnataka,08-01-2019 00:00,15231.57864
4680,Mandya,22,29,Karnataka,08-01-2019 00:00,15098.21178
4681,Koppal,7,29,Karnataka,08-01-2019 00:00,15233.73764
4682,Mysore,26,29,Karnataka,08-01-2019 00:00,15006.03973
4683,Raichur,6,29,Karnataka,08-01-2019 00:00,15371.03449
4684,Bagalkot,2,29,Karnataka,08-01-2019 00:00,15195.66235
4685,Bangalore,20,29,Karnataka,08-01-2019 00:00,15011.03363
4686,Bidar,5,29,Karnataka,08-01-2019 00:00,15155.72058
4687,Bijapur,3,29,Karnataka,08-01-2019 00:00,15362.45896
4688,Belgaum,1,29,Karnataka,08-01-2019 00:00,15134.88609
4689,Bellary,12,29,Karnataka,08-01-2019 00:00,15173.35435
4690,Bangalore Rural,21,29,Karnataka,08-01-2019 00:00,15080.7688
4691,Chamarajanagar,27,29,Karnataka,08-01-2019 00:00,15100.10635
4692,Chikmagalur,17,29,Karnataka,08-01-2019 00:00,14966.9879
4693,Chitradurga,13,29,Karnataka,08-01-2019 00:00,15153.52888
4694,Dakshina Kannada,24,29,Karnataka,08-01-2019 00:00,14980.30125
4695,Davanagere,14,29,Karnataka,08-01-2019 00:00,14988.63549
4696,Dharwad,9,29,Karnataka,08-01-2019 00:00,15125.55698
4697,Gulbarga,4,29,Karnataka,08-01-2019 00:00,15287.64174
4698,Gadag,8,29,Karnataka,08-01-2019 00:00,15185.21154
4699,South Goa,2,30,Goa,08-01-2019 00:00,15034.05501
4700,North Goa,1,30,Goa,08-01-2019 00:00,15005.50203
4701,Idukki,9,32,Kerala,08-01-2019 00:00,14891.04237
4702,Thrissur,7,32,Kerala,08-01-2019 00:00,15034.07576
4703,Thiruvananthapuram,14,32,Kerala,08-01-2019 00:00,14951.79642
4704,Wayanad,3,32,Kerala,08-01-2019 00:00,14926.97921
4705,Kollam,13,32,Kerala,08-01-2019 00:00,14898.38501
4706,Kottayam,10,32,Kerala,08-01-2019 00:00,15061.98859
4707,Kozhikode,4,32,Kerala,08-01-2019 00:00,15051.10774
4708,Malappuram,5,32,Kerala,08-01-2019 00:00,15030.75829
4709,Palakkad,6,32,Kerala,08-01-2019 00:00,15017.64478
4710,Pathanamthitta,12,32,Kerala,08-01-2019 00:00,14931.73768
4711,Alappuzha,11,32,Kerala,08-01-2019 00:00,15016.58778
4712,Kasaragod,1,32,Kerala,08-01-2019 00:00,14991.79943
4713,Kannur,2,32,Kerala,08-01-2019 00:00,15023.79403
4714,Ernakulam,8,32,Kerala,08-01-2019 00:00,15053.98463
4715,Sivaganga,23,33,Tamil Nadu,08-01-2019 00:00,15640.35317
4716,Tiruchirappalli,15,33,Tamil Nadu,08-01-2019 00:00,15535.78432
4717,Tirunelveli,29,33,Tamil Nadu,08-01-2019 00:00,15373.16174
4718,Tiruvannamalai,6,33,Tamil Nadu,08-01-2019 00:00,15327.62029
4719,Thoothukkudi,28,33,Tamil Nadu,08-01-2019 00:00,15768.99546
4720,Theni,25,33,Tamil Nadu,08-01-2019 00:00,15330.69881
4721,Vellore,4,33,Tamil Nadu,08-01-2019 00:00,15279.73352
4722,Viluppuram,7,33,Tamil Nadu,08-01-2019 00:00,15423.86535
4723,Virudhunagar,26,33,Tamil Nadu,08-01-2019 00:00,15720.67215
4724,Chennai,2,33,Tamil Nadu,08-01-2019 00:00,15347.75534
4725,Kancheepuram,3,33,Tamil Nadu,08-01-2019 00:00,15298.51495
4726,Thiruvallur,1,33,Tamil Nadu,08-01-2019 00:00,15286.90936
4727,Thanjavur,21,33,Tamil Nadu,08-01-2019 00:00,15520.92126
4728,Thiruvarur,20,33,Tamil Nadu,08-01-2019 00:00,15526.83532
4729,Nagapattinam,19,33,Tamil Nadu,08-01-2019 00:00,15445.23066
4730,Kanniyakumari,30,33,Tamil Nadu,08-01-2019 00:00,15058.35726
4731,Karur,14,33,Tamil Nadu,08-01-2019 00:00,15534.80241
4732,Madurai,24,33,Tamil Nadu,08-01-2019 00:00,15650.05527
4733,Namakkal,9,33,Tamil Nadu,08-01-2019 00:00,15403.78596
4734,The Nilgiris,11,33,Tamil Nadu,08-01-2019 00:00,14900.15572
4735,Perambalur,16,33,Tamil Nadu,08-01-2019 00:00,15564.61228
4736,Pudukkottai,22,33,Tamil Nadu,08-01-2019 00:00,15612.8409
4737,Ramanathapuram,27,33,Tamil Nadu,08-01-2019 00:00,15746.58779
4738,Salem,8,33,Tamil Nadu,08-01-2019 00:00,15334.9011
4739,Ariyalur,17,33,Tamil Nadu,08-01-2019 00:00,15529.53311
4740,Coimbatore,12,33,Tamil Nadu,08-01-2019 00:00,15326.63172
4741,Cuddalore,18,33,Tamil Nadu,08-01-2019 00:00,15449.87891
4742,Dharmapuri,5,33,Tamil Nadu,08-01-2019 00:00,15313.60858
4743,Dindigul,13,33,Tamil Nadu,08-01-2019 00:00,15378.30473
4744,Erode,10,33,Tamil Nadu,08-01-2019 00:00,15343.56274
4745,Yanam,1,34,Puducherry,08-01-2019 00:00,15140.53002
4746,Karaikal,4,34,Puducherry,08-01-2019 00:00,15551.10567
4747,Mahe,3,34,Puducherry,08-01-2019 00:00,14915.93462
4748,Pondicherry,2,34,Puducherry,08-01-2019 00:00,15374.63306
4749,Nicobars,2,35,Andaman & Nicobar Island,08-01-2019 00:00,14867.33802
4750,Andamans,1,35,Andaman & Nicobar Island,08-01-2019 00:00,14906.61159
4751,Lakshadweep,1,31,Lakshadweep,09-01-2019 00:00,14910.16458
4752,Chandigarh,1,4,Chandigarh,09-01-2019 00:00,15220.85552
4753,Dadra & Nagar Haveli,1,26,Dadara & Nagar Havelli,09-01-2019 00:00,15029.31869
4754,Data Not Available,99,99,Jammu and Kashmir,09-01-2019 00:00,14595.75566
4755,Srinagar,3,1,Jammu and Kashmir,09-01-2019 00:00,14734.47973
4756,Udhampur,10,1,Jammu and Kashmir,09-01-2019 00:00,14864.49032
4757,Jammu,13,1,Jammu and Kashmir,09-01-2019 00:00,15099.86527
4758,Kargil,8,1,Jammu and Kashmir,09-01-2019 00:00,14810.78077
4759,Kathua,14,1,Jammu and Kashmir,09-01-2019 00:00,14964.12406
4760,Leh (Ladakh),7,1,Jammu and Kashmir,09-01-2019 00:00,14808.58641
4761,Kupwara,1,1,Jammu and Kashmir,09-01-2019 00:00,14827.04909
4762,Punch,11,1,Jammu and Kashmir,09-01-2019 00:00,14867.82313
4763,Pulwama,5,1,Jammu and Kashmir,09-01-2019 00:00,14913.0677
4764,Rajauri,12,1,Jammu and Kashmir,09-01-2019 00:00,14968.68267
4765,Anantnag,6,1,Jammu and Kashmir,09-01-2019 00:00,14728.65517
4766,Badgam,4,1,Jammu and Kashmir,09-01-2019 00:00,14844.23918
4767,Baramula,2,1,Jammu and Kashmir,09-01-2019 00:00,14801.39882
4768,Doda,9,1,Jammu and Kashmir,09-01-2019 00:00,14582.48683
4769,Shimla,11,2,Himachal Pradesh,09-01-2019 00:00,14681.86737
4770,Sirmaur,10,2,Himachal Pradesh,09-01-2019 00:00,14911.54972
4771,Solan,9,2,Himachal Pradesh,09-01-2019 00:00,14968.98717
4772,Una,7,2,Himachal Pradesh,09-01-2019 00:00,15043.77824
4773,Kangra,2,2,Himachal Pradesh,09-01-2019 00:00,14834.74465
4774,Kinnaur,12,2,Himachal Pradesh,09-01-2019 00:00,14697.6865
4775,Lahul & Spiti,3,2,Himachal Pradesh,09-01-2019 00:00,14653.66383
4776,Kullu,4,2,Himachal Pradesh,09-01-2019 00:00,14457.69397
4777,Mandi,5,2,Himachal Pradesh,09-01-2019 00:00,14822.71263
4778,Bilaspur,8,2,Himachal Pradesh,09-01-2019 00:00,14993.86692
4779,Chamba,1,2,Himachal Pradesh,09-01-2019 00:00,14630.53655
4780,Hamirpur,6,2,Himachal Pradesh,09-01-2019 00:00,15001.87185
4781,Rupnagar,7,3,Punjab,09-01-2019 00:00,15123.98972
4782,Hoshiarpur,5,3,Punjab,09-01-2019 00:00,15106.83384
4783,Jalandhar,4,3,Punjab,09-01-2019 00:00,15107.92951
4784,Kapurthala,3,3,Punjab,09-01-2019 00:00,15090.64119
4785,Ludhiana,9,3,Punjab,09-01-2019 00:00,15102.36239
4786,Mansa,15,3,Punjab,09-01-2019 00:00,15132.31431
4787,Moga,10,3,Punjab,09-01-2019 00:00,15100.84538
4788,Muktsar,12,3,Punjab,09-01-2019 00:00,15147.22054
4789,Nawanshahr,6,3,Punjab,09-01-2019 00:00,15110.06916
4790,Patiala,17,3,Punjab,09-01-2019 00:00,15114.80824
4791,Sangrur,16,3,Punjab,09-01-2019 00:00,15090.78513
4792,Amritsar,2,3,Punjab,09-01-2019 00:00,15102.7394
4793,Firozpur,11,3,Punjab,09-01-2019 00:00,15159.91443
4794,Bathinda,14,3,Punjab,09-01-2019 00:00,15143.37318
4795,Gurdaspur,1,3,Punjab,09-01-2019 00:00,15078.86165
4796,Faridkot,13,3,Punjab,09-01-2019 00:00,15126.56061
4797,Fatehgarh Sahib,8,3,Punjab,09-01-2019 00:00,15098.8898
4798,Rudraprayag,3,5,Uttarakhand,09-01-2019 00:00,14471.91165
4799,Tehri Garhwal,4,5,Uttarakhand,09-01-2019 00:00,14721.43833
4800,Udham Singh Nagar,12,5,Uttarakhand,09-01-2019 00:00,15081.59328
4801,Uttarkashi,1,5,Uttarakhand,09-01-2019 00:00,14527.59243
4802,Hardwar,13,5,Uttarakhand,09-01-2019 00:00,15106.82497
4803,Nainital,11,5,Uttarakhand,09-01-2019 00:00,14960.00331
4804,Pithoragarh,7,5,Uttarakhand,09-01-2019 00:00,14420.46287
4805,Bageshwar,8,5,Uttarakhand,09-01-2019 00:00,14577.12322
4806,Almora,9,5,Uttarakhand,09-01-2019 00:00,14895.7768
4807,Chamoli,2,5,Uttarakhand,09-01-2019 00:00,14370.80853
4808,Champawat,10,5,Uttarakhand,09-01-2019 00:00,14896.19428
4809,Dehradun,5,5,Uttarakhand,09-01-2019 00:00,14934.78328
4810,Garhwal,6,5,Uttarakhand,09-01-2019 00:00,14887.05296
4811,Rohtak,14,6,Haryana,09-01-2019 00:00,15236.90219
4812,Sirsa,11,6,Haryana,09-01-2019 00:00,15254.9062
4813,Sonipat,8,6,Haryana,09-01-2019 00:00,15225.69727
4814,Yamunanagar,3,6,Haryana,09-01-2019 00:00,15122.21313
4815,Jhajjar,15,6,Haryana,09-01-2019 00:00,15337.61788
4816,Mahendragarh,16,6,Haryana,09-01-2019 00:00,15440.85903
4817,Rewari,17,6,Haryana,09-01-2019 00:00,15435.65789
4818,Bhiwani,13,6,Haryana,09-01-2019 00:00,15415.13286
4819,Hisar,12,6,Haryana,09-01-2019 00:00,15327.26047
4820,Jind,9,6,Haryana,09-01-2019 00:00,15165.93738
4821,Kaithal,5,6,Haryana,09-01-2019 00:00,15113.2824
4822,Karnal,6,6,Haryana,09-01-2019 00:00,15145.42685
4823,Kurukshetra,4,6,Haryana,09-01-2019 00:00,15129.43717
4824,Panchkula,1,6,Haryana,09-01-2019 00:00,15068.44101
4825,Panipat,7,6,Haryana,09-01-2019 00:00,15163.93837
4826,Ambala,2,6,Haryana,09-01-2019 00:00,15145.96701
4827,Gurgaon,18,6,Haryana,09-01-2019 00:00,15386.08121
4828,Faridabad,19,6,Haryana,09-01-2019 00:00,15293.58092
4829,Fatehabad,10,6,Haryana,09-01-2019 00:00,15179.49739
4830,Central,6,7,Delhi  & NCR,09-01-2019 00:00,15329.32273
4831,East,4,7,Delhi  & NCR,09-01-2019 00:00,15363.22987
4832,New Delhi,5,7,Delhi  & NCR,09-01-2019 00:00,15291.13297
4833,North,2,7,Delhi  & NCR,09-01-2019 00:00,15313.38654
4834,North East,3,7,Delhi  & NCR,09-01-2019 00:00,15362.53081
4835,North West,1,7,Delhi  & NCR,09-01-2019 00:00,15344.80258
4836,South,9,7,Delhi  & NCR,09-01-2019 00:00,15308.28651
4837,South West,8,7,Delhi  & NCR,09-01-2019 00:00,15438.20298
4838,West,7,7,Delhi  & NCR,09-01-2019 00:00,15410.74534
4839,Sirohi,19,8,Rajasthan,09-01-2019 00:00,15231.05743
4840,Tonk,22,8,Rajasthan,09-01-2019 00:00,15177.60288
4841,Sikar,13,8,Rajasthan,09-01-2019 00:00,15348.27173
4842,Alwar,6,8,Rajasthan,09-01-2019 00:00,15343.49751
4843,Udaipur,26,8,Rajasthan,09-01-2019 00:00,15047.8658
4844,Ganganagar,1,8,Rajasthan,09-01-2019 00:00,15584.94333
4845,Hanumangarh,2,8,Rajasthan,09-01-2019 00:00,15488.14438
4846,Baran,31,8,Rajasthan,09-01-2019 00:00,15112.6176
4847,Jaipur,12,8,Rajasthan,09-01-2019 00:00,15293.75888
4848,Jaisalmer,16,8,Rajasthan,09-01-2019 00:00,15962.03939
4849,Jalor,18,8,Rajasthan,09-01-2019 00:00,15350.14791
4850,Jhalawar,32,8,Rajasthan,09-01-2019 00:00,15089.36822
4851,Jhunjhunun,5,8,Rajasthan,09-01-2019 00:00,15471.80479
4852,Jodhpur,15,8,Rajasthan,09-01-2019 00:00,15580.69573
4853,Kota,30,8,Rajasthan,09-01-2019 00:00,15158.88114
4854,Nagaur,14,8,Rajasthan,09-01-2019 00:00,15400.94802
4855,Pali,20,8,Rajasthan,09-01-2019 00:00,15246.80209
4856,Rajsamand,25,8,Rajasthan,09-01-2019 00:00,15100.88594
4857,Sawai Madhopur,10,8,Rajasthan,09-01-2019 00:00,15151.8578
4858,Ajmer,21,8,Rajasthan,09-01-2019 00:00,15218.91432
4859,Banswara,28,8,Rajasthan,09-01-2019 00:00,15023.36678
4860,Barmer,17,8,Rajasthan,09-01-2019 00:00,15563.74235
4861,Bhilwara,24,8,Rajasthan,09-01-2019 00:00,15138.41182
4862,Bikaner,3,8,Rajasthan,09-01-2019 00:00,15839.05949
4863,Bharatpur,7,8,Rajasthan,09-01-2019 00:00,15350.88291
4864,Bundi,23,8,Rajasthan,09-01-2019 00:00,15118.04477
4865,Chittaurgarh,29,8,Rajasthan,09-01-2019 00:00,15096.79411
4866,Churu,4,8,Rajasthan,09-01-2019 00:00,15571.59473
4867,Dausa,11,8,Rajasthan,09-01-2019 00:00,15291.57533
4868,Dhaulpur,8,8,Rajasthan,09-01-2019 00:00,15194.76571
4869,Dungarpur,27,8,Rajasthan,09-01-2019 00:00,15037.67641
4870,Karauli,9,8,Rajasthan,09-01-2019 00:00,15197.27733
4871,Shrawasti,51,9,Uttar Pradesh,09-01-2019 00:00,15114.58775
4872,Saharanpur,1,9,Uttar Pradesh,09-01-2019 00:00,15142.96703
4873,Sitapur,24,9,Uttar Pradesh,09-01-2019 00:00,15072.63876
4874,Sultanpur,49,9,Uttar Pradesh,09-01-2019 00:00,15177.72191
4875,Sonbhadra,70,9,Uttar Pradesh,09-01-2019 00:00,15082.20354
4876,Siddharthnagar,54,9,Uttar Pradesh,09-01-2019 00:00,15193.11967
4877,Unnao,26,9,Uttar Pradesh,09-01-2019 00:00,15210.3317
4878,Varanasi,67,9,Uttar Pradesh,09-01-2019 00:00,15136.55746
4879,Bulandshahr,11,9,Uttar Pradesh,09-01-2019 00:00,15182.12914
4880,Gautam Buddha Nagar,10,9,Uttar Pradesh,09-01-2019 00:00,15290.48212
4881,Ghaziabad,9,9,Uttar Pradesh,09-01-2019 00:00,15238.62333
4882,Hathras,13,9,Uttar Pradesh,09-01-2019 00:00,15202.12925
4883,Jalaun,35,9,Uttar Pradesh,09-01-2019 00:00,15140.6724
4884,Jaunpur,64,9,Uttar Pradesh,09-01-2019 00:00,15165.59897
4885,Jhansi,36,9,Uttar Pradesh,09-01-2019 00:00,15009.57268
4886,Jyotiba Phule Nagar,6,9,Uttar Pradesh,09-01-2019 00:00,15160.71819
4887,Kannauj,30,9,Uttar Pradesh,09-01-2019 00:00,15248.21596
4888,Kanpur Nagar,34,9,Uttar Pradesh,09-01-2019 00:00,15155.57086
4889,Kaushambi,44,9,Uttar Pradesh,09-01-2019 00:00,15103.79428
4890,Kheri,23,9,Uttar Pradesh,09-01-2019 00:00,15108.3778
4891,Mirzapur,69,9,Uttar Pradesh,09-01-2019 00:00,15146.18606
4892,Moradabad,4,9,Uttar Pradesh,09-01-2019 00:00,15122.92281
4893,Muzaffarnagar,2,9,Uttar Pradesh,09-01-2019 00:00,15164.47915
4894,Rae Bareli,28,9,Uttar Pradesh,09-01-2019 00:00,15144.74696
4895,Kushinagar,59,9,Uttar Pradesh,09-01-2019 00:00,15169.06764
4896,Lucknow,27,9,Uttar Pradesh,09-01-2019 00:00,15156.55806
4897,Lalitpur,37,9,Uttar Pradesh,09-01-2019 00:00,15033.37985
4898,Mahrajganj,57,9,Uttar Pradesh,09-01-2019 00:00,15121.67254
4899,Mahoba,39,9,Uttar Pradesh,09-01-2019 00:00,15114.17509
4900,Mainpuri,18,9,Uttar Pradesh,09-01-2019 00:00,15186.014
4901,Mathura,14,9,Uttar Pradesh,09-01-2019 00:00,15284.61622
4902,Mau,62,9,Uttar Pradesh,09-01-2019 00:00,15040.85944
4903,Meerut,7,9,Uttar Pradesh,09-01-2019 00:00,15193.29052
4904,Pilibhit,21,9,Uttar Pradesh,09-01-2019 00:00,15048.81968
4905,Pratapgarh,43,9,Uttar Pradesh,09-01-2019 00:00,15159.93137
4906,Rampur,5,9,Uttar Pradesh,09-01-2019 00:00,15097.94149
4907,Sant Ravidas Nagar Bhadohi,68,9,Uttar Pradesh,09-01-2019 00:00,15136.84039
4908,Sant Kabir Nagar,56,9,Uttar Pradesh,09-01-2019 00:00,15224.5582
4909,Shahjahanpur,22,9,Uttar Pradesh,09-01-2019 00:00,15109.85811
4910,Auraiya,32,9,Uttar Pradesh,09-01-2019 00:00,15034.60379
4911,Azamgarh,61,9,Uttar Pradesh,09-01-2019 00:00,15093.43846
4912,Budaun,19,9,Uttar Pradesh,09-01-2019 00:00,15170.15346
4913,Agra,15,9,Uttar Pradesh,09-01-2019 00:00,15169.3234
4914,Aligarh,12,9,Uttar Pradesh,09-01-2019 00:00,15174.46222
4915,Allahabad,45,9,Uttar Pradesh,09-01-2019 00:00,15142.1998
4916,Ambedkar Nagar,48,9,Uttar Pradesh,09-01-2019 00:00,15176.94866
4917,Bareilly,20,9,Uttar Pradesh,09-01-2019 00:00,15071.28395
4918,Bijnor,3,9,Uttar Pradesh,09-01-2019 00:00,15129.6581
4919,Basti,55,9,Uttar Pradesh,09-01-2019 00:00,15214.7755
4920,Baghpat,8,9,Uttar Pradesh,09-01-2019 00:00,15216.87373
4921,Bahraich,50,9,Uttar Pradesh,09-01-2019 00:00,15094.11167
4922,Ballia,63,9,Uttar Pradesh,09-01-2019 00:00,15088.48753
4923,Balrampur,52,9,Uttar Pradesh,09-01-2019 00:00,15192.88102
4924,Banda,40,9,Uttar Pradesh,09-01-2019 00:00,15147.12915
4925,Barabanki,46,9,Uttar Pradesh,09-01-2019 00:00,15074.66198
4926,Chitrakoot,41,9,Uttar Pradesh,09-01-2019 00:00,15146.24712
4927,Chandauli,66,9,Uttar Pradesh,09-01-2019 00:00,15115.07767
4928,Deoria,60,9,Uttar Pradesh,09-01-2019 00:00,15129.61291
4929,Etah,17,9,Uttar Pradesh,09-01-2019 00:00,15174.41284
4930,Kanpur Dehat,33,9,Uttar Pradesh,09-01-2019 00:00,15098.46238
4931,Etawah,31,9,Uttar Pradesh,09-01-2019 00:00,15127.35063
4932,Faizabad,47,9,Uttar Pradesh,09-01-2019 00:00,15184.76225
4933,Ghazipur,65,9,Uttar Pradesh,09-01-2019 00:00,15164.42543
4934,Gonda,53,9,Uttar Pradesh,09-01-2019 00:00,15174.74492
4935,Gorakhpur,58,9,Uttar Pradesh,09-01-2019 00:00,15186.04177
4936,Farrukhabad,29,9,Uttar Pradesh,09-01-2019 00:00,15263.91651
4937,Fatehpur,42,9,Uttar Pradesh,09-01-2019 00:00,15163.75888
4938,Firozabad,16,9,Uttar Pradesh,09-01-2019 00:00,15180.58906
4939,Hamirpur,38,9,Uttar Pradesh,09-01-2019 00:00,15134.86509
4940,Hardoi,25,9,Uttar Pradesh,09-01-2019 00:00,15166.35186
4941,Sheikhpura,26,10,Bihar,09-01-2019 00:00,15130.15546
4942,Sheohar,3,10,Bihar,09-01-2019 00:00,15069.68107
4943,Saharsa,12,10,Bihar,09-01-2019 00:00,15147.7588
4944,Sitamarhi,4,10,Bihar,09-01-2019 00:00,15098.06292
4945,Siwan,16,10,Bihar,09-01-2019 00:00,15089.78123
4946,Supaul,6,10,Bihar,09-01-2019 00:00,15155.21071
4947,Vaishali,18,10,Bihar,09-01-2019 00:00,15087.42512
4948,Kaimur (Bhabua),31,10,Bihar,09-01-2019 00:00,15147.53797
4949,Gaya,35,10,Bihar,09-01-2019 00:00,15212.92295
4950,Bhojpur,29,10,Bihar,09-01-2019 00:00,15113
4951,Buxar,30,10,Bihar,09-01-2019 00:00,15178.43978
4952,Jehanabad,33,10,Bihar,09-01-2019 00:00,15170.95553
4953,Rohtas,32,10,Bihar,09-01-2019 00:00,15114.33549
4954,Jamui,37,10,Bihar,09-01-2019 00:00,15254.03788
4955,Kishanganj,8,10,Bihar,09-01-2019 00:00,15198.25998
4956,Muzaffarpur,14,10,Bihar,09-01-2019 00:00,15103.53237
4957,Purnia,9,10,Bihar,09-01-2019 00:00,15216.52881
4958,Khagaria,21,10,Bihar,09-01-2019 00:00,15114.6621
4959,Madhubani,5,10,Bihar,09-01-2019 00:00,15103.38189
4960,Lakhisarai,25,10,Bihar,09-01-2019 00:00,15073.29399
4961,Madhepura,11,10,Bihar,09-01-2019 00:00,15174.43994
4962,Purba Champaran,2,10,Bihar,09-01-2019 00:00,15070.31041
4963,Munger,24,10,Bihar,09-01-2019 00:00,15086.27963
4964,Nalanda,27,10,Bihar,09-01-2019 00:00,15141.84434
4965,Nawada,36,10,Bihar,09-01-2019 00:00,15145.62954
4966,Pashchim Champaran,1,10,Bihar,09-01-2019 00:00,15118.29786
4967,Patna,28,10,Bihar,09-01-2019 00:00,15098.64584
4968,Samastipur,19,10,Bihar,09-01-2019 00:00,15115.22347
4969,Araria,7,10,Bihar,09-01-2019 00:00,15188.02358
4970,Aurangabad,34,10,Bihar,09-01-2019 00:00,15162.79454
4971,Banka,23,10,Bihar,09-01-2019 00:00,15213.40998
4972,Bhagalpur,22,10,Bihar,09-01-2019 00:00,15114.36333
4973,Begusarai,20,10,Bihar,09-01-2019 00:00,15081.78458
4974,Saran,17,10,Bihar,09-01-2019 00:00,15099.76281
4975,Katihar,10,10,Bihar,09-01-2019 00:00,15152.31061
4976,Darbhanga,13,10,Bihar,09-01-2019 00:00,15133.67791
4977,Gopalganj,15,10,Bihar,09-01-2019 00:00,15073.83539
4978,South,3,11,Sikkim,09-01-2019 00:00,14668.2426
4979,West,2,11,Sikkim,09-01-2019 00:00,14314.9178
4980,North,1,11,Sikkim,09-01-2019 00:00,14001.19136
4981,East,4,11,Sikkim,09-01-2019 00:00,14534.59226
4982,Tawang,1,12,Arunanchal Pradesh,09-01-2019 00:00,14100.41085
4983,Tirap,13,12,Arunanchal Pradesh,09-01-2019 00:00,14916.55469
4984,West Kameng,2,12,Arunanchal Pradesh,09-01-2019 00:00,14493.4788
4985,West Siang,7,12,Arunanchal Pradesh,09-01-2019 00:00,14608.18024
4986,Upper Siang,9,12,Arunanchal Pradesh,09-01-2019 00:00,14443.45501
4987,Upper Subansiri,6,12,Arunanchal Pradesh,09-01-2019 00:00,14383.26189
4988,Lohit,11,12,Arunanchal Pradesh,09-01-2019 00:00,14519.70923
4989,Lower Subansiri,5,12,Arunanchal Pradesh,09-01-2019 00:00,14500.48829
4990,Papum Pare,4,12,Arunanchal Pradesh,09-01-2019 00:00,14812.56239
4991,Changlang,12,12,Arunanchal Pradesh,09-01-2019 00:00,14782.88395
4992,Dibang Valley,10,12,Arunanchal Pradesh,09-01-2019 00:00,14397.32192
4993,East Kameng,3,12,Arunanchal Pradesh,09-01-2019 00:00,14602.04876
4994,East Siang,8,12,Arunanchal Pradesh,09-01-2019 00:00,14919.1312
4995,Tuensang,2,13,Nagaland,09-01-2019 00:00,14805.41781
4996,Wokha,5,13,Nagaland,09-01-2019 00:00,15026.89211
4997,Zunheboto,4,13,Nagaland,09-01-2019 00:00,14847.27539
4998,Dimapur,6,13,Nagaland,09-01-2019 00:00,15057.68167
4999,Kohima,7,13,Nagaland,09-01-2019 00:00,14928.42728
5000,Mokokchung,3,13,Nagaland,09-01-2019 00:00,15000.12702
5001,Mon,1,13,Nagaland,09-01-2019 00:00,15012.19668
5002,Phek,8,13,Nagaland,09-01-2019 00:00,14818.63595
5003,Tamenglong,2,14,Manipur,09-01-2019 00:00,14942.71923
5004,Thoubal,5,14,Manipur,09-01-2019 00:00,15018.66006
5005,Ukhrul,8,14,Manipur,09-01-2019 00:00,14873.75182
5006,Imphal East,7,14,Manipur,09-01-2019 00:00,15042.48763
5007,Imphal West,6,14,Manipur,09-01-2019 00:00,15067.7403
5008,Senapati (Excl. 3 sub-divisions),1,14,Manipur,09-01-2019 00:00,14841.87372
5009,Bishnupur,4,14,Manipur,09-01-2019 00:00,14970.09147
5010,Chandel,9,14,Manipur,09-01-2019 00:00,14930.75007
5011,Churachandpur,3,14,Manipur,09-01-2019 00:00,14947.26951
5012,Kolasib,2,15,Mizoram,09-01-2019 00:00,15040.33316
5013,Mamit,1,15,Mizoram,09-01-2019 00:00,15004.48924
5014,Lunglei,6,15,Mizoram,09-01-2019 00:00,15010.70851
5015,Lawngtlai,7,15,Mizoram,09-01-2019 00:00,15009.15481
5016,Saiha,8,15,Mizoram,09-01-2019 00:00,14941.7357
5017,Serchhip,5,15,Mizoram,09-01-2019 00:00,14978.97997
5018,Aizawl,3,15,Mizoram,09-01-2019 00:00,14993.93713
5019,Champhai,4,15,Mizoram,09-01-2019 00:00,14928.09435
5020,South Tripura,2,16,Tripura,09-01-2019 00:00,15100.95505
5021,West Tripura,1,16,Tripura,09-01-2019 00:00,15152.78103
5022,North Tripura,4,16,Tripura,09-01-2019 00:00,15110.67244
5023,Dhalai,3,16,Tripura,09-01-2019 00:00,15064.6119
5024,Ri Bhoi,5,17,Meghalaya,09-01-2019 00:00,15013.60396
5025,South Garo Hills,3,17,Meghalaya,09-01-2019 00:00,15082.59094
5026,West Garo Hills,1,17,Meghalaya,09-01-2019 00:00,15129.96386
5027,West Khasi Hills,4,17,Meghalaya,09-01-2019 00:00,14978.31971
5028,Jaintia Hills,7,17,Meghalaya,09-01-2019 00:00,15001.02166
5029,East Garo Hills,2,17,Meghalaya,09-01-2019 00:00,15091.06322
5030,East Khasi Hills,6,17,Meghalaya,09-01-2019 00:00,14967.19841
5031,Sonitpur,11,18,Assam,09-01-2019 00:00,15112.30979
5032,Sibsagar,16,18,Assam,09-01-2019 00:00,15127.9842
5033,Tinsukia,14,18,Assam,09-01-2019 00:00,15050.9557
5034,Jorhat,17,18,Assam,09-01-2019 00:00,15094.03011
5035,Karimganj,22,18,Assam,09-01-2019 00:00,15129.25121
5036,Kokrajhar,1,18,Assam,09-01-2019 00:00,15148.84021
5037,Lakhimpur,12,18,Assam,09-01-2019 00:00,15120.80876
5038,Nagaon,10,18,Assam,09-01-2019 00:00,15120.57231
5039,Marigaon,9,18,Assam,09-01-2019 00:00,15084.33179
5040,Nalbari,7,18,Assam,09-01-2019 00:00,15122.14536
5041,North Cachar Hills,20,18,Assam,09-01-2019 00:00,15003.69832
5042,Barpeta,5,18,Assam,09-01-2019 00:00,15089.86106
5043,Bongaigaon,4,18,Assam,09-01-2019 00:00,15117.70897
5044,Cachar,21,18,Assam,09-01-2019 00:00,15117.57272
5045,Darrang,8,18,Assam,09-01-2019 00:00,15096.17206
5046,Dhemaji,13,18,Assam,09-01-2019 00:00,15052.92893
5047,Dhubri,2,18,Assam,09-01-2019 00:00,15134.46675
5048,Dibrugarh,15,18,Assam,09-01-2019 00:00,15051.95007
5049,Kamrup,6,18,Assam,09-01-2019 00:00,15107.72456
5050,Karbi Anglong,19,18,Assam,09-01-2019 00:00,15037.77923
5051,Goalpara,3,18,Assam,09-01-2019 00:00,15112.34612
5052,Golaghat,18,18,Assam,09-01-2019 00:00,15081.62537
5053,Hailakandi,23,18,Assam,09-01-2019 00:00,15127.80739
5054,South  Twenty Four Parganas,18,19,West Bengal,09-01-2019 00:00,15116.24023
5055,Uttar Dinajpur,4,19,West Bengal,09-01-2019 00:00,15162.7992
5056,Hugli,12,19,West Bengal,09-01-2019 00:00,15154.75967
5057,Jalpaiguri,2,19,West Bengal,09-01-2019 00:00,15136.26328
5058,Koch Bihar,3,19,West Bengal,09-01-2019 00:00,15127.83672
5059,Murshidabad,7,19,West Bengal,09-01-2019 00:00,15230.77426
5060,Puruliya,14,19,West Bengal,09-01-2019 00:00,15158.9809
5061,Kolkata,17,19,West Bengal,09-01-2019 00:00,15386.81988
5062,Maldah,6,19,West Bengal,09-01-2019 00:00,15187.99489
5063,Nadia,10,19,West Bengal,09-01-2019 00:00,15261.94405
5064,North Twenty Four Parganas,11,19,West Bengal,09-01-2019 00:00,15126.02488
5065,Medinipur,15,19,West Bengal,09-01-2019 00:00,15153.47375
5066,Barddhaman,9,19,West Bengal,09-01-2019 00:00,15155.64226
5067,Birbhum,8,19,West Bengal,09-01-2019 00:00,15164.87739
5068,Bankura,13,19,West Bengal,09-01-2019 00:00,15167.18093
5069,Dakshin Dinajpur,5,19,West Bengal,09-01-2019 00:00,15146.77352
5070,Darjiling,1,19,West Bengal,09-01-2019 00:00,15019.51973
5071,Haora,16,19,West Bengal,09-01-2019 00:00,15138.72953
5072,Ranchi,14,20,Jharkhand,09-01-2019 00:00,15070.19241
5073,Sahibganj,9,20,Jharkhand,09-01-2019 00:00,15199.30962
5074,Garhwa,1,20,Jharkhand,09-01-2019 00:00,15079.8813
5075,Palamu,2,20,Jharkhand,09-01-2019 00:00,15116.41664
5076,Chatra,3,20,Jharkhand,09-01-2019 00:00,15129.62355
5077,Hazaribagh,4,20,Jharkhand,09-01-2019 00:00,15140.39456
5078,Kodarma,5,20,Jharkhand,09-01-2019 00:00,15149.92635
5079,Purbi Singhbhum,18,20,Jharkhand,09-01-2019 00:00,15128.53631
5080,Lohardaga,15,20,Jharkhand,09-01-2019 00:00,15037.54851
5081,Pakaur,10,20,Jharkhand,09-01-2019 00:00,15231.51054
5082,Pashchimi Singhbhum,17,20,Jharkhand,09-01-2019 00:00,15092.2319
5083,Bokaro,13,20,Jharkhand,09-01-2019 00:00,15166.32468
5084,Deoghar,7,20,Jharkhand,09-01-2019 00:00,15288.3299
5085,Dhanbad,12,20,Jharkhand,09-01-2019 00:00,15211.54972
5086,Dumka,11,20,Jharkhand,09-01-2019 00:00,15231.46506
5087,Giridih,6,20,Jharkhand,09-01-2019 00:00,15243.21745
5088,Godda,8,20,Jharkhand,09-01-2019 00:00,15191.39342
5089,Gumla,16,20,Jharkhand,09-01-2019 00:00,15046.04742
5090,Rayagada,27,21,Orissa,09-01-2019 00:00,15072.2079
5091,Sundargarh,5,21,Orissa,09-01-2019 00:00,15088.48124
5092,Sonapur,23,21,Orissa,09-01-2019 00:00,15087.99116
5093,Jajapur,13,21,Orissa,09-01-2019 00:00,15121.37193
5094,Jagatsinghapur,11,21,Orissa,09-01-2019 00:00,15081.43952
5095,Jharsuguda,2,21,Orissa,09-01-2019 00:00,15093.69297
5096,Khordha,17,21,Orissa,09-01-2019 00:00,15145.92798
5097,Mayurbhanj,7,21,Orissa,09-01-2019 00:00,15068.42392
5098,Puri,18,21,Orissa,09-01-2019 00:00,15092.63189
5099,Koraput,29,21,Orissa,09-01-2019 00:00,15033.20555
5100,Malkangiri,30,21,Orissa,09-01-2019 00:00,15106.70331
5101,Nabarangapur,28,21,Orissa,09-01-2019 00:00,15011.26684
5102,Nayagarh,16,21,Orissa,09-01-2019 00:00,15085.29048
5103,Nuapada,25,21,Orissa,09-01-2019 00:00,15076.96947
5104,Kandhamal,21,21,Orissa,09-01-2019 00:00,15002.64376
5105,Sambalpur,3,21,Orissa,09-01-2019 00:00,15071.38569
5106,Anugul,15,21,Orissa,09-01-2019 00:00,15070.51887
5107,Bhadrak,9,21,Orissa,09-01-2019 00:00,15094.22631
5108,Baudh,22,21,Orissa,09-01-2019 00:00,15062.84136
5109,Balangir,24,21,Orissa,09-01-2019 00:00,15089.53225
5110,Baleshwar,8,21,Orissa,09-01-2019 00:00,15106.22941
5111,Bargarh,1,21,Orissa,09-01-2019 00:00,15056.82914
5112,Kendrapara,10,21,Orissa,09-01-2019 00:00,15084.90088
5113,Kendujhar,6,21,Orissa,09-01-2019 00:00,15069.38966
5114,Debagarh,4,21,Orissa,09-01-2019 00:00,15030.46767
5115,Cuttack,12,21,Orissa,09-01-2019 00:00,15099.44325
5116,Dhenkanal,14,21,Orissa,09-01-2019 00:00,15113.48555
5117,Kalahandi,26,21,Orissa,09-01-2019 00:00,15090.3125
5118,Ganjam,19,21,Orissa,09-01-2019 00:00,15102.71621
5119,Gajapati,20,21,Orissa,09-01-2019 00:00,15049.53605
5120,Surguja,2,22,Chhattisgarh,09-01-2019 00:00,15032.61555
5121,Bilaspur,7,22,Chhattisgarh,09-01-2019 00:00,15011.26174
5122,Janjgir - Champa,6,22,Chhattisgarh,09-01-2019 00:00,15084.64889
5123,Korba,5,22,Chhattisgarh,09-01-2019 00:00,15054.05875
5124,Kawardha,8,22,Chhattisgarh,09-01-2019 00:00,14981.12949
5125,Jashpur,3,22,Chhattisgarh,09-01-2019 00:00,14998.8662
5126,Koriya,1,22,Chhattisgarh,09-01-2019 00:00,15024.12847
5127,Mahasamund,12,22,Chhattisgarh,09-01-2019 00:00,15057.13037
5128,Raigarh,4,22,Chhattisgarh,09-01-2019 00:00,15080.24089
5129,Raipur,11,22,Chhattisgarh,09-01-2019 00:00,15067.57832
5130,Rajnandgaon,9,22,Chhattisgarh,09-01-2019 00:00,15036.49687
5131,Bastar,15,22,Chhattisgarh,09-01-2019 00:00,15029.02736
5132,Dantewada,16,22,Chhattisgarh,09-01-2019 00:00,15072.10199
5133,Dhamtari,13,22,Chhattisgarh,09-01-2019 00:00,15007.92219
5134,Durg,10,22,Chhattisgarh,09-01-2019 00:00,15047.28007
5135,Kanker,14,22,Chhattisgarh,09-01-2019 00:00,15041.0274
5136,Shajapur,22,23,Madhya Pradesh,09-01-2019 00:00,15063.10717
5137,Shivpuri,6,23,Madhya Pradesh,09-01-2019 00:00,15132.86143
5138,Ratlam,20,23,Madhya Pradesh,09-01-2019 00:00,15111.84842
5139,Rewa,14,23,Madhya Pradesh,09-01-2019 00:00,15156.30982
5140,Sagar,11,23,Madhya Pradesh,09-01-2019 00:00,15101.92154
5141,Sidhi,17,23,Madhya Pradesh,09-01-2019 00:00,15083.19062
5142,Ujjain,21,23,Madhya Pradesh,09-01-2019 00:00,15042.37639
5143,Vidisha,31,23,Madhya Pradesh,09-01-2019 00:00,15096.75311
5144,West Nimar,27,23,Madhya Pradesh,09-01-2019 00:00,15122.53218
5145,Morena,2,23,Madhya Pradesh,09-01-2019 00:00,15201.23333
5146,Sheopur,1,23,Madhya Pradesh,09-01-2019 00:00,15146.28796
5147,Dindori,41,23,Madhya Pradesh,09-01-2019 00:00,15068.10157
5148,Mandla,42,23,Madhya Pradesh,09-01-2019 00:00,15060.66988
5149,Shahdol,16,23,Madhya Pradesh,09-01-2019 00:00,15054.69789
5150,Umaria,15,23,Madhya Pradesh,09-01-2019 00:00,15053.55246
5151,Hoshangabad,37,23,Madhya Pradesh,09-01-2019 00:00,14960.50189
5152,Indore,26,23,Madhya Pradesh,09-01-2019 00:00,15085.26189
5153,Jabalpur,39,23,Madhya Pradesh,09-01-2019 00:00,15121.84187
5154,Jhabua,24,23,Madhya Pradesh,09-01-2019 00:00,14976.55704
5155,Mandsaur,19,23,Madhya Pradesh,09-01-2019 00:00,15095.43602
5156,Tikamgarh,8,23,Madhya Pradesh,09-01-2019 00:00,15051.0492
5157,Narsimhapur,40,23,Madhya Pradesh,09-01-2019 00:00,15004.59927
5158,Neemuch,18,23,Madhya Pradesh,09-01-2019 00:00,15111.3383
5159,Panna,10,23,Madhya Pradesh,09-01-2019 00:00,15132.71271
5160,Raisen,34,23,Madhya Pradesh,09-01-2019 00:00,15019.70948
5161,Rajgarh,30,23,Madhya Pradesh,09-01-2019 00:00,15105.73972
5162,Satna,13,23,Madhya Pradesh,09-01-2019 00:00,15118.15398
5163,Sehore,33,23,Madhya Pradesh,09-01-2019 00:00,15045.023
5164,Seoni,44,23,Madhya Pradesh,09-01-2019 00:00,14977.35256
5165,Bhind,3,23,Madhya Pradesh,09-01-2019 00:00,15241.96727
5166,Bhopal,32,23,Madhya Pradesh,09-01-2019 00:00,14944.27776
5167,Barwani,28,23,Madhya Pradesh,09-01-2019 00:00,15103.3278
5168,Betul,35,23,Madhya Pradesh,09-01-2019 00:00,14958.18264
5169,Balaghat,45,23,Madhya Pradesh,09-01-2019 00:00,14967.5333
5170,Chhatarpur,9,23,Madhya Pradesh,09-01-2019 00:00,15107.23694
5171,Chhindwara,43,23,Madhya Pradesh,09-01-2019 00:00,14964.29318
5172,Dewas,23,23,Madhya Pradesh,09-01-2019 00:00,15121.35396
5173,Katni,38,23,Madhya Pradesh,09-01-2019 00:00,15071.4725
5174,Datia,5,23,Madhya Pradesh,09-01-2019 00:00,15115.11029
5175,Damoh,12,23,Madhya Pradesh,09-01-2019 00:00,15117.64706
5176,Dhar,25,23,Madhya Pradesh,09-01-2019 00:00,15074.60608
5177,East Nimar,29,23,Madhya Pradesh,09-01-2019 00:00,15081.78122
5178,Guna,7,23,Madhya Pradesh,09-01-2019 00:00,15083.70424
5179,Gwalior,4,23,Madhya Pradesh,09-01-2019 00:00,15149.68093
5180,Harda,36,23,Madhya Pradesh,09-01-2019 00:00,15091.93009
5181,Sabar Kantha,5,24,Gujarat,09-01-2019 00:00,15112.83755
5182,Surendranagar,8,24,Gujarat,09-01-2019 00:00,15234.10441
5183,The Dangs,23,24,Gujarat,09-01-2019 00:00,14973.92532
5184,Vadodara,19,24,Gujarat,09-01-2019 00:00,15021.8688
5185,Valsad,25,24,Gujarat,09-01-2019 00:00,15036.76244
5186,Bharuch,21,24,Gujarat,09-01-2019 00:00,15003.02127
5187,Surat,22,24,Gujarat,09-01-2019 00:00,14983.05436
5188,Jamnagar,10,24,Gujarat,09-01-2019 00:00,15191.7826
5189,Kheda,16,24,Gujarat,09-01-2019 00:00,15168.98532
5190,Mahesana,4,24,Gujarat,09-01-2019 00:00,15241.53173
5191,Narmada,20,24,Gujarat,09-01-2019 00:00,14948.60557
5192,Navsari,24,24,Gujarat,09-01-2019 00:00,15045.61672
5193,Panch Mahals,17,24,Gujarat,09-01-2019 00:00,15118.43034
5194,Patan,3,24,Gujarat,09-01-2019 00:00,15311.81336
5195,Porbandar,11,24,Gujarat,09-01-2019 00:00,15050.98095
5196,Rajkot,9,24,Gujarat,09-01-2019 00:00,15209.30089
5197,Anand,15,24,Gujarat,09-01-2019 00:00,15125.75667
5198,Ahmadabad,7,24,Gujarat,09-01-2019 00:00,15183.62597
5199,Amreli,13,24,Gujarat,09-01-2019 00:00,15142.3559
5200,Bhavnagar,14,24,Gujarat,09-01-2019 00:00,15090.67625
5201,Banas Kantha,2,24,Gujarat,09-01-2019 00:00,15279.36138
5202,Dohad,18,24,Gujarat,09-01-2019 00:00,14988.487
5203,Junagadh,12,24,Gujarat,09-01-2019 00:00,15056.0654
5204,Kachchh,1,24,Gujarat,09-01-2019 00:00,15351.83622
5205,Gandhinagar,6,24,Gujarat,09-01-2019 00:00,15188.63807
5206,Daman,2,25,Daman & Diu,09-01-2019 00:00,14984.06669
5207,Diu,1,25,Daman & Diu,09-01-2019 00:00,15054.51794
5208,Ratnagiri,32,27,Maharashtra,09-01-2019 00:00,15055.13263
5209,Raigarh,24,27,Maharashtra,09-01-2019 00:00,15028.12903
5210,Thane,21,27,Maharashtra,09-01-2019 00:00,15036.3269
5211,Solapur,30,27,Maharashtra,09-01-2019 00:00,15320.13192
5212,Sindhudurg,33,27,Maharashtra,09-01-2019 00:00,15056.23518
5213,Wardha,8,27,Maharashtra,09-01-2019 00:00,15084.71876
5214,Washim,6,27,Maharashtra,09-01-2019 00:00,15087.05206
5215,Yavatmal,14,27,Maharashtra,09-01-2019 00:00,15071.59873
5216,Hingoli,16,27,Maharashtra,09-01-2019 00:00,15079.59427
5217,Jalgaon,3,27,Maharashtra,09-01-2019 00:00,15133.5674
5218,Jalna,18,27,Maharashtra,09-01-2019 00:00,15100.54395
5219,Kolhapur,34,27,Maharashtra,09-01-2019 00:00,15062.57844
5220,Latur,28,27,Maharashtra,09-01-2019 00:00,15126.72226
5221,Pune,25,27,Maharashtra,09-01-2019 00:00,15146.04071
5222,Nagpur,9,27,Maharashtra,09-01-2019 00:00,15020.79904
5223,Mumbai,23,27,Maharashtra,09-01-2019 00:00,15002.40034
5224,Mumbai (Suburban),22,27,Maharashtra,09-01-2019 00:00,15146.21081
5225,Nanded,15,27,Maharashtra,09-01-2019 00:00,15060.72174
5226,Nandurbar,1,27,Maharashtra,09-01-2019 00:00,15065.46301
5227,Nashik,20,27,Maharashtra,09-01-2019 00:00,15099.79153
5228,Osmanabad,29,27,Maharashtra,09-01-2019 00:00,15156.61931
5229,Parbhani,17,27,Maharashtra,09-01-2019 00:00,15084.206
5230,Sangli,35,27,Maharashtra,09-01-2019 00:00,15222.88552
5231,Satara,31,27,Maharashtra,09-01-2019 00:00,15154.07539
5232,Aurangabad,19,27,Maharashtra,09-01-2019 00:00,15113.82738
5233,Ahmadnagar,26,27,Maharashtra,09-01-2019 00:00,15176.0885
5234,Akola,5,27,Maharashtra,09-01-2019 00:00,15115.74835
5235,Amravati,7,27,Maharashtra,09-01-2019 00:00,15061.99895
5236,Bid,27,27,Maharashtra,09-01-2019 00:00,15168.32675
5237,Bhandara,10,27,Maharashtra,09-01-2019 00:00,14890.26616
5238,Buldana,4,27,Maharashtra,09-01-2019 00:00,15100.71689
5239,Chandrapur,13,27,Maharashtra,09-01-2019 00:00,15100.60013
5240,Dhule,2,27,Maharashtra,09-01-2019 00:00,15138.04684
5241,Gadchiroli,12,27,Maharashtra,09-01-2019 00:00,15079.50462
5242,Gondiya,11,27,Maharashtra,09-01-2019 00:00,14988.13817
5243,Rangareddi,6,28,Andhra Pradesh,09-01-2019 00:00,15126.07346
5244,Srikakulam,11,28,Andhra Pradesh,09-01-2019 00:00,15090.38423
5245,West Godavari,15,28,Andhra Pradesh,09-01-2019 00:00,15102.08946
5246,Visakhapatnam,13,28,Andhra Pradesh,09-01-2019 00:00,15049.97436
5247,Vizianagaram,12,28,Andhra Pradesh,09-01-2019 00:00,15113.52742
5248,Warangal,9,28,Andhra Pradesh,09-01-2019 00:00,15110.39599
5249,Hyderabad,5,28,Andhra Pradesh,09-01-2019 00:00,15288.61793
5250,Khammam,10,28,Andhra Pradesh,09-01-2019 00:00,15105.18428
5251,Medak,4,28,Andhra Pradesh,09-01-2019 00:00,15073.80768
5252,Krishna,16,28,Andhra Pradesh,09-01-2019 00:00,15104.24626
5253,Kurnool,21,28,Andhra Pradesh,09-01-2019 00:00,15233.87995
5254,Mahbubnagar,7,28,Andhra Pradesh,09-01-2019 00:00,15134.98101
5255,Nalgonda,8,28,Andhra Pradesh,09-01-2019 00:00,15112.55269
5256,Nellore,19,28,Andhra Pradesh,09-01-2019 00:00,15413.61909
5257,Nizamabad,2,28,Andhra Pradesh,09-01-2019 00:00,15004.99529
5258,Prakasam,18,28,Andhra Pradesh,09-01-2019 00:00,15358.54355
5259,Anantapur,22,28,Andhra Pradesh,09-01-2019 00:00,15222.35522
5260,Adilabad,1,28,Andhra Pradesh,09-01-2019 00:00,15093.82355
5261,Chittoor,23,28,Andhra Pradesh,09-01-2019 00:00,15214.19033
5262,Cuddapah,20,28,Andhra Pradesh,09-01-2019 00:00,15330.52449
5263,East Godavari,14,28,Andhra Pradesh,09-01-2019 00:00,15052.98371
5264,Karimnagar,3,28,Andhra Pradesh,09-01-2019 00:00,15093.16013
5265,Guntur,17,28,Andhra Pradesh,09-01-2019 00:00,15254.55626
5266,Shimoga,15,29,Karnataka,09-01-2019 00:00,14954.23566
5267,Tumkur,18,29,Karnataka,09-01-2019 00:00,15099.02872
5268,Udupi,16,29,Karnataka,09-01-2019 00:00,15070.8254
5269,Uttara Kannada,10,29,Karnataka,09-01-2019 00:00,14986.62105
5270,Hassan,23,29,Karnataka,09-01-2019 00:00,14974.79698
5271,Haveri,11,29,Karnataka,09-01-2019 00:00,15076.81459
5272,Kodagu,25,29,Karnataka,09-01-2019 00:00,14904.94225
5273,Kolar,19,29,Karnataka,09-01-2019 00:00,15200.70837
5274,Mandya,22,29,Karnataka,09-01-2019 00:00,15077.89413
5275,Koppal,7,29,Karnataka,09-01-2019 00:00,15217.92833
5276,Mysore,26,29,Karnataka,09-01-2019 00:00,15071.85267
5277,Raichur,6,29,Karnataka,09-01-2019 00:00,15290.16271
5278,Bagalkot,2,29,Karnataka,09-01-2019 00:00,15182.50691
5279,Bangalore,20,29,Karnataka,09-01-2019 00:00,15180.86614
5280,Bidar,5,29,Karnataka,09-01-2019 00:00,15079.33211
5281,Bijapur,3,29,Karnataka,09-01-2019 00:00,15311.90975
5282,Belgaum,1,29,Karnataka,09-01-2019 00:00,15152.50974
5283,Bellary,12,29,Karnataka,09-01-2019 00:00,15188.97215
5284,Bangalore Rural,21,29,Karnataka,09-01-2019 00:00,15098.79682
5285,Chamarajanagar,27,29,Karnataka,09-01-2019 00:00,15049.05459
5286,Chikmagalur,17,29,Karnataka,09-01-2019 00:00,14959.5035
5287,Chitradurga,13,29,Karnataka,09-01-2019 00:00,15186.43331
5288,Dakshina Kannada,24,29,Karnataka,09-01-2019 00:00,15038.44674
5289,Davanagere,14,29,Karnataka,09-01-2019 00:00,15050.27351
5290,Dharwad,9,29,Karnataka,09-01-2019 00:00,15148.19062
5291,Gulbarga,4,29,Karnataka,09-01-2019 00:00,15163.64183
5292,Gadag,8,29,Karnataka,09-01-2019 00:00,15254.50595
5293,South Goa,2,30,Goa,09-01-2019 00:00,15023.57742
5294,North Goa,1,30,Goa,09-01-2019 00:00,15028.84453
5295,Thrissur,7,32,Kerala,09-01-2019 00:00,14928.98697
5296,Thiruvananthapuram,14,32,Kerala,09-01-2019 00:00,15041.96665
5297,Wayanad,3,32,Kerala,09-01-2019 00:00,14911.13306
5298,Idukki,9,32,Kerala,09-01-2019 00:00,14831.98683
5299,Kollam,13,32,Kerala,09-01-2019 00:00,14997.65212
5300,Kottayam,10,32,Kerala,09-01-2019 00:00,15050.73408
5301,Kozhikode,4,32,Kerala,09-01-2019 00:00,15038.6474
5302,Malappuram,5,32,Kerala,09-01-2019 00:00,15019.03046
5303,Palakkad,6,32,Kerala,09-01-2019 00:00,14957.64229
5304,Pathanamthitta,12,32,Kerala,09-01-2019 00:00,14951.87108
5305,Alappuzha,11,32,Kerala,09-01-2019 00:00,15038.32882
5306,Kasaragod,1,32,Kerala,09-01-2019 00:00,15010.42827
5307,Kannur,2,32,Kerala,09-01-2019 00:00,15032.80495
5308,Ernakulam,8,32,Kerala,09-01-2019 00:00,15013.02334
5309,Sivaganga,23,33,Tamil Nadu,09-01-2019 00:00,15565.3773
5310,Tiruchirappalli,15,33,Tamil Nadu,09-01-2019 00:00,15527.08354
5311,Tirunelveli,29,33,Tamil Nadu,09-01-2019 00:00,15492.15788
5312,Tiruvannamalai,6,33,Tamil Nadu,09-01-2019 00:00,15200.03514
5313,Thoothukkudi,28,33,Tamil Nadu,09-01-2019 00:00,15735.85135
5314,Theni,25,33,Tamil Nadu,09-01-2019 00:00,15215.47317
5315,Vellore,4,33,Tamil Nadu,09-01-2019 00:00,15176.39675
5316,Viluppuram,7,33,Tamil Nadu,09-01-2019 00:00,15348.24357
5317,Virudhunagar,26,33,Tamil Nadu,09-01-2019 00:00,15770.01063
5318,Chennai,2,33,Tamil Nadu,09-01-2019 00:00,15474.61652
5319,Kancheepuram,3,33,Tamil Nadu,09-01-2019 00:00,15257.24965
5320,Thiruvallur,1,33,Tamil Nadu,09-01-2019 00:00,15280.78693
5321,Thanjavur,21,33,Tamil Nadu,09-01-2019 00:00,15365.52842
5322,Thiruvarur,20,33,Tamil Nadu,09-01-2019 00:00,15362.87029
5323,Nagapattinam,19,33,Tamil Nadu,09-01-2019 00:00,15276.97157
5324,Kanniyakumari,30,33,Tamil Nadu,09-01-2019 00:00,15052.37835
5325,Karur,14,33,Tamil Nadu,09-01-2019 00:00,15501.60657
5326,Madurai,24,33,Tamil Nadu,09-01-2019 00:00,15680.6795
5327,Namakkal,9,33,Tamil Nadu,09-01-2019 00:00,15301.18354
5328,The Nilgiris,11,33,Tamil Nadu,09-01-2019 00:00,14819.59996
5329,Perambalur,16,33,Tamil Nadu,09-01-2019 00:00,15537.72975
5330,Pudukkottai,22,33,Tamil Nadu,09-01-2019 00:00,15476.97472
5331,Ramanathapuram,27,33,Tamil Nadu,09-01-2019 00:00,15681.75715
5332,Salem,8,33,Tamil Nadu,09-01-2019 00:00,15175.72114
5333,Ariyalur,17,33,Tamil Nadu,09-01-2019 00:00,15497.58452
5334,Coimbatore,12,33,Tamil Nadu,09-01-2019 00:00,15230.97637
5335,Cuddalore,18,33,Tamil Nadu,09-01-2019 00:00,15458.26443
5336,Dharmapuri,5,33,Tamil Nadu,09-01-2019 00:00,15156.04545
5337,Dindigul,13,33,Tamil Nadu,09-01-2019 00:00,15410.07531
5338,Erode,10,33,Tamil Nadu,09-01-2019 00:00,15286.93738
5339,Yanam,1,34,Puducherry,09-01-2019 00:00,15087.21246
5340,Karaikal,4,34,Puducherry,09-01-2019 00:00,15183.10715
5341,Mahe,3,34,Puducherry,09-01-2019 00:00,14981.87218
5342,Pondicherry,2,34,Puducherry,09-01-2019 00:00,15268.16984
5343,Nicobars,2,35,Andaman & Nicobar Island,09-01-2019 00:00,14908.00445
5344,Andamans,1,35,Andaman & Nicobar Island,09-01-2019 00:00,14966.09682
5345,Lakshadweep,1,31,Lakshadweep,10-01-2019 00:00,14896.71307
5346,Chandigarh,1,4,Chandigarh,10-01-2019 00:00,15135.91959
5347,Dadra & Nagar Haveli,1,26,Dadara & Nagar Havelli,10-01-2019 00:00,15150.95691
5348,Data Not Available,99,99,Jammu and Kashmir,10-01-2019 00:00,14042.6692
5349,Srinagar,3,1,Jammu and Kashmir,10-01-2019 00:00,14282.04592
5350,Udhampur,10,1,Jammu and Kashmir,10-01-2019 00:00,14709.00227
5351,Jammu,13,1,Jammu and Kashmir,10-01-2019 00:00,14977.93485
5352,Kargil,8,1,Jammu and Kashmir,10-01-2019 00:00,14201.61517
5353,Kathua,14,1,Jammu and Kashmir,10-01-2019 00:00,14891.94907
5354,Leh (Ladakh),7,1,Jammu and Kashmir,10-01-2019 00:00,14182.9091
5355,Kupwara,1,1,Jammu and Kashmir,10-01-2019 00:00,14440.136
5356,Punch,11,1,Jammu and Kashmir,10-01-2019 00:00,14679.12994
5357,Pulwama,5,1,Jammu and Kashmir,10-01-2019 00:00,14581.95908
5358,Rajauri,12,1,Jammu and Kashmir,10-01-2019 00:00,14822.63095
5359,Anantnag,6,1,Jammu and Kashmir,10-01-2019 00:00,14329.5436
5360,Badgam,4,1,Jammu and Kashmir,10-01-2019 00:00,14475.30099
5361,Baramula,2,1,Jammu and Kashmir,10-01-2019 00:00,14365.57179
5362,Doda,9,1,Jammu and Kashmir,10-01-2019 00:00,14214.36657
5363,Shimla,11,2,Himachal Pradesh,10-01-2019 00:00,14559.54424
5364,Sirmaur,10,2,Himachal Pradesh,10-01-2019 00:00,14834.56499
5365,Solan,9,2,Himachal Pradesh,10-01-2019 00:00,14870.31413
5366,Una,7,2,Himachal Pradesh,10-01-2019 00:00,14952.03977
5367,Kangra,2,2,Himachal Pradesh,10-01-2019 00:00,14710.02324
5368,Kinnaur,12,2,Himachal Pradesh,10-01-2019 00:00,14201.16857
5369,Lahul & Spiti,3,2,Himachal Pradesh,10-01-2019 00:00,14057.29561
5370,Kullu,4,2,Himachal Pradesh,10-01-2019 00:00,14228.95796
5371,Mandi,5,2,Himachal Pradesh,10-01-2019 00:00,14717.23706
5372,Bilaspur,8,2,Himachal Pradesh,10-01-2019 00:00,14870.09141
5373,Chamba,1,2,Himachal Pradesh,10-01-2019 00:00,14385.1964
5374,Hamirpur,6,2,Himachal Pradesh,10-01-2019 00:00,14878.17156
5375,Rupnagar,7,3,Punjab,10-01-2019 00:00,15083.26261
5376,Hoshiarpur,5,3,Punjab,10-01-2019 00:00,15047.75636
5377,Jalandhar,4,3,Punjab,10-01-2019 00:00,15101.03056
5378,Kapurthala,3,3,Punjab,10-01-2019 00:00,15096.16979
5379,Ludhiana,9,3,Punjab,10-01-2019 00:00,15069.07354
5380,Mansa,15,3,Punjab,10-01-2019 00:00,15100.55231
5381,Moga,10,3,Punjab,10-01-2019 00:00,15054.28907
5382,Muktsar,12,3,Punjab,10-01-2019 00:00,15097.28576
5383,Nawanshahr,6,3,Punjab,10-01-2019 00:00,15085.14327
5384,Patiala,17,3,Punjab,10-01-2019 00:00,15100.0323
5385,Sangrur,16,3,Punjab,10-01-2019 00:00,15056.11213
5386,Amritsar,2,3,Punjab,10-01-2019 00:00,15081.74088
5387,Firozpur,11,3,Punjab,10-01-2019 00:00,15116.21963
5388,Bathinda,14,3,Punjab,10-01-2019 00:00,15095.21025
5389,Gurdaspur,1,3,Punjab,10-01-2019 00:00,15045.46722
5390,Faridkot,13,3,Punjab,10-01-2019 00:00,15101.83175
5391,Fatehgarh Sahib,8,3,Punjab,10-01-2019 00:00,15091.13664
5392,Rudraprayag,3,5,Uttarakhand,10-01-2019 00:00,14456.51404
5393,Tehri Garhwal,4,5,Uttarakhand,10-01-2019 00:00,14651.18347
5394,Udham Singh Nagar,12,5,Uttarakhand,10-01-2019 00:00,15078.92871
5395,Uttarkashi,1,5,Uttarakhand,10-01-2019 00:00,14278.41698
5396,Hardwar,13,5,Uttarakhand,10-01-2019 00:00,15074.77829
5397,Nainital,11,5,Uttarakhand,10-01-2019 00:00,14884.9015
5398,Pithoragarh,7,5,Uttarakhand,10-01-2019 00:00,14358.50199
5399,Bageshwar,8,5,Uttarakhand,10-01-2019 00:00,14554.98115
5400,Almora,9,5,Uttarakhand,10-01-2019 00:00,14820.71512
5401,Chamoli,2,5,Uttarakhand,10-01-2019 00:00,14219.39078
5402,Champawat,10,5,Uttarakhand,10-01-2019 00:00,14806.0226
5403,Dehradun,5,5,Uttarakhand,10-01-2019 00:00,14870.9303
5404,Garhwal,6,5,Uttarakhand,10-01-2019 00:00,14813.59281
5405,Rohtak,14,6,Haryana,10-01-2019 00:00,15157.25198
5406,Sirsa,11,6,Haryana,10-01-2019 00:00,15215.44872
5407,Sonipat,8,6,Haryana,10-01-2019 00:00,15137.78821
5408,Yamunanagar,3,6,Haryana,10-01-2019 00:00,15087.88603
5409,Jhajjar,15,6,Haryana,10-01-2019 00:00,15299.74034
5410,Mahendragarh,16,6,Haryana,10-01-2019 00:00,15483.64051
5411,Rewari,17,6,Haryana,10-01-2019 00:00,15472.0287
5412,Bhiwani,13,6,Haryana,10-01-2019 00:00,15412.75951
5413,Hisar,12,6,Haryana,10-01-2019 00:00,15266.05368
5414,Jind,9,6,Haryana,10-01-2019 00:00,15107.13489
5415,Kaithal,5,6,Haryana,10-01-2019 00:00,15123.34552
5416,Karnal,6,6,Haryana,10-01-2019 00:00,15138.16252
5417,Kurukshetra,4,6,Haryana,10-01-2019 00:00,15151.11676
5418,Panchkula,1,6,Haryana,10-01-2019 00:00,15013.16114
5419,Panipat,7,6,Haryana,10-01-2019 00:00,15100.24813
5420,Ambala,2,6,Haryana,10-01-2019 00:00,15115.45044
5421,Gurgaon,18,6,Haryana,10-01-2019 00:00,15339.27745
5422,Faridabad,19,6,Haryana,10-01-2019 00:00,15239.58663
5423,Fatehabad,10,6,Haryana,10-01-2019 00:00,15143.43814
5424,Central,6,7,Delhi  & NCR,10-01-2019 00:00,15226.93176
5425,East,4,7,Delhi  & NCR,10-01-2019 00:00,15219.57019
5426,New Delhi,5,7,Delhi  & NCR,10-01-2019 00:00,15164.18472
5427,North,2,7,Delhi  & NCR,10-01-2019 00:00,15204.61914
5428,North East,3,7,Delhi  & NCR,10-01-2019 00:00,15215.25072
5429,North West,1,7,Delhi  & NCR,10-01-2019 00:00,15241.72475
5430,South,9,7,Delhi  & NCR,10-01-2019 00:00,15180.63959
5431,South West,8,7,Delhi  & NCR,10-01-2019 00:00,15273.48981
5432,West,7,7,Delhi  & NCR,10-01-2019 00:00,15256.79464
5433,Sirohi,19,8,Rajasthan,10-01-2019 00:00,15283.9974
5434,Tonk,22,8,Rajasthan,10-01-2019 00:00,15429.21161
5435,Sikar,13,8,Rajasthan,10-01-2019 00:00,15473.99848
5436,Alwar,6,8,Rajasthan,10-01-2019 00:00,15395.70961
5437,Udaipur,26,8,Rajasthan,10-01-2019 00:00,15133.07706
5438,Ganganagar,1,8,Rajasthan,10-01-2019 00:00,15501.87112
5439,Hanumangarh,2,8,Rajasthan,10-01-2019 00:00,15464.57833
5440,Baran,31,8,Rajasthan,10-01-2019 00:00,15273.41813
5441,Jaipur,12,8,Rajasthan,10-01-2019 00:00,15470.5534
5442,Jaisalmer,16,8,Rajasthan,10-01-2019 00:00,15830.28077
5443,Jalor,18,8,Rajasthan,10-01-2019 00:00,15488.15569
5444,Jhalawar,32,8,Rajasthan,10-01-2019 00:00,15270.66051
5445,Jhunjhunun,5,8,Rajasthan,10-01-2019 00:00,15506.28592
5446,Jodhpur,15,8,Rajasthan,10-01-2019 00:00,15586.01727
5447,Kota,30,8,Rajasthan,10-01-2019 00:00,15277.62344
5448,Nagaur,14,8,Rajasthan,10-01-2019 00:00,15477.44351
5449,Pali,20,8,Rajasthan,10-01-2019 00:00,15428.03859
5450,Rajsamand,25,8,Rajasthan,10-01-2019 00:00,15177.75365
5451,Sawai Madhopur,10,8,Rajasthan,10-01-2019 00:00,15404.37025
5452,Ajmer,21,8,Rajasthan,10-01-2019 00:00,15392.7596
5453,Banswara,28,8,Rajasthan,10-01-2019 00:00,15196.63454
5454,Barmer,17,8,Rajasthan,10-01-2019 00:00,15627.31788
5455,Bhilwara,24,8,Rajasthan,10-01-2019 00:00,15278.843
5456,Bikaner,3,8,Rajasthan,10-01-2019 00:00,15683.90481
5457,Bharatpur,7,8,Rajasthan,10-01-2019 00:00,15493.49893
5458,Bundi,23,8,Rajasthan,10-01-2019 00:00,15267.70963
5459,Chittaurgarh,29,8,Rajasthan,10-01-2019 00:00,15214.84771
5460,Churu,4,8,Rajasthan,10-01-2019 00:00,15609.1098
5461,Dausa,11,8,Rajasthan,10-01-2019 00:00,15498.05778
5462,Dhaulpur,8,8,Rajasthan,10-01-2019 00:00,15369.63788
5463,Dungarpur,27,8,Rajasthan,10-01-2019 00:00,15161.91907
5464,Karauli,9,8,Rajasthan,10-01-2019 00:00,15390.36602
5465,Shrawasti,51,9,Uttar Pradesh,10-01-2019 00:00,15121.52449
5466,Saharanpur,1,9,Uttar Pradesh,10-01-2019 00:00,15084.70184
5467,Sitapur,24,9,Uttar Pradesh,10-01-2019 00:00,15134.18237
5468,Sultanpur,49,9,Uttar Pradesh,10-01-2019 00:00,15114.32162
5469,Sonbhadra,70,9,Uttar Pradesh,10-01-2019 00:00,15063.2693
5470,Siddharthnagar,54,9,Uttar Pradesh,10-01-2019 00:00,15069.07577
5471,Unnao,26,9,Uttar Pradesh,10-01-2019 00:00,15186.95489
5472,Varanasi,67,9,Uttar Pradesh,10-01-2019 00:00,15133.84644
5473,Bulandshahr,11,9,Uttar Pradesh,10-01-2019 00:00,15187.28841
5474,Gautam Buddha Nagar,10,9,Uttar Pradesh,10-01-2019 00:00,15198.53257
5475,Ghaziabad,9,9,Uttar Pradesh,10-01-2019 00:00,15172.6203
5476,Hathras,13,9,Uttar Pradesh,10-01-2019 00:00,15337.39981
5477,Jalaun,35,9,Uttar Pradesh,10-01-2019 00:00,15280.35613
5478,Jaunpur,64,9,Uttar Pradesh,10-01-2019 00:00,15137.53983
5479,Jhansi,36,9,Uttar Pradesh,10-01-2019 00:00,15267.00033
5480,Jyotiba Phule Nagar,6,9,Uttar Pradesh,10-01-2019 00:00,15127.2413
5481,Kannauj,30,9,Uttar Pradesh,10-01-2019 00:00,15263.67984
5482,Kanpur Nagar,34,9,Uttar Pradesh,10-01-2019 00:00,15208.92628
5483,Kaushambi,44,9,Uttar Pradesh,10-01-2019 00:00,15144.60857
5484,Kheri,23,9,Uttar Pradesh,10-01-2019 00:00,15110.41755
5485,Mirzapur,69,9,Uttar Pradesh,10-01-2019 00:00,15116.68234
5486,Moradabad,4,9,Uttar Pradesh,10-01-2019 00:00,15158.30133
5487,Muzaffarnagar,2,9,Uttar Pradesh,10-01-2019 00:00,15083.6867
5488,Rae Bareli,28,9,Uttar Pradesh,10-01-2019 00:00,15112.99287
5489,Kushinagar,59,9,Uttar Pradesh,10-01-2019 00:00,15091.0798
5490,Lucknow,27,9,Uttar Pradesh,10-01-2019 00:00,15154.09864
5491,Lalitpur,37,9,Uttar Pradesh,10-01-2019 00:00,15230.58313
5492,Mahrajganj,57,9,Uttar Pradesh,10-01-2019 00:00,15069.92673
5493,Mahoba,39,9,Uttar Pradesh,10-01-2019 00:00,15269.59326
5494,Mainpuri,18,9,Uttar Pradesh,10-01-2019 00:00,15243.78639
5495,Mathura,14,9,Uttar Pradesh,10-01-2019 00:00,15306.80892
5496,Mau,62,9,Uttar Pradesh,10-01-2019 00:00,15101.79244
5497,Meerut,7,9,Uttar Pradesh,10-01-2019 00:00,15115.14992
5498,Pilibhit,21,9,Uttar Pradesh,10-01-2019 00:00,15083.58236
5499,Pratapgarh,43,9,Uttar Pradesh,10-01-2019 00:00,15118.72387
5500,Rampur,5,9,Uttar Pradesh,10-01-2019 00:00,15138.9359
5501,Sant Ravidas Nagar Bhadohi,68,9,Uttar Pradesh,10-01-2019 00:00,15113.5082
5502,Sant Kabir Nagar,56,9,Uttar Pradesh,10-01-2019 00:00,15065.26939
5503,Shahjahanpur,22,9,Uttar Pradesh,10-01-2019 00:00,15158.89548
5504,Auraiya,32,9,Uttar Pradesh,10-01-2019 00:00,15187.40372
5505,Azamgarh,61,9,Uttar Pradesh,10-01-2019 00:00,15110.28099
5506,Budaun,19,9,Uttar Pradesh,10-01-2019 00:00,15226.3088
5507,Agra,15,9,Uttar Pradesh,10-01-2019 00:00,15322.99486
5508,Aligarh,12,9,Uttar Pradesh,10-01-2019 00:00,15254.20728
5509,Allahabad,45,9,Uttar Pradesh,10-01-2019 00:00,15117.31095
5510,Ambedkar Nagar,48,9,Uttar Pradesh,10-01-2019 00:00,15097.85765
5511,Bareilly,20,9,Uttar Pradesh,10-01-2019 00:00,15151.17518
5512,Bijnor,3,9,Uttar Pradesh,10-01-2019 00:00,15080.82356
5513,Basti,55,9,Uttar Pradesh,10-01-2019 00:00,15071.69434
5514,Baghpat,8,9,Uttar Pradesh,10-01-2019 00:00,15125.73975
5515,Bahraich,50,9,Uttar Pradesh,10-01-2019 00:00,15106.77685
5516,Ballia,63,9,Uttar Pradesh,10-01-2019 00:00,15107.28398
5517,Balrampur,52,9,Uttar Pradesh,10-01-2019 00:00,15110.33144
5518,Banda,40,9,Uttar Pradesh,10-01-2019 00:00,15221.05253
5519,Barabanki,46,9,Uttar Pradesh,10-01-2019 00:00,15100.14663
5520,Chitrakoot,41,9,Uttar Pradesh,10-01-2019 00:00,15175.08507
5521,Chandauli,66,9,Uttar Pradesh,10-01-2019 00:00,15063.79289
5522,Deoria,60,9,Uttar Pradesh,10-01-2019 00:00,15105.50037
5523,Etah,17,9,Uttar Pradesh,10-01-2019 00:00,15269.99013
5524,Kanpur Dehat,33,9,Uttar Pradesh,10-01-2019 00:00,15204.13869
5525,Etawah,31,9,Uttar Pradesh,10-01-2019 00:00,15208.36068
5526,Faizabad,47,9,Uttar Pradesh,10-01-2019 00:00,15090.39568
5527,Ghazipur,65,9,Uttar Pradesh,10-01-2019 00:00,15108.50572
5528,Gonda,53,9,Uttar Pradesh,10-01-2019 00:00,15102.57971
5529,Gorakhpur,58,9,Uttar Pradesh,10-01-2019 00:00,15108.07122
5530,Farrukhabad,29,9,Uttar Pradesh,10-01-2019 00:00,15258.92989
5531,Fatehpur,42,9,Uttar Pradesh,10-01-2019 00:00,15205.21191
5532,Firozabad,16,9,Uttar Pradesh,10-01-2019 00:00,15316.93098
5533,Hamirpur,38,9,Uttar Pradesh,10-01-2019 00:00,15304.93197
5534,Hardoi,25,9,Uttar Pradesh,10-01-2019 00:00,15178.89295
5535,Sheikhpura,26,10,Bihar,10-01-2019 00:00,15145.32826
5536,Sheohar,3,10,Bihar,10-01-2019 00:00,15088.12354
5537,Saharsa,12,10,Bihar,10-01-2019 00:00,15080.05507
5538,Sitamarhi,4,10,Bihar,10-01-2019 00:00,15086.66585
5539,Siwan,16,10,Bihar,10-01-2019 00:00,15120.10302
5540,Supaul,6,10,Bihar,10-01-2019 00:00,15064.1484
5541,Vaishali,18,10,Bihar,10-01-2019 00:00,15154.63069
5542,Kaimur (Bhabua),31,10,Bihar,10-01-2019 00:00,15063.43842
5543,Gaya,35,10,Bihar,10-01-2019 00:00,15151.02986
5544,Bhojpur,29,10,Bihar,10-01-2019 00:00,15116.12033
5545,Buxar,30,10,Bihar,10-01-2019 00:00,15097.30131
5546,Jehanabad,33,10,Bihar,10-01-2019 00:00,15120.34289
5547,Rohtas,32,10,Bihar,10-01-2019 00:00,15053.99153
5548,Jamui,37,10,Bihar,10-01-2019 00:00,15111.39733
5549,Kishanganj,8,10,Bihar,10-01-2019 00:00,15091.6537
5550,Muzaffarpur,14,10,Bihar,10-01-2019 00:00,15127.59449
5551,Purnia,9,10,Bihar,10-01-2019 00:00,15101.0035
5552,Khagaria,21,10,Bihar,10-01-2019 00:00,15127.62075
5553,Madhubani,5,10,Bihar,10-01-2019 00:00,15078.80741
5554,Lakhisarai,25,10,Bihar,10-01-2019 00:00,15112.19694
5555,Madhepura,11,10,Bihar,10-01-2019 00:00,15074.21505
5556,Purba Champaran,2,10,Bihar,10-01-2019 00:00,15100.87245
5557,Munger,24,10,Bihar,10-01-2019 00:00,15077.22765
5558,Nalanda,27,10,Bihar,10-01-2019 00:00,15148.07914
5559,Nawada,36,10,Bihar,10-01-2019 00:00,15126.14525
5560,Pashchim Champaran,1,10,Bihar,10-01-2019 00:00,15082.70828
5561,Patna,28,10,Bihar,10-01-2019 00:00,15136.94942
5562,Samastipur,19,10,Bihar,10-01-2019 00:00,15161.10093
5563,Araria,7,10,Bihar,10-01-2019 00:00,15085.87899
5564,Aurangabad,34,10,Bihar,10-01-2019 00:00,15096.74231
5565,Banka,23,10,Bihar,10-01-2019 00:00,15094.07951
5566,Bhagalpur,22,10,Bihar,10-01-2019 00:00,15095.23157
5567,Begusarai,20,10,Bihar,10-01-2019 00:00,15153.71191
5568,Saran,17,10,Bihar,10-01-2019 00:00,15116.31778
5569,Katihar,10,10,Bihar,10-01-2019 00:00,15072.50535
5570,Darbhanga,13,10,Bihar,10-01-2019 00:00,15107.91507
5571,Gopalganj,15,10,Bihar,10-01-2019 00:00,15107.53694
5572,South,3,11,Sikkim,10-01-2019 00:00,14602.60528
5573,West,2,11,Sikkim,10-01-2019 00:00,14390.03759
5574,North,1,11,Sikkim,10-01-2019 00:00,14043.87566
5575,East,4,11,Sikkim,10-01-2019 00:00,14528.88817
5576,Tawang,1,12,Arunanchal Pradesh,10-01-2019 00:00,14216.25
5577,Tirap,13,12,Arunanchal Pradesh,10-01-2019 00:00,14823.9161
5578,West Kameng,2,12,Arunanchal Pradesh,10-01-2019 00:00,14482.25078
5579,West Siang,7,12,Arunanchal Pradesh,10-01-2019 00:00,14559.33358
5580,Upper Siang,9,12,Arunanchal Pradesh,10-01-2019 00:00,14413.46819
5581,Upper Subansiri,6,12,Arunanchal Pradesh,10-01-2019 00:00,14360.14512
5582,Lohit,11,12,Arunanchal Pradesh,10-01-2019 00:00,14535.54436
5583,Lower Subansiri,5,12,Arunanchal Pradesh,10-01-2019 00:00,14423.67807
5584,Papum Pare,4,12,Arunanchal Pradesh,10-01-2019 00:00,14690.41771
5585,Changlang,12,12,Arunanchal Pradesh,10-01-2019 00:00,14771.06373
5586,Dibang Valley,10,12,Arunanchal Pradesh,10-01-2019 00:00,14356.13913
5587,East Kameng,3,12,Arunanchal Pradesh,10-01-2019 00:00,14519.10913
5588,East Siang,8,12,Arunanchal Pradesh,10-01-2019 00:00,14844.12038
5589,Tuensang,2,13,Nagaland,10-01-2019 00:00,14743.32867
5590,Wokha,5,13,Nagaland,10-01-2019 00:00,14916.2546
5591,Zunheboto,4,13,Nagaland,10-01-2019 00:00,14768.54255
5592,Dimapur,6,13,Nagaland,10-01-2019 00:00,14987.93918
5593,Kohima,7,13,Nagaland,10-01-2019 00:00,14822.44065
5594,Mokokchung,3,13,Nagaland,10-01-2019 00:00,14901.70524
5595,Mon,1,13,Nagaland,10-01-2019 00:00,14889.8743
5596,Phek,8,13,Nagaland,10-01-2019 00:00,14744.94741
5597,Tamenglong,2,14,Manipur,10-01-2019 00:00,14862.14743
5598,Thoubal,5,14,Manipur,10-01-2019 00:00,14944.70704
5599,Ukhrul,8,14,Manipur,10-01-2019 00:00,14811.49247
5600,Imphal East,7,14,Manipur,10-01-2019 00:00,14964.74001
5601,Imphal West,6,14,Manipur,10-01-2019 00:00,14998.33465
5602,Senapati (Excl. 3 sub-divisions),1,14,Manipur,10-01-2019 00:00,14786.97953
5603,Bishnupur,4,14,Manipur,10-01-2019 00:00,14896.28125
5604,Chandel,9,14,Manipur,10-01-2019 00:00,14871.76415
5605,Churachandpur,3,14,Manipur,10-01-2019 00:00,14889.71984
5606,Kolasib,2,15,Mizoram,10-01-2019 00:00,14989.3989
5607,Mamit,1,15,Mizoram,10-01-2019 00:00,14973.30388
5608,Lunglei,6,15,Mizoram,10-01-2019 00:00,14952.75065
5609,Lawngtlai,7,15,Mizoram,10-01-2019 00:00,14987.30152
5610,Saiha,8,15,Mizoram,10-01-2019 00:00,14881.81063
5611,Serchhip,5,15,Mizoram,10-01-2019 00:00,14886.51602
5612,Aizawl,3,15,Mizoram,10-01-2019 00:00,14919.36695
5613,Champhai,4,15,Mizoram,10-01-2019 00:00,14839.68324
5614,South Tripura,2,16,Tripura,10-01-2019 00:00,15062.59471
5615,West Tripura,1,16,Tripura,10-01-2019 00:00,15075.01861
5616,North Tripura,4,16,Tripura,10-01-2019 00:00,15050.84153
5617,Dhalai,3,16,Tripura,10-01-2019 00:00,15042.22041
5618,Ri Bhoi,5,17,Meghalaya,10-01-2019 00:00,14911.48021
5619,South Garo Hills,3,17,Meghalaya,10-01-2019 00:00,14988.27546
5620,West Garo Hills,1,17,Meghalaya,10-01-2019 00:00,15022.15545
5621,West Khasi Hills,4,17,Meghalaya,10-01-2019 00:00,14876.42203
5622,Jaintia Hills,7,17,Meghalaya,10-01-2019 00:00,14889.67668
5623,East Garo Hills,2,17,Meghalaya,10-01-2019 00:00,14955.53793
5624,East Khasi Hills,6,17,Meghalaya,10-01-2019 00:00,14847.41846
5625,Sonitpur,11,18,Assam,10-01-2019 00:00,15054.08815
5626,Sibsagar,16,18,Assam,10-01-2019 00:00,15027.40299
5627,Tinsukia,14,18,Assam,10-01-2019 00:00,15015.05361
5628,Jorhat,17,18,Assam,10-01-2019 00:00,15028.6179
5629,Karimganj,22,18,Assam,10-01-2019 00:00,15063.09239
5630,Kokrajhar,1,18,Assam,10-01-2019 00:00,15074.49056
5631,Lakhimpur,12,18,Assam,10-01-2019 00:00,15045.4011
5632,Nagaon,10,18,Assam,10-01-2019 00:00,15058.06926
5633,Marigaon,9,18,Assam,10-01-2019 00:00,15061.75583
5634,Nalbari,7,18,Assam,10-01-2019 00:00,15071.91714
5635,North Cachar Hills,20,18,Assam,10-01-2019 00:00,14911.57044
5636,Barpeta,5,18,Assam,10-01-2019 00:00,15059.49129
5637,Bongaigaon,4,18,Assam,10-01-2019 00:00,15057.8189
5638,Cachar,21,18,Assam,10-01-2019 00:00,15038.87454
5639,Darrang,8,18,Assam,10-01-2019 00:00,15063.43004
5640,Dhemaji,13,18,Assam,10-01-2019 00:00,15038.56243
5641,Dhubri,2,18,Assam,10-01-2019 00:00,15056.18826
5642,Dibrugarh,15,18,Assam,10-01-2019 00:00,15002.97591
5643,Kamrup,6,18,Assam,10-01-2019 00:00,15042.9837
5644,Karbi Anglong,19,18,Assam,10-01-2019 00:00,14944.69405
5645,Goalpara,3,18,Assam,10-01-2019 00:00,15021.01044
5646,Golaghat,18,18,Assam,10-01-2019 00:00,15039.00373
5647,Hailakandi,23,18,Assam,10-01-2019 00:00,15048.59101
5648,South  Twenty Four Parganas,18,19,West Bengal,10-01-2019 00:00,15064.46602
5649,Uttar Dinajpur,4,19,West Bengal,10-01-2019 00:00,15040.12341
5650,Hugli,12,19,West Bengal,10-01-2019 00:00,15069.25003
5651,Jalpaiguri,2,19,West Bengal,10-01-2019 00:00,15070.7071
5652,Koch Bihar,3,19,West Bengal,10-01-2019 00:00,15068.02991
5653,Murshidabad,7,19,West Bengal,10-01-2019 00:00,15108.9648
5654,Puruliya,14,19,West Bengal,10-01-2019 00:00,15078.49729
5655,Kolkata,17,19,West Bengal,10-01-2019 00:00,15279.3136
5656,Maldah,6,19,West Bengal,10-01-2019 00:00,15020.09825
5657,Nadia,10,19,West Bengal,10-01-2019 00:00,15161.60706
5658,North Twenty Four Parganas,11,19,West Bengal,10-01-2019 00:00,15083.46174
5659,Medinipur,15,19,West Bengal,10-01-2019 00:00,15062.99272
5660,Barddhaman,9,19,West Bengal,10-01-2019 00:00,15069.77132
5661,Birbhum,8,19,West Bengal,10-01-2019 00:00,15047.61226
5662,Bankura,13,19,West Bengal,10-01-2019 00:00,15088.52667
5663,Dakshin Dinajpur,5,19,West Bengal,10-01-2019 00:00,14987.75476
5664,Darjiling,1,19,West Bengal,10-01-2019 00:00,14859.47267
5665,Haora,16,19,West Bengal,10-01-2019 00:00,15091.77564
5666,Ranchi,14,20,Jharkhand,10-01-2019 00:00,15006.62739
5667,Sahibganj,9,20,Jharkhand,10-01-2019 00:00,15024.0184
5668,Garhwa,1,20,Jharkhand,10-01-2019 00:00,15077.31943
5669,Palamu,2,20,Jharkhand,10-01-2019 00:00,15046.36979
5670,Chatra,3,20,Jharkhand,10-01-2019 00:00,15059.35587
5671,Hazaribagh,4,20,Jharkhand,10-01-2019 00:00,15033.82424
5672,Kodarma,5,20,Jharkhand,10-01-2019 00:00,15058.18271
5673,Purbi Singhbhum,18,20,Jharkhand,10-01-2019 00:00,15077.52853
5674,Lohardaga,15,20,Jharkhand,10-01-2019 00:00,14950.18436
5675,Pakaur,10,20,Jharkhand,10-01-2019 00:00,15047.10664
5676,Pashchimi Singhbhum,17,20,Jharkhand,10-01-2019 00:00,15040.51032
5677,Bokaro,13,20,Jharkhand,10-01-2019 00:00,15073.20729
5678,Deoghar,7,20,Jharkhand,10-01-2019 00:00,15088.56229
5679,Dhanbad,12,20,Jharkhand,10-01-2019 00:00,15089.77173
5680,Dumka,11,20,Jharkhand,10-01-2019 00:00,15077.55867
5681,Giridih,6,20,Jharkhand,10-01-2019 00:00,15088.87339
5682,Godda,8,20,Jharkhand,10-01-2019 00:00,15078.66042
5683,Gumla,16,20,Jharkhand,10-01-2019 00:00,15006.79878
5684,Rayagada,27,21,Orissa,10-01-2019 00:00,14995.32068
5685,Sundargarh,5,21,Orissa,10-01-2019 00:00,15045.60835
5686,Sonapur,23,21,Orissa,10-01-2019 00:00,15074.93191
5687,Jajapur,13,21,Orissa,10-01-2019 00:00,15095.14451
5688,Jagatsinghapur,11,21,Orissa,10-01-2019 00:00,15064.0925
5689,Jharsuguda,2,21,Orissa,10-01-2019 00:00,15056.03316
5690,Khordha,17,21,Orissa,10-01-2019 00:00,15090.31066
5691,Mayurbhanj,7,21,Orissa,10-01-2019 00:00,15024.23462
5692,Puri,18,21,Orissa,10-01-2019 00:00,15070.0949
5693,Koraput,29,21,Orissa,10-01-2019 00:00,14967.20365
5694,Malkangiri,30,21,Orissa,10-01-2019 00:00,15002.59165
5695,Nabarangapur,28,21,Orissa,10-01-2019 00:00,15008.76914
5696,Nayagarh,16,21,Orissa,10-01-2019 00:00,15049.43197
5697,Nuapada,25,21,Orissa,10-01-2019 00:00,15028.74597
5698,Kandhamal,21,21,Orissa,10-01-2019 00:00,14954.87792
5699,Sambalpur,3,21,Orissa,10-01-2019 00:00,15046.94815
5700,Anugul,15,21,Orissa,10-01-2019 00:00,15063.73263
5701,Bhadrak,9,21,Orissa,10-01-2019 00:00,15032.31973
5702,Baudh,22,21,Orissa,10-01-2019 00:00,15048.31289
5703,Balangir,24,21,Orissa,10-01-2019 00:00,15092.33502
5704,Baleshwar,8,21,Orissa,10-01-2019 00:00,15033.51946
5705,Bargarh,1,21,Orissa,10-01-2019 00:00,15055.49826
5706,Kendrapara,10,21,Orissa,10-01-2019 00:00,15037.59941
5707,Kendujhar,6,21,Orissa,10-01-2019 00:00,15038.50283
5708,Debagarh,4,21,Orissa,10-01-2019 00:00,15052.69911
5709,Cuttack,12,21,Orissa,10-01-2019 00:00,15087.8674
5710,Dhenkanal,14,21,Orissa,10-01-2019 00:00,15087.63784
5711,Kalahandi,26,21,Orissa,10-01-2019 00:00,15030.37753
5712,Ganjam,19,21,Orissa,10-01-2019 00:00,15057.50097
5713,Gajapati,20,21,Orissa,10-01-2019 00:00,14982.82209
5714,Surguja,2,22,Chhattisgarh,10-01-2019 00:00,15006.72214
5715,Bilaspur,7,22,Chhattisgarh,10-01-2019 00:00,15034.75617
5716,Janjgir - Champa,6,22,Chhattisgarh,10-01-2019 00:00,15034.58999
5717,Korba,5,22,Chhattisgarh,10-01-2019 00:00,15027.94967
5718,Kawardha,8,22,Chhattisgarh,10-01-2019 00:00,15056.45592
5719,Jashpur,3,22,Chhattisgarh,10-01-2019 00:00,14996.41373
5720,Koriya,1,22,Chhattisgarh,10-01-2019 00:00,15029.14963
5721,Mahasamund,12,22,Chhattisgarh,10-01-2019 00:00,15038.57113
5722,Raigarh,4,22,Chhattisgarh,10-01-2019 00:00,15043.50747
5723,Raipur,11,22,Chhattisgarh,10-01-2019 00:00,15042.63569
5724,Rajnandgaon,9,22,Chhattisgarh,10-01-2019 00:00,15056.81474
5725,Bastar,15,22,Chhattisgarh,10-01-2019 00:00,14980.16574
5726,Dantewada,16,22,Chhattisgarh,10-01-2019 00:00,15023.74628
5727,Dhamtari,13,22,Chhattisgarh,10-01-2019 00:00,15006.95018
5728,Durg,10,22,Chhattisgarh,10-01-2019 00:00,15073.73114
5729,Kanker,14,22,Chhattisgarh,10-01-2019 00:00,15028.87863
5730,Shajapur,22,23,Madhya Pradesh,10-01-2019 00:00,15274.24381
5731,Shivpuri,6,23,Madhya Pradesh,10-01-2019 00:00,15214.41046
5732,Ratlam,20,23,Madhya Pradesh,10-01-2019 00:00,15292.96854
5733,Rewa,14,23,Madhya Pradesh,10-01-2019 00:00,15139.65008
5734,Sagar,11,23,Madhya Pradesh,10-01-2019 00:00,15238.34694
5735,Sidhi,17,23,Madhya Pradesh,10-01-2019 00:00,15091.99069
5736,Ujjain,21,23,Madhya Pradesh,10-01-2019 00:00,15296.28922
5737,Vidisha,31,23,Madhya Pradesh,10-01-2019 00:00,15250.28658
5738,West Nimar,27,23,Madhya Pradesh,10-01-2019 00:00,15252.51038
5739,Morena,2,23,Madhya Pradesh,10-01-2019 00:00,15333.04609
5740,Sheopur,1,23,Madhya Pradesh,10-01-2019 00:00,15192.00636
5741,Dindori,41,23,Madhya Pradesh,10-01-2019 00:00,15053.97937
5742,Mandla,42,23,Madhya Pradesh,10-01-2019 00:00,15072.08754
5743,Shahdol,16,23,Madhya Pradesh,10-01-2019 00:00,15090.11255
5744,Umaria,15,23,Madhya Pradesh,10-01-2019 00:00,15082.65469
5745,Hoshangabad,37,23,Madhya Pradesh,10-01-2019 00:00,15139.51307
5746,Indore,26,23,Madhya Pradesh,10-01-2019 00:00,15237.32286
5747,Jabalpur,39,23,Madhya Pradesh,10-01-2019 00:00,15125.26615
5748,Jhabua,24,23,Madhya Pradesh,10-01-2019 00:00,15222.97878
5749,Mandsaur,19,23,Madhya Pradesh,10-01-2019 00:00,15268.58175
5750,Tikamgarh,8,23,Madhya Pradesh,10-01-2019 00:00,15250.73544
5751,Narsimhapur,40,23,Madhya Pradesh,10-01-2019 00:00,15196.45283
5752,Neemuch,18,23,Madhya Pradesh,10-01-2019 00:00,15234.60203
5753,Panna,10,23,Madhya Pradesh,10-01-2019 00:00,15141.93677
5754,Raisen,34,23,Madhya Pradesh,10-01-2019 00:00,15141.63065
5755,Rajgarh,30,23,Madhya Pradesh,10-01-2019 00:00,15266.15203
5756,Satna,13,23,Madhya Pradesh,10-01-2019 00:00,15118.09806
5757,Sehore,33,23,Madhya Pradesh,10-01-2019 00:00,15220.31553
5758,Seoni,44,23,Madhya Pradesh,10-01-2019 00:00,15100.28821
5759,Bhind,3,23,Madhya Pradesh,10-01-2019 00:00,15317.22017
5760,Bhopal,32,23,Madhya Pradesh,10-01-2019 00:00,15211.49488
5761,Barwani,28,23,Madhya Pradesh,10-01-2019 00:00,15267.26604
5762,Betul,35,23,Madhya Pradesh,10-01-2019 00:00,15104.16186
5763,Balaghat,45,23,Madhya Pradesh,10-01-2019 00:00,15027.09701
5764,Chhatarpur,9,23,Madhya Pradesh,10-01-2019 00:00,15221.0698
5765,Chhindwara,43,23,Madhya Pradesh,10-01-2019 00:00,15103.36257
5766,Dewas,23,23,Madhya Pradesh,10-01-2019 00:00,15235.30574
5767,Katni,38,23,Madhya Pradesh,10-01-2019 00:00,15086.3172
5768,Datia,5,23,Madhya Pradesh,10-01-2019 00:00,15203.5758
5769,Damoh,12,23,Madhya Pradesh,10-01-2019 00:00,15201.68335
5770,Dhar,25,23,Madhya Pradesh,10-01-2019 00:00,15266.37391
5771,East Nimar,29,23,Madhya Pradesh,10-01-2019 00:00,15204.54727
5772,Guna,7,23,Madhya Pradesh,10-01-2019 00:00,15244.07054
5773,Gwalior,4,23,Madhya Pradesh,10-01-2019 00:00,15229.22332
5774,Harda,36,23,Madhya Pradesh,10-01-2019 00:00,15245.5221
5775,Sabar Kantha,5,24,Gujarat,10-01-2019 00:00,15235.74166
5776,Surendranagar,8,24,Gujarat,10-01-2019 00:00,15305.96538
5777,The Dangs,23,24,Gujarat,10-01-2019 00:00,15062.59179
5778,Vadodara,19,24,Gujarat,10-01-2019 00:00,15234.50032
5779,Valsad,25,24,Gujarat,10-01-2019 00:00,15147.54342
5780,Bharuch,21,24,Gujarat,10-01-2019 00:00,15290.65161
5781,Surat,22,24,Gujarat,10-01-2019 00:00,15206.4116
5782,Jamnagar,10,24,Gujarat,10-01-2019 00:00,15265.89187
5783,Kheda,16,24,Gujarat,10-01-2019 00:00,15244.20816
5784,Mahesana,4,24,Gujarat,10-01-2019 00:00,15335.19554
5785,Narmada,20,24,Gujarat,10-01-2019 00:00,15160.54115
5786,Navsari,24,24,Gujarat,10-01-2019 00:00,15184.59942
5787,Panch Mahals,17,24,Gujarat,10-01-2019 00:00,15193.3863
5788,Patan,3,24,Gujarat,10-01-2019 00:00,15349.4464
5789,Porbandar,11,24,Gujarat,10-01-2019 00:00,15218.20445
5790,Rajkot,9,24,Gujarat,10-01-2019 00:00,15286.97322
5791,Anand,15,24,Gujarat,10-01-2019 00:00,15228.28012
5792,Ahmadabad,7,24,Gujarat,10-01-2019 00:00,15278.89093
5793,Amreli,13,24,Gujarat,10-01-2019 00:00,15226.38298
5794,Bhavnagar,14,24,Gujarat,10-01-2019 00:00,15274.62076
5795,Banas Kantha,2,24,Gujarat,10-01-2019 00:00,15368.97948
5796,Dohad,18,24,Gujarat,10-01-2019 00:00,15167.96081
5797,Junagadh,12,24,Gujarat,10-01-2019 00:00,15231.20095
5798,Kachchh,1,24,Gujarat,10-01-2019 00:00,15428.5544
5799,Gandhinagar,6,24,Gujarat,10-01-2019 00:00,15301.16241
5800,Daman,2,25,Daman & Diu,10-01-2019 00:00,15195.40878
5801,Diu,1,25,Daman & Diu,10-01-2019 00:00,15187.92192
5802,Ratnagiri,32,27,Maharashtra,10-01-2019 00:00,15099.59353
5803,Raigarh,24,27,Maharashtra,10-01-2019 00:00,15102.37723
5804,Thane,21,27,Maharashtra,10-01-2019 00:00,15132.80751
5805,Solapur,30,27,Maharashtra,10-01-2019 00:00,15243.94256
5806,Sindhudurg,33,27,Maharashtra,10-01-2019 00:00,15105.37515
5807,Wardha,8,27,Maharashtra,10-01-2019 00:00,15165.82407
5808,Washim,6,27,Maharashtra,10-01-2019 00:00,15228.75965
5809,Yavatmal,14,27,Maharashtra,10-01-2019 00:00,15167.43463
5810,Hingoli,16,27,Maharashtra,10-01-2019 00:00,15228.10747
5811,Jalgaon,3,27,Maharashtra,10-01-2019 00:00,15219.63498
5812,Jalna,18,27,Maharashtra,10-01-2019 00:00,15202.95812
5813,Kolhapur,34,27,Maharashtra,10-01-2019 00:00,15028.06576
5814,Latur,28,27,Maharashtra,10-01-2019 00:00,15213.46445
5815,Pune,25,27,Maharashtra,10-01-2019 00:00,15115.05441
5816,Nagpur,9,27,Maharashtra,10-01-2019 00:00,15132.01766
5817,Mumbai,23,27,Maharashtra,10-01-2019 00:00,15240.66604
5818,Mumbai (Suburban),22,27,Maharashtra,10-01-2019 00:00,15260.4226
5819,Nanded,15,27,Maharashtra,10-01-2019 00:00,15168.18181
5820,Nandurbar,1,27,Maharashtra,10-01-2019 00:00,15219.26021
5821,Nashik,20,27,Maharashtra,10-01-2019 00:00,15172.80503
5822,Osmanabad,29,27,Maharashtra,10-01-2019 00:00,15232.69146
5823,Parbhani,17,27,Maharashtra,10-01-2019 00:00,15211.56565
5824,Sangli,35,27,Maharashtra,10-01-2019 00:00,15152.14285
5825,Satara,31,27,Maharashtra,10-01-2019 00:00,15096.39846
5826,Aurangabad,19,27,Maharashtra,10-01-2019 00:00,15157.45243
5827,Ahmadnagar,26,27,Maharashtra,10-01-2019 00:00,15224.11425
5828,Akola,5,27,Maharashtra,10-01-2019 00:00,15225.45771
5829,Amravati,7,27,Maharashtra,10-01-2019 00:00,15162.86955
5830,Bid,27,27,Maharashtra,10-01-2019 00:00,15240.62708
5831,Bhandara,10,27,Maharashtra,10-01-2019 00:00,15064.79235
5832,Buldana,4,27,Maharashtra,10-01-2019 00:00,15194.04807
5833,Chandrapur,13,27,Maharashtra,10-01-2019 00:00,15101.1714
5834,Dhule,2,27,Maharashtra,10-01-2019 00:00,15275.24402
5835,Gadchiroli,12,27,Maharashtra,10-01-2019 00:00,15067.40854
5836,Gondiya,11,27,Maharashtra,10-01-2019 00:00,15056.02147
5837,Rangareddi,6,28,Andhra Pradesh,10-01-2019 00:00,15063.68153
5838,Srikakulam,11,28,Andhra Pradesh,10-01-2019 00:00,15075.19581
5839,West Godavari,15,28,Andhra Pradesh,10-01-2019 00:00,15075.53288
5840,Visakhapatnam,13,28,Andhra Pradesh,10-01-2019 00:00,15001.55388
5841,Vizianagaram,12,28,Andhra Pradesh,10-01-2019 00:00,15066.63749
5842,Warangal,9,28,Andhra Pradesh,10-01-2019 00:00,15036.56356
5843,Hyderabad,5,28,Andhra Pradesh,10-01-2019 00:00,15120.84764
5844,Khammam,10,28,Andhra Pradesh,10-01-2019 00:00,15066.53342
5845,Medak,4,28,Andhra Pradesh,10-01-2019 00:00,15053.69653
5846,Krishna,16,28,Andhra Pradesh,10-01-2019 00:00,15083.46839
5847,Kurnool,21,28,Andhra Pradesh,10-01-2019 00:00,15225.16719
5848,Mahbubnagar,7,28,Andhra Pradesh,10-01-2019 00:00,15113.61397
5849,Nalgonda,8,28,Andhra Pradesh,10-01-2019 00:00,15109.06689
5850,Nellore,19,28,Andhra Pradesh,10-01-2019 00:00,15428.65191
5851,Nizamabad,2,28,Andhra Pradesh,10-01-2019 00:00,15067.92856
5852,Prakasam,18,28,Andhra Pradesh,10-01-2019 00:00,15359.41374
5853,Anantapur,22,28,Andhra Pradesh,10-01-2019 00:00,15191.7572
5854,Adilabad,1,28,Andhra Pradesh,10-01-2019 00:00,15102.4076
5855,Chittoor,23,28,Andhra Pradesh,10-01-2019 00:00,15183.85048
5856,Cuddapah,20,28,Andhra Pradesh,10-01-2019 00:00,15275.42035
5857,East Godavari,14,28,Andhra Pradesh,10-01-2019 00:00,15031.2777
5858,Karimnagar,3,28,Andhra Pradesh,10-01-2019 00:00,15051.77768
5859,Guntur,17,28,Andhra Pradesh,10-01-2019 00:00,15190.67697
5860,Shimoga,15,29,Karnataka,10-01-2019 00:00,14969.93435
5861,Tumkur,18,29,Karnataka,10-01-2019 00:00,15054.11581
5862,Udupi,16,29,Karnataka,10-01-2019 00:00,15104.87779
5863,Uttara Kannada,10,29,Karnataka,10-01-2019 00:00,14986.78185
5864,Hassan,23,29,Karnataka,10-01-2019 00:00,14943.37444
5865,Haveri,11,29,Karnataka,10-01-2019 00:00,15059.76872
5866,Kodagu,25,29,Karnataka,10-01-2019 00:00,14873.33963
5867,Kolar,19,29,Karnataka,10-01-2019 00:00,15097.88
5868,Mandya,22,29,Karnataka,10-01-2019 00:00,15035.063
5869,Koppal,7,29,Karnataka,10-01-2019 00:00,15150.5371
5870,Mysore,26,29,Karnataka,10-01-2019 00:00,15017.28996
5871,Raichur,6,29,Karnataka,10-01-2019 00:00,15226.26669
5872,Bagalkot,2,29,Karnataka,10-01-2019 00:00,15141.00324
5873,Bangalore,20,29,Karnataka,10-01-2019 00:00,15063.04122
5874,Bidar,5,29,Karnataka,10-01-2019 00:00,15149.85388
5875,Bijapur,3,29,Karnataka,10-01-2019 00:00,15208.90303
5876,Belgaum,1,29,Karnataka,10-01-2019 00:00,15082.33464
5877,Bellary,12,29,Karnataka,10-01-2019 00:00,15104.78775
5878,Bangalore Rural,21,29,Karnataka,10-01-2019 00:00,15026.21846
5879,Chamarajanagar,27,29,Karnataka,10-01-2019 00:00,15021.72204
5880,Chikmagalur,17,29,Karnataka,10-01-2019 00:00,14937.8702
5881,Chitradurga,13,29,Karnataka,10-01-2019 00:00,15067.44712
5882,Dakshina Kannada,24,29,Karnataka,10-01-2019 00:00,15040.94011
5883,Davanagere,14,29,Karnataka,10-01-2019 00:00,15009.5025
5884,Dharwad,9,29,Karnataka,10-01-2019 00:00,15105.91108
5885,Gulbarga,4,29,Karnataka,10-01-2019 00:00,15156.02677
5886,Gadag,8,29,Karnataka,10-01-2019 00:00,15193.76669
5887,South Goa,2,30,Goa,10-01-2019 00:00,15081.85552
5888,North Goa,1,30,Goa,10-01-2019 00:00,15103.08622
5889,Thrissur,7,32,Kerala,10-01-2019 00:00,15050.90659
5890,Thiruvananthapuram,14,32,Kerala,10-01-2019 00:00,14976.47251
5891,Wayanad,3,32,Kerala,10-01-2019 00:00,14892.95491
5892,Idukki,9,32,Kerala,10-01-2019 00:00,14860.03047
5893,Kollam,13,32,Kerala,10-01-2019 00:00,14953.36979
5894,Kottayam,10,32,Kerala,10-01-2019 00:00,15054.64862
5895,Kozhikode,4,32,Kerala,10-01-2019 00:00,15014.13566
5896,Malappuram,5,32,Kerala,10-01-2019 00:00,15046.57703
5897,Palakkad,6,32,Kerala,10-01-2019 00:00,15032.5735
5898,Pathanamthitta,12,32,Kerala,10-01-2019 00:00,14950.41151
5899,Alappuzha,11,32,Kerala,10-01-2019 00:00,15031.6012
5900,Kasaragod,1,32,Kerala,10-01-2019 00:00,15032.52392
5901,Kannur,2,32,Kerala,10-01-2019 00:00,15017.92901
5902,Ernakulam,8,32,Kerala,10-01-2019 00:00,15076.48287
5903,Sivaganga,23,33,Tamil Nadu,10-01-2019 00:00,15382.155
5904,Tiruchirappalli,15,33,Tamil Nadu,10-01-2019 00:00,15409.63122
5905,Tirunelveli,29,33,Tamil Nadu,10-01-2019 00:00,15321.27028
5906,Tiruvannamalai,6,33,Tamil Nadu,10-01-2019 00:00,15209.63855
5907,Thoothukkudi,28,33,Tamil Nadu,10-01-2019 00:00,15486.33142
5908,Theni,25,33,Tamil Nadu,10-01-2019 00:00,15149.00098
5909,Vellore,4,33,Tamil Nadu,10-01-2019 00:00,15187.71773
5910,Viluppuram,7,33,Tamil Nadu,10-01-2019 00:00,15297.87938
5911,Virudhunagar,26,33,Tamil Nadu,10-01-2019 00:00,15415.16131
5912,Chennai,2,33,Tamil Nadu,10-01-2019 00:00,15346.77781
5913,Kancheepuram,3,33,Tamil Nadu,10-01-2019 00:00,15262.86545
5914,Thiruvallur,1,33,Tamil Nadu,10-01-2019 00:00,15287.16753
5915,Thanjavur,21,33,Tamil Nadu,10-01-2019 00:00,15289.91161
5916,Thiruvarur,20,33,Tamil Nadu,10-01-2019 00:00,15294.83999
5917,Nagapattinam,19,33,Tamil Nadu,10-01-2019 00:00,15298.69908
5918,Kanniyakumari,30,33,Tamil Nadu,10-01-2019 00:00,15019.4315
5919,Karur,14,33,Tamil Nadu,10-01-2019 00:00,15503.46151
5920,Madurai,24,33,Tamil Nadu,10-01-2019 00:00,15343.83384
5921,Namakkal,9,33,Tamil Nadu,10-01-2019 00:00,15238.53954
5922,The Nilgiris,11,33,Tamil Nadu,10-01-2019 00:00,14796.69796
5923,Perambalur,16,33,Tamil Nadu,10-01-2019 00:00,15436.8771
5924,Pudukkottai,22,33,Tamil Nadu,10-01-2019 00:00,15342.86569
5925,Ramanathapuram,27,33,Tamil Nadu,10-01-2019 00:00,15491.10046
5926,Salem,8,33,Tamil Nadu,10-01-2019 00:00,15180.51321
5927,Ariyalur,17,33,Tamil Nadu,10-01-2019 00:00,15344.25877
5928,Coimbatore,12,33,Tamil Nadu,10-01-2019 00:00,15198.85751
5929,Cuddalore,18,33,Tamil Nadu,10-01-2019 00:00,15336.64257
5930,Dharmapuri,5,33,Tamil Nadu,10-01-2019 00:00,15127.5349
5931,Dindigul,13,33,Tamil Nadu,10-01-2019 00:00,15256.71731
5932,Erode,10,33,Tamil Nadu,10-01-2019 00:00,15222.56549
5933,Yanam,1,34,Puducherry,10-01-2019 00:00,15093.02001
5934,Karaikal,4,34,Puducherry,10-01-2019 00:00,15214.42885
5935,Mahe,3,34,Puducherry,10-01-2019 00:00,15049.24658
5936,Pondicherry,2,34,Puducherry,10-01-2019 00:00,15301.95648
5937,Nicobars,2,35,Andaman & Nicobar Island,10-01-2019 00:00,14894.05785
5938,Andamans,1,35,Andaman & Nicobar Island,10-01-2019 00:00,14950.40455
5939,Lakshadweep,1,31,Lakshadweep,10-01-2019 00:00,14896.71307
5940,Chandigarh,1,4,Chandigarh,10-01-2019 00:00,15135.91959
5941,Dadra & Nagar Haveli,1,26,Dadara & Nagar Havelli,10-01-2019 00:00,15150.95691
5942,Data Not Available,99,99,Jammu and Kashmir,10-01-2019 00:00,14042.6692
5943,Srinagar,3,1,Jammu and Kashmir,10-01-2019 00:00,14282.04592
5944,Udhampur,10,1,Jammu and Kashmir,10-01-2019 00:00,14709.00227
5945,Jammu,13,1,Jammu and Kashmir,10-01-2019 00:00,14977.93485
5946,Kargil,8,1,Jammu and Kashmir,10-01-2019 00:00,14201.61517
5947,Kathua,14,1,Jammu and Kashmir,10-01-2019 00:00,14891.94907
5948,Leh (Ladakh),7,1,Jammu and Kashmir,10-01-2019 00:00,14182.9091
5949,Kupwara,1,1,Jammu and Kashmir,10-01-2019 00:00,14440.136
5950,Punch,11,1,Jammu and Kashmir,10-01-2019 00:00,14679.12994
5951,Pulwama,5,1,Jammu and Kashmir,10-01-2019 00:00,14581.95908
5952,Rajauri,12,1,Jammu and Kashmir,10-01-2019 00:00,14822.63095
5953,Anantnag,6,1,Jammu and Kashmir,10-01-2019 00:00,14329.5436
5954,Badgam,4,1,Jammu and Kashmir,10-01-2019 00:00,14475.30099
5955,Baramula,2,1,Jammu and Kashmir,10-01-2019 00:00,14365.57179
5956,Doda,9,1,Jammu and Kashmir,10-01-2019 00:00,14214.36657
5957,Shimla,11,2,Himachal Pradesh,10-01-2019 00:00,14559.54424
5958,Sirmaur,10,2,Himachal Pradesh,10-01-2019 00:00,14834.56499
5959,Solan,9,2,Himachal Pradesh,10-01-2019 00:00,14870.31413
5960,Una,7,2,Himachal Pradesh,10-01-2019 00:00,14952.03977
5961,Kangra,2,2,Himachal Pradesh,10-01-2019 00:00,14710.02324
5962,Kinnaur,12,2,Himachal Pradesh,10-01-2019 00:00,14201.16857
5963,Lahul & Spiti,3,2,Himachal Pradesh,10-01-2019 00:00,14057.29561
5964,Kullu,4,2,Himachal Pradesh,10-01-2019 00:00,14228.95796
5965,Mandi,5,2,Himachal Pradesh,10-01-2019 00:00,14717.23706
5966,Bilaspur,8,2,Himachal Pradesh,10-01-2019 00:00,14870.09141
5967,Chamba,1,2,Himachal Pradesh,10-01-2019 00:00,14385.1964
5968,Hamirpur,6,2,Himachal Pradesh,10-01-2019 00:00,14878.17156
5969,Rupnagar,7,3,Punjab,10-01-2019 00:00,15083.26261
5970,Hoshiarpur,5,3,Punjab,10-01-2019 00:00,15047.75636
5971,Jalandhar,4,3,Punjab,10-01-2019 00:00,15101.03056
5972,Kapurthala,3,3,Punjab,10-01-2019 00:00,15096.16979
5973,Ludhiana,9,3,Punjab,10-01-2019 00:00,15069.07354
5974,Mansa,15,3,Punjab,10-01-2019 00:00,15100.55231
5975,Moga,10,3,Punjab,10-01-2019 00:00,15054.28907
5976,Muktsar,12,3,Punjab,10-01-2019 00:00,15097.28576
5977,Nawanshahr,6,3,Punjab,10-01-2019 00:00,15085.14327
5978,Patiala,17,3,Punjab,10-01-2019 00:00,15100.0323
5979,Sangrur,16,3,Punjab,10-01-2019 00:00,15056.11213
5980,Amritsar,2,3,Punjab,10-01-2019 00:00,15081.74088
5981,Firozpur,11,3,Punjab,10-01-2019 00:00,15116.21963
5982,Bathinda,14,3,Punjab,10-01-2019 00:00,15095.21025
5983,Gurdaspur,1,3,Punjab,10-01-2019 00:00,15045.46722
5984,Faridkot,13,3,Punjab,10-01-2019 00:00,15101.83175
5985,Fatehgarh Sahib,8,3,Punjab,10-01-2019 00:00,15091.13664
5986,Rudraprayag,3,5,Uttarakhand,10-01-2019 00:00,14456.51404
5987,Tehri Garhwal,4,5,Uttarakhand,10-01-2019 00:00,14651.18347
5988,Udham Singh Nagar,12,5,Uttarakhand,10-01-2019 00:00,15078.92871
5989,Uttarkashi,1,5,Uttarakhand,10-01-2019 00:00,14278.41698
5990,Hardwar,13,5,Uttarakhand,10-01-2019 00:00,15074.77829
5991,Nainital,11,5,Uttarakhand,10-01-2019 00:00,14884.9015
5992,Pithoragarh,7,5,Uttarakhand,10-01-2019 00:00,14358.50199
5993,Bageshwar,8,5,Uttarakhand,10-01-2019 00:00,14554.98115
5994,Almora,9,5,Uttarakhand,10-01-2019 00:00,14820.71512
5995,Chamoli,2,5,Uttarakhand,10-01-2019 00:00,14219.39078
5996,Champawat,10,5,Uttarakhand,10-01-2019 00:00,14806.0226
5997,Dehradun,5,5,Uttarakhand,10-01-2019 00:00,14870.9303
5998,Garhwal,6,5,Uttarakhand,10-01-2019 00:00,14813.59281
5999,Rohtak,14,6,Haryana,10-01-2019 00:00,15157.25198
6000,Sirsa,11,6,Haryana,10-01-2019 00:00,15215.44872
6001,Sonipat,8,6,Haryana,10-01-2019 00:00,15137.78821
6002,Yamunanagar,3,6,Haryana,10-01-2019 00:00,15087.88603
6003,Jhajjar,15,6,Haryana,10-01-2019 00:00,15299.74034
6004,Mahendragarh,16,6,Haryana,10-01-2019 00:00,15483.64051
6005,Rewari,17,6,Haryana,10-01-2019 00:00,15472.0287
6006,Bhiwani,13,6,Haryana,10-01-2019 00:00,15412.75951
6007,Hisar,12,6,Haryana,10-01-2019 00:00,15266.05368
6008,Jind,9,6,Haryana,10-01-2019 00:00,15107.13489
6009,Kaithal,5,6,Haryana,10-01-2019 00:00,15123.34552
6010,Karnal,6,6,Haryana,10-01-2019 00:00,15138.16252
6011,Kurukshetra,4,6,Haryana,10-01-2019 00:00,15151.11676
6012,Panchkula,1,6,Haryana,10-01-2019 00:00,15013.16114
6013,Panipat,7,6,Haryana,10-01-2019 00:00,15100.24813
6014,Ambala,2,6,Haryana,10-01-2019 00:00,15115.45044
6015,Gurgaon,18,6,Haryana,10-01-2019 00:00,15339.27745
6016,Faridabad,19,6,Haryana,10-01-2019 00:00,15239.58663
6017,Fatehabad,10,6,Haryana,10-01-2019 00:00,15143.43814
6018,Central,6,7,Delhi  & NCR,10-01-2019 00:00,15226.93176
6019,East,4,7,Delhi  & NCR,10-01-2019 00:00,15219.57019
6020,New Delhi,5,7,Delhi  & NCR,10-01-2019 00:00,15164.18472
6021,North,2,7,Delhi  & NCR,10-01-2019 00:00,15204.61914
6022,North East,3,7,Delhi  & NCR,10-01-2019 00:00,15215.25072
6023,North West,1,7,Delhi  & NCR,10-01-2019 00:00,15241.72475
6024,South,9,7,Delhi  & NCR,10-01-2019 00:00,15180.63959
6025,South West,8,7,Delhi  & NCR,10-01-2019 00:00,15273.48981
6026,West,7,7,Delhi  & NCR,10-01-2019 00:00,15256.79464
6027,Sirohi,19,8,Rajasthan,10-01-2019 00:00,15283.9974
6028,Tonk,22,8,Rajasthan,10-01-2019 00:00,15429.21161
6029,Sikar,13,8,Rajasthan,10-01-2019 00:00,15473.99848
6030,Alwar,6,8,Rajasthan,10-01-2019 00:00,15395.70961
6031,Udaipur,26,8,Rajasthan,10-01-2019 00:00,15133.07706
6032,Ganganagar,1,8,Rajasthan,10-01-2019 00:00,15501.87112
6033,Hanumangarh,2,8,Rajasthan,10-01-2019 00:00,15464.57833
6034,Baran,31,8,Rajasthan,10-01-2019 00:00,15273.41813
6035,Jaipur,12,8,Rajasthan,10-01-2019 00:00,15470.5534
6036,Jaisalmer,16,8,Rajasthan,10-01-2019 00:00,15830.28077
6037,Jalor,18,8,Rajasthan,10-01-2019 00:00,15488.15569
6038,Jhalawar,32,8,Rajasthan,10-01-2019 00:00,15270.66051
6039,Jhunjhunun,5,8,Rajasthan,10-01-2019 00:00,15506.28592
6040,Jodhpur,15,8,Rajasthan,10-01-2019 00:00,15586.01727
6041,Kota,30,8,Rajasthan,10-01-2019 00:00,15277.62344
6042,Nagaur,14,8,Rajasthan,10-01-2019 00:00,15477.44351
6043,Pali,20,8,Rajasthan,10-01-2019 00:00,15428.03859
6044,Rajsamand,25,8,Rajasthan,10-01-2019 00:00,15177.75365
6045,Sawai Madhopur,10,8,Rajasthan,10-01-2019 00:00,15404.37025
6046,Ajmer,21,8,Rajasthan,10-01-2019 00:00,15392.7596
6047,Banswara,28,8,Rajasthan,10-01-2019 00:00,15196.63454
6048,Barmer,17,8,Rajasthan,10-01-2019 00:00,15627.31788
6049,Bhilwara,24,8,Rajasthan,10-01-2019 00:00,15278.843
6050,Bikaner,3,8,Rajasthan,10-01-2019 00:00,15683.90481
6051,Bharatpur,7,8,Rajasthan,10-01-2019 00:00,15493.49893
6052,Bundi,23,8,Rajasthan,10-01-2019 00:00,15267.70963
6053,Chittaurgarh,29,8,Rajasthan,10-01-2019 00:00,15214.84771
6054,Churu,4,8,Rajasthan,10-01-2019 00:00,15609.1098
6055,Dausa,11,8,Rajasthan,10-01-2019 00:00,15498.05778
6056,Dhaulpur,8,8,Rajasthan,10-01-2019 00:00,15369.63788
6057,Dungarpur,27,8,Rajasthan,10-01-2019 00:00,15161.91907
6058,Karauli,9,8,Rajasthan,10-01-2019 00:00,15390.36602
6059,Shrawasti,51,9,Uttar Pradesh,10-01-2019 00:00,15121.52449
6060,Saharanpur,1,9,Uttar Pradesh,10-01-2019 00:00,15084.70184
6061,Sitapur,24,9,Uttar Pradesh,10-01-2019 00:00,15134.18237
6062,Sultanpur,49,9,Uttar Pradesh,10-01-2019 00:00,15114.32162
6063,Sonbhadra,70,9,Uttar Pradesh,10-01-2019 00:00,15063.2693
6064,Siddharthnagar,54,9,Uttar Pradesh,10-01-2019 00:00,15069.07577
6065,Unnao,26,9,Uttar Pradesh,10-01-2019 00:00,15186.95489
6066,Varanasi,67,9,Uttar Pradesh,10-01-2019 00:00,15133.84644
6067,Bulandshahr,11,9,Uttar Pradesh,10-01-2019 00:00,15187.28841
6068,Gautam Buddha Nagar,10,9,Uttar Pradesh,10-01-2019 00:00,15198.53257
6069,Ghaziabad,9,9,Uttar Pradesh,10-01-2019 00:00,15172.6203
6070,Hathras,13,9,Uttar Pradesh,10-01-2019 00:00,15337.39981
6071,Jalaun,35,9,Uttar Pradesh,10-01-2019 00:00,15280.35613
6072,Jaunpur,64,9,Uttar Pradesh,10-01-2019 00:00,15137.53983
6073,Jhansi,36,9,Uttar Pradesh,10-01-2019 00:00,15267.00033
6074,Jyotiba Phule Nagar,6,9,Uttar Pradesh,10-01-2019 00:00,15127.2413
6075,Kannauj,30,9,Uttar Pradesh,10-01-2019 00:00,15263.67984
6076,Kanpur Nagar,34,9,Uttar Pradesh,10-01-2019 00:00,15208.92628
6077,Kaushambi,44,9,Uttar Pradesh,10-01-2019 00:00,15144.60857
6078,Kheri,23,9,Uttar Pradesh,10-01-2019 00:00,15110.41755
6079,Mirzapur,69,9,Uttar Pradesh,10-01-2019 00:00,15116.68234
6080,Moradabad,4,9,Uttar Pradesh,10-01-2019 00:00,15158.30133
6081,Muzaffarnagar,2,9,Uttar Pradesh,10-01-2019 00:00,15083.6867
6082,Rae Bareli,28,9,Uttar Pradesh,10-01-2019 00:00,15112.99287
6083,Kushinagar,59,9,Uttar Pradesh,10-01-2019 00:00,15091.0798
6084,Lucknow,27,9,Uttar Pradesh,10-01-2019 00:00,15154.09864
6085,Lalitpur,37,9,Uttar Pradesh,10-01-2019 00:00,15230.58313
6086,Mahrajganj,57,9,Uttar Pradesh,10-01-2019 00:00,15069.92673
6087,Mahoba,39,9,Uttar Pradesh,10-01-2019 00:00,15269.59326
6088,Mainpuri,18,9,Uttar Pradesh,10-01-2019 00:00,15243.78639
6089,Mathura,14,9,Uttar Pradesh,10-01-2019 00:00,15306.80892
6090,Mau,62,9,Uttar Pradesh,10-01-2019 00:00,15101.79244
6091,Meerut,7,9,Uttar Pradesh,10-01-2019 00:00,15115.14992
6092,Pilibhit,21,9,Uttar Pradesh,10-01-2019 00:00,15083.58236
6093,Pratapgarh,43,9,Uttar Pradesh,10-01-2019 00:00,15118.72387
6094,Rampur,5,9,Uttar Pradesh,10-01-2019 00:00,15138.9359
6095,Sant Ravidas Nagar Bhadohi,68,9,Uttar Pradesh,10-01-2019 00:00,15113.5082
6096,Sant Kabir Nagar,56,9,Uttar Pradesh,10-01-2019 00:00,15065.26939
6097,Shahjahanpur,22,9,Uttar Pradesh,10-01-2019 00:00,15158.89548
6098,Auraiya,32,9,Uttar Pradesh,10-01-2019 00:00,15187.40372
6099,Azamgarh,61,9,Uttar Pradesh,10-01-2019 00:00,15110.28099
6100,Budaun,19,9,Uttar Pradesh,10-01-2019 00:00,15226.3088
6101,Agra,15,9,Uttar Pradesh,10-01-2019 00:00,15322.99486
6102,Aligarh,12,9,Uttar Pradesh,10-01-2019 00:00,15254.20728
6103,Allahabad,45,9,Uttar Pradesh,10-01-2019 00:00,15117.31095
6104,Ambedkar Nagar,48,9,Uttar Pradesh,10-01-2019 00:00,15097.85765
6105,Bareilly,20,9,Uttar Pradesh,10-01-2019 00:00,15151.17518
6106,Bijnor,3,9,Uttar Pradesh,10-01-2019 00:00,15080.82356
6107,Basti,55,9,Uttar Pradesh,10-01-2019 00:00,15071.69434
6108,Baghpat,8,9,Uttar Pradesh,10-01-2019 00:00,15125.73975
6109,Bahraich,50,9,Uttar Pradesh,10-01-2019 00:00,15106.77685
6110,Ballia,63,9,Uttar Pradesh,10-01-2019 00:00,15107.28398
6111,Balrampur,52,9,Uttar Pradesh,10-01-2019 00:00,15110.33144
6112,Banda,40,9,Uttar Pradesh,10-01-2019 00:00,15221.05253
6113,Barabanki,46,9,Uttar Pradesh,10-01-2019 00:00,15100.14663
6114,Chitrakoot,41,9,Uttar Pradesh,10-01-2019 00:00,15175.08507
6115,Chandauli,66,9,Uttar Pradesh,10-01-2019 00:00,15063.79289
6116,Deoria,60,9,Uttar Pradesh,10-01-2019 00:00,15105.50037
6117,Etah,17,9,Uttar Pradesh,10-01-2019 00:00,15269.99013
6118,Kanpur Dehat,33,9,Uttar Pradesh,10-01-2019 00:00,15204.13869
6119,Etawah,31,9,Uttar Pradesh,10-01-2019 00:00,15208.36068
6120,Faizabad,47,9,Uttar Pradesh,10-01-2019 00:00,15090.39568
6121,Ghazipur,65,9,Uttar Pradesh,10-01-2019 00:00,15108.50572
6122,Gonda,53,9,Uttar Pradesh,10-01-2019 00:00,15102.57971
6123,Gorakhpur,58,9,Uttar Pradesh,10-01-2019 00:00,15108.07122
6124,Farrukhabad,29,9,Uttar Pradesh,10-01-2019 00:00,15258.92989
6125,Fatehpur,42,9,Uttar Pradesh,10-01-2019 00:00,15205.21191
6126,Firozabad,16,9,Uttar Pradesh,10-01-2019 00:00,15316.93098
6127,Hamirpur,38,9,Uttar Pradesh,10-01-2019 00:00,15304.93197
6128,Hardoi,25,9,Uttar Pradesh,10-01-2019 00:00,15178.89295
6129,Sheikhpura,26,10,Bihar,10-01-2019 00:00,15145.32826
6130,Sheohar,3,10,Bihar,10-01-2019 00:00,15088.12354
6131,Saharsa,12,10,Bihar,10-01-2019 00:00,15080.05507
6132,Sitamarhi,4,10,Bihar,10-01-2019 00:00,15086.66585
6133,Siwan,16,10,Bihar,10-01-2019 00:00,15120.10302
6134,Supaul,6,10,Bihar,10-01-2019 00:00,15064.1484
6135,Vaishali,18,10,Bihar,10-01-2019 00:00,15154.63069
6136,Kaimur (Bhabua),31,10,Bihar,10-01-2019 00:00,15063.43842
6137,Gaya,35,10,Bihar,10-01-2019 00:00,15151.02986
6138,Bhojpur,29,10,Bihar,10-01-2019 00:00,15116.12033
6139,Buxar,30,10,Bihar,10-01-2019 00:00,15097.30131
6140,Jehanabad,33,10,Bihar,10-01-2019 00:00,15120.34289
6141,Rohtas,32,10,Bihar,10-01-2019 00:00,15053.99153
6142,Jamui,37,10,Bihar,10-01-2019 00:00,15111.39733
6143,Kishanganj,8,10,Bihar,10-01-2019 00:00,15091.6537
6144,Muzaffarpur,14,10,Bihar,10-01-2019 00:00,15127.59449
6145,Purnia,9,10,Bihar,10-01-2019 00:00,15101.0035
6146,Khagaria,21,10,Bihar,10-01-2019 00:00,15127.62075
6147,Madhubani,5,10,Bihar,10-01-2019 00:00,15078.80741
6148,Lakhisarai,25,10,Bihar,10-01-2019 00:00,15112.19694
6149,Madhepura,11,10,Bihar,10-01-2019 00:00,15074.21505
6150,Purba Champaran,2,10,Bihar,10-01-2019 00:00,15100.87245
6151,Munger,24,10,Bihar,10-01-2019 00:00,15077.22765
6152,Nalanda,27,10,Bihar,10-01-2019 00:00,15148.07914
6153,Nawada,36,10,Bihar,10-01-2019 00:00,15126.14525
6154,Pashchim Champaran,1,10,Bihar,10-01-2019 00:00,15082.70828
6155,Patna,28,10,Bihar,10-01-2019 00:00,15136.94942
6156,Samastipur,19,10,Bihar,10-01-2019 00:00,15161.10093
6157,Araria,7,10,Bihar,10-01-2019 00:00,15085.87899
6158,Aurangabad,34,10,Bihar,10-01-2019 00:00,15096.74231
6159,Banka,23,10,Bihar,10-01-2019 00:00,15094.07951
6160,Bhagalpur,22,10,Bihar,10-01-2019 00:00,15095.23157
6161,Begusarai,20,10,Bihar,10-01-2019 00:00,15153.71191
6162,Saran,17,10,Bihar,10-01-2019 00:00,15116.31778
6163,Katihar,10,10,Bihar,10-01-2019 00:00,15072.50535
6164,Darbhanga,13,10,Bihar,10-01-2019 00:00,15107.91507
6165,Gopalganj,15,10,Bihar,10-01-2019 00:00,15107.53694
6166,South,3,11,Sikkim,10-01-2019 00:00,14602.60528
6167,West,2,11,Sikkim,10-01-2019 00:00,14390.03759
6168,North,1,11,Sikkim,10-01-2019 00:00,14043.87566
6169,East,4,11,Sikkim,10-01-2019 00:00,14528.88817
6170,Tawang,1,12,Arunanchal Pradesh,10-01-2019 00:00,14216.25
6171,Tirap,13,12,Arunanchal Pradesh,10-01-2019 00:00,14823.9161
6172,West Kameng,2,12,Arunanchal Pradesh,10-01-2019 00:00,14482.25078
6173,West Siang,7,12,Arunanchal Pradesh,10-01-2019 00:00,14559.33358
6174,Upper Siang,9,12,Arunanchal Pradesh,10-01-2019 00:00,14413.46819
6175,Upper Subansiri,6,12,Arunanchal Pradesh,10-01-2019 00:00,14360.14512
6176,Lohit,11,12,Arunanchal Pradesh,10-01-2019 00:00,14535.54436
6177,Lower Subansiri,5,12,Arunanchal Pradesh,10-01-2019 00:00,14423.67807
6178,Papum Pare,4,12,Arunanchal Pradesh,10-01-2019 00:00,14690.41771
6179,Changlang,12,12,Arunanchal Pradesh,10-01-2019 00:00,14771.06373
6180,Dibang Valley,10,12,Arunanchal Pradesh,10-01-2019 00:00,14356.13913
6181,East Kameng,3,12,Arunanchal Pradesh,10-01-2019 00:00,14519.10913
6182,East Siang,8,12,Arunanchal Pradesh,10-01-2019 00:00,14844.12038
6183,Tuensang,2,13,Nagaland,10-01-2019 00:00,14743.32867
6184,Wokha,5,13,Nagaland,10-01-2019 00:00,14916.2546
6185,Zunheboto,4,13,Nagaland,10-01-2019 00:00,14768.54255
6186,Dimapur,6,13,Nagaland,10-01-2019 00:00,14987.93918
6187,Kohima,7,13,Nagaland,10-01-2019 00:00,14822.44065
6188,Mokokchung,3,13,Nagaland,10-01-2019 00:00,14901.70524
6189,Mon,1,13,Nagaland,10-01-2019 00:00,14889.8743
6190,Phek,8,13,Nagaland,10-01-2019 00:00,14744.94741
6191,Tamenglong,2,14,Manipur,10-01-2019 00:00,14862.14743
6192,Thoubal,5,14,Manipur,10-01-2019 00:00,14944.70704
6193,Ukhrul,8,14,Manipur,10-01-2019 00:00,14811.49247
6194,Imphal East,7,14,Manipur,10-01-2019 00:00,14964.74001
6195,Imphal West,6,14,Manipur,10-01-2019 00:00,14998.33465
6196,Senapati (Excl. 3 sub-divisions),1,14,Manipur,10-01-2019 00:00,14786.97953
6197,Bishnupur,4,14,Manipur,10-01-2019 00:00,14896.28125
6198,Chandel,9,14,Manipur,10-01-2019 00:00,14871.76415
6199,Churachandpur,3,14,Manipur,10-01-2019 00:00,14889.71984
6200,Kolasib,2,15,Mizoram,10-01-2019 00:00,14989.3989
6201,Mamit,1,15,Mizoram,10-01-2019 00:00,14973.30388
6202,Lunglei,6,15,Mizoram,10-01-2019 00:00,14952.75065
6203,Lawngtlai,7,15,Mizoram,10-01-2019 00:00,14987.30152
6204,Saiha,8,15,Mizoram,10-01-2019 00:00,14881.81063
6205,Serchhip,5,15,Mizoram,10-01-2019 00:00,14886.51602
6206,Aizawl,3,15,Mizoram,10-01-2019 00:00,14919.36695
6207,Champhai,4,15,Mizoram,10-01-2019 00:00,14839.68324
6208,South Tripura,2,16,Tripura,10-01-2019 00:00,15062.59471
6209,West Tripura,1,16,Tripura,10-01-2019 00:00,15075.01861
6210,North Tripura,4,16,Tripura,10-01-2019 00:00,15050.84153
6211,Dhalai,3,16,Tripura,10-01-2019 00:00,15042.22041
6212,Ri Bhoi,5,17,Meghalaya,10-01-2019 00:00,14911.48021
6213,South Garo Hills,3,17,Meghalaya,10-01-2019 00:00,14988.27546
6214,West Garo Hills,1,17,Meghalaya,10-01-2019 00:00,15022.15545
6215,West Khasi Hills,4,17,Meghalaya,10-01-2019 00:00,14876.42203
6216,Jaintia Hills,7,17,Meghalaya,10-01-2019 00:00,14889.67668
6217,East Garo Hills,2,17,Meghalaya,10-01-2019 00:00,14955.53793
6218,East Khasi Hills,6,17,Meghalaya,10-01-2019 00:00,14847.41846
6219,Sonitpur,11,18,Assam,10-01-2019 00:00,15054.08815
6220,Sibsagar,16,18,Assam,10-01-2019 00:00,15027.40299
6221,Tinsukia,14,18,Assam,10-01-2019 00:00,15015.05361
6222,Jorhat,17,18,Assam,10-01-2019 00:00,15028.6179
6223,Karimganj,22,18,Assam,10-01-2019 00:00,15063.09239
6224,Kokrajhar,1,18,Assam,10-01-2019 00:00,15074.49056
6225,Lakhimpur,12,18,Assam,10-01-2019 00:00,15045.4011
6226,Nagaon,10,18,Assam,10-01-2019 00:00,15058.06926
6227,Marigaon,9,18,Assam,10-01-2019 00:00,15061.75583
6228,Nalbari,7,18,Assam,10-01-2019 00:00,15071.91714
6229,North Cachar Hills,20,18,Assam,10-01-2019 00:00,14911.57044
6230,Barpeta,5,18,Assam,10-01-2019 00:00,15059.49129
6231,Bongaigaon,4,18,Assam,10-01-2019 00:00,15057.8189
6232,Cachar,21,18,Assam,10-01-2019 00:00,15038.87454
6233,Darrang,8,18,Assam,10-01-2019 00:00,15063.43004
6234,Dhemaji,13,18,Assam,10-01-2019 00:00,15038.56243
6235,Dhubri,2,18,Assam,10-01-2019 00:00,15056.18826
6236,Dibrugarh,15,18,Assam,10-01-2019 00:00,15002.97591
6237,Kamrup,6,18,Assam,10-01-2019 00:00,15042.9837
6238,Karbi Anglong,19,18,Assam,10-01-2019 00:00,14944.69405
6239,Goalpara,3,18,Assam,10-01-2019 00:00,15021.01044
6240,Golaghat,18,18,Assam,10-01-2019 00:00,15039.00373
6241,Hailakandi,23,18,Assam,10-01-2019 00:00,15048.59101
6242,South  Twenty Four Parganas,18,19,West Bengal,10-01-2019 00:00,15064.46602
6243,Uttar Dinajpur,4,19,West Bengal,10-01-2019 00:00,15040.12341
6244,Hugli,12,19,West Bengal,10-01-2019 00:00,15069.25003
6245,Jalpaiguri,2,19,West Bengal,10-01-2019 00:00,15070.7071
6246,Koch Bihar,3,19,West Bengal,10-01-2019 00:00,15068.02991
6247,Murshidabad,7,19,West Bengal,10-01-2019 00:00,15108.9648
6248,Puruliya,14,19,West Bengal,10-01-2019 00:00,15078.49729
6249,Kolkata,17,19,West Bengal,10-01-2019 00:00,15279.3136
6250,Maldah,6,19,West Bengal,10-01-2019 00:00,15020.09825
6251,Nadia,10,19,West Bengal,10-01-2019 00:00,15161.60706
6252,North Twenty Four Parganas,11,19,West Bengal,10-01-2019 00:00,15083.46174
6253,Medinipur,15,19,West Bengal,10-01-2019 00:00,15062.99272
6254,Barddhaman,9,19,West Bengal,10-01-2019 00:00,15069.77132
6255,Birbhum,8,19,West Bengal,10-01-2019 00:00,15047.61226
6256,Bankura,13,19,West Bengal,10-01-2019 00:00,15088.52667
6257,Dakshin Dinajpur,5,19,West Bengal,10-01-2019 00:00,14987.75476
6258,Darjiling,1,19,West Bengal,10-01-2019 00:00,14859.47267
6259,Haora,16,19,West Bengal,10-01-2019 00:00,15091.77564
6260,Ranchi,14,20,Jharkhand,10-01-2019 00:00,15006.62739
6261,Sahibganj,9,20,Jharkhand,10-01-2019 00:00,15024.0184
6262,Garhwa,1,20,Jharkhand,10-01-2019 00:00,15077.31943
6263,Palamu,2,20,Jharkhand,10-01-2019 00:00,15046.36979
6264,Chatra,3,20,Jharkhand,10-01-2019 00:00,15059.35587
6265,Hazaribagh,4,20,Jharkhand,10-01-2019 00:00,15033.82424
6266,Kodarma,5,20,Jharkhand,10-01-2019 00:00,15058.18271
6267,Purbi Singhbhum,18,20,Jharkhand,10-01-2019 00:00,15077.52853
6268,Lohardaga,15,20,Jharkhand,10-01-2019 00:00,14950.18436
6269,Pakaur,10,20,Jharkhand,10-01-2019 00:00,15047.10664
6270,Pashchimi Singhbhum,17,20,Jharkhand,10-01-2019 00:00,15040.51032
6271,Bokaro,13,20,Jharkhand,10-01-2019 00:00,15073.20729
6272,Deoghar,7,20,Jharkhand,10-01-2019 00:00,15088.56229
6273,Dhanbad,12,20,Jharkhand,10-01-2019 00:00,15089.77173
6274,Dumka,11,20,Jharkhand,10-01-2019 00:00,15077.55867
6275,Giridih,6,20,Jharkhand,10-01-2019 00:00,15088.87339
6276,Godda,8,20,Jharkhand,10-01-2019 00:00,15078.66042
6277,Gumla,16,20,Jharkhand,10-01-2019 00:00,15006.79878
6278,Rayagada,27,21,Orissa,10-01-2019 00:00,14995.32068
6279,Sundargarh,5,21,Orissa,10-01-2019 00:00,15045.60835
6280,Sonapur,23,21,Orissa,10-01-2019 00:00,15074.93191
6281,Jajapur,13,21,Orissa,10-01-2019 00:00,15095.14451
6282,Jagatsinghapur,11,21,Orissa,10-01-2019 00:00,15064.0925
6283,Jharsuguda,2,21,Orissa,10-01-2019 00:00,15056.03316
6284,Khordha,17,21,Orissa,10-01-2019 00:00,15090.31066
6285,Mayurbhanj,7,21,Orissa,10-01-2019 00:00,15024.23462
6286,Puri,18,21,Orissa,10-01-2019 00:00,15070.0949
6287,Koraput,29,21,Orissa,10-01-2019 00:00,14967.20365
6288,Malkangiri,30,21,Orissa,10-01-2019 00:00,15002.59165
6289,Nabarangapur,28,21,Orissa,10-01-2019 00:00,15008.76914
6290,Nayagarh,16,21,Orissa,10-01-2019 00:00,15049.43197
6291,Nuapada,25,21,Orissa,10-01-2019 00:00,15028.74597
6292,Kandhamal,21,21,Orissa,10-01-2019 00:00,14954.87792
6293,Sambalpur,3,21,Orissa,10-01-2019 00:00,15046.94815
6294,Anugul,15,21,Orissa,10-01-2019 00:00,15063.73263
6295,Bhadrak,9,21,Orissa,10-01-2019 00:00,15032.31973
6296,Baudh,22,21,Orissa,10-01-2019 00:00,15048.31289
6297,Balangir,24,21,Orissa,10-01-2019 00:00,15092.33502
6298,Baleshwar,8,21,Orissa,10-01-2019 00:00,15033.51946
6299,Bargarh,1,21,Orissa,10-01-2019 00:00,15055.49826
6300,Kendrapara,10,21,Orissa,10-01-2019 00:00,15037.59941
6301,Kendujhar,6,21,Orissa,10-01-2019 00:00,15038.50283
6302,Debagarh,4,21,Orissa,10-01-2019 00:00,15052.69911
6303,Cuttack,12,21,Orissa,10-01-2019 00:00,15087.8674
6304,Dhenkanal,14,21,Orissa,10-01-2019 00:00,15087.63784
6305,Kalahandi,26,21,Orissa,10-01-2019 00:00,15030.37753
6306,Ganjam,19,21,Orissa,10-01-2019 00:00,15057.50097
6307,Gajapati,20,21,Orissa,10-01-2019 00:00,14982.82209
6308,Surguja,2,22,Chhattisgarh,10-01-2019 00:00,15006.72214
6309,Bilaspur,7,22,Chhattisgarh,10-01-2019 00:00,15034.75617
6310,Janjgir - Champa,6,22,Chhattisgarh,10-01-2019 00:00,15034.58999
6311,Korba,5,22,Chhattisgarh,10-01-2019 00:00,15027.94967
6312,Kawardha,8,22,Chhattisgarh,10-01-2019 00:00,15056.45592
6313,Jashpur,3,22,Chhattisgarh,10-01-2019 00:00,14996.41373
6314,Koriya,1,22,Chhattisgarh,10-01-2019 00:00,15029.14963
6315,Mahasamund,12,22,Chhattisgarh,10-01-2019 00:00,15038.57113
6316,Raigarh,4,22,Chhattisgarh,10-01-2019 00:00,15043.50747
6317,Raipur,11,22,Chhattisgarh,10-01-2019 00:00,15042.63569
6318,Rajnandgaon,9,22,Chhattisgarh,10-01-2019 00:00,15056.81474
6319,Bastar,15,22,Chhattisgarh,10-01-2019 00:00,14980.16574
6320,Dantewada,16,22,Chhattisgarh,10-01-2019 00:00,15023.74628
6321,Dhamtari,13,22,Chhattisgarh,10-01-2019 00:00,15006.95018
6322,Durg,10,22,Chhattisgarh,10-01-2019 00:00,15073.73114
6323,Kanker,14,22,Chhattisgarh,10-01-2019 00:00,15028.87863
6324,Shajapur,22,23,Madhya Pradesh,10-01-2019 00:00,15274.24381
6325,Shivpuri,6,23,Madhya Pradesh,10-01-2019 00:00,15214.41046
6326,Ratlam,20,23,Madhya Pradesh,10-01-2019 00:00,15292.96854
6327,Rewa,14,23,Madhya Pradesh,10-01-2019 00:00,15139.65008
6328,Sagar,11,23,Madhya Pradesh,10-01-2019 00:00,15238.34694
6329,Sidhi,17,23,Madhya Pradesh,10-01-2019 00:00,15091.99069
6330,Ujjain,21,23,Madhya Pradesh,10-01-2019 00:00,15296.28922
6331,Vidisha,31,23,Madhya Pradesh,10-01-2019 00:00,15250.28658
6332,West Nimar,27,23,Madhya Pradesh,10-01-2019 00:00,15252.51038
6333,Morena,2,23,Madhya Pradesh,10-01-2019 00:00,15333.04609
6334,Sheopur,1,23,Madhya Pradesh,10-01-2019 00:00,15192.00636
6335,Dindori,41,23,Madhya Pradesh,10-01-2019 00:00,15053.97937
6336,Mandla,42,23,Madhya Pradesh,10-01-2019 00:00,15072.08754
6337,Shahdol,16,23,Madhya Pradesh,10-01-2019 00:00,15090.11255
6338,Umaria,15,23,Madhya Pradesh,10-01-2019 00:00,15082.65469
6339,Hoshangabad,37,23,Madhya Pradesh,10-01-2019 00:00,15139.51307
6340,Indore,26,23,Madhya Pradesh,10-01-2019 00:00,15237.32286
6341,Jabalpur,39,23,Madhya Pradesh,10-01-2019 00:00,15125.26615
6342,Jhabua,24,23,Madhya Pradesh,10-01-2019 00:00,15222.97878
6343,Mandsaur,19,23,Madhya Pradesh,10-01-2019 00:00,15268.58175
6344,Tikamgarh,8,23,Madhya Pradesh,10-01-2019 00:00,15250.73544
6345,Narsimhapur,40,23,Madhya Pradesh,10-01-2019 00:00,15196.45283
6346,Neemuch,18,23,Madhya Pradesh,10-01-2019 00:00,15234.60203
6347,Panna,10,23,Madhya Pradesh,10-01-2019 00:00,15141.93677
6348,Raisen,34,23,Madhya Pradesh,10-01-2019 00:00,15141.63065
6349,Rajgarh,30,23,Madhya Pradesh,10-01-2019 00:00,15266.15203
6350,Satna,13,23,Madhya Pradesh,10-01-2019 00:00,15118.09806
6351,Sehore,33,23,Madhya Pradesh,10-01-2019 00:00,15220.31553
6352,Seoni,44,23,Madhya Pradesh,10-01-2019 00:00,15100.28821
6353,Bhind,3,23,Madhya Pradesh,10-01-2019 00:00,15317.22017
6354,Bhopal,32,23,Madhya Pradesh,10-01-2019 00:00,15211.49488
6355,Barwani,28,23,Madhya Pradesh,10-01-2019 00:00,15267.26604
6356,Betul,35,23,Madhya Pradesh,10-01-2019 00:00,15104.16186
6357,Balaghat,45,23,Madhya Pradesh,10-01-2019 00:00,15027.09701
6358,Chhatarpur,9,23,Madhya Pradesh,10-01-2019 00:00,15221.0698
6359,Chhindwara,43,23,Madhya Pradesh,10-01-2019 00:00,15103.36257
6360,Dewas,23,23,Madhya Pradesh,10-01-2019 00:00,15235.30574
6361,Katni,38,23,Madhya Pradesh,10-01-2019 00:00,15086.3172
6362,Datia,5,23,Madhya Pradesh,10-01-2019 00:00,15203.5758
6363,Damoh,12,23,Madhya Pradesh,10-01-2019 00:00,15201.68335
6364,Dhar,25,23,Madhya Pradesh,10-01-2019 00:00,15266.37391
6365,East Nimar,29,23,Madhya Pradesh,10-01-2019 00:00,15204.54727
6366,Guna,7,23,Madhya Pradesh,10-01-2019 00:00,15244.07054
6367,Gwalior,4,23,Madhya Pradesh,10-01-2019 00:00,15229.22332
6368,Harda,36,23,Madhya Pradesh,10-01-2019 00:00,15245.5221
6369,Sabar Kantha,5,24,Gujarat,10-01-2019 00:00,15235.74166
6370,Surendranagar,8,24,Gujarat,10-01-2019 00:00,15305.96538
6371,The Dangs,23,24,Gujarat,10-01-2019 00:00,15062.59179
6372,Vadodara,19,24,Gujarat,10-01-2019 00:00,15234.50032
6373,Valsad,25,24,Gujarat,10-01-2019 00:00,15147.54342
6374,Bharuch,21,24,Gujarat,10-01-2019 00:00,15290.65161
6375,Surat,22,24,Gujarat,10-01-2019 00:00,15206.4116
6376,Jamnagar,10,24,Gujarat,10-01-2019 00:00,15265.89187
6377,Kheda,16,24,Gujarat,10-01-2019 00:00,15244.20816
6378,Mahesana,4,24,Gujarat,10-01-2019 00:00,15335.19554
6379,Narmada,20,24,Gujarat,10-01-2019 00:00,15160.54115
6380,Navsari,24,24,Gujarat,10-01-2019 00:00,15184.59942
6381,Panch Mahals,17,24,Gujarat,10-01-2019 00:00,15193.3863
6382,Patan,3,24,Gujarat,10-01-2019 00:00,15349.4464
6383,Porbandar,11,24,Gujarat,10-01-2019 00:00,15218.20445
6384,Rajkot,9,24,Gujarat,10-01-2019 00:00,15286.97322
6385,Anand,15,24,Gujarat,10-01-2019 00:00,15228.28012
6386,Ahmadabad,7,24,Gujarat,10-01-2019 00:00,15278.89093
6387,Amreli,13,24,Gujarat,10-01-2019 00:00,15226.38298
6388,Bhavnagar,14,24,Gujarat,10-01-2019 00:00,15274.62076
6389,Banas Kantha,2,24,Gujarat,10-01-2019 00:00,15368.97948
6390,Dohad,18,24,Gujarat,10-01-2019 00:00,15167.96081
6391,Junagadh,12,24,Gujarat,10-01-2019 00:00,15231.20095
6392,Kachchh,1,24,Gujarat,10-01-2019 00:00,15428.5544
6393,Gandhinagar,6,24,Gujarat,10-01-2019 00:00,15301.16241
6394,Daman,2,25,Daman & Diu,10-01-2019 00:00,15195.40878
6395,Diu,1,25,Daman & Diu,10-01-2019 00:00,15187.92192
6396,Ratnagiri,32,27,Maharashtra,10-01-2019 00:00,15099.59353
6397,Raigarh,24,27,Maharashtra,10-01-2019 00:00,15102.37723
6398,Thane,21,27,Maharashtra,10-01-2019 00:00,15132.80751
6399,Solapur,30,27,Maharashtra,10-01-2019 00:00,15243.94256
6400,Sindhudurg,33,27,Maharashtra,10-01-2019 00:00,15105.37515
6401,Wardha,8,27,Maharashtra,10-01-2019 00:00,15165.82407
6402,Washim,6,27,Maharashtra,10-01-2019 00:00,15228.75965
6403,Yavatmal,14,27,Maharashtra,10-01-2019 00:00,15167.43463
6404,Hingoli,16,27,Maharashtra,10-01-2019 00:00,15228.10747
6405,Jalgaon,3,27,Maharashtra,10-01-2019 00:00,15219.63498
6406,Jalna,18,27,Maharashtra,10-01-2019 00:00,15202.95812
6407,Kolhapur,34,27,Maharashtra,10-01-2019 00:00,15028.06576
6408,Latur,28,27,Maharashtra,10-01-2019 00:00,15213.46445
6409,Pune,25,27,Maharashtra,10-01-2019 00:00,15115.05441
6410,Nagpur,9,27,Maharashtra,10-01-2019 00:00,15132.01766
6411,Mumbai,23,27,Maharashtra,10-01-2019 00:00,15240.66604
6412,Mumbai (Suburban),22,27,Maharashtra,10-01-2019 00:00,15260.4226
6413,Nanded,15,27,Maharashtra,10-01-2019 00:00,15168.18181
6414,Nandurbar,1,27,Maharashtra,10-01-2019 00:00,15219.26021
6415,Nashik,20,27,Maharashtra,10-01-2019 00:00,15172.80503
6416,Osmanabad,29,27,Maharashtra,10-01-2019 00:00,15232.69146
6417,Parbhani,17,27,Maharashtra,10-01-2019 00:00,15211.56565
6418,Sangli,35,27,Maharashtra,10-01-2019 00:00,15152.14285
6419,Satara,31,27,Maharashtra,10-01-2019 00:00,15096.39846
6420,Aurangabad,19,27,Maharashtra,10-01-2019 00:00,15157.45243
6421,Ahmadnagar,26,27,Maharashtra,10-01-2019 00:00,15224.11425
6422,Akola,5,27,Maharashtra,10-01-2019 00:00,15225.45771
6423,Amravati,7,27,Maharashtra,10-01-2019 00:00,15162.86955
6424,Bid,27,27,Maharashtra,10-01-2019 00:00,15240.62708
6425,Bhandara,10,27,Maharashtra,10-01-2019 00:00,15064.79235
6426,Buldana,4,27,Maharashtra,10-01-2019 00:00,15194.04807
6427,Chandrapur,13,27,Maharashtra,10-01-2019 00:00,15101.1714
6428,Dhule,2,27,Maharashtra,10-01-2019 00:00,15275.24402
6429,Gadchiroli,12,27,Maharashtra,10-01-2019 00:00,15067.40854
6430,Gondiya,11,27,Maharashtra,10-01-2019 00:00,15056.02147
6431,Rangareddi,6,28,Andhra Pradesh,10-01-2019 00:00,15063.68153
6432,Srikakulam,11,28,Andhra Pradesh,10-01-2019 00:00,15075.19581
6433,West Godavari,15,28,Andhra Pradesh,10-01-2019 00:00,15075.53288
6434,Visakhapatnam,13,28,Andhra Pradesh,10-01-2019 00:00,15001.55388
6435,Vizianagaram,12,28,Andhra Pradesh,10-01-2019 00:00,15066.63749
6436,Warangal,9,28,Andhra Pradesh,10-01-2019 00:00,15036.56356
6437,Hyderabad,5,28,Andhra Pradesh,10-01-2019 00:00,15120.84764
6438,Khammam,10,28,Andhra Pradesh,10-01-2019 00:00,15066.53342
6439,Medak,4,28,Andhra Pradesh,10-01-2019 00:00,15053.69653
6440,Krishna,16,28,Andhra Pradesh,10-01-2019 00:00,15083.46839
6441,Kurnool,21,28,Andhra Pradesh,10-01-2019 00:00,15225.16719
6442,Mahbubnagar,7,28,Andhra Pradesh,10-01-2019 00:00,15113.61397
6443,Nalgonda,8,28,Andhra Pradesh,10-01-2019 00:00,15109.06689
6444,Nellore,19,28,Andhra Pradesh,10-01-2019 00:00,15428.65191
6445,Nizamabad,2,28,Andhra Pradesh,10-01-2019 00:00,15067.92856
6446,Prakasam,18,28,Andhra Pradesh,10-01-2019 00:00,15359.41374
6447,Anantapur,22,28,Andhra Pradesh,10-01-2019 00:00,15191.7572
6448,Adilabad,1,28,Andhra Pradesh,10-01-2019 00:00,15102.4076
6449,Chittoor,23,28,Andhra Pradesh,10-01-2019 00:00,15183.85048
6450,Cuddapah,20,28,Andhra Pradesh,10-01-2019 00:00,15275.42035
6451,East Godavari,14,28,Andhra Pradesh,10-01-2019 00:00,15031.2777
6452,Karimnagar,3,28,Andhra Pradesh,10-01-2019 00:00,15051.77768
6453,Guntur,17,28,Andhra Pradesh,10-01-2019 00:00,15190.67697
6454,Shimoga,15,29,Karnataka,10-01-2019 00:00,14969.93435
6455,Tumkur,18,29,Karnataka,10-01-2019 00:00,15054.11581
6456,Udupi,16,29,Karnataka,10-01-2019 00:00,15104.87779
6457,Uttara Kannada,10,29,Karnataka,10-01-2019 00:00,14986.78185
6458,Hassan,23,29,Karnataka,10-01-2019 00:00,14943.37444
6459,Haveri,11,29,Karnataka,10-01-2019 00:00,15059.76872
6460,Kodagu,25,29,Karnataka,10-01-2019 00:00,14873.33963
6461,Kolar,19,29,Karnataka,10-01-2019 00:00,15097.88
6462,Mandya,22,29,Karnataka,10-01-2019 00:00,15035.063
6463,Koppal,7,29,Karnataka,10-01-2019 00:00,15150.5371
6464,Mysore,26,29,Karnataka,10-01-2019 00:00,15017.28996
6465,Raichur,6,29,Karnataka,10-01-2019 00:00,15226.26669
6466,Bagalkot,2,29,Karnataka,10-01-2019 00:00,15141.00324
6467,Bangalore,20,29,Karnataka,10-01-2019 00:00,15063.04122
6468,Bidar,5,29,Karnataka,10-01-2019 00:00,15149.85388
6469,Bijapur,3,29,Karnataka,10-01-2019 00:00,15208.90303
6470,Belgaum,1,29,Karnataka,10-01-2019 00:00,15082.33464
6471,Bellary,12,29,Karnataka,10-01-2019 00:00,15104.78775
6472,Bangalore Rural,21,29,Karnataka,10-01-2019 00:00,15026.21846
6473,Chamarajanagar,27,29,Karnataka,10-01-2019 00:00,15021.72204
6474,Chikmagalur,17,29,Karnataka,10-01-2019 00:00,14937.8702
6475,Chitradurga,13,29,Karnataka,10-01-2019 00:00,15067.44712
6476,Dakshina Kannada,24,29,Karnataka,10-01-2019 00:00,15040.94011
6477,Davanagere,14,29,Karnataka,10-01-2019 00:00,15009.5025
6478,Dharwad,9,29,Karnataka,10-01-2019 00:00,15105.91108
6479,Gulbarga,4,29,Karnataka,10-01-2019 00:00,15156.02677
6480,Gadag,8,29,Karnataka,10-01-2019 00:00,15193.76669
6481,South Goa,2,30,Goa,10-01-2019 00:00,15081.85552
6482,North Goa,1,30,Goa,10-01-2019 00:00,15103.08622
6483,Thrissur,7,32,Kerala,10-01-2019 00:00,15050.90659
6484,Thiruvananthapuram,14,32,Kerala,10-01-2019 00:00,14976.47251
6485,Wayanad,3,32,Kerala,10-01-2019 00:00,14892.95491
6486,Idukki,9,32,Kerala,10-01-2019 00:00,14860.03047
6487,Kollam,13,32,Kerala,10-01-2019 00:00,14953.36979
6488,Kottayam,10,32,Kerala,10-01-2019 00:00,15054.64862
6489,Kozhikode,4,32,Kerala,10-01-2019 00:00,15014.13566
6490,Malappuram,5,32,Kerala,10-01-2019 00:00,15046.57703
6491,Palakkad,6,32,Kerala,10-01-2019 00:00,15032.5735
6492,Pathanamthitta,12,32,Kerala,10-01-2019 00:00,14950.41151
6493,Alappuzha,11,32,Kerala,10-01-2019 00:00,15031.6012
6494,Kasaragod,1,32,Kerala,10-01-2019 00:00,15032.52392
6495,Kannur,2,32,Kerala,10-01-2019 00:00,15017.92901
6496,Ernakulam,8,32,Kerala,10-01-2019 00:00,15076.48287
6497,Sivaganga,23,33,Tamil Nadu,10-01-2019 00:00,15382.155
6498,Tiruchirappalli,15,33,Tamil Nadu,10-01-2019 00:00,15409.63122
6499,Tirunelveli,29,33,Tamil Nadu,10-01-2019 00:00,15321.27028
6500,Tiruvannamalai,6,33,Tamil Nadu,10-01-2019 00:00,15209.63855
6501,Thoothukkudi,28,33,Tamil Nadu,10-01-2019 00:00,15486.33142
6502,Theni,25,33,Tamil Nadu,10-01-2019 00:00,15149.00098
6503,Vellore,4,33,Tamil Nadu,10-01-2019 00:00,15187.71773
6504,Viluppuram,7,33,Tamil Nadu,10-01-2019 00:00,15297.87938
6505,Virudhunagar,26,33,Tamil Nadu,10-01-2019 00:00,15415.16131
6506,Chennai,2,33,Tamil Nadu,10-01-2019 00:00,15346.77781
6507,Kancheepuram,3,33,Tamil Nadu,10-01-2019 00:00,15262.86545
6508,Thiruvallur,1,33,Tamil Nadu,10-01-2019 00:00,15287.16753
6509,Thanjavur,21,33,Tamil Nadu,10-01-2019 00:00,15289.91161
6510,Thiruvarur,20,33,Tamil Nadu,10-01-2019 00:00,15294.83999
6511,Nagapattinam,19,33,Tamil Nadu,10-01-2019 00:00,15298.69908
6512,Kanniyakumari,30,33,Tamil Nadu,10-01-2019 00:00,15019.4315
6513,Karur,14,33,Tamil Nadu,10-01-2019 00:00,15503.46151
6514,Madurai,24,33,Tamil Nadu,10-01-2019 00:00,15343.83384
6515,Namakkal,9,33,Tamil Nadu,10-01-2019 00:00,15238.53954
6516,The Nilgiris,11,33,Tamil Nadu,10-01-2019 00:00,14796.69796
6517,Perambalur,16,33,Tamil Nadu,10-01-2019 00:00,15436.8771
6518,Pudukkottai,22,33,Tamil Nadu,10-01-2019 00:00,15342.86569
6519,Ramanathapuram,27,33,Tamil Nadu,10-01-2019 00:00,15491.10046
6520,Salem,8,33,Tamil Nadu,10-01-2019 00:00,15180.51321
6521,Ariyalur,17,33,Tamil Nadu,10-01-2019 00:00,15344.25877
6522,Coimbatore,12,33,Tamil Nadu,10-01-2019 00:00,15198.85751
6523,Cuddalore,18,33,Tamil Nadu,10-01-2019 00:00,15336.64257
6524,Dharmapuri,5,33,Tamil Nadu,10-01-2019 00:00,15127.5349
6525,Dindigul,13,33,Tamil Nadu,10-01-2019 00:00,15256.71731
6526,Erode,10,33,Tamil Nadu,10-01-2019 00:00,15222.56549
6527,Yanam,1,34,Puducherry,10-01-2019 00:00,15093.02001
6528,Karaikal,4,34,Puducherry,10-01-2019 00:00,15214.42885
6529,Mahe,3,34,Puducherry,10-01-2019 00:00,15049.24658
6530,Pondicherry,2,34,Puducherry,10-01-2019 00:00,15301.95648
6531,Nicobars,2,35,Andaman & Nicobar Island,10-01-2019 00:00,14894.05785
6532,Andamans,1,35,Andaman & Nicobar Island,10-01-2019 00:00,14950.40455
6533,Lakshadweep,1,31,Lakshadweep,11-01-2019 00:00,15009.66827
6534,Chandigarh,1,4,Chandigarh,11-01-2019 00:00,14927.26671
6535,Dadra & Nagar Haveli,1,26,Dadara & Nagar Havelli,11-01-2019 00:00,15157.43824
6536,Data Not Available,99,99,Jammu and Kashmir,11-01-2019 00:00,13439.15232
6537,Srinagar,3,1,Jammu and Kashmir,11-01-2019 00:00,13725.38432
6538,Udhampur,10,1,Jammu and Kashmir,11-01-2019 00:00,14432.28551
6539,Jammu,13,1,Jammu and Kashmir,11-01-2019 00:00,14771.61331
6540,Kargil,8,1,Jammu and Kashmir,11-01-2019 00:00,13418.29839
6541,Kathua,14,1,Jammu and Kashmir,11-01-2019 00:00,14659.61461
6542,Leh (Ladakh),7,1,Jammu and Kashmir,11-01-2019 00:00,13587.01061
6543,Kupwara,1,1,Jammu and Kashmir,11-01-2019 00:00,13936.38277
6544,Punch,11,1,Jammu and Kashmir,11-01-2019 00:00,14279.53414
6545,Pulwama,5,1,Jammu and Kashmir,11-01-2019 00:00,14147.98985
6546,Rajauri,12,1,Jammu and Kashmir,11-01-2019 00:00,14542.5756
6547,Anantnag,6,1,Jammu and Kashmir,11-01-2019 00:00,13717.79043
6548,Badgam,4,1,Jammu and Kashmir,11-01-2019 00:00,13927.8373
6549,Baramula,2,1,Jammu and Kashmir,11-01-2019 00:00,13833.34251
6550,Doda,9,1,Jammu and Kashmir,11-01-2019 00:00,13677.60481
6551,Shimla,11,2,Himachal Pradesh,11-01-2019 00:00,14348.52098
6552,Sirmaur,10,2,Himachal Pradesh,11-01-2019 00:00,14712.05076
6553,Solan,9,2,Himachal Pradesh,11-01-2019 00:00,14708.38035
6554,Una,7,2,Himachal Pradesh,11-01-2019 00:00,14797.68069
6555,Kangra,2,2,Himachal Pradesh,11-01-2019 00:00,14476.57578
6556,Kinnaur,12,2,Himachal Pradesh,11-01-2019 00:00,13594.17937
6557,Lahul & Spiti,3,2,Himachal Pradesh,11-01-2019 00:00,13333.88134
6558,Kullu,4,2,Himachal Pradesh,11-01-2019 00:00,13873.0434
6559,Mandi,5,2,Himachal Pradesh,11-01-2019 00:00,14543.20101
6560,Bilaspur,8,2,Himachal Pradesh,11-01-2019 00:00,14691.40385
6561,Chamba,1,2,Himachal Pradesh,11-01-2019 00:00,13960.35187
6562,Hamirpur,6,2,Himachal Pradesh,11-01-2019 00:00,14715.42949
6563,Rupnagar,7,3,Punjab,11-01-2019 00:00,14926.99924
6564,Hoshiarpur,5,3,Punjab,11-01-2019 00:00,14875.87948
6565,Jalandhar,4,3,Punjab,11-01-2019 00:00,14995.07054
6566,Kapurthala,3,3,Punjab,11-01-2019 00:00,14951.63579
6567,Ludhiana,9,3,Punjab,11-01-2019 00:00,15041.86012
6568,Mansa,15,3,Punjab,11-01-2019 00:00,15061.99001
6569,Moga,10,3,Punjab,11-01-2019 00:00,15068.86779
6570,Muktsar,12,3,Punjab,11-01-2019 00:00,14990.07599
6571,Nawanshahr,6,3,Punjab,11-01-2019 00:00,14996.74275
6572,Patiala,17,3,Punjab,11-01-2019 00:00,15025.20346
6573,Sangrur,16,3,Punjab,11-01-2019 00:00,15087.79043
6574,Amritsar,2,3,Punjab,11-01-2019 00:00,14899.60535
6575,Firozpur,11,3,Punjab,11-01-2019 00:00,14977.2906
6576,Bathinda,14,3,Punjab,11-01-2019 00:00,15058.09103
6577,Gurdaspur,1,3,Punjab,11-01-2019 00:00,14848.38556
6578,Faridkot,13,3,Punjab,11-01-2019 00:00,15025.5645
6579,Fatehgarh Sahib,8,3,Punjab,11-01-2019 00:00,15005.83478
6580,Rudraprayag,3,5,Uttarakhand,11-01-2019 00:00,14301.10434
6581,Tehri Garhwal,4,5,Uttarakhand,11-01-2019 00:00,14508.92045
6582,Udham Singh Nagar,12,5,Uttarakhand,11-01-2019 00:00,14993.88189
6583,Uttarkashi,1,5,Uttarakhand,11-01-2019 00:00,13936.64416
6584,Hardwar,13,5,Uttarakhand,11-01-2019 00:00,14946.41292
6585,Nainital,11,5,Uttarakhand,11-01-2019 00:00,14771.20605
6586,Pithoragarh,7,5,Uttarakhand,11-01-2019 00:00,14102.48682
6587,Bageshwar,8,5,Uttarakhand,11-01-2019 00:00,14430.53614
6588,Almora,9,5,Uttarakhand,11-01-2019 00:00,14712.84854
6589,Chamoli,2,5,Uttarakhand,11-01-2019 00:00,13938.11268
6590,Champawat,10,5,Uttarakhand,11-01-2019 00:00,14669.78682
6591,Dehradun,5,5,Uttarakhand,11-01-2019 00:00,14735.54488
6592,Garhwal,6,5,Uttarakhand,11-01-2019 00:00,14687.23714
6593,Rohtak,14,6,Haryana,11-01-2019 00:00,15027.26956
6594,Sirsa,11,6,Haryana,11-01-2019 00:00,15032.12493
6595,Sonipat,8,6,Haryana,11-01-2019 00:00,15043.79702
6596,Yamunanagar,3,6,Haryana,11-01-2019 00:00,15008.7717
6597,Jhajjar,15,6,Haryana,11-01-2019 00:00,15097.18369
6598,Mahendragarh,16,6,Haryana,11-01-2019 00:00,15216.2033
6599,Rewari,17,6,Haryana,11-01-2019 00:00,15192.5657
6600,Bhiwani,13,6,Haryana,11-01-2019 00:00,15194.75808
6601,Hisar,12,6,Haryana,11-01-2019 00:00,15101.06264
6602,Jind,9,6,Haryana,11-01-2019 00:00,15033.03239
6603,Kaithal,5,6,Haryana,11-01-2019 00:00,15050.83844
6604,Karnal,6,6,Haryana,11-01-2019 00:00,15081.21683
6605,Kurukshetra,4,6,Haryana,11-01-2019 00:00,15011.33881
6606,Panchkula,1,6,Haryana,11-01-2019 00:00,14881.63953
6607,Panipat,7,6,Haryana,11-01-2019 00:00,15081.74686
6608,Ambala,2,6,Haryana,11-01-2019 00:00,15005.68592
6609,Gurgaon,18,6,Haryana,11-01-2019 00:00,15142.9488
6610,Faridabad,19,6,Haryana,11-01-2019 00:00,15092.94701
6611,Fatehabad,10,6,Haryana,11-01-2019 00:00,15052.92132
6612,Central,6,7,Delhi  & NCR,11-01-2019 00:00,15000.89992
6613,East,4,7,Delhi  & NCR,11-01-2019 00:00,14989.71049
6614,New Delhi,5,7,Delhi  & NCR,11-01-2019 00:00,14939.81489
6615,North,2,7,Delhi  & NCR,11-01-2019 00:00,14980.61495
6616,North East,3,7,Delhi  & NCR,11-01-2019 00:00,15003.7277
6617,North West,1,7,Delhi  & NCR,11-01-2019 00:00,15057.24079
6618,South,9,7,Delhi  & NCR,11-01-2019 00:00,14988.38402
6619,South West,8,7,Delhi  & NCR,11-01-2019 00:00,15023.99264
6620,West,7,7,Delhi  & NCR,11-01-2019 00:00,15014.10541
6621,Sirohi,19,8,Rajasthan,11-01-2019 00:00,15180.69688
6622,Tonk,22,8,Rajasthan,11-01-2019 00:00,15251.4587
6623,Sikar,13,8,Rajasthan,11-01-2019 00:00,15199.43392
6624,Alwar,6,8,Rajasthan,11-01-2019 00:00,15175.07223
6625,Udaipur,26,8,Rajasthan,11-01-2019 00:00,15101.14416
6626,Ganganagar,1,8,Rajasthan,11-01-2019 00:00,15184.58326
6627,Hanumangarh,2,8,Rajasthan,11-01-2019 00:00,15181.78099
6628,Baran,31,8,Rajasthan,11-01-2019 00:00,15225.2684
6629,Jaipur,12,8,Rajasthan,11-01-2019 00:00,15231.48606
6630,Jaisalmer,16,8,Rajasthan,11-01-2019 00:00,15369.34837
6631,Jalor,18,8,Rajasthan,11-01-2019 00:00,15341.59728
6632,Jhalawar,32,8,Rajasthan,11-01-2019 00:00,15216.90412
6633,Jhunjhunun,5,8,Rajasthan,11-01-2019 00:00,15226.95526
6634,Jodhpur,15,8,Rajasthan,11-01-2019 00:00,15326.83782
6635,Kota,30,8,Rajasthan,11-01-2019 00:00,15219.68284
6636,Nagaur,14,8,Rajasthan,11-01-2019 00:00,15253.28854
6637,Pali,20,8,Rajasthan,11-01-2019 00:00,15261.61227
6638,Rajsamand,25,8,Rajasthan,11-01-2019 00:00,15074.67077
6639,Sawai Madhopur,10,8,Rajasthan,11-01-2019 00:00,15211.07537
6640,Ajmer,21,8,Rajasthan,11-01-2019 00:00,15210.29407
6641,Banswara,28,8,Rajasthan,11-01-2019 00:00,15270.94722
6642,Barmer,17,8,Rajasthan,11-01-2019 00:00,15390.19908
6643,Bhilwara,24,8,Rajasthan,11-01-2019 00:00,15178.3445
6644,Bikaner,3,8,Rajasthan,11-01-2019 00:00,15316.9297
6645,Bharatpur,7,8,Rajasthan,11-01-2019 00:00,15223.1255
6646,Bundi,23,8,Rajasthan,11-01-2019 00:00,15218.76762
6647,Chittaurgarh,29,8,Rajasthan,11-01-2019 00:00,15156.70609
6648,Churu,4,8,Rajasthan,11-01-2019 00:00,15312.30033
6649,Dausa,11,8,Rajasthan,11-01-2019 00:00,15246.92953
6650,Dhaulpur,8,8,Rajasthan,11-01-2019 00:00,15200.69676
6651,Dungarpur,27,8,Rajasthan,11-01-2019 00:00,15146.82952
6652,Karauli,9,8,Rajasthan,11-01-2019 00:00,15199.81145
6653,Shrawasti,51,9,Uttar Pradesh,11-01-2019 00:00,15062.16236
6654,Saharanpur,1,9,Uttar Pradesh,11-01-2019 00:00,14974.08983
6655,Sitapur,24,9,Uttar Pradesh,11-01-2019 00:00,15039.45515
6656,Sultanpur,49,9,Uttar Pradesh,11-01-2019 00:00,15071.16852
6657,Sonbhadra,70,9,Uttar Pradesh,11-01-2019 00:00,15039.67592
6658,Siddharthnagar,54,9,Uttar Pradesh,11-01-2019 00:00,15075.96783
6659,Unnao,26,9,Uttar Pradesh,11-01-2019 00:00,15080.17708
6660,Varanasi,67,9,Uttar Pradesh,11-01-2019 00:00,15104.55658
6661,Bulandshahr,11,9,Uttar Pradesh,11-01-2019 00:00,15032.09394
6662,Gautam Buddha Nagar,10,9,Uttar Pradesh,11-01-2019 00:00,15064.96333
6663,Ghaziabad,9,9,Uttar Pradesh,11-01-2019 00:00,15006.0192
6664,Hathras,13,9,Uttar Pradesh,11-01-2019 00:00,15134.68371
6665,Jalaun,35,9,Uttar Pradesh,11-01-2019 00:00,15170.93301
6666,Jaunpur,64,9,Uttar Pradesh,11-01-2019 00:00,15098.22017
6667,Jhansi,36,9,Uttar Pradesh,11-01-2019 00:00,15220.04531
6668,Jyotiba Phule Nagar,6,9,Uttar Pradesh,11-01-2019 00:00,14970.22679
6669,Kannauj,30,9,Uttar Pradesh,11-01-2019 00:00,15091.7613
6670,Kanpur Nagar,34,9,Uttar Pradesh,11-01-2019 00:00,15103.73791
6671,Kaushambi,44,9,Uttar Pradesh,11-01-2019 00:00,15130.76166
6672,Kheri,23,9,Uttar Pradesh,11-01-2019 00:00,14992.67166
6673,Mirzapur,69,9,Uttar Pradesh,11-01-2019 00:00,15114.57797
6674,Moradabad,4,9,Uttar Pradesh,11-01-2019 00:00,15016.42475
6675,Muzaffarnagar,2,9,Uttar Pradesh,11-01-2019 00:00,14952.7029
6676,Rae Bareli,28,9,Uttar Pradesh,11-01-2019 00:00,15068.49377
6677,Kushinagar,59,9,Uttar Pradesh,11-01-2019 00:00,15050.40124
6678,Lucknow,27,9,Uttar Pradesh,11-01-2019 00:00,15051.79519
6679,Lalitpur,37,9,Uttar Pradesh,11-01-2019 00:00,15208.79445
6680,Mahrajganj,57,9,Uttar Pradesh,11-01-2019 00:00,15076.04429
6681,Mahoba,39,9,Uttar Pradesh,11-01-2019 00:00,15239.98948
6682,Mainpuri,18,9,Uttar Pradesh,11-01-2019 00:00,15114.57991
6683,Mathura,14,9,Uttar Pradesh,11-01-2019 00:00,15133.79028
6684,Mau,62,9,Uttar Pradesh,11-01-2019 00:00,15067.26925
6685,Meerut,7,9,Uttar Pradesh,11-01-2019 00:00,14970.05808
6686,Pilibhit,21,9,Uttar Pradesh,11-01-2019 00:00,14983.89223
6687,Pratapgarh,43,9,Uttar Pradesh,11-01-2019 00:00,15083.90952
6688,Rampur,5,9,Uttar Pradesh,11-01-2019 00:00,15012.72132
6689,Sant Ravidas Nagar Bhadohi,68,9,Uttar Pradesh,11-01-2019 00:00,15083.78522
6690,Sant Kabir Nagar,56,9,Uttar Pradesh,11-01-2019 00:00,15067.15992
6691,Shahjahanpur,22,9,Uttar Pradesh,11-01-2019 00:00,15042.5412
6692,Auraiya,32,9,Uttar Pradesh,11-01-2019 00:00,15108.28313
6693,Azamgarh,61,9,Uttar Pradesh,11-01-2019 00:00,15068.29064
6694,Budaun,19,9,Uttar Pradesh,11-01-2019 00:00,15082.69059
6695,Agra,15,9,Uttar Pradesh,11-01-2019 00:00,15155.5045
6696,Aligarh,12,9,Uttar Pradesh,11-01-2019 00:00,15093.3386
6697,Allahabad,45,9,Uttar Pradesh,11-01-2019 00:00,15100.23906
6698,Ambedkar Nagar,48,9,Uttar Pradesh,11-01-2019 00:00,15067.84325
6699,Bareilly,20,9,Uttar Pradesh,11-01-2019 00:00,15014.73888
6700,Bijnor,3,9,Uttar Pradesh,11-01-2019 00:00,14942.87989
6701,Basti,55,9,Uttar Pradesh,11-01-2019 00:00,15056.52843
6702,Baghpat,8,9,Uttar Pradesh,11-01-2019 00:00,14963.55216
6703,Bahraich,50,9,Uttar Pradesh,11-01-2019 00:00,15012.91482
6704,Ballia,63,9,Uttar Pradesh,11-01-2019 00:00,15068.11663
6705,Balrampur,52,9,Uttar Pradesh,11-01-2019 00:00,15046.91509
6706,Banda,40,9,Uttar Pradesh,11-01-2019 00:00,15151.70376
6707,Barabanki,46,9,Uttar Pradesh,11-01-2019 00:00,15051.59256
6708,Chitrakoot,41,9,Uttar Pradesh,11-01-2019 00:00,15150.72338
6709,Chandauli,66,9,Uttar Pradesh,11-01-2019 00:00,15036.54012
6710,Deoria,60,9,Uttar Pradesh,11-01-2019 00:00,15079.33922
6711,Etah,17,9,Uttar Pradesh,11-01-2019 00:00,15103.01479
6712,Kanpur Dehat,33,9,Uttar Pradesh,11-01-2019 00:00,15123.96108
6713,Etawah,31,9,Uttar Pradesh,11-01-2019 00:00,15111.83712
6714,Faizabad,47,9,Uttar Pradesh,11-01-2019 00:00,15045.99211
6715,Ghazipur,65,9,Uttar Pradesh,11-01-2019 00:00,15094.91813
6716,Gonda,53,9,Uttar Pradesh,11-01-2019 00:00,15024.2549
6717,Gorakhpur,58,9,Uttar Pradesh,11-01-2019 00:00,15092.82888
6718,Farrukhabad,29,9,Uttar Pradesh,11-01-2019 00:00,15073.70567
6719,Fatehpur,42,9,Uttar Pradesh,11-01-2019 00:00,15128.47714
6720,Firozabad,16,9,Uttar Pradesh,11-01-2019 00:00,15120.53583
6721,Hamirpur,38,9,Uttar Pradesh,11-01-2019 00:00,15221.71272
6722,Hardoi,25,9,Uttar Pradesh,11-01-2019 00:00,15064.95694
6723,Sheikhpura,26,10,Bihar,11-01-2019 00:00,15095.83319
6724,Sheohar,3,10,Bihar,11-01-2019 00:00,15044.57653
6725,Saharsa,12,10,Bihar,11-01-2019 00:00,15044.37951
6726,Sitamarhi,4,10,Bihar,11-01-2019 00:00,15039.99378
6727,Siwan,16,10,Bihar,11-01-2019 00:00,15028.12061
6728,Supaul,6,10,Bihar,11-01-2019 00:00,15056.22329
6729,Vaishali,18,10,Bihar,11-01-2019 00:00,15080.73315
6730,Kaimur (Bhabua),31,10,Bihar,11-01-2019 00:00,15032.60792
6731,Gaya,35,10,Bihar,11-01-2019 00:00,15077.46959
6732,Bhojpur,29,10,Bihar,11-01-2019 00:00,15048.20099
6733,Buxar,30,10,Bihar,11-01-2019 00:00,15050.26813
6734,Jehanabad,33,10,Bihar,11-01-2019 00:00,15029.09874
6735,Rohtas,32,10,Bihar,11-01-2019 00:00,15003.92788
6736,Jamui,37,10,Bihar,11-01-2019 00:00,15056.47195
6737,Kishanganj,8,10,Bihar,11-01-2019 00:00,15117.99789
6738,Muzaffarpur,14,10,Bihar,11-01-2019 00:00,15069.37131
6739,Purnia,9,10,Bihar,11-01-2019 00:00,15127.1825
6740,Khagaria,21,10,Bihar,11-01-2019 00:00,15080.22915
6741,Madhubani,5,10,Bihar,11-01-2019 00:00,15033.42818
6742,Lakhisarai,25,10,Bihar,11-01-2019 00:00,15066.21096
6743,Madhepura,11,10,Bihar,11-01-2019 00:00,15070.91655
6744,Purba Champaran,2,10,Bihar,11-01-2019 00:00,15056.47084
6745,Munger,24,10,Bihar,11-01-2019 00:00,15040.70707
6746,Nalanda,27,10,Bihar,11-01-2019 00:00,15090.22276
6747,Nawada,36,10,Bihar,11-01-2019 00:00,15056.19142
6748,Pashchim Champaran,1,10,Bihar,11-01-2019 00:00,15030.42358
6749,Patna,28,10,Bihar,11-01-2019 00:00,15073.18512
6750,Samastipur,19,10,Bihar,11-01-2019 00:00,15104.42357
6751,Araria,7,10,Bihar,11-01-2019 00:00,15088.40945
6752,Aurangabad,34,10,Bihar,11-01-2019 00:00,15019.48871
6753,Banka,23,10,Bihar,11-01-2019 00:00,15064.98934
6754,Bhagalpur,22,10,Bihar,11-01-2019 00:00,15080.72715
6755,Begusarai,20,10,Bihar,11-01-2019 00:00,15114.82175
6756,Saran,17,10,Bihar,11-01-2019 00:00,15044.49686
6757,Katihar,10,10,Bihar,11-01-2019 00:00,15097.45266
6758,Darbhanga,13,10,Bihar,11-01-2019 00:00,15058.98805
6759,Gopalganj,15,10,Bihar,11-01-2019 00:00,15042.52422
6760,South,3,11,Sikkim,11-01-2019 00:00,14559.11319
6761,West,2,11,Sikkim,11-01-2019 00:00,14390.64862
6762,North,1,11,Sikkim,11-01-2019 00:00,14104.38297
6763,East,4,11,Sikkim,11-01-2019 00:00,14476.84108
6764,Tawang,1,12,Arunanchal Pradesh,11-01-2019 00:00,14239.30852
6765,Tirap,13,12,Arunanchal Pradesh,11-01-2019 00:00,14728.0618
6766,West Kameng,2,12,Arunanchal Pradesh,11-01-2019 00:00,14442.41521
6767,West Siang,7,12,Arunanchal Pradesh,11-01-2019 00:00,14479.07588
6768,Upper Siang,9,12,Arunanchal Pradesh,11-01-2019 00:00,14331.81195
6769,Upper Subansiri,6,12,Arunanchal Pradesh,11-01-2019 00:00,14332.12324
6770,Lohit,11,12,Arunanchal Pradesh,11-01-2019 00:00,14396.08369
6771,Lower Subansiri,5,12,Arunanchal Pradesh,11-01-2019 00:00,14394.38768
6772,Papum Pare,4,12,Arunanchal Pradesh,11-01-2019 00:00,14625.0203
6773,Changlang,12,12,Arunanchal Pradesh,11-01-2019 00:00,14667.72936
6774,Dibang Valley,10,12,Arunanchal Pradesh,11-01-2019 00:00,14259.11145
6775,East Kameng,3,12,Arunanchal Pradesh,11-01-2019 00:00,14477.61661
6776,East Siang,8,12,Arunanchal Pradesh,11-01-2019 00:00,14748.37233
6777,Tuensang,2,13,Nagaland,11-01-2019 00:00,14617.81984
6778,Wokha,5,13,Nagaland,11-01-2019 00:00,14805.25237
6779,Zunheboto,4,13,Nagaland,11-01-2019 00:00,14645.44826
6780,Dimapur,6,13,Nagaland,11-01-2019 00:00,14882.01846
6781,Kohima,7,13,Nagaland,11-01-2019 00:00,14718.56626
6782,Mokokchung,3,13,Nagaland,11-01-2019 00:00,14799.12135
6783,Mon,1,13,Nagaland,11-01-2019 00:00,14801.9069
6784,Phek,8,13,Nagaland,11-01-2019 00:00,14601.60119
6785,Tamenglong,2,14,Manipur,11-01-2019 00:00,14743.41488
6786,Thoubal,5,14,Manipur,11-01-2019 00:00,14846.6182
6787,Ukhrul,8,14,Manipur,11-01-2019 00:00,14689.87342
6788,Imphal East,7,14,Manipur,11-01-2019 00:00,14865.86963
6789,Imphal West,6,14,Manipur,11-01-2019 00:00,14905.96774
6790,Senapati (Excl. 3 sub-divisions),1,14,Manipur,11-01-2019 00:00,14674.98585
6791,Bishnupur,4,14,Manipur,11-01-2019 00:00,14816.48023
6792,Chandel,9,14,Manipur,11-01-2019 00:00,14761.31691
6793,Churachandpur,3,14,Manipur,11-01-2019 00:00,14773.75863
6794,Kolasib,2,15,Mizoram,11-01-2019 00:00,14882.30481
6795,Mamit,1,15,Mizoram,11-01-2019 00:00,14869.58996
6796,Lunglei,6,15,Mizoram,11-01-2019 00:00,14838.13011
6797,Lawngtlai,7,15,Mizoram,11-01-2019 00:00,14894.63664
6798,Saiha,8,15,Mizoram,11-01-2019 00:00,14807.78025
6799,Serchhip,5,15,Mizoram,11-01-2019 00:00,14760.17922
6800,Aizawl,3,15,Mizoram,11-01-2019 00:00,14807.7564
6801,Champhai,4,15,Mizoram,11-01-2019 00:00,14744.19085
6802,South Tripura,2,16,Tripura,11-01-2019 00:00,14961.13188
6803,West Tripura,1,16,Tripura,11-01-2019 00:00,14963.77528
6804,North Tripura,4,16,Tripura,11-01-2019 00:00,14957.65305
6805,Dhalai,3,16,Tripura,11-01-2019 00:00,14938.9233
6806,Ri Bhoi,5,17,Meghalaya,11-01-2019 00:00,14831.17464
6807,South Garo Hills,3,17,Meghalaya,11-01-2019 00:00,14884.5948
6808,West Garo Hills,1,17,Meghalaya,11-01-2019 00:00,14919.13152
6809,West Khasi Hills,4,17,Meghalaya,11-01-2019 00:00,14760.74154
6810,Jaintia Hills,7,17,Meghalaya,11-01-2019 00:00,14801.14923
6811,East Garo Hills,2,17,Meghalaya,11-01-2019 00:00,14853.96177
6812,East Khasi Hills,6,17,Meghalaya,11-01-2019 00:00,14755.08425
6813,Sonitpur,11,18,Assam,11-01-2019 00:00,15004.11472
6814,Sibsagar,16,18,Assam,11-01-2019 00:00,14959.09012
6815,Tinsukia,14,18,Assam,11-01-2019 00:00,14940.27029
6816,Jorhat,17,18,Assam,11-01-2019 00:00,14977.16686
6817,Karimganj,22,18,Assam,11-01-2019 00:00,14946.53148
6818,Kokrajhar,1,18,Assam,11-01-2019 00:00,15014.95518
6819,Lakhimpur,12,18,Assam,11-01-2019 00:00,15020.263
6820,Nagaon,10,18,Assam,11-01-2019 00:00,14978.21269
6821,Marigaon,9,18,Assam,11-01-2019 00:00,15027.77765
6822,Nalbari,7,18,Assam,11-01-2019 00:00,15027.06726
6823,North Cachar Hills,20,18,Assam,11-01-2019 00:00,14814.55425
6824,Barpeta,5,18,Assam,11-01-2019 00:00,15015.29944
6825,Bongaigaon,4,18,Assam,11-01-2019 00:00,15004.3272
6826,Cachar,21,18,Assam,11-01-2019 00:00,14945.34639
6827,Darrang,8,18,Assam,11-01-2019 00:00,15025.02821
6828,Dhemaji,13,18,Assam,11-01-2019 00:00,15012.79569
6829,Dhubri,2,18,Assam,11-01-2019 00:00,15009.69771
6830,Dibrugarh,15,18,Assam,11-01-2019 00:00,14962.28092
6831,Kamrup,6,18,Assam,11-01-2019 00:00,14966.1611
6832,Karbi Anglong,19,18,Assam,11-01-2019 00:00,14855.03478
6833,Goalpara,3,18,Assam,11-01-2019 00:00,14962.7153
6834,Golaghat,18,18,Assam,11-01-2019 00:00,14963.80334
6835,Hailakandi,23,18,Assam,11-01-2019 00:00,14948.0209
6836,South  Twenty Four Parganas,18,19,West Bengal,11-01-2019 00:00,15025.00552
6837,Uttar Dinajpur,4,19,West Bengal,11-01-2019 00:00,15070.28864
6838,Hugli,12,19,West Bengal,11-01-2019 00:00,15028.89055
6839,Jalpaiguri,2,19,West Bengal,11-01-2019 00:00,15034.66213
6840,Koch Bihar,3,19,West Bengal,11-01-2019 00:00,15056.65819
6841,Murshidabad,7,19,West Bengal,11-01-2019 00:00,15071.61622
6842,Puruliya,14,19,West Bengal,11-01-2019 00:00,15030.7712
6843,Kolkata,17,19,West Bengal,11-01-2019 00:00,15157.95929
6844,Maldah,6,19,West Bengal,11-01-2019 00:00,15035.03139
6845,Nadia,10,19,West Bengal,11-01-2019 00:00,15082.19934
6846,North Twenty Four Parganas,11,19,West Bengal,11-01-2019 00:00,15022.24279
6847,Medinipur,15,19,West Bengal,11-01-2019 00:00,15009.038
6848,Barddhaman,9,19,West Bengal,11-01-2019 00:00,15041.61534
6849,Birbhum,8,19,West Bengal,11-01-2019 00:00,15058.16638
6850,Bankura,13,19,West Bengal,11-01-2019 00:00,15045.96021
6851,Dakshin Dinajpur,5,19,West Bengal,11-01-2019 00:00,15017.91552
6852,Darjiling,1,19,West Bengal,11-01-2019 00:00,14791.83319
6853,Haora,16,19,West Bengal,11-01-2019 00:00,15025.78884
6854,Ranchi,14,20,Jharkhand,11-01-2019 00:00,14971.6303
6855,Sahibganj,9,20,Jharkhand,11-01-2019 00:00,15010.19818
6856,Garhwa,1,20,Jharkhand,11-01-2019 00:00,15025.93493
6857,Palamu,2,20,Jharkhand,11-01-2019 00:00,14985.78415
6858,Chatra,3,20,Jharkhand,11-01-2019 00:00,14973.13201
6859,Hazaribagh,4,20,Jharkhand,11-01-2019 00:00,14959.79055
6860,Kodarma,5,20,Jharkhand,11-01-2019 00:00,14977.63926
6861,Purbi Singhbhum,18,20,Jharkhand,11-01-2019 00:00,15005.73683
6862,Lohardaga,15,20,Jharkhand,11-01-2019 00:00,14940.10687
6863,Pakaur,10,20,Jharkhand,11-01-2019 00:00,15057.65642
6864,Pashchimi Singhbhum,17,20,Jharkhand,11-01-2019 00:00,14962.03936
6865,Bokaro,13,20,Jharkhand,11-01-2019 00:00,15010.5245
6866,Deoghar,7,20,Jharkhand,11-01-2019 00:00,15072.92956
6867,Dhanbad,12,20,Jharkhand,11-01-2019 00:00,15036.04519
6868,Dumka,11,20,Jharkhand,11-01-2019 00:00,15050.07914
6869,Giridih,6,20,Jharkhand,11-01-2019 00:00,15031.84311
6870,Godda,8,20,Jharkhand,11-01-2019 00:00,15037.04378
6871,Gumla,16,20,Jharkhand,11-01-2019 00:00,14966.88943
6872,Rayagada,27,21,Orissa,11-01-2019 00:00,14974.50175
6873,Sundargarh,5,21,Orissa,11-01-2019 00:00,14959.12587
6874,Sonapur,23,21,Orissa,11-01-2019 00:00,15024.3688
6875,Jajapur,13,21,Orissa,11-01-2019 00:00,15078.96738
6876,Jagatsinghapur,11,21,Orissa,11-01-2019 00:00,15035.95025
6877,Jharsuguda,2,21,Orissa,11-01-2019 00:00,15012.33655
6878,Khordha,17,21,Orissa,11-01-2019 00:00,15066.37104
6879,Mayurbhanj,7,21,Orissa,11-01-2019 00:00,14967.15187
6880,Puri,18,21,Orissa,11-01-2019 00:00,15057.9841
6881,Koraput,29,21,Orissa,11-01-2019 00:00,15007.4911
6882,Malkangiri,30,21,Orissa,11-01-2019 00:00,15037.91342
6883,Nabarangapur,28,21,Orissa,11-01-2019 00:00,15054.14314
6884,Nayagarh,16,21,Orissa,11-01-2019 00:00,15007.34297
6885,Nuapada,25,21,Orissa,11-01-2019 00:00,15022.29898
6886,Kandhamal,21,21,Orissa,11-01-2019 00:00,14909.32899
6887,Sambalpur,3,21,Orissa,11-01-2019 00:00,14975.93795
6888,Anugul,15,21,Orissa,11-01-2019 00:00,15006.90181
6889,Bhadrak,9,21,Orissa,11-01-2019 00:00,15036.58566
6890,Baudh,22,21,Orissa,11-01-2019 00:00,14992.45458
6891,Balangir,24,21,Orissa,11-01-2019 00:00,15058.12684
6892,Baleshwar,8,21,Orissa,11-01-2019 00:00,15008.00834
6893,Bargarh,1,21,Orissa,11-01-2019 00:00,15039.17941
6894,Kendrapara,10,21,Orissa,11-01-2019 00:00,15004.31729
6895,Kendujhar,6,21,Orissa,11-01-2019 00:00,14992.64107
6896,Debagarh,4,21,Orissa,11-01-2019 00:00,14980.90352
6897,Cuttack,12,21,Orissa,11-01-2019 00:00,15064.96511
6898,Dhenkanal,14,21,Orissa,11-01-2019 00:00,15038.40682
6899,Kalahandi,26,21,Orissa,11-01-2019 00:00,15006.76186
6900,Ganjam,19,21,Orissa,11-01-2019 00:00,15033.84422
6901,Gajapati,20,21,Orissa,11-01-2019 00:00,14951.17744
6902,Surguja,2,22,Chhattisgarh,11-01-2019 00:00,14974.37375
6903,Bilaspur,7,22,Chhattisgarh,11-01-2019 00:00,15022.874
6904,Janjgir - Champa,6,22,Chhattisgarh,11-01-2019 00:00,15048.18627
6905,Korba,5,22,Chhattisgarh,11-01-2019 00:00,14978.61085
6906,Kawardha,8,22,Chhattisgarh,11-01-2019 00:00,15059.01541
6907,Jashpur,3,22,Chhattisgarh,11-01-2019 00:00,14969.31554
6908,Koriya,1,22,Chhattisgarh,11-01-2019 00:00,14977.69023
6909,Mahasamund,12,22,Chhattisgarh,11-01-2019 00:00,15075.62384
6910,Raigarh,4,22,Chhattisgarh,11-01-2019 00:00,15013.42792
6911,Raipur,11,22,Chhattisgarh,11-01-2019 00:00,15055.45133
6912,Rajnandgaon,9,22,Chhattisgarh,11-01-2019 00:00,15051.57812
6913,Bastar,15,22,Chhattisgarh,11-01-2019 00:00,14983.23027
6914,Dantewada,16,22,Chhattisgarh,11-01-2019 00:00,14995.37145
6915,Dhamtari,13,22,Chhattisgarh,11-01-2019 00:00,15020.88503
6916,Durg,10,22,Chhattisgarh,11-01-2019 00:00,15101.6454
6917,Kanker,14,22,Chhattisgarh,11-01-2019 00:00,15011.37993
6918,Shajapur,22,23,Madhya Pradesh,11-01-2019 00:00,15265.37043
6919,Shivpuri,6,23,Madhya Pradesh,11-01-2019 00:00,15160.39659
6920,Ratlam,20,23,Madhya Pradesh,11-01-2019 00:00,15259.9849
6921,Rewa,14,23,Madhya Pradesh,11-01-2019 00:00,15145.46074
6922,Sagar,11,23,Madhya Pradesh,11-01-2019 00:00,15238.30736
6923,Sidhi,17,23,Madhya Pradesh,11-01-2019 00:00,15054.22397
6924,Ujjain,21,23,Madhya Pradesh,11-01-2019 00:00,15256.88307
6925,Vidisha,31,23,Madhya Pradesh,11-01-2019 00:00,15273.29104
6926,West Nimar,27,23,Madhya Pradesh,11-01-2019 00:00,15214.92953
6927,Morena,2,23,Madhya Pradesh,11-01-2019 00:00,15174.88981
6928,Sheopur,1,23,Madhya Pradesh,11-01-2019 00:00,15129.68156
6929,Dindori,41,23,Madhya Pradesh,11-01-2019 00:00,15056.56557
6930,Mandla,42,23,Madhya Pradesh,11-01-2019 00:00,15054.5693
6931,Shahdol,16,23,Madhya Pradesh,11-01-2019 00:00,15063.49595
6932,Umaria,15,23,Madhya Pradesh,11-01-2019 00:00,15050.15924
6933,Hoshangabad,37,23,Madhya Pradesh,11-01-2019 00:00,15154.84558
6934,Indore,26,23,Madhya Pradesh,11-01-2019 00:00,15217.78281
6935,Jabalpur,39,23,Madhya Pradesh,11-01-2019 00:00,15148.61856
6936,Jhabua,24,23,Madhya Pradesh,11-01-2019 00:00,15222.3599
6937,Mandsaur,19,23,Madhya Pradesh,11-01-2019 00:00,15197.43186
6938,Tikamgarh,8,23,Madhya Pradesh,11-01-2019 00:00,15218.03178
6939,Narsimhapur,40,23,Madhya Pradesh,11-01-2019 00:00,15168.53531
6940,Neemuch,18,23,Madhya Pradesh,11-01-2019 00:00,15175.41741
6941,Panna,10,23,Madhya Pradesh,11-01-2019 00:00,15175.27177
6942,Raisen,34,23,Madhya Pradesh,11-01-2019 00:00,15159.6172
6943,Rajgarh,30,23,Madhya Pradesh,11-01-2019 00:00,15247.18009
6944,Satna,13,23,Madhya Pradesh,11-01-2019 00:00,15145.67376
6945,Sehore,33,23,Madhya Pradesh,11-01-2019 00:00,15235.60924
6946,Seoni,44,23,Madhya Pradesh,11-01-2019 00:00,15132.9923
6947,Bhind,3,23,Madhya Pradesh,11-01-2019 00:00,15166.70894
6948,Bhopal,32,23,Madhya Pradesh,11-01-2019 00:00,15201.31271
6949,Barwani,28,23,Madhya Pradesh,11-01-2019 00:00,15240.13323
6950,Betul,35,23,Madhya Pradesh,11-01-2019 00:00,15118.71402
6951,Balaghat,45,23,Madhya Pradesh,11-01-2019 00:00,14982.18396
6952,Chhatarpur,9,23,Madhya Pradesh,11-01-2019 00:00,15201.27458
6953,Chhindwara,43,23,Madhya Pradesh,11-01-2019 00:00,15105.77916
6954,Dewas,23,23,Madhya Pradesh,11-01-2019 00:00,15211.22051
6955,Katni,38,23,Madhya Pradesh,11-01-2019 00:00,15131.69612
6956,Datia,5,23,Madhya Pradesh,11-01-2019 00:00,15175.39073
6957,Damoh,12,23,Madhya Pradesh,11-01-2019 00:00,15230.89546
6958,Dhar,25,23,Madhya Pradesh,11-01-2019 00:00,15239.6904
6959,East Nimar,29,23,Madhya Pradesh,11-01-2019 00:00,15154.61168
6960,Guna,7,23,Madhya Pradesh,11-01-2019 00:00,15222.00079
6961,Gwalior,4,23,Madhya Pradesh,11-01-2019 00:00,15144.48181
6962,Harda,36,23,Madhya Pradesh,11-01-2019 00:00,15248.44145
6963,Sabar Kantha,5,24,Gujarat,11-01-2019 00:00,15197.93239
6964,Surendranagar,8,24,Gujarat,11-01-2019 00:00,15206.02446
6965,The Dangs,23,24,Gujarat,11-01-2019 00:00,15070.42403
6966,Vadodara,19,24,Gujarat,11-01-2019 00:00,15206.62094
6967,Valsad,25,24,Gujarat,11-01-2019 00:00,15167.80925
6968,Bharuch,21,24,Gujarat,11-01-2019 00:00,15264.07264
6969,Surat,22,24,Gujarat,11-01-2019 00:00,15185.3318
6970,Jamnagar,10,24,Gujarat,11-01-2019 00:00,15259.38453
6971,Kheda,16,24,Gujarat,11-01-2019 00:00,15244.44282
6972,Mahesana,4,24,Gujarat,11-01-2019 00:00,15245.40365
6973,Narmada,20,24,Gujarat,11-01-2019 00:00,15144.35653
6974,Navsari,24,24,Gujarat,11-01-2019 00:00,15172.87599
6975,Panch Mahals,17,24,Gujarat,11-01-2019 00:00,15195.18157
6976,Patan,3,24,Gujarat,11-01-2019 00:00,15299.20547
6977,Porbandar,11,24,Gujarat,11-01-2019 00:00,15370.94879
6978,Rajkot,9,24,Gujarat,11-01-2019 00:00,15228.77722
6979,Anand,15,24,Gujarat,11-01-2019 00:00,15228.70759
6980,Ahmadabad,7,24,Gujarat,11-01-2019 00:00,15263.54265
6981,Amreli,13,24,Gujarat,11-01-2019 00:00,15248.38042
6982,Bhavnagar,14,24,Gujarat,11-01-2019 00:00,15282.89623
6983,Banas Kantha,2,24,Gujarat,11-01-2019 00:00,15250.51652
6984,Dohad,18,24,Gujarat,11-01-2019 00:00,15211.88195
6985,Junagadh,12,24,Gujarat,11-01-2019 00:00,15303.33862
6986,Kachchh,1,24,Gujarat,11-01-2019 00:00,15276.03591
6987,Gandhinagar,6,24,Gujarat,11-01-2019 00:00,15215.59249
6988,Daman,2,25,Daman & Diu,11-01-2019 00:00,15186.82226
6989,Diu,1,25,Daman & Diu,11-01-2019 00:00,15132.02942
6990,Ratnagiri,32,27,Maharashtra,11-01-2019 00:00,15140.17836
6991,Raigarh,24,27,Maharashtra,11-01-2019 00:00,15149.37979
6992,Thane,21,27,Maharashtra,11-01-2019 00:00,15160.86017
6993,Solapur,30,27,Maharashtra,11-01-2019 00:00,15263.20784
6994,Sindhudurg,33,27,Maharashtra,11-01-2019 00:00,15152.2
6995,Wardha,8,27,Maharashtra,11-01-2019 00:00,15186.08196
6996,Washim,6,27,Maharashtra,11-01-2019 00:00,15160.29584
6997,Yavatmal,14,27,Maharashtra,11-01-2019 00:00,15154.18999
6998,Hingoli,16,27,Maharashtra,11-01-2019 00:00,15199.70508
6999,Jalgaon,3,27,Maharashtra,11-01-2019 00:00,15154.53564
7000,Jalna,18,27,Maharashtra,11-01-2019 00:00,15175.29722
7001,Kolhapur,34,27,Maharashtra,11-01-2019 00:00,15086.31667
7002,Latur,28,27,Maharashtra,11-01-2019 00:00,15244.7642
7003,Pune,25,27,Maharashtra,11-01-2019 00:00,15131.85527
7004,Nagpur,9,27,Maharashtra,11-01-2019 00:00,15119.51052
7005,Mumbai,23,27,Maharashtra,11-01-2019 00:00,15253.28791
7006,Mumbai (Suburban),22,27,Maharashtra,11-01-2019 00:00,15251.54492
7007,Nanded,15,27,Maharashtra,11-01-2019 00:00,15184.94946
7008,Nandurbar,1,27,Maharashtra,11-01-2019 00:00,15187.46915
7009,Nashik,20,27,Maharashtra,11-01-2019 00:00,15165.82805
7010,Osmanabad,29,27,Maharashtra,11-01-2019 00:00,15294.82421
7011,Parbhani,17,27,Maharashtra,11-01-2019 00:00,15205.85228
7012,Sangli,35,27,Maharashtra,11-01-2019 00:00,15216.28413
7013,Satara,31,27,Maharashtra,11-01-2019 00:00,15142.48602
7014,Aurangabad,19,27,Maharashtra,11-01-2019 00:00,15165.1624
7015,Ahmadnagar,26,27,Maharashtra,11-01-2019 00:00,15199.11122
7016,Akola,5,27,Maharashtra,11-01-2019 00:00,15180.10911
7017,Amravati,7,27,Maharashtra,11-01-2019 00:00,15135.70371
7018,Bid,27,27,Maharashtra,11-01-2019 00:00,15232.64008
7019,Bhandara,10,27,Maharashtra,11-01-2019 00:00,15088.68675
7020,Buldana,4,27,Maharashtra,11-01-2019 00:00,15142.58262
7021,Chandrapur,13,27,Maharashtra,11-01-2019 00:00,15087.39902
7022,Dhule,2,27,Maharashtra,11-01-2019 00:00,15224.54782
7023,Gadchiroli,12,27,Maharashtra,11-01-2019 00:00,15017.27246
7024,Gondiya,11,27,Maharashtra,11-01-2019 00:00,15050.16851
7025,Rangareddi,6,28,Andhra Pradesh,11-01-2019 00:00,15139.9909
7026,Srikakulam,11,28,Andhra Pradesh,11-01-2019 00:00,15095.20832
7027,West Godavari,15,28,Andhra Pradesh,11-01-2019 00:00,15134.76768
7028,Visakhapatnam,13,28,Andhra Pradesh,11-01-2019 00:00,15012.54894
7029,Vizianagaram,12,28,Andhra Pradesh,11-01-2019 00:00,15070.00563
7030,Warangal,9,28,Andhra Pradesh,11-01-2019 00:00,15100.60131
7031,Hyderabad,5,28,Andhra Pradesh,11-01-2019 00:00,15187.59624
7032,Khammam,10,28,Andhra Pradesh,11-01-2019 00:00,15086.19803
7033,Medak,4,28,Andhra Pradesh,11-01-2019 00:00,15155.31346
7034,Krishna,16,28,Andhra Pradesh,11-01-2019 00:00,15111.55739
7035,Kurnool,21,28,Andhra Pradesh,11-01-2019 00:00,15223.53273
7036,Mahbubnagar,7,28,Andhra Pradesh,11-01-2019 00:00,15169.4247
7037,Nalgonda,8,28,Andhra Pradesh,11-01-2019 00:00,15171.33028
7038,Nellore,19,28,Andhra Pradesh,11-01-2019 00:00,15180.97777
7039,Nizamabad,2,28,Andhra Pradesh,11-01-2019 00:00,15143.60833
7040,Prakasam,18,28,Andhra Pradesh,11-01-2019 00:00,15182.11354
7041,Anantapur,22,28,Andhra Pradesh,11-01-2019 00:00,15262.56922
7042,Adilabad,1,28,Andhra Pradesh,11-01-2019 00:00,15094.70901
7043,Chittoor,23,28,Andhra Pradesh,11-01-2019 00:00,15116.18566
7044,Cuddapah,20,28,Andhra Pradesh,11-01-2019 00:00,15188.52723
7045,East Godavari,14,28,Andhra Pradesh,11-01-2019 00:00,15069.20401
7046,Karimnagar,3,28,Andhra Pradesh,11-01-2019 00:00,15115.69731
7047,Guntur,17,28,Andhra Pradesh,11-01-2019 00:00,15139.34155
7048,Shimoga,15,29,Karnataka,11-01-2019 00:00,15009.1938
7049,Tumkur,18,29,Karnataka,11-01-2019 00:00,15083.49134
7050,Udupi,16,29,Karnataka,11-01-2019 00:00,15139.2763
7051,Uttara Kannada,10,29,Karnataka,11-01-2019 00:00,15004.12725
7052,Hassan,23,29,Karnataka,11-01-2019 00:00,15000.74949
7053,Haveri,11,29,Karnataka,11-01-2019 00:00,15158.31592
7054,Kodagu,25,29,Karnataka,11-01-2019 00:00,14924.7242
7055,Kolar,19,29,Karnataka,11-01-2019 00:00,15108.05782
7056,Mandya,22,29,Karnataka,11-01-2019 00:00,15039.91462
7057,Koppal,7,29,Karnataka,11-01-2019 00:00,15211.63601
7058,Mysore,26,29,Karnataka,11-01-2019 00:00,15026.30483
7059,Raichur,6,29,Karnataka,11-01-2019 00:00,15211.96934
7060,Bagalkot,2,29,Karnataka,11-01-2019 00:00,15202.76178
7061,Bangalore,20,29,Karnataka,11-01-2019 00:00,15071.6564
7062,Bidar,5,29,Karnataka,11-01-2019 00:00,15183.88957
7063,Bijapur,3,29,Karnataka,11-01-2019 00:00,15229.11382
7064,Belgaum,1,29,Karnataka,11-01-2019 00:00,15164.9419
7065,Bellary,12,29,Karnataka,11-01-2019 00:00,15159.48515
7066,Bangalore Rural,21,29,Karnataka,11-01-2019 00:00,15041.98174
7067,Chamarajanagar,27,29,Karnataka,11-01-2019 00:00,15010.26016
7068,Chikmagalur,17,29,Karnataka,11-01-2019 00:00,14973.45943
7069,Chitradurga,13,29,Karnataka,11-01-2019 00:00,15161.62724
7070,Dakshina Kannada,24,29,Karnataka,11-01-2019 00:00,15105.32001
7071,Davanagere,14,29,Karnataka,11-01-2019 00:00,15100.34086
7072,Dharwad,9,29,Karnataka,11-01-2019 00:00,15209.84199
7073,Gulbarga,4,29,Karnataka,11-01-2019 00:00,15204.16127
7074,Gadag,8,29,Karnataka,11-01-2019 00:00,15246.28109
7075,South Goa,2,30,Goa,11-01-2019 00:00,15118.80854
7076,North Goa,1,30,Goa,11-01-2019 00:00,15163.90669
7077,Thrissur,7,32,Kerala,11-01-2019 00:00,15083.09418
7078,Thiruvananthapuram,14,32,Kerala,11-01-2019 00:00,15086.75519
7079,Wayanad,3,32,Kerala,11-01-2019 00:00,14925.78498
7080,Idukki,9,32,Kerala,11-01-2019 00:00,14896.13226
7081,Kollam,13,32,Kerala,11-01-2019 00:00,15058.93406
7082,Kottayam,10,32,Kerala,11-01-2019 00:00,15104.03593
7083,Kozhikode,4,32,Kerala,11-01-2019 00:00,15092.67025
7084,Malappuram,5,32,Kerala,11-01-2019 00:00,15081.41583
7085,Palakkad,6,32,Kerala,11-01-2019 00:00,15032.48685
7086,Pathanamthitta,12,32,Kerala,11-01-2019 00:00,15008.49195
7087,Alappuzha,11,32,Kerala,11-01-2019 00:00,15119.56181
7088,Kasaragod,1,32,Kerala,11-01-2019 00:00,15147.38244
7089,Kannur,2,32,Kerala,11-01-2019 00:00,15130.64233
7090,Ernakulam,8,32,Kerala,11-01-2019 00:00,15123.88471
7091,Sivaganga,23,33,Tamil Nadu,11-01-2019 00:00,15165.42946
7092,Tiruchirappalli,15,33,Tamil Nadu,11-01-2019 00:00,15162.25057
7093,Tirunelveli,29,33,Tamil Nadu,11-01-2019 00:00,15146.27657
7094,Tiruvannamalai,6,33,Tamil Nadu,11-01-2019 00:00,15148.54199
7095,Thoothukkudi,28,33,Tamil Nadu,11-01-2019 00:00,15206.99451
7096,Theni,25,33,Tamil Nadu,11-01-2019 00:00,15034.5371
7097,Vellore,4,33,Tamil Nadu,11-01-2019 00:00,15105.94373
7098,Viluppuram,7,33,Tamil Nadu,11-01-2019 00:00,15173.05071
7099,Virudhunagar,26,33,Tamil Nadu,11-01-2019 00:00,15196.04005
7100,Chennai,2,33,Tamil Nadu,11-01-2019 00:00,15289.69037
7101,Kancheepuram,3,33,Tamil Nadu,11-01-2019 00:00,15176.35879
7102,Thiruvallur,1,33,Tamil Nadu,11-01-2019 00:00,15170.10999
7103,Thanjavur,21,33,Tamil Nadu,11-01-2019 00:00,15094.39132
7104,Thiruvarur,20,33,Tamil Nadu,11-01-2019 00:00,15062.00308
7105,Nagapattinam,19,33,Tamil Nadu,11-01-2019 00:00,15064.05701
7106,Kanniyakumari,30,33,Tamil Nadu,11-01-2019 00:00,15069.56432
7107,Karur,14,33,Tamil Nadu,11-01-2019 00:00,15221.5298
7108,Madurai,24,33,Tamil Nadu,11-01-2019 00:00,15139.10436
7109,Namakkal,9,33,Tamil Nadu,11-01-2019 00:00,15150.40118
7110,The Nilgiris,11,33,Tamil Nadu,11-01-2019 00:00,14815.70984
7111,Perambalur,16,33,Tamil Nadu,11-01-2019 00:00,15158.50385
7112,Pudukkottai,22,33,Tamil Nadu,11-01-2019 00:00,15080.49953
7113,Ramanathapuram,27,33,Tamil Nadu,11-01-2019 00:00,15142.85454
7114,Salem,8,33,Tamil Nadu,11-01-2019 00:00,15078.05293
7115,Ariyalur,17,33,Tamil Nadu,11-01-2019 00:00,15167.81006
7116,Coimbatore,12,33,Tamil Nadu,11-01-2019 00:00,15102.5592
7117,Cuddalore,18,33,Tamil Nadu,11-01-2019 00:00,15144.79542
7118,Dharmapuri,5,33,Tamil Nadu,11-01-2019 00:00,15049.4183
7119,Dindigul,13,33,Tamil Nadu,11-01-2019 00:00,15082.12631
7120,Erode,10,33,Tamil Nadu,11-01-2019 00:00,15100.59445
7121,Yanam,1,34,Puducherry,11-01-2019 00:00,15096.51984
7122,Karaikal,4,34,Puducherry,11-01-2019 00:00,15110.95157
7123,Mahe,3,34,Puducherry,11-01-2019 00:00,15159.38529
7124,Pondicherry,2,34,Puducherry,11-01-2019 00:00,15142.1809
7125,Nicobars,2,35,Andaman & Nicobar Island,11-01-2019 00:00,14884.98522
7126,Andamans,1,35,Andaman & Nicobar Island,11-01-2019 00:00,14986.58834
7127,Lakshadweep,1,31,Lakshadweep,12-01-2019 00:00,14995.24416
7128,Chandigarh,1,4,Chandigarh,12-01-2019 00:00,14639.00794
7129,Dadra & Nagar Haveli,1,26,Dadara & Nagar Havelli,12-01-2019 00:00,15112.06237
7130,Data Not Available,99,99,Jammu and Kashmir,12-01-2019 00:00,13149.45882
7131,Srinagar,3,1,Jammu and Kashmir,12-01-2019 00:00,13470.04832
7132,Udhampur,10,1,Jammu and Kashmir,12-01-2019 00:00,14188.77895
7133,Jammu,13,1,Jammu and Kashmir,12-01-2019 00:00,14547.31858
7134,Kargil,8,1,Jammu and Kashmir,12-01-2019 00:00,12928.43734
7135,Kathua,14,1,Jammu and Kashmir,12-01-2019 00:00,14430.43079
7136,Leh (Ladakh),7,1,Jammu and Kashmir,12-01-2019 00:00,13214.73025
7137,Kupwara,1,1,Jammu and Kashmir,12-01-2019 00:00,13669.59167
7138,Punch,11,1,Jammu and Kashmir,12-01-2019 00:00,14150.70662
7139,Pulwama,5,1,Jammu and Kashmir,12-01-2019 00:00,13800.03602
7140,Rajauri,12,1,Jammu and Kashmir,12-01-2019 00:00,14325.48954
7141,Anantnag,6,1,Jammu and Kashmir,12-01-2019 00:00,13470.09466
7142,Badgam,4,1,Jammu and Kashmir,12-01-2019 00:00,13654.3166
7143,Baramula,2,1,Jammu and Kashmir,12-01-2019 00:00,13530.62542
7144,Doda,9,1,Jammu and Kashmir,12-01-2019 00:00,13417.29239
7145,Shimla,11,2,Himachal Pradesh,12-01-2019 00:00,14092.74648
7146,Sirmaur,10,2,Himachal Pradesh,12-01-2019 00:00,14413.20225
7147,Solan,9,2,Himachal Pradesh,12-01-2019 00:00,14447.16391
7148,Una,7,2,Himachal Pradesh,12-01-2019 00:00,14512.35169
7149,Kangra,2,2,Himachal Pradesh,12-01-2019 00:00,14221.58669
7150,Kinnaur,12,2,Himachal Pradesh,12-01-2019 00:00,13201.98849
7151,Lahul & Spiti,3,2,Himachal Pradesh,12-01-2019 00:00,12935.78531
7152,Kullu,4,2,Himachal Pradesh,12-01-2019 00:00,13618.21288
7153,Mandi,5,2,Himachal Pradesh,12-01-2019 00:00,14281.40747
7154,Bilaspur,8,2,Himachal Pradesh,12-01-2019 00:00,14419.44333
7155,Chamba,1,2,Himachal Pradesh,12-01-2019 00:00,13673.01017
7156,Hamirpur,6,2,Himachal Pradesh,12-01-2019 00:00,14418.81172
7157,Rupnagar,7,3,Punjab,12-01-2019 00:00,14654.67549
7158,Hoshiarpur,5,3,Punjab,12-01-2019 00:00,14620.79989
7159,Jalandhar,4,3,Punjab,12-01-2019 00:00,14703.98273
7160,Kapurthala,3,3,Punjab,12-01-2019 00:00,14672.08129
7161,Ludhiana,9,3,Punjab,12-01-2019 00:00,14714.63966
7162,Mansa,15,3,Punjab,12-01-2019 00:00,14788.22403
7163,Moga,10,3,Punjab,12-01-2019 00:00,14842.7386
7164,Muktsar,12,3,Punjab,12-01-2019 00:00,14908.52701
7165,Nawanshahr,6,3,Punjab,12-01-2019 00:00,14674.806
7166,Patiala,17,3,Punjab,12-01-2019 00:00,14629.07046
7167,Sangrur,16,3,Punjab,12-01-2019 00:00,14714.4396
7168,Amritsar,2,3,Punjab,12-01-2019 00:00,14739.26055
7169,Firozpur,11,3,Punjab,12-01-2019 00:00,14901.81334
7170,Bathinda,14,3,Punjab,12-01-2019 00:00,14825.60759
7171,Gurdaspur,1,3,Punjab,12-01-2019 00:00,14620.00954
7172,Faridkot,13,3,Punjab,12-01-2019 00:00,14918.03473
7173,Fatehgarh Sahib,8,3,Punjab,12-01-2019 00:00,14658.72859
7174,Rudraprayag,3,5,Uttarakhand,12-01-2019 00:00,13990.22927
7175,Tehri Garhwal,4,5,Uttarakhand,12-01-2019 00:00,14204.56848
7176,Udham Singh Nagar,12,5,Uttarakhand,12-01-2019 00:00,14672.55134
7177,Uttarkashi,1,5,Uttarakhand,12-01-2019 00:00,13587.32045
7178,Hardwar,13,5,Uttarakhand,12-01-2019 00:00,14630.68574
7179,Nainital,11,5,Uttarakhand,12-01-2019 00:00,14476.3958
7180,Pithoragarh,7,5,Uttarakhand,12-01-2019 00:00,13695.79142
7181,Bageshwar,8,5,Uttarakhand,12-01-2019 00:00,14102.08144
7182,Almora,9,5,Uttarakhand,12-01-2019 00:00,14361.20093
7183,Chamoli,2,5,Uttarakhand,12-01-2019 00:00,13592.14175
7184,Champawat,10,5,Uttarakhand,12-01-2019 00:00,14389.31961
7185,Dehradun,5,5,Uttarakhand,12-01-2019 00:00,14435.72748
7186,Garhwal,6,5,Uttarakhand,12-01-2019 00:00,14379.03962
7187,Rohtak,14,6,Haryana,12-01-2019 00:00,14669.23382
7188,Sirsa,11,6,Haryana,12-01-2019 00:00,14831.19802
7189,Sonipat,8,6,Haryana,12-01-2019 00:00,14655.2671
7190,Yamunanagar,3,6,Haryana,12-01-2019 00:00,14691.77177
7191,Jhajjar,15,6,Haryana,12-01-2019 00:00,14823.10275
7192,Mahendragarh,16,6,Haryana,12-01-2019 00:00,14773.29419
7193,Rewari,17,6,Haryana,12-01-2019 00:00,14786.89606
7194,Bhiwani,13,6,Haryana,12-01-2019 00:00,14759.13015
7195,Hisar,12,6,Haryana,12-01-2019 00:00,14723.2033
7196,Jind,9,6,Haryana,12-01-2019 00:00,14691.72212
7197,Kaithal,5,6,Haryana,12-01-2019 00:00,14659.24519
7198,Karnal,6,6,Haryana,12-01-2019 00:00,14670.51337
7199,Kurukshetra,4,6,Haryana,12-01-2019 00:00,14627.74673
7200,Panchkula,1,6,Haryana,12-01-2019 00:00,14561.55168
7201,Panipat,7,6,Haryana,12-01-2019 00:00,14670.38223
7202,Ambala,2,6,Haryana,12-01-2019 00:00,14628.19987
7203,Gurgaon,18,6,Haryana,12-01-2019 00:00,14790.09806
7204,Faridabad,19,6,Haryana,12-01-2019 00:00,14810.24817
7205,Fatehabad,10,6,Haryana,12-01-2019 00:00,14713.89371
7206,Central,6,7,Delhi  & NCR,12-01-2019 00:00,14785.95664
7207,East,4,7,Delhi  & NCR,12-01-2019 00:00,14779.83719
7208,New Delhi,5,7,Delhi  & NCR,12-01-2019 00:00,14755.41801
7209,North,2,7,Delhi  & NCR,12-01-2019 00:00,14739.48957
7210,North East,3,7,Delhi  & NCR,12-01-2019 00:00,14755.89155
7211,North West,1,7,Delhi  & NCR,12-01-2019 00:00,14743.27832
7212,South,9,7,Delhi  & NCR,12-01-2019 00:00,14769.11513
7213,South West,8,7,Delhi  & NCR,12-01-2019 00:00,14769.61577
7214,West,7,7,Delhi  & NCR,12-01-2019 00:00,14782.17634
7215,Sirohi,19,8,Rajasthan,12-01-2019 00:00,14953.23963
7216,Tonk,22,8,Rajasthan,12-01-2019 00:00,14742.1268
7217,Sikar,13,8,Rajasthan,12-01-2019 00:00,14811.64466
7218,Alwar,6,8,Rajasthan,12-01-2019 00:00,14750.94839
7219,Udaipur,26,8,Rajasthan,12-01-2019 00:00,14863.46816
7220,Ganganagar,1,8,Rajasthan,12-01-2019 00:00,14891.78745
7221,Hanumangarh,2,8,Rajasthan,12-01-2019 00:00,14906.83369
7222,Baran,31,8,Rajasthan,12-01-2019 00:00,14843.65867
7223,Jaipur,12,8,Rajasthan,12-01-2019 00:00,14817.02465
7224,Jaisalmer,16,8,Rajasthan,12-01-2019 00:00,15099.52923
7225,Jalor,18,8,Rajasthan,12-01-2019 00:00,15021.32312
7226,Jhalawar,32,8,Rajasthan,12-01-2019 00:00,14874.52526
7227,Jhunjhunun,5,8,Rajasthan,12-01-2019 00:00,14817.68744
7228,Jodhpur,15,8,Rajasthan,12-01-2019 00:00,15032.13507
7229,Kota,30,8,Rajasthan,12-01-2019 00:00,14857.95326
7230,Nagaur,14,8,Rajasthan,12-01-2019 00:00,14943.22272
7231,Pali,20,8,Rajasthan,12-01-2019 00:00,14958.28441
7232,Rajsamand,25,8,Rajasthan,12-01-2019 00:00,14806.05615
7233,Sawai Madhopur,10,8,Rajasthan,12-01-2019 00:00,14721.86872
7234,Ajmer,21,8,Rajasthan,12-01-2019 00:00,14815.5292
7235,Banswara,28,8,Rajasthan,12-01-2019 00:00,14967.85773
7236,Barmer,17,8,Rajasthan,12-01-2019 00:00,15093.69838
7237,Bhilwara,24,8,Rajasthan,12-01-2019 00:00,14819.55237
7238,Bikaner,3,8,Rajasthan,12-01-2019 00:00,14999.07541
7239,Bharatpur,7,8,Rajasthan,12-01-2019 00:00,14751.6829
7240,Bundi,23,8,Rajasthan,12-01-2019 00:00,14807.97796
7241,Chittaurgarh,29,8,Rajasthan,12-01-2019 00:00,14829.89953
7242,Churu,4,8,Rajasthan,12-01-2019 00:00,14924.3966
7243,Dausa,11,8,Rajasthan,12-01-2019 00:00,14815.38128
7244,Dhaulpur,8,8,Rajasthan,12-01-2019 00:00,14745.50889
7245,Dungarpur,27,8,Rajasthan,12-01-2019 00:00,14902.69659
7246,Karauli,9,8,Rajasthan,12-01-2019 00:00,14736.83401
7247,Shrawasti,51,9,Uttar Pradesh,12-01-2019 00:00,14820.72597
7248,Saharanpur,1,9,Uttar Pradesh,12-01-2019 00:00,14638.77396
7249,Sitapur,24,9,Uttar Pradesh,12-01-2019 00:00,14714.03625
7250,Sultanpur,49,9,Uttar Pradesh,12-01-2019 00:00,14804.92234
7251,Sonbhadra,70,9,Uttar Pradesh,12-01-2019 00:00,14734.52752
7252,Siddharthnagar,54,9,Uttar Pradesh,12-01-2019 00:00,14891.66086
7253,Unnao,26,9,Uttar Pradesh,12-01-2019 00:00,14770.64214
7254,Varanasi,67,9,Uttar Pradesh,12-01-2019 00:00,14819.35195
7255,Bulandshahr,11,9,Uttar Pradesh,12-01-2019 00:00,14800.29719
7256,Gautam Buddha Nagar,10,9,Uttar Pradesh,12-01-2019 00:00,14835.60322
7257,Ghaziabad,9,9,Uttar Pradesh,12-01-2019 00:00,14716.37702
7258,Hathras,13,9,Uttar Pradesh,12-01-2019 00:00,14815.77368
7259,Jalaun,35,9,Uttar Pradesh,12-01-2019 00:00,14838.88861
7260,Jaunpur,64,9,Uttar Pradesh,12-01-2019 00:00,14839.67931
7261,Jhansi,36,9,Uttar Pradesh,12-01-2019 00:00,14886.89827
7262,Jyotiba Phule Nagar,6,9,Uttar Pradesh,12-01-2019 00:00,14690.2203
7263,Kannauj,30,9,Uttar Pradesh,12-01-2019 00:00,14718.28935
7264,Kanpur Nagar,34,9,Uttar Pradesh,12-01-2019 00:00,14795.71429
7265,Kaushambi,44,9,Uttar Pradesh,12-01-2019 00:00,14773.22924
7266,Kheri,23,9,Uttar Pradesh,12-01-2019 00:00,14694.29731
7267,Mirzapur,69,9,Uttar Pradesh,12-01-2019 00:00,14779.08059
7268,Moradabad,4,9,Uttar Pradesh,12-01-2019 00:00,14697.83294
7269,Muzaffarnagar,2,9,Uttar Pradesh,12-01-2019 00:00,14656.37464
7270,Rae Bareli,28,9,Uttar Pradesh,12-01-2019 00:00,14797.35099
7271,Kushinagar,59,9,Uttar Pradesh,12-01-2019 00:00,14789.55147
7272,Lucknow,27,9,Uttar Pradesh,12-01-2019 00:00,14771.81275
7273,Lalitpur,37,9,Uttar Pradesh,12-01-2019 00:00,14794.39713
7274,Mahrajganj,57,9,Uttar Pradesh,12-01-2019 00:00,14835.00708
7275,Mahoba,39,9,Uttar Pradesh,12-01-2019 00:00,14858.75205
7276,Mainpuri,18,9,Uttar Pradesh,12-01-2019 00:00,14693.42358
7277,Mathura,14,9,Uttar Pradesh,12-01-2019 00:00,14803.77583
7278,Mau,62,9,Uttar Pradesh,12-01-2019 00:00,14852.7789
7279,Meerut,7,9,Uttar Pradesh,12-01-2019 00:00,14666.24687
7280,Pilibhit,21,9,Uttar Pradesh,12-01-2019 00:00,14661.69248
7281,Pratapgarh,43,9,Uttar Pradesh,12-01-2019 00:00,14818.8561
7282,Rampur,5,9,Uttar Pradesh,12-01-2019 00:00,14679.1467
7283,Sant Ravidas Nagar Bhadohi,68,9,Uttar Pradesh,12-01-2019 00:00,14792.27302
7284,Sant Kabir Nagar,56,9,Uttar Pradesh,12-01-2019 00:00,14818.37083
7285,Shahjahanpur,22,9,Uttar Pradesh,12-01-2019 00:00,14677.67047
7286,Auraiya,32,9,Uttar Pradesh,12-01-2019 00:00,14717.27061
7287,Azamgarh,61,9,Uttar Pradesh,12-01-2019 00:00,14834.35032
7288,Budaun,19,9,Uttar Pradesh,12-01-2019 00:00,14755.46984
7289,Agra,15,9,Uttar Pradesh,12-01-2019 00:00,14701.12236
7290,Aligarh,12,9,Uttar Pradesh,12-01-2019 00:00,14824.64393
7291,Allahabad,45,9,Uttar Pradesh,12-01-2019 00:00,14790.93978
7292,Ambedkar Nagar,48,9,Uttar Pradesh,12-01-2019 00:00,14818.01838
7293,Bareilly,20,9,Uttar Pradesh,12-01-2019 00:00,14663.01129
7294,Bijnor,3,9,Uttar Pradesh,12-01-2019 00:00,14628.26654
7295,Basti,55,9,Uttar Pradesh,12-01-2019 00:00,14796.25475
7296,Baghpat,8,9,Uttar Pradesh,12-01-2019 00:00,14666.04155
7297,Bahraich,50,9,Uttar Pradesh,12-01-2019 00:00,14762.93001
7298,Ballia,63,9,Uttar Pradesh,12-01-2019 00:00,14897.75569
7299,Balrampur,52,9,Uttar Pradesh,12-01-2019 00:00,14797.86943
7300,Banda,40,9,Uttar Pradesh,12-01-2019 00:00,14813.18363
7301,Barabanki,46,9,Uttar Pradesh,12-01-2019 00:00,14789.37966
7302,Chitrakoot,41,9,Uttar Pradesh,12-01-2019 00:00,14763.41874
7303,Chandauli,66,9,Uttar Pradesh,12-01-2019 00:00,14781.07401
7304,Deoria,60,9,Uttar Pradesh,12-01-2019 00:00,14836.81949
7305,Etah,17,9,Uttar Pradesh,12-01-2019 00:00,14767.95499
7306,Kanpur Dehat,33,9,Uttar Pradesh,12-01-2019 00:00,14777.04143
7307,Etawah,31,9,Uttar Pradesh,12-01-2019 00:00,14653.84097
7308,Faizabad,47,9,Uttar Pradesh,12-01-2019 00:00,14793.28896
7309,Ghazipur,65,9,Uttar Pradesh,12-01-2019 00:00,14877.88476
7310,Gonda,53,9,Uttar Pradesh,12-01-2019 00:00,14780.41956
7311,Gorakhpur,58,9,Uttar Pradesh,12-01-2019 00:00,14802.05348
7312,Farrukhabad,29,9,Uttar Pradesh,12-01-2019 00:00,14691.03632
7313,Fatehpur,42,9,Uttar Pradesh,12-01-2019 00:00,14770.39371
7314,Firozabad,16,9,Uttar Pradesh,12-01-2019 00:00,14693.77728
7315,Hamirpur,38,9,Uttar Pradesh,12-01-2019 00:00,14818.95123
7316,Hardoi,25,9,Uttar Pradesh,12-01-2019 00:00,14722.50775
7317,Sheikhpura,26,10,Bihar,12-01-2019 00:00,14920.55962
7318,Sheohar,3,10,Bihar,12-01-2019 00:00,14651.38739
7319,Saharsa,12,10,Bihar,12-01-2019 00:00,14829.58763
7320,Sitamarhi,4,10,Bihar,12-01-2019 00:00,14732.68739
7321,Siwan,16,10,Bihar,12-01-2019 00:00,14749.40834
7322,Supaul,6,10,Bihar,12-01-2019 00:00,14845.9778
7323,Vaishali,18,10,Bihar,12-01-2019 00:00,14806.59864
7324,Kaimur (Bhabua),31,10,Bihar,12-01-2019 00:00,14782.49501
7325,Gaya,35,10,Bihar,12-01-2019 00:00,14804.46751
7326,Bhojpur,29,10,Bihar,12-01-2019 00:00,14914.10165
7327,Buxar,30,10,Bihar,12-01-2019 00:00,14927.50415
7328,Jehanabad,33,10,Bihar,12-01-2019 00:00,14843.23782
7329,Rohtas,32,10,Bihar,12-01-2019 00:00,14840.37635
7330,Jamui,37,10,Bihar,12-01-2019 00:00,14785.623
7331,Kishanganj,8,10,Bihar,12-01-2019 00:00,14936.61724
7332,Muzaffarpur,14,10,Bihar,12-01-2019 00:00,14793.89334
7333,Purnia,9,10,Bihar,12-01-2019 00:00,14890.66964
7334,Khagaria,21,10,Bihar,12-01-2019 00:00,14896.64691
7335,Madhubani,5,10,Bihar,12-01-2019 00:00,14766.10104
7336,Lakhisarai,25,10,Bihar,12-01-2019 00:00,14889.87848
7337,Madhepura,11,10,Bihar,12-01-2019 00:00,14880.13428
7338,Purba Champaran,2,10,Bihar,12-01-2019 00:00,14698.73908
7339,Munger,24,10,Bihar,12-01-2019 00:00,14809.72247
7340,Nalanda,27,10,Bihar,12-01-2019 00:00,14903.77063
7341,Nawada,36,10,Bihar,12-01-2019 00:00,14813.89085
7342,Pashchim Champaran,1,10,Bihar,12-01-2019 00:00,14765.61589
7343,Patna,28,10,Bihar,12-01-2019 00:00,14893.32955
7344,Samastipur,19,10,Bihar,12-01-2019 00:00,14888.30727
7345,Araria,7,10,Bihar,12-01-2019 00:00,14922.11071
7346,Aurangabad,34,10,Bihar,12-01-2019 00:00,14821.33555
7347,Banka,23,10,Bihar,12-01-2019 00:00,14837.35665
7348,Bhagalpur,22,10,Bihar,12-01-2019 00:00,14902.55198
7349,Begusarai,20,10,Bihar,12-01-2019 00:00,14900.61607
7350,Saran,17,10,Bihar,12-01-2019 00:00,14779.17671
7351,Katihar,10,10,Bihar,12-01-2019 00:00,14876.68035
7352,Darbhanga,13,10,Bihar,12-01-2019 00:00,14829.39666
7353,Gopalganj,15,10,Bihar,12-01-2019 00:00,14755.81706
7354,South,3,11,Sikkim,12-01-2019 00:00,14310.89418
7355,West,2,11,Sikkim,12-01-2019 00:00,14142.2895
7356,North,1,11,Sikkim,12-01-2019 00:00,13780.36119
7357,East,4,11,Sikkim,12-01-2019 00:00,14212.11607
7358,Tawang,1,12,Arunanchal Pradesh,12-01-2019 00:00,13976.00505
7359,Tirap,13,12,Arunanchal Pradesh,12-01-2019 00:00,14506.95233
7360,West Kameng,2,12,Arunanchal Pradesh,12-01-2019 00:00,14213.24887
7361,West Siang,7,12,Arunanchal Pradesh,12-01-2019 00:00,14194.53151
7362,Upper Siang,9,12,Arunanchal Pradesh,12-01-2019 00:00,14031.59491
7363,Upper Subansiri,6,12,Arunanchal Pradesh,12-01-2019 00:00,14035.96626
7364,Lohit,11,12,Arunanchal Pradesh,12-01-2019 00:00,14153.48104
7365,Lower Subansiri,5,12,Arunanchal Pradesh,12-01-2019 00:00,14120.4089
7366,Papum Pare,4,12,Arunanchal Pradesh,12-01-2019 00:00,14402.15475
7367,Changlang,12,12,Arunanchal Pradesh,12-01-2019 00:00,14447.04976
7368,Dibang Valley,10,12,Arunanchal Pradesh,12-01-2019 00:00,13950.11647
7369,East Kameng,3,12,Arunanchal Pradesh,12-01-2019 00:00,14245.97657
7370,East Siang,8,12,Arunanchal Pradesh,12-01-2019 00:00,14515.7015
7371,Tuensang,2,13,Nagaland,12-01-2019 00:00,14388.62295
7372,Wokha,5,13,Nagaland,12-01-2019 00:00,14576.06561
7373,Zunheboto,4,13,Nagaland,12-01-2019 00:00,14420.94823
7374,Dimapur,6,13,Nagaland,12-01-2019 00:00,14671.34221
7375,Kohima,7,13,Nagaland,12-01-2019 00:00,14511.30538
7376,Mokokchung,3,13,Nagaland,12-01-2019 00:00,14566.20749
7377,Mon,1,13,Nagaland,12-01-2019 00:00,14582.08931
7378,Phek,8,13,Nagaland,12-01-2019 00:00,14367.42063
7379,Tamenglong,2,14,Manipur,12-01-2019 00:00,14525.98057
7380,Thoubal,5,14,Manipur,12-01-2019 00:00,14617.70058
7381,Ukhrul,8,14,Manipur,12-01-2019 00:00,14486.69876
7382,Imphal East,7,14,Manipur,12-01-2019 00:00,14678.67381
7383,Imphal West,6,14,Manipur,12-01-2019 00:00,14694.659
7384,Senapati (Excl. 3 sub-divisions),1,14,Manipur,12-01-2019 00:00,14474.01488
7385,Bishnupur,4,14,Manipur,12-01-2019 00:00,14593.84149
7386,Chandel,9,14,Manipur,12-01-2019 00:00,14555.50083
7387,Churachandpur,3,14,Manipur,12-01-2019 00:00,14538.81374
7388,Kolasib,2,15,Mizoram,12-01-2019 00:00,14680.87267
7389,Mamit,1,15,Mizoram,12-01-2019 00:00,14653.10208
7390,Lunglei,6,15,Mizoram,12-01-2019 00:00,14617.66191
7391,Lawngtlai,7,15,Mizoram,12-01-2019 00:00,14699.76995
7392,Saiha,8,15,Mizoram,12-01-2019 00:00,14610.76002
7393,Serchhip,5,15,Mizoram,12-01-2019 00:00,14546.89829
7394,Aizawl,3,15,Mizoram,12-01-2019 00:00,14584.11917
7395,Champhai,4,15,Mizoram,12-01-2019 00:00,14525.33913
7396,South Tripura,2,16,Tripura,12-01-2019 00:00,14797.89153
7397,West Tripura,1,16,Tripura,12-01-2019 00:00,14820.41763
7398,North Tripura,4,16,Tripura,12-01-2019 00:00,14766.11457
7399,Dhalai,3,16,Tripura,12-01-2019 00:00,14755.07827
7400,Ri Bhoi,5,17,Meghalaya,12-01-2019 00:00,14629.48704
7401,South Garo Hills,3,17,Meghalaya,12-01-2019 00:00,14735.10343
7402,West Garo Hills,1,17,Meghalaya,12-01-2019 00:00,14758.05944
7403,West Khasi Hills,4,17,Meghalaya,12-01-2019 00:00,14594.1464
7404,Jaintia Hills,7,17,Meghalaya,12-01-2019 00:00,14628.87678
7405,East Garo Hills,2,17,Meghalaya,12-01-2019 00:00,14677.27007
7406,East Khasi Hills,6,17,Meghalaya,12-01-2019 00:00,14594.13508
7407,Sonitpur,11,18,Assam,12-01-2019 00:00,14786.63033
7408,Sibsagar,16,18,Assam,12-01-2019 00:00,14743.42732
7409,Tinsukia,14,18,Assam,12-01-2019 00:00,14725.13044
7410,Jorhat,17,18,Assam,12-01-2019 00:00,14758.76143
7411,Karimganj,22,18,Assam,12-01-2019 00:00,14795.90367
7412,Kokrajhar,1,18,Assam,12-01-2019 00:00,14804.60497
7413,Lakhimpur,12,18,Assam,12-01-2019 00:00,14769.19309
7414,Nagaon,10,18,Assam,12-01-2019 00:00,14772.08456
7415,Marigaon,9,18,Assam,12-01-2019 00:00,14818.90041
7416,Nalbari,7,18,Assam,12-01-2019 00:00,14822.5561
7417,North Cachar Hills,20,18,Assam,12-01-2019 00:00,14604.89235
7418,Barpeta,5,18,Assam,12-01-2019 00:00,14810.68574
7419,Bongaigaon,4,18,Assam,12-01-2019 00:00,14808.86469
7420,Cachar,21,18,Assam,12-01-2019 00:00,14772.7487
7421,Darrang,8,18,Assam,12-01-2019 00:00,14822.86523
7422,Dhemaji,13,18,Assam,12-01-2019 00:00,14786.06413
7423,Dhubri,2,18,Assam,12-01-2019 00:00,14798.15136
7424,Dibrugarh,15,18,Assam,12-01-2019 00:00,14750.85548
7425,Kamrup,6,18,Assam,12-01-2019 00:00,14764.09837
7426,Karbi Anglong,19,18,Assam,12-01-2019 00:00,14644.06581
7427,Goalpara,3,18,Assam,12-01-2019 00:00,14772.70489
7428,Golaghat,18,18,Assam,12-01-2019 00:00,14756.61373
7429,Hailakandi,23,18,Assam,12-01-2019 00:00,14778.41146
7430,South  Twenty Four Parganas,18,19,West Bengal,12-01-2019 00:00,14818.76238
7431,Uttar Dinajpur,4,19,West Bengal,12-01-2019 00:00,14930.09063
7432,Hugli,12,19,West Bengal,12-01-2019 00:00,14856.47986
7433,Jalpaiguri,2,19,West Bengal,12-01-2019 00:00,14808.53985
7434,Koch Bihar,3,19,West Bengal,12-01-2019 00:00,14843.58255
7435,Murshidabad,7,19,West Bengal,12-01-2019 00:00,14845.69534
7436,Puruliya,14,19,West Bengal,12-01-2019 00:00,14815.14621
7437,Kolkata,17,19,West Bengal,12-01-2019 00:00,14923.53481
7438,Maldah,6,19,West Bengal,12-01-2019 00:00,14830.167
7439,Nadia,10,19,West Bengal,12-01-2019 00:00,14812.80544
7440,North Twenty Four Parganas,11,19,West Bengal,12-01-2019 00:00,14799.45472
7441,Medinipur,15,19,West Bengal,12-01-2019 00:00,14793.09208
7442,Barddhaman,9,19,West Bengal,12-01-2019 00:00,14870.78705
7443,Birbhum,8,19,West Bengal,12-01-2019 00:00,14893.55986
7444,Bankura,13,19,West Bengal,12-01-2019 00:00,14828.53192
7445,Dakshin Dinajpur,5,19,West Bengal,12-01-2019 00:00,14888.94005
7446,Darjiling,1,19,West Bengal,12-01-2019 00:00,14562.95569
7447,Haora,16,19,West Bengal,12-01-2019 00:00,14787.32394
7448,Ranchi,14,20,Jharkhand,12-01-2019 00:00,14759.01133
7449,Sahibganj,9,20,Jharkhand,12-01-2019 00:00,14788.72066
7450,Garhwa,1,20,Jharkhand,12-01-2019 00:00,14740.88811
7451,Palamu,2,20,Jharkhand,12-01-2019 00:00,14713.73969
7452,Chatra,3,20,Jharkhand,12-01-2019 00:00,14691.98144
7453,Hazaribagh,4,20,Jharkhand,12-01-2019 00:00,14701.89773
7454,Kodarma,5,20,Jharkhand,12-01-2019 00:00,14689.32183
7455,Purbi Singhbhum,18,20,Jharkhand,12-01-2019 00:00,14789.5114
7456,Lohardaga,15,20,Jharkhand,12-01-2019 00:00,14728.57102
7457,Pakaur,10,20,Jharkhand,12-01-2019 00:00,14832.05977
7458,Pashchimi Singhbhum,17,20,Jharkhand,12-01-2019 00:00,14767.68122
7459,Bokaro,13,20,Jharkhand,12-01-2019 00:00,14772.70876
7460,Deoghar,7,20,Jharkhand,12-01-2019 00:00,14784.16706
7461,Dhanbad,12,20,Jharkhand,12-01-2019 00:00,14792.60653
7462,Dumka,11,20,Jharkhand,12-01-2019 00:00,14808.46512
7463,Giridih,6,20,Jharkhand,12-01-2019 00:00,14761.28982
7464,Godda,8,20,Jharkhand,12-01-2019 00:00,14840.96259
7465,Gumla,16,20,Jharkhand,12-01-2019 00:00,14765.37918
7466,Rayagada,27,21,Orissa,12-01-2019 00:00,14899.64174
7467,Sundargarh,5,21,Orissa,12-01-2019 00:00,14796.58256
7468,Sonapur,23,21,Orissa,12-01-2019 00:00,14937.92902
7469,Jajapur,13,21,Orissa,12-01-2019 00:00,14986.18224
7470,Jagatsinghapur,11,21,Orissa,12-01-2019 00:00,14963.45522
7471,Jharsuguda,2,21,Orissa,12-01-2019 00:00,14874.89372
7472,Khordha,17,21,Orissa,12-01-2019 00:00,14995.67378
7473,Mayurbhanj,7,21,Orissa,12-01-2019 00:00,14793.55417
7474,Puri,18,21,Orissa,12-01-2019 00:00,14984.3388
7475,Koraput,29,21,Orissa,12-01-2019 00:00,14943.45035
7476,Malkangiri,30,21,Orissa,12-01-2019 00:00,14991.53946
7477,Nabarangapur,28,21,Orissa,12-01-2019 00:00,15008.83579
7478,Nayagarh,16,21,Orissa,12-01-2019 00:00,14919.37149
7479,Nuapada,25,21,Orissa,12-01-2019 00:00,14937.01935
7480,Kandhamal,21,21,Orissa,12-01-2019 00:00,14819.38098
7481,Sambalpur,3,21,Orissa,12-01-2019 00:00,14844.0352
7482,Anugul,15,21,Orissa,12-01-2019 00:00,14877.89399
7483,Bhadrak,9,21,Orissa,12-01-2019 00:00,14942.28178
7484,Baudh,22,21,Orissa,12-01-2019 00:00,14898.49491
7485,Balangir,24,21,Orissa,12-01-2019 00:00,14958.68577
7486,Baleshwar,8,21,Orissa,12-01-2019 00:00,14860.35433
7487,Bargarh,1,21,Orissa,12-01-2019 00:00,14924.92863
7488,Kendrapara,10,21,Orissa,12-01-2019 00:00,14938.25854
7489,Kendujhar,6,21,Orissa,12-01-2019 00:00,14851.19126
7490,Debagarh,4,21,Orissa,12-01-2019 00:00,14837.95565
7491,Cuttack,12,21,Orissa,12-01-2019 00:00,14973.05369
7492,Dhenkanal,14,21,Orissa,12-01-2019 00:00,14920.28196
7493,Kalahandi,26,21,Orissa,12-01-2019 00:00,14942.73639
7494,Ganjam,19,21,Orissa,12-01-2019 00:00,14978.4622
7495,Gajapati,20,21,Orissa,12-01-2019 00:00,14883.66119
7496,Surguja,2,22,Chhattisgarh,12-01-2019 00:00,14737.36467
7497,Bilaspur,7,22,Chhattisgarh,12-01-2019 00:00,14880.48417
7498,Janjgir - Champa,6,22,Chhattisgarh,12-01-2019 00:00,14976.17931
7499,Korba,5,22,Chhattisgarh,12-01-2019 00:00,14801.44512
7500,Kawardha,8,22,Chhattisgarh,12-01-2019 00:00,14911.65478
7501,Jashpur,3,22,Chhattisgarh,12-01-2019 00:00,14772.79487
7502,Koriya,1,22,Chhattisgarh,12-01-2019 00:00,14721.36523
7503,Mahasamund,12,22,Chhattisgarh,12-01-2019 00:00,14979.677
7504,Raigarh,4,22,Chhattisgarh,12-01-2019 00:00,14852.81743
7505,Raipur,11,22,Chhattisgarh,12-01-2019 00:00,14972.40047
7506,Rajnandgaon,9,22,Chhattisgarh,12-01-2019 00:00,14924.78962
7507,Bastar,15,22,Chhattisgarh,12-01-2019 00:00,14915.51192
7508,Dantewada,16,22,Chhattisgarh,12-01-2019 00:00,14928.00523
7509,Dhamtari,13,22,Chhattisgarh,12-01-2019 00:00,14951.5636
7510,Durg,10,22,Chhattisgarh,12-01-2019 00:00,14987.82135
7511,Kanker,14,22,Chhattisgarh,12-01-2019 00:00,14929.92673
7512,Shajapur,22,23,Madhya Pradesh,12-01-2019 00:00,14863.20575
7513,Shivpuri,6,23,Madhya Pradesh,12-01-2019 00:00,14791.30233
7514,Ratlam,20,23,Madhya Pradesh,12-01-2019 00:00,14908.08659
7515,Rewa,14,23,Madhya Pradesh,12-01-2019 00:00,14778.83906
7516,Sagar,11,23,Madhya Pradesh,12-01-2019 00:00,14831.01556
7517,Sidhi,17,23,Madhya Pradesh,12-01-2019 00:00,14699.30413
7518,Ujjain,21,23,Madhya Pradesh,12-01-2019 00:00,14845.36918
7519,Vidisha,31,23,Madhya Pradesh,12-01-2019 00:00,14866.46146
7520,West Nimar,27,23,Madhya Pradesh,12-01-2019 00:00,15058.69132
7521,Morena,2,23,Madhya Pradesh,12-01-2019 00:00,14765.55305
7522,Sheopur,1,23,Madhya Pradesh,12-01-2019 00:00,14782.47378
7523,Dindori,41,23,Madhya Pradesh,12-01-2019 00:00,14869.47946
7524,Mandla,42,23,Madhya Pradesh,12-01-2019 00:00,14866.56138
7525,Shahdol,16,23,Madhya Pradesh,12-01-2019 00:00,14785.16491
7526,Umaria,15,23,Madhya Pradesh,12-01-2019 00:00,14732.67786
7527,Hoshangabad,37,23,Madhya Pradesh,12-01-2019 00:00,14883.93224
7528,Indore,26,23,Madhya Pradesh,12-01-2019 00:00,14902.50075
7529,Jabalpur,39,23,Madhya Pradesh,12-01-2019 00:00,14863.64649
7530,Jhabua,24,23,Madhya Pradesh,12-01-2019 00:00,15020.21891
7531,Mandsaur,19,23,Madhya Pradesh,12-01-2019 00:00,14840.08826
7532,Tikamgarh,8,23,Madhya Pradesh,12-01-2019 00:00,14837.85867
7533,Narsimhapur,40,23,Madhya Pradesh,12-01-2019 00:00,14872.25589
7534,Neemuch,18,23,Madhya Pradesh,12-01-2019 00:00,14853.15813
7535,Panna,10,23,Madhya Pradesh,12-01-2019 00:00,14809.85128
7536,Raisen,34,23,Madhya Pradesh,12-01-2019 00:00,14898.18406
7537,Rajgarh,30,23,Madhya Pradesh,12-01-2019 00:00,14860.77766
7538,Satna,13,23,Madhya Pradesh,12-01-2019 00:00,14766.9773
7539,Sehore,33,23,Madhya Pradesh,12-01-2019 00:00,14867.88813
7540,Seoni,44,23,Madhya Pradesh,12-01-2019 00:00,14920.05878
7541,Bhind,3,23,Madhya Pradesh,12-01-2019 00:00,14774.88615
7542,Bhopal,32,23,Madhya Pradesh,12-01-2019 00:00,14833.69889
7543,Barwani,28,23,Madhya Pradesh,12-01-2019 00:00,15131.80735
7544,Betul,35,23,Madhya Pradesh,12-01-2019 00:00,14952.90857
7545,Balaghat,45,23,Madhya Pradesh,12-01-2019 00:00,14839.05903
7546,Chhatarpur,9,23,Madhya Pradesh,12-01-2019 00:00,14840.48072
7547,Chhindwara,43,23,Madhya Pradesh,12-01-2019 00:00,14923.93857
7548,Dewas,23,23,Madhya Pradesh,12-01-2019 00:00,14894.59643
7549,Katni,38,23,Madhya Pradesh,12-01-2019 00:00,14774.55207
7550,Datia,5,23,Madhya Pradesh,12-01-2019 00:00,14872.03974
7551,Damoh,12,23,Madhya Pradesh,12-01-2019 00:00,14850.5244
7552,Dhar,25,23,Madhya Pradesh,12-01-2019 00:00,14985.52123
7553,East Nimar,29,23,Madhya Pradesh,12-01-2019 00:00,14995.86251
7554,Guna,7,23,Madhya Pradesh,12-01-2019 00:00,14835.97207
7555,Gwalior,4,23,Madhya Pradesh,12-01-2019 00:00,14835.26818
7556,Harda,36,23,Madhya Pradesh,12-01-2019 00:00,14905.91208
7557,Sabar Kantha,5,24,Gujarat,12-01-2019 00:00,14923.88056
7558,Surendranagar,8,24,Gujarat,12-01-2019 00:00,15048.35179
7559,The Dangs,23,24,Gujarat,12-01-2019 00:00,15023.45622
7560,Vadodara,19,24,Gujarat,12-01-2019 00:00,15014.63637
7561,Valsad,25,24,Gujarat,12-01-2019 00:00,15103.34035
7562,Bharuch,21,24,Gujarat,12-01-2019 00:00,15072.86584
7563,Surat,22,24,Gujarat,12-01-2019 00:00,15074.27546
7564,Jamnagar,10,24,Gujarat,12-01-2019 00:00,15076.50305
7565,Kheda,16,24,Gujarat,12-01-2019 00:00,14978.71887
7566,Mahesana,4,24,Gujarat,12-01-2019 00:00,14991.23074
7567,Narmada,20,24,Gujarat,12-01-2019 00:00,15039.62505
7568,Navsari,24,24,Gujarat,12-01-2019 00:00,15088.30079
7569,Panch Mahals,17,24,Gujarat,12-01-2019 00:00,14948.16683
7570,Patan,3,24,Gujarat,12-01-2019 00:00,15024.7411
7571,Porbandar,11,24,Gujarat,12-01-2019 00:00,15098.04226
7572,Rajkot,9,24,Gujarat,12-01-2019 00:00,15056.94969
7573,Anand,15,24,Gujarat,12-01-2019 00:00,15041.04155
7574,Ahmadabad,7,24,Gujarat,12-01-2019 00:00,15077.83953
7575,Amreli,13,24,Gujarat,12-01-2019 00:00,15108.98263
7576,Bhavnagar,14,24,Gujarat,12-01-2019 00:00,15100.01026
7577,Banas Kantha,2,24,Gujarat,12-01-2019 00:00,14953.07923
7578,Dohad,18,24,Gujarat,12-01-2019 00:00,14945.8206
7579,Junagadh,12,24,Gujarat,12-01-2019 00:00,15075.45258
7580,Kachchh,1,24,Gujarat,12-01-2019 00:00,15054.45478
7581,Gandhinagar,6,24,Gujarat,12-01-2019 00:00,14996.89793
7582,Daman,2,25,Daman & Diu,12-01-2019 00:00,15095.31959
7583,Diu,1,25,Daman & Diu,12-01-2019 00:00,15008.60555
7584,Ratnagiri,32,27,Maharashtra,12-01-2019 00:00,15146.88223
7585,Raigarh,24,27,Maharashtra,12-01-2019 00:00,15143.97807
7586,Thane,21,27,Maharashtra,12-01-2019 00:00,15133.81259
7587,Solapur,30,27,Maharashtra,12-01-2019 00:00,15229.89025
7588,Sindhudurg,33,27,Maharashtra,12-01-2019 00:00,15179.81784
7589,Wardha,8,27,Maharashtra,12-01-2019 00:00,15072.3464
7590,Washim,6,27,Maharashtra,12-01-2019 00:00,15071.69879
7591,Yavatmal,14,27,Maharashtra,12-01-2019 00:00,15067.55981
7592,Hingoli,16,27,Maharashtra,12-01-2019 00:00,15114.05929
7593,Jalgaon,3,27,Maharashtra,12-01-2019 00:00,15096.98192
7594,Jalna,18,27,Maharashtra,12-01-2019 00:00,15108.90356
7595,Kolhapur,34,27,Maharashtra,12-01-2019 00:00,15105.64555
7596,Latur,28,27,Maharashtra,12-01-2019 00:00,15167.23475
7597,Pune,25,27,Maharashtra,12-01-2019 00:00,15110.10691
7598,Nagpur,9,27,Maharashtra,12-01-2019 00:00,14974.46575
7599,Mumbai,23,27,Maharashtra,12-01-2019 00:00,15159.85158
7600,Mumbai (Suburban),22,27,Maharashtra,12-01-2019 00:00,15146.39599
7601,Nanded,15,27,Maharashtra,12-01-2019 00:00,15110.69425
7602,Nandurbar,1,27,Maharashtra,12-01-2019 00:00,15108.41206
7603,Nashik,20,27,Maharashtra,12-01-2019 00:00,15119.63728
7604,Osmanabad,29,27,Maharashtra,12-01-2019 00:00,15217.16067
7605,Parbhani,17,27,Maharashtra,12-01-2019 00:00,15146.24318
7606,Sangli,35,27,Maharashtra,12-01-2019 00:00,15233.65843
7607,Satara,31,27,Maharashtra,12-01-2019 00:00,15139.06359
7608,Aurangabad,19,27,Maharashtra,12-01-2019 00:00,15102.29876
7609,Ahmadnagar,26,27,Maharashtra,12-01-2019 00:00,15153.07668
7610,Akola,5,27,Maharashtra,12-01-2019 00:00,15080.22423
7611,Amravati,7,27,Maharashtra,12-01-2019 00:00,15025.43522
7612,Bid,27,27,Maharashtra,12-01-2019 00:00,15156.94693
7613,Bhandara,10,27,Maharashtra,12-01-2019 00:00,14942.99662
7614,Buldana,4,27,Maharashtra,12-01-2019 00:00,15068.34038
7615,Chandrapur,13,27,Maharashtra,12-01-2019 00:00,15004.16982
7616,Dhule,2,27,Maharashtra,12-01-2019 00:00,15151.92236
7617,Gadchiroli,12,27,Maharashtra,12-01-2019 00:00,14929.5995
7618,Gondiya,11,27,Maharashtra,12-01-2019 00:00,14911.03732
7619,Rangareddi,6,28,Andhra Pradesh,12-01-2019 00:00,15107.51308
7620,Srikakulam,11,28,Andhra Pradesh,12-01-2019 00:00,15066.72301
7621,West Godavari,15,28,Andhra Pradesh,12-01-2019 00:00,15074.19429
7622,Visakhapatnam,13,28,Andhra Pradesh,12-01-2019 00:00,14957.41753
7623,Vizianagaram,12,28,Andhra Pradesh,12-01-2019 00:00,15040.85325
7624,Warangal,9,28,Andhra Pradesh,12-01-2019 00:00,15053.89632
7625,Hyderabad,5,28,Andhra Pradesh,12-01-2019 00:00,15057.80628
7626,Khammam,10,28,Andhra Pradesh,12-01-2019 00:00,15041.63975
7627,Medak,4,28,Andhra Pradesh,12-01-2019 00:00,15112.59125
7628,Krishna,16,28,Andhra Pradesh,12-01-2019 00:00,15086.79801
7629,Kurnool,21,28,Andhra Pradesh,12-01-2019 00:00,15150.59507
7630,Mahbubnagar,7,28,Andhra Pradesh,12-01-2019 00:00,15151.70345
7631,Nalgonda,8,28,Andhra Pradesh,12-01-2019 00:00,15121.36558
7632,Nellore,19,28,Andhra Pradesh,12-01-2019 00:00,14990.89208
7633,Nizamabad,2,28,Andhra Pradesh,12-01-2019 00:00,15089.37053
7634,Prakasam,18,28,Andhra Pradesh,12-01-2019 00:00,15045.00726
7635,Anantapur,22,28,Andhra Pradesh,12-01-2019 00:00,15178.30833
7636,Adilabad,1,28,Andhra Pradesh,12-01-2019 00:00,15038.68424
7637,Chittoor,23,28,Andhra Pradesh,12-01-2019 00:00,15025.98982
7638,Cuddapah,20,28,Andhra Pradesh,12-01-2019 00:00,15061.42842
7639,East Godavari,14,28,Andhra Pradesh,12-01-2019 00:00,15005.25322
7640,Karimnagar,3,28,Andhra Pradesh,12-01-2019 00:00,15076.73734
7641,Guntur,17,28,Andhra Pradesh,12-01-2019 00:00,15101.7492
7642,Shimoga,15,29,Karnataka,12-01-2019 00:00,15016.45307
7643,Tumkur,18,29,Karnataka,12-01-2019 00:00,15108.83474
7644,Udupi,16,29,Karnataka,12-01-2019 00:00,15133.43353
7645,Uttara Kannada,10,29,Karnataka,12-01-2019 00:00,14982.96028
7646,Hassan,23,29,Karnataka,12-01-2019 00:00,15021.06087
7647,Haveri,11,29,Karnataka,12-01-2019 00:00,15225.69596
7648,Kodagu,25,29,Karnataka,12-01-2019 00:00,14903.64342
7649,Kolar,19,29,Karnataka,12-01-2019 00:00,15109.77705
7650,Mandya,22,29,Karnataka,12-01-2019 00:00,15059.82878
7651,Koppal,7,29,Karnataka,12-01-2019 00:00,15206.85363
7652,Mysore,26,29,Karnataka,12-01-2019 00:00,15070.81104
7653,Raichur,6,29,Karnataka,12-01-2019 00:00,15183.39967
7654,Bagalkot,2,29,Karnataka,12-01-2019 00:00,15209.60626
7655,Bangalore,20,29,Karnataka,12-01-2019 00:00,15064.70476
7656,Bidar,5,29,Karnataka,12-01-2019 00:00,15132.94507
7657,Bijapur,3,29,Karnataka,12-01-2019 00:00,15265.15078
7658,Belgaum,1,29,Karnataka,12-01-2019 00:00,15178.04866
7659,Bellary,12,29,Karnataka,12-01-2019 00:00,15162.52614
7660,Bangalore Rural,21,29,Karnataka,12-01-2019 00:00,15071.33992
7661,Chamarajanagar,27,29,Karnataka,12-01-2019 00:00,15032.37103
7662,Chikmagalur,17,29,Karnataka,12-01-2019 00:00,14949.86143
7663,Chitradurga,13,29,Karnataka,12-01-2019 00:00,15196.18165
7664,Dakshina Kannada,24,29,Karnataka,12-01-2019 00:00,15082.31831
7665,Davanagere,14,29,Karnataka,12-01-2019 00:00,15185.7974
7666,Dharwad,9,29,Karnataka,12-01-2019 00:00,15234.59331
7667,Gulbarga,4,29,Karnataka,12-01-2019 00:00,15196.64235
7668,Gadag,8,29,Karnataka,12-01-2019 00:00,15292.38017
7669,South Goa,2,30,Goa,12-01-2019 00:00,15095.47212
7670,North Goa,1,30,Goa,12-01-2019 00:00,15151.36512
7671,Thrissur,7,32,Kerala,12-01-2019 00:00,15102.50681
7672,Thiruvananthapuram,14,32,Kerala,12-01-2019 00:00,15127.9892
7673,Wayanad,3,32,Kerala,12-01-2019 00:00,14908.0476
7674,Idukki,9,32,Kerala,12-01-2019 00:00,14908.37721
7675,Kollam,13,32,Kerala,12-01-2019 00:00,15101.25572
7676,Kottayam,10,32,Kerala,12-01-2019 00:00,15155.15687
7677,Kozhikode,4,32,Kerala,12-01-2019 00:00,15074.34027
7678,Malappuram,5,32,Kerala,12-01-2019 00:00,15095.89989
7679,Palakkad,6,32,Kerala,12-01-2019 00:00,15021.88697
7680,Pathanamthitta,12,32,Kerala,12-01-2019 00:00,15053.40761
7681,Alappuzha,11,32,Kerala,12-01-2019 00:00,15155.10392
7682,Kasaragod,1,32,Kerala,12-01-2019 00:00,15118.63815
7683,Kannur,2,32,Kerala,12-01-2019 00:00,15122.45718
7684,Ernakulam,8,32,Kerala,12-01-2019 00:00,15160.83178
7685,Sivaganga,23,33,Tamil Nadu,12-01-2019 00:00,14980.47597
7686,Tiruchirappalli,15,33,Tamil Nadu,12-01-2019 00:00,15035.47319
7687,Tirunelveli,29,33,Tamil Nadu,12-01-2019 00:00,15000.32634
7688,Tiruvannamalai,6,33,Tamil Nadu,12-01-2019 00:00,14989.0775
7689,Thoothukkudi,28,33,Tamil Nadu,12-01-2019 00:00,15019.9799
7690,Theni,25,33,Tamil Nadu,12-01-2019 00:00,15006.6487
7691,Vellore,4,33,Tamil Nadu,12-01-2019 00:00,15008.17544
7692,Viluppuram,7,33,Tamil Nadu,12-01-2019 00:00,15005.4674
7693,Virudhunagar,26,33,Tamil Nadu,12-01-2019 00:00,15077.82014
7694,Chennai,2,33,Tamil Nadu,12-01-2019 00:00,15158.23313
7695,Kancheepuram,3,33,Tamil Nadu,12-01-2019 00:00,15032.98307
7696,Thiruvallur,1,33,Tamil Nadu,12-01-2019 00:00,15027.79602
7697,Thanjavur,21,33,Tamil Nadu,12-01-2019 00:00,14991.51975
7698,Thiruvarur,20,33,Tamil Nadu,12-01-2019 00:00,14966.61721
7699,Nagapattinam,19,33,Tamil Nadu,12-01-2019 00:00,14960.76013
7700,Kanniyakumari,30,33,Tamil Nadu,12-01-2019 00:00,15063.7813
7701,Karur,14,33,Tamil Nadu,12-01-2019 00:00,15100.04366
7702,Madurai,24,33,Tamil Nadu,12-01-2019 00:00,15064.68211
7703,Namakkal,9,33,Tamil Nadu,12-01-2019 00:00,15143.31129
7704,The Nilgiris,11,33,Tamil Nadu,12-01-2019 00:00,14802.68283
7705,Perambalur,16,33,Tamil Nadu,12-01-2019 00:00,15028.44905
7706,Pudukkottai,22,33,Tamil Nadu,12-01-2019 00:00,14992.66575
7707,Ramanathapuram,27,33,Tamil Nadu,12-01-2019 00:00,14961.73201
7708,Salem,8,33,Tamil Nadu,12-01-2019 00:00,15045.82125
7709,Ariyalur,17,33,Tamil Nadu,12-01-2019 00:00,15023.54541
7710,Coimbatore,12,33,Tamil Nadu,12-01-2019 00:00,15047.14688
7711,Cuddalore,18,33,Tamil Nadu,12-01-2019 00:00,15007.42116
7712,Dharmapuri,5,33,Tamil Nadu,12-01-2019 00:00,15005.35588
7713,Dindigul,13,33,Tamil Nadu,12-01-2019 00:00,14975.81111
7714,Erode,10,33,Tamil Nadu,12-01-2019 00:00,15064.2147
7715,Yanam,1,34,Puducherry,12-01-2019 00:00,14997.20141
7716,Karaikal,4,34,Puducherry,12-01-2019 00:00,15006.40553
7717,Mahe,3,34,Puducherry,12-01-2019 00:00,15139.70086
7718,Pondicherry,2,34,Puducherry,12-01-2019 00:00,15001.40054
7719,Nicobars,2,35,Andaman & Nicobar Island,12-01-2019 00:00,14896.11822
7720,Andamans,1,35,Andaman & Nicobar Island,12-01-2019 00:00,14967.65009
